7.73488
7.73487
7.73483
7.73477
7.73470
7.73460
7.73449
7.73436
7.73422
7.73407
7.73392
7.73375
7.73358
7.73341
7.73323
7.73305
7.73287
7.73269
7.73251
7.73234
7.73218
7.73202
7.73186
7.73172
7.73158
7.73145
7.73134
7.73124
7.73115
7.73107
7.73101
7.73096
7.73093
7.73092
7.73092
7.73094
7.73098
7.73104
7.73112
7.73123
7.73135
7.73149
7.73165
7.73184
7.73205
7.73228
7.73254
7.73282
7.73313
7.73345
7.73381
7.73419
7.73459
7.73502
7.73548
7.73596
7.73647
7.73701
7.73757
7.73816
7.73877
7.73942
7.74009
7.74079
7.74151
7.74227
7.74305
7.74386
7.74469
7.74556
7.74645
7.74737
7.74832
7.74929
7.75029
7.75133
7.75239
7.75347
7.75459
7.75573
7.75690
7.75810
7.75932
7.76058
7.76186
7.76317
7.76450
7.76586
7.76725
7.76867
7.77012
7.77159
7.77308
7.77461
7.77616
7.77773
7.77934
7.78096
7.78262
7.78430
7.78601
7.78774
7.78950
7.79128
7.79309
7.79492
7.79677
7.79866
7.80056
7.80249
7.80445
7.80643
7.80843
7.81045
7.81250
7.81458
7.81667
7.81879
7.82093
7.82310
7.82528
7.82749
7.82972
7.83198
7.83425
7.83655
7.83887
7.84121
7.84357
7.84595
7.84835
7.85077
7.85321
7.85567
7.85816
7.86066
7.86318
7.86572
7.86828
7.87086
7.87346
7.87608
7.87872
7.88137
7.88404
7.88673
7.88944
7.89217
7.89491
7.89767
7.90045
7.90325
7.90606
7.90889
7.91173
7.91460
7.91747
7.92037
7.92328
7.92620
7.92915
7.93210
7.93507
7.93806
7.94106
7.94408
7.94711
7.95016
7.95322
7.95629
7.95938
7.96248
7.96560
7.96873
7.97187
7.97503
7.97820
7.98138
7.98458
7.98778
7.99100
7.99424
7.99748
8.00074
8.00401
8.00729
8.01059
8.01389
8.01721
8.02054
8.02387
8.02723
8.03059
8.03396
8.03734
8.04074
8.04414
8.04755
8.05098
8.05441
8.05786
8.06131
8.06478
8.06825
8.07174
8.07523
8.07873
8.08225
8.08577
8.08930
8.09284
8.09639
8.09994
8.10351
8.10708
8.11066
8.11426
8.11785
8.12146
8.12508
8.12870
8.13233
8.13597
8.13962
8.14327
8.14693
8.15060
8.15428
8.15796
8.16165
8.16535
8.16905
8.17277
8.17648
8.18021
8.18394
8.18768
8.19142
8.19518
8.19893
8.20270
8.20647
8.21024
8.21402
8.21781
8.22161
8.22541
8.22921
8.23302
8.23684
8.24066
8.24449
8.24832
8.25216
8.25601
8.25985
8.26371
8.26757
8.27143
8.27530
8.27918
8.28305
8.28694
8.29083
8.29472
8.29862
8.30252
8.30643
8.31034
8.31425
8.31817
8.32210
8.32603
8.32996
8.33389
8.33784
8.34178
8.34573
8.34968
8.35364
8.35760
8.36156
8.36553
8.36950
8.37348
8.37746
8.38144
8.38543
8.38942
8.39341
8.39741
8.40141
8.40541
8.40941
8.41342
8.41744
8.42145
8.42547
8.42949
8.43352
8.43755
8.44158
8.44561
8.44965
8.45369
8.45773
8.46178
8.46583
8.46988
8.47393
8.47799
8.48205
8.48611
8.49017
8.49424
8.49831
8.50238
8.50645
8.51053
8.51461
8.51869
8.52278
8.52686
8.53095
8.53504
8.53913
8.54323
8.54733
8.55143
8.55553
8.55963
8.56374
8.56784
8.57195
8.57607
8.58018
8.58430
8.58841
8.59253
8.59665
8.60078
8.60490
8.60903
8.61316
8.61729
8.62142
8.62556
8.62969
8.63383
8.63797
8.64211
8.64626
8.65040
8.65455
8.65869
8.66284
8.66699
8.67115
8.67530
8.67946
8.68361
8.68777
8.69193
8.69609
8.70026
8.70442
8.70859
8.71275
8.71692
8.72109
8.72526
8.72943
8.73361
8.73778
8.74196
8.74614
8.75032
8.75450
8.75868
8.76286
8.76705
8.77123
8.77542
8.77961
8.78379
8.78798
8.79218
8.79637
8.80056
8.80476
8.80895
8.81315
8.81735
8.82154
8.82574
8.82995
8.83415
8.83835
8.84255
8.84676
8.85097
8.85517
8.85938
8.86359
8.86780
8.87201
8.87622
8.88044
8.88465
8.88887
8.89308
8.89730
8.90152
8.90573
8.90995
8.91417
8.91839
8.92262
8.92684
8.93106
8.93529
8.93951
8.94374
8.94797
8.95219
8.95642
8.96065
8.96488
8.96911
8.97335
8.97758
8.98181
8.98605
8.99028
8.99452
8.99875
9.00299
9.00723
9.01147
9.01571
9.01995
9.02419
9.02843
9.03267
9.03691
9.04116
9.04540
9.04965
9.05389
9.05814
9.06239
9.06663
9.07088
9.07513
9.07938
9.08363
9.08788
9.09214
9.09639
9.10064
9.10489
9.10915
9.11340
9.11766
9.12192
9.12617
9.13043
9.13469
9.13895
9.14321
9.14747
9.15173
9.15599
9.16025
9.16451
9.16877
9.17304
9.17730
9.18157
9.18583
9.19010
9.19436
9.19863
9.20290
9.20716
9.21143
9.21570
9.21997
9.22424
9.22851
9.23278
9.23706
9.24133
9.24560
9.24987
9.25415
9.25842
9.26270
9.26697
9.27125
9.27552
9.27980
9.28408
9.28836
9.29264
9.29692
9.30119
9.30547
9.30976
9.31404
9.31832
9.32260
9.32688
9.33117
9.33545
9.33973
9.34402
9.34830
9.35259
9.35687
9.36116
9.36545
9.36973
9.37402
9.37831
9.38260
9.38689
9.39118
9.39547
9.39976
9.40405
9.40834
9.41263
9.41693
9.42122
9.42551
9.42981
9.43410
9.43840
9.44269
9.44699
9.45128
9.45558
9.45988
9.46418
9.46847
9.47277
9.47707
9.48137
9.48567
9.48997
9.49427
9.49857
9.50287
9.50718
9.51148
9.51578
9.52008
9.52439
9.52869
9.53300
9.53730
9.54161
9.54591
9.55022
9.55453
9.55883
9.56314
9.56745
9.57176
9.57607
9.58038
9.58469
9.58900
9.59331
9.59762
9.60193
9.60624
9.61055
9.61487
9.61918
9.62349
9.62781
9.63212
9.63644
9.64075
9.64507
9.64938
9.65370
9.65802
9.66233
9.66665
9.67097
9.67529
9.67961
9.68393
9.68825
9.69257
9.69689
9.70121
9.70553
9.70985
9.71417
9.71850
9.72282
9.72714
9.73147
9.73579
9.74012
9.74444
9.74877
9.75309
9.75742
9.76175
9.76607
9.77040
9.77473
9.77906
9.78339
9.78772
9.79204
9.79637
9.80070
9.80504
9.80937
9.81370
9.81803
9.82236
9.82670
9.83103
9.83536
9.83970
9.84403
9.84837
9.85270
9.85704
9.86137
9.86571
9.87005
9.87438
9.87872
9.88306
9.88740
9.89173
9.89607
9.90041
9.90475
9.90909
9.91343
9.91778
9.92212
9.92646
9.93080
9.93514
9.93949
9.94383
9.94817
9.95252
9.95686
9.96121
9.96555
9.96990
9.97425
9.97859
9.98294
9.98729
9.99163
9.99598
10.00033
10.00468
10.00903
10.01338
10.01773
10.02208
10.02643
10.03078
10.03513
10.03949
10.04384
10.04819
10.05255
10.05690
10.06125
10.06561
10.06996
10.07432
10.07867
10.08303
10.08739
10.09174
10.09610
10.10046
10.10482
10.10917
10.11353
10.11789
10.12225
10.12661
10.13097
10.13533
10.13969
10.14406
10.14842
10.15278
10.15714
10.16151
10.16587
10.17023
10.17460
10.17896
10.18333
10.18769
10.19206
10.19642
10.20079
10.20516
10.20952
10.21389
10.21826
10.22263
10.22700
10.23137
10.23574
10.24011
10.24448
10.24885
10.25322
10.25759
10.26196
10.26634
10.27071
10.27508
10.27946
10.28383
10.28820
10.29258
10.29695
10.30133
10.30571
10.31008
10.31446
10.31884
10.32321
10.32759
10.33197
10.33635
10.34073
10.34511
10.34949
10.35387
10.35825
10.36263
10.36701
10.37139
10.37577
10.38016
10.38454
10.38892
10.39331
10.39769
10.40207
10.40646
10.41084
10.41523
10.41962
10.42400
10.42839
10.43278
10.43716
10.44155
10.44594
10.45033
10.45472
10.45911
10.46350
10.46789
10.47228
10.47667
10.48106
10.48545
10.48985
10.49424
10.49863
10.50303
10.50742
10.51181
10.51621
10.52060
10.52500
10.52940
10.53379
10.53819
10.54259
10.54698
10.55138
10.55578
10.56018
10.56458
10.56898
10.57338
10.57778
10.58218
10.58658
10.59098
10.59538
10.59978
10.60418
10.60859
10.61299
10.61739
10.62180
10.62620
10.63061
10.63501
10.63942
10.64382
10.64823
10.65264
10.65705
10.66145
10.66586
10.67027
10.67468
10.67909
10.68350
10.68791
10.69232
10.69673
10.70114
10.70555
10.70996
10.71437
10.71879
10.72320
10.72761
10.73203
10.73644
10.74086
10.74527
10.74969
10.75410
10.75852
10.76294
10.76735
10.77177
10.77619
10.78061
10.78502
10.78944
10.79386
10.79828
10.80270
10.80712
10.81154
10.81597
10.82039
10.82481
10.82923
10.83366
10.83808
10.84250
10.84693
10.85135
10.85578
10.86020
10.86463
10.86905
10.87348
10.87791
10.88233
10.88676
10.89119
10.89562
10.90005
10.90448
10.90891
10.91334
10.91777
10.92220
10.92663
10.93106
10.93549
10.93992
10.94436
10.94879
10.95322
10.95766
10.96209
10.96653
10.97096
10.97540
10.97983
10.98427
10.98871
10.99314
10.99758
11.00202
11.00646
11.01090
11.01534
11.01978
11.02422
11.02866
11.03310
11.03754
11.04198
11.04642
11.05086
11.05531
11.05975
11.06419
11.06864
11.07308
11.07753
11.08197
11.08642
11.09086
11.09531
11.09976
11.10420
11.10865
11.11310
11.11755
11.12199
11.12644
11.13089
11.13534
11.13979
11.14424
11.14870
11.15315
11.15760
11.16205
11.16650
11.17096
11.17541
11.17986
11.18432
11.18877
11.19323
11.19768
11.20214
11.20660
11.21105
11.21551
11.21997
11.22442
11.22888
11.23334
11.23780
11.24226
11.24672
11.25118
11.25564
11.26010
11.26456
11.26903
11.27349
11.27795
11.28241
11.28688
11.29134
11.29581
11.30027
11.30474
11.30920
11.31367
11.31813
11.32260
11.32707
11.33153
11.33600
11.34047
11.34494
11.34941
11.35388
11.35835
11.36282
11.36729
11.37176
11.37623
11.38070
11.38518
11.38965
11.39412
11.39860
11.40307
11.40754
11.41202
11.41649
11.42097
11.42544
11.42992
11.43440
11.43888
11.44335
11.44783
11.45231
11.45679
11.46127
11.46575
11.47023
11.47471
11.47919
11.48367
11.48815
11.49263
11.49711
11.50160
11.50608
11.51056
11.51505
11.51953
11.52402
11.52850
11.53299
11.53747
11.54196
11.54645
11.55094
11.55542
11.55991
11.56440
11.56889
11.57338
11.57787
11.58236
11.58685
11.59134
11.59583
11.60032
11.60481
11.60931
11.61380
11.61829
11.62279
11.62728
11.63178
11.63627
11.64077
11.64526
11.64976
11.65425
11.65875
11.66325
11.66775
11.67225
11.67674
11.68124
11.68574
11.69024
11.69474
11.69924
11.70374
11.70825
11.71275
11.71725
11.72175
11.72626
11.73076
11.73526
11.73977
11.74427
11.74878
11.75328
11.75779
11.76230
11.76680
11.77131
11.77582
11.78033
11.78483
11.78934
11.79385
11.79836
11.80287
11.80738
11.81189
11.81640
11.82092
11.82543
11.82994
11.83445
11.83897
11.84348
11.84799
11.85251
11.85702
11.86154
11.86606
11.87057
11.87509
11.87961
11.88412
11.88864
11.89316
11.89768
11.90220
11.90672
11.91124
11.91576
11.92028
11.92480
11.92932
11.93384
11.93836
11.94289
11.94741
11.95193
11.95646
11.96098
11.96551
11.97003
11.97456
11.97908
11.98361
11.98814
11.99266
11.99719
12.00172
12.00625
12.01078
12.01531
12.01984
12.02437
12.02890
12.03343
12.03796
12.04249
12.04702
12.05156
12.05609
12.06062
12.06516
12.06969
12.07423
12.07876
12.08330
12.08783
12.09237
12.09691
12.10144
12.10598
12.11052
12.11506
12.11960
12.12414
12.12868
12.13322
12.13776
12.14230
12.14684
12.15138
12.15592
12.16047
12.16501
12.16955
12.17410
12.17864
12.18319
12.18773
12.19228
12.19682
12.20137
12.20592
12.21046
12.21501
12.21956
12.22411
12.22866
12.23320
12.23775
12.24230
12.24685
12.25141
12.25596
12.26051
12.26506
12.26961
12.27417
12.27872
12.28327
12.28783
12.29238
12.29694
12.30149
12.30605
12.31061
12.31516
12.31972
12.32428
12.32884
12.33339
12.33795
12.34251
12.34707
12.35163
12.35619
12.36075
12.36531
12.36988
12.37444
12.37900
12.38356
12.38813
12.39269
12.39726
12.40182
12.40639
12.41095
12.41552
12.42008
12.42465
12.42922
12.43379
12.43835
12.44292
12.44749
12.45206
12.45663
12.46120
12.46577
12.47034
12.47491
12.47948
12.48406
12.48863
12.49320
12.49778
12.50235
12.50692
12.51150
12.51607
12.52065
12.52523
12.52980
12.53438
12.53896
12.54353
12.54811
12.55269
12.55727
12.56185
12.56643
12.57101
12.57559
12.58017
12.58475
12.58934
12.59392
12.59850
12.60308
12.60767
12.61225
12.61684
12.62142
12.62601
12.63059
12.63518
12.63976
12.64435
12.64894
12.65353
12.65812
12.66270
12.66729
12.67188
12.67647
12.68106
12.68565
12.69025
12.69484
12.69943
12.70402
12.70861
12.71321
12.71780
12.72240
12.72699
12.73159
12.73618
12.74078
12.74537
12.74997
12.75457
12.75916
12.76376
12.76836
12.77296
12.77756
12.78216
12.78676
12.79136
12.79596
12.80056
12.80516
12.80977
12.81437
12.81897
12.82358
12.82818
12.83278
12.83739
12.84199
12.84660
12.85121
12.85581
12.86042
12.86503
12.86963
12.87424
12.87885
12.88346
12.88807
12.89268
12.89729
12.90190
12.90651
12.91112
12.91574
12.92035
12.92496
12.92958
12.93419
12.93880
12.94342
12.94803
12.95265
12.95726
12.96188
12.96650
12.97112
12.97573
12.98035
12.98497
12.98959
12.99421
12.99883
13.00345
13.00807
13.01269
13.01731
13.02193
13.02656
13.03118
13.03580
13.04043
13.04505
13.04967
13.05430
13.05892
13.06355
13.06818
13.07280
13.07743
13.08206
13.08669
13.09131
13.09594
13.10057
13.10520
13.10983
13.11446
13.11909
13.12372
13.12836
13.13299
13.13762
13.14225
13.14689
13.15152
13.15616
13.16079
13.16543
13.17006
13.17470
13.17934
13.18397
13.18861
13.19325
13.19789
13.20252
13.20716
13.21180
13.21644
13.22108
13.22572
13.23037
13.23501
13.23965
13.24429
13.24894
13.25358
13.25822
13.26287
13.26751
13.27216
13.27680
13.28145
13.28610
13.29074
13.29539
13.30004
13.30469
13.30933
13.31398
13.31863
13.32328
13.32793
13.33259
13.33724
13.34189
13.34654
13.35119
13.35585
13.36050
13.36515
13.36981
13.37446
13.37912
13.38377
13.38843
13.39309
13.39774
13.40240
13.40706
13.41172
13.41638
13.42103
13.42569
13.43035
13.43501
13.43968
13.44434
13.44900
13.45366
13.45832
13.46299
13.46765
13.47231
13.47698
13.48164
13.48631
13.49097
13.49564
13.50031
13.50497
13.50964
13.51431
13.51898
13.52365
13.52831
13.53298
13.53765
13.54233
13.54700
13.55167
13.55634
13.56101
13.56568
13.57036
13.57503
13.57970
13.58438
13.58905
13.59373
13.59841
13.60308
13.60776
13.61244
13.61711
13.62179
13.62647
13.63115
13.63583
13.64051
13.64519
13.64987
13.65455
13.65923
13.66391
13.66859
13.67328
13.67796
13.68264
13.68733
13.69201
13.69670
13.70138
13.70607
13.71076
13.71544
13.72013
13.72482
13.72951
13.73419
13.73888
13.74357
13.74826
13.75295
13.75764
13.76233
13.76703
13.77172
13.77641
13.78110
13.78580
13.79049
13.79518
13.79988
13.80457
13.80927
13.81397
13.81866
13.82336
13.82806
13.83275
13.83745
13.84215
13.84685
13.85155
13.85625
13.86095
13.86565
13.87035
13.87506
13.87976
13.88446
13.88916
13.89387
13.89857
13.90328
13.90798
13.91269
13.91739
13.92210
13.92680
13.93151
13.93622
13.94093
13.94564
13.95034
13.95505
13.95976
13.96447
13.96918
13.97390
13.97861
13.98332
13.98803
13.99274
13.99746
14.00217
14.00689
14.01160
14.01632
14.02103
14.02575
14.03046
14.03518
14.03990
14.04462
14.04933
14.05405
14.05877
14.06349
14.06821
14.07293
14.07765
14.08237
14.08710
14.09182
14.09654
14.10127
14.10599
14.11071
14.11544
14.12016
14.12489
14.12961
14.13434
14.13907
14.14379
14.14852
14.15325
14.15798
14.16271
14.16744
14.17217
14.17690
14.18163
14.18636
14.19109
14.19582
14.20056
14.20529
14.21002
14.21476
14.21949
14.22423
14.22896
14.23370
14.23843
14.24317
14.24791
14.25264
14.25738
14.26212
14.26686
14.27160
14.27634
14.28108
14.28582
14.29056
14.29530
14.30004
14.30479
14.30953
14.31427
14.31902
14.32376
14.32851
14.33325
14.33800
14.34274
14.34749
14.35224
14.35698
14.36173
14.36648
14.37123
14.37598
14.38073
14.38548
14.39023
14.39498
14.39973
14.40448
14.40924
14.41399
14.41874
14.42350
14.42825
14.43301
14.43776
14.44252
14.44727
14.45203
14.45679
14.46154
14.46630
14.47106
14.47582
14.48058
14.48534
14.49010
14.49486
14.49962
14.50438
14.50914
14.51391
14.51867
14.52343
14.52820
14.53296
14.53772
14.54249
14.54726
14.55202
14.55679
14.56156
14.56632
14.57109
14.57586
14.58063
14.58540
14.59017
14.59494
14.59971
14.60448
14.60925
14.61402
14.61880
14.62357
14.62834
14.63312
14.63789
14.64266
14.64744
14.65222
14.65699
14.66177
14.66655
14.67132
14.67610
14.68088
14.68566
14.69044
14.69522
14.70000
14.70478
14.70956
14.71434
14.71912
14.72391
14.72869
14.73347
14.73826
14.74304
14.74783
14.75261
14.75740
14.76218
14.76697
14.77176
14.77654
14.78133
14.78612
14.79091
14.79570
14.80049
14.80528
14.81007
14.81486
14.81965
14.82445
14.82924
14.83403
14.83882
14.84362
14.84841
14.85321
14.85800
14.86280
14.86760
14.87239
14.87719
14.88199
14.88679
14.89158
14.89638
14.90118
14.90598
14.91078
14.91558
14.92039
14.92519
14.92999
14.93479
14.93960
14.94440
14.94920
14.95401
14.95881
14.96362
14.96843
14.97323
14.97804
14.98285
14.98766
14.99246
14.99727
15.00208
15.00689
15.01170
15.01651
15.02132
15.02614
15.03095
15.03576
15.04057
15.04539
15.05020
15.05501
15.05983
15.06464
15.06946
15.07428
15.07909
15.08391
15.08873
15.09355
15.09837
15.10318
15.10800
15.11282
15.11764
15.12247
15.12729
15.13211
15.13693
15.14175
15.14658
15.15140
15.15622
15.16105
15.16587
15.17070
15.17553
15.18035
15.18518
15.19001
15.19484
15.19966
15.20449
15.20932
15.21415
15.21898
15.22381
15.22864
15.23348
15.23831
15.24314
15.24797
15.25281
15.25764
15.26248
15.26731
15.27215
15.27698
15.28182
15.28665
15.29149
15.29633
15.30117
15.30601
15.31085
15.31569
15.32053
15.32537
15.33021
15.33505
15.33989
15.34473
15.34958
15.35442
15.35926
15.36411
15.36895
15.37380
15.37864
15.38349
15.38834
15.39318
15.39803
15.40288
15.40773
15.41258
15.41743
15.42228
15.42713
15.43198
15.43683
15.44168
15.44653
15.45139
15.45624
15.46109
15.46595
15.47080
15.47566
15.48051
15.48537
15.49023
15.49508
15.49994
15.50480
15.50966
15.51452
15.51938
15.52424
15.52910
15.53396
15.53882
15.54368
15.54854
15.55340
15.55827
15.56313
15.56800
15.57286
15.57773
15.58259
15.58746
15.59232
15.59719
15.60206
15.60693
15.61179
15.61666
15.62153
15.62640
15.63127
15.63614
15.64101
15.64589
15.65076
15.65563
15.66050
15.66538
15.67025
15.67513
15.68000
15.68488
15.68975
15.69463
15.69951
15.70438
15.70926
15.71414
15.71902
15.72390
15.72878
15.73366
15.73854
15.74342
15.74830
15.75319
15.75807
15.76295
15.76784
15.77272
15.77760
15.78249
15.78738
15.79226
15.79715
15.80203
15.80692
15.81181
15.81670
15.82159
15.82648
15.83137
15.83626
15.84115
15.84604
15.85093
15.85582
15.86072
15.86561
15.87050
15.87540
15.88029
15.88519
15.89008
15.89498
15.89988
15.90477
15.90967
15.91457
15.91947
15.92437
15.92927
15.93417
15.93907
15.94397
15.94887
15.95377
15.95867
15.96358
15.96848
15.97338
15.97829
15.98319
15.98810
15.99300
15.99791
16.00282
16.00772
16.01263
16.01754
16.02245
16.02736
16.03227
16.03718
16.04209
16.04700
16.05191
16.05682
16.06173
16.06665
16.07156
16.07647
16.08139
16.08630
16.09122
16.09614
16.10105
16.10597
16.11089
16.11580
16.12072
16.12564
16.13056
16.13548
16.14040
16.14532
16.15024
16.15516
16.16009
16.16501
16.16993
16.17486
16.17978
16.18470
16.18963
16.19456
16.19948
16.20441
16.20933
16.21426
16.21919
16.22412
16.22905
16.23398
16.23891
16.24384
16.24877
16.25370
16.25863
16.26356
16.26850
16.27343
16.27836
16.28330
16.28823
16.29317
16.29811
16.30304
16.30798
16.31292
16.31785
16.32279
16.32773
16.33267
16.33761
16.34255
16.34749
16.35243
16.35737
16.36232
16.36726
16.37220
16.37714
16.38209
16.38703
16.39198
16.39692
16.40187
16.40682
16.41176
16.41671
16.42166
16.42661
16.43156
16.43651
16.44146
16.44641
16.45136
16.45631
16.46126
16.46621
16.47117
16.47612
16.48107
16.48603
16.49098
16.49594
16.50090
16.50585
16.51081
16.51577
16.52072
16.52568
16.53064
16.53560
16.54056
16.54552
16.55048
16.55544
16.56040
16.56537
16.57033
16.57529
16.58026
16.58522
16.59019
16.59515
16.60012
16.60508
16.61005
16.61502
16.61998
16.62495
16.62992
16.63489
16.63986
16.64483
16.64980
16.65477
16.65974
16.66472
16.66969
16.67466
16.67964
16.68461
16.68958
16.69456
16.69954
16.70451
16.70949
16.71447
16.71944
16.72442
16.72940
16.73438
16.73936
16.74434
16.74932
16.75430
16.75928
16.76426
16.76925
16.77423
16.77921
16.78420
16.78918
16.79417
16.79915
16.80414
16.80913
16.81411
16.81910
16.82409
16.82908
16.83407
16.83906
16.84405
16.84904
16.85403
16.85902
16.86401
16.86900
16.87400
16.87899
16.88398
16.88898
16.89397
16.89897
16.90396
16.90896
16.91396
16.91896
16.92395
16.92895
16.93395
16.93895
16.94395
16.94895
16.95395
16.95895
16.96396
16.96896
16.97396
16.97897
16.98397
16.98897
16.99398
16.99898
17.00399
17.00900
17.01400
17.01901
17.02402
17.02903
17.03404
17.03905
17.04406
17.04907
17.05408
17.05909
17.06410
17.06912
17.07413
17.07914
17.08416
17.08917
17.09419
17.09920
17.10422
17.10923
17.11425
17.11927
17.12429
17.12931
17.13432
17.13934
17.14436
17.14938
17.15441
17.15943
17.16445
17.16947
17.17450
17.17952
17.18454
17.18957
17.19459
17.19962
17.20465
17.20967
17.21470
17.21973
17.22475
17.22978
17.23481
17.23984
17.24487
17.24990
17.25493
17.25997
17.26500
17.27003
17.27506
17.28010
17.28513
17.29017
17.29520
17.30024
17.30528
17.31031
17.31535
17.32039
17.32543
17.33046
17.33550
17.34054
17.34558
17.35063
17.35567
17.36071
17.36575
17.37079
17.37584
17.38088
17.38593
17.39097
17.39602
17.40106
17.40611
17.41116
17.41620
17.42125
17.42630
17.43135
17.43640
17.44145
17.44650
17.45155
17.45660
17.46165
17.46671
17.47176
17.47681
17.48187
17.48692
17.49198
17.49703
17.50209
17.50715
17.51220
17.51726
17.52232
17.52738
17.53244
17.53750
17.54256
17.54762
17.55268
17.55774
17.56280
17.56787
17.57293
17.57799
17.58306
17.58812
17.59319
17.59825
17.60332
17.60839
17.61345
17.61852
17.62359
17.62866
17.63373
17.63880
17.64387
17.64894
17.65401
17.65908
17.66416
17.66923
17.67430
17.67938
17.68445
17.68953
17.69460
17.69968
17.70476
17.70983
17.71491
17.71999
17.72507
17.73015
17.73523
17.74031
17.74539
17.75047
17.75555
17.76063
17.76572
17.77080
17.77588
17.78097
17.78605
17.79114
17.79623
17.80131
17.80640
17.81149
17.81657
17.82166
17.82675
17.83184
17.83693
17.84202
17.84711
17.85221
17.85730
17.86239
17.86748
17.87258
17.87767
17.88277
17.88786
17.89296
17.89805
17.90315
17.90825
17.91335
17.91845
17.92354
17.92864
17.93374
17.93884
17.94395
17.94905
17.95415
17.95925
17.96435
17.96946
17.97456
17.97967
17.98477
17.98988
17.99498
18.00009
18.00520
18.01031
18.01541
18.02052
18.02563
18.03074
18.03585
18.04096
18.04608
18.05119
18.05630
18.06141
18.06653
18.07164
18.07676
18.08187
18.08699
18.09210
18.09722
18.10234
18.10745
18.11257
18.11769
18.12281
18.12793
18.13305
18.13817
18.14329
18.14841
18.15354
18.15866
18.16378
18.16891
18.17403
18.17916
18.18428
18.18941
18.19454
18.19966
18.20479
18.20992
18.21505
18.22018
18.22531
18.23044
18.23557
18.24070
18.24583
18.25096
18.25610
18.26123
18.26636
18.27150
18.27663
18.28177
18.28691
18.29204
18.29718
18.30232
18.30746
18.31259
18.31773
18.32287
18.32801
18.33315
18.33830
18.34344
18.34858
18.35372
18.35887
18.36401
18.36916
18.37430
18.37945
18.38459
18.38974
18.39489
18.40003
18.40518
18.41033
18.41548
18.42063
18.42578
18.43093
18.43608
18.44124
18.44639
18.45154
18.45669
18.46185
18.46700
18.47216
18.47731
18.48247
18.48763
18.49278
18.49794
18.50310
18.50826
18.51342
18.51858
18.52374
18.52890
18.53406
18.53922
18.54439
18.54955
18.55471
18.55988
18.56504
18.57021
18.57537
18.58054
18.58571
18.59087
18.59604
18.60121
18.60638
18.61155
18.61672
18.62189
18.62706
18.63223
18.63741
18.64258
18.64775
18.65293
18.65810
18.66327
18.66845
18.67363
18.67880
18.68398
18.68916
18.69434
18.69951
18.70469
18.70987
18.71505
18.72023
18.72542
18.73060
18.73578
18.74096
18.74615
18.75133
18.75651
18.76170
18.76689
18.77207
18.77726
18.78245
18.78763
18.79282
18.79801
18.80320
18.80839
18.81358
18.81877
18.82396
18.82916
18.83435
18.83954
18.84473
18.84993
18.85512
18.86032
18.86551
18.87071
18.87591
18.88111
18.88630
18.89150
18.89670
18.90190
18.90710
18.91230
18.91750
18.92270
18.92791
18.93311
18.93831
18.94352
18.94872
18.95393
18.95913
18.96434
18.96955
18.97475
18.97996
18.98517
18.99038
18.99559
19.00080
19.00601
19.01122
19.01643
19.02164
19.02685
19.03207
19.03728
19.04250
19.04771
19.05293
19.05814
19.06336
19.06857
19.07379
19.07901
19.08423
19.08945
19.09467
19.09989
19.10511
19.11033
19.11555
19.12077
19.12600
19.13122
19.13644
19.14167
19.14689
19.15212
19.15735
19.16257
19.16780
19.17303
19.17826
19.18349
19.18872
19.19395
19.19918
19.20441
19.20964
19.21487
19.22010
19.22534
19.23057
19.23581
19.24104
19.24628
19.25151
19.25675
19.26199
19.26722
19.27246
19.27770
19.28294
19.28818
19.29342
19.29866
19.30390
19.30914
19.31439
19.31963
19.32487
19.33012
19.33536
19.34061
19.34585
19.35110
19.35635
19.36160
19.36684
19.37209
19.37734
19.38259
19.38784
19.39309
19.39834
19.40360
19.40885
19.41410
19.41936
19.42461
19.42986
19.43512
19.44038
19.44563
19.45089
19.45615
19.46140
19.46666
19.47192
19.47718
19.48244
19.48770
19.49296
19.49823
19.50349
19.50875
19.51401
19.51928
19.52454
19.52981
19.53507
19.54034
19.54561
19.55088
19.55614
19.56141
19.56668
19.57195
19.57722
19.58249
19.58776
19.59303
19.59831
19.60358
19.60885
19.61413
19.61940
19.62468
19.62995
19.63523
19.64051
19.64578
19.65106
19.65634
19.66162
19.66690
19.67218
19.67746
19.68274
19.68802
19.69331
19.69859
19.70387
19.70916
19.71444
19.71973
19.72501
19.73030
19.73559
19.74087
19.74616
19.75145
19.75674
19.76203
19.76732
19.77261
19.77790
19.78319
19.78848
19.79378
19.79907
19.80437
19.80966
19.81496
19.82025
19.82555
19.83084
19.83614
19.84144
19.84674
19.85204
19.85734
19.86264
19.86794
19.87324
19.87854
19.88385
19.88915
19.89445
19.89976
19.90506
19.91037
19.91567
19.92098
19.92629
19.93159
19.93690
19.94221
19.94752
19.95283
19.95814
19.96345
19.96876
19.97407
19.97939
19.98470
19.99001
19.99533
20.00064
20.00596
20.01128
20.01659
20.02191
20.02723
20.03255
20.03786
20.04318
20.04850
20.05382
20.05915
20.06447
20.06979
20.07511
20.08044
20.08576
20.09108
20.09641
20.10173
20.10706
20.11239
20.11771
20.12304
20.12837
20.13370
20.13903
20.14436
20.14969
20.15502
20.16035
20.16569
20.17102
20.17635
20.18169
20.18702
20.19236
20.19769
20.20303
20.20837
20.21370
20.21904
20.22438
20.22972
20.23506
20.24040
20.24574
20.25108
20.25643
20.26177
20.26711
20.27245
20.27780
20.28314
20.28849
20.29384
20.29918
20.30453
20.30988
20.31523
20.32057
20.32592
20.33127
20.33663
20.34198
20.34733
20.35268
20.35803
20.36339
20.36874
20.37410
20.37945
20.38481
20.39016
20.39552
20.40088
20.40624
20.41159
20.41695
20.42231
20.42767
20.43303
20.43840
20.44376
20.44912
20.45448
20.45985
20.46521
20.47058
20.47594
20.48131
20.48668
20.49204
20.49741
20.50278
20.50815
20.51352
20.51889
20.52426
20.52963
20.53500
20.54037
20.54575
20.55112
20.55650
20.56187
20.56725
20.57262
20.57800
20.58338
20.58875
20.59413
20.59951
20.60489
20.61027
20.61565
20.62103
20.62641
20.63179
20.63718
20.64256
20.64794
20.65333
20.65871
20.66410
20.66949
20.67487
20.68026
20.68565
20.69104
20.69643
20.70182
20.70721
20.71260
20.71799
20.72338
20.72877
20.73417
20.73956
20.74496
20.75035
20.75575
20.76114
20.76654
20.77194
20.77733
20.78273
20.78813
20.79353
20.79893
20.80433
20.80973
20.81514
20.82054
20.82594
20.83134
20.83675
20.84215
20.84756
20.85297
20.85837
20.86378
20.86919
20.87460
20.88000
20.88541
20.89082
20.89623
20.90165
20.90706
20.91247
20.91788
20.92330
20.92871
20.93413
20.93954
20.94496
20.95037
20.95579
20.96121
20.96663
20.97205
20.97747
20.98289
20.98831
20.99373
20.99915
21.00457
21.00999
21.01542
21.02084
21.02627
21.03169
21.03712
21.04254
21.04797
21.05340
21.05883
21.06426
21.06969
21.07512
21.08055
21.08598
21.09141
21.09684
21.10227
21.10771
21.11314
21.11858
21.12401
21.12945
21.13489
21.14032
21.14576
21.15120
21.15664
21.16208
21.16752
21.17296
21.17840
21.18384
21.18928
21.19473
21.20017
21.20561
21.21106
21.21650
21.22195
21.22740
21.23284
21.23829
21.24374
21.24919
21.25464
21.26009
21.26554
21.27099
21.27644
21.28189
21.28735
21.29280
21.29825
21.30371
21.30916
21.31462
21.32008
21.32553
21.33099
21.33645
21.34191
21.34737
21.35283
21.35829
21.36375
21.36921
21.37468
21.38014
21.38560
21.39107
21.39653
21.40200
21.40746
21.41293
21.41840
21.42387
21.42933
21.43480
21.44027
21.44574
21.45121
21.45669
21.46216
21.46763
21.47310
21.47858
21.48405
21.48953
21.49500
21.50048
21.50596
21.51143
21.51691
21.52239
21.52787
21.53335
21.53883
21.54431
21.54979
21.55527
21.56076
21.56624
21.57172
21.57721
21.58269
21.58818
21.59367
21.59915
21.60464
21.61013
21.61562
21.62111
21.62660
21.63209
21.63758
21.64307
21.64856
21.65406
21.65955
21.66504
21.67054
21.67603
21.68153
21.68703
21.69252
21.69802
21.70352
21.70902
21.71452
21.72002
21.72552
21.73102
21.73652
21.74203
21.74753
21.75303
21.75854
21.76404
21.76955
21.77505
21.78056
21.78607
21.79158
21.79709
21.80260
21.80811
21.81362
21.81913
21.82464
21.83015
21.83566
21.84118
21.84669
21.85221
21.85772
21.86324
21.86875
21.87427
21.87979
21.88531
21.89083
21.89635
21.90187
21.90739
21.91291
21.91843
21.92395
21.92948
21.93500
21.94052
21.94605
21.95158
21.95710
21.96263
21.96816
21.97368
21.97921
21.98474
21.99027
21.99580
22.00133
22.00687
22.01240
22.01793
22.02346
22.02900
22.03453
22.04007
22.04560
22.05114
22.05668
22.06222
22.06775
22.07329
22.07883
22.08437
22.08991
22.09546
22.10100
22.10654
22.11208
22.11763
22.12317
22.12872
22.13426
22.13981
22.14536
22.15091
22.15645
22.16200
22.16755
22.17310
22.17865
22.18420
22.18976
22.19531
22.20086
22.20642
22.21197
22.21752
22.22308
22.22864
22.23419
22.23975
22.24531
22.25087
22.25643
22.26199
22.26755
22.27311
22.27867
22.28423
22.28980
22.29536
22.30092
22.30649
22.31205
22.31762
22.32319
22.32875
22.33432
22.33989
22.34546
22.35103
22.35660
22.36217
22.36774
22.37331
22.37889
22.38446
22.39003
22.39561
22.40118
22.40676
22.41234
22.41791
22.42349
22.42907
22.43465
22.44023
22.44581
22.45139
22.45697
22.46255
22.46814
22.47372
22.47930
22.48489
22.49047
22.49606
22.50165
22.50723
22.51282
22.51841
22.52400
22.52959
22.53518
22.54077
22.54636
22.55195
22.55755
22.56314
22.56873
22.57433
22.57992
22.58552
22.59112
22.59671
22.60231
22.60791
22.61351
22.61911
22.62471
22.63031
22.63591
22.64151
22.64711
22.65272
22.65832
22.66393
22.66953
22.67514
22.68074
22.68635
22.69196
22.69757
22.70318
22.70879
22.71440
22.72001
22.72562
22.73123
22.73684
22.74246
22.74807
22.75368
22.75930
22.76492
22.77053
22.77615
22.78177
22.78739
22.79300
22.79862
22.80424
22.80986
22.81549
22.82111
22.82673
22.83235
22.83798
22.84360
22.84923
22.85485
22.86048
22.86611
22.87174
22.87736
22.88299
22.88862
22.89425
22.89988
22.90552
22.91115
22.91678
22.92241
22.92805
22.93368
22.93932
22.94495
22.95059
22.95623
22.96187
22.96750
22.97314
22.97878
22.98442
22.99007
22.99571
23.00135
23.00699
23.01264
23.01828
23.02392
23.02957
23.03522
23.04086
23.04651
23.05216
23.05781
23.06346
23.06911
23.07476
23.08041
23.08606
23.09171
23.09737
23.10302
23.10867
23.11433
23.11998
23.12564
23.13130
23.13696
23.14261
23.14827
23.15393
23.15959
23.16525
23.17091
23.17658
23.18224
23.18790
23.19357
23.19923
23.20490
23.21056
23.21623
23.22190
23.22756
23.23323
23.23890
23.24457
23.25024
23.25591
23.26158
23.26726
23.27293
23.27860
23.28428
23.28995
23.29563
23.30130
23.30698
23.31266
23.31833
23.32401
23.32969
23.33537
23.34105
23.34673
23.35242
23.35810
23.36378
23.36946
23.37515
23.38083
23.38652
23.39221
23.39789
23.40358
23.40927
23.41496
23.42065
23.42634
23.43203
23.43772
23.44341
23.44911
23.45480
23.46049
23.46619
23.47188
23.47758
23.48328
23.48897
23.49467
23.50037
23.50607
23.51177
23.51747
23.52317
23.52887
23.53457
23.54028
23.54598
23.55169
23.55739
23.56310
23.56880
23.57451
23.58022
23.58593
23.59163
23.59734
23.60305
23.60877
23.61448
23.62019
23.62590
23.63162
23.63733
23.64304
23.64876
23.65448
23.66019
23.66591
23.67163
23.67735
23.68307
23.68879
23.69451
23.70023
23.70595
23.71167
23.71740
23.72312
23.72884
23.73457
23.74030
23.74602
23.75175
23.75748
23.76321
23.76893
23.77466
23.78039
23.78613
23.79186
23.79759
23.80332
23.80906
23.81479
23.82053
23.82626
23.83200
23.83773
23.84347
23.84921
23.85495
23.86069
23.86643
23.87217
23.87791
23.88365
23.88940
23.89514
23.90088
23.90663
23.91237
23.91812
23.92387
23.92961
23.93536
23.94111
23.94686
23.95261
23.95836
23.96411
23.96986
23.97562
23.98137
23.98712
23.99288
23.99863
24.00439
24.01015
24.01590
24.02166
24.02742
24.03318
24.03894
24.04470
24.05046
24.05622
24.06199
24.06775
24.07351
24.07928
24.08504
24.09081
24.09658
24.10234
24.10811
24.11388
24.11965
24.12542
24.13119
24.13696
24.14273
24.14850
24.15428
24.16005
24.16583
24.17160
24.17738
24.18315
24.18893
24.19471
24.20049
24.20627
24.21205
24.21783
24.22361
24.22939
24.23517
24.24095
24.24674
24.25252
24.25831
24.26409
24.26988
24.27567
24.28145
24.28724
24.29303
24.29882
24.30461
24.31040
24.31619
24.32199
24.32778
24.33357
24.33937
24.34516
24.35096
24.35676
24.36255
24.36835
24.37415
24.37995
24.38575
24.39155
24.39735
24.40315
24.40895
24.41476
24.42056
24.42636
24.43217
24.43798
24.44378
24.44959
24.45540
24.46121
24.46701
24.47282
24.47863
24.48445
24.49026
24.49607
24.50188
24.50770
24.51351
24.51933
24.52514
24.53096
24.53678
24.54259
24.54841
24.55423
24.56005
24.56587
24.57169
24.57751
24.58334
24.58916
24.59498
24.60081
24.60663
24.61246
24.61829
24.62411
24.62994
24.63577
24.64160
24.64743
24.65326
24.65909
24.66492
24.67076
24.67659
24.68242
24.68826
24.69409
24.69993
24.70577
24.71160
24.71744
24.72328
24.72912
24.73496
24.74080
24.74664
24.75249
24.75833
24.76417
24.77002
24.77586
24.78171
24.78755
24.79340
24.79925
24.80509
24.81094
24.81679
24.82264
24.82849
24.83435
24.84020
24.84605
24.85191
24.85776
24.86361
24.86947
24.87533
24.88118
24.88704
24.89290
24.89876
24.90462
24.91048
24.91634
24.92220
24.92807
24.93393
24.93979
24.94566
24.95152
24.95739
24.96326
24.96912
24.97499
24.98086
24.98673
24.99260
24.99847
25.00434
25.01021
25.01609
25.02196
25.02783
25.03371
25.03958
25.04546
25.05134
25.05721
25.06309
25.06897
25.07485
25.08073
25.08661
25.09249
25.09838
25.10426
25.11014
25.11603
25.12191
25.12780
25.13369
25.13957
25.14546
25.15135
25.15724
25.16313
25.16902
25.17491
25.18080
25.18670
25.19259
25.19848
25.20438
25.21027
25.21617
25.22207
25.22796
25.23386
25.23976
25.24566
25.25156
25.25746
25.26336
25.26927
25.27517
25.28107
25.28698
25.29288
25.29879
25.30469
25.31060
25.31651
25.32242
25.32833
25.33424
25.34015
25.34606
25.35197
25.35788
25.36380
25.36971
25.37563
25.38154
25.38746
25.39338
25.39929
25.40521
25.41113
25.41705
25.42297
25.42889
25.43481
25.44074
25.44666
25.45258
25.45851
25.46443
25.47036
25.47629
25.48221
25.48814
25.49407
25.50000
25.50593
25.51186
25.51779
25.52373
25.52966
25.53559
25.54153
25.54746
25.55340
25.55933
25.56527
25.57121
25.57715
25.58309
25.58903
25.59497
25.60091
25.60685
25.61279
25.61874
25.62468
25.63063
25.63657
25.64252
25.64846
25.65441
25.66036
25.66631
25.67226
25.67821
25.68416
25.69011
25.69607
25.70202
25.70797
25.71393
25.71988
25.72584
25.73180
25.73775
25.74371
25.74967
25.75563
25.76159
25.76755
25.77351
25.77948
25.78544
25.79140
25.79737
25.80333
25.80930
25.81527
25.82123
25.82720
25.83317
25.83914
25.84511
25.85108
25.85705
25.86302
25.86900
25.87497
25.88095
25.88692
25.89290
25.89887
25.90485
25.91083
25.91681
25.92279
25.92877
25.93475
25.94073
25.94671
25.95269
25.95868
25.96466
25.97065
25.97663
25.98262
25.98861
25.99459
26.00058
26.00657
26.01256
26.01855
26.02455
26.03054
26.03653
26.04252
26.04852
26.05451
26.06051
26.06651
26.07250
26.07850
26.08450
26.09050
26.09650
26.10250
26.10850
26.11450
26.12051
26.12651
26.13251
26.13852
26.14452
26.15053
26.15654
26.16255
26.16856
26.17456
26.18057
26.18659
26.19260
26.19861
26.20462
26.21064
26.21665
26.22267
26.22868
26.23470
26.24071
26.24673
26.25275
26.25877
26.26479
26.27081
26.27683
26.28286
26.28888
26.29490
26.30093
26.30695
26.31298
26.31900
26.32503
26.33106
26.33709
26.34312
26.34915
26.35518
26.36121
26.36724
26.37328
26.37931
26.38534
26.39138
26.39742
26.40345
26.40949
26.41553
26.42157
26.42761
26.43365
26.43969
26.44573
26.45177
26.45782
26.46386
26.46990
26.47595
26.48200
26.48804
26.49409
26.50014
26.50619
26.51224
26.51829
26.52434
26.53039
26.53644
26.54250
26.54855
26.55460
26.56066
26.56672
26.57277
26.57883
26.58489
26.59095
26.59701
26.60307
26.60913
26.61519
26.62126
26.62732
26.63338
26.63945
26.64551
26.65158
26.65765
26.66372
26.66978
26.67585
26.68192
26.68799
26.69407
26.70014
26.70621
26.71229
26.71836
26.72444
26.73051
26.73659
26.74267
26.74874
26.75482
26.76090
26.76698
26.77306
26.77915
26.78523
26.79131
26.79739
26.80348
26.80957
26.81565
26.82174
26.82783
26.83391
26.84000
26.84609
26.85218
26.85828
26.86437
26.87046
26.87655
26.88265
26.88874
26.89484
26.90094
26.90703
26.91313
26.91923
26.92533
26.93143
26.93753
26.94363
26.94973
26.95584
26.96194
26.96805
26.97415
26.98026
26.98636
26.99247
26.99858
27.00469
27.01080
27.01691
27.02302
27.02913
27.03525
27.04136
27.04747
27.05359
27.05970
27.06582
27.07194
27.07806
27.08417
27.09029
27.09641
27.10253
27.10866
27.11478
27.12090
27.12703
27.13315
27.13928
27.14540
27.15153
27.15766
27.16378
27.16991
27.17604
27.18217
27.18831
27.19444
27.20057
27.20670
27.21284
27.21897
27.22511
27.23125
27.23738
27.24352
27.24966
27.25580
27.26194
27.26808
27.27422
27.28036
27.28651
27.29265
27.29880
27.30494
27.31109
27.31724
27.32338
27.32953
27.33568
27.34183
27.34798
27.35413
27.36029
27.36644
27.37259
27.37875
27.38490
27.39106
27.39721
27.40337
27.40953
27.41569
27.42185
27.42801
27.43417
27.44033
27.44650
27.45266
27.45882
27.46499
27.47115
27.47732
27.48349
27.48966
27.49582
27.50199
27.50816
27.51434
27.52051
27.52668
27.53285
27.53903
27.54520
27.55138
27.55755
27.56373
27.56991
27.57609
27.58227
27.58845
27.59463
27.60081
27.60699
27.61317
27.61936
27.62554
27.63173
27.63791
27.64410
27.65029
27.65648
27.66267
27.66886
27.67505
27.68124
27.68743
27.69362
27.69982
27.70601
27.71221
27.71840
27.72460
27.73080
27.73700
27.74320
27.74940
27.75560
27.76180
27.76800
27.77420
27.78041
27.78661
27.79282
27.79902
27.80523
27.81144
27.81764
27.82385
27.83006
27.83627
27.84248
27.84870
27.85491
27.86112
27.86734
27.87355
27.87977
27.88598
27.89220
27.89842
27.90464
27.91086
27.91708
27.92330
27.92952
27.93575
27.94197
27.94819
27.95442
27.96064
27.96687
27.97310
27.97933
27.98555
27.99178
27.99802
28.00425
28.01048
28.01671
28.02294
28.02918
28.03541
28.04165
28.04789
28.05412
28.06036
28.06660
28.07284
28.07908
28.08532
28.09156
28.09781
28.10405
28.11029
28.11654
28.12279
28.12903
28.13528
28.14153
28.14778
28.15403
28.16028
28.16653
28.17278
28.17903
28.18529
28.19154
28.19780
28.20405
28.21031
28.21657
28.22282
28.22908
28.23534
28.24160
28.24786
28.25413
28.26039
28.26665
28.27292
28.27918
28.28545
28.29172
28.29798
28.30425
28.31052
28.31679
28.32306
28.32933
28.33560
28.34188
28.34815
28.35443
28.36070
28.36698
28.37325
28.37953
28.38581
28.39209
28.39837
28.40465
28.41093
28.41721
28.42350
28.42978
28.43607
28.44235
28.44864
28.45492
28.46121
28.46750
28.47379
28.48008
28.48637
28.49266
28.49895
28.50525
28.51154
28.51784
28.52413
28.53043
28.53673
28.54302
28.54932
28.55562
28.56192
28.56822
28.57453
28.58083
28.58713
28.59344
28.59974
28.60605
28.61235
28.61866
28.62497
28.63128
28.63759
28.64390
28.65021
28.65652
28.66284
28.66915
28.67546
28.68178
28.68809
28.69441
28.70073
28.70705
28.71337
28.71969
28.72601
28.73233
28.73865
28.74498
28.75130
28.75762
28.76395
28.77028
28.77660
28.78293
28.78926
28.79559
28.80192
28.80825
28.81458
28.82092
28.82725
28.83358
28.83992
28.84625
28.85259
28.85893
28.86527
28.87161
28.87795
28.88429
28.89063
28.89697
28.90331
28.90966
28.91600
28.92235
28.92869
28.93504
28.94139
28.94774
28.95409
28.96044
28.96679
28.97314
28.97949
28.98584
28.99220
28.99855
29.00491
29.01127
29.01762
29.02398
29.03034
29.03670
29.04306
29.04942
29.05578
29.06215
29.06851
29.07488
29.08124
29.08761
29.09397
29.10034
29.10671
29.11308
29.11945
29.12582
29.13219
29.13857
29.14494
29.15131
29.15769
29.16406
29.17044
29.17682
29.18320
29.18958
29.19596
29.20234
29.20872
29.21510
29.22148
29.22787
29.23425
29.24064
29.24702
29.25341
29.25980
29.26619
29.27258
29.27897
29.28536
29.29175
29.29814
29.30454
29.31093
29.31733
29.32372
29.33012
29.33652
29.34291
29.34931
29.35571
29.36211
29.36852
29.37492
29.38132
29.38773
29.39413
29.40054
29.40694
29.41335
29.41976
29.42617
29.43258
29.43899
29.44540
29.45181
29.45822
29.46464
29.47105
29.47747
29.48388
29.49030
29.49672
29.50314
29.50956
29.51598
29.52240
29.52882
29.53524
29.54167
29.54809
29.55452
29.56094
29.56737
29.57380
29.58023
29.58666
29.59309
29.59952
29.60595
29.61238
29.61881
29.62525
29.63168
29.63812
29.64456
29.65099
29.65743
29.66387
29.67031
29.67675
29.68319
29.68964
29.69608
29.70252
29.70897
29.71541
29.72186
29.72831
29.73476
29.74120
29.74765
29.75410
29.76056
29.76701
29.77346
29.77992
29.78637
29.79283
29.79928
29.80574
29.81220
29.81866
29.82512
29.83158
29.83804
29.84450
29.85096
29.85743
29.86389
29.87036
29.87682
29.88329
29.88976
29.89623
29.90270
29.90917
29.91564
29.92211
29.92858
29.93506
29.94153
29.94801
29.95448
29.96096
29.96744
29.97392
29.98040
29.98688
29.99336
29.99984
30.00632
30.01281
30.01929
30.02578
30.03226
30.03875
30.04524
30.05173
30.05822
30.06471
30.07120
30.07769
30.08418
30.09068
30.09717
30.10367
30.11016
30.11666
30.12316
30.12965
30.13615
30.14265
30.14916
30.15566
30.16216
30.16866
30.17517
30.18167
30.18818
30.19469
30.20120
30.20770
30.21421
30.22072
30.22723
30.23375
30.24026
30.24677
30.25329
30.25980
30.26632
30.27284
30.27935
30.28587
30.29239
30.29891
30.30543
30.31196
30.31848
30.32500
30.33153
30.33805
30.34458
30.35111
30.35763
30.36416
30.37069
30.37722
30.38376
30.39029
30.39682
30.40335
30.40989
30.41642
30.42296
30.42950
30.43604
30.44258
30.44912
30.45566
30.46220
30.46874
30.47528
30.48183
30.48837
30.49492
30.50146
30.50801
30.51456
30.52111
30.52766
30.53421
30.54076
30.54731
30.55387
30.56042
30.56698
30.57353
30.58009
30.58665
30.59320
30.59976
30.60632
30.61289
30.61945
30.62601
30.63257
30.63914
30.64570
30.65227
30.65884
30.66540
30.67197
30.67854
30.68511
30.69168
30.69826
30.70483
30.71140
30.71798
30.72455
30.73113
30.73771
30.74428
30.75086
30.75744
30.76402
30.77060
30.77719
30.78377
30.79035
30.79694
30.80352
30.81011
30.81670
30.82329
30.82988
30.83647
30.84306
30.84965
30.85624
30.86283
30.86943
30.87602
30.88262
30.88922
30.89581
30.90241
30.90901
30.91561
30.92221
30.92882
30.93542
30.94202
30.94863
30.95523
30.96184
30.96845
30.97505
30.98166
30.98827
30.99488
31.00149
31.00811
31.01472
31.02133
31.02795
31.03457
31.04118
31.04780
31.05442
31.06104
31.06766
31.07428
31.08090
31.08752
31.09415
31.10077
31.10740
31.11402
31.12065
31.12728
31.13391
31.14054
31.14717
31.15380
31.16043
31.16706
31.17370
31.18033
31.18697
31.19360
31.20024
31.20688
31.21352
31.22016
31.22680
31.23344
31.24009
31.24673
31.25337
31.26002
31.26666
31.27331
31.27996
31.28661
31.29326
31.29991
31.30656
31.31321
31.31987
31.32652
31.33317
31.33983
31.34649
31.35314
31.35980
31.36646
31.37312
31.37978
31.38645
31.39311
31.39977
31.40644
31.41310
31.41977
31.42644
31.43310
31.43977
31.44644
31.45311
31.45978
31.46646
31.47313
31.47980
31.48648
31.49316
31.49983
31.50651
31.51319
31.51987
31.52655
31.53323
31.53991
31.54659
31.55328
31.55996
31.56665
31.57334
31.58002
31.58671
31.59340
31.60009
31.60678
31.61347
31.62017
31.62686
31.63355
31.64025
31.64695
31.65364
31.66034
31.66704
31.67374
31.68044
31.68714
31.69384
31.70055
31.70725
31.71396
31.72066
31.72737
31.73408
31.74079
31.74750
31.75421
31.76092
31.76763
31.77434
31.78106
31.78777
31.79449
31.80120
31.80792
31.81464
31.82136
31.82808
31.83480
31.84152
31.84825
31.85497
31.86169
31.86842
31.87515
31.88187
31.88860
31.89533
31.90206
31.90879
31.91552
31.92226
31.92899
31.93572
31.94246
31.94920
31.95593
31.96267
31.96941
31.97615
31.98289
31.98963
31.99637
32.00312
32.00986
32.01661
32.02335
32.03010
32.03685
32.04360
32.05035
32.05710
32.06385
32.07060
32.07736
32.08411
32.09086
32.09762
32.10438
32.11114
32.11789
32.12465
32.13141
32.13818
32.14494
32.15170
32.15847
32.16523
32.17200
32.17876
32.18553
32.19230
32.19907
32.20584
32.21261
32.21938
32.22616
32.23293
32.23971
32.24648
32.25326
32.26004
32.26681
32.27359
32.28037
32.28716
32.29394
32.30072
32.30750
32.31429
32.32108
32.32786
32.33465
32.34144
32.34823
32.35502
32.36181
32.36860
32.37539
32.38219
32.38898
32.39578
32.40258
32.40937
32.41617
32.42297
32.42977
32.43657
32.44338
32.45018
32.45698
32.46379
32.47059
32.47740
32.48421
32.49102
32.49783
32.50464
32.51145
32.51826
32.52507
32.53189
32.53870
32.54552
32.55234
32.55915
32.56597
32.57279
32.57961
32.58643
32.59326
32.60008
32.60690
32.61373
32.62055
32.62738
32.63421
32.64104
32.64787
32.65470
32.66153
32.66836
32.67520
32.68203
32.68887
32.69570
32.70254
32.70938
32.71622
32.72306
32.72990
32.73674
32.74358
32.75042
32.75727
32.76411
32.77096
32.77781
32.78466
32.79150
32.79835
32.80521
32.81206
32.81891
32.82576
32.83262
32.83947
32.84633
32.85319
32.86005
32.86691
32.87377
32.88063
32.88749
32.89435
32.90122
32.90808
32.91495
32.92181
32.92868
32.93555
32.94242
32.94929
32.95616
32.96303
32.96990
32.97678
32.98365
32.99053
32.99741
33.00428
33.01116
33.01804
33.02492
33.03181
33.03869
33.04557
33.05246
33.05934
33.06623
33.07311
33.08000
33.08689
33.09378
33.10067
33.10756
33.11446
33.12135
33.12825
33.13514
33.14204
33.14893
33.15583
33.16273
33.16963
33.17653
33.18344
33.19034
33.19724
33.20415
33.21105
33.21796
33.22487
33.23178
33.23869
33.24560
33.25251
33.25942
33.26633
33.27325
33.28016
33.28708
33.29400
33.30092
33.30784
33.31476
33.32168
33.32860
33.33552
33.34244
33.34937
33.35629
33.36322
33.37015
33.37708
33.38401
33.39094
33.39787
33.40480
33.41173
33.41867
33.42560
33.43254
33.43948
33.44641
33.45335
33.46029
33.46723
33.47418
33.48112
33.48806
33.49501
33.50195
33.50890
33.51585
33.52280
33.52974
33.53669
33.54365
33.55060
33.55755
33.56451
33.57146
33.57842
33.58537
33.59233
33.59929
33.60625
33.61321
33.62017
33.62714
33.63410
33.64106
33.64803
33.65500
33.66196
33.66893
33.67590
33.68287
33.68984
33.69682
33.70379
33.71076
33.71774
33.72471
33.73169
33.73867
33.74565
33.75263
33.75961
33.76659
33.77357
33.78056
33.78754
33.79453
33.80151
33.80850
33.81549
33.82248
33.82947
33.83646
33.84345
33.85045
33.85744
33.86444
33.87143
33.87843
33.88543
33.89243
33.89943
33.90643
33.91343
33.92043
33.92744
33.93444
33.94145
33.94846
33.95546
33.96247
33.96948
33.97649
33.98350
33.99052
33.99753
34.00455
34.01156
34.01858
34.02560
34.03261
34.03963
34.04665
34.05368
34.06070
34.06772
34.07475
34.08177
34.08880
34.09582
34.10285
34.10988
34.11691
34.12394
34.13097
34.13801
34.14504
34.15208
34.15911
34.16615
34.17319
34.18023
34.18727
34.19431
34.20135
34.20839
34.21544
34.22248
34.22953
34.23657
34.24362
34.25067
34.25772
34.26477
34.27182
34.27887
34.28593
34.29298
34.30004
34.30709
34.31415
34.32121
34.32827
34.33533
34.34239
34.34945
34.35652
34.36358
34.37065
34.37771
34.38478
34.39185
34.39892
34.40599
34.41306
34.42013
34.42720
34.43428
34.44135
34.44843
34.45551
34.46259
34.46966
34.47674
34.48383
34.49091
34.49799
34.50508
34.51216
34.51925
34.52633
34.53342
34.54051
34.54760
34.55469
34.56178
34.56888
34.57597
34.58306
34.59016
34.59726
34.60436
34.61145
34.61855
34.62566
34.63276
34.63986
34.64696
34.65407
34.66117
34.66828
34.67539
34.68250
34.68961
34.69672
34.70383
34.71094
34.71806
34.72517
34.73229
34.73940
34.74652
34.75364
34.76076
34.76788
34.77500
34.78213
34.78925
34.79637
34.80350
34.81063
34.81775
34.82488
34.83201
34.83914
34.84628
34.85341
34.86054
34.86768
34.87481
34.88195
34.88909
34.89623
34.90337
34.91051
34.91765
34.92479
34.93193
34.93908
34.94622
34.95337
34.96052
34.96767
34.97482
34.98197
34.98912
34.99627
35.00343
35.01058
35.01774
35.02489
35.03205
35.03921
35.04637
35.05353
35.06069
35.06786
35.07502
35.08219
35.08935
35.09652
35.10369
35.11086
35.11802
35.12520
35.13237
35.13954
35.14671
35.15389
35.16107
35.16824
35.17542
35.18260
35.18978
35.19696
35.20414
35.21133
35.21851
35.22570
35.23288
35.24007
35.24726
35.25445
35.26164
35.26883
35.27602
35.28321
35.29041
35.29760
35.30480
35.31200
35.31919
35.32639
35.33359
35.34080
35.34800
35.35520
35.36241
35.36961
35.37682
35.38403
35.39123
35.39844
35.40565
35.41287
35.42008
35.42729
35.43451
35.44172
35.44894
35.45616
35.46338
35.47060
35.47782
35.48504
35.49226
35.49949
35.50671
35.51394
35.52116
35.52839
35.53562
35.54285
35.55008
35.55731
35.56455
35.57178
35.57902
35.58625
35.59349
35.60073
35.60797
35.61521
35.62245
35.62969
35.63693
35.64418
35.65142
35.65867
35.66592
35.67317
35.68042
35.68767
35.69492
35.70217
35.70943
35.71668
35.72394
35.73119
35.73845
35.74571
35.75297
35.76023
35.76749
35.77476
35.78202
35.78929
35.79655
35.80382
35.81109
35.81836
35.82563
35.83290
35.84017
35.84744
35.85472
35.86199
35.86927
35.87655
35.88383
35.89111
35.89839
35.90567
35.91295
35.92024
35.92752
35.93481
35.94209
35.94938
35.95667
35.96396
35.97125
35.97854
35.98584
35.99313
36.00043
36.00772
36.01502
36.02232
36.02962
36.03692
36.04422
36.05152
36.05883
36.06613
36.07344
36.08075
36.08805
36.09536
36.10267
36.10998
36.11730
36.12461
36.13192
36.13924
36.14655
36.15387
36.16119
36.16851
36.17583
36.18315
36.19047
36.19780
36.20512
36.21245
36.21978
36.22710
36.23443
36.24176
36.24909
36.25643
36.26376
36.27109
36.27843
36.28576
36.29310
36.30044
36.30778
36.31512
36.32246
36.32981
36.33715
36.34449
36.35184
36.35919
36.36653
36.37388
36.38123
36.38858
36.39594
36.40329
36.41064
36.41800
36.42536
36.43271
36.44007
36.44743
36.45479
36.46216
36.46952
36.47688
36.48425
36.49161
36.49898
36.50635
36.51372
36.52109
36.52846
36.53583
36.54321
36.55058
36.55796
36.56533
36.57271
36.58009
36.58747
36.59485
36.60223
36.60961
36.61700
36.62438
36.63177
36.63916
36.64655
36.65394
36.66133
36.66872
36.67611
36.68351
36.69090
36.69830
36.70569
36.71309
36.72049
36.72789
36.73529
36.74269
36.75010
36.75750
36.76491
36.77232
36.77972
36.78713
36.79454
36.80195
36.80937
36.81678
36.82419
36.83161
36.83902
36.84644
36.85386
36.86128
36.86870
36.87612
36.88355
36.89097
36.89840
36.90582
36.91325
36.92068
36.92811
36.93554
36.94297
36.95040
36.95784
36.96527
36.97271
36.98014
36.98758
36.99502
37.00246
37.00990
37.01734
37.02479
37.03223
37.03968
37.04713
37.05457
37.06202
37.06947
37.07692
37.08438
37.09183
37.09928
37.10674
37.11420
37.12165
37.12911
37.13657
37.14403
37.15150
37.15896
37.16642
37.17389
37.18135
37.18882
37.19629
37.20376
37.21123
37.21870
37.22618
37.23365
37.24113
37.24860
37.25608
37.26356
37.27104
37.27852
37.28600
37.29348
37.30097
37.30845
37.31594
37.32343
37.33091
37.33840
37.34589
37.35339
37.36088
37.36837
37.37587
37.38336
37.39086
37.39836
37.40586
37.41336
37.42086
37.42836
37.43587
37.44337
37.45088
37.45838
37.46589
37.47340
37.48091
37.48842
37.49594
37.50345
37.51097
37.51848
37.52600
37.53352
37.54104
37.54856
37.55608
37.56360
37.57112
37.57865
37.58618
37.59370
37.60123
37.60876
37.61629
37.62382
37.63135
37.63889
37.64642
37.65396
37.66150
37.66903
37.67657
37.68411
37.69166
37.69920
37.70674
37.71429
37.72183
37.72938
37.73693
37.74448
37.75203
37.75958
37.76713
37.77469
37.78224
37.78980
37.79736
37.80491
37.81247
37.82003
37.82760
37.83516
37.84272
37.85029
37.85785
37.86542
37.87299
37.88056
37.88813
37.89570
37.90327
37.91085
37.91842
37.92600
37.93358
37.94116
37.94874
37.95632
37.96390
37.97148
37.97907
37.98665
37.99424
38.00182
38.00941
38.01700
38.02459
38.03219
38.03978
38.04737
38.05497
38.06257
38.07016
38.07776
38.08536
38.09296
38.10057
38.10817
38.11577
38.12338
38.13099
38.13859
38.14620
38.15381
38.16142
38.16904
38.17665
38.18427
38.19188
38.19950
38.20712
38.21474
38.22236
38.22998
38.23760
38.24522
38.25285
38.26048
38.26810
38.27573
38.28336
38.29099
38.29862
38.30626
38.31389
38.32153
38.32916
38.33680
38.34444
38.35208
38.35972
38.36736
38.37500
38.38265
38.39029
38.39794
38.40559
38.41324
38.42089
38.42854
38.43619
38.44385
38.45150
38.45916
38.46681
38.47447
38.48213
38.48979
38.49745
38.50512
38.51278
38.52044
38.52811
38.53578
38.54345
38.55112
38.55879
38.56646
38.57413
38.58181
38.58948
38.59716
38.60484
38.61252
38.62020
38.62788
38.63556
38.64324
38.65093
38.65861
38.66630
38.67399
38.68168
38.68937
38.69706
38.70475
38.71245
38.72014
38.72784
38.73554
38.74323
38.75093
38.75864
38.76634
38.77404
38.78175
38.78945
38.79716
38.80487
38.81257
38.82028
38.82800
38.83571
38.84342
38.85114
38.85885
38.86657
38.87429
38.88201
38.88973
38.89745
38.90517
38.91290
38.92062
38.92835
38.93608
38.94381
38.95154
38.95927
38.96700
38.97473
38.98247
38.99021
38.99794
39.00568
39.01342
39.02116
39.02890
39.03665
39.04439
39.05214
39.05988
39.06763
39.07538
39.08313
39.09088
39.09863
39.10639
39.11414
39.12190
39.12965
39.13741
39.14517
39.15293
39.16069
39.16846
39.17622
39.18399
39.19175
39.19952
39.20729
39.21506
39.22283
39.23060
39.23838
39.24615
39.25393
39.26170
39.26948
39.27726
39.28504
39.29283
39.30061
39.30839
39.31618
39.32396
39.33175
39.33954
39.34733
39.35512
39.36292
39.37071
39.37850
39.38630
39.39410
39.40190
39.40970
39.41750
39.42530
39.43310
39.44091
39.44871
39.45652
39.46433
39.47214
39.47995
39.48776
39.49557
39.50339
39.51120
39.51902
39.52684
39.53466
39.54248
39.55030
39.55812
39.56594
39.57377
39.58159
39.58942
39.59725
39.60508
39.61291
39.62074
39.62857
39.63641
39.64425
39.65208
39.65992
39.66776
39.67560
39.68344
39.69128
39.69913
39.70697
39.71482
39.72267
39.73052
39.73837
39.74622
39.75407
39.76192
39.76978
39.77764
39.78549
39.79335
39.80121
39.80907
39.81693
39.82480
39.83266
39.84053
39.84839
39.85626
39.86413
39.87200
39.87988
39.88775
39.89562
39.90350
39.91137
39.91925
39.92713
39.93501
39.94289
39.95078
39.95866
39.96655
39.97443
39.98232
39.99021
39.99810
40.00599
40.01388
40.02178
40.02967
40.03757
40.04547
40.05336
40.06126
40.06916
40.07707
40.08497
40.09288
40.10078
40.10869
40.11660
40.12451
40.13242
40.14033
40.14824
40.15616
40.16407
40.17199
40.17991
40.18783
40.19575
40.20367
40.21159
40.21952
40.22744
40.23537
40.24330
40.25123
40.25916
40.26709
40.27502
40.28296
40.29089
40.29883
40.30677
40.31471
40.32265
40.33059
40.33853
40.34647
40.35442
40.36237
40.37031
40.37826
40.38621
40.39417
40.40212
40.41007
40.41803
40.42598
40.43394
40.44190
40.44986
40.45782
40.46578
40.47375
40.48171
40.48968
40.49765
40.50562
40.51359
40.52156
40.52953
40.53750
40.54548
40.55345
40.56143
40.56941
40.57739
40.58537
40.59335
40.60134
40.60932
40.61731
40.62530
40.63329
40.64128
40.64927
40.65726
40.66525
40.67325
40.68124
40.68924
40.69724
40.70524
40.71324
40.72124
40.72925
40.73725
40.74526
40.75327
40.76128
40.76929
40.77730
40.78531
40.79332
40.80134
40.80936
40.81737
40.82539
40.83341
40.84143
40.84946
40.85748
40.86550
40.87353
40.88156
40.88959
40.89762
40.90565
40.91368
40.92172
40.92975
40.93779
40.94582
40.95386
40.96190
40.96995
40.97799
40.98603
40.99408
41.00212
41.01017
41.01822
41.02627
41.03432
41.04238
41.05043
41.05849
41.06654
41.07460
41.08266
41.09072
41.09878
41.10684
41.11491
41.12297
41.13104
41.13911
41.14718
41.15525
41.16332
41.17139
41.17947
41.18755
41.19562
41.20370
41.21178
41.21986
41.22794
41.23603
41.24411
41.25220
41.26028
41.26837
41.27646
41.28455
41.29265
41.30074
41.30883
41.31693
41.32503
41.33313
41.34123
41.34933
41.35743
41.36554
41.37364
41.38175
41.38985
41.39796
41.40607
41.41419
41.42230
41.43041
41.43853
41.44665
41.45476
41.46288
41.47100
41.47913
41.48725
41.49537
41.50350
41.51163
41.51975
41.52788
41.53601
41.54415
41.55228
41.56042
41.56855
41.57669
41.58483
41.59297
41.60111
41.60925
41.61740
41.62554
41.63369
41.64183
41.64998
41.65813
41.66629
41.67444
41.68259
41.69075
41.69891
41.70706
41.71522
41.72338
41.73155
41.73971
41.74787
41.75604
41.76421
41.77238
41.78055
41.78872
41.79689
41.80506
41.81324
41.82142
41.82959
41.83777
41.84595
41.85413
41.86232
41.87050
41.87869
41.88687
41.89506
41.90325
41.91144
41.91963
41.92783
41.93602
41.94422
41.95242
41.96061
41.96881
41.97702
41.98522
41.99342
42.00163
42.00983
42.01804
42.02625
42.03446
42.04267
42.05089
42.05910
42.06732
42.07553
42.08375
42.09197
42.10019
42.10842
42.11664
42.12486
42.13309
42.14132
42.14955
42.15778
42.16601
42.17424
42.18248
42.19071
42.19895
42.20719
42.21543
42.22367
42.23191
42.24015
42.24840
42.25664
42.26489
42.27314
42.28139
42.28964
42.29790
42.30615
42.31441
42.32266
42.33092
42.33918
42.34744
42.35570
42.36397
42.37223
42.38050
42.38876
42.39703
42.40530
42.41358
42.42185
42.43012
42.43840
42.44667
42.45495
42.46323
42.47151
42.47980
42.48808
42.49636
42.50465
42.51294
42.52123
42.52952
42.53781
42.54610
42.55440
42.56269
42.57099
42.57929
42.58759
42.59589
42.60419
42.61249
42.62080
42.62910
42.63741
42.64572
42.65403
42.66234
42.67066
42.67897
42.68729
42.69560
42.70392
42.71224
42.72056
42.72889
42.73721
42.74554
42.75386
42.76219
42.77052
42.77885
42.78718
42.79552
42.80385
42.81219
42.82052
42.82886
42.83720
42.84554
42.85389
42.86223
42.87058
42.87892
42.88727
42.89562
42.90397
42.91233
42.92068
42.92903
42.93739
42.94575
42.95411
42.96247
42.97083
42.97919
42.98756
42.99592
43.00429
43.01266
43.02103
43.02940
43.03778
43.04615
43.05453
43.06290
43.07128
43.07966
43.08804
43.09642
43.10481
43.11319
43.12158
43.12997
43.13836
43.14675
43.15514
43.16353
43.17193
43.18032
43.18872
43.19712
43.20552
43.21392
43.22233
43.23073
43.23914
43.24754
43.25595
43.26436
43.27277
43.28119
43.28960
43.29802
43.30643
43.31485
43.32327
43.33169
43.34011
43.34854
43.35696
43.36539
43.37382
43.38225
43.39068
43.39911
43.40754
43.41598
43.42441
43.43285
43.44129
43.44973
43.45817
43.46662
43.47506
43.48351
43.49195
43.50040
43.50885
43.51730
43.52576
43.53421
43.54267
43.55113
43.55958
43.56804
43.57650
43.58497
43.59343
43.60190
43.61036
43.61883
43.62730
43.63577
43.64425
43.65272
43.66120
43.66967
43.67815
43.68663
43.69511
43.70359
43.71208
43.72056
43.72905
43.73754
43.74603
43.75452
43.76301
43.77150
43.78000
43.78849
43.79699
43.80549
43.81399
43.82249
43.83100
43.83950
43.84801
43.85651
43.86502
43.87353
43.88205
43.89056
43.89907
43.90759
43.91611
43.92463
43.93315
43.94167
43.95019
43.95872
43.96724
43.97577
43.98430
43.99283
44.00136
44.00989
44.01843
44.02696
44.03550
44.04404
44.05258
44.06112
44.06967
44.07821
44.08676
44.09530
44.10385
44.11240
44.12095
44.12951
44.13806
44.14662
44.15517
44.16373
44.17229
44.18086
44.18942
44.19798
44.20655
44.21512
44.22368
44.23226
44.24083
44.24940
44.25797
44.26655
44.27513
44.28371
44.29229
44.30087
44.30945
44.31804
44.32662
44.33521
44.34380
44.35239
44.36098
44.36957
44.37817
44.38676
44.39536
44.40396
44.41256
44.42116
44.42977
44.43837
44.44698
44.45558
44.46419
44.47280
44.48142
44.49003
44.49864
44.50726
44.51588
44.52450
44.53312
44.54174
44.55036
44.55899
44.56761
44.57624
44.58487
44.59350
44.60213
44.61077
44.61940
44.62804
44.63668
44.64532
44.65396
44.66260
44.67124
44.67989
44.68854
44.69718
44.70583
44.71448
44.72314
44.73179
44.74045
44.74910
44.75776
44.76642
44.77508
44.78375
44.79241
44.80108
44.80974
44.81841
44.82708
44.83575
44.84443
44.85310
44.86178
44.87045
44.87913
44.88781
44.89649
44.90518
44.91386
44.92255
44.93124
44.93993
44.94862
44.95731
44.96600
44.97470
44.98339
44.99209
45.00079
45.00949
45.01819
45.02690
45.03560
45.04431
45.05302
45.06173
45.07044
45.07915
45.08787
45.09658
45.10530
45.11402
45.12274
45.13146
45.14018
45.14891
45.15763
45.16636
45.17509
45.18382
45.19255
45.20129
45.21002
45.21876
45.22750
45.23623
45.24498
45.25372
45.26246
45.27121
45.27995
45.28870
45.29745
45.30620
45.31496
45.32371
45.33247
45.34122
45.34998
45.35874
45.36751
45.37627
45.38503
45.39380
45.40257
45.41134
45.42011
45.42888
45.43765
45.44643
45.45521
45.46398
45.47276
45.48154
45.49033
45.49911
45.50790
45.51668
45.52547
45.53426
45.54306
45.55185
45.56064
45.56944
45.57824
45.58704
45.59584
45.60464
45.61344
45.62225
45.63106
45.63986
45.64867
45.65749
45.66630
45.67511
45.68393
45.69275
45.70157
45.71039
45.71921
45.72803
45.73686
45.74568
45.75451
45.76334
45.77217
45.78100
45.78984
45.79867
45.80751
45.81635
45.82519
45.83403
45.84287
45.85172
45.86057
45.86941
45.87826
45.88711
45.89597
45.90482
45.91368
45.92253
45.93139
45.94025
45.94911
45.95798
45.96684
45.97571
45.98457
45.99344
46.00231
46.01119
46.02006
46.02893
46.03781
46.04669
46.05557
46.06445
46.07333
46.08222
46.09110
46.09999
46.10888
46.11777
46.12666
46.13556
46.14445
46.15335
46.16225
46.17115
46.18005
46.18895
46.19786
46.20676
46.21567
46.22458
46.23349
46.24240
46.25132
46.26023
46.26915
46.27807
46.28699
46.29591
46.30483
46.31376
46.32268
46.33161
46.34054
46.34947
46.35840
46.36734
46.37627
46.38521
46.39415
46.40309
46.41203
46.42097
46.42992
46.43886
46.44781
46.45676
46.46571
46.47466
46.48362
46.49257
46.50153
46.51049
46.51945
46.52841
46.53738
46.54634
46.55531
46.56428
46.57325
46.58222
46.59119
46.60016
46.60914
46.61812
46.62710
46.63608
46.64506
46.65404
46.66303
46.67202
46.68101
46.69000
46.69899
46.70798
46.71698
46.72597
46.73497
46.74397
46.75297
46.76197
46.77098
46.77998
46.78899
46.79800
46.80701
46.81602
46.82504
46.83405
46.84307
46.85209
46.86111
46.87013
46.87915
46.88818
46.89720
46.90623
46.91526
46.92429
46.93333
46.94236
46.95140
46.96043
46.96947
46.97851
46.98755
46.99660
47.00564
47.01469
47.02374
47.03279
47.04184
47.05090
47.05995
47.06901
47.07807
47.08713
47.09619
47.10525
47.11431
47.12338
47.13245
47.14152
47.15059
47.15966
47.16874
47.17781
47.18689
47.19597
47.20505
47.21413
47.22321
47.23230
47.24139
47.25048
47.25957
47.26866
47.27775
47.28685
47.29594
47.30504
47.31414
47.32324
47.33234
47.34145
47.35056
47.35966
47.36877
47.37788
47.38700
47.39611
47.40523
47.41435
47.42346
47.43259
47.44171
47.45083
47.45996
47.46908
47.47821
47.48734
47.49648
47.50561
47.51475
47.52388
47.53302
47.54216
47.55130
47.56045
47.56959
47.57874
47.58789
47.59704
47.60619
47.61534
47.62450
47.63365
47.64281
47.65197
47.66113
47.67030
47.67946
47.68863
47.69779
47.70696
47.71614
47.72531
47.73448
47.74366
47.75284
47.76202
47.77120
47.78038
47.78956
47.79875
47.80794
47.81713
47.82632
47.83551
47.84470
47.85390
47.86310
47.87230
47.88150
47.89070
47.89990
47.90911
47.91832
47.92753
47.93674
47.94595
47.95516
47.96438
47.97359
47.98281
47.99203
48.00126
48.01048
48.01971
48.02893
48.03816
48.04739
48.05662
48.06586
48.07509
48.08433
48.09357
48.10281
48.11205
48.12129
48.13054
48.13979
48.14903
48.15829
48.16754
48.17679
48.18605
48.19530
48.20456
48.21382
48.22308
48.23235
48.24161
48.25088
48.26015
48.26942
48.27869
48.28796
48.29724
48.30652
48.31579
48.32507
48.33436
48.34364
48.35293
48.36221
48.37150
48.38079
48.39008
48.39938
48.40867
48.41797
48.42727
48.43657
48.44587
48.45517
48.46448
48.47379
48.48310
48.49241
48.50172
48.51103
48.52035
48.52967
48.53898
48.54830
48.55763
48.56695
48.57628
48.58560
48.59493
48.60426
48.61360
48.62293
48.63227
48.64160
48.65094
48.66028
48.66963
48.67897
48.68832
48.69766
48.70701
48.71636
48.72572
48.73507
48.74443
48.75379
48.76314
48.77251
48.78187
48.79123
48.80060
48.80997
48.81934
48.82871
48.83808
48.84746
48.85683
48.86621
48.87559
48.88497
48.89436
48.90374
48.91313
48.92252
48.93191
48.94130
48.95069
48.96009
48.96949
48.97888
48.98828
48.99769
49.00709
49.01650
49.02590
49.03531
49.04472
49.05414
49.06355
49.07297
49.08238
49.09180
49.10122
49.11065
49.12007
49.12950
49.13893
49.14836
49.15779
49.16722
49.17666
49.18609
49.19553
49.20497
49.21441
49.22386
49.23330
49.24275
49.25220
49.26165
49.27110
49.28055
49.29001
49.29947
49.30893
49.31839
49.32785
49.33731
49.34678
49.35625
49.36572
49.37519
49.38466
49.39414
49.40361
49.41309
49.42257
49.43205
49.44154
49.45102
49.46051
49.47000
49.47949
49.48898
49.49847
49.50797
49.51747
49.52697
49.53647
49.54597
49.55547
49.56498
49.57449
49.58400
49.59351
49.60302
49.61254
49.62205
49.63157
49.64109
49.65062
49.66014
49.66966
49.67919
49.68872
49.69825
49.70778
49.71732
49.72686
49.73639
49.74593
49.75547
49.76502
49.77456
49.78411
49.79366
49.80321
49.81276
49.82231
49.83187
49.84143
49.85098
49.86055
49.87011
49.87967
49.88924
49.89881
49.90838
49.91795
49.92752
49.93710
49.94667
49.95625
49.96583
49.97541
49.98500
49.99458
50.00417
50.01376
50.02335
50.03294
50.04254
50.05214
50.06173
50.07133
50.08094
50.09054
50.10014
50.10975
50.11936
50.12897
50.13858
50.14820
50.15781
50.16743
50.17705
50.18667
50.19630
50.20592
50.21555
50.22518
50.23481
50.24444
50.25407
50.26371
50.27335
50.28299
50.29263
50.30227
50.31192
50.32156
50.33121
50.34086
50.35051
50.36017
50.36982
50.37948
50.38914
50.39880
50.40846
50.41813
50.42779
50.43746
50.44713
50.45681
50.46648
50.47615
50.48583
50.49551
50.50519
50.51488
50.52456
50.53425
50.54393
50.55362
50.56332
50.57301
50.58271
50.59240
50.60210
50.61180
50.62151
50.63121
50.64092
50.65063
50.66034
50.67005
50.67976
50.68948
50.69919
50.70891
50.71864
50.72836
50.73808
50.74781
50.75754
50.76727
50.77700
50.78673
50.79647
50.80621
50.81595
50.82569
50.83543
50.84518
50.85492
50.86467
50.87442
50.88418
50.89393
50.90369
50.91344
50.92320
50.93296
50.94273
50.95249
50.96226
50.97203
50.98180
50.99157
51.00135
51.01112
51.02090
51.03068
51.04046
51.05025
51.06003
51.06982
51.07961
51.08940
51.09919
51.10899
51.11879
51.12858
51.13838
51.14819
51.15799
51.16780
51.17761
51.18742
51.19723
51.20704
51.21686
51.22667
51.23649
51.24631
51.25614
51.26596
51.27579
51.28562
51.29545
51.30528
51.31511
51.32495
51.33479
51.34463
51.35447
51.36431
51.37416
51.38400
51.39385
51.40370
51.41356
51.42341
51.43327
51.44313
51.45299
51.46285
51.47271
51.48258
51.49245
51.50232
51.51219
51.52206
51.53194
51.54181
51.55169
51.56157
51.57146
51.58134
51.59123
51.60112
51.61101
51.62090
51.63079
51.64069
51.65059
51.66049
51.67039
51.68029
51.69020
51.70011
51.71002
51.71993
51.72984
51.73976
51.74967
51.75959
51.76951
51.77944
51.78936
51.79929
51.80922
51.81915
51.82908
51.83901
51.84895
51.85889
51.86883
51.87877
51.88871
51.89866
51.90861
51.91856
51.92851
51.93846
51.94842
51.95837
51.96833
51.97829
51.98826
51.99822
52.00819
52.01816
52.02813
52.03810
52.04808
52.05805
52.06803
52.07801
52.08799
52.09798
52.10796
52.11795
52.12794
52.13793
52.14793
52.15792
52.16792
52.17792
52.18792
52.19792
52.20793
52.21794
52.22795
52.23796
52.24797
52.25799
52.26800
52.27802
52.28804
52.29807
52.30809
52.31812
52.32815
52.33818
52.34821
52.35824
52.36828
52.37832
52.38836
52.39840
52.40845
52.41849
52.42854
52.43859
52.44864
52.45870
52.46875
52.47881
52.48887
52.49893
52.50900
52.51906
52.52913
52.53920
52.54927
52.55934
52.56942
52.57950
52.58958
52.59966
52.60974
52.61983
52.62991
52.64000
52.65010
52.66019
52.67028
52.68038
52.69048
52.70058
52.71068
52.72079
52.73090
52.74101
52.75112
52.76123
52.77134
52.78146
52.79158
52.80170
52.81182
52.82195
52.83208
52.84221
52.85234
52.86247
52.87260
52.88274
52.89288
52.90302
52.91316
52.92331
52.93345
52.94360
52.95375
52.96391
52.97406
52.98422
52.99438
53.00454
53.01470
53.02486
53.03503
53.04520
53.05537
53.06554
53.07572
53.08589
53.09607
53.10625
53.11644
53.12662
53.13681
53.14700
53.15719
53.16738
53.17757
53.18777
53.19797
53.20817
53.21837
53.22858
53.23879
53.24899
53.25920
53.26942
53.27963
53.28985
53.30007
53.31029
53.32051
53.33074
53.34096
53.35119
53.36142
53.37166
53.38189
53.39213
53.40237
53.41261
53.42285
53.43310
53.44334
53.45359
53.46385
53.47410
53.48435
53.49461
53.50487
53.51513
53.52540
53.53566
53.54593
53.55620
53.56647
53.57674
53.58702
53.59730
53.60758
53.61786
53.62814
53.63843
53.64872
53.65901
53.66930
53.67959
53.68989
53.70019
53.71049
53.72079
53.73109
53.74140
53.75171
53.76202
53.77233
53.78265
53.79296
53.80328
53.81360
53.82392
53.83425
53.84458
53.85490
53.86524
53.87557
53.88590
53.89624
53.90658
53.91692
53.92727
53.93761
53.94796
53.95831
53.96866
53.97901
53.98937
53.99973
54.01009
54.02045
54.03081
54.04118
54.05155
54.06192
54.07229
54.08267
54.09304
54.10342
54.11380
54.12418
54.13457
54.14496
54.15534
54.16574
54.17613
54.18652
54.19692
54.20732
54.21772
54.22813
54.23853
54.24894
54.25935
54.26976
54.28018
54.29059
54.30101
54.31143
54.32185
54.33228
54.34271
54.35313
54.36357
54.37400
54.38443
54.39487
54.40531
54.41575
54.42619
54.43664
54.44709
54.45754
54.46799
54.47844
54.48890
54.49936
54.50982
54.52028
54.53075
54.54121
54.55168
54.56215
54.57263
54.58310
54.59358
54.60406
54.61454
54.62502
54.63551
54.64600
54.65649
54.66698
54.67747
54.68797
54.69847
54.70897
54.71947
54.72998
54.74048
54.75099
54.76150
54.77202
54.78253
54.79305
54.80357
54.81409
54.82462
54.83514
54.84567
54.85620
54.86673
54.87727
54.88781
54.89834
54.90889
54.91943
54.92998
54.94052
54.95107
54.96162
54.97218
54.98273
54.99329
55.00385
55.01442
55.02498
55.03555
55.04612
55.05669
55.06726
55.07784
55.08842
55.09900
55.10958
55.12016
55.13075
55.14134
55.15193
55.16252
55.17312
55.18371
55.19431
55.20491
55.21552
55.22612
55.23673
55.24734
55.25796
55.26857
55.27919
55.28981
55.30043
55.31105
55.32168
55.33230
55.34293
55.35357
55.36420
55.37484
55.38547
55.39611
55.40676
55.41740
55.42805
55.43870
55.44935
55.46001
55.47066
55.48132
55.49198
55.50264
55.51331
55.52397
55.53464
55.54532
55.55599
55.56666
55.57734
55.58802
55.59871
55.60939
55.62008
55.63077
55.64146
55.65215
55.66285
55.67354
55.68424
55.69495
55.70565
55.71636
55.72707
55.73778
55.74849
55.75921
55.76992
55.78064
55.79137
55.80209
55.81282
55.82355
55.83428
55.84501
55.85575
55.86648
55.87722
55.88797
55.89871
55.90946
55.92020
55.93096
55.94171
55.95246
55.96322
55.97398
55.98474
55.99551
56.00628
56.01704
56.02782
56.03859
56.04936
56.06014
56.07092
56.08170
56.09249
56.10328
56.11407
56.12486
56.13565
56.14645
56.15724
56.16804
56.17885
56.18965
56.20046
56.21127
56.22208
56.23289
56.24371
56.25453
56.26535
56.27617
56.28700
56.29782
56.30865
56.31948
56.33032
56.34115
56.35199
56.36283
56.37368
56.38452
56.39537
56.40622
56.41707
56.42793
56.43878
56.44964
56.46050
56.47137
56.48223
56.49310
56.50397
56.51484
56.52572
56.53660
56.54748
56.55836
56.56924
56.58013
56.59102
56.60191
56.61280
56.62370
56.63459
56.64549
56.65640
56.66730
56.67821
56.68912
56.70003
56.71094
56.72186
56.73278
56.74370
56.75462
56.76555
56.77647
56.78740
56.79834
56.80927
56.82021
56.83115
56.84209
56.85303
56.86398
56.87493
56.88588
56.89683
56.90778
56.91874
56.92970
56.94066
56.95163
56.96260
56.97356
56.98454
56.99551
57.00649
57.01746
57.02845
57.03943
57.05041
57.06140
57.07239
57.08338
57.09438
57.10538
57.11637
57.12738
57.13838
57.14939
57.16040
57.17141
57.18242
57.19344
57.20445
57.21547
57.22650
57.23752
57.24855
57.25958
57.27061
57.28165
57.29268
57.30372
57.31476
57.32581
57.33685
57.34790
57.35895
57.37000
57.38106
57.39212
57.40318
57.41424
57.42531
57.43637
57.44744
57.45851
57.46959
57.48067
57.49174
57.50283
57.51391
57.52500
57.53608
57.54718
57.55827
57.56936
57.58046
57.59156
57.60267
57.61377
57.62488
57.63599
57.64710
57.65822
57.66933
57.68045
57.69157
57.70270
57.71382
57.72495
57.73608
57.74722
57.75835
57.76949
57.78063
57.79178
57.80292
57.81407
57.82522
57.83637
57.84753
57.85869
57.86985
57.88101
57.89217
57.90334
57.91451
57.92568
57.93686
57.94803
57.95921
57.97039
57.98158
57.99276
58.00395
58.01514
58.02634
58.03753
58.04873
58.05993
58.07114
58.08234
58.09355
58.10476
58.11597
58.12719
58.13841
58.14963
58.16085
58.17208
58.18330
58.19453
58.20576
58.21700
58.22824
58.23948
58.25072
58.26196
58.27321
58.28446
58.29571
58.30697
58.31822
58.32948
58.34074
58.35201
58.36327
58.37454
58.38581
58.39709
58.40836
58.41964
58.43092
58.44221
58.45349
58.46478
58.47607
58.48736
58.49866
58.50996
58.52126
58.53256
58.54387
58.55518
58.56649
58.57780
58.58911
58.60043
58.61175
58.62308
58.63440
58.64573
58.65706
58.66839
58.67973
58.69106
58.70240
58.71375
58.72509
58.73644
58.74779
58.75914
58.77050
58.78185
58.79321
58.80458
58.81594
58.82731
58.83868
58.85005
58.86143
58.87280
58.88418
58.89557
58.90695
58.91834
58.92973
58.94112
58.95251
58.96391
58.97531
58.98671
58.99812
59.00952
59.02093
59.03235
59.04376
59.05518
59.06660
59.07802
59.08945
59.10087
59.11230
59.12373
59.13517
59.14661
59.15805
59.16949
59.18093
59.19238
59.20383
59.21528
59.22674
59.23820
59.24966
59.26112
59.27258
59.28405
59.29552
59.30699
59.31847
59.32995
59.34143
59.35291
59.36439
59.37588
59.38737
59.39887
59.41036
59.42186
59.43336
59.44486
59.45637
59.46788
59.47939
59.49090
59.50242
59.51393
59.52546
59.53698
59.54850
59.56003
59.57156
59.58310
59.59463
59.60617
59.61771
59.62926
59.64080
59.65235
59.66390
59.67546
59.68702
59.69857
59.71014
59.72170
59.73327
59.74484
59.75641
59.76798
59.77956
59.79114
59.80272
59.81431
59.82590
59.83749
59.84908
59.86067
59.87227
59.88387
59.89547
59.90708
59.91869
59.93030
59.94191
59.95353
59.96515
59.97677
59.98839
60.00002
60.01165
60.02328
60.03491
60.04655
60.05819
60.06983
60.08148
60.09312
60.10477
60.11642
60.12808
60.13974
60.15140
60.16306
60.17473
60.18639
60.19806
60.20974
60.22141
60.23309
60.24477
60.25646
60.26814
60.27983
60.29152
60.30322
60.31491
60.32661
60.33832
60.35002
60.36173
60.37344
60.38515
60.39687
60.40858
60.42030
60.43203
60.44375
60.45548
60.46721
60.47895
60.49068
60.50242
60.51416
60.52591
60.53765
60.54940
60.56116
60.57291
60.58467
60.59643
60.60819
60.61996
60.63172
60.64350
60.65527
60.66704
60.67882
60.69061
60.70239
60.71418
60.72597
60.73776
60.74955
60.76135
60.77315
60.78495
60.79676
60.80857
60.82038
60.83219
60.84401
60.85583
60.86765
60.87947
60.89130
60.90313
60.91496
60.92679
60.93863
60.95047
60.96232
60.97416
60.98601
60.99786
61.00971
61.02157
61.03343
61.04529
61.05716
61.06902
61.08089
61.09277
61.10464
61.11652
61.12840
61.14028
61.15217
61.16406
61.17595
61.18785
61.19974
61.21164
61.22355
61.23545
61.24736
61.25927
61.27118
61.28310
61.29502
61.30694
61.31886
61.33079
61.34272
61.35465
61.36659
61.37853
61.39047
61.40241
61.41436
61.42630
61.43826
61.45021
61.46217
61.47413
61.48609
61.49805
61.51002
61.52199
61.53397
61.54594
61.55792
61.56990
61.58189
61.59388
61.60587
61.61786
61.62985
61.64185
61.65385
61.66586
61.67786
61.68987
61.70189
61.71390
61.72592
61.73794
61.74996
61.76199
61.77402
61.78605
61.79808
61.81012
61.82216
61.83420
61.84625
61.85830
61.87035
61.88240
61.89446
61.90652
61.91858
61.93064
61.94271
61.95478
61.96686
61.97893
61.99101
62.00309
62.01518
62.02726
62.03935
62.05145
62.06354
62.07564
62.08774
62.09985
62.11195
62.12406
62.13618
62.14829
62.16041
62.17253
62.18465
62.19678
62.20891
62.22104
62.23318
62.24532
62.25746
62.26960
62.28175
62.29390
62.30605
62.31820
62.33036
62.34252
62.35468
62.36685
62.37902
62.39119
62.40337
62.41554
62.42772
62.43991
62.45209
62.46428
62.47647
62.48867
62.50087
62.51307
62.52527
62.53747
62.54968
62.56190
62.57411
62.58633
62.59855
62.61077
62.62300
62.63523
62.64746
62.65969
62.67193
62.68417
62.69641
62.70866
62.72091
62.73316
62.74541
62.75767
62.76993
62.78220
62.79446
62.80673
62.81900
62.83128
62.84356
62.85584
62.86812
62.88041
62.89270
62.90499
62.91728
62.92958
62.94188
62.95419
62.96649
62.97880
62.99111
63.00343
63.01575
63.02807
63.04039
63.05272
63.06505
63.07738
63.08972
63.10206
63.11440
63.12674
63.13909
63.15144
63.16380
63.17615
63.18851
63.20087
63.21324
63.22561
63.23798
63.25035
63.26273
63.27511
63.28749
63.29987
63.31226
63.32465
63.33705
63.34945
63.36185
63.37425
63.38666
63.39906
63.41148
63.42389
63.43631
63.44873
63.46115
63.47358
63.48601
63.49844
63.51088
63.52332
63.53576
63.54820
63.56065
63.57310
63.58555
63.59801
63.61047
63.62293
63.63540
63.64787
63.66034
63.67281
63.68529
63.69777
63.71025
63.72274
63.73523
63.74772
63.76021
63.77271
63.78521
63.79772
63.81022
63.82273
63.83525
63.84776
63.86028
63.87280
63.88533
63.89786
63.91039
63.92292
63.93546
63.94800
63.96054
63.97309
63.98564
63.99819
64.01074
64.02330
64.03586
64.04843
64.06099
64.07357
64.08614
64.09871
64.11129
64.12388
64.13646
64.14905
64.16164
64.17424
64.18683
64.19943
64.21204
64.22464
64.23725
64.24987
64.26248
64.27510
64.28772
64.30035
64.31297
64.32561
64.33824
64.35088
64.36352
64.37616
64.38881
64.40146
64.41411
64.42676
64.43942
64.45208
64.46475
64.47742
64.49009
64.50276
64.51544
64.52812
64.54080
64.55349
64.56617
64.57887
64.59156
64.60426
64.61696
64.62967
64.64237
64.65508
64.66780
64.68052
64.69324
64.70596
64.71868
64.73141
64.74415
64.75688
64.76962
64.78236
64.79511
64.80785
64.82061
64.83336
64.84612
64.85888
64.87164
64.88441
64.89718
64.90995
64.92273
64.93551
64.94829
64.96107
64.97386
64.98665
64.99945
65.01224
65.02505
65.03785
65.05066
65.06347
65.07628
65.08910
65.10192
65.11474
65.12757
65.14040
65.15323
65.16606
65.17890
65.19174
65.20459
65.21744
65.23029
65.24314
65.25600
65.26886
65.28172
65.29459
65.30746
65.32033
65.33321
65.34609
65.35897
65.37186
65.38475
65.39764
65.41054
65.42344
65.43634
65.44924
65.46215
65.47506
65.48798
65.50089
65.51382
65.52674
65.53967
65.55260
65.56553
65.57847
65.59141
65.60435
65.61730
65.63025
65.64320
65.65616
65.66912
65.68208
65.69505
65.70801
65.72099
65.73396
65.74694
65.75992
65.77291
65.78590
65.79889
65.81188
65.82488
65.83788
65.85089
65.86389
65.87690
65.88992
65.90294
65.91596
65.92898
65.94201
65.95504
65.96807
65.98111
65.99415
66.00719
66.02024
66.03329
66.04634
66.05940
66.07246
66.08552
66.09859
66.11166
66.12473
66.13780
66.15088
66.16397
66.17705
66.19014
66.20323
66.21633
66.22943
66.24253
66.25563
66.26874
66.28185
66.29497
66.30809
66.32121
66.33433
66.34746
66.36059
66.37373
66.38687
66.40001
66.41315
66.42630
66.43945
66.45261
66.46577
66.47893
66.49209
66.50526
66.51843
66.53161
66.54478
66.55796
66.57115
66.58434
66.59753
66.61072
66.62392
66.63712
66.65033
66.66353
66.67674
66.68996
66.70318
66.71640
66.72962
66.74285
66.75608
66.76931
66.78255
66.79579
66.80904
66.82229
66.83554
66.84879
66.86205
66.87531
66.88857
66.90184
66.91511
66.92839
66.94167
66.95495
66.96823
66.98152
66.99481
67.00811
67.02141
67.03471
67.04801
67.06132
67.07463
67.08795
67.10127
67.11459
67.12791
67.14124
67.15457
67.16791
67.18125
67.19459
67.20794
67.22128
67.23464
67.24799
67.26135
67.27471
67.28808
67.30145
67.31482
67.32820
67.34158
67.35496
67.36835
67.38174
67.39513
67.40853
67.42193
67.43533
67.44874
67.46215
67.47556
67.48898
67.50240
67.51582
67.52925
67.54268
67.55612
67.56956
67.58300
67.59644
67.60989
67.62334
67.63680
67.65026
67.66372
67.67718
67.69065
67.70412
67.71760
67.73108
67.74456
67.75805
67.77154
67.78503
67.79853
67.81203
67.82553
67.83904
67.85255
67.86606
67.87958
67.89310
67.90663
67.92016
67.93369
67.94722
67.96076
67.97430
67.98785
68.00140
68.01495
68.02851
68.04206
68.05563
68.06919
68.08276
68.09634
68.10991
68.12350
68.13708
68.15067
68.16426
68.17785
68.19145
68.20505
68.21866
68.23227
68.24588
68.25949
68.27311
68.28674
68.30036
68.31399
68.32763
68.34126
68.35490
68.36855
68.38220
68.39585
68.40950
68.42316
68.43682
68.45049
68.46416
68.47783
68.49150
68.50518
68.51887
68.53255
68.54624
68.55994
68.57364
68.58734
68.60104
68.61475
68.62846
68.64218
68.65590
68.66962
68.68334
68.69707
68.71081
68.72454
68.73828
68.75203
68.76578
68.77953
68.79328
68.80704
68.82080
68.83457
68.84834
68.86211
68.87589
68.88967
68.90345
68.91724
68.93103
68.94482
68.95862
68.97243
68.98623
69.00004
69.01385
69.02767
69.04149
69.05531
69.06914
69.08297
69.09681
69.11064
69.12449
69.13833
69.15218
69.16603
69.17989
69.19375
69.20761
69.22148
69.23535
69.24923
69.26311
69.27699
69.29087
69.30476
69.31866
69.33255
69.34645
69.36036
69.37427
69.38818
69.40209
69.41601
69.42993
69.44386
69.45779
69.47172
69.48566
69.49960
69.51355
69.52750
69.54145
69.55540
69.56936
69.58333
69.59729
69.61126
69.62524
69.63922
69.65320
69.66718
69.68117
69.69517
69.70916
69.72316
69.73717
69.75118
69.76519
69.77920
69.79322
69.80725
69.82127
69.83530
69.84934
69.86337
69.87742
69.89146
69.90551
69.91956
69.93362
69.94768
69.96175
69.97581
69.98988
70.00396
70.01804
70.03212
70.04621
70.06030
70.07439
70.08849
70.10259
70.11670
70.13081
70.14492
70.15904
70.17316
70.18729
70.20141
70.21555
70.22968
70.24382
70.25797
70.27211
70.28626
70.30042
70.31458
70.32874
70.34291
70.35708
70.37125
70.38543
70.39961
70.41380
70.42799
70.44218
70.45638
70.47058
70.48478
70.49899
70.51320
70.52742
70.54164
70.55586
70.57009
70.58432
70.59856
70.61280
70.62704
70.64129
70.65554
70.66979
70.68405
70.69832
70.71258
70.72685
70.74113
70.75540
70.76969
70.78397
70.79826
70.81256
70.82685
70.84115
70.85546
70.86977
70.88408
70.89840
70.91272
70.92704
70.94137
70.95571
70.97004
70.98438
70.99873
71.01307
71.02743
71.04178
71.05614
71.07051
71.08487
71.09925
71.11362
71.12800
71.14238
71.15677
71.17116
71.18556
71.19996
71.21436
71.22877
71.24318
71.25759
71.27201
71.28643
71.30086
71.31529
71.32973
71.34417
71.35861
71.37305
71.38751
71.40196
71.41642
71.43088
71.44535
71.45982
71.47429
71.48877
71.50325
71.51774
71.53223
71.54672
71.56122
71.57572
71.59023
71.60474
71.61926
71.63377
71.64830
71.66282
71.67735
71.69189
71.70643
71.72097
71.73551
71.75006
71.76462
71.77918
71.79374
71.80831
71.82288
71.83745
71.85203
71.86661
71.88120
71.89579
71.91038
71.92498
71.93959
71.95419
71.96880
71.98342
71.99804
72.01266
72.02729
72.04192
72.05656
72.07119
72.08584
72.10049
72.11514
72.12979
72.14445
72.15912
72.17378
72.18846
72.20313
72.21781
72.23250
72.24719
72.26188
72.27657
72.29127
72.30598
72.32069
72.33540
72.35012
72.36484
72.37957
72.39429
72.40903
72.42377
72.43851
72.45325
72.46800
72.48276
72.49752
72.51228
72.52705
72.54182
72.55659
72.57137
72.58615
72.60094
72.61573
72.63053
72.64533
72.66013
72.67494
72.68975
72.70457
72.71939
72.73421
72.74904
72.76388
72.77871
72.79355
72.80840
72.82325
72.83810
72.85296
72.86782
72.88269
72.89756
72.91244
72.92732
72.94220
72.95709
72.97198
72.98687
73.00177
73.01668
73.03159
73.04650
73.06142
73.07634
73.09126
73.10619
73.12113
73.13607
73.15101
73.16595
73.18091
73.19586
73.21082
73.22578
73.24075
73.25572
73.27070
73.28568
73.30067
73.31565
73.33065
73.34565
73.36065
73.37565
73.39066
73.40568
73.42070
73.43572
73.45075
73.46578
73.48082
73.49586
73.51090
73.52595
73.54100
73.55606
73.57112
73.58619
73.60126
73.61634
73.63141
73.64650
73.66159
73.67668
73.69177
73.70688
73.72198
73.73709
73.75220
73.76732
73.78244
73.79757
73.81270
73.82784
73.84298
73.85812
73.87327
73.88842
73.90358
73.91874
73.93391
73.94908
73.96425
73.97943
73.99461
74.00980
74.02499
74.04019
74.05539
74.07060
74.08581
74.10102
74.11624
74.13146
74.14669
74.16192
74.17715
74.19240
74.20764
74.22289
74.23814
74.25340
74.26866
74.28393
74.29920
74.31448
74.32976
74.34504
74.36033
74.37562
74.39092
74.40622
74.42153
74.43684
74.45216
74.46748
74.48280
74.49813
74.51346
74.52880
74.54414
74.55949
74.57484
74.59020
74.60556
74.62092
74.63629
74.65166
74.66704
74.68242
74.69781
74.71320
74.72860
74.74400
74.75940
74.77481
74.79023
74.80564
74.82107
74.83649
74.85193
74.86736
74.88280
74.89825
74.91370
74.92915
74.94461
74.96008
74.97554
74.99102
75.00649
75.02198
75.03746
75.05295
75.06845
75.08395
75.09945
75.11496
75.13047
75.14599
75.16151
75.17704
75.19257
75.20811
75.22365
75.23920
75.25475
75.27030
75.28586
75.30142
75.31699
75.33256
75.34814
75.36372
75.37931
75.39490
75.41050
75.42610
75.44170
75.45731
75.47293
75.48855
75.50417
75.51980
75.53543
75.55107
75.56671
75.58236
75.59801
75.61367
75.62933
75.64499
75.66066
75.67634
75.69201
75.70770
75.72339
75.73908
75.75478
75.77048
75.78619
75.80190
75.81762
75.83334
75.84906
75.86479
75.88053
75.89627
75.91201
75.92776
75.94352
75.95928
75.97504
75.99081
76.00658
76.02236
76.03814
76.05393
76.06972
76.08551
76.10132
76.11712
76.13293
76.14875
76.16457
76.18039
76.19622
76.21206
76.22789
76.24374
76.25959
76.27544
76.29130
76.30716
76.32303
76.33890
76.35478
76.37066
76.38655
76.40244
76.41833
76.43423
76.45014
76.46605
76.48197
76.49789
76.51381
76.52974
76.54567
76.56161
76.57756
76.59351
76.60946
76.62542
76.64138
76.65735
76.67332
76.68930
76.70528
76.72127
76.73726
76.75326
76.76926
76.78527
76.80128
76.81730
76.83332
76.84934
76.86537
76.88141
76.89745
76.91350
76.92955
76.94560
76.96166
76.97773
76.99380
77.00987
77.02595
77.04204
77.05813
77.07422
77.09032
77.10642
77.12253
77.13865
77.15477
77.17089
77.18702
77.20315
77.21929
77.23543
77.25158
77.26774
77.28389
77.30006
77.31623
77.33240
77.34858
77.36476
77.38095
77.39714
77.41334
77.42954
77.44575
77.46196
77.47818
77.49440
77.51063
77.52686
77.54310
77.55934
77.57559
77.59184
77.60810
77.62436
77.64063
77.65690
77.67318
77.68946
77.70575
77.72204
77.73834
77.75464
77.77095
77.78726
77.80358
77.81990
77.83623
77.85256
77.86890
77.88524
77.90159
77.91795
77.93430
77.95067
77.96703
77.98341
77.99979
78.01617
78.03256
78.04895
78.06535
78.08175
78.09816
78.11458
78.13099
78.14742
78.16385
78.18028
78.19672
78.21317
78.22961
78.24607
78.26253
78.27899
78.29546
78.31194
78.32842
78.34490
78.36139
78.37789
78.39439
78.41090
78.42741
78.44392
78.46044
78.47697
78.49350
78.51004
78.52658
78.54313
78.55968
78.57624
78.59280
78.60937
78.62594
78.64252
78.65910
78.67569
78.69229
78.70888
78.72549
78.74210
78.75871
78.77533
78.79196
78.80859
78.82522
78.84186
78.85851
78.87516
78.89182
78.90848
78.92514
78.94182
78.95849
78.97518
78.99186
79.00856
79.02525
79.04196
79.05867
79.07538
79.09210
79.10882
79.12555
79.14229
79.15903
79.17578
79.19253
79.20928
79.22605
79.24281
79.25958
79.27636
79.29314
79.30993
79.32673
79.34352
79.36033
79.37714
79.39395
79.41077
79.42760
79.44443
79.46127
79.47811
79.49495
79.51181
79.52866
79.54553
79.56239
79.57927
79.59615
79.61303
79.62992
79.64682
79.66372
79.68062
79.69753
79.71445
79.73137
79.74830
79.76523
79.78217
79.79912
79.81606
79.83302
79.84998
79.86694
79.88392
79.90089
79.91787
79.93486
79.95185
79.96885
79.98585
80.00286
80.01988
80.03690
80.05392
80.07095
80.08799
80.10503
80.12208
80.13913
80.15619
80.17325
80.19032
80.20740
80.22448
80.24156
80.25865
80.27575
80.29285
80.30996
80.32707
80.34419
80.36131
80.37844
80.39558
80.41272
80.42987
80.44702
80.46418
80.48134
80.49851
80.51568
80.53286
80.55005
80.56724
80.58443
80.60163
80.61884
80.63606
80.65327
80.67050
80.68773
80.70496
80.72220
80.73945
80.75670
80.77396
80.79122
80.80849
80.82577
80.84305
80.86033
80.87762
80.89492
80.91222
80.92953
80.94685
80.96417
80.98149
80.99882
81.01616
81.03350
81.05085
81.06820
81.08556
81.10293
81.12030
81.13768
81.15506
81.17244
81.18984
81.20724
81.22464
81.24205
81.25947
81.27689
81.29432
81.31175
81.32919
81.34664
81.36409
81.38154
81.39900
81.41647
81.43395
81.45143
81.46891
81.48640
81.50390
81.52140
81.53891
81.55642
81.57394
81.59147
81.60900
81.62654
81.64408
81.66163
81.67918
81.69674
81.71431
81.73188
81.74946
81.76704
81.78463
81.80222
81.81982
81.83743
81.85504
81.87266
81.89029
81.90792
81.92555
81.94319
81.96084
81.97850
81.99615
82.01382
82.03149
82.04917
82.06685
82.08454
82.10223
82.11993
82.13764
82.15535
82.17307
82.19080
82.20853
82.22626
82.24400
82.26175
82.27950
82.29726
82.31503
82.33280
82.35058
82.36836
82.38615
82.40395
82.42175
82.43956
82.45737
82.47519
82.49301
82.51084
82.52868
82.54652
82.56437
82.58223
82.60009
82.61796
82.63583
82.65371
82.67159
82.68948
82.70738
82.72529
82.74319
82.76111
82.77903
82.79696
82.81489
82.83283
82.85078
82.86873
82.88669
82.90465
82.92262
82.94059
82.95858
82.97656
82.99456
83.01256
83.03056
83.04858
83.06659
83.08462
83.10265
83.12069
83.13873
83.15678
83.17483
83.19289
83.21096
83.22904
83.24711
83.26520
83.28329
83.30139
83.31949
83.33760
83.35572
83.37384
83.39197
83.41011
83.42825
83.44640
83.46455
83.48271
83.50088
83.51905
83.53723
83.55541
83.57360
83.59180
83.61000
83.62821
83.64643
83.66465
83.68288
83.70111
83.71935
83.73760
83.75585
83.77411
83.79238
83.81065
83.82893
83.84721
83.86550
83.88380
83.90210
83.92041
83.93873
83.95705
83.97538
83.99372
84.01206
84.03040
84.04876
84.06712
84.08548
84.10386
84.12224
84.14062
84.15901
84.17741
84.19582
84.21423
84.23265
84.25107
84.26950
84.28794
84.30638
84.32483
84.34328
84.36175
84.38021
84.39869
84.41717
84.43566
84.45415
84.47265
84.49116
84.50967
84.52819
84.54672
84.56525
84.58379
84.60234
84.62089
84.63945
84.65801
84.67658
84.69516
84.71374
84.73234
84.75093
84.76954
84.78815
84.80676
84.82539
84.84402
84.86265
84.88130
84.89995
84.91860
84.93726
84.95593
84.97461
84.99329
85.01198
85.03067
85.04938
85.06808
85.08680
85.10552
85.12425
85.14298
85.16173
85.18047
85.19923
85.21799
85.23676
85.25553
85.27431
85.29310
85.31189
85.33069
85.34950
85.36831
85.38714
85.40596
85.42480
85.44364
85.46248
85.48134
85.50020
85.51907
85.53794
85.55682
85.57571
85.59460
85.61350
85.63241
85.65132
85.67024
85.68917
85.70811
85.72705
85.74600
85.76495
85.78391
85.80288
85.82185
85.84083
85.85982
85.87882
85.89782
85.91683
85.93584
85.95487
85.97389
85.99293
86.01197
86.03102
86.05008
86.06914
86.08821
86.10729
86.12637
86.14546
86.16456
86.18366
86.20277
86.22189
86.24101
86.26014
86.27928
86.29843
86.31758
86.33674
86.35590
86.37507
86.39425
86.41344
86.43263
86.45183
86.47104
86.49025
86.50947
86.52870
86.54794
86.56718
86.58643
86.60568
86.62494
86.64421
86.66349
86.68277
86.70206
86.72136
86.74066
86.75998
86.77929
86.79862
86.81795
86.83729
86.85664
86.87599
86.89535
86.91472
86.93409
86.95347
86.97286
86.99226
87.01166
87.03107
87.05048
87.06991
87.08934
87.10878
87.12822
87.14767
87.16713
87.18660
87.20607
87.22555
87.24504
87.26453
87.28403
87.30354
87.32306
87.34258
87.36211
87.38165
87.40119
87.42074
87.44030
87.45987
87.47944
87.49902
87.51861
87.53820
87.55781
87.57742
87.59703
87.61665
87.63629
87.65592
87.67557
87.69522
87.71488
87.73455
87.75422
87.77390
87.79359
87.81329
87.83299
87.85270
87.87242
87.89214
87.91187
87.93161
87.95136
87.97111
87.99087
88.01064
88.03042
88.05020
88.06999
88.08979
88.10960
88.12941
88.14923
88.16905
88.18889
88.20873
88.22858
88.24844
88.26830
88.28817
88.30805
88.32794
88.34783
88.36773
88.38764
88.40756
88.42748
88.44741
88.46735
88.48729
88.50725
88.52721
88.54718
88.56715
88.58713
88.60712
88.62712
88.64713
88.66714
88.68716
88.70719
88.72722
88.74727
88.76732
88.78737
88.80744
88.82751
88.84759
88.86768
88.88778
88.90788
88.92799
88.94811
88.96823
88.98837
89.00851
89.02866
89.04881
89.06898
89.08915
89.10933
89.12951
89.14971
89.16991
89.19012
89.21033
89.23056
89.25079
89.27103
89.29128
89.31153
89.33180
89.35207
89.37235
89.39263
89.41293
89.43323
89.45354
89.47385
89.49418
89.51451
89.53485
89.55520
89.57555
89.59592
89.61629
89.63667
89.65705
89.67745
89.69785
89.71826
89.73868
89.75910
89.77953
89.79998
89.82042
89.84088
89.86134
89.88182
89.90230
89.92278
89.94328
89.96378
89.98430
90.00481
90.02534
90.04588
90.06642
90.08697
90.10753
90.12810
90.14867
90.16925
90.18984
90.21044
90.23105
90.25166
90.27228
90.29291
90.31355
90.33420
90.35485
90.37551
90.39618
90.41686
90.43755
90.45824
90.47894
90.49965
90.52037
90.54109
90.56183
90.58257
90.60332
90.62408
90.64484
90.66562
90.68640
90.70719
90.72799
90.74879
90.76961
90.79043
90.81126
90.83210
90.85295
90.87380
90.89467
90.91554
90.93642
90.95730
90.97820
90.99910
91.02001
91.04093
91.06186
91.08280
91.10374
91.12470
91.14566
91.16663
91.18760
91.20859
91.22958
91.25058
91.27159
91.29261
91.31364
91.33467
91.35572
91.37677
91.39783
91.41890
91.43997
91.46106
91.48215
91.50325
91.52436
91.54548
91.56660
91.58774
