2.97861
2.97861
2.97860
2.97859
2.97857
2.97855
2.97852
2.97850
2.97846
2.97843
2.97839
2.97834
2.97830
2.97825
2.97820
2.97815
2.97810
2.97804
2.97799
2.97793
2.97787
2.97781
2.97774
2.97768
2.97762
2.97755
2.97749
2.97742
2.97736
2.97729
2.97723
2.97716
2.97710
2.97703
2.97697
2.97690
2.97684
2.97678
2.97672
2.97665
2.97659
2.97653
2.97647
2.97642
2.97636
2.97630
2.97625
2.97619
2.97614
2.97609
2.97604
2.97599
2.97594
2.97590
2.97585
2.97581
2.97577
2.97573
2.97569
2.97566
2.97562
2.97559
2.97556
2.97553
2.97550
2.97547
2.97545
2.97542
2.97540
2.97538
2.97536
2.97535
2.97533
2.97532
2.97531
2.97530
2.97529
2.97529
2.97528
2.97528
2.97528
2.97528
2.97529
2.97529
2.97530
2.97531
2.97532
2.97533
2.97534
2.97536
2.97537
2.97539
2.97541
2.97544
2.97546
2.97549
2.97552
2.97554
2.97558
2.97561
2.97564
2.97568
2.97572
2.97576
2.97580
2.97584
2.97588
2.97593
2.97598
2.97603
2.97608
2.97613
2.97618
2.97624
2.97629
2.97635
2.97641
2.97647
2.97653
2.97660
2.97666
2.97673
2.97680
2.97687
2.97694
2.97701
2.97708
2.97716
2.97723
2.97731
2.97739
2.97747
2.97755
2.97763
2.97772
2.97780
2.97789
2.97798
2.97806
2.97815
2.97824
2.97834
2.97843
2.97852
2.97862
2.97871
2.97881
2.97891
2.97901
2.97911
2.97921
2.97932
2.97942
2.97952
2.97963
2.97974
2.97984
2.97995
2.98006
2.98017
2.98028
2.98039
2.98051
2.98062
2.98074
2.98085
2.98097
2.98109
2.98120
2.98132
2.98144
2.98156
2.98168
2.98181
2.98193
2.98205
2.98218
2.98230
2.98243
2.98256
2.98268
2.98281
2.98294
2.98307
2.98320
2.98333
2.98346
2.98359
2.98372
2.98386
2.98399
2.98413
2.98426
2.98440
2.98453
2.98467
2.98481
2.98494
2.98508
2.98522
2.98536
2.98550
2.98564
2.98578
2.98592
2.98606
2.98621
2.98635
2.98649
2.98664
2.98678
2.98693
2.98707
2.98722
2.98736
2.98751
2.98766
2.98780
2.98795
2.98810
2.98825
2.98840
2.98855
2.98870
2.98885
2.98900
2.98915
2.98930
2.98945
2.98960
2.98976
2.98991
2.99006
2.99021
2.99037
2.99052
2.99068
2.99083
2.99099
2.99114
2.99130
2.99145
2.99161
2.99176
2.99192
2.99208
2.99223
2.99239
2.99255
2.99271
2.99287
2.99302
2.99318
2.99334
2.99350
2.99366
2.99382
2.99398
2.99414
2.99430
2.99446
2.99462
2.99478
2.99494
2.99511
2.99527
2.99543
2.99559
2.99575
2.99592
2.99608
2.99624
2.99640
2.99657
2.99673
2.99689
2.99706
2.99722
2.99739
2.99755
2.99771
2.99788
2.99804
2.99821
2.99837
2.99854
2.99870
2.99887
2.99903
2.99920
2.99937
2.99953
2.99970
2.99986
3.00003
3.00020
3.00036
3.00053
3.00070
3.00087
3.00103
3.00120
3.00137
3.00153
3.00170
3.00187
3.00204
3.00221
3.00237
3.00254
3.00271
3.00288
3.00305
3.00322
3.00338
3.00355
3.00372
3.00389
3.00406
3.00423
3.00440
3.00457
3.00474
3.00491
3.00508
3.00525
3.00542
3.00559
3.00576
3.00593
3.00610
3.00627
3.00644
3.00661
3.00678
3.00695
3.00712
3.00729
3.00746
3.00763
3.00780
3.00797
3.00814
3.00832
3.00849
3.00866
3.00883
3.00900
3.00917
3.00934
3.00951
3.00969
3.00986
3.01003
3.01020
3.01037
3.01055
3.01072
3.01089
3.01106
3.01123
3.01141
3.01158
3.01175
3.01192
3.01209
3.01227
3.01244
3.01261
3.01278
3.01296
3.01313
3.01330
3.01348
3.01365
3.01382
3.01399
3.01417
3.01434
3.01451
3.01469
3.01486
3.01503
3.01520
3.01538
3.01555
3.01572
3.01590
3.01607
3.01624
3.01642
3.01659
3.01676
3.01694
3.01711
3.01729
3.01746
3.01763
3.01781
3.01798
3.01815
3.01833
3.01850
3.01868
3.01885
3.01902
3.01920
3.01937
3.01955
3.01972
3.01989
3.02007
3.02024
3.02042
3.02059
3.02076
3.02094
3.02111
3.02129
3.02146
3.02164
3.02181
3.02199
3.02216
3.02233
3.02251
3.02268
3.02286
3.02303
3.02321
3.02338
3.02356
3.02373
3.02391
3.02408
3.02426
3.02443
3.02461
3.02478
3.02496
3.02513
3.02531
3.02548
3.02566
3.02583
3.02601
3.02618
3.02636
3.02653
3.02671
3.02688
3.02706
3.02723
3.02741
3.02758
3.02776
3.02793
3.02811
3.02828
3.02846
3.02863
3.02881
3.02898
3.02916
3.02934
3.02951
3.02969
3.02986
3.03004
3.03021
3.03039
3.03056
3.03074
3.03092
3.03109
3.03127
3.03144
3.03162
3.03179
3.03197
3.03215
3.03232
3.03250
3.03267
3.03285
3.03302
3.03320
3.03338
3.03355
3.03373
3.03390
3.03408
3.03426
3.03443
3.03461
3.03478
3.03496
3.03514
3.03531
3.03549
3.03566
3.03584
3.03602
3.03619
3.03637
3.03655
3.03672
3.03690
3.03707
3.03725
3.03743
3.03760
3.03778
3.03796
3.03813
3.03831
3.03849
3.03866
3.03884
3.03901
3.03919
3.03937
3.03954
3.03972
3.03990
3.04007
3.04025
3.04043
3.04060
3.04078
3.04096
3.04113
3.04131
3.04149
3.04166
3.04184
3.04202
3.04219
3.04237
3.04255
3.04272
3.04290
3.04308
3.04326
3.04343
3.04361
3.04379
3.04396
3.04414
3.04432
3.04449
3.04467
3.04485
3.04502
3.04520
3.04538
3.04556
3.04573
3.04591
3.04609
3.04626
3.04644
3.04662
3.04680
3.04697
3.04715
3.04733
3.04751
3.04768
3.04786
3.04804
3.04821
3.04839
3.04857
3.04875
3.04892
3.04910
3.04928
3.04946
3.04963
3.04981
3.04999
3.05017
3.05034
3.05052
3.05070
3.05088
3.05105
3.05123
3.05141
3.05159
3.05176
3.05194
3.05212
3.05230
3.05247
3.05265
3.05283
3.05301
3.05319
3.05336
3.05354
3.05372
3.05390
3.05407
3.05425
3.05443
3.05461
3.05479
3.05496
3.05514
3.05532
3.05550
3.05568
3.05585
3.05603
3.05621
3.05639
3.05657
3.05674
3.05692
3.05710
3.05728
3.05746
3.05763
3.05781
3.05799
3.05817
3.05835
3.05852
3.05870
3.05888
3.05906
3.05924
3.05942
3.05959
3.05977
3.05995
3.06013
3.06031
3.06049
3.06066
3.06084
3.06102
3.06120
3.06138
3.06156
3.06173
3.06191
3.06209
3.06227
3.06245
3.06263
3.06281
3.06298
3.06316
3.06334
3.06352
3.06370
3.06388
3.06406
3.06424
3.06441
3.06459
3.06477
3.06495
3.06513
3.06531
3.06549
3.06567
3.06584
3.06602
3.06620
3.06638
3.06656
3.06674
3.06692
3.06710
3.06728
3.06745
3.06763
3.06781
3.06799
3.06817
3.06835
3.06853
3.06871
3.06889
3.06907
3.06924
3.06942
3.06960
3.06978
3.06996
3.07014
3.07032
3.07050
3.07068
3.07086
3.07104
3.07122
3.07139
3.07157
3.07175
3.07193
3.07211
3.07229
3.07247
3.07265
3.07283
3.07301
3.07319
3.07337
3.07355
3.07373
3.07391
3.07409
3.07427
3.07445
3.07462
3.07480
3.07498
3.07516
3.07534
3.07552
3.07570
3.07588
3.07606
3.07624
3.07642
3.07660
3.07678
3.07696
3.07714
3.07732
3.07750
3.07768
3.07786
3.07804
3.07822
3.07840
3.07858
3.07876
3.07894
3.07912
3.07930
3.07948
3.07966
3.07984
3.08002
3.08020
3.08038
3.08056
3.08074
3.08092
3.08110
3.08128
3.08146
3.08164
3.08182
3.08200
3.08218
3.08236
3.08254
3.08272
3.08290
3.08308
3.08326
3.08344
3.08362
3.08380
3.08398
3.08416
3.08434
3.08452
3.08470
3.08488
3.08506
3.08525
3.08543
3.08561
3.08579
3.08597
3.08615
3.08633
3.08651
3.08669
3.08687
3.08705
3.08723
3.08741
3.08759
3.08777
3.08795
3.08813
3.08832
3.08850
3.08868
3.08886
3.08904
3.08922
3.08940
3.08958
3.08976
3.08994
3.09012
3.09030
3.09049
3.09067
3.09085
3.09103
3.09121
3.09139
3.09157
3.09175
3.09193
3.09211
3.09229
3.09248
3.09266
3.09284
3.09302
3.09320
3.09338
3.09356
3.09374
3.09392
3.09411
3.09429
3.09447
3.09465
3.09483
3.09501
3.09519
3.09537
3.09556
3.09574
3.09592
3.09610
3.09628
3.09646
3.09664
3.09683
3.09701
3.09719
3.09737
3.09755
3.09773
3.09791
3.09810
3.09828
3.09846
3.09864
3.09882
3.09900
3.09919
3.09937
3.09955
3.09973
3.09991
3.10009
3.10028
3.10046
3.10064
3.10082
3.10100
3.10118
3.10137
3.10155
3.10173
3.10191
3.10209
3.10228
3.10246
3.10264
3.10282
3.10300
3.10319
3.10337
3.10355
3.10373
3.10391
3.10410
3.10428
3.10446
3.10464
3.10482
3.10501
3.10519
3.10537
3.10555
3.10573
3.10592
3.10610
3.10628
3.10646
3.10665
3.10683
3.10701
3.10719
3.10738
3.10756
3.10774
3.10792
3.10810
3.10829
3.10847
3.10865
3.10883
3.10902
3.10920
3.10938
3.10956
3.10975
3.10993
3.11011
3.11029
3.11048
3.11066
3.11084
3.11102
3.11121
3.11139
3.11157
3.11176
3.11194
3.11212
3.11230
3.11249
3.11267
3.11285
3.11303
3.11322
3.11340
3.11358
3.11377
3.11395
3.11413
3.11431
3.11450
3.11468
3.11486
3.11505
3.11523
3.11541
3.11560
3.11578
3.11596
3.11614
3.11633
3.11651
3.11669
3.11688
3.11706
3.11724
3.11743
3.11761
3.11779
3.11798
3.11816
3.11834
3.11853
3.11871
3.11889
3.11908
3.11926
3.11944
3.11963
3.11981
3.11999
3.12018
3.12036
3.12054
3.12073
3.12091
3.12109
3.12128
3.12146
3.12164
3.12183
3.12201
3.12219
3.12238
3.12256
3.12275
3.12293
3.12311
3.12330
3.12348
3.12366
3.12385
3.12403
3.12422
3.12440
3.12458
3.12477
3.12495
3.12513
3.12532
3.12550
3.12569
3.12587
3.12605
3.12624
3.12642
3.12661
3.12679
3.12697
3.12716
3.12734
3.12753
3.12771
3.12789
3.12808
3.12826
3.12845
3.12863
3.12881
3.12900
3.12918
3.12937
3.12955
3.12974
3.12992
3.13010
3.13029
3.13047
3.13066
3.13084
3.13103
3.13121
3.13139
3.13158
3.13176
3.13195
3.13213
3.13232
3.13250
3.13269
3.13287
3.13305
3.13324
3.13342
3.13361
3.13379
3.13398
3.13416
3.13435
3.13453
3.13472
3.13490
3.13508
3.13527
3.13545
3.13564
3.13582
3.13601
3.13619
3.13638
3.13656
3.13675
3.13693
3.13712
3.13730
3.13749
3.13767
3.13786
3.13804
3.13823
3.13841
3.13860
3.13878
3.13897
3.13915
3.13934
3.13952
3.13971
3.13989
3.14008
3.14026
3.14045
3.14063
3.14082
3.14100
3.14119
3.14137
3.14156
3.14174
3.14193
3.14211
3.14230
3.14249
3.14267
3.14286
3.14304
3.14323
3.14341
3.14360
3.14378
3.14397
3.14415
3.14434
3.14453
3.14471
3.14490
3.14508
3.14527
3.14545
3.14564
3.14582
3.14601
3.14620
3.14638
3.14657
3.14675
3.14694
3.14712
3.14731
3.14750
3.14768
3.14787
3.14805
3.14824
3.14842
3.14861
3.14880
3.14898
3.14917
3.14935
3.14954
3.14973
3.14991
3.15010
3.15028
3.15047
3.15066
3.15084
3.15103
3.15121
3.15140
3.15159
3.15177
3.15196
3.15214
3.15233
3.15252
3.15270
3.15289
3.15308
3.15326
3.15345
3.15363
3.15382
3.15401
3.15419
3.15438
3.15457
3.15475
3.15494
3.15513
3.15531
3.15550
3.15568
3.15587
3.15606
3.15624
3.15643
3.15662
3.15680
3.15699
3.15718
3.15736
3.15755
3.15774
3.15792
3.15811
3.15830
3.15848
3.15867
3.15886
3.15904
3.15923
3.15942
3.15960
3.15979
3.15998
3.16017
3.16035
3.16054
3.16073
3.16091
3.16110
3.16129
3.16147
3.16166
3.16185
3.16203
3.16222
3.16241
3.16260
3.16278
3.16297
3.16316
3.16334
3.16353
3.16372
3.16391
3.16409
3.16428
3.16447
3.16465
3.16484
3.16503
3.16522
3.16540
3.16559
3.16578
3.16597
3.16615
3.16634
3.16653
3.16672
3.16690
3.16709
3.16728
3.16747
3.16765
3.16784
3.16803
3.16822
3.16840
3.16859
3.16878
3.16897
3.16915
3.16934
3.16953
3.16972
3.16990
3.17009
3.17028
3.17047
3.17066
3.17084
3.17103
3.17122
3.17141
3.17159
3.17178
3.17197
3.17216
3.17235
3.17253
3.17272
3.17291
3.17310
3.17329
3.17347
3.17366
3.17385
3.17404
3.17423
3.17441
3.17460
3.17479
3.17498
3.17517
3.17536
3.17554
3.17573
3.17592
3.17611
3.17630
3.17648
3.17667
3.17686
3.17705
3.17724
3.17743
3.17761
3.17780
3.17799
3.17818
3.17837
3.17856
3.17875
3.17893
3.17912
3.17931
3.17950
3.17969
3.17988
3.18007
3.18025
3.18044
3.18063
3.18082
3.18101
3.18120
3.18139
3.18157
3.18176
3.18195
3.18214
3.18233
3.18252
3.18271
3.18290
3.18308
3.18327
3.18346
3.18365
3.18384
3.18403
3.18422
3.18441
3.18460
3.18479
3.18497
3.18516
3.18535
3.18554
3.18573
3.18592
3.18611
3.18630
3.18649
3.18668
3.18687
3.18706
3.18724
3.18743
3.18762
3.18781
3.18800
3.18819
3.18838
3.18857
3.18876
3.18895
3.18914
3.18933
3.18952
3.18971
3.18990
3.19008
3.19027
3.19046
3.19065
3.19084
3.19103
3.19122
3.19141
3.19160
3.19179
3.19198
3.19217
3.19236
3.19255
3.19274
3.19293
3.19312
3.19331
3.19350
3.19369
3.19388
3.19407
3.19426
3.19445
3.19464
3.19483
3.19502
3.19521
3.19540
3.19559
3.19578
3.19597
3.19616
3.19635
3.19654
3.19673
3.19692
3.19711
3.19730
3.19749
3.19768
3.19787
3.19806
3.19825
3.19844
3.19863
3.19882
3.19901
3.19920
3.19939
3.19958
3.19977
3.19996
3.20015
3.20034
3.20053
3.20072
3.20091
3.20110
3.20129
3.20148
3.20167
3.20187
3.20206
3.20225
3.20244
3.20263
3.20282
3.20301
3.20320
3.20339
3.20358
3.20377
3.20396
3.20415
3.20434
3.20453
3.20473
3.20492
3.20511
3.20530
3.20549
3.20568
3.20587
3.20606
3.20625
3.20644
3.20663
3.20683
3.20702
3.20721
3.20740
3.20759
3.20778
3.20797
3.20816
3.20835
3.20854
3.20874
3.20893
3.20912
3.20931
3.20950
3.20969
3.20988
3.21007
3.21027
3.21046
3.21065
3.21084
3.21103
3.21122
3.21141
3.21160
3.21180
3.21199
3.21218
3.21237
3.21256
3.21275
3.21294
3.21314
3.21333
3.21352
3.21371
3.21390
3.21409
3.21429
3.21448
3.21467
3.21486
3.21505
3.21524
3.21544
3.21563
3.21582
3.21601
3.21620
3.21640
3.21659
3.21678
3.21697
3.21716
3.21735
3.21755
3.21774
3.21793
3.21812
3.21831
3.21851
3.21870
3.21889
3.21908
3.21927
3.21947
3.21966
3.21985
3.22004
3.22024
3.22043
3.22062
3.22081
3.22100
3.22120
3.22139
3.22158
3.22177
3.22197
3.22216
3.22235
3.22254
3.22273
3.22293
3.22312
3.22331
3.22350
3.22370
3.22389
3.22408
3.22427
3.22447
3.22466
3.22485
3.22504
3.22524
3.22543
3.22562
3.22582
3.22601
3.22620
3.22639
3.22659
3.22678
3.22697
3.22716
3.22736
3.22755
3.22774
3.22794
3.22813
3.22832
3.22851
3.22871
3.22890
3.22909
3.22929
3.22948
3.22967
3.22987
3.23006
3.23025
3.23044
3.23064
3.23083
3.23102
3.23122
3.23141
3.23160
3.23180
3.23199
3.23218
3.23238
3.23257
3.23276
3.23296
3.23315
3.23334
3.23354
3.23373
3.23392
3.23412
3.23431
3.23450
3.23470
3.23489
3.23508
3.23528
3.23547
3.23566
3.23586
3.23605
3.23624
3.23644
3.23663
3.23683
3.23702
3.23721
3.23741
3.23760
3.23779
3.23799
3.23818
3.23838
3.23857
3.23876
3.23896
3.23915
3.23934
3.23954
3.23973
3.23993
3.24012
3.24031
3.24051
3.24070
3.24090
3.24109
3.24128
3.24148
3.24167
3.24187
3.24206
3.24226
3.24245
3.24264
3.24284
3.24303
3.24323
3.24342
3.24361
3.24381
3.24400
3.24420
3.24439
3.24459
3.24478
3.24497
3.24517
3.24536
3.24556
3.24575
3.24595
3.24614
3.24634
3.24653
3.24673
3.24692
3.24711
3.24731
3.24750
3.24770
3.24789
3.24809
3.24828
3.24848
3.24867
3.24887
3.24906
3.24926
3.24945
3.24965
3.24984
3.25004
3.25023
3.25043
3.25062
3.25081
3.25101
3.25120
3.25140
3.25159
3.25179
3.25198
3.25218
3.25237
3.25257
3.25277
3.25296
3.25316
3.25335
3.25355
3.25374
3.25394
3.25413
3.25433
3.25452
3.25472
3.25491
3.25511
3.25530
3.25550
3.25569
3.25589
3.25608
3.25628
3.25648
3.25667
3.25687
3.25706
3.25726
3.25745
3.25765
3.25784
3.25804
3.25823
3.25843
3.25863
3.25882
3.25902
3.25921
3.25941
3.25960
3.25980
3.26000
3.26019
3.26039
3.26058
3.26078
3.26098
3.26117
3.26137
3.26156
3.26176
3.26195
3.26215
3.26235
3.26254
3.26274
3.26293
3.26313
3.26333
3.26352
3.26372
3.26391
3.26411
3.26431
3.26450
3.26470
3.26490
3.26509
3.26529
3.26548
3.26568
3.26588
3.26607
3.26627
3.26647
3.26666
3.26686
3.26706
3.26725
3.26745
3.26764
3.26784
3.26804
3.26823
3.26843
3.26863
3.26882
3.26902
3.26922
3.26941
3.26961
3.26981
3.27000
3.27020
3.27040
3.27059
3.27079
3.27099
3.27118
3.27138
3.27158
3.27177
3.27197
3.27217
3.27236
3.27256
3.27276
3.27296
3.27315
3.27335
3.27355
3.27374
3.27394
3.27414
3.27433
3.27453
3.27473
3.27493
3.27512
3.27532
3.27552
3.27571
3.27591
3.27611
3.27631
3.27650
3.27670
3.27690
3.27710
3.27729
3.27749
3.27769
3.27788
3.27808
3.27828
3.27848
3.27867
3.27887
3.27907
3.27927
3.27946
3.27966
3.27986
3.28006
3.28025
3.28045
3.28065
3.28085
3.28105
3.28124
3.28144
3.28164
3.28184
3.28203
3.28223
3.28243
3.28263
3.28283
3.28302
3.28322
3.28342
3.28362
3.28381
3.28401
3.28421
3.28441
3.28461
3.28480
3.28500
3.28520
3.28540
3.28560
3.28580
3.28599
3.28619
3.28639
3.28659
3.28679
3.28698
3.28718
3.28738
3.28758
3.28778
3.28798
3.28817
3.28837
3.28857
3.28877
3.28897
3.28917
3.28936
3.28956
3.28976
3.28996
3.29016
3.29036
3.29056
3.29075
3.29095
3.29115
3.29135
3.29155
3.29175
3.29195
3.29214
3.29234
3.29254
3.29274
3.29294
3.29314
3.29334
3.29354
3.29374
3.29393
3.29413
3.29433
3.29453
3.29473
3.29493
3.29513
3.29533
3.29553
3.29572
3.29592
3.29612
3.29632
3.29652
3.29672
3.29692
3.29712
3.29732
3.29752
3.29772
3.29792
3.29811
3.29831
3.29851
3.29871
3.29891
3.29911
3.29931
3.29951
3.29971
3.29991
3.30011
3.30031
3.30051
3.30071
3.30091
3.30111
3.30131
3.30150
3.30170
3.30190
3.30210
3.30230
3.30250
3.30270
3.30290
3.30310
3.30330
3.30350
3.30370
3.30390
3.30410
3.30430
3.30450
3.30470
3.30490
3.30510
3.30530
3.30550
3.30570
3.30590
3.30610
3.30630
3.30650
3.30670
3.30690
3.30710
3.30730
3.30750
3.30770
3.30790
3.30810
3.30830
3.30850
3.30870
3.30890
3.30910
3.30930
3.30950
3.30970
3.30990
3.31010
3.31030
3.31051
3.31071
3.31091
3.31111
3.31131
3.31151
3.31171
3.31191
3.31211
3.31231
3.31251
3.31271
3.31291
3.31311
3.31331
3.31351
3.31371
3.31391
3.31412
3.31432
3.31452
3.31472
3.31492
3.31512
3.31532
3.31552
3.31572
3.31592
3.31612
3.31633
3.31653
3.31673
3.31693
3.31713
3.31733
3.31753
3.31773
3.31793
3.31813
3.31834
3.31854
3.31874
3.31894
3.31914
3.31934
3.31954
3.31974
3.31995
3.32015
3.32035
3.32055
3.32075
3.32095
3.32115
3.32136
3.32156
3.32176
3.32196
3.32216
3.32236
3.32256
3.32277
3.32297
3.32317
3.32337
3.32357
3.32377
3.32398
3.32418
3.32438
3.32458
3.32478
3.32498
3.32519
3.32539
3.32559
3.32579
3.32599
3.32620
3.32640
3.32660
3.32680
3.32700
3.32720
3.32741
3.32761
3.32781
3.32801
3.32822
3.32842
3.32862
3.32882
3.32902
3.32923
3.32943
3.32963
3.32983
3.33003
3.33024
3.33044
3.33064
3.33084
3.33105
3.33125
3.33145
3.33165
3.33186
3.33206
3.33226
3.33246
3.33267
3.33287
3.33307
3.33327
3.33348
3.33368
3.33388
3.33408
3.33429
3.33449
3.33469
3.33489
3.33510
3.33530
3.33550
3.33571
3.33591
3.33611
3.33631
3.33652
3.33672
3.33692
3.33713
3.33733
3.33753
3.33773
3.33794
3.33814
3.33834
3.33855
3.33875
3.33895
3.33916
3.33936
3.33956
3.33976
3.33997
3.34017
3.34037
3.34058
3.34078
3.34098
3.34119
3.34139
3.34159
3.34180
3.34200
3.34220
3.34241
3.34261
3.34281
3.34302
3.34322
3.34343
3.34363
3.34383
3.34404
3.34424
3.34444
3.34465
3.34485
3.34505
3.34526
3.34546
3.34566
3.34587
3.34607
3.34628
3.34648
3.34668
3.34689
3.34709
3.34730
3.34750
3.34770
3.34791
3.34811
3.34832
3.34852
3.34872
3.34893
3.34913
3.34934
3.34954
3.34974
3.34995
3.35015
3.35036
3.35056
3.35076
3.35097
3.35117
3.35138
3.35158
3.35179
3.35199
3.35219
3.35240
3.35260
3.35281
3.35301
3.35322
3.35342
3.35363
3.35383
3.35403
3.35424
3.35444
3.35465
3.35485
3.35506
3.35526
3.35547
3.35567
3.35588
3.35608
3.35629
3.35649
3.35669
3.35690
3.35710
3.35731
3.35751
3.35772
3.35792
3.35813
3.35833
3.35854
3.35874
3.35895
3.35915
3.35936
3.35956
3.35977
3.35997
3.36018
3.36038
3.36059
3.36079
3.36100
3.36120
3.36141
3.36162
3.36182
3.36203
3.36223
3.36244
3.36264
3.36285
3.36305
3.36326
3.36346
3.36367
3.36387
3.36408
3.36428
3.36449
3.36470
3.36490
3.36511
3.36531
3.36552
3.36572
3.36593
3.36614
3.36634
3.36655
3.36675
3.36696
3.36716
3.36737
3.36758
3.36778
3.36799
3.36819
3.36840
3.36860
3.36881
3.36902
3.36922
3.36943
3.36963
3.36984
3.37005
3.37025
3.37046
3.37067
3.37087
3.37108
3.37128
3.37149
3.37170
3.37190
3.37211
3.37231
3.37252
3.37273
3.37293
3.37314
3.37335
3.37355
3.37376
3.37397
3.37417
3.37438
3.37458
3.37479
3.37500
3.37520
3.37541
3.37562
3.37582
3.37603
3.37624
3.37644
3.37665
3.37686
3.37706
3.37727
3.37748
3.37768
3.37789
3.37810
3.37831
3.37851
3.37872
3.37893
3.37913
3.37934
3.37955
3.37975
3.37996
3.38017
3.38037
3.38058
3.38079
3.38100
3.38120
3.38141
3.38162
3.38182
3.38203
3.38224
3.38245
3.38265
3.38286
3.38307
3.38328
3.38348
3.38369
3.38390
3.38410
3.38431
3.38452
3.38473
3.38493
3.38514
3.38535
3.38556
3.38576
3.38597
3.38618
3.38639
3.38660
3.38680
3.38701
3.38722
3.38743
3.38763
3.38784
3.38805
3.38826
3.38846
3.38867
3.38888
3.38909
3.38930
3.38950
3.38971
3.38992
3.39013
3.39034
3.39054
3.39075
3.39096
3.39117
3.39138
3.39158
3.39179
3.39200
3.39221
3.39242
3.39263
3.39283
3.39304
3.39325
3.39346
3.39367
3.39388
3.39408
3.39429
3.39450
3.39471
3.39492
3.39513
3.39533
3.39554
3.39575
3.39596
3.39617
3.39638
3.39659
3.39679
3.39700
3.39721
3.39742
3.39763
3.39784
3.39805
3.39826
3.39846
3.39867
3.39888
3.39909
3.39930
3.39951
3.39972
3.39993
3.40014
3.40034
3.40055
3.40076
3.40097
3.40118
3.40139
3.40160
3.40181
3.40202
3.40223
3.40243
3.40264
3.40285
3.40306
3.40327
3.40348
3.40369
3.40390
3.40411
3.40432
3.40453
3.40474
3.40495
3.40516
3.40537
3.40558
3.40578
3.40599
3.40620
3.40641
3.40662
3.40683
3.40704
3.40725
3.40746
3.40767
3.40788
3.40809
3.40830
3.40851
3.40872
3.40893
3.40914
3.40935
3.40956
3.40977
3.40998
3.41019
3.41040
3.41061
3.41082
3.41103
3.41124
3.41145
3.41166
3.41187
3.41208
3.41229
3.41250
3.41271
3.41292
3.41313
3.41334
3.41355
3.41376
3.41397
3.41418
3.41439
3.41460
3.41481
3.41502
3.41523
3.41544
3.41565
3.41586
3.41608
3.41629
3.41650
3.41671
3.41692
3.41713
3.41734
3.41755
3.41776
3.41797
3.41818
3.41839
3.41860
3.41881
3.41902
3.41924
3.41945
3.41966
3.41987
3.42008
3.42029
3.42050
3.42071
3.42092
3.42113
3.42134
3.42156
3.42177
3.42198
3.42219
3.42240
3.42261
3.42282
3.42303
3.42325
3.42346
3.42367
3.42388
3.42409
3.42430
3.42451
3.42472
3.42494
3.42515
3.42536
3.42557
3.42578
3.42599
3.42620
3.42642
3.42663
3.42684
3.42705
3.42726
3.42747
3.42769
3.42790
3.42811
3.42832
3.42853
3.42874
3.42896
3.42917
3.42938
3.42959
3.42980
3.43002
3.43023
3.43044
3.43065
3.43086
3.43107
3.43129
3.43150
3.43171
3.43192
3.43214
3.43235
3.43256
3.43277
3.43298
3.43320
3.43341
3.43362
3.43383
3.43404
3.43426
3.43447
3.43468
3.43489
3.43511
3.43532
3.43553
3.43574
3.43596
3.43617
3.43638
3.43659
3.43681
3.43702
3.43723
3.43744
3.43766
3.43787
3.43808
3.43829
3.43851
3.43872
3.43893
3.43915
3.43936
3.43957
3.43978
3.44000
3.44021
3.44042
3.44064
3.44085
3.44106
3.44127
3.44149
3.44170
3.44191
3.44213
3.44234
3.44255
3.44277
3.44298
3.44319
3.44341
3.44362
3.44383
3.44405
3.44426
3.44447
3.44469
3.44490
3.44511
3.44533
3.44554
3.44575
3.44597
3.44618
3.44639
3.44661
3.44682
3.44703
3.44725
3.44746
3.44767
3.44789
3.44810
3.44832
3.44853
3.44874
3.44896
3.44917
3.44938
3.44960
3.44981
3.45003
3.45024
3.45045
3.45067
3.45088
3.45110
3.45131
3.45152
3.45174
3.45195
3.45217
3.45238
3.45259
3.45281
3.45302
3.45324
3.45345
3.45366
3.45388
3.45409
3.45431
3.45452
3.45474
3.45495
3.45517
3.45538
3.45559
3.45581
3.45602
3.45624
3.45645
3.45667
3.45688
3.45710
3.45731
3.45752
3.45774
3.45795
3.45817
3.45838
3.45860
3.45881
3.45903
3.45924
3.45946
3.45967
3.45989
3.46010
3.46032
3.46053
3.46075
3.46096
3.46118
3.46139
3.46161
3.46182
3.46204
3.46225
3.46247
3.46268
3.46290
3.46311
3.46333
3.46354
3.46376
3.46397
3.46419
3.46440
3.46462
3.46483
3.46505
3.46527
3.46548
3.46570
3.46591
3.46613
3.46634
3.46656
3.46677
3.46699
3.46720
3.46742
3.46764
3.46785
3.46807
3.46828
3.46850
3.46871
3.46893
3.46915
3.46936
3.46958
3.46979
3.47001
3.47023
3.47044
3.47066
3.47087
3.47109
3.47130
3.47152
3.47174
3.47195
3.47217
3.47239
3.47260
3.47282
3.47303
3.47325
3.47347
3.47368
3.47390
3.47411
3.47433
3.47455
3.47476
3.47498
3.47520
3.47541
3.47563
3.47585
3.47606
3.47628
3.47650
3.47671
3.47693
3.47714
3.47736
3.47758
3.47779
3.47801
3.47823
3.47844
3.47866
3.47888
3.47910
3.47931
3.47953
3.47975
3.47996
3.48018
3.48040
3.48061
3.48083
3.48105
3.48126
3.48148
3.48170
3.48192
3.48213
3.48235
3.48257
3.48278
3.48300
3.48322
3.48344
3.48365
3.48387
3.48409
3.48430
3.48452
3.48474
3.48496
3.48517
3.48539
3.48561
3.48583
3.48604
3.48626
3.48648
3.48670
3.48691
3.48713
3.48735
3.48757
3.48778
3.48800
3.48822
3.48844
3.48866
3.48887
3.48909
3.48931
3.48953
3.48974
3.48996
3.49018
3.49040
3.49062
3.49083
3.49105
3.49127
3.49149
3.49171
3.49192
3.49214
3.49236
3.49258
3.49280
3.49301
3.49323
3.49345
3.49367
3.49389
3.49411
3.49432
3.49454
3.49476
3.49498
3.49520
3.49542
3.49563
3.49585
3.49607
3.49629
3.49651
3.49673
3.49695
3.49716
3.49738
3.49760
3.49782
3.49804
3.49826
3.49848
3.49870
3.49891
3.49913
3.49935
3.49957
3.49979
3.50001
3.50023
3.50045
3.50067
3.50088
3.50110
3.50132
3.50154
3.50176
3.50198
3.50220
3.50242
3.50264
3.50286
3.50308
3.50329
3.50351
3.50373
3.50395
3.50417
3.50439
3.50461
3.50483
3.50505
3.50527
3.50549
3.50571
3.50593
3.50615
3.50637
3.50659
3.50681
3.50703
3.50725
3.50746
3.50768
3.50790
3.50812
3.50834
3.50856
3.50878
3.50900
3.50922
3.50944
3.50966
3.50988
3.51010
3.51032
3.51054
3.51076
3.51098
3.51120
3.51142
3.51164
3.51186
3.51208
3.51230
3.51252
3.51274
3.51296
3.51318
3.51340
3.51362
3.51384
3.51407
3.51429
3.51451
3.51473
3.51495
3.51517
3.51539
3.51561
3.51583
3.51605
3.51627
3.51649
3.51671
3.51693
3.51715
3.51737
3.51759
3.51781
3.51804
3.51826
3.51848
3.51870
3.51892
3.51914
3.51936
3.51958
3.51980
3.52002
3.52024
3.52046
3.52069
3.52091
3.52113
3.52135
3.52157
3.52179
3.52201
3.52223
3.52245
3.52268
3.52290
3.52312
3.52334
3.52356
3.52378
3.52400
3.52423
3.52445
3.52467
3.52489
3.52511
3.52533
3.52555
3.52578
3.52600
3.52622
3.52644
3.52666
3.52688
3.52711
3.52733
3.52755
3.52777
3.52799
3.52821
3.52844
3.52866
3.52888
3.52910
3.52932
3.52955
3.52977
3.52999
3.53021
3.53043
3.53066
3.53088
3.53110
3.53132
3.53154
3.53177
3.53199
3.53221
3.53243
3.53265
3.53288
3.53310
3.53332
3.53354
3.53377
3.53399
3.53421
3.53443
3.53466
3.53488
3.53510
3.53532
3.53555
3.53577
3.53599
3.53621
3.53644
3.53666
3.53688
3.53710
3.53733
3.53755
3.53777
3.53800
3.53822
3.53844
3.53866
3.53889
3.53911
3.53933
3.53956
3.53978
3.54000
3.54023
3.54045
3.54067
3.54089
3.54112
3.54134
3.54156
3.54179
3.54201
3.54223
3.54246
3.54268
3.54290
3.54313
3.54335
3.54357
3.54380
3.54402
3.54424
3.54447
3.54469
3.54491
3.54514
3.54536
3.54559
3.54581
3.54603
3.54626
3.54648
3.54670
3.54693
3.54715
3.54737
3.54760
3.54782
3.54805
3.54827
3.54849
3.54872
3.54894
3.54917
3.54939
3.54961
3.54984
3.55006
3.55029
3.55051
3.55073
3.55096
3.55118
3.55141
3.55163
3.55186
3.55208
3.55230
3.55253
3.55275
3.55298
3.55320
3.55343
3.55365
3.55387
3.55410
3.55432
3.55455
3.55477
3.55500
3.55522
3.55545
3.55567
3.55590
3.55612
3.55635
3.55657
3.55679
3.55702
3.55724
3.55747
3.55769
3.55792
3.55814
3.55837
3.55859
3.55882
3.55904
3.55927
3.55949
3.55972
3.55994
3.56017
3.56039
3.56062
3.56084
3.56107
3.56129
3.56152
3.56175
3.56197
3.56220
3.56242
3.56265
3.56287
3.56310
3.56332
3.56355
3.56377
3.56400
3.56423
3.56445
3.56468
3.56490
3.56513
3.56535
3.56558
3.56580
3.56603
3.56626
3.56648
3.56671
3.56693
3.56716
3.56739
3.56761
3.56784
3.56806
3.56829
3.56852
3.56874
3.56897
3.56919
3.56942
3.56965
3.56987
3.57010
3.57032
3.57055
3.57078
3.57100
3.57123
3.57146
3.57168
3.57191
3.57213
3.57236
3.57259
3.57281
3.57304
3.57327
3.57349
3.57372
3.57395
3.57417
3.57440
3.57463
3.57485
3.57508
3.57531
3.57553
3.57576
3.57599
3.57621
3.57644
3.57667
3.57689
3.57712
3.57735
3.57757
3.57780
3.57803
3.57826
3.57848
3.57871
3.57894
3.57916
3.57939
3.57962
3.57985
3.58007
3.58030
3.58053
3.58075
3.58098
3.58121
3.58144
3.58166
3.58189
3.58212
3.58235
3.58257
3.58280
3.58303
3.58326
3.58348
3.58371
3.58394
3.58417
3.58439
3.58462
3.58485
3.58508
3.58531
3.58553
3.58576
3.58599
3.58622
3.58644
3.58667
3.58690
3.58713
3.58736
3.58758
3.58781
3.58804
3.58827
3.58850
3.58872
3.58895
3.58918
3.58941
3.58964
3.58987
3.59009
3.59032
3.59055
3.59078
3.59101
3.59124
3.59146
3.59169
3.59192
3.59215
3.59238
3.59261
3.59284
3.59306
3.59329
3.59352
3.59375
3.59398
3.59421
3.59444
3.59466
3.59489
3.59512
3.59535
3.59558
3.59581
3.59604
3.59627
3.59650
3.59672
3.59695
3.59718
3.59741
3.59764
3.59787
3.59810
3.59833
3.59856
3.59879
3.59902
3.59924
3.59947
3.59970
3.59993
3.60016
3.60039
3.60062
3.60085
3.60108
3.60131
3.60154
3.60177
3.60200
3.60223
3.60246
3.60269
3.60292
3.60315
3.60338
3.60361
3.60384
3.60406
3.60429
3.60452
3.60475
3.60498
3.60521
3.60544
3.60567
3.60590
3.60613
3.60636
3.60659
3.60682
3.60705
3.60728
3.60751
3.60774
3.60797
3.60820
3.60844
3.60867
3.60890
3.60913
3.60936
3.60959
3.60982
3.61005
3.61028
3.61051
3.61074
3.61097
3.61120
3.61143
3.61166
3.61189
3.61212
3.61235
3.61258
3.61281
3.61305
3.61328
3.61351
3.61374
3.61397
3.61420
3.61443
3.61466
3.61489
3.61512
3.61535
3.61558
3.61582
3.61605
3.61628
3.61651
3.61674
3.61697
3.61720
3.61743
3.61766
3.61790
3.61813
3.61836
3.61859
3.61882
3.61905
3.61928
3.61952
3.61975
3.61998
3.62021
3.62044
3.62067
3.62090
3.62114
3.62137
3.62160
3.62183
3.62206
3.62229
3.62253
3.62276
3.62299
3.62322
3.62345
3.62369
3.62392
3.62415
3.62438
3.62461
3.62485
3.62508
3.62531
3.62554
3.62577
3.62601
3.62624
3.62647
3.62670
3.62693
3.62717
3.62740
3.62763
3.62786
3.62810
3.62833
3.62856
3.62879
3.62903
3.62926
3.62949
3.62972
3.62996
3.63019
3.63042
3.63065
3.63089
3.63112
3.63135
3.63158
3.63182
3.63205
3.63228
3.63252
3.63275
3.63298
3.63321
3.63345
3.63368
3.63391
3.63415
3.63438
3.63461
3.63485
3.63508
3.63531
3.63554
3.63578
3.63601
3.63624
3.63648
3.63671
3.63694
3.63718
3.63741
3.63764
3.63788
3.63811
3.63834
3.63858
3.63881
3.63905
3.63928
3.63951
3.63975
3.63998
3.64021
3.64045
3.64068
3.64091
3.64115
3.64138
3.64162
3.64185
3.64208
3.64232
3.64255
3.64279
3.64302
3.64325
3.64349
3.64372
3.64396
3.64419
3.64442
3.64466
3.64489
3.64513
3.64536
3.64559
3.64583
3.64606
3.64630
3.64653
3.64677
3.64700
3.64723
3.64747
3.64770
3.64794
3.64817
3.64841
3.64864
3.64888
3.64911
3.64935
3.64958
3.64982
3.65005
3.65028
3.65052
3.65075
3.65099
3.65122
3.65146
3.65169
3.65193
3.65216
3.65240
3.65263
3.65287
3.65310
3.65334
3.65357
3.65381
3.65404
3.65428
3.65452
3.65475
3.65499
3.65522
3.65546
3.65569
3.65593
3.65616
3.65640
3.65663
3.65687
3.65710
3.65734
3.65758
3.65781
3.65805
3.65828
3.65852
3.65875
3.65899
3.65923
3.65946
3.65970
3.65993
3.66017
3.66040
3.66064
3.66088
3.66111
3.66135
3.66158
3.66182
3.66206
3.66229
3.66253
3.66276
3.66300
3.66324
3.66347
3.66371
3.66395
3.66418
3.66442
3.66465
3.66489
3.66513
3.66536
3.66560
3.66584
3.66607
3.66631
3.66655
3.66678
3.66702
3.66726
3.66749
3.66773
3.66797
3.66820
3.66844
3.66868
3.66891
3.66915
3.66939
3.66962
3.66986
3.67010
3.67033
3.67057
3.67081
3.67105
3.67128
3.67152
3.67176
3.67199
3.67223
3.67247
3.67271
3.67294
3.67318
3.67342
3.67365
3.67389
3.67413
3.67437
3.67460
3.67484
3.67508
3.67532
3.67555
3.67579
3.67603
3.67627
3.67650
3.67674
3.67698
3.67722
3.67746
3.67769
3.67793
3.67817
3.67841
3.67864
3.67888
3.67912
3.67936
3.67960
3.67983
3.68007
3.68031
3.68055
3.68079
3.68103
3.68126
3.68150
3.68174
3.68198
3.68222
3.68245
3.68269
3.68293
3.68317
3.68341
3.68365
3.68388
3.68412
3.68436
3.68460
3.68484
3.68508
3.68532
3.68555
3.68579
3.68603
3.68627
3.68651
3.68675
3.68699
3.68723
3.68747
3.68770
3.68794
3.68818
3.68842
3.68866
3.68890
3.68914
3.68938
3.68962
3.68986
3.69009
3.69033
3.69057
3.69081
3.69105
3.69129
3.69153
3.69177
3.69201
3.69225
3.69249
3.69273
3.69297
3.69321
3.69345
3.69368
3.69392
3.69416
3.69440
3.69464
3.69488
3.69512
3.69536
3.69560
3.69584
3.69608
3.69632
3.69656
3.69680
3.69704
3.69728
3.69752
3.69776
3.69800
3.69824
3.69848
3.69872
3.69896
3.69920
3.69944
3.69968
3.69992
3.70016
3.70040
3.70064
3.70088
3.70112
3.70136
3.70161
3.70185
3.70209
3.70233
3.70257
3.70281
3.70305
3.70329
3.70353
3.70377
3.70401
3.70425
3.70449
3.70473
3.70497
3.70522
3.70546
3.70570
3.70594
3.70618
3.70642
3.70666
3.70690
3.70714
3.70738
3.70763
3.70787
3.70811
3.70835
3.70859
3.70883
3.70907
3.70931
3.70955
3.70980
3.71004
3.71028
3.71052
3.71076
3.71100
3.71125
3.71149
3.71173
3.71197
3.71221
3.71245
3.71269
3.71294
3.71318
3.71342
3.71366
3.71390
3.71415
3.71439
3.71463
3.71487
3.71511
3.71536
3.71560
3.71584
3.71608
3.71632
3.71657
3.71681
3.71705
3.71729
3.71753
3.71778
3.71802
3.71826
3.71850
3.71875
3.71899
3.71923
3.71947
3.71972
3.71996
3.72020
3.72044
3.72069
3.72093
3.72117
3.72141
3.72166
3.72190
3.72214
3.72238
3.72263
3.72287
3.72311
3.72336
3.72360
3.72384
3.72408
3.72433
3.72457
3.72481
3.72506
3.72530
3.72554
3.72579
3.72603
3.72627
3.72652
3.72676
3.72700
3.72725
3.72749
3.72773
3.72798
3.72822
3.72846
3.72871
3.72895
3.72919
3.72944
3.72968
3.72992
3.73017
3.73041
3.73066
3.73090
3.73114
3.73139
3.73163
3.73187
3.73212
3.73236
3.73261
3.73285
3.73309
3.73334
3.73358
3.73383
3.73407
3.73431
3.73456
3.73480
3.73505
3.73529
3.73554
3.73578
3.73602
3.73627
3.73651
3.73676
3.73700
3.73725
3.73749
3.73774
3.73798
3.73822
3.73847
3.73871
3.73896
3.73920
3.73945
3.73969
3.73994
3.74018
3.74043
3.74067
3.74092
3.74116
3.74141
3.74165
3.74190
3.74214
3.74239
3.74263
3.74288
3.74312
3.74337
3.74361
3.74386
3.74410
3.74435
3.74459
3.74484
3.74508
3.74533
3.74557
3.74582
3.74607
3.74631
3.74656
3.74680
3.74705
3.74729
3.74754
3.74778
3.74803
3.74828
3.74852
3.74877
3.74901
3.74926
3.74950
3.74975
3.75000
3.75024
3.75049
3.75073
3.75098
3.75123
3.75147
3.75172
3.75197
3.75221
3.75246
3.75270
3.75295
3.75320
3.75344
3.75369
3.75394
3.75418
3.75443
3.75467
3.75492
3.75517
3.75541
3.75566
3.75591
3.75615
3.75640
3.75665
3.75689
3.75714
3.75739
3.75763
3.75788
3.75813
3.75837
3.75862
3.75887
3.75912
3.75936
3.75961
3.75986
3.76010
3.76035
3.76060
3.76085
3.76109
3.76134
3.76159
3.76183
3.76208
3.76233
3.76258
3.76282
3.76307
3.76332
3.76357
3.76381
3.76406
3.76431
3.76456
3.76480
3.76505
3.76530
3.76555
3.76579
3.76604
3.76629
3.76654
3.76679
3.76703
3.76728
3.76753
3.76778
3.76803
3.76827
3.76852
3.76877
3.76902
3.76927
3.76951
3.76976
3.77001
3.77026
3.77051
3.77076
3.77100
3.77125
3.77150
3.77175
3.77200
3.77225
3.77249
3.77274
3.77299
3.77324
3.77349
3.77374
3.77399
3.77423
3.77448
3.77473
3.77498
3.77523
3.77548
3.77573
3.77598
3.77623
3.77647
3.77672
3.77697
3.77722
3.77747
3.77772
3.77797
3.77822
3.77847
3.77872
3.77897
3.77921
3.77946
3.77971
3.77996
3.78021
3.78046
3.78071
3.78096
3.78121
3.78146
3.78171
3.78196
3.78221
3.78246
3.78271
3.78296
3.78321
3.78346
3.78371
3.78396
3.78421
3.78446
3.78471
3.78496
3.78521
3.78546
3.78571
3.78596
3.78621
3.78646
3.78671
3.78696
3.78721
3.78746
3.78771
3.78796
3.78821
3.78846
3.78871
3.78896
3.78921
3.78946
3.78971
3.78996
3.79021
3.79046
3.79071
3.79096
3.79121
3.79147
3.79172
3.79197
3.79222
3.79247
3.79272
3.79297
3.79322
3.79347
3.79372
3.79397
3.79423
3.79448
3.79473
3.79498
3.79523
3.79548
3.79573
3.79598
3.79623
3.79649
3.79674
3.79699
3.79724
3.79749
3.79774
3.79799
3.79825
3.79850
3.79875
3.79900
3.79925
3.79950
3.79976
3.80001
3.80026
3.80051
3.80076
3.80101
3.80127
3.80152
3.80177
3.80202
3.80227
3.80253
3.80278
3.80303
3.80328
3.80353
3.80379
3.80404
3.80429
3.80454
3.80480
3.80505
3.80530
3.80555
3.80580
3.80606
3.80631
3.80656
3.80681
3.80707
3.80732
3.80757
3.80782
3.80808
3.80833
3.80858
3.80884
3.80909
3.80934
3.80959
3.80985
3.81010
3.81035
3.81061
3.81086
3.81111
3.81136
3.81162
3.81187
3.81212
3.81238
3.81263
3.81288
3.81314
3.81339
3.81364
3.81390
3.81415
3.81440
3.81466
3.81491
3.81516
3.81542
3.81567
3.81592
3.81618
3.81643
3.81669
3.81694
3.81719
3.81745
3.81770
3.81795
3.81821
3.81846
3.81872
3.81897
3.81922
3.81948
3.81973
3.81999
3.82024
3.82049
3.82075
3.82100
3.82126
3.82151
3.82177
3.82202
3.82227
3.82253
3.82278
3.82304
3.82329
3.82355
3.82380
3.82405
3.82431
3.82456
3.82482
3.82507
3.82533
3.82558
3.82584
3.82609
3.82635
3.82660
3.82686
3.82711
3.82737
3.82762
3.82788
3.82813
3.82839
3.82864
3.82890
3.82915
3.82941
3.82966
3.82992
3.83017
3.83043
3.83068
3.83094
3.83119
3.83145
3.83171
3.83196
3.83222
3.83247
3.83273
3.83298
3.83324
3.83349
3.83375
3.83401
3.83426
3.83452
3.83477
3.83503
3.83528
3.83554
3.83580
3.83605
3.83631
3.83656
3.83682
3.83708
3.83733
3.83759
3.83785
3.83810
3.83836
3.83861
3.83887
3.83913
3.83938
3.83964
3.83990
3.84015
3.84041
3.84067
3.84092
3.84118
3.84143
3.84169
3.84195
3.84221
3.84246
3.84272
3.84298
3.84323
3.84349
3.84375
3.84400
3.84426
3.84452
3.84477
3.84503
3.84529
3.84554
3.84580
3.84606
3.84632
3.84657
3.84683
3.84709
3.84735
3.84760
3.84786
3.84812
3.84838
3.84863
3.84889
3.84915
3.84941
3.84966
3.84992
3.85018
3.85044
3.85069
3.85095
3.85121
3.85147
3.85172
3.85198
3.85224
3.85250
3.85276
3.85301
3.85327
3.85353
3.85379
3.85405
3.85430
3.85456
3.85482
3.85508
3.85534
3.85560
3.85585
3.85611
3.85637
3.85663
3.85689
3.85715
3.85741
3.85766
3.85792
3.85818
3.85844
3.85870
3.85896
3.85922
3.85947
3.85973
3.85999
3.86025
3.86051
3.86077
3.86103
3.86129
3.86155
3.86180
3.86206
3.86232
3.86258
3.86284
3.86310
3.86336
3.86362
3.86388
3.86414
3.86440
3.86466
3.86492
3.86518
3.86543
3.86569
3.86595
3.86621
3.86647
3.86673
3.86699
3.86725
3.86751
3.86777
3.86803
3.86829
3.86855
3.86881
3.86907
3.86933
3.86959
3.86985
3.87011
3.87037
3.87063
3.87089
3.87115
3.87141
3.87167
3.87193
3.87219
3.87245
3.87271
3.87297
3.87323
3.87349
3.87376
3.87402
3.87428
3.87454
3.87480
3.87506
3.87532
3.87558
3.87584
3.87610
3.87636
3.87662
3.87688
3.87714
3.87741
3.87767
3.87793
3.87819
3.87845
3.87871
3.87897
3.87923
3.87949
3.87976
3.88002
3.88028
3.88054
3.88080
3.88106
3.88132
3.88158
3.88185
3.88211
3.88237
3.88263
3.88289
3.88315
3.88342
3.88368
3.88394
3.88420
3.88446
3.88472
3.88499
3.88525
3.88551
3.88577
3.88603
3.88630
3.88656
3.88682
3.88708
3.88734
3.88761
3.88787
3.88813
3.88839
3.88866
3.88892
3.88918
3.88944
3.88971
3.88997
3.89023
3.89049
3.89076
3.89102
3.89128
3.89154
3.89181
3.89207
3.89233
3.89259
3.89286
3.89312
3.89338
3.89365
3.89391
3.89417
3.89444
3.89470
3.89496
3.89522
3.89549
3.89575
3.89601
3.89628
3.89654
3.89680
3.89707
3.89733
3.89759
3.89786
3.89812
3.89838
3.89865
3.89891
3.89918
3.89944
3.89970
3.89997
3.90023
3.90049
3.90076
3.90102
3.90128
3.90155
3.90181
3.90208
3.90234
3.90260
3.90287
3.90313
3.90340
3.90366
3.90393
3.90419
3.90445
3.90472
3.90498
3.90525
3.90551
3.90578
3.90604
3.90630
3.90657
3.90683
3.90710
3.90736
3.90763
3.90789
3.90816
3.90842
3.90869
3.90895
3.90922
3.90948
3.90975
3.91001
3.91028
3.91054
3.91081
3.91107
3.91134
3.91160
3.91187
3.91213
3.91240
3.91266
3.91293
3.91319
3.91346
3.91372
3.91399
3.91425
3.91452
3.91478
3.91505
3.91532
3.91558
3.91585
3.91611
3.91638
3.91664
3.91691
3.91718
3.91744
3.91771
3.91797
3.91824
3.91851
3.91877
3.91904
3.91930
3.91957
3.91984
3.92010
3.92037
3.92063
3.92090
3.92117
3.92143
3.92170
3.92197
3.92223
3.92250
3.92277
3.92303
3.92330
3.92357
3.92383
3.92410
3.92437
3.92463
3.92490
3.92517
3.92543
3.92570
3.92597
3.92623
3.92650
3.92677
3.92703
3.92730
3.92757
3.92784
3.92810
3.92837
3.92864
3.92890
3.92917
3.92944
3.92971
3.92997
3.93024
3.93051
3.93078
3.93104
3.93131
3.93158
3.93185
3.93211
3.93238
3.93265
3.93292
3.93319
3.93345
3.93372
3.93399
3.93426
3.93453
3.93479
3.93506
3.93533
3.93560
3.93587
3.93613
3.93640
3.93667
3.93694
3.93721
3.93748
3.93774
3.93801
3.93828
3.93855
3.93882
3.93909
3.93935
3.93962
3.93989
3.94016
3.94043
3.94070
3.94097
3.94124
3.94150
3.94177
3.94204
3.94231
3.94258
3.94285
3.94312
3.94339
3.94366
3.94393
3.94419
3.94446
3.94473
3.94500
3.94527
3.94554
3.94581
3.94608
3.94635
3.94662
3.94689
3.94716
3.94743
3.94770
3.94797
3.94824
3.94851
3.94878
3.94905
3.94932
3.94959
3.94986
3.95013
3.95040
3.95067
3.95094
3.95121
3.95148
3.95175
3.95202
3.95229
3.95256
3.95283
3.95310
3.95337
3.95364
3.95391
3.95418
3.95445
3.95472
3.95499
3.95526
3.95553
3.95580
3.95607
3.95634
3.95661
3.95688
3.95716
3.95743
3.95770
3.95797
3.95824
3.95851
3.95878
3.95905
3.95932
3.95959
3.95987
3.96014
3.96041
3.96068
3.96095
3.96122
3.96149
3.96176
3.96204
3.96231
3.96258
3.96285
3.96312
3.96339
3.96366
3.96394
3.96421
3.96448
3.96475
3.96502
3.96530
3.96557
3.96584
3.96611
3.96638
3.96665
3.96693
3.96720
3.96747
3.96774
3.96802
3.96829
3.96856
3.96883
3.96910
3.96938
3.96965
3.96992
3.97019
3.97047
3.97074
3.97101
3.97128
3.97156
3.97183
3.97210
3.97238
3.97265
3.97292
3.97319
3.97347
3.97374
3.97401
3.97429
3.97456
3.97483
3.97510
3.97538
3.97565
3.97592
3.97620
3.97647
3.97674
3.97702
3.97729
3.97756
3.97784
3.97811
3.97838
3.97866
3.97893
3.97920
3.97948
3.97975
3.98003
3.98030
3.98057
3.98085
3.98112
3.98139
3.98167
3.98194
3.98222
3.98249
3.98276
3.98304
3.98331
3.98359
3.98386
3.98414
3.98441
3.98468
3.98496
3.98523
3.98551
3.98578
3.98606
3.98633
3.98661
3.98688
3.98715
3.98743
3.98770
3.98798
3.98825
3.98853
3.98880
3.98908
3.98935
3.98963
3.98990
3.99018
3.99045
3.99073
3.99100
3.99128
3.99155
3.99183
3.99210
3.99238
3.99265
3.99293
3.99320
3.99348
3.99376
3.99403
3.99431
3.99458
3.99486
3.99513
3.99541
3.99569
3.99596
3.99624
3.99651
3.99679
3.99706
3.99734
3.99762
3.99789
3.99817
3.99844
3.99872
3.99900
3.99927
3.99955
3.99982
4.00010
4.00038
4.00065
4.00093
4.00121
4.00148
4.00176
4.00204
4.00231
4.00259
4.00287
4.00314
4.00342
4.00370
4.00397
4.00425
4.00453
4.00480
4.00508
4.00536
4.00563
4.00591
4.00619
4.00647
4.00674
4.00702
4.00730
4.00757
4.00785
4.00813
4.00841
4.00868
4.00896
4.00924
4.00952
4.00979
4.01007
4.01035
4.01063
4.01090
4.01118
4.01146
4.01174
4.01201
4.01229
4.01257
4.01285
4.01313
4.01340
4.01368
4.01396
4.01424
4.01452
4.01479
4.01507
4.01535
4.01563
4.01591
4.01619
4.01646
4.01674
4.01702
4.01730
4.01758
4.01786
4.01814
4.01841
4.01869
4.01897
4.01925
4.01953
4.01981
4.02009
4.02037
4.02064
4.02092
4.02120
4.02148
4.02176
4.02204
4.02232
4.02260
4.02288
4.02316
4.02344
4.02372
4.02399
4.02427
4.02455
4.02483
4.02511
4.02539
4.02567
4.02595
4.02623
4.02651
4.02679
4.02707
4.02735
4.02763
4.02791
4.02819
4.02847
4.02875
4.02903
4.02931
4.02959
4.02987
4.03015
4.03043
4.03071
4.03099
4.03127
4.03155
4.03183
4.03211
4.03239
4.03267
4.03295
4.03323
4.03351
4.03380
4.03408
4.03436
4.03464
4.03492
4.03520
4.03548
4.03576
4.03604
4.03632
4.03660
4.03689
4.03717
4.03745
4.03773
4.03801
4.03829
4.03857
4.03885
4.03913
4.03942
4.03970
4.03998
4.04026
4.04054
4.04082
4.04111
4.04139
4.04167
4.04195
4.04223
4.04251
4.04280
4.04308
4.04336
4.04364
4.04392
4.04421
4.04449
4.04477
4.04505
4.04533
4.04562
4.04590
4.04618
4.04646
4.04674
4.04703
4.04731
4.04759
4.04787
4.04816
4.04844
4.04872
4.04900
4.04929
4.04957
4.04985
4.05014
4.05042
4.05070
4.05098
4.05127
4.05155
4.05183
4.05212
4.05240
4.05268
4.05297
4.05325
4.05353
4.05382
4.05410
4.05438
4.05467
4.05495
4.05523
4.05552
4.05580
4.05608
4.05637
4.05665
4.05693
4.05722
4.05750
4.05779
4.05807
4.05835
4.05864
4.05892
4.05920
4.05949
4.05977
4.06006
4.06034
4.06063
4.06091
4.06119
4.06148
4.06176
4.06205
4.06233
4.06262
4.06290
4.06318
4.06347
4.06375
4.06404
4.06432
4.06461
4.06489
4.06518
4.06546
4.06575
4.06603
4.06632
4.06660
4.06689
4.06717
4.06746
4.06774
4.06803
4.06831
4.06860
4.06888
4.06917
4.06945
4.06974
4.07002
4.07031
4.07059
4.07088
4.07117
4.07145
4.07174
4.07202
4.07231
4.07259
4.07288
4.07317
4.07345
4.07374
4.07402
4.07431
4.07460
4.07488
4.07517
4.07545
4.07574
4.07603
4.07631
4.07660
4.07689
4.07717
4.07746
4.07774
4.07803
4.07832
4.07860
4.07889
4.07918
4.07946
4.07975
4.08004
4.08032
4.08061
4.08090
4.08118
4.08147
4.08176
4.08205
4.08233
4.08262
4.08291
4.08319
4.08348
4.08377
4.08406
4.08434
4.08463
4.08492
4.08521
4.08549
4.08578
4.08607
4.08636
4.08664
4.08693
4.08722
4.08751
4.08779
4.08808
4.08837
4.08866
4.08895
4.08923
4.08952
4.08981
4.09010
4.09039
4.09067
4.09096
4.09125
4.09154
4.09183
4.09212
4.09240
4.09269
4.09298
4.09327
4.09356
4.09385
4.09413
4.09442
4.09471
4.09500
4.09529
4.09558
4.09587
4.09616
4.09645
4.09673
4.09702
4.09731
4.09760
4.09789
4.09818
4.09847
4.09876
4.09905
4.09934
4.09963
4.09992
4.10021
4.10049
4.10078
4.10107
4.10136
4.10165
4.10194
4.10223
4.10252
4.10281
4.10310
4.10339
4.10368
4.10397
4.10426
4.10455
4.10484
4.10513
4.10542
4.10571
4.10600
4.10629
4.10658
4.10687
4.10716
4.10745
4.10774
4.10803
4.10833
4.10862
4.10891
4.10920
4.10949
4.10978
4.11007
4.11036
4.11065
4.11094
4.11123
4.11152
4.11182
4.11211
4.11240
4.11269
4.11298
4.11327
4.11356
4.11385
4.11414
4.11444
4.11473
4.11502
4.11531
4.11560
4.11589
4.11619
4.11648
4.11677
4.11706
4.11735
4.11764
4.11794
4.11823
4.11852
4.11881
4.11910
4.11940
4.11969
4.11998
4.12027
4.12056
4.12086
4.12115
4.12144
4.12173
4.12203
4.12232
4.12261
4.12290
4.12320
4.12349
4.12378
4.12407
4.12437
4.12466
4.12495
4.12524
4.12554
4.12583
4.12612
4.12642
4.12671
4.12700
4.12730
4.12759
4.12788
4.12818
4.12847
4.12876
4.12906
4.12935
4.12964
4.12994
4.13023
4.13052
4.13082
4.13111
4.13140
4.13170
4.13199
4.13228
4.13258
4.13287
4.13317
4.13346
4.13375
4.13405
4.13434
4.13464
4.13493
4.13523
4.13552
4.13581
4.13611
4.13640
4.13670
4.13699
4.13729
4.13758
4.13787
4.13817
4.13846
4.13876
4.13905
4.13935
4.13964
4.13994
4.14023
4.14053
4.14082
4.14112
4.14141
4.14171
4.14200
4.14230
4.14259
4.14289
4.14318
4.14348
4.14377
4.14407
4.14437
4.14466
4.14496
4.14525
4.14555
4.14584
4.14614
4.14643
4.14673
4.14703
4.14732
4.14762
4.14791
4.14821
4.14851
4.14880
4.14910
4.14939
4.14969
4.14999
4.15028
4.15058
4.15088
4.15117
4.15147
4.15177
4.15206
4.15236
4.15265
4.15295
4.15325
4.15354
4.15384
4.15414
4.15444
4.15473
4.15503
4.15533
4.15562
4.15592
4.15622
4.15651
4.15681
4.15711
4.15741
4.15770
4.15800
4.15830
4.15860
4.15889
4.15919
4.15949
4.15979
4.16008
4.16038
4.16068
4.16098
4.16127
4.16157
4.16187
4.16217
4.16247
4.16276
4.16306
4.16336
4.16366
4.16396
4.16425
4.16455
4.16485
4.16515
4.16545
4.16575
4.16604
4.16634
4.16664
4.16694
4.16724
4.16754
4.16784
4.16813
4.16843
4.16873
4.16903
4.16933
4.16963
4.16993
4.17023
4.17053
4.17083
4.17112
4.17142
4.17172
4.17202
4.17232
4.17262
4.17292
4.17322
4.17352
4.17382
4.17412
4.17442
4.17472
4.17502
4.17532
4.17562
4.17592
4.17622
4.17652
4.17682
4.17712
4.17742
4.17772
4.17802
4.17832
4.17862
4.17892
4.17922
4.17952
4.17982
4.18012
4.18042
4.18072
4.18102
4.18132
4.18162
4.18192
4.18222
4.18252
4.18282
4.18313
4.18343
4.18373
4.18403
4.18433
4.18463
4.18493
4.18523
4.18553
4.18583
4.18614
4.18644
4.18674
4.18704
4.18734
4.18764
4.18794
4.18825
4.18855
4.18885
4.18915
4.18945
4.18975
4.19006
4.19036
4.19066
4.19096
4.19126
4.19157
4.19187
4.19217
4.19247
4.19277
4.19308
4.19338
4.19368
4.19398
4.19429
4.19459
4.19489
4.19519
4.19550
4.19580
4.19610
4.19640
4.19671
4.19701
4.19731
4.19761
4.19792
4.19822
4.19852
4.19883
4.19913
4.19943
4.19974
4.20004
4.20034
4.20065
4.20095
4.20125
4.20156
4.20186
4.20216
4.20247
4.20277
4.20307
4.20338
4.20368
4.20398
4.20429
4.20459
4.20490
4.20520
4.20550
4.20581
4.20611
4.20642
4.20672
4.20702
4.20733
4.20763
4.20794
4.20824
4.20855
4.20885
4.20916
4.20946
4.20976
4.21007
4.21037
4.21068
4.21098
4.21129
4.21159
4.21190
4.21220
4.21251
4.21281
4.21312
4.21342
4.21373
4.21403
4.21434
4.21464
4.21495
4.21525
4.21556
4.21587
4.21617
4.21648
4.21678
4.21709
4.21739
4.21770
4.21800
4.21831
4.21862
4.21892
4.21923
4.21953
4.21984
4.22015
4.22045
4.22076
4.22106
4.22137
4.22168
4.22198
4.22229
4.22260
4.22290
4.22321
4.22352
4.22382
4.22413
4.22444
4.22474
4.22505
4.22536
4.22566
4.22597
4.22628
4.22658
4.22689
4.22720
4.22750
4.22781
4.22812
4.22843
4.22873
4.22904
4.22935
4.22966
4.22996
4.23027
4.23058
4.23089
4.23119
4.23150
4.23181
4.23212
4.23242
4.23273
4.23304
4.23335
4.23366
4.23396
4.23427
4.23458
4.23489
4.23520
4.23551
4.23581
4.23612
4.23643
4.23674
4.23705
4.23736
4.23766
4.23797
4.23828
4.23859
4.23890
4.23921
4.23952
4.23983
4.24013
4.24044
4.24075
4.24106
4.24137
4.24168
4.24199
4.24230
4.24261
4.24292
4.24323
4.24354
4.24384
4.24415
4.24446
4.24477
4.24508
4.24539
4.24570
4.24601
4.24632
4.24663
4.24694
4.24725
4.24756
4.24787
4.24818
4.24849
4.24880
4.24911
4.24942
4.24973
4.25004
4.25035
4.25066
4.25097
4.25129
4.25160
4.25191
4.25222
4.25253
4.25284
4.25315
4.25346
4.25377
4.25408
4.25439
4.25470
4.25501
4.25533
4.25564
4.25595
4.25626
4.25657
4.25688
4.25719
4.25751
4.25782
4.25813
4.25844
4.25875
4.25906
4.25937
4.25969
4.26000
4.26031
4.26062
4.26093
4.26125
4.26156
4.26187
4.26218
4.26249
4.26281
4.26312
4.26343
4.26374
4.26406
4.26437
4.26468
4.26499
4.26531
4.26562
4.26593
4.26624
4.26656
4.26687
4.26718
4.26749
4.26781
4.26812
4.26843
4.26875
4.26906
4.26937
4.26969
4.27000
4.27031
4.27063
4.27094
4.27125
4.27157
4.27188
4.27219
4.27251
4.27282
4.27313
4.27345
4.27376
4.27408
4.27439
4.27470
4.27502
4.27533
4.27565
4.27596
4.27627
4.27659
4.27690
4.27722
4.27753
4.27785
4.27816
4.27847
4.27879
4.27910
4.27942
4.27973
4.28005
4.28036
4.28068
4.28099
4.28131
4.28162
4.28194
4.28225
4.28257
4.28288
4.28320
4.28351
4.28383
4.28414
4.28446
4.28477
4.28509
4.28540
4.28572
4.28604
4.28635
4.28667
4.28698
4.28730
4.28761
4.28793
4.28825
4.28856
4.28888
4.28919
4.28951
4.28983
4.29014
4.29046
4.29077
4.29109
4.29141
4.29172
4.29204
4.29236
4.29267
4.29299
4.29331
4.29362
4.29394
4.29426
4.29457
4.29489
4.29521
4.29552
4.29584
4.29616
4.29648
4.29679
4.29711
4.29743
4.29774
4.29806
4.29838
4.29870
4.29901
4.29933
4.29965
4.29997
4.30028
4.30060
4.30092
4.30124
4.30156
4.30187
4.30219
4.30251
4.30283
4.30315
4.30346
4.30378
4.30410
4.30442
4.30474
4.30506
4.30537
4.30569
4.30601
4.30633
4.30665
4.30697
4.30729
4.30760
4.30792
4.30824
4.30856
4.30888
4.30920
4.30952
4.30984
4.31016
4.31048
4.31080
4.31111
4.31143
4.31175
4.31207
4.31239
4.31271
4.31303
4.31335
4.31367
4.31399
4.31431
4.31463
4.31495
4.31527
4.31559
4.31591
4.31623
4.31655
4.31687
4.31719
4.31751
4.31783
4.31815
4.31847
4.31879
4.31911
4.31943
4.31975
4.32007
4.32039
4.32072
4.32104
4.32136
4.32168
4.32200
4.32232
4.32264
4.32296
4.32328
4.32360
4.32392
4.32425
4.32457
4.32489
4.32521
4.32553
4.32585
4.32617
4.32650
4.32682
4.32714
4.32746
4.32778
4.32810
4.32843
4.32875
4.32907
4.32939
4.32971
4.33004
4.33036
4.33068
4.33100
4.33133
4.33165
4.33197
4.33229
4.33262
4.33294
4.33326
4.33358
4.33391
4.33423
4.33455
4.33487
4.33520
4.33552
4.33584
4.33617
4.33649
4.33681
4.33714
4.33746
4.33778
4.33811
4.33843
4.33875
4.33908
4.33940
4.33972
4.34005
4.34037
4.34069
4.34102
4.34134
4.34167
4.34199
4.34231
4.34264
4.34296
4.34329
4.34361
4.34393
4.34426
4.34458
4.34491
4.34523
4.34556
4.34588
4.34620
4.34653
4.34685
4.34718
4.34750
4.34783
4.34815
4.34848
4.34880
4.34913
4.34945
4.34978
4.35010
4.35043
4.35075
4.35108
4.35140
4.35173
4.35205
4.35238
4.35271
4.35303
4.35336
4.35368
4.35401
4.35433
4.35466
4.35499
4.35531
4.35564
4.35596
4.35629
4.35662
4.35694
4.35727
4.35759
4.35792
4.35825
4.35857
4.35890
4.35923
4.35955
4.35988
4.36021
4.36053
4.36086
4.36119
4.36151
4.36184
4.36217
4.36249
4.36282
4.36315
4.36348
4.36380
4.36413
4.36446
4.36478
4.36511
4.36544
4.36577
4.36609
4.36642
4.36675
4.36708
4.36741
4.36773
4.36806
4.36839
4.36872
4.36905
4.36937
4.36970
4.37003
4.37036
4.37069
4.37101
4.37134
4.37167
4.37200
4.37233
4.37266
4.37299
4.37331
4.37364
4.37397
4.37430
4.37463
4.37496
4.37529
4.37562
4.37594
4.37627
4.37660
4.37693
4.37726
4.37759
4.37792
4.37825
4.37858
4.37891
4.37924
4.37957
4.37990
4.38023
4.38056
4.38089
4.38122
4.38155
4.38188
4.38221
4.38254
4.38287
4.38320
4.38353
4.38386
4.38419
4.38452
4.38485
4.38518
4.38551
4.38584
4.38617
4.38650
4.38683
4.38716
4.38749
4.38782
4.38816
4.38849
4.38882
4.38915
4.38948
4.38981
4.39014
4.39047
4.39081
4.39114
4.39147
4.39180
4.39213
4.39246
4.39279
4.39313
4.39346
4.39379
4.39412
4.39445
4.39479
4.39512
4.39545
4.39578
4.39611
4.39645
4.39678
4.39711
4.39744
4.39778
4.39811
4.39844
4.39877
4.39911
4.39944
4.39977
4.40010
4.40044
4.40077
4.40110
4.40144
4.40177
4.40210
4.40243
4.40277
4.40310
4.40343
4.40377
4.40410
4.40443
4.40477
4.40510
4.40544
4.40577
4.40610
4.40644
4.40677
4.40710
4.40744
4.40777
4.40811
4.40844
4.40877
4.40911
4.40944
4.40978
4.41011
4.41045
4.41078
4.41111
4.41145
4.41178
4.41212
4.41245
4.41279
4.41312
4.41346
4.41379
4.41413
4.41446
4.41480
4.41513
4.41547
4.41580
4.41614
4.41647
4.41681
4.41714
4.41748
4.41782
4.41815
4.41849
4.41882
4.41916
4.41949
4.41983
4.42017
4.42050
4.42084
4.42117
4.42151
4.42185
4.42218
4.42252
4.42285
4.42319
4.42353
4.42386
4.42420
4.42454
4.42487
4.42521
4.42555
4.42588
4.42622
4.42656
4.42689
4.42723
4.42757
4.42791
4.42824
4.42858
4.42892
4.42925
4.42959
4.42993
4.43027
4.43060
4.43094
4.43128
4.43162
4.43196
4.43229
4.43263
4.43297
4.43331
4.43364
4.43398
4.43432
4.43466
4.43500
4.43534
4.43567
4.43601
4.43635
4.43669
4.43703
4.43737
4.43771
4.43804
4.43838
4.43872
4.43906
4.43940
4.43974
4.44008
4.44042
4.44076
4.44109
4.44143
4.44177
4.44211
4.44245
4.44279
4.44313
4.44347
4.44381
4.44415
4.44449
4.44483
4.44517
4.44551
4.44585
4.44619
4.44653
4.44687
4.44721
4.44755
4.44789
4.44823
4.44857
4.44891
4.44925
4.44959
4.44993
4.45027
4.45061
4.45095
4.45130
4.45164
4.45198
4.45232
4.45266
4.45300
4.45334
4.45368
4.45402
4.45436
4.45471
4.45505
4.45539
4.45573
4.45607
4.45641
4.45676
4.45710
4.45744
4.45778
4.45812
4.45846
4.45881
4.45915
4.45949
4.45983
4.46018
4.46052
4.46086
4.46120
4.46154
4.46189
4.46223
4.46257
4.46291
4.46326
4.46360
4.46394
4.46429
4.46463
4.46497
4.46531
4.46566
4.46600
4.46634
4.46669
4.46703
4.46737
4.46772
4.46806
4.46840
4.46875
4.46909
4.46944
4.46978
4.47012
4.47047
4.47081
4.47115
4.47150
4.47184
4.47219
4.47253
4.47288
4.47322
4.47356
4.47391
4.47425
4.47460
4.47494
4.47529
4.47563
4.47598
4.47632
4.47667
4.47701
4.47736
4.47770
4.47805
4.47839
4.47874
4.47908
4.47943
4.47977
4.48012
4.48046
4.48081
4.48115
4.48150
4.48184
4.48219
4.48254
4.48288
4.48323
4.48357
4.48392
4.48427
4.48461
4.48496
4.48530
4.48565
4.48600
4.48634
4.48669
4.48704
4.48738
4.48773
4.48808
4.48842
4.48877
4.48912
4.48946
4.48981
4.49016
4.49051
4.49085
4.49120
4.49155
4.49189
4.49224
4.49259
4.49294
4.49328
4.49363
4.49398
4.49433
4.49467
4.49502
4.49537
4.49572
4.49607
4.49641
4.49676
4.49711
4.49746
4.49781
4.49815
4.49850
4.49885
4.49920
4.49955
4.49990
4.50025
4.50059
4.50094
4.50129
4.50164
4.50199
4.50234
4.50269
4.50304
4.50339
4.50374
4.50408
4.50443
4.50478
4.50513
4.50548
4.50583
4.50618
4.50653
4.50688
4.50723
4.50758
4.50793
4.50828
4.50863
4.50898
4.50933
4.50968
4.51003
4.51038
4.51073
4.51108
4.51143
4.51178
4.51213
4.51248
4.51284
4.51319
4.51354
4.51389
4.51424
4.51459
4.51494
4.51529
4.51564
4.51599
4.51635
4.51670
4.51705
4.51740
4.51775
4.51810
4.51845
4.51881
4.51916
4.51951
4.51986
4.52021
4.52056
4.52092
4.52127
4.52162
4.52197
4.52233
4.52268
4.52303
4.52338
4.52374
4.52409
4.52444
4.52479
4.52515
4.52550
4.52585
4.52620
4.52656
4.52691
4.52726
4.52762
4.52797
4.52832
4.52868
4.52903
4.52938
4.52974
4.53009
4.53044
4.53080
4.53115
4.53150
4.53186
4.53221
4.53257
4.53292
4.53327
4.53363
4.53398
4.53434
4.53469
4.53505
4.53540
4.53575
4.53611
4.53646
4.53682
4.53717
4.53753
4.53788
4.53824
4.53859
4.53895
4.53930
4.53966
4.54001
4.54037
4.54072
4.54108
4.54143
4.54179
4.54214
4.54250
4.54286
4.54321
4.54357
4.54392
4.54428
4.54463
4.54499
4.54535
4.54570
4.54606
4.54641
4.54677
4.54713
4.54748
4.54784
4.54820
4.54855
4.54891
4.54927
4.54962
4.54998
4.55034
4.55069
4.55105
4.55141
4.55177
4.55212
4.55248
4.55284
4.55319
4.55355
4.55391
4.55427
4.55462
4.55498
4.55534
4.55570
4.55605
4.55641
4.55677
4.55713
4.55749
4.55784
4.55820
4.55856
4.55892
4.55928
4.55964
4.55999
4.56035
4.56071
4.56107
4.56143
4.56179
4.56215
4.56251
4.56286
4.56322
4.56358
4.56394
4.56430
4.56466
4.56502
4.56538
4.56574
4.56610
4.56646
4.56682
4.56718
4.56754
4.56790
4.56826
4.56862
4.56898
4.56934
4.56970
4.57006
4.57042
4.57078
4.57114
4.57150
4.57186
4.57222
4.57258
4.57294
4.57330
4.57366
4.57402
4.57438
4.57474
4.57510
4.57547
4.57583
4.57619
4.57655
4.57691
4.57727
4.57763
4.57800
4.57836
4.57872
4.57908
4.57944
4.57980
4.58017
4.58053
4.58089
4.58125
4.58161
4.58198
4.58234
4.58270
4.58306
4.58342
4.58379
4.58415
4.58451
4.58487
4.58524
4.58560
4.58596
4.58633
4.58669
4.58705
4.58742
4.58778
4.58814
4.58850
4.58887
4.58923
4.58959
4.58996
4.59032
4.59069
4.59105
4.59141
4.59178
4.59214
4.59250
4.59287
4.59323
4.59360
4.59396
4.59433
4.59469
4.59505
4.59542
4.59578
4.59615
4.59651
4.59688
4.59724
4.59761
4.59797
4.59834
4.59870
4.59907
4.59943
4.59980
4.60016
4.60053
4.60089
4.60126
4.60162
4.60199
4.60235
4.60272
4.60309
4.60345
4.60382
4.60418
4.60455
4.60492
4.60528
4.60565
4.60601
4.60638
4.60675
4.60711
4.60748
4.60785
4.60821
4.60858
4.60895
4.60931
4.60968
4.61005
4.61041
4.61078
4.61115
4.61151
4.61188
4.61225
4.61262
4.61298
4.61335
4.61372
4.61409
4.61445
4.61482
4.61519
4.61556
4.61593
4.61629
4.61666
4.61703
4.61740
4.61777
4.61813
4.61850
4.61887
4.61924
4.61961
4.61998
4.62035
4.62071
4.62108
4.62145
4.62182
4.62219
4.62256
4.62293
4.62330
4.62367
4.62404
4.62440
4.62477
4.62514
4.62551
4.62588
4.62625
4.62662
4.62699
4.62736
4.62773
4.62810
4.62847
4.62884
4.62921
4.62958
4.62995
4.63032
4.63069
4.63106
4.63143
4.63181
4.63218
4.63255
4.63292
4.63329
4.63366
4.63403
4.63440
4.63477
4.63514
4.63552
4.63589
4.63626
4.63663
4.63700
4.63737
4.63774
4.63812
4.63849
4.63886
4.63923
4.63960
4.63998
4.64035
4.64072
4.64109
4.64146
4.64184
4.64221
4.64258
4.64295
4.64333
4.64370
4.64407
4.64445
4.64482
4.64519
4.64556
4.64594
4.64631
4.64668
4.64706
4.64743
4.64780
4.64818
4.64855
4.64892
4.64930
4.64967
4.65005
4.65042
4.65079
4.65117
4.65154
4.65192
4.65229
4.65266
4.65304
4.65341
4.65379
4.65416
4.65454
4.65491
4.65529
4.65566
4.65604
4.65641
4.65679
4.65716
4.65754
4.65791
4.65829
4.65866
4.65904
4.65941
4.65979
4.66016
4.66054
4.66091
4.66129
4.66167
4.66204
4.66242
4.66279
4.66317
4.66355
4.66392
4.66430
4.66467
4.66505
4.66543
4.66580
4.66618
4.66656
4.66693
4.66731
4.66769
4.66807
4.66844
4.66882
4.66920
4.66957
4.66995
4.67033
4.67071
4.67108
4.67146
4.67184
4.67222
4.67259
4.67297
4.67335
4.67373
4.67411
4.67448
4.67486
4.67524
4.67562
4.67600
4.67637
4.67675
4.67713
4.67751
4.67789
4.67827
4.67865
4.67903
4.67940
4.67978
4.68016
4.68054
4.68092
4.68130
4.68168
4.68206
4.68244
4.68282
4.68320
4.68358
4.68396
4.68434
4.68472
4.68510
4.68548
4.68586
4.68624
4.68662
4.68700
4.68738
4.68776
4.68814
4.68852
4.68890
4.68928
4.68966
4.69004
4.69042
4.69080
4.69118
4.69157
4.69195
4.69233
4.69271
4.69309
4.69347
4.69385
4.69424
4.69462
4.69500
4.69538
4.69576
4.69614
4.69653
4.69691
4.69729
4.69767
4.69805
4.69844
4.69882
4.69920
4.69958
4.69997
4.70035
4.70073
4.70111
4.70150
4.70188
4.70226
4.70265
4.70303
4.70341
4.70380
4.70418
4.70456
4.70495
4.70533
4.70571
4.70610
4.70648
4.70686
4.70725
4.70763
4.70802
4.70840
4.70878
4.70917
4.70955
4.70994
4.71032
4.71071
4.71109
4.71148
4.71186
4.71225
4.71263
4.71302
4.71340
4.71379
4.71417
4.71456
4.71494
4.71533
4.71571
4.71610
4.71648
4.71687
4.71725
4.71764
4.71803
4.71841
4.71880
4.71918
4.71957
4.71996
4.72034
4.72073
4.72111
4.72150
4.72189
4.72227
4.72266
4.72305
4.72343
4.72382
4.72421
4.72459
4.72498
4.72537
4.72576
4.72614
4.72653
4.72692
4.72731
4.72769
4.72808
4.72847
4.72886
4.72924
4.72963
4.73002
4.73041
4.73080
4.73118
4.73157
4.73196
4.73235
4.73274
4.73313
4.73351
4.73390
4.73429
4.73468
4.73507
4.73546
4.73585
4.73624
4.73663
4.73701
4.73740
4.73779
4.73818
4.73857
4.73896
4.73935
4.73974
4.74013
4.74052
4.74091
4.74130
4.74169
4.74208
4.74247
4.74286
4.74325
4.74364
4.74403
4.74442
4.74481
4.74520
4.74560
4.74599
4.74638
4.74677
4.74716
4.74755
4.74794
4.74833
4.74872
4.74912
4.74951
4.74990
4.75029
4.75068
4.75107
4.75147
4.75186
4.75225
4.75264
4.75303
4.75343
4.75382
4.75421
4.75460
4.75500
4.75539
4.75578
4.75617
4.75657
4.75696
4.75735
4.75775
4.75814
4.75853
4.75892
4.75932
4.75971
4.76010
4.76050
4.76089
4.76129
4.76168
4.76207
4.76247
4.76286
4.76325
4.76365
4.76404
4.76444
4.76483
4.76523
4.76562
4.76601
4.76641
4.76680
4.76720
4.76759
4.76799
4.76838
4.76878
4.76917
4.76957
4.76996
4.77036
4.77075
4.77115
4.77155
4.77194
4.77234
4.77273
4.77313
4.77352
4.77392
4.77432
4.77471
4.77511
4.77550
4.77590
4.77630
4.77669
4.77709
4.77749
4.77788
4.77828
4.77868
4.77907
4.77947
4.77987
4.78027
4.78066
4.78106
4.78146
4.78185
4.78225
4.78265
4.78305
4.78345
4.78384
4.78424
4.78464
4.78504
4.78543
4.78583
4.78623
4.78663
4.78703
4.78743
4.78782
4.78822
4.78862
4.78902
4.78942
4.78982
4.79022
4.79062
4.79102
4.79141
4.79181
4.79221
4.79261
4.79301
4.79341
4.79381
4.79421
4.79461
4.79501
4.79541
4.79581
4.79621
4.79661
4.79701
4.79741
4.79781
4.79821
4.79861
4.79901
4.79941
4.79982
4.80022
4.80062
4.80102
4.80142
4.80182
4.80222
4.80262
4.80302
4.80343
4.80383
4.80423
4.80463
4.80503
4.80543
4.80584
4.80624
4.80664
4.80704
4.80744
4.80785
4.80825
4.80865
4.80905
4.80946
4.80986
4.81026
4.81066
4.81107
4.81147
4.81187
4.81228
4.81268
4.81308
4.81349
4.81389
4.81429
4.81470
4.81510
4.81550
4.81591
4.81631
4.81671
4.81712
4.81752
4.81793
4.81833
4.81874
4.81914
4.81954
4.81995
4.82035
4.82076
4.82116
4.82157
4.82197
4.82238
4.82278
4.82319
4.82359
4.82400
4.82440
4.82481
4.82521
4.82562
4.82603
4.82643
4.82684
4.82724
4.82765
4.82806
4.82846
4.82887
4.82927
4.82968
4.83009
4.83049
4.83090
4.83131
4.83171
4.83212
4.83253
4.83293
4.83334
4.83375
4.83416
4.83456
4.83497
4.83538
4.83578
4.83619
4.83660
4.83701
4.83742
4.83782
4.83823
4.83864
4.83905
4.83946
4.83986
4.84027
4.84068
4.84109
4.84150
4.84191
4.84232
4.84272
4.84313
4.84354
4.84395
4.84436
4.84477
4.84518
4.84559
4.84600
4.84641
4.84682
4.84723
4.84764
4.84805
4.84846
4.84887
4.84928
4.84969
4.85010
4.85051
4.85092
4.85133
4.85174
4.85215
4.85256
4.85297
4.85338
4.85379
4.85420
4.85461
4.85503
4.85544
4.85585
4.85626
4.85667
4.85708
4.85749
4.85791
4.85832
4.85873
4.85914
4.85955
4.85997
4.86038
4.86079
4.86120
4.86162
4.86203
4.86244
4.86285
4.86327
4.86368
4.86409
4.86450
4.86492
4.86533
4.86574
4.86616
4.86657
4.86698
4.86740
4.86781
4.86822
4.86864
4.86905
4.86947
4.86988
4.87029
4.87071
4.87112
4.87154
4.87195
4.87237
4.87278
4.87320
4.87361
4.87403
4.87444
4.87485
4.87527
4.87569
4.87610
4.87652
4.87693
4.87735
4.87776
4.87818
4.87859
4.87901
4.87943
4.87984
4.88026
4.88067
4.88109
4.88151
4.88192
4.88234
4.88275
4.88317
4.88359
4.88400
4.88442
4.88484
4.88526
4.88567
4.88609
4.88651
4.88692
4.88734
4.88776
4.88818
4.88859
4.88901
4.88943
4.88985
4.89027
4.89068
4.89110
4.89152
4.89194
4.89236
4.89278
4.89319
4.89361
4.89403
4.89445
4.89487
4.89529
4.89571
4.89613
4.89655
4.89696
4.89738
4.89780
4.89822
4.89864
4.89906
4.89948
4.89990
4.90032
4.90074
4.90116
4.90158
4.90200
4.90242
4.90284
4.90326
4.90368
4.90410
4.90453
4.90495
4.90537
4.90579
4.90621
4.90663
4.90705
4.90747
4.90789
4.90832
4.90874
4.90916
4.90958
4.91000
4.91042
4.91085
4.91127
4.91169
4.91211
4.91253
4.91296
4.91338
4.91380
4.91423
4.91465
4.91507
4.91549
4.91592
4.91634
4.91676
4.91719
4.91761
4.91803
4.91846
4.91888
4.91930
4.91973
4.92015
4.92057
4.92100
4.92142
4.92185
4.92227
4.92270
4.92312
4.92354
4.92397
4.92439
4.92482
4.92524
4.92567
4.92609
4.92652
4.92694
4.92737
4.92779
4.92822
4.92864
4.92907
4.92950
4.92992
4.93035
4.93077
4.93120
4.93163
4.93205
4.93248
4.93290
4.93333
4.93376
4.93418
4.93461
4.93504
4.93546
4.93589
4.93632
4.93674
4.93717
4.93760
4.93803
4.93845
4.93888
4.93931
4.93974
4.94016
4.94059
4.94102
4.94145
4.94188
4.94230
4.94273
4.94316
4.94359
4.94402
4.94445
4.94488
4.94530
4.94573
4.94616
4.94659
4.94702
4.94745
4.94788
4.94831
4.94874
4.94917
4.94960
4.95003
4.95046
4.95089
4.95132
4.95175
4.95218
4.95261
4.95304
4.95347
4.95390
4.95433
4.95476
4.95519
4.95562
4.95605
4.95648
4.95691
4.95735
4.95778
4.95821
4.95864
4.95907
4.95950
4.95993
4.96037
4.96080
4.96123
4.96166
4.96209
4.96253
4.96296
4.96339
4.96382
4.96426
4.96469
4.96512
4.96556
4.96599
4.96642
4.96685
4.96729
4.96772
4.96815
4.96859
4.96902
4.96945
4.96989
4.97032
4.97076
4.97119
4.97162
4.97206
4.97249
4.97293
4.97336
4.97380
4.97423
4.97467
4.97510
4.97553
4.97597
4.97640
4.97684
4.97728
4.97771
4.97815
4.97858
4.97902
4.97945
4.97989
4.98032
4.98076
4.98120
4.98163
4.98207
4.98250
4.98294
4.98338
4.98381
4.98425
4.98469
4.98512
4.98556
4.98600
4.98643
4.98687
4.98731
4.98775
4.98818
4.98862
4.98906
4.98950
4.98993
4.99037
4.99081
4.99125
4.99169
4.99212
4.99256
4.99300
4.99344
4.99388
4.99432
4.99476
4.99520
4.99563
4.99607
4.99651
4.99695
4.99739
4.99783
4.99827
4.99871
4.99915
4.99959
5.00003
5.00047
5.00091
5.00135
5.00179
5.00223
5.00267
5.00311
5.00355
5.00399
5.00443
5.00487
5.00531
5.00575
5.00620
5.00664
5.00708
5.00752
5.00796
5.00840
5.00884
5.00929
5.00973
5.01017
5.01061
5.01105
5.01150
5.01194
5.01238
5.01282
5.01327
5.01371
5.01415
5.01459
5.01504
5.01548
5.01592
5.01637
5.01681
5.01725
5.01770
5.01814
5.01858
5.01903
5.01947
5.01991
5.02036
5.02080
5.02125
5.02169
5.02214
5.02258
5.02302
5.02347
5.02391
5.02436
5.02480
5.02525
5.02569
5.02614
5.02658
5.02703
5.02748
5.02792
5.02837
5.02881
5.02926
5.02970
5.03015
5.03060
5.03104
5.03149
5.03194
5.03238
5.03283
5.03328
5.03372
5.03417
5.03462
5.03506
5.03551
5.03596
5.03640
5.03685
5.03730
5.03775
5.03820
5.03864
5.03909
5.03954
5.03999
5.04043
5.04088
5.04133
5.04178
5.04223
5.04268
5.04313
5.04357
5.04402
5.04447
5.04492
5.04537
5.04582
5.04627
5.04672
5.04717
5.04762
5.04807
5.04852
5.04897
5.04942
5.04987
5.05032
5.05077
5.05122
5.05167
5.05212
5.05257
5.05302
5.05347
5.05392
5.05437
5.05483
5.05528
5.05573
5.05618
5.05663
5.05708
5.05754
5.05799
5.05844
5.05889
5.05934
5.05980
5.06025
5.06070
5.06115
5.06161
5.06206
5.06251
5.06296
5.06342
5.06387
5.06432
5.06478
5.06523
5.06568
5.06614
5.06659
5.06704
5.06750
5.06795
5.06841
5.06886
5.06931
5.06977
5.07022
5.07068
5.07113
5.07159
5.07204
5.07250
5.07295
5.07341
5.07386
5.07432
5.07477
5.07523
5.07568
5.07614
5.07660
5.07705
5.07751
5.07796
5.07842
5.07888
5.07933
5.07979
5.08024
5.08070
5.08116
5.08161
5.08207
5.08253
5.08299
5.08344
5.08390
5.08436
5.08482
5.08527
5.08573
5.08619
5.08665
5.08710
5.08756
5.08802
5.08848
5.08894
5.08940
5.08985
5.09031
5.09077
5.09123
5.09169
5.09215
5.09261
5.09307
5.09353
5.09399
5.09445
5.09491
5.09537
5.09583
5.09629
5.09675
5.09721
5.09767
5.09813
5.09859
5.09905
5.09951
5.09997
5.10043
5.10089
5.10135
5.10181
5.10227
5.10273
5.10320
5.10366
5.10412
5.10458
5.10504
5.10551
5.10597
5.10643
5.10689
5.10735
5.10782
5.10828
5.10874
5.10920
5.10967
5.11013
5.11059
5.11106
5.11152
5.11198
5.11245
5.11291
5.11337
5.11384
5.11430
5.11476
5.11523
5.11569
5.11616
5.11662
5.11709
5.11755
5.11802
5.11848
5.11894
5.11941
5.11987
5.12034
5.12080
5.12127
5.12174
5.12220
5.12267
5.12313
5.12360
5.12406
5.12453
5.12500
5.12546
5.12593
5.12640
5.12686
5.12733
5.12780
5.12826
5.12873
5.12920
5.12966
5.13013
5.13060
5.13107
5.13153
5.13200
5.13247
5.13294
5.13340
5.13387
5.13434
5.13481
5.13528
5.13575
5.13621
5.13668
5.13715
5.13762
5.13809
5.13856
5.13903
5.13950
5.13997
5.14044
5.14091
5.14138
5.14185
5.14232
5.14279
5.14326
5.14373
5.14420
5.14467
5.14514
5.14561
5.14608
5.14655
5.14702
5.14749
5.14796
5.14843
5.14890
5.14938
5.14985
5.15032
5.15079
5.15126
5.15173
5.15221
5.15268
5.15315
5.15362
5.15410
5.15457
5.15504
5.15551
5.15599
5.15646
5.15693
5.15741
5.15788
5.15835
5.15883
5.15930
5.15977
5.16025
5.16072
5.16120
5.16167
5.16214
5.16262
5.16309
5.16357
5.16404
5.16452
5.16499
5.16547
5.16594
5.16642
5.16689
5.16737
5.16784
5.16832
5.16879
5.16927
5.16975
5.17022
5.17070
5.17118
5.17165
5.17213
5.17260
5.17308
5.17356
5.17403
5.17451
5.17499
5.17547
5.17594
5.17642
5.17690
5.17738
5.17785
5.17833
5.17881
5.17929
5.17977
5.18024
5.18072
5.18120
5.18168
5.18216
5.18264
5.18312
5.18359
5.18407
5.18455
5.18503
5.18551
5.18599
5.18647
5.18695
5.18743
5.18791
5.18839
5.18887
5.18935
5.18983
5.19031
5.19079
5.19127
5.19175
5.19224
5.19272
5.19320
5.19368
5.19416
5.19464
5.19512
5.19560
5.19609
5.19657
5.19705
5.19753
5.19801
5.19850
5.19898
5.19946
5.19994
5.20043
5.20091
5.20139
5.20188
5.20236
5.20284
5.20333
5.20381
5.20429
5.20478
5.20526
5.20574
5.20623
5.20671
5.20720
5.20768
5.20817
5.20865
5.20914
5.20962
5.21011
5.21059
5.21108
5.21156
5.21205
5.21253
5.21302
5.21350
5.21399
5.21447
5.21496
5.21545
5.21593
5.21642
5.21691
5.21739
5.21788
5.21837
5.21885
5.21934
5.21983
5.22031
5.22080
5.22129
5.22178
5.22226
5.22275
5.22324
5.22373
5.22422
5.22470
5.22519
5.22568
5.22617
5.22666
5.22715
5.22764
5.22813
5.22861
5.22910
5.22959
5.23008
5.23057
5.23106
5.23155
5.23204
5.23253
5.23302
5.23351
5.23400
5.23449
5.23498
5.23547
5.23597
5.23646
5.23695
5.23744
5.23793
5.23842
5.23891
5.23940
5.23990
5.24039
5.24088
5.24137
5.24186
5.24236
5.24285
5.24334
5.24383
5.24433
5.24482
5.24531
5.24580
5.24630
5.24679
5.24728
5.24778
5.24827
5.24877
5.24926
5.24975
5.25025
5.25074
5.25124
5.25173
5.25222
5.25272
5.25321
5.25371
5.25420
5.25470
5.25519
5.25569
5.25618
5.25668
5.25718
5.25767
5.25817
5.25866
5.25916
5.25966
5.26015
5.26065
5.26115
5.26164
5.26214
5.26264
5.26313
5.26363
5.26413
5.26462
5.26512
5.26562
5.26612
5.26662
5.26711
5.26761
5.26811
5.26861
5.26911
5.26960
5.27010
5.27060
5.27110
5.27160
5.27210
5.27260
5.27310
5.27360
5.27410
5.27460
5.27510
5.27560
5.27610
5.27660
5.27710
5.27760
5.27810
5.27860
5.27910
5.27960
5.28010
5.28060
5.28110
5.28160
5.28211
5.28261
5.28311
5.28361
5.28411
5.28461
5.28512
5.28562
5.28612
5.28662
5.28713
5.28763
5.28813
5.28864
5.28914
5.28964
5.29014
5.29065
5.29115
5.29166
5.29216
5.29266
5.29317
5.29367
5.29418
5.29468
5.29518
5.29569
5.29619
5.29670
5.29720
5.29771
5.29821
5.29872
5.29922
5.29973
5.30024
5.30074
5.30125
5.30175
5.30226
5.30277
5.30327
5.30378
5.30429
5.30479
5.30530
5.30581
5.30631
5.30682
5.30733
5.30784
5.30834
5.30885
5.30936
5.30987
5.31037
5.31088
5.31139
5.31190
5.31241
5.31292
5.31343
5.31393
5.31444
5.31495
5.31546
5.31597
5.31648
5.31699
5.31750
5.31801
5.31852
5.31903
5.31954
5.32005
5.32056
5.32107
5.32158
5.32209
5.32260
5.32312
5.32363
5.32414
5.32465
5.32516
5.32567
5.32618
5.32670
5.32721
5.32772
5.32823
5.32875
5.32926
5.32977
5.33028
5.33080
5.33131
5.33182
5.33234
5.33285
5.33336
5.33388
5.33439
5.33490
5.33542
5.33593
5.33645
5.33696
5.33747
5.33799
5.33850
5.33902
5.33953
5.34005
5.34056
5.34108
5.34160
5.34211
5.34263
5.34314
5.34366
5.34417
5.34469
5.34521
5.34572
5.34624
5.34676
5.34727
5.34779
5.34831
5.34883
5.34934
5.34986
5.35038
5.35090
5.35141
5.35193
5.35245
5.35297
5.35349
5.35400
5.35452
5.35504
5.35556
5.35608
5.35660
5.35712
5.35764
5.35816
5.35868
5.35920
5.35972
5.36024
5.36076
5.36128
5.36180
5.36232
5.36284
5.36336
5.36388
5.36440
5.36492
5.36544
5.36596
5.36649
5.36701
5.36753
5.36805
5.36857
5.36909
5.36962
5.37014
5.37066
5.37118
5.37171
5.37223
5.37275
5.37328
5.37380
5.37432
5.37485
5.37537
5.37589
5.37642
5.37694
5.37747
5.37799
5.37851
5.37904
5.37956
5.38009
5.38061
5.38114
5.38166
5.38219
5.38271
5.38324
5.38377
5.38429
5.38482
5.38534
5.38587
5.38640
5.38692
5.38745
5.38798
5.38850
5.38903
5.38956
5.39008
5.39061
5.39114
5.39167
5.39219
5.39272
5.39325
5.39378
5.39431
5.39483
5.39536
5.39589
5.39642
5.39695
5.39748
5.39801
5.39854
5.39907
5.39960
5.40013
5.40066
5.40119
5.40172
5.40225
5.40278
5.40331
5.40384
5.40437
5.40490
5.40543
5.40596
5.40649
5.40702
5.40755
5.40809
5.40862
5.40915
5.40968
5.41021
5.41075
5.41128
5.41181
5.41234
5.41288
5.41341
5.41394
5.41448
5.41501
5.41554
5.41608
5.41661
5.41714
5.41768
5.41821
5.41875
5.41928
5.41982
5.42035
5.42089
5.42142
5.42196
5.42249
5.42303
5.42356
5.42410
5.42463
5.42517
5.42571
5.42624
5.42678
5.42731
5.42785
5.42839
5.42892
5.42946
5.43000
5.43054
5.43107
5.43161
5.43215
5.43269
5.43322
5.43376
5.43430
5.43484
5.43538
5.43591
5.43645
5.43699
5.43753
5.43807
5.43861
5.43915
5.43969
5.44023
5.44077
5.44131
5.44185
5.44239
5.44293
5.44347
5.44401
5.44455
5.44509
5.44563
5.44617
5.44671
5.44726
5.44780
5.44834
5.44888
5.44942
5.44997
5.45051
5.45105
5.45159
5.45213
5.45268
5.45322
5.45376
5.45431
5.45485
5.45539
5.45594
5.45648
5.45702
5.45757
5.45811
5.45866
5.45920
5.45975
5.46029
5.46084
5.46138
5.46193
5.46247
5.46302
5.46356
5.46411
5.46465
5.46520
5.46575
5.46629
5.46684
5.46738
5.46793
5.46848
5.46903
5.46957
5.47012
5.47067
5.47121
5.47176
5.47231
5.47286
5.47341
5.47395
5.47450
5.47505
5.47560
5.47615
5.47670
5.47725
5.47779
5.47834
5.47889
5.47944
5.47999
5.48054
5.48109
5.48164
5.48219
5.48274
5.48329
5.48384
5.48440
5.48495
5.48550
5.48605
5.48660
5.48715
5.48770
5.48826
5.48881
5.48936
5.48991
5.49046
5.49102
5.49157
5.49212
5.49267
5.49323
5.49378
5.49433
5.49489
5.49544
5.49600
5.49655
5.49710
5.49766
5.49821
5.49877
5.49932
5.49988
5.50043
5.50099
5.50154
5.50210
5.50265
5.50321
5.50376
5.50432
5.50488
5.50543
5.50599
5.50655
5.50710
5.50766
5.50822
5.50877
5.50933
5.50989
5.51044
5.51100
5.51156
5.51212
5.51268
5.51323
5.51379
5.51435
5.51491
5.51547
5.51603
5.51659
5.51715
5.51771
5.51827
5.51883
5.51939
5.51995
5.52051
5.52107
5.52163
5.52219
5.52275
5.52331
5.52387
5.52443
5.52499
5.52555
5.52611
5.52668
5.52724
5.52780
5.52836
5.52893
5.52949
5.53005
5.53061
5.53118
5.53174
5.53230
5.53287
5.53343
5.53399
5.53456
5.53512
5.53568
5.53625
5.53681
5.53738
5.53794
5.53851
5.53907
5.53964
5.54020
5.54077
5.54133
5.54190
5.54247
5.54303
5.54360
5.54416
5.54473
5.54530
5.54586
5.54643
5.54700
5.54757
5.54813
5.54870
5.54927
5.54984
5.55040
5.55097
5.55154
5.55211
5.55268
5.55325
5.55381
5.55438
5.55495
5.55552
5.55609
5.55666
5.55723
5.55780
5.55837
5.55894
5.55951
5.56008
5.56065
5.56122
5.56179
5.56237
5.56294
5.56351
5.56408
5.56465
5.56522
5.56580
5.56637
5.56694
5.56751
5.56809
5.56866
5.56923
5.56980
5.57038
5.57095
5.57152
5.57210
5.57267
5.57325
5.57382
5.57440
5.57497
5.57554
5.57612
5.57669
5.57727
5.57784
5.57842
5.57900
5.57957
5.58015
5.58072
5.58130
5.58188
5.58245
5.58303
5.58361
5.58418
5.58476
5.58534
5.58591
5.58649
5.58707
5.58765
5.58823
5.58880
5.58938
5.58996
5.59054
5.59112
5.59170
5.59228
5.59286
5.59343
5.59401
5.59459
5.59517
5.59575
5.59633
5.59691
5.59750
5.59808
5.59866
5.59924
5.59982
5.60040
5.60098
5.60156
5.60215
5.60273
5.60331
5.60389
5.60447
5.60506
5.60564
5.60622
5.60681
5.60739
5.60797
5.60856
5.60914
5.60972
5.61031
5.61089
5.61148
5.61206
5.61264
5.61323
5.61381
5.61440
5.61498
5.61557
5.61616
5.61674
5.61733
5.61791
5.61850
5.61909
5.61967
5.62026
5.62085
5.62143
5.62202
5.62261
5.62319
5.62378
5.62437
5.62496
5.62555
5.62613
5.62672
5.62731
5.62790
5.62849
5.62908
5.62967
5.63026
5.63085
5.63144
5.63203
5.63262
5.63321
5.63380
5.63439
5.63498
5.63557
5.63616
5.63675
5.63734
5.63793
5.63853
5.63912
5.63971
5.64030
5.64089
5.64149
5.64208
5.64267
5.64327
5.64386
5.64445
5.64505
5.64564
5.64623
5.64683
5.64742
5.64802
5.64861
5.64921
5.64980
5.65039
5.65099
5.65159
5.65218
5.65278
5.65337
5.65397
5.65456
5.65516
5.65576
5.65635
5.65695
5.65755
5.65814
5.65874
5.65934
5.65994
5.66053
5.66113
5.66173
5.66233
5.66293
5.66353
5.66412
5.66472
5.66532
5.66592
5.66652
5.66712
5.66772
5.66832
5.66892
5.66952
5.67012
5.67072
5.67132
5.67192
5.67253
5.67313
5.67373
5.67433
5.67493
5.67553
5.67614
5.67674
5.67734
5.67794
5.67855
5.67915
5.67975
5.68035
5.68096
5.68156
5.68217
5.68277
5.68337
5.68398
5.68458
5.68519
5.68579
5.68640
5.68700
5.68761
5.68821
5.68882
5.68942
5.69003
5.69064
5.69124
5.69185
5.69246
5.69306
5.69367
5.69428
5.69488
5.69549
5.69610
5.69671
5.69732
5.69792
5.69853
5.69914
5.69975
5.70036
5.70097
5.70158
5.70219
5.70280
5.70341
5.70402
5.70463
5.70524
5.70585
5.70646
5.70707
5.70768
5.70829
5.70890
5.70951
5.71013
5.71074
5.71135
5.71196
5.71257
5.71319
5.71380
5.71441
5.71503
5.71564
5.71625
5.71687
5.71748
5.71809
5.71871
5.71932
5.71994
5.72055
5.72117
5.72178
5.72240
5.72301
5.72363
5.72424
5.72486
5.72547
5.72609
5.72671
5.72732
5.72794
5.72856
5.72917
5.72979
5.73041
5.73103
5.73165
5.73226
5.73288
5.73350
5.73412
5.73474
5.73536
5.73597
5.73659
5.73721
5.73783
5.73845
5.73907
5.73969
5.74031
5.74093
5.74155
5.74218
5.74280
5.74342
5.74404
5.74466
5.74528
5.74590
5.74653
5.74715
5.74777
5.74839
5.74902
5.74964
5.75026
5.75089
5.75151
5.75213
5.75276
5.75338
5.75401
5.75463
5.75526
5.75588
5.75651
5.75713
5.75776
5.75838
5.75901
5.75963
5.76026
5.76089
5.76151
5.76214
5.76277
5.76339
5.76402
5.76465
5.76527
5.76590
5.76653
5.76716
5.76779
5.76841
5.76904
5.76967
5.77030
5.77093
5.77156
5.77219
5.77282
5.77345
5.77408
5.77471
5.77534
5.77597
5.77660
5.77723
5.77786
5.77850
5.77913
5.77976
5.78039
5.78102
5.78166
5.78229
5.78292
5.78355
5.78419
5.78482
5.78545
5.78609
5.78672
5.78735
5.78799
5.78862
5.78926
5.78989
5.79053
5.79116
5.79180
5.79243
5.79307
5.79371
5.79434
5.79498
5.79561
5.79625
5.79689
5.79752
5.79816
5.79880
5.79944
5.80007
5.80071
5.80135
5.80199
5.80263
5.80327
5.80391
5.80454
5.80518
5.80582
5.80646
5.80710
5.80774
5.80838
5.80902
5.80966
5.81030
5.81095
5.81159
5.81223
5.81287
5.81351
5.81415
5.81480
5.81544
5.81608
5.81672
5.81737
5.81801
5.81865
5.81930
5.81994
5.82058
5.82123
5.82187
5.82252
5.82316
5.82381
5.82445
5.82510
5.82574
5.82639
5.82703
5.82768
5.82833
5.82897
5.82962
5.83027
5.83091
5.83156
5.83221
5.83285
5.83350
5.83415
5.83480
5.83545
5.83609
5.83674
5.83739
5.83804
5.83869
5.83934
5.83999
5.84064
5.84129
5.84194
5.84259
5.84324
5.84389
5.84454
5.84519
5.84585
5.84650
5.84715
5.84780
5.84845
5.84911
5.84976
5.85041
5.85107
5.85172
5.85237
5.85303
5.85368
5.85433
5.85499
5.85564
5.85630
5.85695
5.85761
5.85826
5.85892
5.85957
5.86023
5.86088
5.86154
5.86220
5.86285
5.86351
5.86417
5.86483
5.86548
5.86614
5.86680
5.86746
5.86811
5.86877
5.86943
5.87009
5.87075
5.87141
5.87207
5.87273
5.87339
5.87405
5.87471
5.87537
5.87603
5.87669
5.87735
5.87801
5.87867
5.87934
5.88000
5.88066
5.88132
5.88198
5.88265
5.88331
5.88397
5.88464
5.88530
5.88596
5.88663
5.88729
5.88796
5.88862
5.88928
5.88995
5.89061
5.89128
5.89195
5.89261
5.89328
5.89394
5.89461
5.89528
5.89594
5.89661
5.89728
5.89795
5.89861
5.89928
5.89995
5.90062
5.90129
5.90195
5.90262
5.90329
5.90396
5.90463
5.90530
5.90597
5.90664
5.90731
5.90798
5.90865
5.90932
5.90999
5.91067
5.91134
5.91201
5.91268
5.91335
5.91403
5.91470
5.91537
5.91604
5.91672
5.91739
5.91806
5.91874
5.91941
5.92009
5.92076
5.92144
5.92211
5.92279
5.92346
5.92414
5.92481
5.92549
5.92616
5.92684
5.92752
5.92819
5.92887
5.92955
5.93023
5.93090
5.93158
5.93226
5.93294
5.93362
5.93430
5.93497
5.93565
5.93633
5.93701
5.93769
5.93837
5.93905
5.93973
5.94041
5.94110
5.94178
5.94246
5.94314
5.94382
5.94450
5.94519
5.94587
5.94655
5.94723
5.94792
5.94860
5.94928
5.94997
5.95065
5.95133
5.95202
5.95270
5.95339
5.95407
5.95476
5.95544
5.95613
5.95682
5.95750
5.95819
5.95887
5.95956
5.96025
5.96094
5.96162
5.96231
5.96300
5.96369
5.96438
5.96506
5.96575
5.96644
5.96713
5.96782
5.96851
5.96920
5.96989
5.97058
5.97127
5.97196
5.97265
5.97334
5.97403
5.97473
5.97542
5.97611
5.97680
5.97749
5.97819
5.97888
5.97957
5.98027
5.98096
5.98165
5.98235
5.98304
5.98374
5.98443
5.98513
5.98582
5.98652
5.98721
5.98791
5.98861
5.98930
5.99000
5.99070
5.99139
5.99209
5.99279
5.99348
5.99418
5.99488
5.99558
5.99628
5.99698
5.99768
5.99837
5.99907
5.99977
6.00047
6.00117
6.00187
6.00257
6.00328
6.00398
6.00468
6.00538
6.00608
6.00678
6.00749
6.00819
6.00889
6.00959
6.01030
6.01100
6.01170
6.01241
6.01311
6.01382
6.01452
6.01522
6.01593
6.01663
6.01734
6.01805
6.01875
6.01946
6.02016
6.02087
6.02158
6.02228
6.02299
6.02370
6.02441
6.02512
6.02582
6.02653
6.02724
6.02795
6.02866
6.02937
6.03008
6.03079
6.03150
6.03221
6.03292
6.03363
6.03434
6.03505
6.03576
6.03647
6.03719
6.03790
6.03861
6.03932
6.04004
6.04075
6.04146
6.04218
6.04289
6.04360
6.04432
6.04503
6.04575
6.04646
6.04718
6.04789
6.04861
6.04933
6.05004
6.05076
6.05148
6.05219
6.05291
6.05363
6.05434
6.05506
6.05578
6.05650
6.05722
6.05794
6.05866
6.05937
6.06009
6.06081
6.06153
6.06225
6.06297
6.06370
6.06442
6.06514
6.06586
6.06658
6.06730
6.06803
6.06875
6.06947
6.07019
6.07092
6.07164
6.07236
6.07309
6.07381
6.07454
6.07526
6.07599
6.07671
6.07744
6.07816
6.07889
6.07961
6.08034
6.08107
6.08179
6.08252
6.08325
6.08398
6.08470
6.08543
6.08616
6.08689
6.08762
6.08835
6.08908
6.08980
6.09053
6.09126
6.09199
6.09273
6.09346
6.09419
6.09492
6.09565
6.09638
6.09711
6.09785
6.09858
6.09931
6.10004
6.10078
6.10151
6.10224
6.10298
6.10371
6.10445
6.10518
6.10592
6.10665
6.10739
6.10812
6.10886
6.10960
6.11033
6.11107
6.11181
6.11254
6.11328
6.11402
6.11476
6.11550
6.11623
6.11697
6.11771
6.11845
6.11919
6.11993
6.12067
6.12141
6.12215
6.12289
6.12363
6.12437
6.12512
6.12586
6.12660
6.12734
6.12809
6.12883
6.12957
6.13031
6.13106
6.13180
6.13255
6.13329
6.13404
6.13478
6.13553
6.13627
6.13702
6.13776
6.13851
6.13926
6.14000
6.14075
6.14150
6.14224
6.14299
6.14374
6.14449
6.14524
6.14598
6.14673
6.14748
6.14823
6.14898
6.14973
6.15048
6.15123
6.15198
6.15274
6.15349
6.15424
6.15499
6.15574
6.15650
6.15725
6.15800
6.15875
6.15951
6.16026
6.16102
6.16177
6.16252
6.16328
6.16403
6.16479
6.16555
6.16630
6.16706
6.16781
6.16857
6.16933
6.17008
6.17084
6.17160
6.17236
6.17312
6.17388
6.17463
6.17539
6.17615
6.17691
6.17767
6.17843
6.17919
6.17995
6.18071
6.18148
6.18224
6.18300
6.18376
6.18452
6.18529
6.18605
6.18681
6.18757
6.18834
6.18910
6.18987
6.19063
6.19140
6.19216
6.19293
6.19369
6.19446
6.19522
6.19599
6.19676
6.19752
6.19829
6.19906
6.19983
6.20059
6.20136
6.20213
6.20290
6.20367
6.20444
6.20521
6.20598
6.20675
6.20752
6.20829
6.20906
6.20983
6.21060
6.21137
6.21215
6.21292
6.21369
6.21446
6.21524
6.21601
6.21679
6.21756
6.21833
6.21911
6.21988
6.22066
6.22143
6.22221
6.22299
6.22376
6.22454
6.22532
6.22609
6.22687
6.22765
6.22843
6.22920
6.22998
6.23076
6.23154
6.23232
6.23310
6.23388
6.23466
6.23544
6.23622
6.23700
6.23778
6.23857
6.23935
6.24013
6.24091
6.24169
6.24248
6.24326
6.24404
6.24483
6.24561
6.24640
6.24718
6.24797
6.24875
6.24954
6.25032
6.25111
6.25190
6.25268
6.25347
6.25426
6.25505
6.25583
6.25662
6.25741
6.25820
6.25899
6.25978
6.26057
6.26136
6.26215
6.26294
6.26373
6.26452
6.26531
6.26610
6.26689
6.26769
6.26848
6.26927
6.27007
6.27086
6.27165
6.27245
6.27324
6.27404
6.27483
6.27563
6.27642
6.27722
6.27801
6.27881
6.27961
6.28040
6.28120
6.28200
6.28280
6.28359
6.28439
