-153.96496
-153.86655
-153.64479
-153.36483
-153.05764
-152.73795
-152.41278
-152.08544
-151.75752
-151.42977
-151.10254
-150.77601
-150.45026
-150.12531
-149.80119
-149.47790
-149.15545
-148.83383
-148.51304
-148.19308
-147.87396
-147.55566
-147.23818
-146.92153
-146.60570
-146.29069
-145.97649
-145.66311
-145.35054
-145.03878
-144.72783
-144.41771
-144.10837
-143.79983
-143.49209
-143.18515
-142.87900
-142.57368
-142.26912
-141.96534
-141.66236
-141.36016
-141.05875
-140.75814
-140.45831
-140.15924
-139.86094
-139.56341
-139.26665
-138.97066
-138.67544
-138.38102
-138.08733
-137.79440
-137.50223
-137.21082
-136.92016
-136.63028
-136.34113
-136.05273
-135.76507
-135.47816
-135.19202
-134.90660
-134.62191
-134.33797
-134.05475
-133.77228
-133.49057
-133.20955
-132.92927
-132.64971
-132.37087
-132.09276
-131.81541
-131.53873
-131.26278
-130.98754
-130.71301
-130.43922
-130.16613
-129.89374
-129.62205
-129.35106
-129.08078
-128.81125
-128.54237
-128.27418
-128.00669
-127.73989
-127.47378
-127.20836
-126.94370
-126.67965
-126.41629
-126.15362
-125.89162
-125.63031
-125.36973
-125.10977
-124.85048
-124.59186
-124.33392
-124.07664
-123.82011
-123.56415
-123.30886
-123.05424
-122.80028
-122.54698
-122.29434
-122.04241
-121.79108
-121.54039
-121.29035
-121.04097
-120.79223
-120.54422
-120.29674
-120.04993
-119.80376
-119.55823
-119.31333
-119.06907
-118.82550
-118.58251
-118.34014
-118.09840
-117.85729
-117.61680
-117.37695
-117.13777
-116.89915
-116.66114
-116.42376
-116.18698
-115.95083
-115.71537
-115.48042
-115.24609
-115.01237
-114.77926
-114.54675
-114.31485
-114.08363
-113.85291
-113.62281
-113.39330
-113.16438
-112.93606
-112.70833
-112.48128
-112.25472
-112.02875
-111.80337
-111.57858
-111.35437
-111.13074
-110.90778
-110.68530
-110.46340
-110.24208
-110.02134
-109.80116
-109.58156
-109.36262
-109.14414
-108.92624
-108.70890
-108.49213
-108.27593
-108.06028
-107.84528
-107.63073
-107.41676
-107.20333
-106.99047
-106.77815
-106.56639
-106.35524
-106.14458
-105.93445
-105.72488
-105.51584
-105.30735
-105.09940
-104.89198
-104.68518
-104.47884
-104.27304
-104.06777
-103.86303
-103.65882
-103.45515
-103.25213
-103.04948
-102.84739
-102.64581
-102.44476
-102.24423
-102.04422
-101.84473
-101.64585
-101.44739
-101.24945
-101.05202
-100.85510
-100.65869
-100.46279
-100.26753
-100.07261
-99.87823
-99.68436
-99.49098
-99.29811
-99.10574
-98.91386
-98.72260
-98.53171
-98.34132
-98.15143
-97.96203
-97.77312
-97.58470
-97.39677
-97.20942
-97.02247
-96.83600
-96.65001
-96.46450
-96.27948
-96.09493
-95.91098
-95.72737
-95.54425
-95.36161
-95.17945
-94.99775
-94.81653
-94.63577
-94.45560
-94.27577
-94.09641
-93.91753
-93.73911
-93.56114
-93.38365
-93.20661
-93.03012
-92.85400
-92.67833
-92.50312
-92.32837
-92.15406
-91.98021
-91.80685
-91.63395
-91.46145
-91.28940
-91.11779
-90.94662
-90.77590
-90.60563
-90.43590
-90.26648
-90.09753
-89.92901
-89.76092
-89.59328
-89.42607
-89.25929
-89.09305
-88.92712
-88.76163
-88.59658
-88.43195
-88.26775
-88.10397
-87.94062
-87.77779
-87.61528
-87.45319
-87.29153
-87.13029
-86.96946
-86.80905
-86.64906
-86.48956
-86.33040
-86.17165
-86.01331
-85.85538
-85.69786
-85.54075
-85.38404
-85.22782
-85.07193
-84.91644
-84.76136
-84.60667
-84.45239
-84.29851
-84.14509
-83.99202
-83.83933
-83.68704
-83.53514
-83.38363
-83.23252
-83.08180
-82.93157
-82.78161
-82.63206
-82.48290
-82.33412
-82.18573
-82.03773
-81.89010
-81.74296
-81.59608
-81.44961
-81.30351
-81.15779
-81.01245
-80.86749
-80.72290
-80.57877
-80.43492
-80.29146
-80.14836
-80.00564
-79.86328
-79.72130
-79.57968
-79.43851
-79.29763
-79.15711
-79.01696
-78.87717
-78.73774
-78.59867
-78.45997
-78.32169
-78.18371
-78.04608
-77.90880
-77.77189
-77.63533
-77.49912
-77.36326
-77.22783
-77.09268
-76.95788
-76.82343
-76.68933
-76.55557
-76.42216
-76.28914
-76.15645
-76.02408
-75.89205
-75.76036
-75.62902
-75.49801
-75.36735
-75.23709
-75.10710
-74.97744
-74.84813
-74.71915
-74.59050
-74.46219
-74.33421
-74.20664
-74.07931
-73.95232
-73.82566
-73.69933
-73.57333
-73.44765
-73.32230
-73.19736
-73.07264
-72.94827
-72.82421
-72.70048
-72.57707
-72.45397
-72.33120
-72.20882
-72.08667
-71.96485
-71.84334
-71.72215
-71.60128
-71.48072
-71.36047
-71.24060
-71.12096
-71.00165
-70.88264
-70.76394
-70.64555
-70.52746
-70.40969
-70.29227
-70.17511
-70.05824
-69.94168
-69.82542
-69.70946
-69.59380
-69.47845
-69.36345
-69.24869
-69.13423
-69.02006
-68.90619
-68.79262
-68.67934
-68.56635
-68.45371
-68.34131
-68.22920
-68.11738
-68.00586
-67.89462
-67.78366
-67.67302
-67.56268
-67.45259
-67.34278
-67.23326
-67.12403
-67.01507
-66.90640
-66.79806
-66.68996
-66.58213
-66.47458
-66.36731
-66.26032
-66.15361
-66.04717
-65.94107
-65.83518
-65.72957
-65.62423
-65.51916
-65.41437
-65.30985
-65.20560
-65.10169
-64.99797
-64.89453
-64.79135
-64.68845
-64.58581
-64.48344
-64.38133
-64.27956
-64.17796
-64.07665
-63.97560
-63.87481
-63.77428
-63.67401
-63.57400
-63.47432
-63.37481
-63.27558
-63.17661
-63.07789
-62.97943
-62.88122
-62.78327
-62.68563
-62.58817
-62.49098
-62.39404
-62.29735
-62.20091
-62.10472
-62.00879
-61.91315
-61.81770
-61.72251
-61.62756
-61.53286
-61.43840
-61.34419
-61.25022
-61.15655
-61.06307
-60.96983
-60.87683
-60.78408
-60.69156
-60.59929
-60.50725
-60.41550
-60.32394
-60.23262
-60.14154
-60.05069
-59.96008
-59.86970
-59.77955
-59.68969
-59.60001
-59.51057
-59.42136
-59.33238
-59.24362
-59.15510
-59.06681
-58.97879
-58.89096
-58.80336
-58.71598
-58.62883
-58.54190
-58.45520
-58.36875
-58.28251
-58.19649
-58.11068
-58.02510
-57.93974
-57.85460
-57.76968
-57.68502
-57.60055
-57.51629
-57.43225
-57.34842
-57.26482
-57.18143
-57.09825
-57.01534
-56.93259
-56.85007
-56.76775
-56.68565
-56.60376
-56.52209
-56.44063
-56.35943
-56.27837
-56.19754
-56.11692
-56.03651
-55.95630
-55.87631
-55.79652
-55.71699
-55.63760
-55.55843
-55.47946
-55.40070
-55.32215
-55.24380
-55.16565
-55.08775
-55.01000
-54.93245
-54.85511
-54.77797
-54.70103
-54.62429
-54.54774
-54.47145
-54.39529
-54.31934
-54.24359
-54.16804
-54.09268
-54.01751
-53.94254
-53.86781
-53.79323
-53.71884
-53.64464
-53.57064
-53.49683
-53.42321
-53.34978
-53.27659
-53.20354
-53.13068
-53.05801
-52.98553
-52.91323
-52.84113
-52.76921
-52.69751
-52.62596
-52.55460
-52.48343
-52.41244
-52.34163
-52.27100
-52.20056
-52.13034
-52.06027
-51.99037
-51.92066
-51.85113
-51.78177
-51.71260
-51.64361
-51.57483
-51.50620
-51.43774
-51.36946
-51.30136
-51.23343
-51.16568
-51.09810
-51.03074
-50.96352
-50.89646
-50.82959
-50.76289
-50.69636
-50.63000
-50.56382
-50.49783
-50.43199
-50.36632
-50.30082
-50.23548
-50.17032
-50.10533
-50.04053
-49.97588
-49.91139
-49.84707
-49.78291
-49.71892
-49.65510
-49.59144
-49.52798
-49.46465
-49.40149
-49.33849
-49.27565
-49.21298
-49.15047
-49.08812
-49.02597
-48.96394
-48.90207
-48.84037
-48.77882
-48.71744
-48.65621
-48.59514
-48.53427
-48.47351
-48.41292
-48.35248
-48.29220
-48.23208
-48.17211
-48.11230
-48.05268
-47.99317
-47.93382
-47.87463
-47.81559
-47.75670
-47.69796
-47.63938
-47.58099
-47.52270
-47.46457
-47.40660
-47.34877
-47.29109
-47.23356
-47.17618
-47.11899
-47.06190
-47.00497
-46.94818
-46.89155
-46.83505
-46.77871
-46.72251
-46.66649
-46.61058
-46.55481
-46.49920
-46.44372
-46.38839
-46.33320
-46.27816
-46.22329
-46.16853
-46.11391
-46.05944
-46.00510
-45.95091
-45.89686
-45.84294
-45.78920
-45.73557
-45.68207
-45.62872
-45.57550
-45.52242
-45.46948
-45.41667
-45.36403
-45.31150
-45.25911
-45.20685
-45.15473
-45.10274
-45.05088
-44.99917
-44.94761
-44.89616
-44.84484
-44.79365
-44.74260
-44.69168
-44.64090
-44.59024
-44.53974
-44.48935
-44.43909
-44.38895
-44.33895
-44.28908
-44.23934
-44.18972
-44.14026
-44.09090
-44.04167
-43.99257
-43.94360
-43.89475
-43.84603
-43.79744
-43.74899
-43.70065
-43.65243
-43.60434
-43.55637
-43.50853
-43.46081
-43.41323
-43.36576
-43.31841
-43.27119
-43.22408
-43.17710
-43.13024
-43.08350
-43.03691
-42.99041
-42.94404
-42.89778
-42.85165
-42.80563
-42.75973
-42.71396
-42.66832
-42.62278
-42.57736
-42.53205
-42.48687
-42.44180
-42.39684
-42.35201
-42.30731
-42.26270
-42.21821
-42.17384
-42.12958
-42.08544
-42.04141
-41.99749
-41.95372
-41.91003
-41.86645
-41.82299
-41.77964
-41.73641
-41.69328
-41.65027
-41.60740
-41.56460
-41.52192
-41.47936
-41.43690
-41.39455
-41.35231
-41.31018
-41.26819
-41.22628
-41.18448
-41.14278
-41.10120
-41.05972
-41.01835
-40.97709
-40.93596
-40.89491
-40.85396
-40.81313
-40.77240
-40.73177
-40.69126
-40.65084
-40.61056
-40.57035
-40.53025
-40.49025
-40.45036
-40.41057
-40.37088
-40.33130
-40.29184
-40.25246
-40.21318
-40.17401
-40.13494
-40.09597
-40.05710
-40.01833
-39.97968
-39.94111
-39.90264
-39.86427
-39.82600
-39.78783
-39.74976
-39.71179
-39.67393
-39.63616
-39.59848
-39.56090
-39.52341
-39.48603
-39.44874
-39.41155
-39.37447
-39.33747
-39.30057
-39.26376
-39.22705
-39.19043
-39.15391
-39.11748
-39.08117
-39.04493
-39.00878
-38.97273
-38.93677
-38.90091
-38.86514
-38.82946
-38.79389
-38.75840
-38.72300
-38.68769
-38.65247
-38.61734
-38.58230
-38.54736
-38.51252
-38.47776
-38.44308
-38.40850
-38.37400
-38.33960
-38.30528
-38.27107
-38.23693
-38.20288
-38.16892
-38.13505
-38.10126
-38.06757
-38.03396
-38.00045
-37.96701
-37.93366
-37.90040
-37.86722
-37.83413
-37.80113
-37.76821
-37.73539
-37.70264
-37.66998
-37.63740
-37.60490
-37.57249
-37.54016
-37.50792
-37.47578
-37.44370
-37.41171
-37.37980
-37.34797
-37.31623
-37.28457
-37.25299
-37.22151
-37.19009
-37.15875
-37.12750
-37.09632
-37.06523
-37.03422
-37.00329
-36.97246
-36.94168
-36.91099
-36.88038
-36.84985
-36.81940
-36.78902
-36.75873
-36.72853
-36.69839
-36.66833
-36.63835
-36.60844
-36.57861
-36.54887
-36.51919
-36.48962
-36.46009
-36.43065
-36.40129
-36.37200
-36.34278
-36.31364
-36.28458
-36.25561
-36.22670
-36.19786
-36.16910
-36.14041
-36.11180
-36.08326
-36.05479
-36.02642
-35.99810
-35.96985
-35.94168
-35.91359
-35.88556
-35.85761
-35.82973
-35.80194
-35.77420
-35.74654
-35.71894
-35.69142
-35.66397
-35.63660
-35.60929
-35.58207
-35.55490
-35.52781
-35.50078
-35.47383
-35.44694
-35.42013
-35.39338
-35.36672
-35.34011
-35.31358
-35.28711
-35.26071
-35.23437
-35.20811
-35.18191
-35.15580
-35.12974
-35.10375
-35.07782
-35.05196
-35.02617
-35.00045
-34.97479
-34.94921
-34.92369
-34.89823
-34.87284
-34.84751
-34.82225
-34.79706
-34.77193
-34.74688
-34.72188
-34.69694
-34.67207
-34.64727
-34.62253
-34.59785
-34.57324
-34.54870
-34.52421
-34.49979
-34.47543
-34.45114
-34.42690
-34.40273
-34.37863
-34.35459
-34.33061
-34.30669
-34.28283
-34.25904
-34.23530
-34.21163
-34.18803
-34.16448
-34.14099
-34.11756
-34.09419
-34.07089
-34.04764
-34.02445
-34.00134
-33.97827
-33.95526
-33.93232
-33.90943
-33.88660
-33.86383
-33.84112
-33.81849
-33.79589
-33.77336
-33.75088
-33.72847
-33.70611
-33.68381
-33.66156
-33.63939
-33.61726
-33.59519
-33.57318
-33.55122
-33.52932
-33.50748
-33.48570
-33.46398
-33.44230
-33.42069
-33.39913
-33.37762
-33.35617
-33.33478
-33.31344
-33.29217
-33.27094
-33.24977
-33.22865
-33.20759
-33.18658
-33.16563
-33.14473
-33.12390
-33.10310
-33.08237
-33.06168
-33.04105
-33.02048
-32.99995
-32.97948
-32.95908
-32.93871
-32.91840
-32.89815
-32.87794
-32.85779
-32.83769
-32.81764
-32.79765
-32.77771
-32.75781
-32.73797
-32.71818
-32.69844
-32.67875
-32.65912
-32.63954
-32.62001
-32.60052
-32.58109
-32.56170
-32.54237
-32.52309
-32.50385
-32.48468
-32.46555
-32.44646
-32.42743
-32.40844
-32.38951
-32.37062
-32.35178
-32.33300
-32.31426
-32.29557
-32.27693
-32.25834
-32.23979
-32.22129
-32.20284
-32.18445
-32.16609
-32.14778
-32.12952
-32.11131
-32.09315
-32.07503
-32.05696
-32.03894
-32.02096
-32.00303
-31.98515
-31.96731
-31.94952
-31.93177
-31.91407
-31.89643
-31.87882
-31.86126
-31.84374
-31.82627
-31.80884
-31.79146
-31.77413
-31.75684
-31.73960
-31.72240
-31.70524
-31.68813
-31.67106
-31.65404
-31.63706
-31.62013
-31.60324
-31.58639
-31.56959
-31.55283
-31.53611
-31.51944
-31.50281
-31.48623
-31.46968
-31.45318
-31.43672
-31.42031
-31.40393
-31.38760
-31.37132
-31.35507
-31.33887
-31.32271
-31.30659
-31.29051
-31.27447
-31.25848
-31.24253
-31.22662
-31.21075
-31.19492
-31.17913
-31.16338
-31.14767
-31.13201
-31.11639
-31.10080
-31.08526
-31.06976
-31.05429
-31.03887
-31.02348
-31.00814
-30.99284
-30.97758
-30.96235
-30.94716
-30.93202
-30.91691
-30.90184
-30.88681
-30.87183
-30.85688
-30.84197
-30.82709
-30.81226
-30.79746
-30.78270
-30.76798
-30.75331
-30.73867
-30.72406
-30.70949
-30.69496
-30.68047
-30.66602
-30.65160
-30.63723
-30.62288
-30.60858
-30.59431
-30.58008
-30.56588
-30.55172
-30.53760
-30.52353
-30.50948
-30.49547
-30.48149
-30.46755
-30.45365
-30.43978
-30.42595
-30.41217
-30.39841
-30.38468
-30.37099
-30.35734
-30.34372
-30.33014
-30.31660
-30.30309
-30.28962
-30.27617
-30.26277
-30.24940
-30.23606
-30.22276
-30.20949
-30.19626
-30.18306
-30.16990
-30.15677
-30.14367
-30.13061
-30.11758
-30.10458
-30.09163
-30.07870
-30.06581
-30.05294
-30.04012
-30.02732
-30.01456
-30.00183
-29.98914
-29.97648
-29.96385
-29.95126
-29.93869
-29.92616
-29.91366
-29.90120
-29.88877
-29.87637
-29.86400
-29.85166
-29.83935
-29.82708
-29.81484
-29.80263
-29.79045
-29.77831
-29.76619
-29.75411
-29.74206
-29.73003
-29.71804
-29.70609
-29.69416
-29.68227
-29.67040
-29.65856
-29.64676
-29.63498
-29.62324
-29.61153
-29.59985
-29.58820
-29.57657
-29.56498
-29.55342
-29.54189
-29.53039
-29.51892
-29.50748
-29.49606
-29.48468
-29.47333
-29.46200
-29.45071
-29.43944
-29.42821
-29.41700
-29.40582
-29.39467
-29.38355
-29.37246
-29.36140
-29.35036
-29.33936
-29.32839
-29.31744
-29.30652
-29.29562
-29.28476
-29.27393
-29.26312
-29.25235
-29.24159
-29.23087
-29.22017
-29.20950
-29.19886
-29.18825
-29.17767
-29.16711
-29.15658
-29.14608
-29.13560
-29.12515
-29.11473
-29.10434
-29.09397
-29.08364
-29.07332
-29.06303
-29.05277
-29.04254
-29.03233
-29.02215
-29.01200
-29.00187
-28.99177
-28.98169
-28.97165
-28.96162
-28.95162
-28.94165
-28.93171
-28.92179
-28.91190
-28.90203
-28.89218
-28.88237
-28.87258
-28.86281
-28.85307
-28.84336
-28.83366
-28.82400
-28.81436
-28.80474
-28.79515
-28.78559
-28.77604
-28.76653
-28.75704
-28.74757
-28.73813
-28.72871
-28.71932
-28.70995
-28.70061
-28.69129
-28.68199
-28.67272
-28.66347
-28.65425
-28.64505
-28.63587
-28.62672
-28.61759
-28.60849
-28.59940
-28.59035
-28.58131
-28.57230
-28.56331
-28.55435
-28.54541
-28.53649
-28.52760
-28.51872
-28.50988
-28.50105
-28.49225
-28.48347
-28.47471
-28.46598
-28.45726
-28.44858
-28.43991
-28.43126
-28.42264
-28.41404
-28.40547
-28.39691
-28.38838
-28.37987
-28.37138
-28.36291
-28.35447
-28.34605
-28.33765
-28.32927
-28.32091
-28.31257
-28.30426
-28.29596
-28.28769
-28.27945
-28.27122
-28.26301
-28.25483
-28.24666
-28.23852
-28.23039
-28.22229
-28.21422
-28.20616
-28.19812
-28.19010
-28.18210
-28.17413
-28.16617
-28.15824
-28.15033
-28.14243
-28.13456
-28.12671
-28.11887
-28.11106
-28.10327
-28.09550
-28.08775
-28.08002
-28.07231
-28.06462
-28.05694
-28.04929
-28.04166
-28.03405
-28.02646
-28.01889
-28.01133
-28.00380
-27.99629
-27.98879
-27.98132
-27.97386
-27.96643
-27.95901
-27.95162
-27.94424
-27.93688
-27.92954
-27.92222
-27.91491
-27.90763
-27.90037
-27.89312
-27.88590
-27.87869
-27.87150
-27.86433
-27.85718
-27.85005
-27.84293
-27.83583
-27.82876
-27.82170
-27.81465
-27.80763
-27.80063
-27.79364
-27.78667
-27.77972
-27.77279
-27.76588
-27.75898
-27.75210
-27.74524
-27.73840
-27.73157
-27.72476
-27.71797
-27.71120
-27.70445
-27.69771
-27.69099
-27.68429
-27.67760
-27.67094
-27.66429
-27.65765
-27.65104
-27.64444
-27.63786
-27.63129
-27.62475
-27.61821
-27.61170
-27.60520
-27.59872
-27.59226
-27.58581
-27.57939
-27.57297
-27.56658
-27.56020
-27.55383
-27.54749
-27.54116
-27.53484
-27.52855
-27.52227
-27.51600
-27.50975
-27.50352
-27.49730
-27.49110
-27.48492
-27.47875
-27.47260
-27.46646
-27.46034
-27.45424
-27.44815
-27.44208
-27.43602
-27.42998
-27.42396
-27.41795
-27.41195
-27.40597
-27.40001
-27.39406
-27.38813
-27.38221
-27.37631
-27.37042
-27.36455
-27.35870
-27.35286
-27.34703
-27.34122
-27.33543
-27.32965
-27.32388
-27.31813
-27.31239
-27.30667
-27.30097
-27.29528
-27.28960
-27.28394
-27.27829
-27.27266
-27.26704
-27.26144
-27.25585
-27.25028
-27.24472
-27.23917
-27.23364
-27.22813
-27.22262
-27.21714
-27.21166
-27.20621
-27.20076
-27.19533
-27.18991
-27.18451
-27.17912
-27.17374
-27.16838
-27.16304
-27.15770
-27.15238
-27.14708
-27.14178
-27.13651
-27.13124
-27.12599
-27.12076
-27.11553
-27.11032
-27.10512
-27.09994
-27.09477
-27.08961
-27.08447
-27.07934
-27.07423
-27.06912
-27.06403
-27.05896
-27.05389
-27.04884
-27.04380
-27.03878
-27.03377
-27.02877
-27.02379
-27.01882
-27.01386
-27.00891
-27.00397
-26.99906
-26.99415
-26.98925
-26.98437
-26.97950
-26.97464
-26.96980
-26.96496
-26.96015
-26.95534
-26.95054
-26.94576
-26.94099
-26.93623
-26.93149
-26.92675
-26.92204
-26.91733
-26.91263
-26.90795
-26.90327
-26.89861
-26.89397
-26.88933
-26.88471
-26.88010
-26.87550
-26.87091
-26.86633
-26.86177
-26.85722
-26.85268
-26.84815
-26.84363
-26.83913
-26.83463
-26.83015
-26.82568
-26.82122
-26.81678
-26.81234
-26.80792
-26.80351
-26.79910
-26.79471
-26.79034
-26.78597
-26.78161
-26.77727
-26.77294
-26.76862
-26.76430
-26.76000
-26.75572
-26.75144
-26.74717
-26.74292
-26.73868
-26.73444
-26.73022
-26.72601
-26.72181
-26.71762
-26.71344
-26.70927
-26.70512
-26.70097
-26.69684
-26.69271
-26.68860
-26.68449
-26.68040
-26.67632
-26.67225
-26.66819
-26.66414
-26.66010
-26.65607
-26.65205
-26.64804
-26.64405
-26.64006
-26.63608
-26.63211
-26.62816
-26.62421
-26.62027
-26.61635
-26.61243
-26.60853
-26.60463
-26.60075
-26.59687
-26.59301
-26.58915
-26.58531
-26.58147
-26.57765
-26.57383
-26.57003
-26.56623
-26.56244
-26.55867
-26.55490
-26.55115
-26.54740
-26.54366
-26.53993
-26.53622
-26.53251
-26.52881
-26.52512
-26.52144
-26.51777
-26.51411
-26.51046
-26.50682
-26.50319
-26.49957
-26.49596
-26.49235
-26.48876
-26.48517
-26.48160
-26.47803
-26.47447
-26.47093
-26.46739
-26.46386
-26.46034
-26.45683
-26.45332
-26.44983
-26.44635
-26.44287
-26.43941
-26.43595
-26.43250
-26.42906
-26.42563
-26.42221
-26.41880
-26.41540
-26.41200
-26.40862
-26.40524
-26.40187
-26.39851
-26.39516
-26.39182
-26.38848
-26.38516
-26.38184
-26.37854
-26.37524
-26.37195
-26.36866
-26.36539
-26.36213
-26.35887
-26.35562
-26.35238
-26.34915
-26.34593
-26.34271
-26.33951
-26.33631
-26.33312
-26.32994
-26.32677
-26.32360
-26.32044
-26.31730
-26.31415
-26.31102
-26.30790
-26.30478
-26.30168
-26.29858
-26.29548
-26.29240
-26.28932
-26.28626
-26.28320
-26.28015
-26.27710
-26.27407
-26.27104
-26.26802
-26.26500
-26.26200
-26.25900
-26.25601
-26.25303
-26.25006
-26.24709
-26.24413
-26.24118
-26.23824
-26.23531
-26.23238
-26.22946
-26.22655
-26.22364
-26.22074
-26.21785
-26.21497
-26.21210
-26.20923
-26.20637
-26.20352
-26.20067
-26.19783
-26.19500
-26.19218
-26.18936
-26.18656
-26.18375
-26.18096
-26.17817
-26.17539
-26.17262
-26.16986
-26.16710
-26.16435
-26.16160
-26.15887
-26.15614
-26.15342
-26.15070
-26.14799
-26.14529
-26.14260
-26.13991
-26.13723
-26.13456
-26.13189
-26.12923
-26.12658
-26.12393
-26.12129
-26.11866
-26.11604
-26.11342
-26.11081
-26.10820
-26.10560
-26.10301
-26.10043
-26.09785
-26.09528
-26.09271
-26.09016
-26.08760
-26.08506
-26.08252
-26.07999
-26.07747
-26.07495
-26.07244
-26.06993
-26.06743
-26.06494
-26.06245
-26.05997
-26.05750
-26.05503
-26.05257
-26.05012
-26.04767
-26.04523
-26.04280
-26.04037
-26.03795
-26.03553
-26.03312
-26.03072
-26.02832
-26.02593
-26.02355
-26.02117
-26.01879
-26.01643
-26.01407
-26.01171
-26.00937
-26.00702
-26.00469
-26.00236
-26.00004
-25.99772
-25.99541
-25.99310
-25.99080
-25.98851
-25.98622
-25.98394
-25.98166
-25.97939
-25.97713
-25.97487
-25.97262
-25.97037
-25.96813
-25.96590
-25.96367
-25.96144
-25.95923
-25.95701
-25.95481
-25.95261
-25.95041
-25.94822
-25.94604
-25.94386
-25.94169
-25.93953
-25.93736
-25.93521
-25.93306
-25.93092
-25.92878
-25.92665
-25.92452
-25.92240
-25.92028
-25.91817
-25.91606
-25.91396
-25.91187
-25.90978
-25.90770
-25.90562
-25.90355
-25.90148
-25.89942
-25.89736
-25.89531
-25.89326
-25.89122
-25.88919
-25.88716
-25.88513
-25.88311
-25.88110
-25.87909
-25.87708
-25.87509
-25.87309
-25.87110
-25.86912
-25.86714
-25.86517
-25.86320
-25.86124
-25.85928
-25.85733
-25.85538
-25.85344
-25.85150
-25.84957
-25.84764
-25.84572
-25.84380
-25.84189
-25.83998
-25.83808
-25.83618
-25.83429
-25.83240
-25.83052
-25.82864
-25.82677
-25.82490
-25.82304
-25.82118
-25.81932
-25.81747
-25.81563
-25.81379
-25.81196
-25.81013
-25.80830
-25.80648
-25.80466
-25.80285
-25.80105
-25.79925
-25.79745
-25.79566
-25.79387
-25.79209
-25.79031
-25.78853
-25.78676
-25.78500
-25.78324
-25.78149
-25.77973
-25.77799
-25.77625
-25.77451
-25.77278
-25.77105
-25.76932
-25.76761
-25.76589
-25.76418
-25.76247
-25.76077
-25.75907
-25.75738
-25.75569
-25.75401
-25.75233
-25.75065
-25.74898
-25.74732
-25.74565
-25.74400
-25.74234
-25.74069
-25.73905
-25.73741
-25.73577
-25.73414
-25.73251
-25.73089
-25.72927
-25.72765
-25.72604
-25.72443
-25.72283
-25.72123
-25.71964
-25.71805
-25.71646
-25.71488
-25.71330
-25.71173
-25.71016
-25.70859
-25.70703
-25.70547
-25.70392
-25.70237
-25.70082
-25.69928
-25.69774
-25.69621
-25.69468
-25.69315
-25.69163
-25.69011
-25.68860
-25.68709
-25.68558
-25.68408
-25.68258
-25.68109
-25.67960
-25.67811
-25.67663
-25.67515
-25.67367
-25.67220
-25.67074
-25.66927
-25.66781
-25.66636
-25.66490
-25.66346
-25.66201
-25.66057
-25.65913
-25.65770
-25.65627
-25.65484
-25.65342
-25.65200
-25.65059
-25.64917
-25.64777
-25.64636
-25.64496
-25.64357
-25.64217
-25.64078
-25.63940
-25.63801
-25.63663
-25.63526
-25.63389
-25.63252
-25.63116
-25.62979
-25.62844
-25.62708
-25.62573
-25.62439
-25.62304
-25.62170
-25.62037
-25.61903
-25.61770
-25.61638
-25.61505
-25.61373
-25.61242
-25.61111
-25.60980
-25.60849
-25.60719
-25.60589
-25.60459
-25.60330
-25.60201
-25.60073
-25.59945
-25.59817
-25.59689
-25.59562
-25.59435
-25.59308
-25.59182
-25.59056
-25.58931
-25.58806
-25.58681
-25.58556
-25.58432
-25.58308
-25.58184
-25.58061
-25.57938
-25.57815
-25.57693
-25.57571
-25.57449
-25.57328
-25.57207
-25.57086
-25.56965
-25.56845
-25.56725
-25.56606
-25.56486
-25.56368
-25.56249
-25.56131
-25.56013
-25.55895
-25.55778
-25.55661
-25.55544
-25.55427
-25.55311
-25.55195
-25.55080
-25.54964
-25.54849
-25.54735
-25.54620
-25.54506
-25.54393
-25.54279
-25.54166
-25.54053
-25.53940
-25.53828
-25.53716
-25.53604
-25.53493
-25.53382
-25.53271
-25.53160
-25.53050
-25.52940
-25.52830
-25.52721
-25.52612
-25.52503
-25.52394
-25.52286
-25.52178
-25.52070
-25.51963
-25.51855
-25.51749
-25.51642
-25.51536
-25.51430
-25.51324
-25.51218
-25.51113
-25.51008
-25.50903
-25.50799
-25.50695
-25.50591
-25.50487
-25.50384
-25.50281
-25.50178
-25.50075
-25.49973
-25.49871
-25.49769
-25.49668
-25.49566
-25.49466
-25.49365
-25.49264
-25.49164
-25.49064
-25.48965
-25.48865
-25.48766
-25.48667
-25.48568
-25.48470
-25.48372
-25.48274
-25.48176
-25.48079
-25.47982
-25.47885
-25.47789
-25.47692
-25.47596
-25.47500
-25.47405
-25.47309
-25.47214
-25.47119
-25.47025
-25.46930
-25.46836
-25.46742
-25.46649
-25.46555
-25.46462
-25.46369
-25.46276
-25.46184
-25.46092
-25.46000
-25.45908
-25.45817
-25.45725
-25.45634
-25.45544
-25.45453
-25.45363
-25.45273
-25.45183
-25.45093
-25.45004
-25.44915
-25.44826
-25.44737
-25.44649
-25.44560
-25.44472
-25.44385
-25.44297
-25.44210
-25.44123
-25.44036
-25.43949
-25.43863
-25.43777
-25.43691
-25.43605
-25.43519
-25.43434
-25.43349
-25.43264
-25.43180
-25.43095
-25.43011
-25.42927
-25.42843
-25.42760
-25.42676
-25.42593
-25.42510
-25.42428
-25.42345
-25.42263
-25.42181
-25.42099
-25.42018
-25.41936
-25.41855
-25.41774
-25.41693
-25.41613
-25.41532
-25.41452
-25.41372
-25.41293
-25.41213
-25.41134
-25.41055
-25.40976
-25.40897
-25.40819
-25.40740
-25.40662
-25.40584
-25.40507
-25.40429
-25.40352
-25.40275
-25.40198
-25.40121
-25.40045
-25.39969
-25.39892
-25.39817
-25.39741
-25.39665
-25.39590
-25.39515
-25.39440
-25.39365
-25.39291
-25.39216
-25.39142
-25.39068
-25.38995
-25.38921
-25.38848
-25.38775
-25.38702
-25.38629
-25.38556
-25.38484
-25.38412
-25.38339
-25.38268
-25.38196
-25.38124
-25.38053
-25.37982
-25.37911
-25.37840
-25.37770
-25.37699
-25.37629
-25.37559
-25.37489
-25.37420
-25.37350
-25.37281
-25.37212
-25.37143
-25.37074
-25.37006
-25.36937
-25.36869
-25.36801
-25.36733
-25.36665
-25.36598
-25.36530
-25.36463
-25.36396
-25.36329
-25.36263
-25.36196
-25.36130
-25.36064
-25.35998
-25.35932
-25.35867
-25.35801
-25.35736
-25.35671
-25.35606
-25.35541
-25.35476
-25.35412
-25.35348
-25.35284
-25.35220
-25.35156
-25.35092
-25.35029
-25.34966
-25.34902
-25.34840
-25.34777
-25.34714
-25.34652
-25.34589
-25.34527
-25.34465
-25.34403
-25.34342
-25.34280
-25.34219
-25.34158
-25.34097
-25.34036
-25.33975
-25.33915
-25.33854
-25.33794
-25.33734
-25.33674
-25.33614
-25.33555
-25.33495
-25.33436
-25.33377
-25.33318
-25.33259
-25.33200
-25.33142
-25.33083
-25.33025
-25.32967
-25.32909
-25.32851
-25.32794
-25.32736
-25.32679
-25.32622
-25.32565
-25.32508
-25.32451
-25.32395
-25.32338
-25.32282
-25.32226
-25.32170
-25.32114
-25.32058
-25.32002
-25.31947
-25.31892
-25.31837
-25.31782
-25.31727
-25.31672
-25.31618
-25.31563
-25.31509
-25.31455
-25.31401
-25.31347
-25.31293
-25.31239
-25.31186
-25.31133
-25.31080
-25.31027
-25.30974
-25.30921
-25.30868
-25.30816
-25.30763
-25.30711
-25.30659
-25.30607
-25.30555
-25.30504
-25.30452
-25.30401
-25.30349
-25.30298
-25.30247
-25.30196
-25.30146
-25.30095
-25.30045
-25.29994
-25.29944
-25.29894
-25.29844
-25.29794
-25.29744
-25.29695
-25.29645
-25.29596
-25.29547
-25.29498
-25.29449
-25.29400
-25.29351
-25.29303
-25.29255
-25.29206
-25.29158
-25.29110
-25.29062
-25.29014
-25.28967
-25.28919
-25.28872
-25.28824
-25.28777
-25.28730
-25.28683
-25.28636
-25.28590
-25.28543
-25.28497
-25.28450
-25.28404
-25.28358
-25.28312
-25.28266
-25.28220
-25.28175
-25.28129
-25.28084
-25.28039
-25.27993
-25.27948
-25.27903
-25.27859
-25.27814
-25.27769
-25.27725
-25.27681
-25.27636
-25.27592
-25.27548
-25.27504
-25.27461
-25.27417
-25.27373
-25.27330
-25.27287
-25.27244
-25.27200
-25.27158
-25.27115
-25.27072
-25.27029
-25.26987
-25.26944
-25.26902
-25.26860
-25.26818
-25.26776
-25.26734
-25.26692
-25.26650
-25.26609
-25.26567
-25.26526
-25.26485
-25.26444
-25.26403
-25.26362
-25.26321
-25.26280
-25.26240
-25.26199
-25.26159
-25.26119
-25.26078
-25.26038
-25.25998
-25.25959
-25.25919
-25.25879
-25.25840
-25.25800
-25.25761
-25.25722
-25.25682
-25.25643
-25.25604
-25.25566
-25.25527
-25.25488
-25.25450
-25.25411
-25.25373
-25.25335
-25.25297
-25.25259
-25.25221
-25.25183
-25.25145
-25.25107
-25.25070
-25.25032
-25.24995
-25.24958
-25.24921
-25.24884
-25.24847
-25.24810
-25.24773
-25.24736
-25.24700
-25.24663
-25.24627
-25.24591
-25.24554
-25.24518
-25.24482
-25.24446
-25.24410
-25.24375
-25.24339
-25.24303
-25.24268
-25.24233
-25.24197
-25.24162
-25.24127
-25.24092
-25.24057
-25.24022
-25.23988
-25.23953
-25.23918
-25.23884
-25.23850
-25.23815
-25.23781
-25.23747
-25.23713
-25.23679
-25.23645
-25.23611
-25.23578
-25.23544
-25.23511
-25.23477
-25.23444
-25.23411
-25.23378
-25.23345
-25.23312
-25.23279
-25.23246
-25.23213
-25.23180
-25.23148
-25.23115
-25.23083
-25.23051
-25.23019
-25.22986
-25.22954
-25.22922
-25.22891
-25.22859
-25.22827
-25.22795
-25.22764
-25.22732
-25.22701
-25.22670
-25.22638
-25.22607
-25.22576
-25.22545
-25.22514
-25.22484
-25.22453
-25.22422
-25.22392
-25.22361
-25.22331
-25.22300
-25.22270
-25.22240
-25.22210
-25.22180
-25.22150
-25.22120
-25.22090
-25.22060
-25.22031
-25.22001
-25.21972
-25.21942
-25.21913
-25.21884
-25.21854
-25.21825
-25.21796
-25.21767
-25.21738
-25.21710
-25.21681
-25.21652
-25.21624
-25.21595
-25.21567
-25.21538
-25.21510
-25.21482
-25.21454
-25.21426
-25.21398
-25.21370
-25.21342
-25.21314
-25.21286
-25.21259
-25.21231
-25.21204
-25.21176
-25.21149
-25.21122
-25.21094
-25.21067
-25.21040
-25.21013
-25.20986
-25.20959
-25.20933
-25.20906
-25.20879
-25.20853
-25.20826
-25.20800
-25.20773
-25.20747
-25.20721
-25.20695
-25.20668
-25.20642
-25.20616
-25.20591
-25.20565
-25.20539
-25.20513
-25.20488
-25.20462
-25.20437
-25.20411
-25.20386
-25.20360
-25.20335
-25.20310
-25.20285
-25.20260
-25.20235
-25.20210
-25.20185
-25.20160
-25.20136
-25.20111
-25.20086
-25.20062
-25.20037
-25.20013
-25.19989
-25.19964
-25.19940
-25.19916
-25.19892
-25.19868
-25.19844
-25.19820
-25.19796
-25.19772
-25.19749
-25.19725
-25.19701
-25.19678
-25.19654
-25.19631
-25.19608
-25.19584
-25.19561
-25.19538
-25.19515
-25.19492
-25.19469
-25.19446
-25.19423
-25.19400
-25.19378
-25.19355
-25.19332
-25.19310
-25.19287
-25.19265
-25.19242
-25.19220
-25.19198
-25.19175
-25.19153
-25.19131
-25.19109
-25.19087
-25.19065
-25.19043
-25.19022
-25.19000
-25.18978
-25.18956
-25.18935
-25.18913
-25.18892
-25.18870
-25.18849
-25.18828
-25.18806
-25.18785
-25.18764
-25.18743
-25.18722
-25.18701
-25.18680
-25.18659
-25.18638
-25.18617
-25.18597
-25.18576
-25.18555
-25.18535
-25.18514
-25.18494
-25.18474
-25.18453
-25.18433
-25.18413
-25.18393
-25.18372
-25.18352
-25.18332
-25.18312
-25.18292
-25.18272
-25.18253
-25.18233
-25.18213
-25.18194
-25.18174
-25.18154
-25.18135
-25.18115
-25.18096
-25.18077
-25.18057
-25.18038
-25.18019
-25.18000
-25.17980
-25.17961
-25.17942
-25.17923
-25.17905
-25.17886
-25.17867
-25.17848
-25.17829
-25.17811
-25.17792
-25.17773
-25.17755
-25.17736
-25.17718
-25.17700
-25.17681
-25.17663
-25.17645
-25.17627
-25.17608
-25.17590
-25.17572
-25.17554
-25.17536
-25.17518
-25.17500
-25.17483
-25.17465
-25.17447
-25.17429
-25.17412
-25.17394
-25.17377
-25.17359
-25.17342
-25.17324
-25.17307
-25.17290
-25.17272
-25.17255
-25.17238
-25.17221
-25.17204
-25.17187
-25.17170
-25.17153
-25.17136
-25.17119
-25.17102
-25.17085
-25.17069
-25.17052
-25.17035
-25.17019
-25.17002
-25.16985
-25.16969
-25.16953
-25.16936
-25.16920
-25.16903
-25.16887
-25.16871
-25.16855
-25.16839
-25.16823
-25.16806
-25.16790
-25.16774
-25.16759
-25.16743
-25.16727
-25.16711
-25.16695
-25.16679
-25.16664
-25.16648
-25.16632
-25.16617
-25.16601
-25.16586
-25.16570
-25.16555
-25.16540
-25.16524
-25.16509
-25.16494
-25.16479
-25.16463
-25.16448
-25.16433
-25.16418
-25.16403
-25.16388
-25.16373
-25.16358
-25.16343
-25.16329
-25.16314
-25.16299
-25.16284
-25.16270
-25.16255
-25.16241
-25.16226
-25.16211
-25.16197
-25.16183
-25.16168
-25.16154
-25.16139
-25.16125
-25.16111
-25.16097
-25.16082
-25.16068
-25.16054
-25.16040
-25.16026
-25.16012
-25.15998
-25.15984
-25.15970
-25.15956
-25.15943
-25.15929
-25.15915
-25.15901
-25.15888
-25.15874
-25.15861
-25.15847
-25.15833
-25.15820
-25.15806
-25.15793
-25.15780
-25.15766
-25.15753
-25.15740
-25.15726
-25.15713
-25.15700
-25.15687
-25.15674
-25.15661
-25.15648
-25.15635
-25.15622
-25.15609
-25.15596
-25.15583
-25.15570
-25.15557
-25.15544
-25.15532
-25.15519
-25.15506
-25.15494
-25.15481
-25.15468
-25.15456
-25.15443
-25.15431
-25.15418
-25.15406
-25.15394
-25.15381
-25.15369
-25.15357
-25.15344
-25.15332
-25.15320
-25.15308
-25.15296
-25.15283
-25.15271
-25.15259
-25.15247
-25.15235
-25.15223
-25.15212
-25.15200
-25.15188
-25.15176
-25.15164
-25.15152
-25.15141
-25.15129
-25.15117
-25.15106
-25.15094
-25.15082
-25.15071
-25.15059
-25.15048
-25.15036
-25.15025
-25.15014
-25.15002
-25.14991
-25.14980
-25.14968
-25.14957
-25.14946
-25.14935
-25.14923
-25.14912
-25.14901
-25.14890
-25.14879
-25.14868
-25.14857
-25.14846
-25.14835
-25.14824
-25.14813
-25.14802
-25.14792
-25.14781
-25.14770
-25.14759
-25.14749
-25.14738
-25.14727
-25.14717
-25.14706
-25.14695
-25.14685
-25.14674
-25.14664
-25.14653
-25.14643
-25.14633
-25.14622
-25.14612
-25.14602
-25.14591
-25.14581
-25.14571
-25.14560
-25.14550
-25.14540
-25.14530
-25.14520
-25.14510
-25.14500
-25.14490
-25.14480
-25.14470
-25.14460
-25.14450
-25.14440
-25.14430
-25.14420
-25.14410
-25.14400
-25.14391
-25.14381
-25.14371
-25.14361
-25.14352
-25.14342
-25.14333
-25.14323
-25.14313
-25.14304
-25.14294
-25.14285
-25.14275
-25.14266
-25.14256
-25.14247
-25.14238
-25.14228
-25.14219
-25.14210
-25.14200
-25.14191
-25.14182
-25.14173
-25.14163
-25.14154
-25.14145
-25.14136
-25.14127
-25.14118
-25.14109
-25.14100
-25.14091
-25.14082
-25.14073
-25.14064
-25.14055
-25.14046
-25.14037
-25.14028
-25.14019
-25.14011
-25.14002
-25.13993
-25.13984
-25.13976
-25.13967
-25.13958
-25.13950
-25.13941
-25.13933
-25.13924
-25.13915
-25.13907
-25.13898
-25.13890
-25.13881
-25.13873
-25.13865
-25.13856
-25.13848
-25.13840
-25.13831
-25.13823
-25.13815
-25.13806
-25.13798
-25.13790
-25.13782
-25.13773
-25.13765
-25.13757
-25.13749
-25.13741
-25.13733
-25.13725
-25.13717
-25.13709
-25.13701
-25.13693
-25.13685
-25.13677
-25.13669
-25.13661
-25.13653
-25.13645
-25.13638
-25.13630
-25.13622
-25.13614
-25.13607
-25.13599
-25.13591
-25.13583
-25.13576
-25.13568
-25.13561
-25.13553
-25.13545
-25.13538
-25.13530
-25.13523
-25.13515
-25.13508
-25.13500
-25.13493
-25.13485
-25.13478
-25.13471
-25.13463
-25.13456
-25.13448
-25.13441
-25.13434
-25.13427
-25.13419
-25.13412
-25.13405
-25.13398
-25.13391
-25.13383
-25.13376
-25.13369
-25.13362
-25.13355
-25.13348
-25.13341
-25.13334
-25.13327
-25.13320
-25.13313
-25.13306
-25.13299
-25.13292
-25.13285
-25.13278
-25.13271
-25.13264
-25.13258
-25.13251
-25.13244
-25.13237
-25.13230
-25.13224
-25.13217
-25.13210
-25.13203
-25.13197
-25.13190
-25.13183
-25.13177
-25.13170
-25.13164
-25.13157
-25.13151
-25.13144
-25.13137
-25.13131
-25.13124
-25.13118
-25.13112
-25.13105
-25.13099
-25.13092
-25.13086
-25.13079
-25.13073
-25.13067
-25.13060
-25.13054
-25.13048
-25.13042
-25.13035
-25.13029
-25.13023
-25.13017
-25.13010
-25.13004
-25.12998
-25.12992
-25.12986
-25.12980
-25.12974
-25.12968
-25.12961
-25.12955
-25.12949
-25.12943
-25.12937
-25.12931
-25.12925
-25.12919
-25.12914
-25.12908
-25.12902
-25.12896
-25.12890
-25.12884
-25.12878
-25.12872
-25.12867
-25.12861
-25.12855
-25.12849
-25.12843
-25.12838
-25.12832
-25.12826
-25.12821
-25.12815
-25.12809
-25.12803
-25.12798
-25.12792
-25.12787
-25.12781
-25.12775
-25.12770
-25.12764
-25.12759
-25.12753
-25.12748
-25.12742
-25.12737
-25.12731
-25.12726
-25.12720
-25.12715
-25.12710
-25.12704
-25.12699
-25.12693
-25.12688
-25.12683
-25.12677
-25.12672
-25.12667
-25.12661
-25.12656
-25.12651
-25.12646
-25.12640
-25.12635
-25.12630
-25.12625
-25.12620
-25.12614
-25.12609
-25.12604
-25.12599
-25.12594
-25.12589
-25.12584
-25.12579
-25.12574
-25.12569
-25.12564
-25.12559
-25.12554
-25.12549
-25.12544
-25.12539
-25.12534
-25.12529
-25.12524
-25.12519
-25.12514
-25.12509
-25.12504
-25.12499
-25.12494
-25.12490
-25.12485
-25.12480
-25.12475
-25.12470
-25.12466
-25.12461
-25.12456
-25.12451
-25.12447
-25.12442
-25.12437
-25.12433
-25.12428
-25.12423
-25.12419
-25.12414
-25.12409
-25.12405
-25.12400
-25.12395
-25.12391
-25.12386
-25.12382
-25.12377
-25.12373
-25.12368
-25.12364
-25.12359
-25.12355
-25.12350
-25.12346
-25.12341
-25.12337
-25.12332
-25.12328
-25.12324
-25.12319
-25.12315
-25.12310
-25.12306
-25.12302
-25.12297
-25.12293
-25.12289
-25.12284
-25.12280
-25.12276
-25.12271
-25.12267
-25.12263
-25.12259
-25.12255
-25.12250
-25.12246
-25.12242
-25.12238
-25.12234
-25.12229
-25.12225
-25.12221
-25.12217
-25.12213
-25.12209
-25.12205
-25.12201
-25.12196
-25.12192
-25.12188
-25.12184
-25.12180
-25.12176
-25.12172
-25.12168
-25.12164
-25.12160
-25.12156
-25.12152
-25.12148
-25.12144
-25.12140
-25.12137
-25.12133
-25.12129
-25.12125
-25.12121
-25.12117
-25.12113
-25.12109
-25.12106
-25.12102
-25.12098
-25.12094
-25.12090
-25.12086
-25.12083
-25.12079
-25.12075
-25.12071
-25.12068
-25.12064
-25.12060
-25.12056
-25.12053
-25.12049
-25.12045
-25.12042
-25.12038
-25.12034
-25.12031
-25.12027
-25.12023
-25.12020
-25.12016
-25.12013
-25.12009
-25.12005
-25.12002
-25.11998
-25.11995
-25.11991
-25.11988
-25.11984
-25.11981
-25.11977
-25.11974
-25.11970
-25.11967
-25.11963
-25.11960
-25.11956
-25.11953
-25.11949
-25.11946
-25.11943
-25.11939
-25.11936
-25.11932
-25.11929
-25.11926
-25.11922
-25.11919
-25.11916
-25.11912
-25.11909
-25.11906
-25.11902
-25.11899
-25.11896
-25.11892
-25.11889
-25.11886
-25.11883
-25.11879
-25.11876
-25.11873
-25.11870
-25.11866
-25.11863
-25.11860
-25.11857
-25.11854
-25.11850
-25.11847
-25.11844
-25.11841
-25.11838
-25.11835
-25.11831
-25.11828
-25.11825
-25.11822
-25.11819
-25.11816
-25.11813
-25.11810
-25.11807
-25.11804
-25.11801
-25.11798
-25.11795
-25.11792
-25.11789
-25.11786
-25.11783
-25.11780
-25.11777
-25.11774
-25.11771
-25.11768
-25.11765
-25.11762
-25.11759
-25.11756
-25.11753
-25.11750
-25.11747
-25.11744
-25.11741
-25.11738
-25.11736
-25.11733
-25.11730
-25.11727
-25.11724
-25.11721
-25.11718
-25.11716
-25.11713
-25.11710
-25.11707
-25.11704
-25.11702
-25.11699
-25.11696
-25.11693
-25.11690
-25.11688
-25.11685
-25.11682
-25.11679
-25.11677
-25.11674
-25.11671
-25.11669
-25.11666
-25.11663
-25.11661
-25.11658
-25.11655
-25.11653
-25.11650
-25.11647
-25.11645
-25.11642
-25.11639
-25.11637
-25.11634
-25.11631
-25.11629
-25.11626
-25.11624
-25.11621
-25.11619
-25.11616
-25.11613
-25.11611
-25.11608
-25.11606
-25.11603
-25.11601
-25.11598
-25.11596
-25.11593
-25.11591
-25.11588
-25.11586
-25.11583
-25.11581
-25.11578
-25.11576
-25.11573
-25.11571
-25.11568
-25.11566
-25.11564
-25.11561
-25.11559
-25.11556
-25.11554
-25.11551
-25.11549
-25.11547
-25.11544
-25.11542
-25.11540
-25.11537
-25.11535
-25.11532
-25.11530
-25.11528
-25.11525
-25.11523
-25.11521
-25.11518
-25.11516
-25.11514
-25.11512
-25.11509
-25.11507
-25.11505
-25.11502
-25.11500
-25.11498
-25.11496
-25.11493
-25.11491
-25.11489
-25.11487
-25.11484
-25.11482
-25.11480
-25.11478
-25.11476
-25.11473
-25.11471
-25.11469
-25.11467
-25.11465
-25.11463
-25.11460
-25.11458
-25.11456
-25.11454
-25.11452
-25.11450
-25.11447
-25.11445
-25.11443
-25.11441
-25.11439
-25.11437
-25.11435
-25.11433
-25.11431
-25.11429
-25.11426
-25.11424
-25.11422
-25.11420
-25.11418
-25.11416
-25.11414
-25.11412
-25.11410
-25.11408
-25.11406
-25.11404
-25.11402
-25.11400
-25.11398
-25.11396
-25.11394
-25.11392
-25.11390
-25.11388
-25.11386
-25.11384
-25.11382
-25.11380
-25.11378
-25.11376
-25.11374
-25.11372
-25.11370
-25.11369
-25.11367
-25.11365
-25.11363
-25.11361
-25.11359
-25.11357
-25.11355
-25.11353
-25.11351
-25.11350
-25.11348
-25.11346
-25.11344
-25.11342
-25.11340
-25.11338
-25.11337
-25.11335
-25.11333
-25.11331
-25.11329
-25.11327
-25.11326
-25.11324
-25.11322
-25.11320
-25.11318
-25.11317
-25.11315
-25.11313
-25.11311
-25.11310
-25.11308
-25.11306
-25.11304
-25.11302
-25.11301
-25.11299
-25.11297
-25.11295
-25.11294
-25.11292
-25.11290
-25.11289
-25.11287
-25.11285
-25.11283
-25.11282
-25.11280
-25.11278
-25.11277
-25.11275
-25.11273
-25.11272
-25.11270
-25.11268
-25.11267
-25.11265
-25.11263
-25.11262
-25.11260
-25.11258
-25.11257
-25.11255
-25.11254
-25.11252
-25.11250
-25.11249
-25.11247
-25.11245
-25.11244
-25.11242
-25.11241
-25.11239
-25.11238
-25.11236
-25.11234
-25.11233
-25.11231
-25.11230
-25.11228
-25.11227
-25.11225
-25.11223
-25.11222
-25.11220
-25.11219
-25.11217
-25.11216
-25.11214
-25.11213
-25.11211
-25.11210
-25.11208
-25.11207
-25.11205
-25.11204
-25.11202
-25.11201
-25.11199
-25.11198
-25.11196
-25.11195
-25.11193
-25.11192
-25.11190
-25.11189
-25.11187
-25.11186
-25.11185
-25.11183
-25.11182
-25.11180
-25.11179
-25.11177
-25.11176
-25.11175
-25.11173
-25.11172
-25.11170
-25.11169
-25.11167
-25.11166
-25.11165
-25.11163
-25.11162
-25.11161
-25.11159
-25.11158
-25.11156
-25.11155
-25.11154
-25.11152
-25.11151
-25.11150
-25.11148
-25.11147
-25.11146
-25.11144
-25.11143
-25.11142
-25.11140
-25.11139
-25.11138
-25.11136
-25.11135
-25.11134
-25.11132
-25.11131
-25.11130
-25.11128
-25.11127
-25.11126
-25.11124
-25.11123
-25.11122
-25.11121
-25.11119
-25.11118
-25.11117
-25.11116
-25.11114
-25.11113
-25.11112
-25.11110
-25.11109
-25.11108
-25.11107
-25.11105
-25.11104
-25.11103
-25.11102
-25.11101
-25.11099
-25.11098
-25.11097
-25.11096
-25.11094
-25.11093
-25.11092
-25.11091
-25.11090
-25.11088
-25.11087
-25.11086
-25.11085
-25.11084
-25.11083
-25.11081
-25.11080
-25.11079
-25.11078
-25.11077
-25.11075
-25.11074
-25.11073
-25.11072
-25.11071
-25.11070
-25.11069
-25.11067
-25.11066
-25.11065
-25.11064
-25.11063
-25.11062
-25.11061
-25.11060
-25.11058
-25.11057
-25.11056
-25.11055
-25.11054
-25.11053
-25.11052
-25.11051
-25.11050
-25.11048
-25.11047
-25.11046
-25.11045
-25.11044
-25.11043
-25.11042
-25.11041
-25.11040
-25.11039
-25.11038
-25.11037
-25.11036
-25.11034
-25.11033
-25.11032
-25.11031
-25.11030
-25.11029
-25.11028
-25.11027
-25.11026
-25.11025
-25.11024
-25.11023
-25.11022
-25.11021
-25.11020
-25.11019
-25.11018
-25.11017
-25.11016
-25.11015
-25.11014
-25.11013
-25.11012
-25.11011
-25.11010
-25.11009
-25.11008
-25.11007
-25.11006
-25.11005
-25.11004
-25.11003
-25.11002
-25.11001
-25.11000
-25.10999
-25.10998
-25.10997
-25.10996
-25.10995
-25.10994
-25.10993
-25.10992
-25.10992
-25.10991
-25.10990
-25.10989
-25.10988
-25.10987
-25.10986
-25.10985
-25.10984
-25.10983
-25.10982
-25.10981
-25.10980
-25.10979
-25.10979
-25.10978
-25.10977
-25.10976
-25.10975
-25.10974
-25.10973
-25.10972
-25.10971
-25.10970
-25.10970
-25.10969
-25.10968
-25.10967
-25.10966
-25.10965
-25.10964
-25.10963
-25.10963
-25.10962
-25.10961
-25.10960
-25.10959
-25.10958
-25.10957
-25.10957
-25.10956
-25.10955
-25.10954
-25.10953
-25.10952
-25.10951
-25.10951
-25.10950
-25.10949
-25.10948
-25.10947
-25.10946
-25.10946
-25.10945
-25.10944
-25.10943
-25.10942
-25.10942
-25.10941
-25.10940
-25.10939
-25.10938
-25.10937
-25.10937
-25.10936
-25.10935
-25.10934
-25.10933
-25.10933
-25.10932
-25.10931
-25.10930
-25.10930
-25.10929
-25.10928
-25.10927
-25.10926
-25.10926
-25.10925
-25.10924
-25.10923
-25.10923
-25.10922
-25.10921
-25.10920
-25.10920
-25.10919
-25.10918
-25.10917
-25.10917
-25.10916
-25.10915
-25.10914
-25.10914
-25.10913
-25.10912
-25.10911
-25.10911
-25.10910
-25.10909
-25.10908
-25.10908
-25.10907
-25.10906
-25.10905
-25.10905
-25.10904
-25.10903
-25.10903
-25.10902
-25.10901
-25.10900
-25.10900
-25.10899
-25.10898
-25.10898
-25.10897
-25.10896
-25.10896
-25.10895
-25.10894
-25.10894
-25.10893
-25.10892
-25.10891
-25.10891
-25.10890
-25.10889
-25.10889
-25.10888
-25.10887
-25.10887
-25.10886
-25.10885
-25.10885
-25.10884
-25.10883
-25.10883
-25.10882
-25.10881
-25.10881
-25.10880
-25.10879
-25.10879
-25.10878
-25.10877
-25.10877
-25.10876
-25.10876
-25.10875
-25.10874
-25.10874
-25.10873
-25.10872
-25.10872
-25.10871
-25.10870
-25.10870
-25.10869
-25.10869
-25.10868
-25.10867
-25.10867
-25.10866
-25.10865
-25.10865
-25.10864
-25.10864
-25.10863
-25.10862
-25.10862
-25.10861
-25.10861
-25.10860
-25.10859
-25.10859
-25.10858
-25.10858
-25.10857
-25.10856
-25.10856
-25.10855
-25.10855
-25.10854
-25.10853
-25.10853
-25.10852
-25.10852
-25.10851
-25.10851
-25.10850
-25.10849
-25.10849
-25.10848
-25.10848
-25.10847
-25.10847
-25.10846
-25.10845
-25.10845
-25.10844
-25.10844
-25.10843
-25.10843
-25.10842
-25.10841
-25.10841
-25.10840
-25.10840
-25.10839
-25.10839
-25.10838
-25.10838
-25.10837
-25.10837
-25.10836
-25.10835
-25.10835
-25.10834
-25.10834
-25.10833
-25.10833
-25.10832
-25.10832
-25.10831
-25.10831
-25.10830
-25.10830
-25.10829
-25.10829
-25.10828
-25.10828
-25.10827
-25.10826
-25.10826
-25.10825
-25.10825
-25.10824
-25.10824
-25.10823
-25.10823
-25.10822
-25.10822
-25.10821
-25.10821
-25.10820
-25.10820
-25.10819
-25.10819
-25.10818
-25.10818
-25.10817
-25.10817
-25.10816
-25.10816
-25.10815
-25.10815
-25.10815
-25.10814
-25.10814
-25.10813
-25.10813
-25.10812
-25.10812
-25.10811
-25.10811
-25.10810
-25.10810
-25.10809
-25.10809
-25.10808
-25.10808
-25.10807
-25.10807
-25.10806
-25.10806
-25.10806
-25.10805
-25.10805
-25.10804
-25.10804
-25.10803
-25.10803
-25.10802
-25.10802
-25.10801
-25.10801
-25.10801
-25.10800
-25.10800
-25.10799
-25.10799
-25.10798
-25.10798
-25.10797
-25.10797
-25.10797
-25.10796
-25.10796
-25.10795
-25.10795
-25.10794
-25.10794
-25.10793
-25.10793
-25.10793
-25.10792
-25.10792
-25.10791
-25.10791
-25.10791
-25.10790
-25.10790
-25.10789
-25.10789
-25.10788
-25.10788
-25.10788
-25.10787
-25.10787
-25.10786
-25.10786
-25.10786
-25.10785
-25.10785
-25.10784
-25.10784
-25.10783
-25.10783
-25.10783
-25.10782
-25.10782
-25.10781
-25.10781
-25.10781
-25.10780
-25.10780
-25.10780
-25.10779
-25.10779
-25.10778
-25.10778
-25.10778
-25.10777
-25.10777
-25.10776
-25.10776
-25.10776
-25.10775
-25.10775
-25.10774
-25.10774
-25.10774
-25.10773
-25.10773
-25.10773
-25.10772
-25.10772
-25.10771
-25.10771
-25.10771
-25.10770
-25.10770
-25.10770
-25.10769
-25.10769
-25.10769
-25.10768
-25.10768
-25.10767
-25.10767
-25.10767
-25.10766
-25.10766
-25.10766
-25.10765
-25.10765
-25.10765
-25.10764
-25.10764
-25.10763
-25.10763
-25.10763
-25.10762
-25.10762
-25.10762
-25.10761
-25.10761
-25.10761
-25.10760
-25.10760
-25.10760
-25.10759
-25.10759
-25.10759
-25.10758
-25.10758
-25.10758
-25.10757
-25.10757
-25.10757
-25.10756
-25.10756
-25.10756
-25.10755
-25.10755
-25.10755
-25.10754
-25.10754
-25.10754
-25.10753
-25.10753
-25.10753
-25.10752
-25.10752
-25.10752
-25.10751
-25.10751
-25.10751
-25.10750
-25.10750
-25.10750
-25.10749
-25.10749
-25.10749
-25.10749
-25.10748
-25.10748
-25.10748
-25.10747
-25.10747
-25.10747
-25.10746
-25.10746
-25.10746
-25.10745
-25.10745
-25.10745
-25.10745
-25.10744
-25.10744
-25.10744
-25.10743
-25.10743
-25.10743
-25.10742
-25.10742
-25.10742
-25.10742
-25.10741
-25.10741
-25.10741
-25.10740
-25.10740
-25.10740
-25.10740
-25.10739
-25.10739
-25.10739
-25.10738
-25.10738
-25.10738
-25.10738
-25.10737
-25.10737
-25.10737
-25.10736
-25.10736
-25.10736
-25.10736
-25.10735
-25.10735
-25.10735
-25.10734
-25.10734
-25.10734
-25.10734
-25.10733
-25.10733
-25.10733
-25.10733
-25.10732
-25.10732
-25.10732
-25.10731
-25.10731
-25.10731
-25.10731
-25.10730
-25.10730
-25.10730
-25.10730
-25.10729
-25.10729
-25.10729
-25.10729
-25.10728
-25.10728
-25.10728
-25.10727
-25.10727
-25.10727
-25.10727
-25.10726
-25.10726
-25.10726
-25.10726
-25.10725
-25.10725
-25.10725
-25.10725
-25.10724
-25.10724
-25.10724
-25.10724
-25.10723
-25.10723
-25.10723
-25.10723
-25.10722
-25.10722
-25.10722
-25.10722
-25.10721
-25.10721
-25.10721
-25.10721
-25.10720
-25.10720
-25.10720
-25.10720
-25.10720
-25.10719
-25.10719
-25.10719
-25.10719
-25.10718
-25.10718
-25.10718
-25.10718
-25.10717
-25.10717
-25.10717
-25.10717
-25.10716
-25.10716
-25.10716
-25.10716
-25.10716
-25.10715
-25.10715
-25.10715
-25.10715
-25.10714
-25.10714
-25.10714
-25.10714
-25.10714
-25.10713
-25.10713
-25.10713
-25.10713
-25.10712
-25.10712
-25.10712
-25.10712
-25.10712
-25.10711
-25.10711
-25.10711
-25.10711
-25.10711
-25.10710
-25.10710
-25.10710
-25.10710
-25.10709
-25.10709
-25.10709
-25.10709
-25.10709
-25.10708
-25.10708
-25.10708
-25.10708
-25.10708
-25.10707
-25.10707
-25.10707
-25.10707
-25.10707
-25.10706
-25.10706
-25.10706
-25.10706
-25.10706
-25.10705
-25.10705
-25.10705
-25.10705
-25.10705
-25.10704
-25.10704
-25.10704
-25.10704
-25.10704
-25.10703
-25.10703
-25.10703
-25.10703
-25.10703
-25.10702
-25.10702
-25.10702
-25.10702
-25.10702
-25.10701
-25.10701
-25.10701
-25.10701
-25.10701
-25.10700
-25.10700
-25.10700
-25.10700
-25.10700
-25.10700
-25.10699
-25.10699
-25.10699
-25.10699
-25.10699
-25.10698
-25.10698
-25.10698
-25.10698
-25.10698
-25.10698
-25.10697
-25.10697
-25.10697
-25.10697
-25.10697
-25.10696
-25.10696
-25.10696
-25.10696
-25.10696
-25.10696
-25.10695
-25.10695
-25.10695
-25.10695
-25.10695
-25.10694
-25.10694
-25.10694
-25.10694
-25.10694
-25.10694
-25.10693
-25.10693
-25.10693
-25.10693
-25.10693
-25.10693
-25.10692
-25.10692
-25.10692
-25.10692
-25.10692
-25.10692
-25.10691
-25.10691
-25.10691
-25.10691
-25.10691
-25.10691
-25.10690
-25.10690
-25.10690
-25.10690
-25.10690
-25.10690
-25.10690
-25.10689
-25.10689
-25.10689
-25.10689
-25.10689
-25.10689
-25.10688
-25.10688
-25.10688
-25.10688
-25.10688
-25.10688
-25.10687
-25.10687
-25.10687
-25.10687
-25.10687
-25.10687
-25.10687
-25.10686
-25.10686
-25.10686
-25.10686
-25.10686
-25.10686
-25.10685
-25.10685
-25.10685
-25.10685
-25.10685
-25.10685
-25.10685
-25.10684
-25.10684
-25.10684
-25.10684
-25.10684
-25.10684
-25.10684
-25.10683
-25.10683
-25.10683
-25.10683
-25.10683
-25.10683
-25.10683
-25.10682
-25.10682
-25.10682
-25.10682
-25.10682
-25.10682
-25.10682
-25.10681
-25.10681
-25.10681
-25.10681
-25.10681
-25.10681
-25.10681
-25.10680
-25.10680
-25.10680
-25.10680
-25.10680
-25.10680
-25.10680
-25.10680
-25.10679
-25.10679
-25.10679
-25.10679
-25.10679
-25.10679
-25.10679
-25.10678
-25.10678
-25.10678
-25.10678
-25.10678
-25.10678
-25.10678
-25.10678
-25.10677
-25.10677
-25.10677
-25.10677
-25.10677
-25.10677
-25.10677
-25.10677
-25.10676
-25.10676
-25.10676
-25.10676
-25.10676
-25.10676
-25.10676
-25.10676
-25.10675
-25.10675
-25.10675
-25.10675
-25.10675
-25.10675
-25.10675
-25.10675
-25.10674
-25.10674
-25.10674
-25.10674
-25.10674
-25.10674
-25.10674
-25.10674
-25.10674
-25.10673
-25.10673
-25.10673
-25.10673
-25.10673
-25.10673
-25.10673
-25.10673
-25.10672
-25.10672
-25.10672
-25.10672
-25.10672
-25.10672
-25.10672
-25.10672
-25.10672
-25.10671
-25.10671
-25.10671
-25.10671
-25.10671
-25.10671
-25.10671
-25.10671
-25.10671
-25.10670
-25.10670
-25.10670
-25.10670
-25.10670
-25.10670
-25.10670
-25.10670
-25.10670
-25.10669
-25.10669
-25.10669
-25.10669
-25.10669
-25.10669
-25.10669
-25.10669
-25.10669
-25.10668
-25.10668
-25.10668
-25.10668
-25.10668
-25.10668
-25.10668
-25.10668
-25.10668
-25.10668
-25.10667
-25.10667
-25.10667
-25.10667
-25.10667
-25.10667
-25.10667
-25.10667
-25.10667
-25.10667
-25.10666
-25.10666
-25.10666
-25.10666
-25.10666
-25.10666
-25.10666
-25.10666
-25.10666
-25.10666
-25.10665
-25.10665
-25.10665
-25.10665
-25.10665
-25.10665
-25.10665
-25.10665
-25.10665
-25.10665
-25.10664
-25.10664
-25.10664
-25.10664
-25.10664
-25.10664
-25.10664
-25.10664
-25.10664
-25.10664
-25.10664
-25.10663
-25.10663
-25.10663
-25.10663
-25.10663
-25.10663
-25.10663
-25.10663
-25.10663
-25.10663
-25.10663
-25.10662
-25.10662
-25.10662
-25.10662
-25.10662
-25.10662
-25.10662
-25.10662
-25.10662
-25.10662
-25.10662
-25.10661
-25.10661
-25.10661
-25.10661
-25.10661
-25.10661
-25.10661
-25.10661
-25.10661
-25.10661
-25.10661
-25.10661
-25.10660
-25.10660
-25.10660
-25.10660
-25.10660
-25.10660
-25.10660
-25.10660
-25.10660
-25.10660
-25.10660
-25.10660
-25.10659
-25.10659
-25.10659
-25.10659
-25.10659
-25.10659
-25.10659
-25.10659
-25.10659
-25.10659
-25.10659
-25.10659
-25.10658
-25.10658
-25.10658
-25.10658
-25.10658
-25.10658
-25.10658
-25.10658
-25.10658
-25.10658
