1.00000
0.99989
0.99978
0.99967
0.99956
0.99946
0.99935
0.99924
0.99913
0.99902
0.99891
0.99881
0.99870
0.99859
0.99848
0.99837
0.99827
0.99816
0.99805
0.99795
0.99784
0.99773
0.99763
0.99752
0.99741
0.99731
0.99720
0.99709
0.99699
0.99688
0.99678
0.99667
0.99656
0.99646
0.99635
0.99625
0.99614
0.99604
0.99593
0.99583
0.99572
0.99562
0.99551
0.99541
0.99530
0.99520
0.99510
0.99499
0.99489
0.99478
0.99468
0.99458
0.99447
0.99437
0.99427
0.99416
0.99406
0.99396
0.99386
0.99375
0.99365
0.99355
0.99345
0.99334
0.99324
0.99314
0.99304
0.99293
0.99283
0.99273
0.99263
0.99253
0.99243
0.99233
0.99222
0.99212
0.99202
0.99192
0.99182
0.99172
0.99162
0.99152
0.99142
0.99132
0.99122
0.99112
0.99102
0.99092
0.99082
0.99072
0.99062
0.99052
0.99042
0.99032
0.99022
0.99012
0.99002
0.98992
0.98982
0.98973
0.98963
0.98953
0.98943
0.98933
0.98923
0.98913
0.98904
0.98894
0.98884
0.98874
0.98864
0.98855
0.98845
0.98835
0.98825
0.98816
0.98806
0.98796
0.98787
0.98777
0.98767
0.98758
0.98748
0.98738
0.98729
0.98719
0.98709
0.98700
0.98690
0.98680
0.98671
0.98661
0.98652
0.98642
0.98633
0.98623
0.98613
0.98604
0.98594
0.98585
0.98575
0.98566
0.98556
0.98547
0.98537
0.98528
0.98519
0.98509
0.98500
0.98490
0.98481
0.98471
0.98462
0.98453
0.98443
0.98434
0.98424
0.98415
0.98406
0.98396
0.98387
0.98378
0.98368
0.98359
0.98350
0.98340
0.98331
0.98322
0.98313
0.98303
0.98294
0.98285
0.98276
0.98266
0.98257
0.98248
0.98239
0.98229
0.98220
0.98211
0.98202
0.98193
0.98184
0.98174
0.98165
0.98156
0.98147
0.98138
0.98129
0.98120
0.98111
0.98101
0.98092
0.98083
0.98074
0.98065
0.98056
0.98047
0.98038
0.98029
0.98020
0.98011
0.98002
0.97993
0.97984
0.97975
0.97966
0.97957
0.97948
0.97939
0.97930
0.97921
0.97912
0.97903
0.97894
0.97885
0.97877
0.97868
0.97859
0.97850
0.97841
0.97832
0.97823
0.97814
0.97806
0.97797
0.97788
0.97779
0.97770
0.97761
0.97753
0.97744
0.97735
0.97726
0.97717
0.97709
0.97700
0.97691
0.97682
0.97674
0.97665
0.97656
0.97648
0.97639
0.97630
0.97621
0.97613
0.97604
0.97595
0.97587
0.97578
0.97569
0.97561
0.97552
0.97543
0.97535
0.97526
0.97518
0.97509
0.97500
0.97492
0.97483
0.97475
0.97466
0.97457
0.97449
0.97440
0.97432
0.97423
0.97415
0.97406
0.97398
0.97389
0.97380
0.97372
0.97363
0.97355
0.97346
0.97338
0.97330
0.97321
0.97313
0.97304
0.97296
0.97287
0.97279
0.97270
0.97262
0.97253
0.97245
0.97237
0.97228
0.97220
0.97211
0.97203
0.97195
0.97186
0.97178
0.97170
0.97161
0.97153
0.97145
0.97136
0.97128
0.97120
0.97111
0.97103
0.97095
0.97086
0.97078
0.97070
0.97061
0.97053
0.97045
0.97037
0.97028
0.97020
0.97012
0.97004
0.96995
0.96987
0.96979
0.96971
0.96963
0.96954
0.96946
0.96938
0.96930
0.96922
0.96913
0.96905
0.96897
0.96889
0.96881
0.96873
0.96864
0.96856
0.96848
0.96840
0.96832
0.96824
0.96816
0.96808
0.96799
0.96791
0.96783
0.96775
0.96767
0.96759
0.96751
0.96743
0.96735
0.96727
0.96719
0.96711
0.96703
0.96695
0.96687
0.96679
0.96671
0.96663
0.96655
0.96647
0.96639
0.96631
0.96623
0.96615
0.96607
0.96599
0.96591
0.96583
0.96575
0.96567
0.96559
0.96551
0.96543
0.96535
0.96527
0.96519
0.96511
0.96504
0.96496
0.96488
0.96480
0.96472
0.96464
0.96456
0.96448
0.96440
0.96433
0.96425
0.96417
0.96409
0.96401
0.96393
0.96386
0.96378
0.96370
0.96362
0.96354
0.96346
0.96339
0.96331
0.96323
0.96315
0.96308
0.96300
0.96292
0.96284
0.96276
0.96269
0.96261
0.96253
0.96245
0.96238
0.96230
0.96222
0.96215
0.96207
0.96199
0.96191
0.96184
0.96176
0.96168
0.96161
0.96153
0.96145
0.96138
0.96130
0.96122
0.96115
0.96107
0.96099
0.96092
0.96084
0.96076
0.96069
0.96061
0.96053
0.96046
0.96038
0.96031
0.96023
0.96015
0.96008
0.96000
0.95993
0.95985
0.95977
0.95970
0.95962
0.95955
0.95947
0.95940
0.95932
0.95924
0.95917
0.95909
0.95902
0.95894
0.95887
0.95879
0.95872
0.95864
0.95857
0.95849
0.95842
0.95834
0.95827
0.95819
0.95812
0.95804
0.95797
0.95789
0.95782
0.95774
0.95767
0.95759
0.95752
0.95744
0.95737
0.95729
0.95722
0.95715
0.95707
0.95700
0.95692
0.95685
0.95677
0.95670
0.95663
0.95655
0.95648
0.95640
0.95633
0.95626
0.95618
0.95611
0.95604
0.95596
0.95589
0.95581
0.95574
0.95567
0.95559
0.95552
0.95545
0.95537
0.95530
0.95523
0.95515
0.95508
0.95501
0.95493
0.95486
0.95479
0.95471
0.95464
0.95457
0.95450
0.95442
0.95435
0.95428
0.95420
0.95413
0.95406
0.95399
0.95391
0.95384
0.95377
0.95370
0.95362
0.95355
0.95348
0.95341
0.95333
0.95326
0.95319
0.95312
0.95304
0.95297
0.95290
0.95283
0.95276
0.95268
0.95261
0.95254
0.95247
0.95240
0.95232
0.95225
0.95218
0.95211
0.95204
0.95197
0.95189
0.95182
0.95175
0.95168
0.95161
0.95154
0.95146
0.95139
0.95132
0.95125
0.95118
0.95111
0.95104
0.95097
0.95089
0.95082
0.95075
0.95068
0.95061
0.95054
0.95047
0.95040
0.95033
0.95025
0.95018
0.95011
0.95004
0.94997
0.94990
0.94983
0.94976
0.94969
0.94962
0.94955
0.94948
0.94941
0.94934
0.94927
0.94920
0.94913
0.94906
0.94898
0.94891
0.94884
0.94877
0.94870
0.94863
0.94856
0.94849
0.94842
0.94835
0.94828
0.94821
0.94814
0.94807
0.94800
0.94793
0.94786
0.94779
0.94773
0.94766
0.94759
0.94752
0.94745
0.94738
0.94731
0.94724
0.94717
0.94710
0.94703
0.94696
0.94689
0.94682
0.94675
0.94668
0.94661
0.94654
0.94648
0.94641
0.94634
0.94627
0.94620
0.94613
0.94606
0.94599
0.94592
0.94585
0.94579
0.94572
0.94565
0.94558
0.94551
0.94544
0.94537
0.94530
0.94524
0.94517
0.94510
0.94503
0.94496
0.94489
0.94482
0.94476
0.94469
0.94462
0.94455
0.94448
0.94441
0.94435
0.94428
0.94421
0.94414
0.94407
0.94400
0.94394
0.94387
0.94380
0.94373
0.94366
0.94360
0.94353
0.94346
0.94339
0.94332
0.94326
0.94319
0.94312
0.94305
0.94299
0.94292
0.94285
0.94278
0.94272
0.94265
0.94258
0.94251
0.94244
0.94238
0.94231
0.94224
0.94218
0.94211
0.94204
0.94197
0.94191
0.94184
0.94177
0.94170
0.94164
0.94157
0.94150
0.94144
0.94137
0.94130
0.94123
0.94117
0.94110
0.94103
0.94097
0.94090
0.94083
0.94077
0.94070
0.94063
0.94056
0.94050
0.94043
0.94036
0.94030
0.94023
0.94016
0.94010
0.94003
0.93996
0.93990
0.93983
0.93977
0.93970
0.93963
0.93957
0.93950
0.93943
0.93937
0.93930
0.93923
0.93917
0.93910
0.93903
0.93897
0.93890
0.93884
0.93877
0.93870
0.93864
0.93857
0.93851
0.93844
0.93837
0.93831
0.93824
0.93818
0.93811
0.93804
0.93798
0.93791
0.93785
0.93778
0.93771
0.93765
0.93758
0.93752
0.93745
0.93739
0.93732
0.93726
0.93719
0.93712
0.93706
0.93699
0.93693
0.93686
0.93680
0.93673
0.93667
0.93660
0.93653
0.93647
0.93640
0.93634
0.93627
0.93621
0.93614
0.93608
0.93601
0.93595
0.93588
0.93582
0.93575
0.93569
0.93562
0.93556
0.93549
0.93543
0.93536
0.93530
0.93523
0.93517
0.93510
0.93504
0.93497
0.93491
0.93484
0.93478
0.93471
0.93465
0.93458
0.93452
0.93445
0.93439
0.93432
0.93426
0.93420
0.93413
0.93407
0.93400
0.93394
0.93387
0.93381
0.93374
0.93368
0.93361
0.93355
0.93349
0.93342
0.93336
0.93329
0.93323
0.93316
0.93310
0.93304
0.93297
0.93291
0.93284
0.93278
0.93272
0.93265
0.93259
0.93252
0.93246
0.93239
0.93233
0.93227
0.93220
0.93214
0.93207
0.93201
0.93195
0.93188
0.93182
0.93176
0.93169
0.93163
0.93156
0.93150
0.93144
0.93137
0.93131
0.93124
0.93118
0.93112
0.93105
0.93099
0.93093
0.93086
0.93080
0.93074
0.93067
0.93061
0.93055
0.93048
0.93042
0.93035
0.93029
0.93023
0.93016
0.93010
0.93004
0.92997
0.92991
0.92985
0.92978
0.92972
0.92966
0.92959
0.92953
0.92947
0.92941
0.92934
0.92928
0.92922
0.92915
0.92909
0.92903
0.92896
0.92890
0.92884
0.92877
0.92871
0.92865
0.92859
0.92852
0.92846
0.92840
0.92833
0.92827
0.92821
0.92815
0.92808
0.92802
0.92796
0.92789
0.92783
0.92777
0.92771
0.92764
0.92758
0.92752
0.92746
0.92739
0.92733
0.92727
0.92721
0.92714
0.92708
0.92702
0.92695
0.92689
0.92683
0.92677
0.92671
0.92664
0.92658
0.92652
0.92646
0.92639
0.92633
0.92627
0.92621
0.92614
0.92608
0.92602
0.92596
0.92589
0.92583
0.92577
0.92571
0.92565
0.92558
0.92552
0.92546
0.92540
0.92534
0.92527
0.92521
0.92515
0.92509
0.92503
0.92496
0.92490
0.92484
0.92478
0.92472
0.92465
0.92459
0.92453
0.92447
0.92441
0.92434
0.92428
0.92422
0.92416
0.92410
0.92403
0.92397
0.92391
0.92385
0.92379
0.92373
0.92366
0.92360
0.92354
0.92348
0.92342
0.92336
0.92329
0.92323
0.92317
0.92311
0.92305
0.92299
0.92293
0.92286
0.92280
0.92274
0.92268
0.92262
0.92256
0.92250
0.92243
0.92237
0.92231
0.92225
0.92219
0.92213
0.92207
0.92200
0.92194
0.92188
0.92182
0.92176
0.92170
0.92164
0.92158
0.92152
0.92145
0.92139
0.92133
0.92127
0.92121
0.92115
0.92109
0.92103
0.92097
0.92090
0.92084
0.92078
0.92072
0.92066
0.92060
0.92054
0.92048
0.92042
0.92036
0.92029
0.92023
0.92017
0.92011
0.92005
0.91999
0.91993
0.91987
0.91981
0.91975
0.91969
0.91963
0.91957
0.91950
0.91944
0.91938
0.91932
0.91926
0.91920
0.91914
0.91908
0.91902
0.91896
0.91890
0.91884
0.91878
0.91872
0.91866
0.91860
0.91853
0.91847
0.91841
0.91835
0.91829
0.91823
0.91817
0.91811
0.91805
0.91799
0.91793
0.91787
0.91781
0.91775
0.91769
0.91763
0.91757
0.91751
0.91745
0.91739
0.91733
0.91727
0.91721
0.91715
0.91709
0.91703
0.91697
0.91691
0.91685
0.91679
0.91673
0.91667
0.91661
0.91655
0.91649
0.91642
0.91636
0.91630
0.91624
0.91618
0.91612
0.91606
0.91600
0.91594
0.91588
0.91582
0.91577
0.91571
0.91565
0.91559
0.91553
0.91547
0.91541
0.91535
0.91529
0.91523
0.91517
0.91511
0.91505
0.91499
0.91493
0.91487
0.91481
0.91475
0.91469
0.91463
0.91457
0.91451
0.91445
0.91439
0.91433
0.91427
0.91421
0.91415
0.91409
0.91403
0.91397
0.91391
0.91385
0.91379
0.91373
0.91367
0.91362
0.91356
0.91350
0.91344
0.91338
0.91332
0.91326
0.91320
0.91314
0.91308
0.91302
0.91296
0.91290
0.91284
0.91278
0.91272
0.91266
0.91261
0.91255
0.91249
0.91243
0.91237
0.91231
0.91225
0.91219
0.91213
0.91207
0.91201
0.91195
0.91189
0.91183
0.91178
0.91172
0.91166
0.91160
0.91154
0.91148
0.91142
0.91136
0.91130
0.91124
0.91118
0.91113
0.91107
0.91101
0.91095
0.91089
0.91083
0.91077
0.91071
0.91065
0.91059
0.91054
0.91048
0.91042
0.91036
0.91030
0.91024
0.91018
0.91012
0.91006
0.91001
0.90995
0.90989
0.90983
0.90977
0.90971
0.90965
0.90959
0.90953
0.90948
0.90942
0.90936
0.90930
0.90924
0.90918
0.90912
0.90906
0.90901
0.90895
0.90889
0.90883
0.90877
0.90871
0.90865
0.90860
0.90854
0.90848
0.90842
0.90836
0.90830
0.90824
0.90819
0.90813
0.90807
0.90801
0.90795
0.90789
0.90783
0.90778
0.90772
0.90766
0.90760
0.90754
0.90748
0.90742
0.90737
0.90731
0.90725
0.90719
0.90713
0.90707
0.90702
0.90696
0.90690
0.90684
0.90678
0.90672
0.90667
0.90661
0.90655
0.90649
0.90643
0.90637
0.90632
0.90626
0.90620
0.90614
0.90608
0.90603
0.90597
0.90591
0.90585
0.90579
0.90573
0.90568
0.90562
0.90556
0.90550
0.90544
0.90539
0.90533
0.90527
0.90521
0.90515
0.90510
0.90504
0.90498
0.90492
0.90486
0.90481
0.90475
0.90469
0.90463
0.90457
0.90452
0.90446
0.90440
0.90434
0.90428
0.90423
0.90417
0.90411
0.90405
0.90399
0.90394
0.90388
0.90382
0.90376
0.90370
0.90365
0.90359
0.90353
0.90347
0.90342
0.90336
0.90330
0.90324
0.90318
0.90313
0.90307
0.90301
0.90295
0.90290
0.90284
0.90278
0.90272
0.90266
0.90261
0.90255
0.90249
0.90243
0.90238
0.90232
0.90226
0.90220
0.90215
0.90209
0.90203
0.90197
0.90192
0.90186
0.90180
0.90174
0.90169
0.90163
0.90157
0.90151
0.90146
0.90140
0.90134
0.90128
0.90123
0.90117
0.90111
0.90105
0.90100
0.90094
0.90088
0.90082
0.90077
0.90071
0.90065
0.90059
0.90054
0.90048
0.90042
0.90036
0.90031
0.90025
0.90019
0.90013
0.90008
0.90002
0.89996
0.89991
0.89985
0.89979
0.89973
0.89968
0.89962
0.89956
0.89950
0.89945
0.89939
0.89933
0.89928
0.89922
0.89916
0.89910
0.89905
0.89899
0.89893
0.89888
0.89882
0.89876
0.89870
0.89865
0.89859
0.89853
0.89848
0.89842
0.89836
0.89830
0.89825
0.89819
0.89813
0.89808
0.89802
0.89796
0.89790
0.89785
0.89779
0.89773
0.89768
0.89762
0.89756
0.89751
0.89745
0.89739
0.89733
0.89728
0.89722
0.89716
0.89711
0.89705
0.89699
0.89694
0.89688
0.89682
0.89677
0.89671
0.89665
0.89660
0.89654
0.89648
0.89642
0.89637
0.89631
0.89625
0.89620
0.89614
0.89608
0.89603
0.89597
0.89591
0.89586
0.89580
0.89574
0.89569
0.89563
0.89557
0.89552
0.89546
0.89540
0.89535
0.89529
0.89523
0.89518
0.89512
0.89506
0.89501
0.89495
0.89489
0.89484
0.89478
0.89472
0.89467
0.89461
0.89455
0.89450
0.89444
0.89438
0.89433
0.89427
0.89421
0.89416
0.89410
0.89404
0.89399
0.89393
0.89387
0.89382
0.89376
0.89370
0.89365
0.89359
0.89354
0.89348
0.89342
0.89337
0.89331
0.89325
0.89320
0.89314
0.89308
0.89303
0.89297
0.89291
0.89286
0.89280
0.89275
0.89269
0.89263
0.89258
0.89252
0.89246
0.89241
0.89235
0.89229
0.89224
0.89218
0.89213
0.89207
0.89201
0.89196
0.89190
0.89184
0.89179
0.89173
0.89168
0.89162
0.89156
0.89151
0.89145
0.89139
0.89134
0.89128
0.89123
0.89117
0.89111
0.89106
0.89100
0.89094
0.89089
0.89083
0.89078
0.89072
0.89066
0.89061
0.89055
0.89050
0.89044
0.89038
0.89033
0.89027
0.89021
0.89016
0.89010
0.89005
0.88999
0.88993
0.88988
0.88982
0.88977
0.88971
0.88965
0.88960
0.88954
0.88949
0.88943
0.88937
0.88932
0.88926
0.88921
0.88915
0.88909
0.88904
0.88898
0.88893
0.88887
0.88881
0.88876
0.88870
0.88865
0.88859
0.88854
0.88848
0.88842
0.88837
0.88831
0.88826
0.88820
0.88814
0.88809
0.88803
0.88798
0.88792
0.88786
0.88781
0.88775
0.88770
0.88764
0.88759
0.88753
0.88747
0.88742
0.88736
0.88731
0.88725
0.88720
0.88714
0.88708
0.88703
0.88697
0.88692
0.88686
0.88681
0.88675
0.88669
0.88664
0.88658
0.88653
0.88647
0.88642
0.88636
0.88630
0.88625
0.88619
0.88614
0.88608
0.88603
0.88597
0.88591
0.88586
0.88580
0.88575
0.88569
0.88564
0.88558
0.88553
0.88547
0.88541
0.88536
0.88530
0.88525
0.88519
0.88514
0.88508
0.88503
0.88497
0.88491
0.88486
0.88480
0.88475
0.88469
0.88464
0.88458
0.88453
0.88447
0.88442
0.88436
0.88430
0.88425
0.88419
0.88414
0.88408
0.88403
0.88397
0.88392
0.88386
0.88381
0.88375
0.88369
0.88364
0.88358
0.88353
0.88347
0.88342
0.88336
0.88331
0.88325
0.88320
0.88314
0.88309
0.88303
0.88298
0.88292
0.88286
0.88281
0.88275
0.88270
0.88264
0.88259
0.88253
0.88248
0.88242
0.88237
0.88231
0.88226
0.88220
0.88215
0.88209
0.88204
0.88198
0.88193
0.88187
0.88182
0.88176
0.88170
0.88165
0.88159
0.88154
0.88148
0.88143
0.88137
0.88132
0.88126
0.88121
0.88115
0.88110
0.88104
0.88099
0.88093
0.88088
0.88082
0.88077
0.88071
0.88066
0.88060
0.88055
0.88049
0.88044
0.88038
0.88033
0.88027
0.88022
0.88016
0.88011
0.88005
0.88000
0.87994
0.87989
0.87983
0.87978
0.87972
0.87967
0.87961
0.87956
0.87950
0.87945
0.87939
0.87934
0.87928
0.87923
0.87917
0.87912
0.87906
0.87901
0.87895
0.87890
0.87884
0.87879
0.87873
0.87868
0.87862
0.87857
0.87851
0.87846
0.87840
0.87835
0.87829
0.87824
0.87818
0.87813
0.87807
0.87802
0.87796
0.87791
0.87786
0.87780
0.87775
0.87769
0.87764
0.87758
0.87753
0.87747
0.87742
0.87736
0.87731
0.87725
0.87720
0.87714
0.87709
0.87703
0.87698
0.87692
0.87687
0.87681
0.87676
0.87671
0.87665
0.87660
0.87654
0.87649
0.87643
0.87638
0.87632
0.87627
0.87621
0.87616
0.87610
0.87605
0.87599
0.87594
0.87589
0.87583
0.87578
0.87572
0.87567
0.87561
0.87556
0.87550
0.87545
0.87539
0.87534
0.87528
0.87523
0.87518
0.87512
0.87507
0.87501
0.87496
0.87490
0.87485
0.87479
0.87474
0.87468
0.87463
0.87458
0.87452
0.87447
0.87441
0.87436
0.87430
0.87425
0.87419
0.87414
0.87409
0.87403
0.87398
0.87392
0.87387
0.87381
0.87376
0.87370
0.87365
0.87360
0.87354
0.87349
0.87343
0.87338
0.87332
0.87327
0.87321
0.87316
0.87311
0.87305
0.87300
0.87294
0.87289
0.87283
0.87278
0.87272
0.87267
0.87262
0.87256
0.87251
0.87245
0.87240
0.87234
0.87229
0.87224
0.87218
0.87213
0.87207
0.87202
0.87196
0.87191
0.87186
0.87180
0.87175
0.87169
0.87164
0.87158
0.87153
0.87148
0.87142
0.87137
0.87131
0.87126
0.87120
0.87115
0.87110
0.87104
0.87099
0.87093
0.87088
0.87083
0.87077
0.87072
0.87066
0.87061
0.87055
0.87050
0.87045
0.87039
0.87034
0.87028
0.87023
0.87018
0.87012
0.87007
0.87001
0.86996
0.86990
0.86985
0.86980
0.86974
0.86969
0.86963
0.86958
0.86953
0.86947
0.86942
0.86936
0.86931
0.86926
0.86920
0.86915
0.86909
0.86904
0.86899
0.86893
0.86888
0.86882
0.86877
0.86872
0.86866
0.86861
0.86855
0.86850
0.86845
0.86839
0.86834
0.86828
0.86823
0.86818
0.86812
0.86807
0.86801
0.86796
0.86791
0.86785
0.86780
0.86774
0.86769
0.86764
0.86758
0.86753
0.86747
0.86742
0.86737
0.86731
0.86726
0.86721
0.86715
0.86710
0.86704
0.86699
0.86694
0.86688
0.86683
0.86677
0.86672
0.86667
0.86661
0.86656
0.86651
0.86645
0.86640
0.86634
0.86629
0.86624
0.86618
0.86613
0.86607
0.86602
0.86597
0.86591
0.86586
0.86581
0.86575
0.86570
0.86564
0.86559
0.86554
0.86548
0.86543
0.86538
0.86532
0.86527
0.86521
0.86516
0.86511
0.86505
0.86500
0.86495
0.86489
0.86484
0.86478
0.86473
0.86468
0.86462
0.86457
0.86452
0.86446
0.86441
0.86436
0.86430
0.86425
0.86419
0.86414
0.86409
0.86403
0.86398
0.86393
0.86387
0.86382
0.86377
0.86371
0.86366
0.86360
0.86355
0.86350
0.86344
0.86339
0.86334
0.86328
0.86323
0.86318
0.86312
0.86307
0.86302
0.86296
0.86291
0.86285
0.86280
0.86275
0.86269
0.86264
0.86259
0.86253
0.86248
0.86243
0.86237
0.86232
0.86227
0.86221
0.86216
0.86211
0.86205
0.86200
0.86195
0.86189
0.86184
0.86179
0.86173
0.86168
0.86162
0.86157
0.86152
0.86146
0.86141
0.86136
0.86130
0.86125
0.86120
0.86114
0.86109
0.86104
0.86098
0.86093
0.86088
0.86082
0.86077
0.86072
0.86066
0.86061
0.86056
0.86050
0.86045
0.86040
0.86034
0.86029
0.86024
0.86018
0.86013
0.86008
0.86002
0.85997
0.85992
0.85986
0.85981
0.85976
0.85970
0.85965
0.85960
0.85954
0.85949
0.85944
0.85938
0.85933
0.85928
0.85922
0.85917
0.85912
0.85906
0.85901
0.85896
0.85890
0.85885
0.85880
0.85875
0.85869
0.85864
0.85859
0.85853
0.85848
0.85843
0.85837
0.85832
0.85827
0.85821
0.85816
0.85811
0.85805
0.85800
0.85795
0.85789
0.85784
0.85779
0.85773
0.85768
0.85763
0.85758
0.85752
0.85747
0.85742
0.85736
0.85731
0.85726
0.85720
0.85715
0.85710
0.85704
0.85699
0.85694
0.85689
0.85683
0.85678
0.85673
0.85667
0.85662
0.85657
0.85651
0.85646
0.85641
0.85635
0.85630
0.85625
0.85620
0.85614
0.85609
0.85604
0.85598
0.85593
0.85588
0.85582
0.85577
0.85572
0.85567
0.85561
0.85556
0.85551
0.85545
0.85540
0.85535
0.85529
0.85524
0.85519
0.85514
0.85508
0.85503
0.85498
0.85492
0.85487
0.85482
0.85477
0.85471
0.85466
0.85461
0.85455
0.85450
0.85445
0.85439
0.85434
0.85429
0.85424
0.85418
0.85413
0.85408
0.85402
0.85397
0.85392
0.85387
0.85381
0.85376
0.85371
0.85365
0.85360
0.85355
0.85350
0.85344
0.85339
0.85334
0.85328
0.85323
0.85318
0.85313
0.85307
0.85302
0.85297
0.85292
0.85286
0.85281
0.85276
0.85270
0.85265
0.85260
0.85255
0.85249
0.85244
0.85239
0.85233
0.85228
0.85223
0.85218
0.85212
0.85207
0.85202
0.85197
0.85191
0.85186
0.85181
0.85175
0.85170
0.85165
0.85160
0.85154
0.85149
0.85144
0.85139
0.85133
0.85128
0.85123
0.85118
0.85112
0.85107
0.85102
0.85096
0.85091
0.85086
0.85081
0.85075
0.85070
0.85065
0.85060
0.85054
0.85049
0.85044
0.85039
0.85033
0.85028
0.85023
0.85018
0.85012
0.85007
0.85002
0.84997
0.84991
0.84986
0.84981
0.84976
0.84970
0.84965
0.84960
0.84954
0.84949
0.84944
0.84939
0.84933
0.84928
0.84923
0.84918
0.84912
0.84907
0.84902
0.84897
0.84891
0.84886
0.84881
0.84876
0.84870
0.84865
0.84860
0.84855
0.84849
0.84844
0.84839
0.84834
0.84829
0.84823
0.84818
0.84813
0.84808
0.84802
0.84797
0.84792
0.84787
0.84781
0.84776
0.84771
0.84766
0.84760
0.84755
0.84750
0.84745
0.84739
0.84734
0.84729
0.84724
0.84718
0.84713
0.84708
0.84703
0.84697
0.84692
0.84687
0.84682
0.84677
0.84671
0.84666
0.84661
0.84656
0.84650
0.84645
0.84640
0.84635
0.84629
0.84624
0.84619
0.84614
0.84609
0.84603
0.84598
0.84593
0.84588
0.84582
0.84577
0.84572
0.84567
0.84561
0.84556
0.84551
0.84546
0.84541
0.84535
0.84530
0.84525
0.84520
0.84514
0.84509
0.84504
0.84499
0.84494
0.84488
0.84483
0.84478
0.84473
0.84467
0.84462
0.84457
0.84452
0.84447
0.84441
0.84436
0.84431
0.84426
0.84420
0.84415
0.84410
0.84405
0.84400
0.84394
0.84389
0.84384
0.84379
0.84374
0.84368
0.84363
0.84358
0.84353
0.84348
0.84342
0.84337
0.84332
0.84327
0.84321
0.84316
0.84311
0.84306
0.84301
0.84295
0.84290
0.84285
0.84280
0.84275
0.84269
0.84264
0.84259
0.84254
0.84249
0.84243
0.84238
0.84233
0.84228
0.84223
0.84217
0.84212
0.84207
0.84202
0.84197
0.84191
0.84186
0.84181
0.84176
0.84171
0.84165
0.84160
0.84155
0.84150
0.84145
0.84139
0.84134
0.84129
0.84124
0.84119
0.84113
0.84108
0.84103
0.84098
0.84093
0.84087
0.84082
0.84077
0.84072
0.84067
0.84061
0.84056
0.84051
0.84046
0.84041
0.84035
0.84030
0.84025
0.84020
0.84015
0.84010
0.84004
0.83999
0.83994
0.83989
0.83984
0.83978
0.83973
0.83968
0.83963
0.83958
0.83952
0.83947
0.83942
0.83937
0.83932
0.83927
0.83921
0.83916
0.83911
0.83906
0.83901
0.83895
0.83890
0.83885
0.83880
0.83875
0.83870
0.83864
0.83859
0.83854
0.83849
0.83844
0.83838
0.83833
0.83828
0.83823
0.83818
0.83813
0.83807
0.83802
0.83797
0.83792
0.83787
0.83782
0.83776
0.83771
0.83766
0.83761
0.83756
0.83751
0.83745
0.83740
0.83735
0.83730
0.83725
0.83719
0.83714
0.83709
0.83704
0.83699
0.83694
0.83688
0.83683
0.83678
0.83673
0.83668
0.83663
0.83657
0.83652
0.83647
0.83642
0.83637
0.83632
0.83627
0.83621
0.83616
0.83611
0.83606
0.83601
0.83596
0.83590
0.83585
0.83580
0.83575
0.83570
0.83565
0.83559
0.83554
0.83549
0.83544
0.83539
0.83534
0.83528
0.83523
0.83518
0.83513
0.83508
0.83503
0.83498
0.83492
0.83487
0.83482
0.83477
0.83472
0.83467
0.83461
0.83456
0.83451
0.83446
0.83441
0.83436
0.83431
0.83425
0.83420
0.83415
0.83410
0.83405
0.83400
0.83395
0.83389
0.83384
0.83379
0.83374
0.83369
0.83364
0.83359
0.83353
0.83348
0.83343
0.83338
0.83333
0.83328
0.83323
0.83317
0.83312
0.83307
0.83302
0.83297
0.83292
0.83287
0.83281
0.83276
0.83271
0.83266
0.83261
0.83256
0.83251
0.83245
0.83240
0.83235
0.83230
0.83225
0.83220
0.83215
0.83209
0.83204
0.83199
0.83194
0.83189
0.83184
0.83179
0.83174
0.83168
0.83163
0.83158
0.83153
0.83148
0.83143
0.83138
0.83132
0.83127
0.83122
0.83117
0.83112
0.83107
0.83102
0.83097
0.83091
0.83086
0.83081
0.83076
0.83071
0.83066
0.83061
0.83056
0.83050
0.83045
0.83040
0.83035
0.83030
0.83025
0.83020
0.83015
0.83009
0.83004
0.82999
0.82994
0.82989
0.82984
0.82979
0.82974
0.82969
0.82963
0.82958
0.82953
0.82948
0.82943
0.82938
0.82933
0.82928
0.82922
0.82917
0.82912
0.82907
0.82902
0.82897
0.82892
0.82887
0.82882
0.82876
0.82871
0.82866
0.82861
0.82856
0.82851
0.82846
0.82841
0.82836
0.82830
0.82825
0.82820
0.82815
0.82810
0.82805
0.82800
0.82795
0.82790
0.82784
0.82779
0.82774
0.82769
0.82764
0.82759
0.82754
0.82749
0.82744
0.82738
0.82733
0.82728
0.82723
0.82718
0.82713
0.82708
0.82703
0.82698
0.82693
0.82687
0.82682
0.82677
0.82672
0.82667
0.82662
0.82657
0.82652
0.82647
0.82642
0.82636
0.82631
0.82626
0.82621
0.82616
0.82611
0.82606
0.82601
0.82596
0.82591
0.82586
0.82580
0.82575
0.82570
0.82565
0.82560
0.82555
0.82550
0.82545
0.82540
0.82535
0.82530
0.82524
0.82519
0.82514
0.82509
0.82504
0.82499
0.82494
0.82489
0.82484
0.82479
0.82474
0.82468
0.82463
0.82458
0.82453
0.82448
0.82443
0.82438
0.82433
0.82428
0.82423
0.82418
0.82413
0.82407
0.82402
0.82397
0.82392
0.82387
0.82382
0.82377
0.82372
0.82367
0.82362
0.82357
0.82352
0.82346
0.82341
0.82336
0.82331
0.82326
0.82321
0.82316
0.82311
0.82306
0.82301
0.82296
0.82291
0.82286
0.82280
0.82275
0.82270
0.82265
0.82260
0.82255
0.82250
0.82245
0.82240
0.82235
0.82230
0.82225
0.82220
0.82215
0.82209
0.82204
0.82199
0.82194
0.82189
0.82184
0.82179
0.82174
0.82169
0.82164
0.82159
0.82154
0.82149
0.82144
0.82139
0.82133
0.82128
0.82123
0.82118
0.82113
0.82108
0.82103
0.82098
0.82093
0.82088
0.82083
0.82078
0.82073
0.82068
0.82063
0.82058
0.82052
0.82047
0.82042
0.82037
0.82032
0.82027
0.82022
0.82017
0.82012
0.82007
0.82002
0.81997
0.81992
0.81987
0.81982
0.81977
0.81972
0.81967
0.81961
0.81956
0.81951
0.81946
0.81941
0.81936
0.81931
0.81926
0.81921
0.81916
0.81911
0.81906
0.81901
0.81896
0.81891
0.81886
0.81881
0.81876
0.81871
0.81865
0.81860
0.81855
0.81850
0.81845
0.81840
0.81835
0.81830
0.81825
0.81820
0.81815
0.81810
0.81805
0.81800
0.81795
0.81790
0.81785
0.81780
0.81775
0.81770
0.81765
0.81760
0.81755
0.81749
0.81744
0.81739
0.81734
0.81729
0.81724
0.81719
0.81714
0.81709
0.81704
0.81699
0.81694
0.81689
0.81684
0.81679
0.81674
0.81669
0.81664
0.81659
0.81654
0.81649
0.81644
0.81639
0.81634
0.81629
0.81624
0.81619
0.81614
0.81608
0.81603
0.81598
0.81593
0.81588
0.81583
0.81578
0.81573
0.81568
0.81563
0.81558
0.81553
0.81548
0.81543
0.81538
0.81533
0.81528
0.81523
0.81518
0.81513
0.81508
0.81503
0.81498
0.81493
0.81488
0.81483
0.81478
0.81473
0.81468
0.81463
0.81458
0.81453
0.81448
0.81443
0.81438
0.81433
0.81428
0.81423
0.81418
0.81413
0.81408
0.81402
0.81397
0.81392
0.81387
0.81382
0.81377
0.81372
0.81367
0.81362
0.81357
0.81352
0.81347
0.81342
0.81337
0.81332
0.81327
0.81322
0.81317
0.81312
0.81307
0.81302
0.81297
0.81292
0.81287
0.81282
0.81277
0.81272
0.81267
0.81262
0.81257
0.81252
0.81247
0.81242
0.81237
0.81232
0.81227
0.81222
0.81217
0.81212
0.81207
0.81202
0.81197
0.81192
0.81187
0.81182
0.81177
0.81172
0.81167
0.81162
0.81157
0.81152
0.81147
0.81142
0.81137
0.81132
0.81127
0.81122
0.81117
0.81112
0.81107
0.81102
0.81097
0.81092
0.81087
0.81082
0.81077
0.81072
0.81067
0.81062
0.81057
0.81052
0.81047
0.81042
0.81037
0.81032
0.81027
0.81022
0.81017
0.81012
0.81007
0.81002
0.80997
0.80992
0.80987
0.80982
0.80977
0.80972
0.80967
0.80962
0.80957
0.80952
0.80947
0.80942
0.80937
0.80932
0.80927
0.80922
0.80917
0.80912
0.80907
0.80902
0.80897
0.80892
0.80887
0.80882
0.80877
0.80872
0.80867
0.80862
0.80857
0.80852
0.80847
0.80842
0.80837
0.80832
0.80828
0.80823
0.80818
0.80813
0.80808
0.80803
0.80798
0.80793
0.80788
0.80783
0.80778
0.80773
0.80768
0.80763
0.80758
0.80753
0.80748
0.80743
0.80738
0.80733
0.80728
0.80723
0.80718
0.80713
0.80708
0.80703
0.80698
0.80693
0.80688
0.80683
0.80678
0.80673
0.80668
0.80663
0.80658
0.80653
0.80648
0.80643
0.80638
0.80633
0.80629
0.80624
0.80619
0.80614
0.80609
0.80604
0.80599
0.80594
0.80589
0.80584
0.80579
0.80574
0.80569
0.80564
0.80559
0.80554
0.80549
0.80544
0.80539
0.80534
0.80529
0.80524
0.80519
0.80514
0.80509
0.80504
0.80499
0.80494
0.80489
0.80485
0.80480
0.80475
0.80470
0.80465
0.80460
0.80455
0.80450
0.80445
0.80440
0.80435
0.80430
0.80425
0.80420
0.80415
0.80410
0.80405
0.80400
0.80395
0.80390
0.80385
0.80380
0.80375
0.80371
0.80366
0.80361
0.80356
0.80351
0.80346
0.80341
0.80336
0.80331
0.80326
0.80321
0.80316
0.80311
0.80306
0.80301
0.80296
0.80291
0.80286
0.80281
0.80276
0.80272
0.80267
0.80262
0.80257
0.80252
0.80247
0.80242
0.80237
0.80232
0.80227
0.80222
0.80217
0.80212
0.80207
0.80202
0.80197
0.80192
0.80187
0.80183
0.80178
0.80173
0.80168
0.80163
0.80158
0.80153
0.80148
0.80143
0.80138
0.80133
0.80128
0.80123
0.80118
0.80113
0.80108
0.80104
0.80099
0.80094
0.80089
0.80084
0.80079
0.80074
0.80069
0.80064
0.80059
0.80054
0.80049
0.80044
0.80039
0.80034
0.80030
0.80025
0.80020
0.80015
0.80010
0.80005
0.80000
0.79995
0.79990
0.79985
0.79980
0.79975
0.79970
0.79965
0.79961
0.79956
0.79951
0.79946
0.79941
0.79936
0.79931
0.79926
0.79921
0.79916
0.79911
0.79906
0.79901
0.79897
0.79892
0.79887
0.79882
0.79877
0.79872
0.79867
0.79862
0.79857
0.79852
0.79847
0.79842
0.79837
0.79833
0.79828
0.79823
0.79818
0.79813
0.79808
0.79803
0.79798
0.79793
0.79788
0.79783
0.79778
0.79774
0.79769
0.79764
0.79759
0.79754
0.79749
0.79744
0.79739
0.79734
0.79729
0.79724
0.79719
0.79715
0.79710
0.79705
0.79700
0.79695
0.79690
0.79685
0.79680
0.79675
0.79670
0.79665
0.79661
0.79656
0.79651
0.79646
0.79641
0.79636
0.79631
0.79626
0.79621
0.79616
0.79611
0.79607
0.79602
0.79597
0.79592
0.79587
0.79582
0.79577
0.79572
0.79567
0.79562
0.79558
0.79553
0.79548
0.79543
0.79538
0.79533
0.79528
0.79523
0.79518
0.79513
0.79509
0.79504
0.79499
0.79494
0.79489
0.79484
0.79479
0.79474
0.79469
0.79464
0.79460
0.79455
0.79450
0.79445
0.79440
0.79435
0.79430
0.79425
0.79420
0.79416
0.79411
0.79406
0.79401
0.79396
0.79391
0.79386
0.79381
0.79376
0.79371
0.79367
0.79362
0.79357
0.79352
0.79347
0.79342
0.79337
0.79332
0.79327
0.79323
0.79318
0.79313
0.79308
0.79303
0.79298
0.79293
0.79288
0.79284
0.79279
0.79274
0.79269
0.79264
0.79259
0.79254
0.79249
0.79244
0.79240
0.79235
0.79230
0.79225
0.79220
0.79215
0.79210
0.79205
0.79201
0.79196
0.79191
0.79186
0.79181
0.79176
0.79171
0.79166
0.79161
0.79157
0.79152
0.79147
0.79142
0.79137
0.79132
0.79127
0.79122
0.79118
0.79113
0.79108
0.79103
0.79098
0.79093
0.79088
0.79083
0.79079
0.79074
0.79069
0.79064
0.79059
0.79054
0.79049
0.79045
0.79040
0.79035
0.79030
0.79025
0.79020
0.79015
0.79010
0.79006
0.79001
0.78996
0.78991
0.78986
0.78981
0.78976
0.78972
0.78967
0.78962
0.78957
0.78952
0.78947
0.78942
0.78937
0.78933
0.78928
0.78923
0.78918
0.78913
0.78908
0.78903
0.78899
0.78894
0.78889
0.78884
0.78879
0.78874
0.78869
0.78865
0.78860
0.78855
0.78850
0.78845
0.78840
0.78835
0.78831
0.78826
0.78821
0.78816
0.78811
0.78806
0.78801
0.78797
0.78792
0.78787
0.78782
0.78777
0.78772
0.78767
0.78763
0.78758
0.78753
0.78748
0.78743
0.78738
0.78733
0.78729
0.78724
0.78719
0.78714
0.78709
0.78704
0.78700
0.78695
0.78690
0.78685
0.78680
0.78675
0.78670
0.78666
0.78661
0.78656
0.78651
0.78646
0.78641
0.78637
0.78632
0.78627
0.78622
0.78617
0.78612
0.78607
0.78603
0.78598
0.78593
0.78588
0.78583
0.78578
0.78574
0.78569
0.78564
0.78559
0.78554
0.78549
0.78545
0.78540
0.78535
0.78530
0.78525
0.78520
0.78516
0.78511
0.78506
0.78501
0.78496
0.78491
0.78486
0.78482
0.78477
0.78472
0.78467
0.78462
0.78457
0.78453
0.78448
0.78443
0.78438
0.78433
0.78428
0.78424
0.78419
0.78414
0.78409
0.78404
0.78400
0.78395
0.78390
0.78385
0.78380
0.78375
0.78371
0.78366
0.78361
0.78356
0.78351
0.78346
0.78342
0.78337
0.78332
0.78327
0.78322
0.78317
0.78313
0.78308
0.78303
0.78298
0.78293
0.78289
0.78284
0.78279
0.78274
0.78269
0.78264
0.78260
0.78255
0.78250
0.78245
0.78240
0.78235
0.78231
0.78226
0.78221
0.78216
0.78211
0.78207
0.78202
0.78197
0.78192
0.78187
0.78182
0.78178
0.78173
0.78168
0.78163
0.78158
0.78154
0.78149
0.78144
0.78139
0.78134
0.78130
0.78125
0.78120
0.78115
0.78110
0.78105
0.78101
0.78096
0.78091
0.78086
0.78081
0.78077
0.78072
0.78067
0.78062
0.78057
0.78053
0.78048
0.78043
0.78038
0.78033
0.78029
0.78024
0.78019
0.78014
0.78009
0.78004
0.78000
0.77995
0.77990
0.77985
0.77980
0.77976
0.77971
0.77966
0.77961
0.77956
0.77952
0.77947
0.77942
0.77937
0.77932
0.77928
0.77923
0.77918
0.77913
0.77908
0.77904
0.77899
0.77894
0.77889
0.77884
0.77880
0.77875
0.77870
0.77865
0.77860
0.77856
0.77851
0.77846
0.77841
0.77836
0.77832
0.77827
0.77822
0.77817
0.77813
0.77808
0.77803
0.77798
0.77793
0.77789
0.77784
0.77779
0.77774
0.77769
0.77765
0.77760
0.77755
0.77750
0.77745
0.77741
0.77736
0.77731
0.77726
0.77721
0.77717
0.77712
0.77707
0.77702
0.77698
0.77693
0.77688
0.77683
0.77678
0.77674
0.77669
0.77664
0.77659
0.77654
0.77650
0.77645
0.77640
0.77635
0.77631
0.77626
0.77621
0.77616
0.77611
0.77607
0.77602
0.77597
0.77592
0.77588
0.77583
0.77578
0.77573
0.77568
0.77564
0.77559
0.77554
0.77549
0.77545
0.77540
0.77535
0.77530
0.77525
0.77521
0.77516
0.77511
0.77506
0.77502
0.77497
0.77492
0.77487
0.77482
0.77478
0.77473
0.77468
0.77463
0.77459
0.77454
0.77449
0.77444
0.77440
0.77435
0.77430
0.77425
0.77420
0.77416
0.77411
0.77406
0.77401
0.77397
0.77392
0.77387
0.77382
0.77378
0.77373
0.77368
0.77363
0.77358
0.77354
0.77349
0.77344
0.77339
0.77335
0.77330
0.77325
0.77320
0.77316
0.77311
0.77306
0.77301
0.77297
0.77292
0.77287
0.77282
0.77278
0.77273
0.77268
0.77263
0.77258
0.77254
0.77249
0.77244
0.77239
0.77235
0.77230
0.77225
0.77220
0.77216
0.77211
0.77206
0.77201
0.77197
0.77192
0.77187
0.77182
0.77178
0.77173
0.77168
0.77163
0.77159
0.77154
0.77149
0.77144
0.77140
0.77135
0.77130
0.77125
0.77121
0.77116
0.77111
0.77106
0.77102
0.77097
0.77092
0.77087
0.77083
0.77078
0.77073
0.77068
0.77064
0.77059
0.77054
0.77049
0.77045
0.77040
0.77035
0.77030
0.77026
0.77021
0.77016
0.77011
0.77007
0.77002
0.76997
0.76992
0.76988
0.76983
0.76978
0.76973
0.76969
0.76964
0.76959
0.76954
0.76950
0.76945
0.76940
0.76936
0.76931
0.76926
0.76921
0.76917
0.76912
0.76907
0.76902
0.76898
0.76893
0.76888
0.76883
0.76879
0.76874
0.76869
0.76864
0.76860
0.76855
0.76850
0.76846
0.76841
0.76836
0.76831
0.76827
0.76822
0.76817
0.76812
0.76808
0.76803
0.76798
0.76793
0.76789
0.76784
0.76779
0.76775
0.76770
0.76765
0.76760
0.76756
0.76751
0.76746
0.76741
0.76737
0.76732
0.76727
0.76723
0.76718
0.76713
0.76708
0.76704
0.76699
0.76694
0.76689
0.76685
0.76680
0.76675
0.76671
0.76666
0.76661
0.76656
0.76652
0.76647
0.76642
0.76638
0.76633
0.76628
0.76623
0.76619
0.76614
0.76609
0.76605
0.76600
0.76595
0.76590
0.76586
0.76581
0.76576
0.76571
0.76567
0.76562
0.76557
0.76553
0.76548
0.76543
0.76538
0.76534
0.76529
0.76524
0.76520
0.76515
0.76510
0.76505
0.76501
0.76496
0.76491
0.76487
0.76482
0.76477
0.76473
0.76468
0.76463
0.76458
0.76454
0.76449
0.76444
0.76440
0.76435
0.76430
0.76425
0.76421
0.76416
0.76411
0.76407
0.76402
0.76397
0.76392
0.76388
0.76383
0.76378
0.76374
0.76369
0.76364
0.76360
0.76355
0.76350
0.76345
0.76341
0.76336
0.76331
0.76327
0.76322
0.76317
0.76313
0.76308
0.76303
0.76298
0.76294
0.76289
0.76284
0.76280
0.76275
0.76270
0.76266
0.76261
0.76256
0.76251
0.76247
0.76242
0.76237
0.76233
0.76228
0.76223
0.76219
0.76214
0.76209
0.76204
0.76200
0.76195
0.76190
0.76186
0.76181
0.76176
0.76172
0.76167
0.76162
0.76158
0.76153
0.76148
0.76143
0.76139
0.76134
0.76129
0.76125
0.76120
0.76115
0.76111
0.76106
0.76101
0.76097
0.76092
0.76087
0.76083
0.76078
0.76073
0.76068
0.76064
0.76059
0.76054
0.76050
0.76045
0.76040
0.76036
0.76031
0.76026
0.76022
0.76017
0.76012
0.76008
0.76003
0.75998
0.75994
0.75989
0.75984
0.75980
0.75975
0.75970
0.75965
0.75961
0.75956
0.75951
0.75947
0.75942
0.75937
0.75933
0.75928
0.75923
0.75919
0.75914
0.75909
0.75905
0.75900
0.75895
0.75891
0.75886
0.75881
0.75877
0.75872
0.75867
0.75863
0.75858
0.75853
0.75849
0.75844
0.75839
0.75835
0.75830
0.75825
0.75821
0.75816
0.75811
0.75807
0.75802
0.75797
0.75793
0.75788
0.75783
0.75779
0.75774
0.75769
0.75765
0.75760
0.75755
0.75751
0.75746
0.75741
0.75737
0.75732
0.75727
0.75723
0.75718
0.75713
0.75709
0.75704
0.75699
0.75695
0.75690
0.75685
0.75681
0.75676
0.75671
0.75667
0.75662
0.75657
0.75653
0.75648
0.75643
0.75639
0.75634
0.75629
0.75625
0.75620
0.75615
0.75611
0.75606
0.75601
0.75597
0.75592
0.75587
0.75583
0.75578
0.75573
0.75569
0.75564
0.75559
0.75555
0.75550
0.75546
0.75541
0.75536
0.75532
0.75527
0.75522
0.75518
0.75513
0.75508
0.75504
0.75499
0.75494
0.75490
0.75485
0.75480
0.75476
0.75471
0.75466
0.75462
0.75457
0.75453
0.75448
0.75443
0.75439
0.75434
0.75429
0.75425
0.75420
0.75415
0.75411
0.75406
0.75401
0.75397
0.75392
0.75387
0.75383
0.75378
0.75374
0.75369
0.75364
0.75360
0.75355
0.75350
0.75346
0.75341
0.75336
0.75332
0.75327
0.75322
0.75318
0.75313
0.75309
0.75304
0.75299
0.75295
0.75290
0.75285
0.75281
0.75276
0.75271
0.75267
0.75262
0.75258
0.75253
0.75248
0.75244
0.75239
0.75234
0.75230
0.75225
0.75220
0.75216
0.75211
0.75207
0.75202
0.75197
0.75193
0.75188
0.75183
0.75179
0.75174
0.75170
0.75165
0.75160
0.75156
0.75151
0.75146
0.75142
0.75137
0.75133
0.75128
0.75123
0.75119
0.75114
0.75109
0.75105
0.75100
0.75096
0.75091
0.75086
0.75082
0.75077
0.75072
0.75068
0.75063
0.75059
0.75054
0.75049
0.75045
0.75040
0.75035
0.75031
0.75026
0.75022
0.75017
0.75012
0.75008
0.75003
0.74998
0.74994
0.74989
0.74985
0.74980
0.74975
0.74971
0.74966
0.74961
0.74957
0.74952
0.74948
0.74943
0.74938
0.74934
0.74929
0.74925
0.74920
0.74915
0.74911
0.74906
0.74901
0.74897
0.74892
0.74888
0.74883
0.74878
0.74874
0.74869
0.74865
0.74860
0.74855
0.74851
0.74846
0.74842
0.74837
0.74832
0.74828
0.74823
0.74818
0.74814
0.74809
0.74805
0.74800
0.74795
0.74791
0.74786
0.74782
0.74777
0.74772
0.74768
0.74763
0.74759
0.74754
0.74749
0.74745
0.74740
0.74736
0.74731
0.74726
0.74722
0.74717
0.74713
0.74708
0.74703
0.74699
0.74694
0.74690
0.74685
0.74680
0.74676
0.74671
0.74667
0.74662
0.74657
0.74653
0.74648
0.74644
0.74639
0.74634
0.74630
0.74625
0.74621
0.74616
0.74611
0.74607
0.74602
0.74598
0.74593
0.74588
0.74584
0.74579
0.74575
0.74570
0.74565
0.74561
0.74556
0.74552
0.74547
0.74543
0.74538
0.74533
0.74529
0.74524
0.74520
0.74515
0.74510
0.74506
0.74501
0.74497
0.74492
0.74487
0.74483
0.74478
0.74474
0.74469
0.74464
0.74460
0.74455
0.74451
0.74446
0.74442
0.74437
0.74432
0.74428
0.74423
0.74419
0.74414
0.74409
0.74405
0.74400
0.74396
0.74391
0.74387
0.74382
0.74377
0.74373
0.74368
0.74364
0.74359
0.74354
0.74350
0.74345
0.74341
0.74336
0.74332
0.74327
0.74322
0.74318
0.74313
0.74309
0.74304
0.74300
0.74295
0.74290
0.74286
0.74281
0.74277
0.74272
0.74268
0.74263
0.74258
0.74254
0.74249
0.74245
0.74240
0.74236
0.74231
0.74226
0.74222
0.74217
0.74213
0.74208
0.74204
0.74199
0.74194
0.74190
0.74185
0.74181
0.74176
0.74172
0.74167
0.74162
0.74158
0.74153
0.74149
0.74144
0.74140
0.74135
0.74130
0.74126
0.74121
0.74117
0.74112
0.74108
0.74103
0.74098
0.74094
0.74089
0.74085
0.74080
0.74076
0.74071
0.74067
0.74062
0.74057
0.74053
0.74048
0.74044
0.74039
0.74035
0.74030
0.74025
0.74021
0.74016
0.74012
0.74007
0.74003
0.73998
0.73994
0.73989
0.73984
0.73980
0.73975
0.73971
0.73966
0.73962
0.73957
0.73953
0.73948
0.73943
0.73939
0.73934
0.73930
0.73925
0.73921
0.73916
0.73912
0.73907
0.73902
0.73898
0.73893
0.73889
0.73884
0.73880
0.73875
0.73871
0.73866
0.73862
0.73857
0.73852
0.73848
0.73843
0.73839
0.73834
0.73830
0.73825
0.73821
0.73816
0.73812
0.73807
0.73802
0.73798
0.73793
0.73789
0.73784
0.73780
0.73775
0.73771
0.73766
0.73762
0.73757
0.73752
0.73748
0.73743
0.73739
0.73734
0.73730
0.73725
0.73721
0.73716
0.73712
0.73707
0.73702
0.73698
0.73693
0.73689
0.73684
0.73680
0.73675
0.73671
0.73666
0.73662
0.73657
0.73653
0.73648
0.73643
0.73639
0.73634
0.73630
0.73625
0.73621
0.73616
0.73612
0.73607
0.73603
0.73598
0.73594
0.73589
0.73585
0.73580
0.73575
0.73571
0.73566
0.73562
0.73557
0.73553
0.73548
0.73544
0.73539
0.73535
0.73530
0.73526
0.73521
0.73517
0.73512
0.73508
0.73503
0.73498
0.73494
0.73489
0.73485
0.73480
0.73476
0.73471
0.73467
0.73462
0.73458
0.73453
0.73449
0.73444
0.73440
0.73435
0.73431
0.73426
0.73422
0.73417
0.73413
0.73408
0.73403
0.73399
0.73394
0.73390
0.73385
0.73381
0.73376
0.73372
0.73367
0.73363
0.73358
0.73354
0.73349
0.73345
0.73340
0.73336
0.73331
0.73327
0.73322
0.73318
0.73313
0.73309
0.73304
0.73300
0.73295
0.73291
0.73286
0.73282
0.73277
0.73272
0.73268
0.73263
0.73259
0.73254
0.73250
0.73245
0.73241
0.73236
0.73232
0.73227
0.73223
0.73218
0.73214
0.73209
0.73205
0.73200
0.73196
0.73191
0.73187
0.73182
0.73178
0.73173
0.73169
0.73164
0.73160
0.73155
0.73151
0.73146
0.73142
0.73137
0.73133
0.73128
0.73124
0.73119
0.73115
0.73110
0.73106
0.73101
0.73097
0.73092
0.73088
0.73083
0.73079
0.73074
0.73070
0.73065
0.73061
0.73056
0.73052
0.73047
0.73043
0.73038
0.73034
0.73029
0.73025
0.73020
0.73016
0.73011
0.73007
0.73002
0.72998
0.72993
0.72989
0.72984
0.72980
0.72975
0.72971
0.72966
0.72962
0.72957
0.72953
0.72948
0.72944
0.72939
0.72935
0.72930
0.72926
0.72921
0.72917
0.72912
0.72908
0.72903
0.72899
0.72894
0.72890
0.72885
0.72881
0.72876
0.72872
0.72867
0.72863
0.72858
0.72854
0.72849
0.72845
0.72841
0.72836
0.72832
0.72827
0.72823
0.72818
0.72814
0.72809
0.72805
0.72800
0.72796
0.72791
0.72787
0.72782
0.72778
0.72773
0.72769
0.72764
0.72760
0.72755
0.72751
0.72746
0.72742
0.72737
0.72733
0.72728
0.72724
0.72719
0.72715
0.72711
0.72706
0.72702
0.72697
0.72693
0.72688
0.72684
0.72679
0.72675
0.72670
0.72666
0.72661
0.72657
0.72652
0.72648
0.72643
0.72639
0.72634
0.72630
0.72625
0.72621
0.72617
0.72612
0.72608
0.72603
0.72599
0.72594
0.72590
0.72585
0.72581
0.72576
0.72572
0.72567
0.72563
0.72558
0.72554
0.72549
0.72545
0.72541
0.72536
0.72532
0.72527
0.72523
0.72518
0.72514
0.72509
0.72505
0.72500
0.72496
0.72491
0.72487
0.72482
0.72478
0.72474
0.72469
0.72465
0.72460
0.72456
0.72451
0.72447
0.72442
0.72438
0.72433
0.72429
0.72424
0.72420
0.72416
0.72411
0.72407
0.72402
0.72398
0.72393
0.72389
0.72384
0.72380
0.72375
0.72371
0.72366
0.72362
0.72358
0.72353
0.72349
0.72344
0.72340
0.72335
0.72331
0.72326
0.72322
0.72317
0.72313
0.72309
0.72304
0.72300
0.72295
0.72291
0.72286
0.72282
0.72277
0.72273
0.72269
0.72264
0.72260
0.72255
0.72251
0.72246
0.72242
0.72237
0.72233
0.72228
0.72224
0.72220
0.72215
0.72211
0.72206
0.72202
0.72197
0.72193
0.72188
0.72184
0.72180
0.72175
0.72171
0.72166
0.72162
0.72157
0.72153
0.72148
0.72144
0.72140
0.72135
0.72131
0.72126
0.72122
0.72117
0.72113
0.72108
0.72104
0.72100
0.72095
0.72091
0.72086
0.72082
0.72077
0.72073
0.72068
0.72064
0.72060
0.72055
0.72051
0.72046
0.72042
0.72037
0.72033
0.72029
0.72024
0.72020
0.72015
0.72011
0.72006
0.72002
0.71997
0.71993
0.71989
0.71984
0.71980
0.71975
0.71971
0.71966
0.71962
