-153.96496
-153.96496
-153.96495
-153.96495
-153.96494
-153.96494
-153.96493
-153.96492
-153.96490
-153.96489
-153.96487
-153.96485
-153.96482
-153.96480
-153.96477
-153.96474
-153.96471
-153.96467
-153.96463
-153.96459
-153.96454
-153.96449
-153.96444
-153.96439
-153.96433
-153.96426
-153.96420
-153.96413
-153.96405
-153.96398
-153.96390
-153.96381
-153.96372
-153.96363
-153.96353
-153.96343
-153.96332
-153.96321
-153.96309
-153.96297
-153.96285
-153.96272
-153.96258
-153.96244
-153.96230
-153.96215
-153.96199
-153.96183
-153.96166
-153.96149
-153.96132
-153.96113
-153.96094
-153.96075
-153.96055
-153.96034
-153.96013
-153.95991
-153.95969
-153.95946
-153.95922
-153.95898
-153.95873
-153.95847
-153.95821
-153.95794
-153.95766
-153.95738
-153.95709
-153.95679
-153.95649
-153.95618
-153.95586
-153.95554
-153.95520
-153.95486
-153.95451
-153.95416
-153.95380
-153.95342
-153.95305
-153.95266
-153.95226
-153.95186
-153.95145
-153.95103
-153.95061
-153.95017
-153.94973
-153.94928
-153.94881
-153.94835
-153.94787
-153.94738
-153.94689
-153.94638
-153.94587
-153.94535
-153.94482
-153.94428
-153.94373
-153.94317
-153.94260
-153.94202
-153.94143
-153.94084
-153.94023
-153.93962
-153.93899
-153.93836
-153.93771
-153.93706
-153.93639
-153.93571
-153.93503
-153.93433
-153.93363
-153.93291
-153.93219
-153.93145
-153.93070
-153.92994
-153.92917
-153.92839
-153.92760
-153.92680
-153.92599
-153.92517
-153.92433
-153.92349
-153.92263
-153.92176
-153.92088
-153.91999
-153.91909
-153.91818
-153.91725
-153.91631
-153.91537
-153.91441
-153.91343
-153.91245
-153.91145
-153.91045
-153.90943
-153.90839
-153.90735
-153.90629
-153.90523
-153.90414
-153.90305
-153.90195
-153.90083
-153.89970
-153.89855
-153.89740
-153.89623
-153.89504
-153.89385
-153.89264
-153.89142
-153.89019
-153.88894
-153.88768
-153.88641
-153.88512
-153.88382
-153.88250
-153.88118
-153.87984
-153.87848
-153.87712
-153.87573
-153.87434
-153.87293
-153.87151
-153.87007
-153.86862
-153.86715
-153.86567
-153.86418
-153.86267
-153.86115
-153.85962
-153.85807
-153.85650
-153.85492
-153.85333
-153.85172
-153.85010
-153.84846
-153.84681
-153.84514
-153.84346
-153.84176
-153.84005
-153.83832
-153.83658
-153.83482
-153.83305
-153.83126
-153.82946
-153.82764
-153.82581
-153.82396
-153.82210
-153.82022
-153.81832
-153.81641
-153.81448
-153.81254
-153.81058
-153.80861
-153.80662
-153.80461
-153.80259
-153.80055
-153.79850
-153.79643
-153.79434
-153.79224
-153.79012
-153.78799
-153.78584
-153.78367
-153.78149
-153.77928
-153.77707
-153.77483
-153.77258
-153.77032
-153.76803
-153.76573
-153.76341
-153.76108
-153.75873
-153.75636
-153.75397
-153.75157
-153.74915
-153.74672
-153.74426
-153.74179
-153.73930
-153.73680
-153.73427
-153.73173
-153.72918
-153.72660
-153.72401
-153.72140
-153.71877
-153.71612
-153.71346
-153.71078
-153.70808
-153.70536
-153.70262
-153.69987
-153.69710
-153.69431
-153.69150
-153.68868
-153.68583
-153.68297
-153.68009
-153.67719
-153.67428
-153.67134
-153.66839
-153.66542
-153.66243
-153.65942
-153.65639
-153.65334
-153.65028
-153.64720
-153.64409
-153.64097
-153.63783
-153.63467
-153.63150
-153.62830
-153.62508
-153.62185
-153.61860
-153.61532
-153.61203
-153.60872
-153.60539
-153.60204
-153.59867
-153.59528
-153.59188
-153.58845
-153.58500
-153.58154
-153.57805
-153.57455
-153.57102
-153.56748
-153.56392
-153.56033
-153.55673
-153.55311
-153.54946
-153.54580
-153.54212
-153.53842
-153.53469
-153.53095
-153.52719
-153.52341
-153.51960
-153.51578
-153.51194
-153.50808
-153.50419
-153.50029
-153.49636
-153.49242
-153.48846
-153.48447
-153.48047
-153.47644
-153.47239
-153.46833
-153.46424
-153.46013
-153.45600
-153.45185
-153.44768
-153.44349
-153.43928
-153.43505
-153.43080
-153.42652
-153.42223
-153.41791
-153.41357
-153.40922
-153.40484
-153.40044
-153.39602
-153.39158
-153.38711
-153.38263
-153.37812
-153.37360
-153.36905
-153.36448
-153.35989
-153.35528
-153.35064
-153.34599
-153.34131
-153.33661
-153.33189
-153.32715
-153.32239
-153.31761
-153.31280
-153.30797
-153.30313
-153.29825
-153.29336
-153.28845
-153.28351
-153.27855
-153.27357
-153.26857
-153.26355
-153.25850
-153.25344
-153.24835
-153.24324
-153.23810
-153.23295
-153.22777
-153.22257
-153.21735
-153.21211
-153.20684
-153.20155
-153.19624
-153.19091
-153.18555
-153.18017
-153.17478
-153.16935
-153.16391
-153.15844
-153.15295
-153.14744
-153.14191
-153.13635
-153.13077
-153.12517
-153.11954
-153.11389
-153.10822
-153.10253
-153.09682
-153.09108
-153.08532
-153.07953
-153.07373
-153.06790
-153.06205
-153.05617
-153.05027
-153.04435
-153.03841
-153.03244
-153.02645
-153.02044
-153.01440
-153.00834
-153.00226
-152.99616
-152.99003
-152.98388
-152.97770
-152.97151
-152.96529
-152.95904
-152.95278
-152.94649
-152.94017
-152.93383
-152.92747
-152.92109
-152.91468
-152.90825
-152.90180
-152.89532
-152.88882
-152.88230
-152.87575
-152.86918
-152.86258
-152.85597
-152.84932
-152.84266
-152.83597
-152.82926
-152.82252
-152.81576
-152.80898
-152.80217
-152.79534
-152.78848
-152.78161
-152.77470
-152.76778
-152.76083
-152.75385
-152.74686
-152.73984
-152.73279
-152.72572
-152.71863
-152.71151
-152.70437
-152.69721
-152.69002
-152.68280
-152.67557
-152.66831
-152.66102
-152.65371
-152.64638
-152.63902
-152.63164
-152.62423
-152.61680
-152.60935
-152.60187
-152.59437
-152.58684
-152.57929
-152.57172
-152.56412
-152.55650
-152.54885
-152.54118
-152.53348
-152.52576
-152.51801
-152.51025
-152.50245
-152.49463
-152.48679
-152.47892
-152.47103
-152.46312
-152.45518
-152.44721
-152.43922
-152.43121
-152.42317
-152.41511
-152.40702
-152.39891
-152.39077
-152.38261
-152.37442
-152.36621
-152.35798
-152.34972
-152.34144
-152.33313
-152.32479
-152.31643
-152.30805
-152.29964
-152.29121
-152.28275
-152.27427
-152.26577
-152.25723
-152.24868
-152.24010
-152.23149
-152.22286
-152.21420
-152.20552
-152.19682
-152.18809
-152.17933
-152.17055
-152.16175
-152.15292
-152.14407
-152.13519
-152.12628
-152.11735
-152.10840
-152.09942
-152.09041
-152.08138
-152.07233
-152.06325
-152.05415
-152.04502
-152.03586
-152.02668
-152.01748
-152.00825
-151.99899
-151.98971
-151.98041
-151.97108
-151.96172
-151.95234
-151.94294
-151.93351
-151.92405
-151.91457
-151.90507
-151.89553
-151.88598
-151.87640
-151.86679
-151.85716
-151.84750
-151.83782
-151.82811
-151.81838
-151.80862
-151.79884
-151.78903
-151.77919
-151.76934
-151.75945
-151.74954
-151.73961
-151.72965
-151.71966
-151.70965
-151.69961
-151.68955
-151.67946
-151.66935
-151.65921
-151.64905
-151.63886
-151.62865
-151.61841
-151.60814
-151.59785
-151.58754
-151.57720
-151.56683
-151.55644
-151.54602
-151.53558
-151.52511
-151.51462
-151.50410
-151.49356
-151.48299
-151.47239
-151.46177
-151.45112
-151.44045
-151.42976
-151.41903
-151.40829
-151.39751
-151.38671
-151.37589
-151.36504
-151.35416
-151.34326
-151.33234
-151.32138
-151.31041
-151.29940
-151.28837
-151.27732
-151.26624
-151.25513
-151.24400
-151.23285
-151.22167
-151.21046
-151.19922
-151.18797
-151.17668
-151.16537
-151.15404
-151.14268
-151.13129
-151.11988
-151.10844
-151.09698
-151.08549
-151.07397
-151.06243
-151.05087
-151.03927
-151.02766
-151.01602
-151.00435
-150.99265
-150.98093
-150.96919
-150.95742
-150.94562
-150.93380
-150.92195
-150.91008
-150.89818
-150.88626
-150.87431
-150.86233
-150.85033
-150.83830
-150.82625
-150.81417
-150.80207
-150.78994
-150.77778
-150.76560
-150.75339
-150.74116
-150.72890
-150.71662
-150.70431
-150.69198
-150.67962
-150.66723
-150.65482
-150.64238
-150.62992
-150.61743
-150.60492
-150.59238
-150.57981
-150.56722
-150.55460
-150.54196
-150.52929
-150.51660
-150.50388
-150.49113
-150.47836
-150.46557
-150.45274
-150.43990
-150.42702
-150.41412
-150.40120
-150.38825
-150.37527
-150.36227
-150.34924
-150.33619
-150.32311
-150.31001
-150.29688
-150.28372
-150.27054
-150.25733
-150.24410
-150.23084
-150.21756
-150.20425
-150.19092
-150.17755
-150.16417
-150.15076
-150.13732
-150.12386
-150.11037
-150.09685
-150.08331
-150.06975
-150.05616
-150.04254
-150.02890
-150.01523
-150.00154
-149.98782
-149.97407
-149.96030
-149.94651
-149.93268
-149.91884
-149.90496
-149.89107
-149.87714
-149.86319
-149.84922
-149.83522
-149.82119
-149.80714
-149.79306
-149.77896
-149.76483
-149.75068
-149.73650
-149.72229
-149.70806
-149.69381
-149.67952
-149.66522
-149.65088
-149.63653
-149.62214
-149.60773
-149.59330
-149.57884
-149.56435
-149.54984
-149.53530
-149.52074
-149.50615
-149.49154
-149.47690
-149.46224
-149.44755
-149.43283
-149.41809
-149.40333
-149.38854
-149.37372
-149.35888
-149.34401
-149.32912
-149.31420
-149.29925
-149.28428
-149.26929
-149.25427
-149.23922
-149.22415
-149.20906
-149.19393
-149.17879
-149.16361
-149.14842
-149.13319
-149.11794
-149.10267
-149.08737
-149.07205
-149.05670
-149.04132
-149.02592
-149.01049
-148.99504
-148.97956
-148.96406
-148.94853
-148.93298
-148.91740
-148.90180
-148.88617
-148.87052
-148.85484
-148.83914
-148.82341
-148.80765
-148.79187
-148.77607
-148.76023
-148.74438
-148.72850
-148.71259
-148.69666
-148.68070
-148.66472
-148.64871
-148.63268
-148.61663
-148.60054
-148.58444
-148.56830
-148.55214
-148.53596
-148.51975
-148.50352
-148.48726
-148.47098
-148.45467
-148.43834
-148.42198
-148.40559
-148.38918
-148.37275
-148.35629
-148.33981
-148.32330
-148.30676
-148.29020
-148.27362
-148.25701
-148.24037
-148.22371
-148.20703
-148.19032
-148.17359
-148.15683
-148.14004
-148.12323
-148.10640
-148.08954
-148.07266
-148.05575
-148.03881
-148.02185
-148.00487
-147.98786
-147.97083
-147.95377
-147.93669
-147.91958
-147.90244
-147.88529
-147.86810
-147.85090
-147.83366
-147.81641
-147.79913
-147.78182
-147.76449
-147.74713
-147.72975
-147.71234
-147.69491
-147.67746
-147.65998
-147.64247
-147.62494
-147.60739
-147.58981
-147.57221
-147.55458
-147.53692
-147.51925
-147.50154
-147.48382
-147.46606
-147.44829
-147.43049
-147.41266
-147.39481
-147.37694
-147.35904
-147.34111
-147.32316
-147.30519
-147.28719
-147.26917
-147.25113
-147.23305
-147.21496
-147.19684
-147.17869
-147.16052
-147.14233
-147.12411
-147.10587
-147.08760
-147.06931
-147.05099
-147.03265
-147.01429
-146.99590
-146.97749
-146.95905
-146.94059
-146.92210
-146.90359
-146.88505
-146.86649
-146.84791
-146.82930
-146.81067
-146.79201
-146.77333
-146.75462
-146.73589
-146.71714
-146.69836
-146.67956
-146.66073
-146.64188
-146.62301
-146.60411
-146.58518
-146.56624
-146.54726
-146.52827
-146.50925
-146.49020
-146.47114
-146.45204
-146.43293
-146.41379
-146.39462
-146.37543
-146.35622
-146.33698
-146.31772
-146.29844
-146.27913
-146.25979
-146.24044
-146.22106
-146.20165
-146.18222
-146.16277
-146.14329
-146.12379
-146.10427
-146.08472
-146.06515
-146.04555
-146.02593
-146.00628
-145.98662
-145.96692
-145.94721
-145.92747
-145.90771
-145.88792
-145.86811
-145.84827
-145.82841
-145.80853
-145.78863
-145.76870
-145.74874
-145.72877
-145.70877
-145.68874
-145.66869
-145.64862
-145.62853
-145.60841
-145.58826
-145.56810
-145.54791
-145.52769
-145.50746
-145.48720
-145.46691
-145.44660
-145.42627
-145.40592
-145.38554
-145.36514
-145.34471
-145.32426
-145.30379
-145.28329
-145.26278
-145.24223
-145.22167
-145.20108
-145.18046
-145.15983
-145.13917
-145.11849
-145.09778
-145.07705
-145.05630
-145.03552
-145.01472
-144.99390
-144.97305
-144.95218
-144.93129
-144.91037
-144.88943
-144.86847
-144.84748
-144.82648
-144.80544
-144.78439
-144.76331
-144.74221
-144.72108
-144.69994
-144.67876
-144.65757
-144.63635
-144.61511
-144.59385
-144.57256
-144.55125
-144.52992
-144.50857
-144.48719
-144.46579
-144.44436
-144.42291
-144.40144
-144.37995
-144.35843
-144.33690
-144.31533
-144.29375
-144.27214
-144.25051
-144.22886
-144.20718
-144.18548
-144.16376
-144.14201
-144.12025
-144.09846
-144.07664
-144.05481
-144.03295
-144.01107
-143.98916
-143.96724
-143.94529
-143.92332
-143.90132
-143.87930
-143.85726
-143.83520
-143.81311
-143.79101
-143.76888
-143.74672
-143.72455
-143.70235
-143.68013
-143.65789
-143.63562
-143.61333
-143.59102
-143.56869
-143.54633
-143.52395
-143.50155
-143.47913
-143.45668
-143.43422
-143.41173
-143.38921
-143.36668
-143.34412
-143.32154
-143.29894
-143.27632
-143.25367
-143.23100
-143.20831
-143.18560
-143.16286
-143.14010
-143.11732
-143.09452
-143.07170
-143.04885
-143.02598
-143.00309
-142.98018
-142.95724
-142.93428
-142.91131
-142.88830
-142.86528
-142.84223
-142.81917
-142.79608
-142.77297
-142.74983
-142.72668
-142.70350
-142.68030
-142.65708
-142.63383
-142.61057
-142.58728
-142.56397
-142.54064
-142.51729
-142.49391
-142.47052
-142.44710
-142.42366
-142.40020
-142.37671
-142.35321
-142.32968
-142.30613
-142.28256
-142.25897
-142.23535
-142.21172
-142.18806
-142.16438
-142.14068
-142.11695
-142.09321
-142.06944
-142.04566
-142.02185
-141.99802
-141.97416
-141.95029
-141.92640
-141.90248
-141.87854
-141.85458
-141.83060
-141.80660
-141.78257
-141.75853
-141.73446
-141.71037
-141.68626
-141.66213
-141.63798
-141.61380
-141.58961
-141.56539
-141.54115
-141.51689
-141.49261
-141.46831
-141.44399
-141.41964
-141.39528
-141.37089
-141.34648
-141.32205
-141.29760
-141.27313
-141.24864
-141.22412
-141.19959
-141.17503
-141.15045
-141.12586
-141.10124
-141.07660
-141.05193
-141.02725
-141.00255
-140.97782
-140.95308
-140.92831
-140.90352
-140.87872
-140.85389
-140.82904
-140.80416
-140.77927
-140.75436
-140.72943
-140.70447
-140.67950
-140.65450
-140.62948
-140.60444
-140.57938
-140.55431
-140.52921
-140.50408
-140.47894
-140.45378
-140.42860
-140.40339
-140.37817
-140.35292
-140.32766
-140.30237
-140.27706
-140.25174
-140.22639
-140.20102
-140.17563
-140.15022
-140.12479
-140.09934
-140.07387
-140.04838
-140.02286
-139.99733
-139.97178
-139.94620
-139.92061
-139.89499
-139.86936
-139.84370
-139.81803
-139.79233
-139.76662
-139.74088
-139.71512
-139.68934
-139.66355
-139.63773
-139.61189
-139.58603
-139.56015
-139.53425
-139.50834
-139.48240
-139.45644
-139.43046
-139.40446
-139.37844
-139.35240
-139.32634
-139.30026
-139.27416
-139.24804
-139.22190
-139.19574
-139.16956
-139.14336
-139.11714
-139.09090
-139.06464
-139.03836
-139.01206
-138.98574
-138.95940
-138.93304
-138.90666
-138.88026
-138.85384
-138.82740
-138.80094
-138.77446
-138.74796
-138.72144
-138.69491
-138.66835
-138.64177
-138.61517
-138.58856
-138.56192
-138.53526
-138.50859
-138.48189
-138.45518
-138.42844
-138.40169
-138.37491
-138.34812
-138.32131
-138.29447
-138.26762
-138.24075
-138.21386
-138.18695
-138.16002
-138.13307
-138.10610
-138.07911
-138.05210
-138.02507
-137.99802
-137.97096
-137.94387
-137.91677
-137.88964
-137.86250
-137.83534
-137.80815
-137.78095
-137.75373
-137.72649
-137.69923
-137.67195
-137.64465
-137.61734
-137.59000
-137.56265
-137.53527
-137.50788
-137.48046
-137.45303
-137.42558
-137.39811
-137.37062
-137.34311
-137.31559
-137.28804
-137.26047
-137.23289
-137.20529
-137.17766
-137.15002
-137.12236
-137.09468
-137.06699
-137.03927
-137.01153
-136.98378
-136.95600
-136.92821
-136.90040
-136.87257
-136.84472
-136.81685
-136.78897
-136.76106
-136.73314
-136.70519
-136.67723
-136.64925
-136.62125
-136.59324
-136.56520
-136.53714
-136.50907
-136.48098
-136.45287
-136.42474
-136.39659
-136.36842
-136.34024
-136.31204
-136.28381
-136.25557
-136.22731
-136.19904
-136.17074
-136.14242
-136.11409
-136.08574
-136.05737
-136.02898
-136.00057
-135.97215
-135.94371
-135.91524
-135.88676
-135.85827
-135.82975
-135.80121
-135.77266
-135.74409
-135.71550
-135.68689
-135.65826
-135.62962
-135.60096
-135.57228
-135.54358
-135.51486
-135.48612
-135.45737
-135.42860
-135.39981
-135.37100
-135.34218
-135.31333
-135.28447
-135.25559
-135.22669
-135.19778
-135.16884
-135.13989
-135.11092
-135.08193
-135.05293
-135.02390
-134.99486
-134.96580
-134.93673
-134.90763
-134.87852
-134.84939
-134.82024
-134.79107
-134.76189
-134.73268
-134.70346
-134.67423
-134.64497
-134.61570
-134.58641
-134.55710
-134.52777
-134.49843
-134.46907
-134.43969
-134.41029
-134.38088
-134.35145
-134.32200
-134.29253
-134.26304
-134.23354
-134.20402
-134.17448
-134.14493
-134.11536
-134.08577
-134.05616
-134.02654
-133.99689
-133.96723
-133.93756
-133.90786
-133.87815
-133.84842
-133.81868
-133.78891
-133.75913
-133.72933
-133.69952
-133.66968
-133.63983
-133.60997
-133.58008
-133.55018
-133.52026
-133.49032
-133.46037
-133.43040
-133.40041
-133.37041
-133.34038
-133.31034
-133.28029
-133.25021
-133.22012
-133.19002
-133.15989
-133.12975
-133.09959
-133.06941
-133.03922
-133.00901
-132.97879
-132.94854
-132.91828
-132.88800
-132.85771
-132.82740
-132.79707
-132.76672
-132.73636
-132.70598
-132.67559
-132.64517
-132.61474
-132.58430
-132.55384
-132.52336
-132.49286
-132.46235
-132.43182
-132.40127
-132.37071
-132.34013
-132.30953
-132.27891
-132.24828
-132.21764
-132.18697
-132.15629
-132.12560
-132.09488
-132.06416
-132.03341
-132.00265
-131.97187
-131.94107
-131.91026
-131.87943
-131.84858
-131.81772
-131.78684
-131.75595
-131.72504
-131.69411
-131.66317
-131.63221
-131.60123
-131.57024
-131.53923
-131.50820
-131.47716
-131.44610
-131.41503
-131.38394
-131.35283
-131.32170
-131.29057
-131.25941
-131.22824
-131.19705
-131.16584
-131.13462
-131.10339
-131.07213
-131.04086
-131.00958
-130.97828
-130.94696
-130.91563
-130.88428
-130.85291
-130.82153
-130.79013
-130.75872
-130.72729
-130.69584
-130.66438
-130.63290
-130.60141
-130.56990
-130.53838
-130.50683
-130.47528
-130.44370
-130.41211
-130.38051
-130.34889
-130.31725
-130.28560
-130.25393
-130.22225
-130.19055
-130.15883
-130.12710
-130.09535
-130.06359
-130.03181
-130.00002
-129.96821
-129.93638
-129.90454
-129.87269
-129.84081
-129.80893
-129.77702
-129.74510
-129.71317
-129.68122
-129.64925
-129.61727
-129.58527
-129.55326
-129.52123
-129.48919
-129.45713
-129.42505
-129.39296
-129.36086
-129.32874
-129.29660
-129.26445
-129.23228
-129.20010
-129.16790
-129.13569
-129.10346
-129.07122
-129.03896
-129.00668
-128.97439
-128.94209
-128.90977
-128.87743
-128.84508
-128.81271
-128.78033
-128.74794
-128.71553
-128.68310
-128.65066
-128.61820
-128.58573
-128.55324
-128.52074
-128.48822
-128.45569
-128.42314
-128.39058
-128.35800
-128.32540
-128.29280
-128.26017
-128.22754
-128.19488
-128.16221
-128.12953
-128.09683
-128.06412
-128.03139
-127.99865
-127.96589
-127.93312
-127.90033
-127.86753
-127.83471
-127.80188
-127.76903
-127.73617
-127.70330
-127.67041
-127.63750
-127.60458
-127.57164
-127.53869
-127.50573
-127.47275
-127.43975
-127.40675
-127.37372
-127.34068
-127.30763
-127.27456
-127.24148
-127.20838
-127.17527
-127.14215
-127.10901
-127.07585
-127.04268
-127.00950
-126.97630
-126.94308
-126.90986
-126.87661
-126.84336
-126.81008
-126.77680
-126.74350
-126.71018
-126.67686
-126.64351
-126.61015
-126.57678
-126.54339
-126.50999
-126.47658
-126.44315
-126.40970
-126.37625
-126.34277
-126.30929
-126.27579
-126.24227
-126.20874
-126.17520
-126.14164
-126.10807
-126.07448
-126.04088
-126.00726
-125.97363
-125.93999
-125.90633
-125.87266
-125.83898
-125.80528
-125.77156
-125.73783
-125.70409
-125.67034
-125.63657
-125.60278
-125.56898
-125.53517
-125.50135
-125.46751
-125.43365
-125.39978
-125.36590
-125.33201
-125.29810
-125.26417
-125.23023
-125.19628
-125.16232
-125.12834
-125.09434
-125.06034
-125.02632
-124.99228
-124.95823
-124.92417
-124.89009
-124.85600
-124.82190
-124.78778
-124.75365
-124.71951
-124.68535
-124.65118
-124.61699
-124.58279
-124.54858
-124.51435
-124.48011
-124.44585
-124.41159
-124.37731
-124.34301
-124.30870
-124.27438
-124.24004
-124.20569
-124.17133
-124.13695
-124.10256
-124.06816
-124.03374
-123.99931
-123.96487
-123.93041
-123.89594
-123.86146
-123.82696
-123.79245
-123.75792
-123.72339
-123.68883
-123.65427
-123.61969
-123.58510
-123.55050
-123.51588
-123.48125
-123.44660
-123.41194
-123.37727
-123.34259
-123.30789
-123.27318
-123.23845
-123.20372
-123.16897
-123.13420
-123.09943
-123.06464
-123.02983
-122.99502
-122.96019
-122.92534
-122.89049
-122.85562
-122.82074
-122.78584
-122.75093
-122.71601
-122.68108
-122.64613
-122.61117
-122.57620
-122.54121
-122.50621
-122.47120
-122.43617
-122.40113
-122.36608
-122.33102
-122.29594
-122.26085
-122.22575
-122.19063
-122.15550
-122.12036
-122.08521
-122.05004
-122.01486
-121.97967
-121.94446
-121.90924
-121.87401
-121.83877
-121.80351
-121.76824
-121.73296
-121.69766
-121.66235
-121.62703
-121.59170
-121.55635
-121.52100
-121.48562
-121.45024
-121.41484
-121.37943
-121.34401
-121.30858
-121.27313
-121.23767
-121.20220
-121.16671
-121.13121
-121.09570
-121.06018
-121.02465
-120.98910
-120.95354
-120.91797
-120.88238
-120.84678
-120.81117
-120.77555
-120.73991
-120.70427
-120.66861
-120.63293
-120.59725
-120.56155
-120.52584
-120.49012
-120.45439
-120.41864
-120.38288
-120.34711
-120.31133
-120.27553
-120.23972
-120.20390
-120.16807
-120.13222
-120.09637
-120.06050
-120.02462
-119.98872
-119.95282
-119.91690
-119.88097
-119.84502
-119.80907
-119.77310
-119.73712
-119.70113
-119.66513
-119.62911
-119.59308
-119.55704
-119.52099
-119.48493
-119.44885
-119.41276
-119.37666
-119.34055
-119.30443
-119.26829
-119.23214
-119.19598
-119.15981
-119.12363
-119.08743
-119.05122
-119.01500
-118.97877
-118.94253
-118.90627
-118.87000
-118.83372
-118.79743
-118.76113
-118.72481
-118.68849
-118.65215
-118.61580
-118.57943
-118.54306
-118.50667
-118.47028
-118.43387
-118.39744
-118.36101
-118.32457
-118.28811
-118.25164
-118.21516
-118.17867
-118.14217
-118.10565
-118.06912
-118.03259
-117.99604
-117.95947
-117.92290
-117.88631
-117.84972
-117.81311
-117.77649
-117.73986
-117.70322
-117.66656
-117.62989
-117.59322
-117.55653
-117.51983
-117.48311
-117.44639
-117.40966
-117.37291
-117.33615
-117.29938
-117.26260
-117.22581
-117.18900
-117.15219
-117.11536
-117.07852
-117.04167
-117.00481
-116.96794
-116.93106
-116.89416
-116.85725
-116.82034
-116.78341
-116.74647
-116.70952
-116.67255
-116.63558
-116.59859
-116.56160
-116.52459
-116.48757
-116.45054
-116.41350
-116.37644
-116.33938
-116.30230
-116.26522
-116.22812
-116.19101
-116.15389
-116.11676
-116.07961
-116.04246
-116.00530
-115.96812
-115.93093
-115.89374
-115.85653
-115.81931
-115.78208
-115.74483
-115.70758
-115.67032
-115.63304
-115.59575
-115.55846
-115.52115
-115.48383
-115.44650
-115.40916
-115.37180
-115.33444
-115.29707
-115.25968
-115.22229
-115.18488
-115.14746
-115.11003
-115.07259
-115.03514
-114.99768
-114.96021
-114.92273
-114.88523
-114.84773
-114.81021
-114.77269
-114.73515
-114.69760
-114.66004
-114.62247
-114.58489
-114.54730
-114.50970
-114.47209
-114.43446
-114.39683
-114.35918
-114.32153
-114.28386
-114.24619
-114.20850
-114.17080
-114.13309
-114.09537
-114.05764
-114.01990
-113.98215
-113.94439
-113.90662
-113.86883
-113.83104
-113.79324
-113.75542
-113.71760
-113.67976
-113.64192
-113.60406
-113.56619
-113.52831
-113.49043
-113.45253
-113.41462
-113.37670
-113.33877
-113.30083
-113.26288
-113.22491
-113.18694
-113.14896
-113.11097
-113.07296
-113.03495
-112.99693
-112.95889
-112.92085
-112.88279
-112.84473
-112.80665
-112.76857
-112.73047
-112.69236
-112.65425
-112.61612
-112.57798
-112.53983
-112.50168
-112.46351
-112.42533
-112.38714
-112.34894
-112.31073
-112.27251
-112.23428
-112.19604
-112.15779
-112.11953
-112.08126
-112.04298
-112.00469
-111.96639
-111.92808
-111.88976
-111.85143
-111.81309
-111.77474
-111.73638
-111.69800
-111.65962
-111.62123
-111.58283
-111.54442
-111.50600
-111.46756
-111.42912
-111.39067
-111.35221
-111.31374
-111.27526
-111.23676
-111.19826
-111.15975
-111.12123
-111.08270
-111.04416
-111.00560
-110.96704
-110.92847
-110.88989
-110.85130
-110.81270
-110.77409
-110.73547
-110.69684
-110.65820
-110.61955
-110.58089
-110.54222
-110.50354
-110.46485
-110.42615
-110.38744
-110.34872
-110.30999
-110.27126
-110.23251
-110.19375
-110.15498
-110.11621
-110.07742
-110.03862
-109.99982
-109.96100
-109.92217
-109.88334
-109.84449
-109.80564
-109.76677
-109.72790
-109.68902
-109.65012
-109.61122
-109.57231
-109.53339
-109.49445
-109.45551
-109.41656
-109.37760
-109.33863
-109.29965
-109.26066
-109.22166
-109.18266
-109.14364
-109.10461
-109.06557
-109.02653
-108.98747
-108.94841
-108.90933
-108.87025
-108.83115
-108.79205
-108.75294
-108.71382
-108.67469
-108.63555
-108.59639
-108.55724
-108.51807
-108.47889
-108.43970
-108.40050
-108.36130
-108.32208
-108.28286
-108.24362
-108.20438
-108.16512
-108.12586
-108.08659
-108.04731
-108.00802
-107.96872
-107.92941
-107.89009
-107.85076
-107.81143
-107.77208
-107.73273
-107.69336
-107.65399
-107.61461
-107.57521
-107.53581
-107.49640
-107.45698
-107.41755
-107.37812
-107.33867
-107.29921
-107.25975
-107.22027
-107.18079
-107.14130
-107.10180
-107.06228
-107.02276
-106.98324
-106.94370
-106.90415
-106.86459
-106.82503
-106.78545
-106.74587
-106.70628
-106.66668
-106.62707
-106.58745
-106.54782
-106.50818
-106.46853
-106.42888
-106.38921
-106.34954
-106.30986
-106.27017
-106.23047
-106.19076
-106.15104
-106.11131
-106.07158
-106.03183
-105.99208
-105.95232
-105.91254
-105.87276
-105.83297
-105.79318
-105.75337
-105.71355
-105.67373
-105.63390
-105.59405
-105.55420
-105.51434
-105.47447
-105.43460
-105.39471
-105.35482
-105.31491
-105.27500
-105.23508
-105.19515
-105.15521
-105.11526
-105.07530
-105.03534
-104.99537
-104.95538
-104.91539
-104.87539
-104.83538
-104.79537
-104.75534
-104.71531
-104.67526
-104.63521
-104.59515
-104.55508
-104.51501
-104.47492
-104.43482
-104.39472
-104.35461
-104.31449
-104.27436
-104.23422
-104.19407
-104.15392
-104.11376
-104.07358
-104.03340
-103.99321
-103.95302
-103.91281
-103.87260
-103.83237
-103.79214
-103.75190
-103.71165
-103.67140
-103.63113
-103.59086
-103.55057
-103.51028
-103.46998
-103.42968
-103.38936
-103.34904
-103.30870
-103.26836
-103.22801
-103.18765
-103.14729
-103.10691
-103.06653
-103.02614
-102.98574
-102.94533
-102.90491
-102.86449
-102.82405
-102.78361
-102.74316
-102.70270
-102.66224
-102.62176
-102.58128
-102.54079
-102.50029
-102.45978
-102.41926
-102.37874
-102.33821
-102.29767
-102.25712
-102.21656
-102.17599
-102.13542
-102.09484
-102.05425
-102.01365
-101.97304
-101.93243
-101.89181
-101.85118
-101.81054
-101.76989
-101.72923
-101.68857
-101.64790
-101.60722
-101.56653
-101.52583
-101.48513
-101.44442
-101.40370
-101.36297
-101.32223
-101.28149
-101.24074
-101.19997
-101.15921
-101.11843
-101.07764
-101.03685
-100.99605
-100.95524
-100.91443
-100.87360
-100.83277
-100.79193
-100.75108
-100.71022
-100.66936
-100.62848
-100.58760
-100.54671
-100.50582
-100.46491
-100.42400
-100.38308
-100.34215
-100.30122
-100.26027
-100.21932
-100.17836
-100.13739
-100.09642
-100.05543
-100.01444
-99.97344
-99.93244
-99.89142
-99.85040
-99.80937
-99.76833
-99.72728
-99.68623
-99.64517
-99.60410
-99.56302
-99.52194
-99.48084
-99.43974
-99.39863
-99.35752
-99.31639
-99.27526
-99.23412
-99.19297
-99.15182
-99.11066
-99.06949
-99.02831
-98.98712
-98.94593
-98.90473
-98.86352
-98.82230
-98.78108
-98.73985
-98.69861
-98.65736
-98.61610
-98.57484
-98.53357
-98.49229
-98.45101
-98.40972
-98.36842
-98.32711
-98.28579
-98.24447
-98.20314
-98.16180
-98.12045
-98.07910
-98.03774
-97.99637
-97.95499
-97.91361
-97.87222
-97.83082
-97.78941
-97.74800
-97.70658
-97.66515
-97.62371
-97.58227
-97.54081
-97.49936
-97.45789
-97.41641
-97.37493
-97.33344
-97.29195
-97.25044
-97.20893
-97.16741
-97.12589
-97.08435
-97.04281
-97.00127
-96.95971
-96.91815
-96.87658
-96.83500
-96.79341
-96.75182
-96.71022
-96.66861
-96.62700
-96.58538
-96.54375
-96.50211
-96.46047
-96.41881
-96.37716
-96.33549
-96.29382
-96.25214
-96.21045
-96.16875
-96.12705
-96.08534
-96.04362
-96.00190
-95.96017
-95.91843
-95.87668
-95.83493
-95.79317
-95.75140
-95.70962
-95.66784
-95.62605
-95.58426
-95.54245
-95.50064
-95.45882
-95.41700
-95.37516
-95.33332
-95.29148
-95.24962
-95.20776
-95.16589
-95.12402
-95.08213
-95.04024
-94.99835
-94.95644
-94.91453
-94.87261
-94.83069
-94.78875
-94.74682
-94.70487
-94.66291
-94.62095
-94.57899
-94.53701
-94.49503
-94.45304
-94.41104
-94.36904
-94.32703
-94.28501
-94.24299
-94.20095
-94.15892
-94.11687
-94.07482
-94.03276
-93.99069
-93.94862
-93.90654
-93.86445
-93.82236
-93.78025
-93.73815
-93.69603
-93.65391
-93.61178
-93.56964
-93.52750
-93.48535
-93.44319
-93.40103
-93.35886
-93.31668
-93.27449
-93.23230
-93.19010
-93.14790
-93.10569
-93.06347
-93.02124
-92.97901
-92.93677
-92.89452
-92.85227
-92.81001
-92.76774
-92.72547
-92.68319
-92.64090
-92.59860
-92.55630
-92.51400
-92.47168
-92.42936
-92.38703
-92.34470
-92.30235
-92.26000
-92.21765
-92.17529
-92.13292
-92.09054
-92.04816
-92.00577
-91.96337
-91.92097
-91.87856
-91.83614
-91.79372
-91.75129
-91.70886
-91.66641
-91.62396
-91.58151
-91.53904
-91.49657
-91.45410
-91.41161
-91.36912
-91.32663
-91.28412
-91.24161
-91.19910
-91.15657
-91.11404
-91.07151
-91.02896
-90.98641
-90.94386
-90.90130
-90.85873
-90.81615
-90.77357
-90.73098
-90.68838
-90.64578
-90.60317
-90.56055
-90.51793
-90.47530
-90.43267
-90.39003
-90.34738
-90.30472
-90.26206
-90.21939
-90.17672
-90.13404
-90.09135
-90.04866
-90.00596
-89.96325
-89.92054
-89.87782
-89.83509
-89.79236
-89.74962
-89.70687
-89.66412
-89.62136
-89.57859
-89.53582
-89.49304
-89.45026
-89.40747
-89.36467
-89.32187
-89.27906
-89.23624
-89.19341
-89.15059
-89.10775
-89.06491
-89.02206
-88.97920
-88.93634
-88.89347
-88.85060
-88.80772
-88.76483
-88.72194
-88.67904
-88.63613
-88.59322
-88.55030
-88.50737
-88.46444
-88.42150
-88.37856
-88.33561
-88.29265
-88.24969
-88.20672
-88.16374
-88.12076
-88.07777
-88.03478
-87.99178
-87.94877
-87.90576
-87.86274
-87.81971
-87.77668
-87.73364
-87.69060
-87.64755
-87.60449
-87.56143
-87.51836
-87.47528
-87.43220
-87.38911
-87.34601
-87.30291
-87.25981
-87.21669
-87.17357
-87.13045
-87.08732
-87.04418
-87.00104
-86.95789
-86.91473
-86.87157
-86.82840
-86.78522
-86.74204
-86.69885
-86.65566
-86.61246
-86.56926
-86.52604
-86.48283
-86.43960
-86.39637
-86.35314
-86.30989
-86.26665
-86.22339
-86.18013
-86.13686
-86.09359
-86.05031
-86.00703
-85.96374
-85.92044
-85.87714
-85.83383
-85.79051
-85.74719
-85.70387
-85.66053
-85.61719
-85.57385
-85.53050
-85.48714
-85.44378
-85.40041
-85.35703
-85.31365
-85.27026
-85.22687
-85.18347
-85.14007
-85.09665
-85.05324
-85.00981
-84.96638
-84.92295
-84.87951
-84.83606
-84.79261
-84.74915
-84.70568
-84.66221
-84.61874
-84.57525
-84.53177
-84.48827
-84.44477
-84.40126
-84.35775
-84.31423
-84.27071
-84.22718
-84.18365
-84.14010
-84.09656
-84.05300
-84.00944
-83.96588
-83.92231
-83.87873
-83.83515
-83.79156
-83.74796
-83.70436
-83.66076
-83.61715
-83.57353
-83.52991
-83.48628
-83.44264
-83.39900
-83.35535
-83.31170
-83.26804
-83.22438
-83.18071
-83.13703
-83.09335
-83.04966
-83.00597
-82.96227
-82.91857
-82.87486
-82.83114
-82.78742
-82.74369
-82.69996
-82.65622
-82.61247
-82.56872
-82.52497
-82.48120
-82.43744
-82.39366
-82.34988
-82.30610
-82.26231
-82.21851
-82.17471
-82.13090
-82.08709
-82.04327
-81.99944
-81.95561
-81.91178
-81.86793
-81.82409
-81.78023
-81.73638
-81.69251
-81.64864
-81.60476
-81.56088
-81.51700
-81.47310
-81.42921
-81.38530
-81.34139
-81.29748
-81.25356
-81.20963
-81.16570
-81.12176
-81.07782
-81.03387
-80.98991
-80.94595
-80.90199
-80.85802
-80.81404
-80.77006
-80.72607
-80.68208
-80.63808
-80.59407
-80.55006
-80.50605
-80.46203
-80.41800
-80.37397
-80.32993
-80.28589
-80.24184
-80.19778
-80.15372
-80.10966
-80.06559
-80.02151
-79.97743
-79.93334
-79.88925
-79.84515
-79.80105
-79.75694
-79.71282
-79.66870
-79.62457
-79.58044
-79.53631
-79.49216
-79.44802
-79.40386
-79.35971
-79.31554
-79.27137
-79.22720
-79.18302
-79.13883
-79.09464
-79.05044
-79.00624
-78.96203
-78.91782
-78.87360
-78.82938
-78.78515
-78.74091
-78.69668
-78.65243
-78.60818
-78.56392
-78.51966
-78.47539
-78.43112
-78.38685
-78.34256
-78.29827
-78.25398
-78.20968
-78.16538
-78.12107
-78.07675
-78.03243
-77.98811
-77.94378
-77.89944
-77.85510
-77.81075
-77.76640
-77.72204
-77.67768
-77.63331
-77.58894
-77.54456
-77.50017
-77.45578
-77.41139
-77.36699
-77.32258
-77.27817
-77.23376
-77.18933
-77.14491
-77.10048
-77.05604
-77.01160
-76.96715
-76.92270
-76.87824
-76.83378
-76.78931
-76.74483
-76.70035
-76.65587
-76.61138
-76.56689
-76.52239
-76.47788
-76.43337
-76.38886
-76.34433
-76.29981
-76.25528
-76.21074
-76.16620
-76.12165
-76.07710
-76.03254
-75.98798
-75.94341
-75.89884
-75.85426
-75.80968
-75.76509
-75.72050
-75.67590
-75.63130
-75.58669
-75.54208
-75.49746
-75.45283
-75.40820
-75.36357
-75.31893
-75.27428
-75.22963
-75.18498
-75.14032
-75.09565
-75.05098
-75.00631
-74.96163
-74.91694
-74.87225
-74.82756
-74.78286
-74.73815
-74.69344
-74.64872
-74.60400
-74.55927
-74.51454
-74.46981
-74.42507
-74.38032
-74.33557
-74.29081
-74.24605
-74.20128
-74.15651
-74.11173
-74.06695
-74.02217
-73.97737
-73.93258
-73.88777
-73.84297
-73.79816
-73.75334
-73.70852
-73.66369
-73.61886
-73.57402
-73.52918
-73.48433
-73.43948
-73.39462
-73.34976
-73.30489
-73.26002
-73.21514
-73.17026
-73.12537
-73.08048
-73.03559
-72.99068
-72.94578
-72.90087
-72.85595
-72.81103
-72.76610
-72.72117
-72.67623
-72.63129
-72.58635
-72.54139
-72.49644
-72.45148
-72.40651
-72.36154
-72.31656
-72.27158
-72.22660
-72.18161
-72.13661
-72.09161
-72.04661
-72.00159
-71.95658
-71.91156
-71.86653
-71.82151
-71.77647
-71.73143
-71.68639
-71.64134
-71.59628
-71.55122
-71.50616
-71.46109
-71.41602
-71.37094
-71.32586
-71.28077
-71.23568
-71.19058
-71.14548
-71.10037
-71.05526
-71.01014
-70.96502
-70.91989
-70.87476
-70.82962
-70.78448
-70.73933
-70.69418
-70.64903
-70.60387
-70.55870
-70.51353
-70.46836
-70.42318
-70.37799
-70.33280
-70.28761
-70.24241
-70.19721
-70.15200
-70.10679
-70.06157
-70.01635
-69.97112
-69.92589
-69.88065
-69.83541
-69.79016
-69.74491
-69.69965
-69.65439
-69.60913
-69.56386
-69.51858
-69.47330
-69.42802
-69.38273
-69.33744
-69.29214
-69.24684
-69.20153
-69.15621
-69.11090
-69.06558
-69.02025
-68.97492
-68.92958
-68.88424
-68.83889
-68.79354
-68.74819
-68.70283
-68.65747
-68.61210
-68.56672
-68.52135
-68.47596
-68.43057
-68.38518
-68.33979
-68.29438
-68.24898
-68.20357
-68.15815
-68.11273
-68.06731
-68.02188
-67.97644
-67.93100
-67.88556
-67.84011
-67.79466
-67.74920
-67.70374
-67.65828
-67.61280
-67.56733
-67.52185
-67.47636
-67.43087
-67.38538
-67.33988
-67.29438
-67.24887
-67.20336
-67.15784
-67.11232
-67.06679
-67.02126
-66.97573
-66.93019
-66.88464
-66.83909
-66.79354
-66.74798
-66.70242
-66.65685
-66.61128
-66.56570
-66.52012
-66.47453
-66.42894
-66.38335
-66.33775
-66.29215
-66.24654
-66.20092
-66.15531
-66.10969
-66.06406
-66.01843
-65.97279
-65.92715
-65.88151
-65.83586
-65.79021
-65.74455
-65.69888
-65.65322
-65.60755
-65.56187
-65.51619
-65.47050
-65.42481
-65.37912
-65.33342
-65.28772
-65.24201
-65.19630
-65.15058
-65.10486
-65.05914
-65.01341
-64.96767
-64.92193
-64.87619
-64.83044
-64.78469
-64.73893
-64.69317
-64.64741
-64.60164
-64.55586
-64.51008
-64.46430
-64.41851
-64.37272
-64.32692
-64.28112
-64.23532
-64.18951
-64.14369
-64.09787
-64.05205
-64.00622
-63.96039
-63.91456
-63.86871
-63.82287
-63.77702
-63.73117
-63.68531
-63.63944
-63.59358
-63.54771
-63.50183
-63.45595
-63.41006
-63.36418
-63.31828
-63.27238
-63.22648
-63.18058
-63.13466
-63.08875
-63.04283
-62.99691
-62.95098
-62.90504
-62.85911
-62.81317
-62.76722
-62.72127
-62.67531
-62.62936
-62.58339
-62.53743
-62.49145
-62.44548
-62.39950
-62.35351
-62.30752
-62.26153
-62.21553
-62.16953
-62.12352
-62.07751
-62.03150
-61.98548
-61.93945
-61.89343
-61.84739
-61.80136
-61.75532
-61.70927
-61.66322
-61.61717
-61.57111
-61.52505
-61.47898
-61.43291
-61.38683
-61.34075
-61.29467
-61.24858
-61.20249
-61.15639
-61.11029
-61.06419
-61.01808
-60.97196
-60.92585
-60.87972
-60.83360
-60.78747
-60.74133
-60.69519
-60.64905
-60.60290
-60.55675
-60.51059
-60.46443
-60.41827
-60.37210
-60.32593
-60.27975
-60.23357
-60.18738
-60.14119
-60.09500
-60.04880
-60.00260
-59.95639
-59.91018
-59.86396
-59.81774
-59.77152
-59.72529
-59.67906
-59.63282
-59.58658
-59.54034
-59.49409
-59.44784
-59.40158
-59.35532
-59.30905
-59.26278
-59.21651
-59.17023
-59.12395
-59.07766
-59.03137
-58.98508
-58.93878
-58.89248
-58.84617
-58.79986
-58.75354
-58.70722
-58.66090
-58.61457
-58.56824
-58.52190
-58.47556
-58.42922
-58.38287
-58.33652
-58.29016
-58.24380
-58.19743
-58.15106
-58.10469
-58.05831
-58.01193
-57.96554
-57.91915
-57.87276
-57.82636
-57.77996
-57.73355
-57.68714
-57.64073
-57.59431
-57.54789
-57.50146
-57.45503
-57.40859
-57.36215
-57.31571
-57.26926
-57.22281
-57.17636
-57.12990
-57.08343
-57.03696
-56.99049
-56.94402
-56.89754
-56.85105
-56.80456
-56.75807
-56.71158
-56.66507
-56.61857
-56.57206
-56.52555
-56.47903
-56.43251
-56.38599
-56.33946
-56.29293
-56.24639
-56.19985
-56.15330
-56.10675
-56.06020
-56.01364
-55.96708
-55.92052
-55.87395
-55.82737
-55.78080
-55.73422
-55.68763
-55.64104
-55.59445
-55.54785
-55.50125
-55.45464
-55.40803
-55.36142
-55.31480
-55.26818
-55.22156
-55.17493
-55.12829
-55.08166
-55.03502
-54.98837
-54.94172
-54.89507
-54.84841
-54.80175
-54.75508
-54.70841
-54.66174
-54.61506
-54.56838
-54.52170
-54.47501
-54.42831
-54.38162
-54.33492
-54.28821
-54.24150
-54.19479
-54.14807
-54.10135
-54.05463
-54.00790
-53.96116
-53.91443
-53.86769
-53.82094
-53.77419
-53.72744
-53.68068
-53.63392
-53.58716
-53.54039
-53.49362
-53.44684
-53.40006
-53.35328
-53.30649
-53.25970
-53.21290
-53.16610
-53.11930
-53.07249
-53.02568
-52.97887
-52.93205
-52.88522
-52.83840
-52.79157
-52.74473
-52.69789
-52.65105
-52.60420
-52.55735
-52.51050
-52.46364
-52.41678
-52.36991
-52.32304
-52.27617
-52.22929
-52.18241
-52.13552
-52.08863
-52.04174
-51.99484
-51.94794
-51.90104
-51.85413
-51.80721
-51.76030
-51.71338
-51.66645
-51.61953
-51.57259
-51.52566
-51.47872
-51.43177
-51.38483
-51.33788
-51.29092
-51.24396
-51.19700
-51.15003
-51.10306
-51.05609
-51.00911
-50.96213
-50.91514
-50.86815
-50.82116
-50.77416
-50.72716
-50.68015
-50.63315
-50.58613
-50.53912
-50.49210
-50.44507
-50.39804
-50.35101
-50.30398
-50.25694
-50.20989
-50.16285
-50.11580
-50.06874
-50.02168
-49.97462
-49.92755
-49.88048
-49.83341
-49.78633
-49.73925
-49.69217
-49.64508
-49.59798
-49.55089
-49.50379
-49.45668
-49.40958
-49.36246
-49.31535
-49.26823
-49.22111
-49.17398
-49.12685
-49.07972
-49.03258
-48.98544
-48.93829
-48.89114
-48.84399
-48.79683
-48.74967
-48.70251
-48.65534
-48.60817
-48.56099
-48.51381
-48.46663
-48.41944
-48.37225
-48.32506
-48.27786
-48.23066
-48.18345
-48.13624
-48.08903
-48.04181
-47.99459
-47.94737
-47.90014
-47.85291
-47.80567
-47.75843
-47.71119
-47.66394
-47.61669
-47.56944
-47.52218
-47.47492
-47.42765
-47.38038
-47.33311
-47.28583
-47.23855
-47.19127
-47.14398
-47.09669
-47.04939
-47.00210
-46.95479
-46.90749
-46.86018
-46.81286
-46.76555
-46.71823
-46.67090
-46.62357
-46.57624
-46.52890
-46.48156
-46.43422
-46.38688
-46.33952
-46.29217
-46.24481
-46.19745
-46.15009
-46.10272
-46.05534
-46.00797
-45.96059
-45.91320
-45.86582
-45.81843
-45.77103
-45.72363
-45.67623
-45.62883
-45.58142
-45.53400
-45.48659
-45.43917
-45.39174
-45.34432
-45.29688
-45.24945
-45.20201
-45.15457
-45.10712
-45.05967
-45.01222
-44.96476
-44.91730
-44.86984
-44.82237
-44.77490
-44.72743
-44.67995
-44.63247
-44.58498
-44.53749
-44.49000
-44.44250
-44.39500
-44.34750
-44.29999
-44.25248
-44.20496
-44.15744
-44.10992
-44.06240
-44.01487
-43.96733
-43.91980
-43.87226
-43.82471
-43.77717
-43.72962
-43.68206
-43.63450
-43.58694
-43.53938
-43.49181
-43.44423
-43.39666
-43.34908
-43.30150
-43.25391
-43.20632
-43.15872
-43.11113
-43.06352
-43.01592
-42.96831
-42.92070
-42.87308
-42.82546
-42.77784
-42.73022
-42.68259
-42.63495
-42.58732
-42.53967
-42.49203
-42.44438
-42.39673
-42.34908
-42.30142
-42.25376
-42.20609
-42.15842
-42.11075
-42.06307
-42.01539
-41.96771
-41.92002
-41.87233
-41.82464
-41.77694
-41.72924
-41.68153
-41.63383
-41.58611
-41.53840
-41.49068
-41.44296
-41.39523
-41.34750
-41.29977
-41.25203
-41.20429
-41.15655
-41.10880
-41.06105
-41.01330
-40.96554
-40.91778
-40.87001
-40.82224
-40.77447
-40.72670
-40.67892
-40.63113
-40.58335
-40.53556
-40.48777
-40.43997
-40.39217
-40.34437
-40.29656
-40.24875
-40.20093
-40.15312
-40.10530
-40.05747
-40.00964
-39.96181
-39.91398
-39.86614
-39.81830
-39.77045
-39.72260
-39.67475
-39.62689
-39.57903
-39.53117
-39.48330
-39.43543
-39.38756
-39.33968
-39.29180
-39.24392
-39.19603
-39.14814
-39.10024
-39.05235
-39.00445
-38.95654
-38.90863
-38.86072
-38.81280
-38.76489
-38.71696
-38.66904
-38.62111
-38.57318
-38.52524
-38.47730
-38.42936
-38.38141
-38.33346
-38.28551
-38.23755
-38.18959
-38.14163
-38.09366
-38.04569
-37.99771
-37.94974
-37.90175
-37.85377
-37.80578
-37.75779
-37.70980
-37.66180
-37.61380
-37.56579
-37.51778
-37.46977
-37.42175
-37.37374
-37.32571
-37.27769
-37.22966
-37.18162
-37.13359
-37.08555
-37.03751
-36.98946
-36.94141
-36.89336
-36.84530
-36.79724
-36.74918
-36.70111
-36.65304
-36.60496
-36.55689
-36.50881
-36.46072
-36.41263
-36.36454
-36.31645
-36.26835
-36.22025
-36.17215
-36.12404
-36.07593
-36.02781
-35.97969
-35.93157
-35.88345
-35.83532
-35.78719
-35.73905
-35.69091
-35.64277
-35.59462
-35.54647
-35.49832
-35.45017
-35.40201
-35.35385
-35.30568
-35.25751
-35.20934
-35.16116
-35.11298
-35.06480
-35.01661
-34.96842
-34.92023
-34.87203
-34.82383
-34.77563
-34.72743
-34.67922
-34.63100
-34.58279
-34.53457
-34.48634
-34.43812
-34.38989
-34.34165
-34.29342
-34.24517
-34.19693
-34.14868
-34.10043
-34.05218
-34.00392
-33.95566
-33.90740
-33.85913
-33.81086
-33.76259
-33.71431
-33.66603
-33.61775
-33.56946
-33.52117
-33.47287
-33.42458
-33.37628
-33.32797
-33.27967
-33.23135
-33.18304
-33.13472
-33.08640
-33.03808
-32.98975
-32.94142
-32.89309
-32.84475
-32.79641
-32.74806
-32.69972
-32.65137
-32.60301
-32.55465
-32.50629
-32.45793
-32.40956
-32.36119
-32.31282
-32.26444
-32.21606
-32.16767
-32.11929
-32.07090
-32.02250
-31.97410
-31.92570
-31.87730
-31.82889
-31.78048
-31.73207
-31.68365
-31.63523
-31.58681
-31.53838
-31.48995
-31.44151
-31.39308
-31.34464
-31.29619
-31.24775
-31.19930
-31.15084
-31.10239
-31.05393
-31.00546
-30.95699
-30.90852
-30.86005
-30.81157
-30.76309
-30.71461
-30.66612
-30.61763
-30.56914
-30.52064
-30.47214
-30.42364
-30.37513
-30.32663
-30.27811
-30.22960
-30.18108
-30.13255
-30.08403
-30.03550
-29.98697
-29.93843
-29.88989
-29.84135
-29.79280
-29.74425
-29.69570
-29.64714
-29.59859
-29.55002
-29.50146
-29.45289
-29.40432
-29.35574
-29.30716
-29.25858
-29.21000
-29.16141
-29.11282
-29.06422
-29.01562
-28.96702
-28.91842
-28.86981
-28.82120
-28.77258
-28.72397
-28.67534
-28.62672
-28.57809
-28.52946
-28.48083
-28.43219
-28.38355
-28.33491
-28.28626
-28.23761
-28.18896
-28.14030
-28.09164
-28.04298
-27.99431
-27.94564
-27.89697
-27.84829
-27.79961
-27.75093
-27.70224
-27.65355
-27.60486
-27.55616
-27.50747
-27.45876
-27.41006
-27.36135
-27.31264
-27.26392
-27.21520
-27.16648
-27.11776
-27.06903
-27.02030
-26.97156
-26.92283
-26.87408
-26.82534
-26.77659
-26.72784
-26.67909
-26.63033
-26.58157
-26.53281
-26.48404
-26.43527
-26.38650
-26.33772
-26.28894
-26.24016
-26.19137
-26.14258
-26.09379
-26.04500
-25.99620
-25.94740
-25.89859
-25.84978
-25.80097
-25.75215
-25.70334
-25.65452
-25.60569
-25.55686
-25.50803
-25.45920
-25.41036
-25.36152
-25.31268
-25.26383
-25.21498
-25.16613
-25.11727
-25.06841
-25.01955
-24.97068
-24.92181
-24.87294
-24.82406
-24.77518
-24.72630
-24.67742
-24.62853
-24.57964
-24.53074
-24.48184
-24.43294
-24.38404
-24.33513
-24.28622
-24.23731
-24.18839
-24.13947
-24.09054
-24.04162
-23.99269
-23.94376
-23.89482
-23.84588
-23.79694
-23.74799
-23.69904
-23.65009
-23.60114
-23.55218
-23.50321
-23.45425
-23.40528
-23.35631
-23.30734
-23.25836
-23.20938
-23.16039
-23.11141
-23.06242
-23.01342
-22.96443
-22.91543
-22.86643
-22.81742
-22.76841
-22.71940
-22.67038
-22.62136
-22.57234
-22.52332
-22.47429
-22.42526
-22.37622
-22.32719
-22.27815
-22.22910
-22.18006
-22.13101
-22.08195
-22.03290
-21.98384
-21.93477
-21.88571
-21.83664
-21.78757
-21.73849
-21.68941
-21.64033
-21.59125
-21.54216
-21.49307
-21.44397
-21.39488
-21.34578
-21.29667
-21.24756
-21.19846
-21.14934
-21.10023
-21.05111
-21.00198
-20.95286
-20.90373
-20.85460
-20.80546
-20.75633
-20.70718
-20.65804
-20.60889
-20.55974
-20.51059
-20.46143
-20.41227
-20.36311
-20.31394
-20.26477
-20.21560
-20.16642
-20.11725
-20.06806
-20.01888
-19.96969
-19.92050
-19.87131
-19.82211
-19.77291
-19.72370
-19.67450
-19.62529
-19.57607
-19.52686
-19.47764
-19.42842
-19.37919
-19.32996
-19.28073
-19.23150
-19.18226
-19.13302
-19.08377
-19.03453
-18.98528
-18.93602
-18.88677
-18.83751
-18.78824
-18.73898
-18.68971
-18.64044
-18.59116
-18.54188
-18.49260
-18.44332
-18.39403
-18.34474
-18.29544
-18.24615
-18.19685
-18.14754
-18.09824
-18.04893
-17.99962
-17.95030
-17.90098
-17.85166
-17.80234
-17.75301
-17.70368
-17.65434
-17.60501
-17.55567
-17.50632
-17.45698
-17.40763
-17.35828
-17.30892
-17.25956
-17.21020
-17.16083
-17.11147
-17.06210
-17.01272
-16.96334
-16.91396
-16.86458
-16.81519
-16.76580
-16.71641
-16.66702
-16.61762
-16.56822
-16.51881
-16.46940
-16.41999
-16.37058
-16.32116
-16.27174
-16.22232
-16.17289
-16.12346
-16.07403
-16.02459
-15.97515
-15.92571
-15.87627
-15.82682
-15.77737
-15.72791
-15.67846
-15.62900
-15.57953
-15.53007
-15.48060
-15.43113
-15.38165
-15.33217
-15.28269
-15.23321
-15.18372
-15.13423
-15.08473
-15.03524
-14.98574
-14.93623
-14.88673
-14.83722
-14.78771
-14.73819
-14.68867
-14.63915
-14.58963
-14.54010
-14.49057
-14.44104
-14.39150
-14.34196
-14.29242
-14.24287
-14.19332
-14.14377
-14.09422
-14.04466
-13.99510
-13.94553
-13.89597
-13.84640
-13.79682
-13.74725
-13.69767
-13.64809
-13.59850
-13.54891
-13.49932
-13.44973
-13.40013
-13.35053
-13.30092
-13.25132
-13.20171
-13.15210
-13.10248
-13.05286
-13.00324
-12.95361
-12.90399
-12.85436
-12.80472
-12.75508
-12.70544
-12.65580
-12.60616
-12.55651
-12.50685
-12.45720
-12.40754
-12.35788
-12.30822
-12.25855
-12.20888
-12.15921
-12.10953
-12.05985
-12.01017
-11.96048
-11.91079
-11.86110
-11.81141
-11.76171
-11.71201
-11.66231
-11.61260
-11.56289
-11.51318
-11.46346
-11.41374
-11.36402
-11.31430
-11.26457
-11.21484
-11.16510
-11.11537
-11.06563
-11.01589
-10.96614
-10.91639
-10.86664
-10.81688
-10.76713
-10.71737
-10.66760
-10.61783
-10.56807
-10.51829
-10.46852
-10.41874
-10.36896
-10.31917
-10.26938
-10.21959
-10.16980
-10.12000
-10.07020
-10.02040
-9.97059
-9.92078
-9.87097
-9.82116
-9.77134
-9.72152
-9.67169
-9.62187
-9.57204
-9.52220
-9.47237
-9.42253
-9.37269
-9.32284
-9.27299
-9.22314
-9.17329
-9.12343
-9.07357
-9.02371
-8.97384
-8.92397
-8.87410
-8.82423
-8.77435
-8.72447
-8.67459
-8.62470
-8.57481
-8.52492
-8.47502
-8.42512
-8.37522
-8.32531
-8.27541
-8.22550
-8.17558
-8.12567
-8.07575
-8.02582
-7.97590
-7.92597
-7.87604
-7.82610
-7.77616
-7.72622
-7.67628
-7.62633
-7.57638
-7.52643
-7.47648
-7.42652
-7.37656
-7.32659
-7.27662
-7.22665
-7.17668
-7.12670
-7.07672
-7.02674
-6.97676
-6.92677
-6.87678
-6.82678
-6.77679
-6.72679
-6.67678
-6.62678
-6.57677
-6.52676
-6.47674
-6.42672
-6.37670
-6.32668
-6.27665
-6.22662
-6.17659
-6.12655
-6.07651
-6.02647
-5.97643
-5.92638
-5.87633
-5.82628
-5.77622
-5.72616
-5.67610
-5.62603
-5.57596
-5.52589
-5.47582
-5.42574
-5.37566
-5.32558
-5.27549
-5.22540
-5.17531
-5.12521
-5.07512
-5.02501
-4.97491
-4.92480
-4.87469
-4.82458
-4.77446
-4.72435
-4.67422
-4.62410
-4.57397
-4.52384
-4.47371
-4.42357
-4.37343
-4.32329
-4.27314
-4.22300
-4.17284
-4.12269
-4.07253
-4.02237
-3.97221
-3.92204
-3.87187
-3.82170
-3.77153
-3.72135
-3.67117
-3.62099
-3.57080
-3.52061
-3.47042
-3.42022
-3.37002
-3.31982
-3.26962
-3.21941
-3.16920
-3.11899
-3.06877
-3.01855
-2.96833
-2.91810
-2.86788
-2.81765
-2.76741
-2.71717
-2.66694
-2.61669
-2.56645
-2.51620
-2.46595
-2.41569
-2.36544
-2.31518
-2.26491
-2.21465
-2.16438
-2.11410
-2.06383
-2.01355
-1.96327
-1.91299
-1.86270
-1.81241
-1.76212
-1.71182
-1.66152
-1.61122
-1.56092
-1.51061
-1.46030
-1.40999
-1.35967
-1.30935
-1.25903
-1.20871
-1.15838
-1.10805
-1.05772
-1.00738
-0.95704
-0.90670
-0.85635
-0.80600
-0.75565
-0.70530
-0.65494
-0.60458
-0.55422
-0.50385
-0.45348
-0.40311
-0.35274
-0.30236
-0.25198
-0.20160
-0.15121
-0.10082
-0.05043
-0.00003
0.05036
0.10076
0.15117
0.20157
0.25198
0.30240
0.35281
0.40323
0.45365
0.50408
0.55450
0.60493
0.65537
0.70580
0.75624
0.80668
0.85713
0.90757
0.95802
1.00848
1.05893
1.10939
1.15986
1.21032
1.26079
1.31126
1.36173
1.41221
1.46269
1.51317
1.56366
1.61415
1.66464
1.71513
1.76563
1.81613
1.86663
1.91714
1.96765
2.01816
2.06867
2.11919
2.16971
2.22023
2.27076
2.32129
2.37182
2.42235
2.47289
2.52343
2.57398
2.62452
2.67507
2.72562
2.77618
2.82674
2.87730
2.92786
2.97843
3.02900
3.07957
3.13015
3.18073
3.23131
3.28189
3.33248
3.38307
3.43366
3.48426
3.53486
3.58546
3.63606
3.68667
3.73728
3.78789
3.83851
3.88913
3.93975
3.99037
4.04100
4.09163
4.14227
4.19290
4.24354
4.29418
4.34483
4.39548
4.44613
4.49678
4.54744
4.59810
4.64876
4.69942
4.75009
4.80076
4.85144
4.90211
4.95279
5.00348
5.05416
5.10485
5.15554
5.20624
5.25693
5.30763
5.35834
5.40904
5.45975
5.51046
5.56118
5.61189
5.66261
5.71334
5.76406
5.81479
5.86552
5.91626
5.96699
6.01774
6.06848
6.11922
6.16997
6.22073
6.27148
6.32224
6.37300
6.42376
6.47453
6.52530
6.57607
6.62684
6.67762
6.72840
6.77919
6.82997
6.88076
6.93155
6.98235
7.03315
7.08395
7.13475
7.18556
7.23637
7.28718
7.33800
7.38881
7.43964
7.49046
7.54129
7.59212
7.64295
7.69378
7.74462
7.79546
7.84631
7.89715
7.94800
7.99886
8.04971
8.10057
8.15143
8.20230
8.25316
8.30403
8.35491
8.40578
8.45666
8.50754
8.55843
8.60931
8.66020
8.71110
8.76199
8.81289
8.86379
8.91470
8.96560
9.01651
9.06743
9.11834
9.16926
9.22018
9.27111
9.32203
9.37296
9.42390
9.47483
9.52577
9.57671
9.62766
9.67861
9.72956
9.78051
9.83146
9.88242
9.93338
9.98435
10.03532
10.08629
10.13726
10.18824
10.23922
10.29020
10.34118
10.39217
10.44316
10.49415
10.54515
10.59615
10.64715
10.69815
10.74916
10.80017
10.85119
10.90220
10.95322
11.00424
11.05527
11.10629
11.15732
11.20836
11.25939
11.31043
11.36147
11.41252
11.46357
11.51462
11.56567
11.61673
11.66779
11.71885
11.76991
11.82098
11.87205
11.92312
11.97420
12.02528
12.07636
12.12744
12.17853
12.22962
12.28072
12.33181
12.38291
12.43401
12.48512
12.53623
12.58734
12.63845
12.68956
12.74068
12.79181
12.84293
12.89406
12.94519
12.99632
13.04746
13.09860
13.14974
13.20088
13.25203
13.30318
13.35433
13.40549
13.45665
13.50781
13.55897
13.61014
13.66131
13.71248
13.76366
13.81484
13.86602
13.91721
13.96839
14.01958
14.07078
14.12197
14.17317
14.22437
14.27558
14.32678
14.37799
14.42921
14.48042
14.53164
14.58286
14.63409
14.68531
14.73654
14.78778
14.83901
14.89025
14.94149
14.99274
15.04398
15.09523
15.14649
15.19774
15.24900
15.30026
15.35153
15.40279
15.45406
15.50534
15.55661
15.60789
15.65917
15.71046
15.76174
15.81303
15.86432
15.91562
15.96692
16.01822
16.06952
16.12083
16.17214
16.22345
16.27477
16.32609
16.37741
16.42873
16.48006
16.53139
16.58272
16.63405
16.68539
16.73673
16.78808
16.83942
16.89077
16.94212
16.99348
17.04484
17.09620
17.14756
17.19893
17.25030
17.30167
17.35304
17.40442
17.45580
17.50719
17.55857
17.60996
17.66135
17.71275
17.76414
17.81555
17.86695
17.91835
17.96976
18.02117
18.07259
18.12401
18.17543
18.22685
18.27828
18.32970
18.38114
18.43257
18.48401
18.53545
18.58689
18.63834
18.68978
18.74124
18.79269
18.84415
18.89561
18.94707
18.99854
19.05000
19.10148
19.15295
19.20443
19.25591
19.30739
19.35887
19.41036
19.46185
19.51335
19.56484
19.61634
19.66784
19.71935
19.77086
19.82237
19.87388
19.92540
19.97692
20.02844
20.07997
20.13149
20.18302
20.23456
20.28609
20.33763
20.38917
20.44072
20.49227
20.54382
20.59537
20.64693
20.69848
20.75005
20.80161
20.85318
20.90475
20.95632
21.00790
21.05948
21.11106
21.16264
21.21423
21.26582
21.31741
21.36901
21.42060
21.47221
21.52381
21.57542
21.62703
21.67864
21.73025
21.78187
21.83349
21.88512
21.93674
21.98837
22.04001
22.09164
22.14328
22.19492
22.24656
22.29821
22.34986
22.40151
22.45317
22.50482
22.55648
22.60815
22.65981
22.71148
22.76315
22.81483
22.86651
22.91819
22.96987
23.02155
23.07324
23.12493
23.17663
23.22833
23.28003
23.33173
23.38343
23.43514
23.48685
23.53857
23.59028
