7.41224
7.41224
7.41224
7.41224
7.41224
7.41224
7.41223
7.41223
7.41223
7.41223
7.41223
7.41222
7.41222
7.41222
7.41221
7.41221
7.41220
7.41220
7.41219
7.41219
7.41218
7.41217
7.41217
7.41216
7.41215
7.41214
7.41213
7.41212
7.41211
7.41210
7.41209
7.41208
7.41207
7.41205
7.41204
7.41203
7.41201
7.41200
7.41198
7.41196
7.41195
7.41193
7.41191
7.41189
7.41187
7.41185
7.41183
7.41181
7.41179
7.41176
7.41174
7.41172
7.41169
7.41167
7.41164
7.41161
7.41158
7.41155
7.41152
7.41149
7.41146
7.41143
7.41140
7.41136
7.41133
7.41130
7.41126
7.41122
7.41118
7.41115
7.41111
7.41107
7.41103
7.41098
7.41094
7.41090
7.41085
7.41081
7.41076
7.41071
7.41066
7.41061
7.41056
7.41051
7.41046
7.41041
7.41035
7.41030
7.41024
7.41019
7.41013
7.41007
7.41001
7.40995
7.40989
7.40982
7.40976
7.40970
7.40963
7.40956
7.40949
7.40943
7.40936
7.40928
7.40921
7.40914
7.40907
7.40899
7.40891
7.40884
7.40876
7.40868
7.40860
7.40852
7.40843
7.40835
7.40826
7.40818
7.40809
7.40800
7.40791
7.40782
7.40773
7.40764
7.40754
7.40745
7.40735
7.40725
7.40716
7.40706
7.40696
7.40685
7.40675
7.40665
7.40654
7.40643
7.40633
7.40622
7.40611
7.40600
7.40588
7.40577
7.40566
7.40554
7.40542
7.40530
7.40518
7.40506
7.40494
7.40482
7.40469
7.40457
7.40444
7.40431
7.40418
7.40405
7.40392
7.40379
7.40365
7.40352
7.40338
7.40325
7.40311
7.40297
7.40282
7.40268
7.40254
7.40239
7.40225
7.40210
7.40195
7.40180
7.40165
7.40150
7.40134
7.40119
7.40103
7.40087
7.40072
7.40056
7.40039
7.40023
7.40007
7.39990
7.39974
7.39957
7.39940
7.39923
7.39906
7.39889
7.39871
7.39854
7.39836
7.39819
7.39801
7.39783
7.39765
7.39746
7.39728
7.39710
7.39691
7.39672
7.39653
7.39634
7.39615
7.39596
7.39577
7.39557
7.39538
7.39518
7.39498
7.39478
7.39458
7.39438
7.39418
7.39397
7.39377
7.39356
7.39335
7.39314
7.39293
7.39272
7.39250
7.39229
7.39207
7.39186
7.39164
7.39142
7.39120
7.39098
7.39076
7.39053
7.39031
7.39008
7.38985
7.38962
7.38939
7.38916
7.38893
7.38870
7.38846
7.38822
7.38799
7.38775
7.38751
7.38727
7.38703
7.38678
7.38654
7.38629
7.38605
7.38580
7.38555
7.38530
7.38505
7.38480
7.38454
7.38429
7.38403
7.38377
7.38352
7.38326
7.38300
7.38274
7.38247
7.38221
7.38194
7.38168
7.38141
7.38114
7.38087
7.38060
7.38033
7.38006
7.37978
7.37951
7.37923
7.37895
7.37868
7.37840
7.37812
7.37784
7.37755
7.37727
7.37698
7.37670
7.37641
7.37612
7.37583
7.37554
7.37525
7.37496
7.37467
7.37437
7.37408
7.37378
7.37349
7.37319
7.37289
7.37259
7.37229
7.37198
7.37168
7.37138
7.37107
7.37076
7.37046
7.37015
7.36984
7.36953
7.36922
7.36891
7.36859
7.36828
7.36796
7.36765
7.36733
7.36701
7.36670
7.36638
7.36606
7.36573
7.36541
7.36509
7.36476
7.36444
7.36411
7.36379
7.36346
7.36313
7.36280
7.36247
7.36214
7.36181
7.36147
7.36114
7.36081
7.36047
7.36013
7.35980
7.35946
7.35912
7.35878
7.35844
7.35810
7.35776
7.35742
7.35707
7.35673
7.35638
7.35604
7.35569
7.35534
7.35500
7.35465
7.35430
7.35395
7.35360
7.35324
7.35289
7.35254
7.35218
7.35183
7.35147
7.35112
7.35076
7.35040
7.35005
7.34969
7.34933
7.34897
7.34861
7.34825
7.34788
7.34752
7.34716
7.34680
7.34643
7.34607
7.34570
7.34533
7.34497
7.34460
7.34423
7.34386
7.34349
7.34312
7.34275
7.34238
7.34201
7.34164
7.34127
7.34089
7.34052
7.34015
7.33977
7.33940
7.33902
7.33865
7.33827
7.33789
7.33752
7.33714
7.33676
7.33638
7.33600
7.33562
7.33524
7.33486
7.33448
7.33410
7.33372
7.33334
7.33295
7.33257
7.33219
7.33180
7.33142
7.33104
7.33065
7.33027
7.32988
7.32949
7.32911
7.32872
7.32834
7.32795
7.32756
7.32717
7.32679
7.32640
7.32601
7.32562
7.32523
7.32484
7.32445
7.32406
7.32367
7.32328
7.32289
7.32250
7.32211
7.32172
7.32133
7.32094
7.32055
7.32016
7.31976
7.31937
7.31898
7.31859
7.31820
7.31780
7.31741
7.31702
7.31663
7.31623
7.31584
7.31545
7.31505
7.31466
7.31427
7.31387
7.31348
7.31309
7.31269
7.31230
7.31191
7.31151
7.31112
7.31073
7.31033
7.30994
7.30955
7.30915
7.30876
7.30837
7.30797
7.30758
7.30719
7.30679
7.30640
7.30601
7.30561
7.30522
7.30483
7.30444
7.30404
7.30365
7.30326
7.30287
7.30248
7.30208
7.30169
7.30130
7.30091
7.30052
7.30013
7.29974
7.29935
7.29896
7.29857
7.29818
7.29779
7.29740
7.29701
7.29662
7.29624
7.29585
7.29546
7.29507
7.29469
7.29430
7.29391
7.29353
7.29314
7.29276
7.29237
7.29199
7.29160
7.29122
7.29083
7.29045
7.29007
7.28969
7.28930
7.28892
7.28854
7.28816
7.28778
7.28740
7.28702
7.28664
7.28626
7.28589
7.28551
7.28513
7.28475
7.28438
7.28400
7.28363
7.28325
7.28288
7.28251
7.28213
7.28176
7.28139
7.28102
7.28065
7.28028
7.27991
7.27954
7.27917
7.27881
7.27844
7.27807
7.27771
7.27734
7.27698
7.27662
7.27625
7.27589
7.27553
7.27517
7.27481
7.27445
7.27409
7.27373
7.27338
7.27302
7.27266
7.27231
7.27195
7.27160
7.27125
7.27090
7.27055
7.27020
7.26985
7.26950
7.26915
7.26880
7.26846
7.26811
7.26777
7.26743
7.26708
7.26674
7.26640
7.26606
7.26572
7.26538
7.26505
7.26471
7.26438
7.26404
7.26371
7.26338
7.26304
7.26271
7.26238
7.26206
7.26173
7.26140
7.26108
7.26075
7.26043
7.26011
7.25979
7.25947
7.25915
7.25883
7.25851
7.25820
7.25788
7.25757
7.25725
7.25694
7.25663
7.25632
7.25602
7.25571
7.25540
7.25510
7.25479
7.25449
7.25419
7.25389
7.25359
7.25329
7.25300
7.25270
7.25241
7.25212
7.25183
7.25154
7.25125
7.25096
7.25067
7.25039
7.25010
7.24982
7.24954
7.24926
7.24898
7.24870
7.24843
7.24815
7.24788
7.24761
7.24734
7.24707
7.24680
7.24654
7.24627
7.24601
7.24575
7.24548
7.24523
7.24497
7.24471
7.24446
7.24420
7.24395
7.24370
7.24345
7.24320
7.24296
7.24271
7.24247
7.24223
7.24199
7.24175
7.24151
7.24128
7.24104
7.24081
7.24058
7.24035
7.24012
7.23990
7.23967
7.23945
7.23923
7.23901
7.23879
7.23858
7.23836
7.23815
7.23794
7.23773
7.23752
7.23731
7.23711
7.23690
7.23670
7.23650
7.23631
7.23611
7.23592
7.23572
7.23553
7.23534
7.23515
7.23497
7.23479
7.23460
7.23442
7.23424
7.23407
7.23389
7.23372
7.23355
7.23338
7.23321
7.23305
7.23288
7.23272
7.23256
7.23240
7.23224
7.23209
7.23194
7.23179
7.23164
7.23149
7.23134
7.23120
7.23106
7.23092
7.23078
7.23065
7.23052
7.23038
7.23025
7.23013
7.23000
7.22988
7.22976
7.22964
7.22952
7.22940
7.22929
7.22918
7.22907
7.22896
7.22886
7.22875
7.22865
7.22855
7.22846
7.22836
7.22827
7.22818
7.22809
7.22801
7.22792
7.22784
7.22776
7.22768
7.22761
7.22753
7.22746
7.22739
7.22732
7.22726
7.22720
7.22714
7.22708
7.22702
7.22697
7.22692
7.22687
7.22682
7.22678
7.22674
7.22669
7.22666
7.22662
7.22659
7.22656
7.22653
7.22650
7.22648
7.22646
7.22644
7.22642
7.22640
7.22639
7.22638
7.22637
7.22637
7.22637
7.22636
7.22637
7.22637
7.22638
7.22639
7.22640
7.22641
7.22643
7.22645
7.22647
7.22649
7.22652
7.22654
7.22658
7.22661
7.22664
7.22668
7.22672
7.22677
7.22681
7.22686
7.22691
7.22696
7.22702
7.22708
7.22714
7.22720
7.22727
7.22734
7.22741
7.22748
7.22756
7.22764
7.22772
7.22780
7.22789
7.22798
7.22807
7.22816
7.22826
7.22836
7.22846
7.22857
7.22868
7.22879
7.22890
7.22901
7.22913
7.22925
7.22938
7.22950
7.22963
7.22976
7.22990
7.23004
7.23018
7.23032
7.23046
7.23061
7.23076
7.23092
7.23107
7.23123
7.23139
7.23156
7.23173
7.23190
7.23207
7.23224
7.23242
7.23260
7.23279
7.23297
7.23316
7.23336
7.23355
7.23375
7.23395
7.23416
7.23436
7.23457
7.23479
7.23500
7.23522
7.23544
7.23566
7.23589
7.23612
7.23635
7.23659
7.23683
7.23707
7.23732
7.23756
7.23781
7.23807
7.23832
7.23858
7.23884
7.23911
7.23938
7.23965
7.23992
7.24020
7.24048
7.24076
7.24105
7.24134
7.24163
7.24193
7.24223
7.24253
7.24283
7.24314
7.24345
7.24376
7.24408
7.24440
7.24472
7.24505
7.24538
7.24571
7.24604
7.24638
7.24672
7.24707
7.24742
7.24777
7.24812
7.24848
7.24884
7.24920
7.24957
7.24994
7.25031
7.25068
7.25106
7.25145
7.25183
7.25222
7.25261
7.25301
7.25340
7.25381
7.25421
7.25462
7.25503
7.25544
7.25586
7.25628
7.25671
7.25713
7.25756
7.25800
7.25843
7.25887
7.25932
7.25976
7.26021
7.26067
7.26112
7.26158
7.26205
7.26251
7.26298
7.26346
7.26393
7.26441
7.26489
7.26538
7.26587
7.26636
7.26686
7.26736
7.26786
7.26837
7.26888
7.26939
7.26991
7.27043
7.27095
7.27148
7.27201
7.27254
7.27308
7.27362
7.27416
7.27471
7.27526
7.27581
7.27637
7.27693
7.27750
7.27806
7.27864
7.27921
7.27979
7.28037
7.28095
7.28154
7.28213
7.28273
7.28333
7.28393
7.28454
7.28515
7.28576
7.28638
7.28699
7.28762
7.28824
7.28888
7.28951
7.29015
7.29079
7.29143
7.29208
7.29273
7.29339
7.29404
7.29471
7.29537
7.29604
7.29672
7.29739
7.29807
7.29876
7.29944
7.30013
7.30083
7.30153
7.30223
7.30293
7.30364
7.30435
7.30507
7.30579
7.30651
7.30724
7.30797
7.30870
7.30944
7.31018
7.31093
7.31168
7.31243
7.31319
7.31394
7.31471
7.31548
7.31625
7.31702
7.31780
7.31858
7.31937
7.32015
7.32095
7.32174
7.32254
7.32335
7.32416
7.32497
7.32578
7.32660
7.32742
7.32825
7.32908
7.32991
7.33075
7.33159
7.33244
7.33329
7.33414
7.33500
7.33586
7.33672
7.33759
7.33846
7.33933
7.34021
7.34110
7.34198
7.34287
7.34377
7.34466
7.34557
7.34647
7.34738
7.34829
7.34921
7.35013
7.35106
7.35198
7.35292
7.35385
7.35479
7.35574
7.35668
7.35763
7.35859
7.35955
7.36051
7.36148
7.36245
7.36342
7.36440
7.36538
7.36637
7.36736
7.36835
7.36935
7.37035
7.37136
7.37237
7.37338
7.37440
7.37542
7.37645
7.37747
7.37851
7.37954
7.38059
7.38163
7.38268
7.38373
7.38479
7.38585
7.38691
7.38798
7.38905
7.39013
7.39121
7.39229
7.39338
7.39447
7.39557
7.39667
7.39777
7.39888
7.39999
7.40111
7.40223
7.40335
7.40448
7.40561
7.40674
7.40788
7.40903
7.41018
7.41133
7.41248
7.41364
7.41481
7.41597
7.41715
7.41832
7.41950
7.42068
7.42187
7.42306
7.42426
7.42546
7.42666
7.42787
7.42908
7.43030
7.43152
7.43274
7.43397
7.43520
7.43644
7.43768
7.43892
7.44017
7.44142
7.44268
7.44394
7.44520
7.44647
7.44775
7.44902
7.45030
7.45159
7.45288
7.45417
7.45547
7.45677
7.45808
7.45938
7.46070
7.46202
7.46334
7.46466
7.46599
7.46733
7.46867
7.47001
7.47135
7.47271
7.47406
7.47542
7.47678
7.47815
7.47952
7.48090
7.48227
7.48366
7.48505
7.48644
7.48783
7.48923
7.49064
7.49205
7.49346
7.49488
7.49630
7.49772
7.49915
7.50059
7.50202
7.50346
7.50491
7.50636
7.50781
7.50927
7.51074
7.51220
7.51367
7.51515
7.51663
7.51811
7.51960
7.52109
7.52259
7.52409
7.52559
7.52710
7.52861
7.53013
7.53165
7.53318
7.53471
7.53624
7.53778
7.53932
7.54087
7.54242
7.54397
7.54553
7.54710
7.54866
7.55023
7.55181
7.55339
7.55498
7.55656
7.55816
7.55975
7.56136
7.56296
7.56457
7.56619
7.56780
7.56943
7.57105
7.57268
7.57432
7.57596
7.57760
7.57925
7.58090
7.58256
7.58422
7.58589
7.58756
7.58923
7.59091
7.59259
7.59428
7.59597
7.59766
7.59936
7.60106
7.60277
7.60448
7.60620
7.60792
7.60965
7.61137
7.61311
7.61485
7.61659
7.61833
7.62008
7.62184
7.62360
7.62536
7.62713
7.62890
7.63068
7.63246
7.63424
7.63603
7.63783
7.63962
7.64143
7.64323
7.64504
7.64686
7.64868
7.65050
7.65233
7.65416
7.65600
7.65784
7.65968
7.66153
7.66339
7.66525
7.66711
7.66897
7.67085
7.67272
7.67460
7.67649
7.67837
7.68027
7.68216
7.68406
7.68597
7.68788
7.68979
7.69171
7.69364
7.69556
7.69750
7.69943
7.70137
7.70332
7.70527
7.70722
7.70918
7.71114
7.71310
7.71508
7.71705
7.71903
7.72101
7.72300
7.72499
7.72699
7.72899
7.73100
7.73301
7.73502
7.73704
7.73906
7.74109
7.74312
7.74516
7.74720
7.74924
7.75129
7.75335
7.75540
7.75747
7.75953
7.76160
7.76368
7.76576
7.76784
7.76993
7.77202
7.77412
7.77622
7.77833
7.78044
7.78255
7.78467
7.78679
7.78892
7.79105
7.79319
7.79533
7.79747
7.79962
7.80178
7.80394
7.80610
7.80827
7.81044
7.81261
7.81479
7.81698
7.81917
7.82136
7.82356
7.82576
7.82796
7.83018
7.83239
7.83461
7.83683
7.83906
7.84129
7.84353
7.84577
7.84802
7.85027
7.85252
7.85478
7.85705
7.85931
7.86158
7.86386
7.86614
7.86843
7.87072
7.87301
7.87531
7.87761
7.87992
7.88223
7.88455
7.88687
7.88919
7.89152
7.89385
7.89619
7.89853
7.90088
7.90323
7.90559
7.90795
7.91031
7.91268
7.91505
7.91743
7.91981
7.92220
7.92459
7.92698
7.92938
7.93179
7.93419
7.93661
7.93902
7.94144
7.94387
7.94630
7.94874
7.95117
7.95362
7.95606
7.95852
7.96097
7.96343
7.96590
7.96837
7.97084
7.97332
7.97580
7.97829
7.98078
7.98328
7.98578
7.98828
7.99079
7.99331
7.99582
7.99835
8.00087
8.00340
8.00594
8.00848
8.01102
8.01357
8.01613
8.01868
8.02125
8.02381
8.02638
8.02896
8.03154
8.03412
8.03671
8.03930
8.04190
8.04450
8.04711
8.04972
8.05233
8.05495
8.05757
8.06020
8.06283
8.06547
8.06811
8.07075
8.07340
8.07606
8.07872
8.08138
8.08405
8.08672
8.08939
8.09207
8.09476
8.09745
8.10014
8.10284
8.10554
8.10825
8.11096
8.11368
8.11640
8.11912
8.12185
8.12458
8.12732
8.13006
8.13281
8.13556
8.13831
8.14107
8.14384
8.14660
8.14938
8.15215
8.15493
8.15772
8.16051
8.16330
8.16610
8.16891
8.17171
8.17452
8.17734
8.18016
8.18299
8.18582
8.18865
8.19149
8.19433
8.19718
8.20003
8.20288
8.20574
8.20861
8.21148
8.21435
8.21723
8.22011
8.22300
8.22589
8.22878
8.23168
8.23458
8.23749
8.24040
8.24332
8.24624
8.24917
8.25210
8.25503
8.25797
8.26091
8.26386
8.26681
8.26977
8.27273
8.27569
8.27866
8.28163
8.28461
8.28759
8.29058
8.29357
8.29657
8.29957
8.30257
8.30558
8.30859
8.31161
8.31463
8.31766
8.32069
8.32372
8.32676
8.32980
8.33285
8.33590
8.33896
8.34202
8.34508
8.34815
8.35122
8.35430
8.35738
8.36047
8.36356
8.36666
8.36976
8.37286
8.37597
8.37908
8.38220
8.38532
8.38844
8.39157
8.39471
8.39785
8.40099
8.40413
8.40729
8.41044
8.41360
8.41677
8.41993
8.42311
8.42629
8.42947
8.43265
8.43584
8.43904
8.44224
8.44544
8.44865
8.45186
8.45508
8.45830
8.46152
8.46475
8.46798
8.47122
8.47446
8.47771
8.48096
8.48421
8.48747
8.49074
8.49400
8.49728
8.50055
8.50383
8.50712
8.51041
8.51370
8.51700
8.52030
8.52361
8.52692
8.53023
8.53355
8.53688
8.54021
8.54354
8.54687
8.55021
8.55356
8.55691
8.56026
8.56362
8.56698
8.57035
8.57372
8.57709
8.58047
8.58386
8.58725
8.59064
8.59403
8.59743
8.60084
8.60425
8.60766
8.61108
8.61450
8.61793
8.62136
8.62479
8.62823
8.63167
8.63512
8.63857
8.64203
8.64549
8.64895
8.65242
8.65590
8.65937
8.66285
8.66634
8.66983
8.67332
8.67682
8.68033
8.68383
8.68734
8.69086
8.69438
8.69790
8.70143
8.70496
8.70850
8.71204
8.71559
8.71913
8.72269
8.72625
8.72981
8.73337
8.73694
8.74052
8.74410
8.74768
8.75127
8.75486
8.75845
8.76205
8.76566
8.76927
8.77288
8.77650
8.78012
8.78374
8.78737
8.79100
8.79464
8.79828
8.80193
8.80558
8.80924
8.81289
8.81656
8.82022
8.82389
8.82757
8.83125
8.83493
8.83862
8.84231
8.84601
8.84971
8.85342
8.85712
8.86084
8.86455
8.86828
8.87200
8.87573
8.87946
8.88320
8.88694
8.89069
8.89444
8.89820
8.90196
8.90572
8.90949
8.91326
8.91703
8.92081
8.92460
8.92838
8.93218
8.93597
8.93977
8.94358
8.94739
8.95120
8.95502
8.95884
8.96266
8.96649
8.97032
8.97416
8.97800
8.98185
8.98570
8.98955
8.99341
8.99727
9.00114
9.00501
9.00889
9.01276
9.01665
9.02053
9.02443
9.02832
9.03222
9.03612
9.04003
9.04394
9.04786
9.05178
9.05570
9.05963
9.06356
9.06750
9.07144
9.07538
9.07933
9.08329
9.08724
9.09120
9.09517
9.09914
9.10311
9.10709
9.11107
9.11505
9.11904
9.12304
9.12703
9.13104
9.13504
9.13905
9.14306
9.14708
9.15110
9.15513
9.15916
9.16319
9.16723
9.17127
9.17532
9.17937
9.18343
9.18748
9.19155
9.19561
9.19968
9.20376
9.20784
9.21192
9.21601
9.22010
9.22419
9.22829
9.23239
9.23650
9.24061
9.24473
9.24884
9.25297
9.25709
9.26123
9.26536
9.26950
9.27364
9.27779
9.28194
9.28609
9.29025
9.29442
9.29858
9.30276
9.30693
9.31111
9.31529
9.31948
9.32367
9.32787
9.33206
9.33627
9.34047
9.34468
9.34890
9.35312
9.35734
9.36157
9.36580
9.37003
9.37427
9.37852
9.38276
9.38701
9.39127
9.39553
9.39979
9.40406
9.40833
9.41260
9.41688
9.42116
9.42545
9.42974
9.43403
9.43833
9.44263
9.44694
9.45125
9.45556
9.45988
9.46420
9.46853
9.47286
9.47719
9.48153
9.48587
9.49021
9.49456
9.49892
9.50327
9.50763
9.51200
9.51637
9.52074
9.52512
9.52950
9.53388
9.53827
9.54266
9.54706
9.55146
9.55586
9.56027
9.56468
9.56910
9.57352
9.57794
9.58237
9.58680
9.59123
9.59567
9.60012
9.60456
9.60901
9.61347
9.61793
9.62239
9.62685
9.63132
9.63580
9.64027
9.64476
9.64924
9.65373
9.65822
9.66272
9.66722
9.67173
9.67623
9.68075
9.68526
9.68978
9.69431
9.69883
9.70336
9.70790
9.71244
9.71698
9.72153
9.72608
9.73063
9.73519
9.73975
9.74432
9.74889
9.75346
9.75804
9.76262
9.76721
9.77180
9.77639
9.78098
9.78558
9.79019
9.79480
9.79941
9.80402
9.80864
9.81326
9.81789
9.82252
9.82716
9.83179
9.83644
9.84108
9.84573
9.85038
9.85504
9.85970
9.86437
9.86903
9.87371
9.87838
9.88306
9.88774
9.89243
9.89712
9.90182
9.90651
9.91122
9.91592
9.92063
9.92535
9.93006
9.93478
9.93951
9.94424
9.94897
9.95370
9.95844
9.96319
9.96793
9.97268
9.97744
9.98220
9.98696
9.99172
9.99649
10.00126
10.00604
10.01082
10.01561
10.02039
10.02518
10.02998
10.03478
10.03958
10.04439
10.04920
10.05401
10.05883
10.06365
10.06847
10.07330
10.07813
10.08297
10.08781
10.09265
10.09750
10.10235
10.10720
10.11206
10.11692
10.12179
10.12665
10.13153
10.13640
10.14128
10.14617
10.15105
10.15594
10.16084
10.16573
10.17064
10.17554
10.18045
10.18536
10.19028
10.19520
10.20012
10.20505
10.20998
10.21491
10.21985
10.22479
10.22974
10.23469
10.23964
10.24459
10.24955
10.25452
10.25948
10.26445
10.26943
10.27440
10.27938
10.28437
10.28936
10.29435
10.29935
10.30434
10.30935
10.31435
10.31936
10.32438
10.32939
10.33441
10.33944
10.34446
10.34950
10.35453
10.35957
10.36461
10.36966
10.37471
10.37976
10.38481
10.38987
10.39494
10.40000
10.40507
10.41015
10.41523
10.42031
10.42539
10.43048
10.43557
10.44067
10.44576
10.45087
10.45597
10.46108
10.46619
10.47131
10.47643
10.48155
10.48668
10.49181
10.49694
10.50208
10.50722
10.51237
10.51751
10.52266
10.52782
10.53298
10.53814
10.54330
10.54847
10.55365
10.55882
10.56400
10.56918
10.57437
10.57956
10.58475
10.58995
10.59515
10.60035
10.60556
10.61077
10.61598
10.62120
10.62642
10.63165
10.63687
10.64210
10.64734
10.65258
10.65782
10.66306
10.66831
10.67356
10.67882
10.68408
10.68934
10.69461
10.69987
10.70515
10.71042
10.71570
10.72098
10.72627
10.73156
10.73685
10.74215
10.74745
10.75275
10.75806
10.76337
10.76868
10.77400
10.77932
10.78464
10.78997
10.79530
10.80063
10.80597
10.81131
10.81665
10.82200
10.82735
10.83271
10.83806
10.84342
10.84879
10.85416
10.85953
10.86490
10.87028
10.87566
10.88104
10.88643
10.89182
10.89722
10.90261
10.90802
10.91342
10.91883
10.92424
10.92965
10.93507
10.94049
10.94592
10.95134
10.95678
10.96221
10.96765
10.97309
10.97853
10.98398
10.98943
10.99489
11.00034
11.00580
11.01127
11.01674
11.02221
11.02768
11.03316
11.03864
11.04412
11.04961
11.05510
11.06059
11.06609
11.07159
11.07710
11.08260
11.08811
11.09363
11.09914
11.10466
11.11019
11.11571
11.12124
11.12678
11.13231
11.13785
11.14340
11.14894
11.15449
11.16004
11.16560
11.17116
11.17672
11.18229
11.18786
11.19343
11.19900
11.20458
11.21016
11.21575
11.22134
11.22693
11.23252
11.23812
11.24372
11.24933
11.25493
11.26055
11.26616
11.27178
11.27740
11.28302
11.28865
11.29428
11.29991
11.30555
11.31119
11.31683
11.32248
11.32812
11.33378
11.33943
11.34509
11.35075
11.35642
11.36209
11.36776
11.37343
11.37911
11.38479
11.39048
11.39616
11.40185
11.40755
11.41324
11.41894
11.42465
11.43035
11.43606
11.44177
11.44749
11.45321
11.45893
11.46466
11.47038
11.47612
11.48185
11.48759
11.49333
11.49907
11.50482
11.51057
11.51632
11.52208
11.52784
11.53360
11.53937
11.54513
11.55091
11.55668
11.56246
11.56824
11.57403
11.57981
11.58560
11.59140
11.59719
11.60299
11.60880
11.61460
11.62041
11.62622
11.63204
11.63786
11.64368
11.64950
11.65533
11.66116
11.66699
11.67283
11.67867
11.68451
11.69036
11.69621
11.70206
11.70791
11.71377
11.71963
11.72550
11.73136
11.73723
11.74311
11.74898
11.75486
11.76074
11.76663
11.77252
11.77841
11.78430
11.79020
11.79610
11.80200
11.80791
11.81382
11.81973
11.82565
11.83157
11.83749
11.84341
11.84934
11.85527
11.86120
11.86714
11.87308
11.87902
11.88497
11.89091
11.89687
11.90282
11.90878
11.91474
11.92070
11.92667
11.93264
11.93861
11.94458
11.95056
11.95654
11.96253
11.96851
11.97450
11.98050
11.98649
11.99249
11.99849
12.00450
12.01050
12.01651
12.02253
12.02854
12.03456
12.04059
12.04661
12.05264
12.05867
12.06470
12.07074
12.07678
12.08282
12.08887
12.09492
12.10097
12.10702
12.11308
12.11914
12.12520
12.13127
12.13734
12.14341
12.14949
12.15556
12.16164
12.16773
12.17381
12.17990
12.18599
12.19209
12.19819
12.20429
12.21039
12.21650
12.22261
12.22872
12.23483
12.24095
12.24707
12.25320
12.25932
12.26545
12.27158
12.27772
12.28386
12.29000
12.29614
12.30229
12.30844
12.31459
12.32074
12.32690
12.33306
12.33922
12.34539
12.35156
12.35773
12.36391
12.37008
12.37626
12.38245
12.38863
12.39482
12.40101
12.40721
12.41341
12.41961
12.42581
12.43201
12.43822
12.44443
12.45065
12.45686
12.46308
12.46931
12.47553
12.48176
12.48799
12.49422
12.50046
12.50670
12.51294
12.51918
12.52543
12.53168
12.53794
12.54419
12.55045
12.55671
12.56297
12.56924
12.57551
12.58178
12.58806
12.59434
12.60062
12.60690
12.61318
12.61947
12.62576
12.63206
12.63836
12.64466
12.65096
12.65726
12.66357
12.66988
12.67619
12.68251
12.68883
12.69515
12.70147
12.70780
12.71413
12.72046
12.72680
12.73314
12.73948
12.74582
12.75216
12.75851
12.76486
12.77122
12.77757
12.78393
12.79030
12.79666
12.80303
12.80940
12.81577
12.82214
12.82852
12.83490
12.84129
12.84767
12.85406
12.86045
12.86685
12.87324
12.87964
12.88604
12.89245
12.89886
12.90527
12.91168
12.91809
12.92451
12.93093
12.93735
12.94378
12.95021
12.95664
12.96307
12.96951
12.97595
12.98239
12.98883
12.99528
13.00173
13.00818
13.01464
13.02109
13.02755
13.03402
13.04048
13.04695
13.05342
13.05989
13.06637
13.07284
13.07933
13.08581
13.09229
13.09878
13.10527
13.11177
13.11826
13.12476
13.13126
13.13777
13.14427
13.15078
13.15729
13.16381
13.17033
13.17684
13.18337
13.18989
13.19642
13.20295
13.20948
13.21601
13.22255
13.22909
13.23563
13.24218
13.24873
13.25528
13.26183
13.26838
13.27494
13.28150
13.28806
13.29463
13.30120
13.30777
13.31434
13.32091
13.32749
13.33407
13.34066
13.34724
13.35383
13.36042
13.36701
13.37361
13.38021
13.38681
13.39341
13.40001
13.40662
13.41323
13.41985
13.42646
13.43308
13.43970
13.44632
13.45295
13.45957
13.46621
13.47284
13.47947
13.48611
13.49275
13.49939
13.50604
13.51269
13.51934
13.52599
13.53264
13.53930
13.54596
13.55262
13.55929
13.56596
13.57263
13.57930
13.58597
13.59265
13.59933
13.60601
13.61270
13.61938
13.62607
13.63276
13.63946
13.64615
13.65285
13.65955
13.66626
13.67296
13.67967
13.68638
13.69310
13.69981
13.70653
13.71325
13.71998
13.72670
13.73343
13.74016
13.74689
13.75363
13.76037
13.76710
13.77385
13.78059
13.78734
13.79409
13.80084
13.80759
13.81435
13.82111
13.82787
13.83464
13.84140
13.84817
13.85494
13.86171
13.86849
13.87527
13.88205
13.88883
13.89562
13.90240
13.90919
13.91599
13.92278
13.92958
13.93638
13.94318
13.94998
13.95679
13.96360
13.97041
13.97722
13.98404
13.99085
13.99767
14.00450
14.01132
14.01815
14.02498
14.03181
14.03865
14.04548
14.05232
14.05916
14.06601
14.07285
14.07970
14.08655
14.09340
14.10026
14.10711
14.11397
14.12084
14.12770
14.13457
14.14144
14.14831
14.15518
14.16206
14.16893
14.17581
14.18270
14.18958
14.19647
14.20336
14.21025
14.21714
14.22404
14.23094
14.23784
14.24474
14.25165
14.25855
14.26546
14.27238
14.27929
14.28621
14.29313
14.30005
14.30697
14.31390
14.32082
14.32775
14.33469
14.34162
14.34856
14.35550
14.36244
14.36938
14.37633
14.38327
14.39022
14.39718
14.40413
14.41109
14.41805
14.42501
14.43197
14.43894
14.44590
14.45287
14.45985
14.46682
14.47380
14.48078
14.48776
14.49474
14.50173
14.50872
14.51570
14.52270
14.52969
14.53669
14.54369
14.55069
14.55769
14.56470
14.57170
14.57871
14.58572
14.59274
14.59975
14.60677
14.61379
14.62082
14.62784
14.63487
14.64190
14.64893
14.65596
14.66300
14.67003
14.67707
14.68412
14.69116
14.69821
14.70526
14.71231
14.71936
14.72641
14.73347
14.74053
14.74759
14.75466
14.76172
14.76879
14.77586
14.78293
14.79000
14.79708
14.80416
14.81124
14.81832
14.82541
14.83249
14.83958
14.84667
14.85377
14.86086
14.86796
14.87506
14.88216
14.88926
14.89637
14.90348
14.91059
14.91770
14.92481
14.93193
14.93905
14.94617
14.95329
14.96042
14.96754
14.97467
14.98180
14.98894
14.99607
15.00321
15.01035
15.01749
15.02463
15.03178
15.03893
15.04607
15.05323
15.06038
15.06754
15.07469
15.08185
15.08902
15.09618
15.10335
15.11051
15.11768
15.12486
15.13203
15.13921
15.14638
15.15356
15.16075
15.16793
15.17512
15.18231
15.18950
15.19669
15.20388
15.21108
15.21828
15.22548
15.23268
15.23989
15.24709
15.25430
15.26151
15.26872
15.27594
15.28316
15.29037
15.29760
15.30482
15.31204
15.31927
15.32650
15.33373
15.34096
15.34820
15.35543
15.36267
15.36991
15.37716
15.38440
15.39165
15.39890
15.40615
15.41340
15.42065
15.42791
15.43517
15.44243
15.44969
15.45695
15.46422
15.47149
15.47876
15.48603
15.49331
15.50058
15.50786
15.51514
15.52242
15.52971
15.53699
15.54428
15.55157
15.55886
15.56616
15.57345
15.58075
15.58805
15.59535
15.60265
15.60996
15.61727
15.62458
15.63189
15.63920
15.64651
15.65383
15.66115
15.66847
15.67579
15.68312
15.69045
15.69777
15.70510
15.71244
15.71977
15.72711
15.73444
15.74178
15.74913
15.75647
15.76382
15.77116
15.77851
15.78586
15.79322
15.80057
15.80793
15.81529
15.82265
15.83001
15.83738
15.84474
15.85211
15.85948
15.86685
15.87423
15.88160
15.88898
15.89636
15.90374
15.91112
15.91851
15.92590
15.93328
15.94068
15.94807
15.95546
15.96286
15.97026
15.97766
15.98506
15.99246
15.99987
16.00728
16.01468
16.02210
16.02951
16.03692
16.04434
16.05176
16.05918
16.06660
16.07402
16.08145
16.08888
16.09631
16.10374
16.11117
16.11861
16.12604
16.13348
16.14092
16.14836
16.15581
16.16325
16.17070
16.17815
16.18560
16.19306
16.20051
16.20797
16.21543
16.22289
16.23035
16.23781
16.24528
16.25275
16.26022
16.26769
16.27516
16.28263
16.29011
16.29759
16.30507
16.31255
16.32003
16.32752
16.33501
16.34250
16.34999
16.35748
16.36497
16.37247
16.37997
16.38747
16.39497
16.40247
16.40998
16.41748
16.42499
16.43250
16.44001
16.44753
16.45504
16.46256
16.47008
16.47760
16.48512
16.49265
16.50017
16.50770
16.51523
16.52276
16.53029
16.53783
16.54536
16.55290
16.56044
16.56798
16.57553
16.58307
16.59062
16.59817
16.60572
16.61327
16.62082
16.62838
16.63593
16.64349
16.65105
16.65862
16.66618
16.67375
16.68131
16.68888
16.69645
16.70403
16.71160
16.71918
16.72675
16.73433
16.74191
16.74950
16.75708
16.76467
16.77225
16.77984
16.78743
16.79503
16.80262
16.81022
16.81782
16.82542
16.83302
16.84062
16.84822
16.85583
16.86344
16.87105
16.87866
16.88627
16.89389
16.90150
16.90912
16.91674
16.92436
16.93199
16.93961
16.94724
16.95487
16.96249
16.97013
16.97776
16.98539
16.99303
17.00067
17.00831
17.01595
17.02359
17.03124
17.03888
17.04653
17.05418
17.06183
17.06948
17.07714
17.08479
17.09245
17.10011
17.10777
17.11543
17.12310
17.13076
17.13843
17.14610
17.15377
17.16144
17.16912
17.17679
17.18447
17.19215
17.19983
17.20751
17.21519
17.22288
17.23056
17.23825
17.24594
17.25363
17.26133
17.26902
17.27672
17.28442
17.29212
17.29982
17.30752
17.31522
17.32293
17.33064
17.33835
17.34606
17.35377
17.36148
17.36920
17.37691
17.38463
17.39235
17.40008
17.40780
17.41552
17.42325
17.43098
17.43871
17.44644
17.45417
17.46191
17.46964
17.47738
17.48512
17.49286
17.50060
17.50834
17.51609
17.52384
17.53158
17.53933
17.54708
17.55484
17.56259
17.57035
17.57811
17.58586
17.59363
17.60139
17.60915
17.61692
17.62468
17.63245
17.64022
17.64799
17.65577
17.66354
17.67132
17.67909
17.68687
17.69465
17.70244
17.71022
17.71800
17.72579
17.73358
17.74137
17.74916
17.75695
17.76475
17.77254
17.78034
17.78814
17.79594
17.80374
17.81154
17.81935
17.82715
17.83496
17.84277
17.85058
17.85840
17.86621
17.87402
17.88184
17.88966
17.89748
17.90530
17.91312
17.92095
17.92877
17.93660
17.94443
17.95226
17.96009
17.96792
17.97576
17.98359
17.99143
17.99927
18.00711
18.01495
18.02280
18.03064
18.03849
18.04633
18.05418
18.06203
18.06989
18.07774
18.08560
18.09345
18.10131
18.10917
18.11703
18.12489
18.13276
18.14062
18.14849
18.15636
18.16423
18.17210
18.17997
18.18784
18.19572
18.20360
18.21147
18.21935
18.22723
18.23512
18.24300
18.25089
18.25877
18.26666
18.27455
18.28244
18.29033
18.29823
18.30612
18.31402
18.32192
18.32982
18.33772
18.34562
18.35353
18.36143
18.36934
18.37725
18.38516
18.39307
18.40098
18.40889
18.41681
18.42472
18.43264
18.44056
18.44848
18.45640
18.46433
18.47225
18.48018
18.48811
18.49604
18.50397
18.51190
18.51983
18.52777
18.53570
18.54364
18.55158
18.55952
18.56746
18.57540
18.58335
18.59129
18.59924
18.60719
18.61514
18.62309
18.63104
18.63900
18.64695
18.65491
18.66287
18.67083
18.67879
18.68675
18.69471
18.70268
18.71064
18.71861
18.72658
18.73455
18.74252
18.75050
18.75847
18.76645
18.77442
18.78240
18.79038
18.79836
18.80635
18.81433
18.82231
18.83030
18.83829
18.84628
18.85427
18.86226
18.87025
18.87825
18.88624
18.89424
18.90224
18.91024
18.91824
18.92624
18.93425
18.94225
18.95026
18.95827
18.96628
18.97429
18.98230
18.99031
18.99833
19.00634
19.01436
19.02238
19.03040
19.03842
19.04644
19.05446
19.06249
19.07051
19.07854
19.08657
19.09460
19.10263
19.11066
19.11870
19.12673
19.13477
19.14281
19.15085
19.15889
19.16693
19.17497
19.18302
19.19106
19.19911
19.20716
19.21521
19.22326
19.23131
19.23936
19.24742
19.25547
19.26353
19.27159
19.27965
19.28771
19.29577
19.30383
19.31190
19.31997
19.32803
19.33610
19.34417
19.35224
19.36032
19.36839
19.37646
19.38454
19.39262
19.40070
19.40878
19.41686
19.42494
19.43302
19.44111
19.44919
19.45728
19.46537
19.47346
19.48155
19.48964
19.49774
19.50583
19.51393
19.52203
19.53013
19.53822
19.54633
19.55443
19.56253
19.57064
19.57874
19.58685
19.59496
19.60307
19.61118
19.61929
19.62741
19.63552
19.64364
19.65175
19.65987
19.66799
19.67611
19.68423
19.69236
19.70048
19.70861
19.71673
19.72486
19.73299
19.74112
19.74925
19.75739
19.76552
19.77366
19.78179
19.78993
19.79807
19.80621
19.81435
19.82249
19.83064
19.83878
19.84693
19.85508
19.86322
19.87137
19.87952
19.88768
19.89583
19.90398
19.91214
19.92030
19.92846
19.93661
19.94477
19.95294
19.96110
19.96926
19.97743
19.98559
19.99376
20.00193
20.01010
20.01827
20.02644
20.03462
20.04279
20.05097
20.05914
20.06732
20.07550
20.08368
20.09186
20.10005
20.10823
20.11642
20.12460
20.13279
20.14098
20.14917
20.15736
20.16555
20.17374
20.18194
20.19013
20.19833
20.20653
20.21473
20.22293
20.23113
20.23933
20.24753
20.25574
20.26394
20.27215
20.28036
20.28857
20.29678
20.30499
20.31320
20.32142
20.32963
20.33785
20.34606
20.35428
20.36250
20.37072
20.37894
20.38717
20.39539
20.40362
20.41184
20.42007
20.42830
20.43653
20.44476
20.45299
20.46122
20.46946
20.47769
20.48593
20.49416
20.50240
20.51064
20.51888
20.52713
20.53537
20.54361
20.55186
20.56010
20.56835
20.57660
20.58485
20.59310
20.60135
20.60960
20.61786
20.62611
20.63437
20.64263
20.65088
20.65914
20.66740
20.67567
20.68393
20.69219
20.70046
20.70872
20.71699
20.72526
20.73353
20.74180
20.75007
20.75834
20.76662
20.77489
20.78317
20.79144
20.79972
20.80800
20.81628
20.82456
20.83284
20.84113
20.84941
20.85770
20.86598
20.87427
20.88256
20.89085
20.89914
20.90743
20.91572
20.92402
20.93231
20.94061
20.94891
20.95720
20.96550
20.97380
20.98210
20.99041
20.99871
21.00701
21.01532
21.02363
21.03193
21.04024
21.04855
21.05686
21.06518
21.07349
21.08180
21.09012
21.09843
21.10675
21.11507
21.12339
21.13171
21.14003
21.14835
21.15667
21.16500
21.17332
21.18165
21.18998
21.19831
21.20664
21.21497
21.22330
21.23163
21.23996
21.24830
21.25663
21.26497
21.27331
21.28165
21.28999
21.29833
21.30667
21.31501
21.32336
21.33170
21.34005
21.34839
21.35674
21.36509
21.37344
21.38179
21.39014
21.39849
21.40685
21.41520
21.42356
21.43192
21.44027
21.44863
21.45699
21.46535
21.47372
21.48208
21.49044
21.49881
21.50717
21.51554
21.52391
21.53228
21.54065
21.54902
21.55739
21.56576
21.57414
21.58251
21.59089
21.59926
21.60764
21.61602
21.62440
21.63278
21.64116
21.64955
21.65793
21.66631
21.67470
21.68309
21.69147
21.69986
21.70825
21.71664
21.72503
21.73343
21.74182
21.75021
21.75861
21.76701
21.77540
21.78380
21.79220
21.80060
21.80900
21.81740
21.82581
21.83421
21.84262
21.85102
21.85943
21.86784
21.87625
21.88466
21.89307
21.90148
21.90989
21.91830
21.92672
21.93513
21.94355
21.95197
21.96039
21.96881
21.97723
21.98565
21.99407
22.00249
22.01092
22.01934
22.02777
22.03619
22.04462
22.05305
22.06148
22.06991
22.07834
22.08678
22.09521
22.10364
22.11208
22.12052
22.12895
22.13739
22.14583
22.15427
22.16271
22.17115
22.17959
22.18804
22.19648
22.20493
22.21337
22.22182
22.23027
22.23872
22.24717
22.25562
22.26407
22.27253
22.28098
22.28943
22.29789
22.30635
22.31480
22.32326
22.33172
22.34018
22.34864
22.35710
22.36557
22.37403
22.38250
22.39096
22.39943
22.40790
22.41636
22.42483
22.43330
22.44177
22.45025
22.45872
22.46719
22.47567
22.48414
22.49262
22.50110
22.50957
22.51805
22.52653
22.53501
22.54350
22.55198
22.56046
22.56895
22.57743
22.58592
22.59441
22.60289
22.61138
22.61987
22.62836
22.63685
22.64535
22.65384
22.66233
22.67083
22.67932
22.68782
22.69632
22.70482
22.71332
22.72182
22.73032
22.73882
22.74732
22.75583
22.76433
22.77284
22.78134
22.78985
22.79836
22.80687
22.81538
22.82389
22.83240
22.84091
22.84943
22.85794
22.86645
22.87497
22.88349
22.89200
22.90052
22.90904
22.91756
22.92608
22.93460
22.94313
22.95165
22.96018
22.96870
22.97723
22.98575
22.99428
23.00281
23.01134
23.01987
23.02840
23.03693
23.04547
23.05400
23.06253
23.07107
23.07961
23.08814
23.09668
23.10522
23.11376
23.12230
23.13084
23.13938
23.14793
23.15647
23.16501
23.17356
23.18211
23.19065
23.19920
23.20775
23.21630
23.22485
23.23340
23.24195
23.25051
23.25906
23.26761
23.27617
23.28472
23.29328
23.30184
23.31040
23.31896
23.32752
23.33608
23.34464
23.35320
23.36177
23.37033
23.37890
23.38746
23.39603
23.40460
23.41316
23.42173
23.43030
23.43887
23.44745
23.45602
23.46459
23.47317
23.48174
23.49032
23.49889
23.50747
23.51605
23.52463
23.53321
23.54179
23.55037
23.55895
23.56753
23.57612
23.58470
23.59329
23.60187
23.61046
23.61905
23.62764
23.63622
23.64481
23.65341
23.66200
23.67059
23.67918
23.68778
23.69637
23.70497
23.71356
23.72216
23.73076
23.73936
23.74796
23.75656
23.76516
23.77376
23.78236
23.79096
23.79957
23.80817
23.81678
23.82539
23.83399
23.84260
23.85121
23.85982
23.86843
23.87704
23.88565
23.89426
23.90288
23.91149
23.92011
23.92872
23.93734
23.94596
23.95457
23.96319
23.97181
23.98043
23.98905
23.99768
24.00630
24.01492
24.02355
24.03217
24.04080
24.04942
24.05805
24.06668
24.07531
24.08393
24.09257
24.10120
24.10983
24.11846
24.12709
24.13573
24.14436
24.15300
24.16163
24.17027
24.17891
24.18755
24.19618
24.20482
24.21347
24.22211
24.23075
24.23939
24.24803
24.25668
24.26532
24.27397
24.28262
24.29126
24.29991
24.30856
24.31721
24.32586
24.33451
24.34316
24.35182
24.36047
24.36912
24.37778
24.38643
24.39509
24.40374
24.41240
24.42106
24.42972
24.43838
24.44704
24.45570
24.46436
24.47303
24.48169
24.49035
24.49902
24.50768
24.51635
24.52502
24.53368
24.54235
24.55102
24.55969
24.56836
24.57703
24.58570
24.59438
24.60305
24.61172
24.62040
24.62907
24.63775
24.64643
24.65511
24.66378
24.67246
24.68114
24.68982
24.69850
24.70719
24.71587
24.72455
24.73324
24.74192
24.75061
24.75929
24.76798
24.77667
24.78535
24.79404
24.80273
24.81142
24.82011
24.82881
24.83750
24.84619
24.85489
24.86358
24.87228
24.88097
24.88967
24.89836
24.90706
24.91576
24.92446
24.93316
24.94186
24.95056
24.95926
24.96797
24.97667
24.98538
24.99408
25.00279
25.01149
25.02020
25.02891
25.03761
25.04632
25.05503
25.06374
25.07245
25.08117
25.08988
25.09859
25.10730
25.11602
25.12473
25.13345
25.14217
25.15088
25.15960
25.16832
25.17704
25.18576
25.19448
25.20320
25.21192
25.22064
25.22937
25.23809
25.24682
25.25554
25.26427
25.27299
25.28172
25.29045
25.29918
25.30790
25.31663
25.32536
25.33410
25.34283
25.35156
25.36029
25.36903
25.37776
25.38650
25.39523
25.40397
25.41270
25.42144
25.43018
25.43892
25.44766
25.45640
25.46514
25.47388
25.48262
25.49137
25.50011
25.50885
25.51760
25.52634
25.53509
25.54384
25.55259
25.56133
25.57008
25.57883
25.58758
25.59633
25.60508
25.61383
25.62259
25.63134
25.64009
25.64885
25.65760
25.66636
25.67512
25.68387
25.69263
25.70139
25.71015
25.71891
25.72767
25.73643
25.74519
25.75395
25.76271
25.77148
25.78024
25.78901
25.79777
25.80654
25.81530
25.82407
25.83284
25.84161
25.85038
25.85915
25.86792
25.87669
25.88546
25.89423
25.90300
25.91178
25.92055
25.92933
25.93810
25.94688
25.95565
25.96443
25.97321
25.98199
25.99077
25.99954
26.00833
26.01711
26.02589
26.03467
26.04345
26.05224
26.06102
26.06980
26.07859
26.08737
26.09616
26.10495
26.11374
26.12252
26.13131
26.14010
26.14889
26.15768
26.16647
26.17527
26.18406
26.19285
26.20164
26.21044
26.21923
26.22803
26.23682
26.24562
26.25442
26.26322
26.27201
26.28081
26.28961
26.29841
26.30721
26.31602
26.32482
26.33362
26.34242
26.35123
26.36003
26.36884
26.37764
26.38645
26.39525
26.40406
26.41287
26.42168
26.43049
26.43930
26.44811
26.45692
26.46573
26.47454
26.48335
26.49217
26.50098
26.50980
26.51861
26.52743
26.53624
26.54506
26.55388
26.56269
26.57151
26.58033
26.58915
26.59797
26.60679
26.61561
26.62444
26.63326
26.64208
26.65091
26.65973
26.66855
26.67738
26.68621
26.69503
26.70386
26.71269
26.72152
26.73034
26.73917
26.74800
26.75683
26.76567
26.77450
26.78333
26.79216
26.80100
26.80983
26.81866
26.82750
26.83634
26.84517
26.85401
26.86285
26.87168
26.88052
26.88936
26.89820
26.90704
26.91588
26.92472
26.93357
26.94241
26.95125
26.96009
26.96894
26.97778
26.98663
26.99547
27.00432
27.01317
27.02201
27.03086
27.03971
27.04856
27.05741
27.06626
27.07511
27.08396
27.09281
27.10167
27.11052
27.11937
27.12823
27.13708
27.14594
27.15479
27.16365
27.17251
27.18136
27.19022
27.19908
27.20794
27.21680
27.22566
27.23452
27.24338
27.25224
27.26110
27.26997
27.27883
27.28769
27.29656
27.30542
27.31429
27.32315
27.33202
27.34089
27.34976
27.35862
27.36749
27.37636
27.38523
27.39410
27.40297
27.41184
27.42072
27.42959
27.43846
27.44733
27.45621
27.46508
27.47396
27.48283
27.49171
27.50059
27.50946
27.51834
27.52722
27.53610
27.54498
27.55386
27.56274
27.57162
27.58050
27.58938
27.59827
27.60715
27.61603
27.62492
27.63380
27.64269
27.65157
27.66046
27.66934
27.67823
27.68712
27.69601
27.70490
27.71378
27.72267
27.73156
27.74046
27.74935
27.75824
27.76713
27.77602
27.78492
27.79381
27.80271
27.81160
27.82050
27.82939
27.83829
27.84719
27.85608
27.86498
27.87388
27.88278
27.89168
27.90058
27.90948
27.91838
27.92728
27.93618
27.94509
27.95399
27.96289
27.97180
27.98070
27.98961
27.99851
28.00742
28.01632
28.02523
28.03414
28.04305
28.05195
28.06086
28.06977
28.07868
28.08759
28.09650
28.10542
28.11433
28.12324
28.13215
28.14107
28.14998
28.15890
28.16781
28.17673
28.18564
28.19456
28.20348
28.21239
28.22131
28.23023
28.23915
28.24807
28.25699
28.26591
28.27483
28.28375
28.29267
28.30160
28.31052
28.31944
28.32837
28.33729
28.34621
28.35514
28.36407
28.37299
28.38192
28.39085
28.39977
28.40870
28.41763
28.42656
28.43549
28.44442
28.45335
28.46228
28.47121
28.48015
28.48908
28.49801
28.50694
28.51588
28.52481
28.53375
28.54268
28.55162
28.56056
28.56949
28.57843
28.58737
28.59631
28.60524
28.61418
28.62312
28.63206
28.64100
28.64994
28.65889
28.66783
28.67677
28.68571
28.69466
28.70360
28.71255
28.72149
28.73044
28.73938
28.74833
28.75727
28.76622
28.77517
28.78412
28.79307
28.80201
28.81096
28.81991
28.82886
28.83782
28.84677
28.85572
28.86467
28.87362
28.88258
28.89153
28.90048
28.90944
28.91839
28.92735
28.93631
28.94526
28.95422
28.96318
28.97213
28.98109
28.99005
28.99901
29.00797
29.01693
29.02589
29.03485
29.04381
29.05277
29.06174
29.07070
29.07966
29.08863
29.09759
29.10656
29.11552
29.12449
29.13345
29.14242
29.15138
29.16035
29.16932
29.17829
29.18726
29.19623
29.20520
29.21417
29.22314
29.23211
29.24108
29.25005
29.25902
29.26799
29.27697
29.28594
29.29491
29.30389
29.31286
29.32184
29.33081
29.33979
29.34877
29.35774
29.36672
29.37570
29.38468
29.39366
29.40264
29.41162
29.42060
29.42958
29.43856
29.44754
29.45652
29.46550
29.47449
29.48347
29.49245
29.50144
29.51042
29.51941
29.52839
29.53738
29.54636
29.55535
29.56434
29.57332
29.58231
29.59130
29.60029
29.60928
29.61827
29.62726
29.63625
29.64524
29.65423
29.66322
29.67221
29.68121
29.69020
29.69919
29.70819
29.71718
29.72618
29.73517
29.74417
29.75316
29.76216
29.77116
29.78015
29.78915
29.79815
29.80715
29.81615
29.82515
29.83415
29.84315
29.85215
29.86115
29.87015
29.87915
29.88815
29.89716
29.90616
29.91516
29.92417
29.93317
29.94218
29.95118
29.96019
29.96919
29.97820
29.98721
29.99621
30.00522
30.01423
30.02324
30.03225
30.04126
30.05027
30.05928
30.06829
30.07730
30.08631
30.09532
30.10433
30.11335
30.12236
30.13137
30.14039
30.14940
30.15841
30.16743
30.17645
30.18546
30.19448
30.20349
30.21251
30.22153
30.23055
30.23956
30.24858
30.25760
30.26662
30.27564
30.28466
30.29368
30.30270
30.31173
30.32075
30.32977
30.33879
30.34782
30.35684
30.36586
30.37489
30.38391
30.39294
30.40196
30.41099
30.42001
30.42904
30.43807
30.44710
30.45612
30.46515
30.47418
30.48321
30.49224
30.50127
30.51030
30.51933
30.52836
30.53739
30.54642
30.55546
30.56449
30.57352
30.58256
30.59159
30.60062
30.60966
30.61869
30.62773
30.63676
30.64580
30.65484
30.66387
30.67291
30.68195
30.69099
30.70003
30.70906
30.71810
30.72714
30.73618
30.74522
30.75426
30.76330
30.77235
30.78139
30.79043
30.79947
30.80852
30.81756
30.82660
30.83565
30.84469
30.85374
30.86278
30.87183
30.88087
30.88992
30.89897
30.90801
30.91706
30.92611
30.93516
30.94421
30.95326
30.96231
30.97136
30.98041
30.98946
30.99851
31.00756
31.01661
31.02566
31.03472
31.04377
31.05282
31.06188
31.07093
31.07998
31.08904
31.09809
31.10715
31.11620
31.12526
31.13432
31.14337
31.15243
31.16149
31.17055
31.17961
31.18866
31.19772
31.20678
31.21584
31.22490
31.23396
31.24303
31.25209
31.26115
31.27021
31.27927
31.28834
31.29740
31.30646
31.31553
31.32459
31.33366
31.34272
31.35179
31.36085
31.36992
31.37898
31.38805
31.39712
31.40619
31.41525
31.42432
31.43339
31.44246
31.45153
31.46060
31.46967
31.47874
31.48781
31.49688
31.50595
31.51502
31.52410
31.53317
31.54224
31.55132
31.56039
31.56946
31.57854
31.58761
31.59669
31.60576
31.61484
31.62392
31.63299
31.64207
31.65115
31.66022
31.66930
31.67838
31.68746
31.69654
31.70562
31.71470
31.72378
31.73286
31.74194
31.75102
31.76010
31.76918
31.77826
31.78735
31.79643
31.80551
31.81460
31.82368
31.83276
31.84185
31.85093
31.86002
31.86910
31.87819
31.88728
31.89636
31.90545
31.91454
31.92362
31.93271
31.94180
31.95089
31.95998
31.96907
31.97816
31.98725
31.99634
32.00543
32.01452
32.02361
32.03270
32.04180
32.05089
32.05998
32.06907
32.07817
32.08726
32.09636
32.10545
32.11455
32.12364
32.13274
32.14183
32.15093
32.16002
32.16912
32.17822
32.18732
32.19641
32.20551
32.21461
32.22371
32.23281
32.24191
32.25101
32.26011
32.26921
32.27831
32.28741
32.29651
32.30561
32.31472
32.32382
32.33292
32.34203
32.35113
32.36023
32.36934
32.37844
32.38755
32.39665
32.40576
32.41486
32.42397
32.43308
32.44218
32.45129
32.46040
32.46951
32.47861
32.48772
32.49683
32.50594
32.51505
32.52416
32.53327
32.54238
32.55149
32.56060
32.56971
32.57883
32.58794
32.59705
32.60616
32.61528
32.62439
32.63350
32.64262
32.65173
32.66085
32.66996
32.67908
32.68819
32.69731
32.70642
32.71554
32.72466
32.73377
32.74289
32.75201
32.76113
32.77025
32.77937
32.78848
32.79760
32.80672
32.81584
32.82496
32.83409
32.84321
32.85233
32.86145
32.87057
32.87969
32.88882
32.89794
32.90706
32.91619
32.92531
32.93443
32.94356
32.95268
32.96181
32.97093
32.98006
32.98919
32.99831
33.00744
33.01657
33.02569
33.03482
33.04395
33.05308
33.06221
33.07134
33.08046
33.08959
33.09872
33.10785
33.11698
33.12611
33.13525
33.14438
33.15351
33.16264
33.17177
33.18091
33.19004
33.19917
33.20831
33.21744
33.22657
33.23571
33.24484
33.25398
33.26311
33.27225
33.28139
33.29052
33.29966
33.30879
