2.79093
2.79093
2.79093
2.79093
2.79093
2.79093
2.79093
2.79092
2.79092
2.79092
2.79092
2.79092
2.79092
2.79092
2.79092
2.79092
2.79092
2.79092
2.79092
2.79091
2.79091
2.79091
2.79091
2.79091
2.79091
2.79091
2.79090
2.79090
2.79090
2.79090
2.79089
2.79089
2.79089
2.79089
2.79088
2.79088
2.79088
2.79087
2.79087
2.79087
2.79086
2.79086
2.79085
2.79085
2.79085
2.79084
2.79084
2.79083
2.79083
2.79082
2.79082
2.79081
2.79081
2.79080
2.79079
2.79079
2.79078
2.79078
2.79077
2.79076
2.79076
2.79075
2.79074
2.79073
2.79073
2.79072
2.79071
2.79070
2.79069
2.79069
2.79068
2.79067
2.79066
2.79065
2.79064
2.79063
2.79062
2.79061
2.79060
2.79059
2.79058
2.79057
2.79055
2.79054
2.79053
2.79052
2.79051
2.79049
2.79048
2.79047
2.79046
2.79044
2.79043
2.79041
2.79040
2.79039
2.79037
2.79036
2.79034
2.79033
2.79031
2.79029
2.79028
2.79026
2.79025
2.79023
2.79021
2.79019
2.79018
2.79016
2.79014
2.79012
2.79010
2.79008
2.79007
2.79005
2.79003
2.79001
2.78999
2.78997
2.78994
2.78992
2.78990
2.78988
2.78986
2.78984
2.78981
2.78979
2.78977
2.78974
2.78972
2.78970
2.78967
2.78965
2.78962
2.78960
2.78957
2.78955
2.78952
2.78949
2.78947
2.78944
2.78941
2.78938
2.78936
2.78933
2.78930
2.78927
2.78924
2.78921
2.78918
2.78915
2.78912
2.78909
2.78906
2.78903
2.78900
2.78896
2.78893
2.78890
2.78886
2.78883
2.78880
2.78876
2.78873
2.78869
2.78866
2.78862
2.78859
2.78855
2.78852
2.78848
2.78844
2.78840
2.78837
2.78833
2.78829
2.78825
2.78821
2.78817
2.78813
2.78809
2.78805
2.78801
2.78797
2.78793
2.78789
2.78784
2.78780
2.78776
2.78772
2.78767
2.78763
2.78758
2.78754
2.78749
2.78745
2.78740
2.78736
2.78731
2.78726
2.78721
2.78717
2.78712
2.78707
2.78702
2.78697
2.78692
2.78687
2.78682
2.78677
2.78672
2.78667
2.78662
2.78657
2.78651
2.78646
2.78641
2.78635
2.78630
2.78625
2.78619
2.78614
2.78608
2.78602
2.78597
2.78591
2.78585
2.78580
2.78574
2.78568
2.78562
2.78556
2.78550
2.78545
2.78539
2.78532
2.78526
2.78520
2.78514
2.78508
2.78502
2.78495
2.78489
2.78483
2.78476
2.78470
2.78463
2.78457
2.78450
2.78444
2.78437
2.78430
2.78424
2.78417
2.78410
2.78403
2.78397
2.78390
2.78383
2.78376
2.78369
2.78362
2.78354
2.78347
2.78340
2.78333
2.78326
2.78318
2.78311
2.78304
2.78296
2.78289
2.78281
2.78274
2.78266
2.78259
2.78251
2.78243
2.78235
2.78228
2.78220
2.78212
2.78204
2.78196
2.78188
2.78180
2.78172
2.78164
2.78156
2.78148
2.78139
2.78131
2.78123
2.78114
2.78106
2.78098
2.78089
2.78081
2.78072
2.78063
2.78055
2.78046
2.78037
2.78029
2.78020
2.78011
2.78002
2.77993
2.77984
2.77975
2.77966
2.77957
2.77948
2.77939
2.77930
2.77920
2.77911
2.77902
2.77892
2.77883
2.77874
2.77864
2.77855
2.77845
2.77835
2.77826
2.77816
2.77806
2.77797
2.77787
2.77777
2.77767
2.77757
2.77747
2.77737
2.77727
2.77717
2.77707
2.77697
2.77686
2.77676
2.77666
2.77655
2.77645
2.77635
2.77624
2.77614
2.77603
2.77593
2.77582
2.77571
2.77560
2.77550
2.77539
2.77528
2.77517
2.77506
2.77495
2.77484
2.77473
2.77462
2.77451
2.77440
2.77429
2.77418
2.77406
2.77395
2.77384
2.77372
2.77361
2.77349
2.77338
2.77326
2.77315
2.77303
2.77291
2.77279
2.77268
2.77256
2.77244
2.77232
2.77220
2.77208
2.77196
2.77184
2.77172
2.77160
2.77148
2.77136
2.77123
2.77111
2.77099
2.77086
2.77074
2.77061
2.77049
2.77036
2.77024
2.77011
2.76999
2.76986
2.76973
2.76960
2.76948
2.76935
2.76922
2.76909
2.76896
2.76883
2.76870
2.76857
2.76844
2.76831
2.76817
2.76804
2.76791
2.76778
2.76764
2.76751
2.76737
2.76724
2.76710
2.76697
2.76683
2.76670
2.76656
2.76642
2.76628
2.76615
2.76601
2.76587
2.76573
2.76559
2.76545
2.76531
2.76517
2.76503
2.76489
2.76475
2.76460
2.76446
2.76432
2.76417
2.76403
2.76389
2.76374
2.76360
2.76345
2.76331
2.76316
2.76301
2.76287
2.76272
2.76257
2.76242
2.76228
2.76213
2.76198
2.76183
2.76168
2.76153
2.76138
2.76123
2.76108
2.76092
2.76077
2.76062
2.76047
2.76031
2.76016
2.76001
2.75985
2.75970
2.75954
2.75939
2.75923
2.75908
2.75892
2.75876
2.75861
2.75845
2.75829
2.75813
2.75797
2.75781
2.75765
2.75749
2.75733
2.75717
2.75701
2.75685
2.75669
2.75653
2.75637
2.75620
2.75604
2.75588
2.75571
2.75555
2.75538
2.75522
2.75505
2.75489
2.75472
2.75456
2.75439
2.75422
2.75406
2.75389
2.75372
2.75355
2.75338
2.75321
2.75304
2.75287
2.75270
2.75253
2.75236
2.75219
2.75202
2.75185
2.75168
2.75150
2.75133
2.75116
2.75098
2.75081
2.75064
2.75046
2.75029
2.75011
2.74993
2.74976
2.74958
2.74941
2.74923
2.74905
2.74887
2.74870
2.74852
2.74834
2.74816
2.74798
2.74780
2.74762
2.74744
2.74726
2.74708
2.74690
2.74672
2.74653
2.74635
2.74617
2.74599
2.74580
2.74562
2.74544
2.74525
2.74507
2.74488
2.74470
2.74451
2.74433
2.74414
2.74395
2.74377
2.74358
2.74339
2.74320
2.74302
2.74283
2.74264
2.74245
2.74226
2.74207
2.74188
2.74169
2.74150
2.74131
2.74112
2.74093
2.74073
2.74054
2.74035
2.74016
2.73996
2.73977
2.73958
2.73938
2.73919
2.73899
2.73880
2.73860
2.73841
2.73821
2.73802
2.73782
2.73762
2.73743
2.73723
2.73703
2.73683
2.73664
2.73644
2.73624
2.73604
2.73584
2.73564
2.73544
2.73524
2.73504
2.73484
2.73464
2.73444
2.73424
2.73403
2.73383
2.73363
2.73343
2.73322
2.73302
2.73282
2.73261
2.73241
2.73220
2.73200
2.73179
2.73159
2.73138
2.73118
2.73097
2.73076
2.73056
2.73035
2.73014
2.72994
2.72973
2.72952
2.72931
2.72910
2.72890
2.72869
2.72848
2.72827
2.72806
2.72785
2.72764
2.72743
2.72721
2.72700
2.72679
2.72658
2.72637
2.72616
2.72594
2.72573
2.72552
2.72530
2.72509
2.72488
2.72466
2.72445
2.72423
2.72402
2.72380
2.72359
2.72337
2.72316
2.72294
2.72273
2.72251
2.72229
2.72208
2.72186
2.72164
2.72142
2.72120
2.72099
2.72077
2.72055
2.72033
2.72011
2.71989
2.71967
2.71945
2.71923
2.71901
2.71879
2.71857
2.71835
2.71813
2.71791
2.71768
2.71746
2.71724
2.71702
2.71680
2.71657
2.71635
2.71613
2.71590
2.71568
2.71545
2.71523
2.71501
2.71478
2.71456
2.71433
2.71411
2.71388
2.71365
2.71343
2.71320
2.71297
2.71275
2.71252
2.71229
2.71207
2.71184
2.71161
2.71138
2.71116
2.71093
2.71070
2.71047
2.71024
2.71001
2.70978
2.70955
2.70932
2.70909
2.70886
2.70863
2.70840
2.70817
2.70794
2.70771
2.70748
2.70724
2.70701
2.70678
2.70655
2.70632
2.70608
2.70585
2.70562
2.70538
2.70515
2.70492
2.70468
2.70445
2.70422
2.70398
2.70375
2.70351
2.70328
2.70304
2.70281
2.70257
2.70234
2.70210
2.70186
2.70163
2.70139
2.70116
2.70092
2.70068
2.70044
2.70021
2.69997
2.69973
2.69949
2.69926
2.69902
2.69878
2.69854
2.69830
2.69806
2.69783
2.69759
2.69735
2.69711
2.69687
2.69663
2.69639
2.69615
2.69591
2.69567
2.69543
2.69519
2.69495
2.69470
2.69446
2.69422
2.69398
2.69374
2.69350
2.69325
2.69301
2.69277
2.69253
2.69228
2.69204
2.69180
2.69156
2.69131
2.69107
2.69083
2.69058
2.69034
2.69009
2.68985
2.68961
2.68936
2.68912
2.68887
2.68863
2.68838
2.68814
2.68789
2.68765
2.68740
2.68715
2.68691
2.68666
2.68642
2.68617
2.68592
2.68568
2.68543
2.68518
2.68494
2.68469
2.68444
2.68420
2.68395
2.68370
2.68345
2.68321
2.68296
2.68271
2.68246
2.68221
2.68196
2.68172
2.68147
2.68122
2.68097
2.68072
2.68047
2.68022
2.67997
2.67972
2.67947
2.67922
2.67897
2.67872
2.67847
2.67822
2.67797
2.67772
2.67747
2.67722
2.67697
2.67672
2.67647
2.67622
2.67597
2.67572
2.67546
2.67521
2.67496
2.67471
2.67446
2.67421
2.67395
2.67370
2.67345
2.67320
2.67295
2.67269
2.67244
2.67219
2.67193
2.67168
2.67143
2.67118
2.67092
2.67067
2.67042
2.67016
2.66991
2.66966
2.66940
2.66915
2.66889
2.66864
2.66839
2.66813
2.66788
2.66762
2.66737
2.66711
2.66686
2.66661
2.66635
2.66610
2.66584
2.66559
2.66533
2.66508
2.66482
2.66457
2.66431
2.66405
2.66380
2.66354
2.66329
2.66303
2.66278
2.66252
2.66226
2.66201
2.66175
2.66150
2.66124
2.66098
2.66073
2.66047
2.66021
2.65996
2.65970
2.65944
2.65919
2.65893
2.65867
2.65842
2.65816
2.65790
2.65765
2.65739
2.65713
2.65687
2.65662
2.65636
2.65610
2.65584
2.65559
2.65533
2.65507
2.65481
2.65456
2.65430
2.65404
2.65378
2.65352
2.65327
2.65301
2.65275
2.65249
2.65223
2.65198
2.65172
2.65146
2.65120
2.65094
2.65068
2.65043
2.65017
2.64991
2.64965
2.64939
2.64913
2.64887
2.64861
2.64836
2.64810
2.64784
2.64758
2.64732
2.64706
2.64680
2.64654
2.64628
2.64602
2.64577
2.64551
2.64525
2.64499
2.64473
2.64447
2.64421
2.64395
2.64369
2.64343
2.64317
2.64291
2.64265
2.64239
2.64213
2.64187
2.64162
2.64136
2.64110
2.64084
2.64058
2.64032
2.64006
2.63980
2.63954
2.63928
2.63902
2.63876
2.63850
2.63824
2.63798
2.63772
2.63746
2.63720
2.63694
2.63668
2.63642
2.63616
2.63590
2.63564
2.63538
2.63512
2.63486
2.63460
2.63434
2.63408
2.63382
2.63356
2.63330
2.63304
2.63278
2.63252
2.63226
2.63200
2.63174
2.63148
2.63122
2.63096
2.63070
2.63044
2.63018
2.62992
2.62966
2.62940
2.62914
2.62888
2.62862
2.62836
2.62810
2.62784
2.62758
2.62732
2.62706
2.62680
2.62654
2.62628
2.62602
2.62576
2.62550
2.62524
2.62498
2.62472
2.62446
2.62420
2.62394
2.62368
2.62342
2.62316
2.62290
2.62264
2.62238
2.62212
2.62186
2.62161
2.62135
2.62109
2.62083
2.62057
2.62031
2.62005
2.61979
2.61953
2.61927
2.61901
2.61875
2.61849
2.61823
2.61797
2.61771
2.61746
2.61720
2.61694
2.61668
2.61642
2.61616
2.61590
2.61564
2.61538
2.61512
2.61486
2.61461
2.61435
2.61409
2.61383
2.61357
2.61331
2.61305
2.61279
2.61254
2.61228
2.61202
2.61176
2.61150
2.61124
2.61099
2.61073
2.61047
2.61021
2.60995
2.60969
2.60944
2.60918
2.60892
2.60866
2.60840
2.60815
2.60789
2.60763
2.60737
2.60712
2.60686
2.60660
2.60634
2.60609
2.60583
2.60557
2.60531
2.60506
2.60480
2.60454
2.60429
2.60403
2.60377
2.60351
2.60326
2.60300
2.60274
2.60249
2.60223
2.60197
2.60172
2.60146
2.60120
2.60095
2.60069
2.60044
2.60018
2.59992
2.59967
2.59941
2.59916
2.59890
2.59864
2.59839
2.59813
2.59788
2.59762
2.59737
2.59711
2.59685
2.59660
2.59634
2.59609
2.59583
2.59558
2.59532
2.59507
2.59481
2.59456
2.59430
2.59405
2.59380
2.59354
2.59329
2.59303
2.59278
2.59252
2.59227
2.59202
2.59176
2.59151
2.59125
2.59100
2.59075
2.59049
2.59024
2.58999
2.58973
2.58948
2.58923
2.58897
2.58872
2.58847
2.58821
2.58796
2.58771
2.58746
2.58720
2.58695
2.58670
2.58645
2.58619
2.58594
2.58569
2.58544
2.58519
2.58493
2.58468
2.58443
2.58418
2.58393
2.58368
2.58343
2.58317
2.58292
2.58267
2.58242
2.58217
2.58192
2.58167
2.58142
2.58117
2.58092
2.58067
2.58042
2.58017
2.57992
2.57967
2.57942
2.57917
2.57892
2.57867
2.57842
2.57817
2.57792
2.57767
2.57742
2.57717
2.57693
2.57668
2.57643
2.57618
2.57593
2.57568
2.57543
2.57519
2.57494
2.57469
2.57444
2.57419
2.57395
2.57370
2.57345
2.57320
2.57296
2.57271
2.57246
2.57222
2.57197
2.57172
2.57148
2.57123
2.57098
2.57074
2.57049
2.57024
2.57000
2.56975
2.56951
2.56926
2.56901
2.56877
2.56852
2.56828
2.56803
2.56779
2.56754
2.56730
2.56705
2.56681
2.56657
2.56632
2.56608
2.56583
2.56559
2.56534
2.56510
2.56486
2.56461
2.56437
2.56413
2.56388
2.56364
2.56340
2.56315
2.56291
2.56267
2.56243
2.56218
2.56194
2.56170
2.56146
2.56122
2.56097
2.56073
2.56049
2.56025
2.56001
2.55977
2.55953
2.55929
2.55904
2.55880
2.55856
2.55832
2.55808
2.55784
2.55760
2.55736
2.55712
2.55688
2.55664
2.55640
2.55616
2.55592
2.55569
2.55545
2.55521
2.55497
2.55473
2.55449
2.55425
2.55402
2.55378
2.55354
2.55330
2.55306
2.55283
2.55259
2.55235
2.55211
2.55188
2.55164
2.55140
2.55117
2.55093
2.55069
2.55046
2.55022
2.54999
2.54975
2.54951
2.54928
2.54904
2.54881
2.54857
2.54834
2.54810
2.54787
2.54763
2.54740
2.54716
2.54693
2.54670
2.54646
2.54623
2.54599
2.54576
2.54553
2.54529
2.54506
2.54483
2.54459
2.54436
2.54413
2.54390
2.54366
2.54343
2.54320
2.54297
2.54274
2.54251
2.54227
2.54204
2.54181
2.54158
2.54135
2.54112
2.54089
2.54066
2.54043
2.54020
2.53997
2.53974
2.53951
2.53928
2.53905
2.53882
2.53859
2.53836
2.53813
2.53790
2.53767
2.53745
2.53722
2.53699
2.53676
2.53653
2.53631
2.53608
2.53585
2.53562
2.53540
2.53517
2.53494
2.53472
2.53449
2.53426
2.53404
2.53381
2.53358
2.53336
2.53313
2.53291
2.53268
2.53246
2.53223
2.53201
2.53178
2.53156
2.53133
2.53111
2.53088
2.53066
2.53044
2.53021
2.52999
2.52977
2.52954
2.52932
2.52910
2.52887
2.52865
2.52843
2.52821
2.52798
2.52776
2.52754
2.52732
2.52710
2.52688
2.52666
2.52643
2.52621
2.52599
2.52577
2.52555
2.52533
2.52511
2.52489
2.52467
2.52445
2.52423
2.52401
2.52379
2.52358
2.52336
2.52314
2.52292
2.52270
2.52248
2.52226
2.52205
2.52183
2.52161
2.52139
2.52118
2.52096
2.52074
2.52053
2.52031
2.52009
2.51988
2.51966
2.51945
2.51923
2.51901
2.51880
2.51858
2.51837
2.51815
2.51794
2.51772
2.51751
2.51729
2.51708
2.51687
2.51665
2.51644
2.51623
2.51601
2.51580
2.51559
2.51537
2.51516
2.51495
2.51474
2.51452
2.51431
2.51410
2.51389
2.51368
2.51347
2.51325
2.51304
2.51283
2.51262
2.51241
2.51220
2.51199
2.51178
2.51157
2.51136
2.51115
2.51094
2.51073
2.51053
2.51032
2.51011
2.50990
2.50969
2.50948
2.50928
2.50907
2.50886
2.50865
2.50845
2.50824
2.50803
2.50782
2.50762
2.50741
2.50721
2.50700
2.50679
2.50659
2.50638
2.50618
2.50597
2.50577
2.50556
2.50536
2.50515
2.50495
2.50474
2.50454
2.50434
2.50413
2.50393
2.50373
2.50352
2.50332
2.50312
2.50292
2.50271
2.50251
2.50231
2.50211
2.50191
2.50170
2.50150
2.50130
2.50110
2.50090
2.50070
2.50050
2.50030
2.50010
2.49990
2.49970
2.49950
2.49930
2.49910
2.49890
2.49870
2.49850
2.49830
2.49811
2.49791
2.49771
2.49751
2.49731
2.49712
2.49692
2.49672
2.49653
2.49633
2.49613
2.49594
2.49574
2.49554
2.49535
2.49515
2.49496
2.49476
2.49457
2.49437
2.49418
2.49398
2.49379
2.49359
2.49340
2.49321
2.49301
2.49282
2.49263
2.49243
2.49224
2.49205
2.49185
2.49166
2.49147
2.49128
2.49109
2.49089
2.49070
2.49051
2.49032
2.49013
2.48994
2.48975
2.48956
2.48937
2.48918
2.48899
2.48880
2.48861
2.48842
2.48823
2.48804
2.48785
2.48766
2.48747
2.48729
2.48710
2.48691
2.48672
2.48654
2.48635
2.48616
2.48597
2.48579
2.48560
2.48541
2.48523
2.48504
2.48486
2.48467
2.48448
2.48430
2.48411
2.48393
2.48374
2.48356
2.48338
2.48319
2.48301
2.48282
2.48264
2.48246
2.48227
2.48209
2.48191
2.48173
2.48154
2.48136
2.48118
2.48100
2.48081
2.48063
2.48045
2.48027
2.48009
2.47991
2.47973
2.47955
2.47937
2.47919
2.47901
2.47883
2.47865
2.47847
2.47829
2.47811
2.47793
2.47775
2.47757
2.47740
2.47722
2.47704
2.47686
2.47669
2.47651
2.47633
2.47615
2.47598
2.47580
2.47562
2.47545
2.47527
2.47510
2.47492
2.47475
2.47457
2.47440
2.47422
2.47405
2.47387
2.47370
2.47352
2.47335
2.47318
2.47300
2.47283
2.47266
2.47248
2.47231
2.47214
2.47196
2.47179
2.47162
2.47145
2.47128
2.47111
2.47093
2.47076
2.47059
2.47042
2.47025
2.47008
2.46991
2.46974
2.46957
2.46940
2.46923
2.46906
2.46889
2.46873
2.46856
2.46839
2.46822
2.46805
2.46788
2.46772
2.46755
2.46738
2.46721
2.46705
2.46688
2.46671
2.46655
2.46638
2.46622
2.46605
2.46588
2.46572
2.46555
2.46539
2.46522
2.46506
2.46490
2.46473
2.46457
2.46440
2.46424
2.46408
2.46391
2.46375
2.46359
2.46342
2.46326
2.46310
2.46294
2.46278
2.46261
2.46245
2.46229
2.46213
2.46197
2.46181
2.46165
2.46149
2.46133
2.46117
2.46101
2.46085
2.46069
2.46053
2.46037
2.46021
2.46005
2.45989
2.45973
2.45958
2.45942
2.45926
2.45910
2.45895
2.45879
2.45863
2.45847
2.45832
2.45816
2.45801
2.45785
2.45769
2.45754
2.45738
2.45723
2.45707
2.45692
2.45676
2.45661
2.45645
2.45630
2.45615
2.45599
2.45584
2.45569
2.45553
2.45538
2.45523
2.45507
2.45492
2.45477
2.45462
2.45447
2.45431
2.45416
2.45401
2.45386
2.45371
2.45356
2.45341
2.45326
2.45311
2.45296
2.45281
2.45266
2.45251
2.45236
2.45221
2.45206
2.45191
2.45177
2.45162
2.45147
2.45132
2.45117
2.45103
2.45088
2.45073
2.45059
2.45044
2.45029
2.45015
2.45000
2.44985
2.44971
2.44956
2.44942
2.44927
2.44913
2.44898
2.44884
2.44869
2.44855
2.44841
2.44826
2.44812
2.44798
2.44783
2.44769
2.44755
2.44740
2.44726
2.44712
2.44698
2.44684
2.44669
2.44655
2.44641
2.44627
2.44613
2.44599
2.44585
2.44571
2.44557
2.44543
2.44529
2.44515
2.44501
2.44487
2.44473
2.44459
2.44445
2.44432
2.44418
2.44404
2.44390
2.44376
2.44363
2.44349
2.44335
2.44321
2.44308
2.44294
2.44281
2.44267
2.44253
2.44240
2.44226
2.44213
2.44199
2.44186
2.44172
2.44159
2.44145
2.44132
2.44118
2.44105
2.44092
2.44078
2.44065
2.44052
2.44038
2.44025
2.44012
2.43999
2.43986
2.43972
2.43959
2.43946
2.43933
2.43920
2.43907
2.43894
2.43881
2.43867
2.43854
2.43841
2.43828
2.43816
2.43803
2.43790
2.43777
2.43764
2.43751
2.43738
2.43725
2.43712
2.43700
2.43687
2.43674
2.43661
2.43649
2.43636
2.43623
2.43611
2.43598
2.43585
2.43573
2.43560
2.43548
2.43535
2.43523
2.43510
2.43498
2.43485
2.43473
2.43460
2.43448
2.43435
2.43423
2.43411
2.43398
2.43386
2.43374
2.43361
2.43349
2.43337
2.43325
2.43313
2.43300
2.43288
2.43276
2.43264
2.43252
2.43240
2.43228
2.43216
2.43204
2.43192
2.43180
2.43168
2.43156
2.43144
2.43132
2.43120
2.43108
2.43096
2.43084
2.43072
2.43061
2.43049
2.43037
2.43025
2.43014
2.43002
2.42990
2.42978
2.42967
2.42955
2.42944
2.42932
2.42920
2.42909
2.42897
2.42886
2.42874
2.42863
2.42851
2.42840
2.42828
2.42817
2.42806
2.42794
2.42783
2.42772
2.42760
2.42749
2.42738
2.42726
2.42715
2.42704
2.42693
2.42681
2.42670
2.42659
2.42648
2.42637
2.42626
2.42615
2.42604
2.42593
2.42582
2.42571
2.42560
2.42549
2.42538
2.42527
2.42516
2.42505
2.42494
2.42483
2.42472
2.42462
2.42451
2.42440
2.42429
2.42418
2.42408
2.42397
2.42386
2.42376
2.42365
2.42354
2.42344
2.42333
2.42323
2.42312
2.42301
2.42291
2.42280
2.42270
2.42260
2.42249
2.42239
2.42228
2.42218
2.42207
2.42197
2.42187
2.42176
2.42166
2.42156
2.42146
2.42135
2.42125
2.42115
2.42105
2.42095
2.42084
2.42074
2.42064
2.42054
2.42044
2.42034
2.42024
2.42014
2.42004
2.41994
2.41984
2.41974
2.41964
2.41954
2.41944
2.41934
2.41924
2.41915
2.41905
2.41895
2.41885
2.41875
2.41866
2.41856
2.41846
2.41836
2.41827
2.41817
2.41807
2.41798
2.41788
2.41779
2.41769
2.41760
2.41750
2.41740
2.41731
2.41721
2.41712
2.41703
2.41693
2.41684
2.41674
2.41665
2.41656
2.41646
2.41637
2.41628
2.41618
2.41609
2.41600
2.41591
2.41581
2.41572
2.41563
2.41554
2.41545
2.41536
2.41527
2.41517
2.41508
2.41499
2.41490
2.41481
2.41472
2.41463
2.41454
2.41445
2.41437
2.41428
2.41419
2.41410
2.41401
2.41392
2.41383
2.41375
2.41366
2.41357
2.41348
2.41340
2.41331
2.41322
2.41314
2.41305
2.41296
2.41288
2.41279
2.41270
2.41262
2.41253
2.41245
2.41236
2.41228
2.41219
2.41211
2.41202
2.41194
2.41186
2.41177
2.41169
2.41160
2.41152
2.41144
2.41135
2.41127
2.41119
2.41111
2.41102
2.41094
2.41086
2.41078
2.41070
2.41062
2.41053
2.41045
2.41037
2.41029
2.41021
2.41013
2.41005
2.40997
2.40989
2.40981
2.40973
2.40965
2.40957
2.40949
2.40942
2.40934
2.40926
2.40918
2.40910
2.40902
2.40895
2.40887
2.40879
2.40871
2.40864
2.40856
2.40848
2.40841
2.40833
2.40825
2.40818
2.40810
2.40803
2.40795
2.40788
2.40780
2.40773
2.40765
2.40758
2.40750
2.40743
2.40735
2.40728
2.40721
2.40713
2.40706
2.40699
2.40691
2.40684
2.40677
2.40669
2.40662
2.40655
2.40648
2.40641
2.40633
2.40626
2.40619
2.40612
2.40605
2.40598
2.40591
2.40584
2.40577
2.40570
2.40563
2.40556
2.40549
2.40542
2.40535
2.40528
2.40521
2.40514
2.40507
2.40501
2.40494
2.40487
2.40480
2.40473
2.40467
2.40460
2.40453
2.40446
2.40440
2.40433
2.40426
2.40420
2.40413
2.40406
2.40400
2.40393
2.40387
2.40380
2.40374
2.40367
2.40361
2.40354
2.40348
2.40341
2.40335
2.40328
2.40322
2.40316
2.40309
2.40303
2.40297
2.40290
2.40284
2.40278
2.40272
2.40265
2.40259
2.40253
2.40247
2.40241
2.40234
2.40228
2.40222
2.40216
2.40210
2.40204
2.40198
2.40192
2.40186
2.40180
2.40174
2.40168
2.40162
2.40156
2.40150
2.40144
2.40138
2.40132
2.40126
2.40121
2.40115
2.40109
2.40103
2.40097
2.40092
2.40086
2.40080
2.40074
2.40069
2.40063
2.40057
2.40052
2.40046
2.40041
2.40035
2.40029
2.40024
2.40018
2.40013
2.40007
2.40002
2.39996
2.39991
2.39985
2.39980
2.39974
2.39969
2.39964
2.39958
2.39953
2.39948
2.39942
2.39937
2.39932
2.39926
2.39921
2.39916
2.39911
2.39906
2.39900
2.39895
2.39890
2.39885
2.39880
2.39875
2.39870
2.39864
2.39859
2.39854
2.39849
2.39844
2.39839
2.39834
2.39829
2.39824
2.39820
2.39815
2.39810
2.39805
2.39800
2.39795
2.39790
2.39785
2.39781
2.39776
2.39771
2.39766
2.39762
2.39757
2.39752
2.39747
2.39743
2.39738
2.39733
2.39729
2.39724
2.39720
2.39715
2.39710
2.39706
2.39701
2.39697
2.39692
2.39688
2.39683
2.39679
2.39674
2.39670
2.39666
2.39661
2.39657
2.39653
2.39648
2.39644
2.39640
2.39635
2.39631
2.39627
2.39622
2.39618
2.39614
2.39610
2.39606
2.39601
2.39597
2.39593
2.39589
2.39585
2.39581
2.39577
2.39573
2.39569
2.39564
2.39560
2.39556
2.39552
2.39548
2.39545
2.39541
2.39537
2.39533
2.39529
2.39525
2.39521
2.39517
2.39513
2.39510
2.39506
2.39502
2.39498
2.39494
2.39491
2.39487
2.39483
2.39480
2.39476
2.39472
2.39469
2.39465
2.39461
2.39458
2.39454
2.39451
2.39447
2.39443
2.39440
2.39436
2.39433
2.39429
2.39426
2.39422
2.39419
2.39416
2.39412
2.39409
2.39405
2.39402
2.39399
2.39395
2.39392
2.39389
2.39385
2.39382
2.39379
2.39376
2.39372
2.39369
2.39366
2.39363
2.39360
2.39356
2.39353
2.39350
2.39347
2.39344
2.39341
2.39338
2.39335
2.39332
2.39329
2.39326
2.39323
2.39320
2.39317
2.39314
2.39311
2.39308
2.39305
2.39302
2.39299
2.39296
2.39294
2.39291
2.39288
2.39285
2.39282
2.39280
2.39277
2.39274
2.39271
2.39269
2.39266
2.39263
2.39261
2.39258
2.39255
2.39253
2.39250
2.39247
2.39245
2.39242
2.39240
2.39237
2.39235
2.39232
2.39230
2.39227
2.39225
2.39222
2.39220
2.39217
2.39215
2.39213
2.39210
2.39208
2.39206
2.39203
2.39201
2.39199
2.39196
2.39194
2.39192
2.39189
2.39187
2.39185
2.39183
2.39181
2.39178
2.39176
2.39174
2.39172
2.39170
2.39168
2.39166
2.39164
2.39162
2.39159
2.39157
2.39155
2.39153
2.39151
2.39149
2.39147
2.39145
2.39144
2.39142
2.39140
2.39138
2.39136
2.39134
2.39132
2.39130
2.39129
2.39127
2.39125
2.39123
2.39121
2.39120
2.39118
2.39116
2.39114
2.39113
2.39111
2.39109
2.39108
2.39106
2.39104
2.39103
2.39101
2.39100
2.39098
2.39097
2.39095
2.39093
2.39092
2.39090
2.39089
2.39087
2.39086
2.39085
2.39083
2.39082
2.39080
2.39079
2.39077
2.39076
2.39075
2.39073
2.39072
2.39071
2.39069
2.39068
2.39067
2.39066
2.39064
2.39063
2.39062
2.39061
2.39060
2.39058
2.39057
2.39056
2.39055
2.39054
2.39053
2.39052
2.39051
2.39049
2.39048
2.39047
2.39046
2.39045
2.39044
2.39043
2.39042
2.39041
2.39040
2.39040
2.39039
2.39038
2.39037
2.39036
2.39035
2.39034
2.39033
2.39033
2.39032
2.39031
2.39030
2.39029
2.39029
2.39028
2.39027
2.39026
2.39026
2.39025
2.39024
2.39024
2.39023
2.39022
2.39022
2.39021
2.39021
2.39020
2.39019
2.39019
2.39018
2.39018
2.39017
2.39017
2.39016
2.39016
2.39015
2.39015
2.39014
2.39014
2.39013
2.39013
2.39013
2.39012
2.39012
2.39012
2.39011
2.39011
2.39011
2.39010
2.39010
2.39010
2.39009
2.39009
2.39009
2.39009
2.39009
2.39008
2.39008
2.39008
2.39008
2.39008
2.39008
2.39007
2.39007
2.39007
2.39007
2.39007
2.39007
2.39007
2.39007
2.39007
2.39007
2.39007
2.39007
2.39007
2.39007
2.39007
2.39007
2.39007
2.39007
2.39007
2.39008
2.39008
2.39008
2.39008
2.39008
2.39008
2.39009
2.39009
2.39009
2.39009
2.39009
2.39010
2.39010
2.39010
2.39011
2.39011
2.39011
2.39012
2.39012
2.39012
2.39013
2.39013
2.39013
2.39014
2.39014
2.39015
2.39015
2.39016
2.39016
2.39017
2.39017
2.39018
2.39018
2.39019
2.39019
2.39020
2.39020
2.39021
2.39021
2.39022
2.39023
2.39023
2.39024
2.39025
2.39025
2.39026
2.39027
2.39027
2.39028
2.39029
2.39029
2.39030
2.39031
2.39032
2.39033
2.39033
2.39034
2.39035
2.39036
2.39037
2.39038
2.39038
2.39039
2.39040
2.39041
2.39042
2.39043
2.39044
2.39045
2.39046
2.39047
2.39048
2.39049
2.39050
2.39051
2.39052
2.39053
2.39054
2.39055
2.39056
2.39057
2.39058
2.39060
2.39061
2.39062
2.39063
2.39064
2.39065
2.39067
2.39068
2.39069
2.39070
2.39071
2.39073
2.39074
2.39075
2.39077
2.39078
2.39079
2.39081
2.39082
2.39083
2.39085
2.39086
2.39087
2.39089
2.39090
2.39092
2.39093
2.39094
2.39096
2.39097
2.39099
2.39100
2.39102
2.39103
2.39105
2.39106
2.39108
2.39109
2.39111
2.39113
2.39114
2.39116
2.39117
2.39119
2.39121
2.39122
2.39124
2.39126
2.39127
2.39129
2.39131
2.39133
2.39134
2.39136
2.39138
2.39140
2.39141
2.39143
2.39145
2.39147
2.39149
2.39150
2.39152
2.39154
2.39156
2.39158
2.39160
2.39162
2.39163
2.39165
2.39167
2.39169
2.39171
2.39173
2.39175
2.39177
2.39179
2.39181
2.39183
2.39185
2.39187
2.39189
2.39191
2.39194
2.39196
2.39198
2.39200
2.39202
2.39204
2.39206
2.39208
2.39211
2.39213
2.39215
2.39217
2.39219
2.39222
2.39224
2.39226
2.39228
2.39231
2.39233
2.39235
2.39237
2.39240
2.39242
2.39244
2.39247
2.39249
2.39251
2.39254
2.39256
2.39259
2.39261
2.39263
2.39266
2.39268
2.39271
2.39273
2.39276
2.39278
2.39281
2.39283
2.39286
2.39288
2.39291
2.39293
2.39296
2.39298
2.39301
2.39304
2.39306
2.39309
2.39311
2.39314
2.39317
2.39319
2.39322
2.39325
2.39327
2.39330
2.39333
2.39336
2.39338
2.39341
2.39344
2.39347
2.39349
2.39352
2.39355
2.39358
2.39361
2.39363
2.39366
2.39369
2.39372
2.39375
2.39378
2.39381
2.39383
2.39386
2.39389
2.39392
2.39395
2.39398
2.39401
2.39404
2.39407
2.39410
2.39413
2.39416
2.39419
2.39422
2.39425
2.39428
2.39431
2.39434
2.39437
2.39440
2.39444
2.39447
2.39450
2.39453
2.39456
2.39459
2.39462
2.39466
2.39469
2.39472
2.39475
2.39478
2.39482
2.39485
2.39488
2.39491
2.39495
2.39498
2.39501
2.39505
2.39508
2.39511
2.39514
2.39518
2.39521
2.39525
2.39528
2.39531
2.39535
2.39538
2.39541
2.39545
2.39548
2.39552
2.39555
2.39559
2.39562
2.39566
2.39569
2.39573
2.39576
2.39580
2.39583
2.39587
2.39590
2.39594
2.39597
2.39601
2.39605
2.39608
2.39612
2.39615
2.39619
2.39623
2.39626
2.39630
2.39634
2.39637
2.39641
2.39645
2.39648
2.39652
2.39656
2.39660
2.39663
2.39667
2.39671
2.39675
2.39678
2.39682
2.39686
2.39690
2.39694
2.39697
2.39701
2.39705
2.39709
2.39713
2.39717
2.39721
2.39725
2.39728
2.39732
2.39736
2.39740
2.39744
2.39748
2.39752
2.39756
2.39760
2.39764
2.39768
2.39772
2.39776
2.39780
2.39784
2.39788
2.39792
2.39796
2.39801
2.39805
2.39809
2.39813
2.39817
2.39821
2.39825
2.39829
2.39833
2.39838
2.39842
2.39846
2.39850
2.39854
2.39859
2.39863
2.39867
2.39871
2.39876
2.39880
2.39884
2.39888
2.39893
2.39897
2.39901
2.39906
2.39910
2.39914
2.39919
2.39923
2.39927
2.39932
2.39936
2.39940
2.39945
2.39949
2.39954
2.39958
2.39963
2.39967
2.39971
2.39976
2.39980
2.39985
2.39989
2.39994
2.39998
2.40003
2.40007
2.40012
2.40016
2.40021
2.40026
2.40030
2.40035
2.40039
2.40044
2.40048
2.40053
2.40058
2.40062
2.40067
2.40072
2.40076
2.40081
2.40086
2.40090
2.40095
2.40100
2.40104
2.40109
2.40114
2.40119
2.40123
2.40128
2.40133
2.40138
2.40142
2.40147
2.40152
2.40157
2.40162
2.40167
2.40171
2.40176
2.40181
2.40186
2.40191
2.40196
2.40201
2.40205
2.40210
2.40215
2.40220
2.40225
2.40230
2.40235
2.40240
2.40245
2.40250
2.40255
2.40260
2.40265
2.40270
2.40275
2.40280
2.40285
2.40290
2.40295
2.40300
2.40305
2.40310
2.40315
2.40321
2.40326
2.40331
2.40336
2.40341
2.40346
2.40351
2.40356
2.40362
2.40367
2.40372
2.40377
2.40382
2.40388
2.40393
2.40398
2.40403
2.40408
2.40414
2.40419
2.40424
2.40430
2.40435
2.40440
2.40445
2.40451
2.40456
2.40461
2.40467
2.40472
2.40477
2.40483
2.40488
2.40493
2.40499
2.40504
2.40510
2.40515
2.40520
2.40526
2.40531
2.40537
2.40542
2.40548
2.40553
2.40559
2.40564
2.40570
2.40575
2.40581
2.40586
2.40592
2.40597
2.40603
2.40608
2.40614
2.40619
2.40625
2.40631
2.40636
2.40642
2.40647
2.40653
2.40659
2.40664
2.40670
2.40675
2.40681
2.40687
2.40692
2.40698
2.40704
2.40710
2.40715
2.40721
2.40727
2.40732
2.40738
2.40744
2.40750
2.40755
2.40761
2.40767
2.40773
2.40778
2.40784
2.40790
2.40796
2.40802
2.40808
2.40813
2.40819
2.40825
2.40831
2.40837
2.40843
2.40849
2.40854
2.40860
2.40866
2.40872
2.40878
2.40884
2.40890
2.40896
2.40902
2.40908
2.40914
2.40920
2.40926
2.40932
2.40938
2.40944
2.40950
2.40956
2.40962
2.40968
2.40974
2.40980
2.40986
2.40992
2.40998
2.41004
2.41010
2.41016
2.41023
2.41029
2.41035
2.41041
2.41047
2.41053
2.41059
2.41065
2.41072
2.41078
2.41084
2.41090
2.41096
2.41103
2.41109
2.41115
2.41121
2.41127
2.41134
2.41140
2.41146
2.41152
2.41159
2.41165
2.41171
2.41178
2.41184
2.41190
2.41197
2.41203
2.41209
2.41216
2.41222
2.41228
2.41235
2.41241
2.41247
2.41254
2.41260
2.41267
2.41273
2.41279
2.41286
2.41292
2.41299
2.41305
2.41312
2.41318
2.41324
2.41331
2.41337
2.41344
2.41350
2.41357
2.41363
2.41370
2.41376
2.41383
2.41390
2.41396
2.41403
2.41409
2.41416
2.41422
2.41429
2.41435
2.41442
2.41449
2.41455
2.41462
2.41469
2.41475
2.41482
2.41488
2.41495
2.41502
2.41508
2.41515
2.41522
2.41528
2.41535
2.41542
2.41549
2.41555
2.41562
2.41569
2.41575
2.41582
2.41589
2.41596
2.41602
2.41609
2.41616
2.41623
2.41630
2.41636
2.41643
2.41650
2.41657
2.41664
2.41671
2.41677
2.41684
2.41691
2.41698
2.41705
2.41712
2.41719
2.41725
2.41732
2.41739
2.41746
2.41753
2.41760
2.41767
2.41774
2.41781
2.41788
2.41795
2.41802
2.41809
2.41816
2.41823
2.41830
2.41837
2.41844
2.41851
2.41858
2.41865
2.41872
2.41879
2.41886
2.41893
2.41900
2.41907
2.41914
2.41921
2.41928
2.41935
2.41942
2.41950
2.41957
2.41964
2.41971
2.41978
2.41985
2.41992
2.41999
2.42007
2.42014
2.42021
2.42028
2.42035
2.42043
2.42050
2.42057
2.42064
2.42071
2.42079
2.42086
2.42093
2.42100
2.42108
2.42115
2.42122
2.42129
2.42137
2.42144
2.42151
2.42159
2.42166
2.42173
2.42180
2.42188
2.42195
2.42202
2.42210
2.42217
2.42225
2.42232
2.42239
2.42247
2.42254
2.42261
2.42269
2.42276
2.42284
2.42291
2.42298
2.42306
2.42313
2.42321
2.42328
2.42336
2.42343
2.42351
2.42358
2.42365
2.42373
2.42380
2.42388
2.42395
2.42403
2.42410
2.42418
2.42426
2.42433
2.42441
2.42448
2.42456
2.42463
2.42471
2.42478
2.42486
2.42494
2.42501
2.42509
2.42516
2.42524
2.42532
2.42539
2.42547
2.42554
2.42562
2.42570
2.42577
2.42585
2.42593
2.42600
2.42608
2.42616
2.42623
2.42631
2.42639
2.42647
2.42654
2.42662
2.42670
2.42677
2.42685
2.42693
2.42701
2.42708
2.42716
2.42724
2.42732
2.42740
2.42747
2.42755
2.42763
2.42771
2.42779
2.42786
2.42794
2.42802
2.42810
2.42818
2.42826
2.42833
2.42841
2.42849
2.42857
2.42865
2.42873
2.42881
2.42889
2.42896
2.42904
2.42912
2.42920
2.42928
2.42936
2.42944
2.42952
2.42960
2.42968
2.42976
2.42984
2.42992
2.43000
2.43008
2.43016
2.43024
2.43032
2.43040
2.43048
2.43056
2.43064
2.43072
2.43080
2.43088
2.43096
2.43104
2.43112
2.43120
2.43128
2.43136
2.43144
2.43152
2.43160
2.43168
2.43177
2.43185
2.43193
2.43201
2.43209
2.43217
2.43225
2.43233
2.43242
2.43250
2.43258
2.43266
2.43274
2.43282
2.43291
2.43299
2.43307
2.43315
2.43323
2.43332
2.43340
2.43348
2.43356
2.43365
2.43373
2.43381
2.43389
2.43398
2.43406
2.43414
2.43422
2.43431
2.43439
2.43447
2.43455
2.43464
2.43472
2.43480
2.43489
2.43497
2.43505
2.43514
2.43522
2.43530
2.43539
2.43547
2.43555
2.43564
2.43572
2.43581
2.43589
2.43597
2.43606
2.43614
2.43623
2.43631
2.43639
2.43648
2.43656
2.43665
2.43673
2.43681
2.43690
2.43698
2.43707
2.43715
2.43724
2.43732
2.43741
2.43749
2.43758
2.43766
2.43775
2.43783
2.43792
2.43800
2.43809
2.43817
2.43826
2.43834
2.43843
2.43851
2.43860
2.43869
2.43877
2.43886
2.43894
2.43903
2.43911
2.43920
2.43929
2.43937
2.43946
2.43954
2.43963
2.43972
2.43980
2.43989
2.43998
2.44006
2.44015
2.44024
2.44032
2.44041
2.44050
2.44058
2.44067
2.44076
2.44084
2.44093
2.44102
2.44110
2.44119
2.44128
2.44136
2.44145
2.44154
2.44163
2.44171
2.44180
2.44189
2.44198
2.44206
2.44215
2.44224
2.44233
2.44241
2.44250
2.44259
2.44268
2.44277
2.44285
2.44294
2.44303
2.44312
2.44321
2.44330
2.44338
2.44347
2.44356
2.44365
2.44374
2.44383
2.44392
2.44400
2.44409
2.44418
2.44427
2.44436
2.44445
2.44454
2.44463
2.44472
2.44480
2.44489
2.44498
2.44507
2.44516
2.44525
2.44534
2.44543
2.44552
2.44561
2.44570
2.44579
2.44588
2.44597
2.44606
2.44615
2.44624
2.44633
2.44642
2.44651
2.44660
2.44669
2.44678
2.44687
2.44696
2.44705
2.44714
2.44723
2.44732
2.44741
2.44750
2.44759
2.44768
2.44777
2.44786
2.44795
2.44805
2.44814
2.44823
2.44832
2.44841
2.44850
2.44859
2.44868
2.44877
2.44887
2.44896
2.44905
2.44914
2.44923
2.44932
2.44941
2.44951
2.44960
2.44969
2.44978
2.44987
2.44997
2.45006
2.45015
2.45024
2.45033
2.45043
2.45052
2.45061
2.45070
2.45079
2.45089
2.45098
2.45107
2.45116
2.45126
2.45135
2.45144
2.45153
2.45163
2.45172
2.45181
2.45190
2.45200
2.45209
2.45218
2.45228
2.45237
2.45246
2.45256
2.45265
2.45274
2.45284
2.45293
2.45302
2.45312
2.45321
2.45330
2.45340
2.45349
2.45358
2.45368
2.45377
2.45386
2.45396
2.45405
2.45415
2.45424
2.45433
2.45443
2.45452
2.45462
2.45471
2.45480
2.45490
2.45499
2.45509
2.45518
2.45528
2.45537
2.45546
2.45556
2.45565
2.45575
2.45584
2.45594
2.45603
2.45613
2.45622
2.45632
2.45641
2.45651
2.45660
2.45670
2.45679
2.45689
2.45698
2.45708
2.45717
2.45727
2.45736
2.45746
2.45755
2.45765
2.45775
2.45784
2.45794
2.45803
2.45813
2.45822
2.45832
2.45842
2.45851
2.45861
2.45870
2.45880
2.45890
2.45899
2.45909
2.45918
2.45928
2.45938
2.45947
2.45957
2.45967
2.45976
2.45986
2.45995
2.46005
2.46015
2.46024
2.46034
2.46044
2.46053
2.46063
2.46073
2.46083
2.46092
2.46102
2.46112
2.46121
2.46131
2.46141
2.46150
2.46160
2.46170
2.46180
2.46189
2.46199
2.46209
2.46219
2.46228
2.46238
2.46248
2.46258
2.46267
2.46277
2.46287
2.46297
2.46306
2.46316
2.46326
2.46336
2.46346
2.46355
2.46365
2.46375
2.46385
2.46395
2.46404
2.46414
2.46424
2.46434
2.46444
2.46454
2.46463
2.46473
2.46483
2.46493
2.46503
2.46513
2.46523
2.46533
2.46542
2.46552
2.46562
2.46572
2.46582
2.46592
2.46602
2.46612
2.46622
2.46631
2.46641
2.46651
2.46661
2.46671
2.46681
2.46691
2.46701
2.46711
2.46721
2.46731
2.46741
2.46751
2.46761
2.46771
2.46781
2.46791
2.46801
2.46810
2.46820
2.46830
2.46840
2.46850
2.46860
2.46870
2.46880
2.46890
2.46900
2.46910
2.46921
2.46931
2.46941
2.46951
2.46961
2.46971
2.46981
2.46991
2.47001
2.47011
2.47021
2.47031
2.47041
2.47051
2.47061
2.47071
2.47081
2.47091
2.47102
2.47112
2.47122
2.47132
2.47142
2.47152
2.47162
2.47172
2.47182
2.47193
2.47203
2.47213
2.47223
2.47233
2.47243
2.47253
2.47263
2.47274
2.47284
2.47294
2.47304
2.47314
2.47324
2.47335
2.47345
2.47355
2.47365
2.47375
2.47385
2.47396
2.47406
2.47416
2.47426
2.47437
2.47447
2.47457
2.47467
2.47477
2.47488
2.47498
2.47508
2.47518
2.47529
2.47539
2.47549
2.47559
2.47570
2.47580
2.47590
2.47600
2.47611
2.47621
2.47631
2.47641
2.47652
2.47662
2.47672
2.47683
2.47693
2.47703
2.47713
2.47724
2.47734
2.47744
2.47755
2.47765
2.47775
2.47786
2.47796
2.47806
2.47817
2.47827
2.47837
2.47848
2.47858
2.47868
2.47879
2.47889
2.47899
2.47910
2.47920
2.47931
2.47941
2.47951
2.47962
2.47972
2.47983
2.47993
2.48003
2.48014
2.48024
2.48035
2.48045
2.48055
2.48066
2.48076
2.48087
2.48097
2.48107
2.48118
2.48128
2.48139
2.48149
2.48160
2.48170
2.48181
2.48191
2.48202
2.48212
2.48222
2.48233
2.48243
2.48254
2.48264
2.48275
2.48285
2.48296
2.48306
2.48317
2.48327
2.48338
2.48348
2.48359
2.48369
2.48380
2.48390
2.48401
2.48411
2.48422
2.48432
2.48443
2.48454
2.48464
2.48475
2.48485
2.48496
2.48506
2.48517
2.48527
2.48538
2.48549
2.48559
2.48570
2.48580
2.48591
2.48601
2.48612
2.48623
2.48633
2.48644
2.48654
2.48665
2.48676
2.48686
2.48697
2.48707
2.48718
2.48729
2.48739
2.48750
2.48761
2.48771
2.48782
2.48792
2.48803
2.48814
2.48824
2.48835
2.48846
2.48856
2.48867
2.48878
2.48888
2.48899
2.48910
2.48920
2.48931
2.48942
2.48952
2.48963
2.48974
2.48985
2.48995
2.49006
2.49017
2.49027
2.49038
2.49049
2.49060
2.49070
2.49081
2.49092
2.49102
2.49113
2.49124
2.49135
2.49145
2.49156
2.49167
2.49178
2.49188
2.49199
2.49210
2.49221
2.49231
2.49242
2.49253
2.49264
2.49274
2.49285
2.49296
2.49307
2.49318
2.49328
2.49339
2.49350
2.49361
2.49372
2.49382
2.49393
2.49404
2.49415
2.49426
2.49436
2.49447
2.49458
2.49469
2.49480
2.49491
2.49501
2.49512
2.49523
2.49534
2.49545
2.49556
2.49567
2.49577
2.49588
2.49599
2.49610
2.49621
2.49632
2.49643
2.49653
2.49664
2.49675
2.49686
2.49697
2.49708
2.49719
2.49730
2.49741
2.49751
2.49762
2.49773
2.49784
2.49795
2.49806
2.49817
2.49828
2.49839
2.49850
2.49861
2.49872
2.49883
2.49893
2.49904
2.49915
2.49926
2.49937
2.49948
2.49959
2.49970
2.49981
2.49992
2.50003
2.50014
2.50025
2.50036
2.50047
2.50058
2.50069
2.50080
2.50091
2.50102
2.50113
2.50124
2.50135
2.50146
2.50157
2.50168
2.50179
2.50190
2.50201
2.50212
2.50223
2.50234
2.50245
2.50256
2.50267
2.50278
2.50289
2.50300
2.50311
2.50322
2.50333
2.50344
2.50355
2.50366
2.50378
2.50389
2.50400
2.50411
2.50422
2.50433
2.50444
2.50455
2.50466
2.50477
2.50488
2.50499
2.50510
2.50522
2.50533
2.50544
2.50555
2.50566
2.50577
2.50588
2.50599
2.50610
2.50621
2.50633
2.50644
2.50655
2.50666
2.50677
2.50688
2.50699
2.50711
2.50722
2.50733
2.50744
2.50755
2.50766
2.50777
2.50789
2.50800
2.50811
2.50822
2.50833
2.50844
2.50856
2.50867
2.50878
2.50889
2.50900
2.50911
2.50923
2.50934
2.50945
2.50956
2.50967
2.50979
2.50990
2.51001
2.51012
2.51023
2.51035
2.51046
2.51057
2.51068
2.51079
2.51091
2.51102
2.51113
2.51124
2.51136
2.51147
2.51158
2.51169
2.51181
2.51192
2.51203
2.51214
2.51226
2.51237
2.51248
2.51259
2.51271
2.51282
2.51293
2.51304
2.51316
2.51327
2.51338
2.51349
2.51361
2.51372
2.51383
2.51395
2.51406
2.51417
2.51428
2.51440
2.51451
2.51462
2.51474
2.51485
2.51496
2.51508
2.51519
2.51530
2.51542
2.51553
2.51564
2.51576
2.51587
2.51598
2.51609
2.51621
2.51632
2.51644
2.51655
2.51666
2.51678
2.51689
2.51700
2.51712
2.51723
2.51734
2.51746
2.51757
2.51768
2.51780
2.51791
2.51803
2.51814
2.51825
2.51837
2.51848
2.51859
2.51871
2.51882
2.51894
2.51905
2.51916
2.51928
2.51939
2.51951
2.51962
2.51973
2.51985
2.51996
2.52008
2.52019
2.52030
2.52042
2.52053
2.52065
2.52076
2.52088
2.52099
2.52110
2.52122
2.52133
2.52145
2.52156
2.52168
2.52179
2.52191
2.52202
2.52213
2.52225
2.52236
2.52248
2.52259
2.52271
2.52282
2.52294
2.52305
2.52317
2.52328
2.52340
2.52351
2.52363
2.52374
2.52385
2.52397
2.52408
2.52420
2.52431
2.52443
2.52454
2.52466
2.52477
2.52489
2.52500
2.52512
2.52523
2.52535
2.52547
2.52558
2.52570
2.52581
2.52593
2.52604
2.52616
2.52627
2.52639
2.52650
2.52662
2.52673
2.52685
2.52696
2.52708
2.52720
2.52731
2.52743
2.52754
2.52766
2.52777
2.52789
2.52800
2.52812
2.52824
2.52835
2.52847
2.52858
2.52870
2.52881
2.52893
2.52905
2.52916
2.52928
2.52939
2.52951
2.52963
2.52974
2.52986
2.52997
2.53009
2.53020
2.53032
2.53044
2.53055
2.53067
2.53079
2.53090
2.53102
2.53113
2.53125
2.53137
2.53148
2.53160
2.53172
2.53183
2.53195
2.53206
2.53218
2.53230
2.53241
2.53253
2.53265
2.53276
2.53288
2.53300
2.53311
2.53323
2.53335
2.53346
2.53358
2.53369
2.53381
2.53393
2.53404
2.53416
2.53428
2.53440
2.53451
2.53463
2.53475
2.53486
2.53498
2.53510
2.53521
2.53533
2.53545
2.53556
2.53568
2.53580
2.53591
2.53603
2.53615
2.53627
2.53638
2.53650
2.53662
2.53673
2.53685
2.53697
2.53709
2.53720
2.53732
2.53744
2.53755
2.53767
2.53779
2.53791
2.53802
2.53814
2.53826
2.53838
2.53849
2.53861
2.53873
2.53885
2.53896
2.53908
2.53920
2.53932
2.53943
2.53955
2.53967
2.53979
2.53990
2.54002
2.54014
2.54026
2.54037
2.54049
2.54061
2.54073
2.54085
2.54096
2.54108
2.54120
2.54132
2.54143
2.54155
2.54167
2.54179
2.54191
2.54202
2.54214
2.54226
2.54238
2.54250
2.54261
2.54273
2.54285
2.54297
2.54309
2.54321
2.54332
2.54344
2.54356
2.54368
2.54380
2.54391
2.54403
2.54415
2.54427
2.54439
2.54451
2.54462
2.54474
2.54486
2.54498
2.54510
2.54522
2.54533
2.54545
2.54557
2.54569
2.54581
2.54593
2.54605
2.54616
2.54628
2.54640
2.54652
2.54664
2.54676
2.54688
2.54700
2.54711
2.54723
2.54735
2.54747
2.54759
2.54771
2.54783
2.54795
2.54806
2.54818
2.54830
2.54842
2.54854
2.54866
2.54878
2.54890
2.54902
2.54914
2.54925
2.54937
2.54949
2.54961
2.54973
2.54985
2.54997
2.55009
2.55021
2.55033
2.55045
2.55057
2.55068
2.55080
2.55092
2.55104
2.55116
2.55128
2.55140
2.55152
2.55164
2.55176
2.55188
2.55200
2.55212
2.55224
2.55236
2.55248
2.55259
2.55271
2.55283
2.55295
2.55307
2.55319
2.55331
2.55343
2.55355
2.55367
2.55379
2.55391
2.55403
2.55415
2.55427
2.55439
2.55451
2.55463
2.55475
2.55487
2.55499
2.55511
2.55523
2.55535
2.55547
2.55559
2.55571
2.55583
2.55595
2.55607
2.55619
2.55631
2.55643
2.55655
2.55667
2.55679
2.55691
2.55703
2.55715
2.55727
2.55739
2.55751
2.55763
2.55775
2.55787
2.55799
2.55811
2.55823
2.55835
2.55847
2.55859
2.55871
2.55883
2.55895
2.55907
2.55919
2.55931
2.55943
2.55955
2.55967
2.55980
2.55992
2.56004
2.56016
2.56028
2.56040
2.56052
2.56064
2.56076
2.56088
2.56100
2.56112
2.56124
2.56136
2.56148
2.56160
2.56172
2.56185
2.56197
2.56209
2.56221
2.56233
2.56245
2.56257
2.56269
2.56281
2.56293
2.56305
2.56317
2.56330
2.56342
2.56354
2.56366
2.56378
2.56390
2.56402
2.56414
2.56426
2.56438
2.56451
2.56463
2.56475
2.56487
2.56499
2.56511
2.56523
2.56535
2.56547
2.56560
2.56572
2.56584
2.56596
2.56608
2.56620
2.56632
2.56644
2.56657
2.56669
2.56681
2.56693
2.56705
2.56717
2.56729
2.56742
2.56754
2.56766
2.56778
2.56790
2.56802
2.56814
2.56827
2.56839
2.56851
2.56863
2.56875
2.56887
2.56899
2.56912
2.56924
2.56936
2.56948
2.56960
2.56972
2.56985
2.56997
2.57009
2.57021
2.57033
2.57045
2.57058
2.57070
2.57082
2.57094
2.57106
2.57119
2.57131
2.57143
2.57155
2.57167
2.57180
2.57192
2.57204
2.57216
2.57228
2.57240
2.57253
2.57265
