7.41224
7.41224
7.41224
7.41224
7.41224
7.41224
7.41224
7.41224
7.41223
7.41223
7.41223
7.41223
7.41223
7.41222
7.41222
7.41222
7.41222
7.41221
7.41221
7.41220
7.41220
7.41219
7.41219
7.41218
7.41218
7.41217
7.41217
7.41216
7.41215
7.41214
7.41214
7.41213
7.41212
7.41211
7.41210
7.41209
7.41208
7.41207
7.41205
7.41204
7.41203
7.41202
7.41200
7.41199
7.41197
7.41196
7.41194
7.41193
7.41191
7.41189
7.41187
7.41186
7.41184
7.41182
7.41180
7.41178
7.41175
7.41173
7.41171
7.41169
7.41166
7.41164
7.41161
7.41158
7.41156
7.41153
7.41150
7.41147
7.41144
7.41141
7.41138
7.41135
7.41132
7.41129
7.41125
7.41122
7.41118
7.41115
7.41111
7.41107
7.41103
7.41099
7.41095
7.41091
7.41087
7.41083
7.41078
7.41074
7.41070
7.41065
7.41060
7.41056
7.41051
7.41046
7.41041
7.41036
7.41031
7.41025
7.41020
7.41015
7.41009
7.41004
7.40998
7.40992
7.40986
7.40980
7.40974
7.40968
7.40962
7.40955
7.40949
7.40942
7.40936
7.40929
7.40922
7.40915
7.40908
7.40901
7.40894
7.40887
7.40879
7.40872
7.40864
7.40857
7.40849
7.40841
7.40833
7.40825
7.40817
7.40808
7.40800
7.40791
7.40783
7.40774
7.40765
7.40756
7.40747
7.40738
7.40729
7.40720
7.40710
7.40701
7.40691
7.40681
7.40672
7.40662
7.40652
7.40641
7.40631
7.40621
7.40610
7.40600
7.40589
7.40578
7.40567
7.40556
7.40545
7.40534
7.40522
7.40511
7.40499
7.40488
7.40476
7.40464
7.40452
7.40440
7.40427
7.40415
7.40403
7.40390
7.40377
7.40364
7.40351
7.40338
7.40325
7.40312
7.40299
7.40285
7.40272
7.40258
7.40244
7.40230
7.40216
7.40202
7.40187
7.40173
7.40159
7.40144
7.40129
7.40114
7.40099
7.40084
7.40069
7.40054
7.40038
7.40023
7.40007
7.39991
7.39975
7.39959
7.39943
7.39927
7.39911
7.39894
7.39878
7.39861
7.39844
7.39827
7.39810
7.39793
7.39776
7.39758
7.39741
7.39723
7.39705
7.39687
7.39669
7.39651
7.39633
7.39615
7.39596
7.39578
7.39559
7.39540
7.39521
7.39502
7.39483
7.39464
7.39445
7.39425
7.39406
7.39386
7.39366
7.39346
7.39326
7.39306
7.39286
7.39265
7.39245
7.39224
7.39203
7.39183
7.39162
7.39141
7.39119
7.39098
7.39077
7.39055
7.39033
7.39012
7.38990
7.38968
7.38946
7.38924
7.38901
7.38879
7.38856
7.38834
7.38811
7.38788
7.38765
7.38742
7.38719
7.38695
7.38672
7.38649
7.38625
7.38601
7.38577
7.38553
7.38529
7.38505
7.38481
7.38456
7.38432
7.38407
7.38383
7.38358
7.38333
7.38308
7.38283
7.38257
7.38232
7.38206
7.38181
7.38155
7.38129
7.38104
7.38078
7.38052
7.38025
7.37999
7.37973
7.37946
7.37920
7.37893
7.37866
7.37839
7.37812
7.37785
7.37758
7.37731
7.37703
7.37676
7.37648
7.37620
7.37593
7.37565
7.37537
7.37509
7.37480
7.37452
7.37424
7.37395
7.37367
7.37338
7.37309
7.37280
7.37252
7.37222
7.37193
7.37164
7.37135
7.37105
7.37076
7.37046
7.37017
7.36987
7.36957
7.36927
7.36897
7.36867
7.36837
7.36806
7.36776
7.36746
7.36715
7.36684
7.36654
7.36623
7.36592
7.36561
7.36530
7.36499
7.36468
7.36436
7.36405
7.36373
7.36342
7.36310
7.36279
7.36247
7.36215
7.36183
7.36151
7.36119
7.36087
7.36055
7.36022
7.35990
7.35957
7.35925
7.35892
7.35860
7.35827
7.35794
7.35761
7.35728
7.35695
7.35662
7.35629
7.35595
7.35562
7.35529
7.35495
7.35462
7.35428
7.35395
7.35361
7.35327
7.35293
7.35259
7.35225
7.35191
7.35157
7.35123
7.35089
7.35055
7.35020
7.34986
7.34952
7.34917
7.34883
7.34848
7.34813
7.34779
7.34744
7.34709
7.34674
7.34639
7.34604
7.34569
7.34534
7.34499
7.34464
7.34429
7.34393
7.34358
7.34323
7.34287
7.34252
7.34216
7.34181
7.34145
7.34109
7.34074
7.34038
7.34002
7.33967
7.33931
7.33895
7.33859
7.33823
7.33787
7.33751
7.33715
7.33679
7.33643
7.33607
7.33570
7.33534
7.33498
7.33462
7.33425
7.33389
7.33353
7.33316
7.33280
7.33243
7.33207
7.33170
7.33134
7.33097
7.33061
7.33024
7.32988
7.32951
7.32914
7.32878
7.32841
7.32804
7.32768
7.32731
7.32694
7.32657
7.32621
7.32584
7.32547
7.32510
7.32473
7.32436
7.32400
7.32363
7.32326
7.32289
7.32252
7.32215
7.32178
7.32142
7.32105
7.32068
7.32031
7.31994
7.31957
7.31920
7.31883
7.31846
7.31809
7.31773
7.31736
7.31699
7.31662
7.31625
7.31588
7.31551
7.31514
7.31478
7.31441
7.31404
7.31367
7.31330
7.31294
7.31257
7.31220
7.31183
7.31147
7.31110
7.31073
7.31037
7.31000
7.30963
7.30927
7.30890
7.30854
7.30817
7.30781
7.30744
7.30708
7.30671
7.30635
7.30599
7.30562
7.30526
7.30490
7.30454
7.30417
7.30381
7.30345
7.30309
7.30273
7.30237
7.30201
7.30165
7.30129
7.30093
7.30057
7.30022
7.29986
7.29950
7.29915
7.29879
7.29844
7.29808
7.29773
7.29737
7.29702
7.29667
7.29631
7.29596
7.29561
7.29526
7.29491
7.29456
7.29421
7.29386
7.29351
7.29317
7.29282
7.29247
7.29213
7.29178
7.29144
7.29109
7.29075
7.29041
7.29007
7.28973
7.28939
7.28905
7.28871
7.28837
7.28803
7.28770
7.28736
7.28703
7.28669
7.28636
7.28602
7.28569
7.28536
7.28503
7.28470
7.28437
7.28404
7.28372
7.28339
7.28307
7.28274
7.28242
7.28210
7.28177
7.28145
7.28113
7.28081
7.28050
7.28018
7.27986
7.27955
7.27923
7.27892
7.27861
7.27830
7.27799
7.27768
7.27737
7.27706
7.27676
7.27645
7.27615
7.27584
7.27554
7.27524
7.27494
7.27464
7.27435
7.27405
7.27376
7.27346
7.27317
7.27288
7.27259
7.27230
7.27201
7.27172
7.27144
7.27115
7.27087
7.27059
7.27031
7.27003
7.26975
7.26947
7.26920
7.26892
7.26865
7.26838
7.26811
7.26784
7.26757
7.26730
7.26704
7.26678
7.26651
7.26625
7.26599
7.26573
7.26548
7.26522
7.26497
7.26472
7.26447
7.26422
7.26397
7.26372
7.26348
7.26323
7.26299
7.26275
7.26251
7.26228
7.26204
7.26181
7.26157
7.26134
7.26111
7.26089
7.26066
7.26043
7.26021
7.25999
7.25977
7.25955
7.25934
7.25912
7.25891
7.25870
7.25849
7.25828
7.25807
7.25787
7.25767
7.25747
7.25727
7.25707
7.25687
7.25668
7.25649
7.25630
7.25611
7.25592
7.25574
7.25555
7.25537
7.25519
7.25502
7.25484
7.25467
7.25450
7.25433
7.25416
7.25399
7.25383
7.25367
7.25351
7.25335
7.25319
7.25304
7.25289
7.25274
7.25259
7.25244
7.25230
7.25216
7.25202
7.25188
7.25174
7.25161
7.25148
7.25135
7.25122
7.25110
7.25097
7.25085
7.25073
7.25062
7.25050
7.25039
7.25028
7.25017
7.25007
7.24996
7.24986
7.24976
7.24967
7.24957
7.24948
7.24939
7.24930
7.24922
7.24913
7.24905
7.24898
7.24890
7.24883
7.24875
7.24869
7.24862
7.24855
7.24849
7.24843
7.24838
7.24832
7.24827
7.24822
7.24817
7.24813
7.24808
7.24804
7.24801
7.24797
7.24794
7.24791
7.24788
7.24786
7.24784
7.24782
7.24780
7.24778
7.24777
7.24776
7.24776
7.24775
7.24775
7.24775
7.24775
7.24776
7.24777
7.24778
7.24780
7.24781
7.24783
7.24785
7.24788
7.24791
7.24794
7.24797
7.24801
7.24805
7.24809
7.24813
7.24818
7.24823
7.24828
7.24834
7.24840
7.24846
7.24852
7.24859
7.24866
7.24873
7.24881
7.24888
7.24896
7.24905
7.24914
7.24923
7.24932
7.24942
7.24951
7.24962
7.24972
7.24983
7.24994
7.25005
7.25017
7.25029
7.25041
7.25054
7.25067
7.25080
7.25093
7.25107
7.25121
7.25136
7.25151
7.25166
7.25181
7.25197
7.25213
7.25229
7.25246
7.25263
7.25280
7.25297
7.25315
7.25334
7.25352
7.25371
7.25390
7.25410
7.25430
7.25450
7.25470
7.25491
7.25512
7.25534
7.25555
7.25578
7.25600
7.25623
7.25646
7.25670
7.25693
7.25717
7.25742
7.25767
7.25792
7.25817
7.25843
7.25870
7.25896
7.25923
7.25950
7.25978
7.26006
7.26034
7.26063
7.26092
7.26121
7.26150
7.26181
7.26211
7.26242
7.26273
7.26304
7.26336
7.26368
7.26401
7.26433
7.26467
7.26500
7.26534
7.26569
7.26603
7.26638
7.26674
7.26709
7.26746
7.26782
7.26819
7.26856
7.26894
7.26932
7.26970
7.27009
7.27048
7.27088
7.27127
7.27168
7.27208
7.27249
7.27291
7.27332
7.27375
7.27417
7.27460
7.27503
7.27547
7.27591
7.27636
7.27680
7.27726
7.27771
7.27817
7.27864
7.27910
7.27958
7.28005
7.28053
7.28101
7.28150
7.28199
7.28249
7.28299
7.28349
7.28400
7.28451
7.28503
7.28555
7.28607
7.28660
7.28713
7.28767
7.28821
7.28875
7.28930
7.28985
7.29041
7.29097
7.29153
7.29210
7.29267
7.29325
7.29383
7.29442
7.29500
7.29560
7.29620
7.29680
7.29740
7.29801
7.29863
7.29925
7.29987
7.30050
7.30113
7.30177
7.30241
7.30305
7.30370
7.30435
7.30501
7.30567
7.30634
7.30701
7.30768
7.30836
7.30904
7.30973
7.31042
7.31112
7.31182
7.31252
7.31323
7.31395
7.31467
7.31539
7.31612
7.31685
7.31758
7.31832
7.31907
7.31982
7.32057
7.32133
7.32209
7.32286
7.32363
7.32441
7.32519
7.32597
7.32677
7.32756
7.32836
7.32916
7.32997
7.33078
7.33160
7.33242
7.33325
7.33408
7.33492
7.33576
7.33660
7.33745
7.33831
7.33917
7.34003
7.34090
7.34177
7.34265
7.34353
7.34442
7.34531
7.34621
7.34711
7.34801
7.34892
7.34984
7.35076
7.35169
7.35262
7.35355
7.35449
7.35543
7.35638
7.35734
7.35830
7.35926
7.36023
7.36120
7.36218
7.36316
7.36415
7.36514
7.36614
7.36714
7.36815
7.36916
7.37018
7.37120
7.37223
7.37326
7.37429
7.37534
7.37638
7.37743
7.37849
7.37955
7.38062
7.38169
7.38277
7.38385
7.38493
7.38603
7.38712
7.38822
7.38933
7.39044
7.39156
7.39268
7.39381
7.39494
7.39608
7.39722
7.39836
7.39952
7.40067
7.40184
7.40300
7.40418
7.40535
7.40654
7.40772
7.40892
7.41012
7.41132
7.41253
7.41374
7.41496
7.41619
7.41741
7.41865
7.41989
7.42113
7.42238
7.42364
7.42490
7.42617
7.42744
7.42871
7.43000
7.43128
7.43258
7.43387
7.43518
7.43648
7.43780
7.43912
7.44044
7.44177
7.44311
7.44445
7.44579
7.44714
7.44850
7.44986
7.45123
7.45260
7.45398
7.45536
7.45675
7.45814
7.45954
7.46095
7.46236
7.46377
7.46519
7.46662
7.46805
7.46949
7.47093
7.47238
7.47383
7.47529
7.47676
7.47823
7.47970
7.48118
7.48267
7.48416
7.48566
7.48716
7.48867
7.49019
7.49171
7.49323
7.49476
7.49630
7.49784
7.49939
7.50094
7.50250
7.50407
7.50564
7.50721
7.50879
7.51038
7.51197
7.51357
7.51518
7.51679
7.51840
7.52002
7.52165
7.52328
7.52492
7.52656
7.52821
7.52987
7.53153
7.53319
7.53486
7.53654
7.53823
7.53991
7.54161
7.54331
7.54502
7.54673
7.54845
7.55017
7.55190
7.55363
7.55538
7.55712
7.55887
7.56063
7.56240
7.56417
7.56594
7.56772
7.56951
7.57130
7.57310
7.57491
7.57672
7.57854
7.58036
7.58219
7.58402
7.58586
7.58771
7.58956
7.59142
7.59328
7.59515
7.59702
7.59890
7.60079
7.60269
7.60458
7.60649
7.60840
7.61032
7.61224
7.61417
7.61610
7.61804
7.61999
7.62194
7.62390
7.62586
7.62784
7.62981
7.63179
7.63378
7.63578
7.63778
7.63978
7.64180
7.64381
7.64584
7.64787
7.64991
7.65195
7.65400
7.65605
7.65811
7.66018
7.66225
7.66433
7.66642
7.66851
7.67061
7.67271
7.67482
7.67693
7.67906
7.68118
7.68332
7.68546
7.68760
7.68976
7.69191
7.69408
7.69625
7.69843
7.70061
7.70280
7.70499
7.70720
7.70940
7.71162
7.71384
7.71606
7.71830
7.72053
7.72278
7.72503
7.72729
7.72955
7.73182
7.73410
7.73638
7.73867
7.74096
7.74326
7.74557
7.74788
7.75020
7.75253
7.75486
7.75720
7.75954
7.76189
7.76425
7.76662
7.76899
7.77136
7.77374
7.77613
7.77853
7.78093
7.78334
7.78575
7.78817
7.79060
7.79303
7.79547
7.79792
7.80037
7.80283
7.80529
7.80776
7.81024
7.81272
7.81521
7.81771
7.82021
7.82272
7.82524
7.82776
7.83029
7.83282
7.83536
7.83791
7.84046
7.84302
7.84559
7.84816
7.85074
7.85333
7.85592
7.85852
7.86113
7.86374
7.86636
7.86898
7.87161
7.87425
7.87690
7.87955
7.88220
7.88487
7.88754
7.89021
7.89290
7.89559
7.89828
7.90098
7.90369
7.90641
7.90913
7.91186
7.91459
7.91733
7.92008
7.92284
7.92560
7.92837
7.93114
7.93392
7.93671
7.93950
7.94230
7.94511
7.94792
7.95074
7.95357
7.95640
7.95924
7.96209
7.96494
7.96780
7.97067
7.97354
7.97642
7.97930
7.98219
7.98509
7.98800
7.99091
7.99383
7.99676
7.99969
8.00263
8.00557
8.00852
8.01148
8.01445
8.01742
8.02040
8.02338
8.02637
8.02937
8.03238
8.03539
8.03841
8.04143
8.04446
8.04750
8.05054
8.05360
8.05665
8.05972
8.06279
8.06587
8.06895
8.07204
8.07514
8.07825
8.08136
8.08448
8.08760
8.09073
8.09387
8.09702
8.10017
8.10333
8.10649
8.10967
8.11284
8.11603
8.11922
8.12242
8.12563
8.12884
8.13206
8.13528
8.13852
8.14176
8.14500
8.14826
8.15151
8.15478
8.15805
8.16133
8.16462
8.16791
8.17121
8.17452
8.17783
8.18116
8.18448
8.18782
8.19116
8.19451
8.19786
8.20122
8.20459
8.20796
8.21135
8.21473
8.21813
8.22153
8.22494
8.22836
8.23178
8.23521
8.23864
8.24209
8.24554
8.24899
8.25246
8.25593
8.25940
8.26289
8.26638
8.26987
8.27338
8.27689
8.28041
8.28393
8.28747
8.29100
8.29455
8.29810
8.30166
8.30523
8.30880
8.31238
8.31597
8.31956
8.32316
8.32677
8.33038
8.33400
8.33763
8.34126
8.34491
8.34855
8.35221
8.35587
8.35954
8.36322
8.36690
8.37059
8.37429
8.37799
8.38170
8.38542
8.38914
8.39287
8.39661
8.40036
8.40411
8.40787
8.41163
8.41541
8.41919
8.42297
8.42677
8.43057
8.43437
8.43819
8.44201
8.44584
8.44967
8.45351
8.45736
8.46122
8.46508
8.46895
8.47283
8.47671
8.48060
8.48450
8.48840
8.49232
8.49623
8.50016
8.50409
8.50803
8.51198
8.51593
8.51989
8.52386
8.52783
8.53181
8.53580
8.53979
8.54380
8.54780
8.55182
8.55584
8.55987
8.56391
8.56795
8.57200
8.57606
8.58013
8.58420
8.58828
8.59236
8.59645
8.60055
8.60466
8.60877
8.61289
8.61702
8.62116
8.62530
8.62945
8.63360
8.63776
8.64193
8.64611
8.65029
8.65448
8.65868
8.66289
8.66710
8.67132
8.67554
8.67977
8.68401
8.68826
8.69251
8.69677
8.70104
8.70532
8.70960
8.71389
8.71818
8.72248
8.72679
8.73111
8.73543
8.73976
8.74410
8.74845
8.75280
8.75716
8.76152
8.76590
8.77028
8.77466
8.77906
8.78346
8.78786
8.79228
8.79670
8.80113
8.80557
8.81001
8.81446
8.81892
8.82338
8.82785
8.83233
8.83682
8.84131
8.84581
8.85031
8.85483
8.85935
8.86388
8.86841
8.87295
8.87750
8.88206
8.88662
8.89119
8.89577
8.90035
8.90494
8.90954
8.91414
8.91876
8.92338
8.92800
8.93263
8.93727
8.94192
8.94658
8.95124
8.95591
8.96058
8.96526
8.96995
8.97465
8.97935
8.98407
8.98878
8.99351
8.99824
9.00298
9.00773
9.01248
9.01724
9.02201
9.02678
9.03156
9.03635
9.04115
9.04595
9.05076
9.05557
9.06040
9.06523
9.07007
9.07491
9.07976
9.08462
9.08949
9.09436
9.09924
9.10413
9.10902
9.11393
9.11883
9.12375
9.12867
9.13360
9.13854
9.14348
9.14843
9.15339
9.15836
9.16333
9.16831
9.17329
9.17829
9.18329
9.18829
9.19331
9.19833
9.20336
9.20840
9.21344
9.21849
9.22354
9.22861
9.23368
9.23876
9.24384
9.24893
9.25403
9.25914
9.26425
9.26937
9.27450
9.27964
9.28478
9.28993
9.29508
9.30024
9.30541
9.31059
9.31577
9.32097
9.32616
9.33137
9.33658
9.34180
9.34703
9.35226
9.35750
9.36275
9.36800
9.37326
9.37853
9.38381
9.38909
9.39438
9.39968
9.40498
9.41029
9.41561
9.42094
9.42627
9.43161
9.43695
9.44231
9.44767
9.45303
9.45841
9.46379
9.46918
9.47457
9.47998
9.48539
9.49080
9.49623
9.50166
9.50710
9.51254
9.51799
9.52345
9.52892
9.53439
9.53987
9.54536
9.55085
9.55635
9.56186
9.56738
9.57290
9.57843
9.58397
9.58951
9.59506
9.60062
9.60618
9.61175
9.61733
9.62292
9.62851
9.63411
9.63972
9.64533
9.65095
9.65658
9.66222
9.66786
9.67351
9.67916
9.68483
9.69050
9.69617
9.70186
9.70755
9.71325
9.71895
9.72467
9.73038
9.73611
9.74184
9.74758
9.75333
9.75909
9.76485
9.77062
9.77639
9.78217
9.78796
9.79376
9.79956
9.80537
9.81119
9.81702
9.82285
9.82869
9.83453
9.84039
9.84624
9.85211
9.85798
9.86387
9.86975
9.87565
9.88155
9.88746
9.89337
9.89930
9.90523
9.91116
9.91711
9.92306
9.92901
9.93498
9.94095
9.94693
9.95291
9.95891
9.96491
9.97091
9.97693
9.98295
9.98897
9.99501
10.00105
10.00710
10.01315
10.01922
10.02529
10.03136
10.03744
10.04354
10.04963
10.05574
10.06185
10.06797
10.07409
10.08022
10.08636
10.09251
10.09866
10.10482
10.11099
10.11716
10.12334
10.12953
10.13572
10.14193
10.14813
10.15435
10.16057
10.16680
10.17304
10.17928
10.18553
10.19179
10.19805
10.20432
10.21060
10.21689
10.22318
10.22948
10.23578
10.24210
10.24841
10.25474
10.26107
10.26742
10.27376
10.28012
10.28648
10.29285
10.29922
10.30560
10.31199
10.31839
10.32479
10.33120
10.33762
10.34404
10.35047
10.35691
10.36335
10.36980
10.37626
10.38272
10.38920
10.39567
10.40216
10.40865
10.41515
10.42166
10.42817
10.43469
10.44122
10.44775
10.45429
10.46084
10.46739
10.47395
10.48052
10.48710
10.49368
10.50027
10.50686
10.51347
10.52007
10.52669
10.53331
10.53994
10.54658
10.55322
10.55987
10.56653
10.57320
10.57987
10.58654
10.59323
10.59992
10.60662
10.61332
10.62004
10.62676
10.63348
10.64021
10.64695
10.65370
10.66045
10.66721
10.67398
10.68075
10.68753
10.69432
10.70112
10.70792
10.71472
10.72154
10.72836
10.73519
10.74202
10.74886
10.75571
10.76257
10.76943
10.77630
10.78318
10.79006
10.79695
10.80384
10.81075
10.81766
10.82457
10.83150
10.83843
10.84536
10.85231
10.85926
10.86621
10.87318
10.88015
10.88713
10.89411
10.90110
10.90810
10.91511
10.92212
10.92913
10.93616
10.94319
10.95023
10.95728
10.96433
10.97139
10.97845
10.98552
10.99260
10.99969
11.00678
11.01388
11.02099
11.02810
11.03522
11.04234
11.04948
11.05662
11.06376
11.07092
11.07808
11.08524
11.09241
11.09959
11.10678
11.11397
11.12117
11.12838
11.13559
11.14281
11.15004
11.15728
11.16452
11.17176
11.17902
11.18628
11.19354
11.20082
11.20810
11.21538
11.22268
11.22998
11.23729
11.24460
11.25192
11.25925
11.26658
11.27392
11.28127
11.28862
11.29598
11.30335
11.31072
11.31810
11.32549
11.33288
11.34028
11.34769
11.35510
11.36252
11.36995
11.37738
11.38483
11.39227
11.39973
11.40719
11.41465
11.42213
11.42961
11.43709
11.44458
11.45208
11.45959
11.46710
11.47462
11.48215
11.48968
11.49722
11.50477
11.51232
11.51988
11.52744
11.53502
11.54260
11.55018
11.55777
11.56537
11.57298
11.58059
11.58821
11.59583
11.60346
11.61110
11.61875
11.62640
11.63406
11.64172
11.64939
11.65707
11.66475
11.67244
11.68014
11.68784
11.69555
11.70327
11.71099
11.71872
11.72646
11.73420
11.74195
11.74971
11.75747
11.76524
11.77301
11.78080
11.78858
11.79638
11.80418
11.81199
11.81980
11.82762
11.83545
11.84329
11.85113
11.85897
11.86683
11.87469
11.88255
11.89043
11.89830
11.90619
11.91408
11.92198
11.92989
11.93780
11.94572
11.95364
11.96157
11.96951
11.97745
11.98540
11.99336
12.00132
12.00929
12.01727
12.02525
12.03324
12.04124
12.04924
12.05725
12.06526
12.07328
12.08131
12.08935
12.09739
12.10543
12.11349
12.12155
12.12961
12.13768
12.14576
12.15385
12.16194
12.17004
12.17814
12.18625
12.19437
12.20250
12.21063
12.21876
12.22690
12.23505
12.24321
12.25137
12.25954
12.26771
12.27590
12.28408
12.29228
12.30048
12.30868
12.31690
12.32511
12.33334
12.34157
12.34981
12.35805
12.36631
12.37456
12.38283
12.39110
12.39937
12.40765
12.41594
12.42424
12.43254
12.44085
12.44916
12.45748
12.46581
12.47414
12.48248
12.49083
12.49918
12.50754
12.51590
12.52427
12.53265
12.54103
12.54942
12.55782
12.56622
12.57463
12.58304
12.59146
12.59989
12.60832
12.61676
12.62521
12.63366
12.64212
12.65058
12.65905
12.66753
12.67601
12.68450
12.69300
12.70150
12.71001
12.71852
12.72704
12.73557
12.74410
12.75264
12.76119
12.76974
12.77830
12.78686
12.79543
12.80401
12.81259
12.82118
12.82977
12.83838
12.84698
12.85560
12.86422
12.87284
12.88147
12.89011
12.89876
12.90741
12.91606
12.92473
12.93340
12.94207
12.95075
12.95944
12.96813
12.97683
12.98554
12.99425
13.00297
13.01169
13.02042
13.02916
13.03790
13.04665
13.05541
13.06417
13.07293
13.08171
13.09049
13.09927
13.10806
13.11686
13.12567
13.13448
13.14329
13.15211
13.16094
13.16978
13.17862
13.18746
13.19631
13.20517
13.21404
13.22291
13.23178
13.24067
13.24955
13.25845
13.26735
13.27626
13.28517
13.29409
13.30301
13.31194
13.32088
13.32982
13.33877
13.34773
13.35669
13.36566
13.37463
13.38361
13.39259
13.40159
13.41058
13.41959
13.42859
13.43761
13.44663
13.45566
13.46469
13.47373
13.48278
13.49183
13.50088
13.50995
13.51901
13.52809
13.53717
13.54626
13.55535
13.56445
13.57355
13.58266
13.59178
13.60090
13.61003
13.61917
13.62831
13.63745
13.64660
13.65576
13.66493
13.67410
13.68327
13.69245
13.70164
13.71083
13.72003
13.72924
13.73845
13.74767
13.75689
13.76612
13.77535
13.78460
13.79384
13.80309
13.81235
13.82162
13.83089
13.84016
13.84944
13.85873
13.86803
13.87732
13.88663
13.89594
13.90526
13.91458
13.92391
13.93324
13.94258
13.95193
13.96128
13.97064
13.98000
13.98937
13.99875
14.00813
14.01752
14.02691
14.03631
14.04571
14.05512
14.06454
14.07396
14.08339
14.09282
14.10226
14.11170
14.12115
14.13061
14.14007
14.14954
14.15901
14.16849
14.17798
14.18747
14.19696
14.20647
14.21597
14.22549
14.23501
14.24453
14.25406
14.26360
14.27314
14.28269
14.29225
14.30181
14.31137
14.32094
14.33052
14.34010
14.34969
14.35928
14.36888
14.37849
14.38810
14.39772
14.40734
14.41697
14.42660
14.43624
14.44589
14.45554
14.46519
14.47485
14.48452
14.49420
14.50387
14.51356
14.52325
14.53295
14.54265
14.55236
14.56207
14.57179
14.58151
14.59124
14.60098
14.61072
14.62046
14.63022
14.63997
14.64974
14.65951
14.66928
14.67906
14.68885
14.69864
14.70844
14.71824
14.72805
14.73786
14.74768
14.75751
14.76734
14.77717
14.78702
14.79686
14.80672
14.81658
14.82644
14.83631
14.84618
14.85607
14.86595
14.87584
14.88574
14.89564
14.90555
14.91547
14.92539
14.93531
14.94524
14.95518
14.96512
14.97507
14.98502
14.99498
15.00494
15.01491
15.02489
15.03487
15.04485
15.05484
15.06484
15.07484
15.08485
15.09486
15.10488
15.11490
15.12493
15.13497
15.14501
15.15505
15.16511
15.17516
15.18523
15.19529
15.20537
15.21544
15.22553
15.23562
15.24571
15.25581
15.26592
15.27603
15.28615
15.29627
15.30640
15.31653
15.32667
15.33681
15.34696
15.35711
15.36727
15.37744
15.38761
15.39779
15.40797
15.41815
15.42835
15.43854
15.44875
15.45895
15.46917
15.47939
15.48961
15.49984
15.51008
15.52032
15.53056
15.54081
15.55107
15.56133
15.57160
15.58187
15.59215
15.60243
15.61272
15.62301
15.63331
15.64362
15.65393
15.66424
15.67456
15.68489
15.69522
15.70555
15.71589
15.72624
15.73659
15.74695
15.75731
15.76768
15.77805
15.78843
15.79882
15.80920
15.81960
15.83000
15.84040
15.85081
15.86123
15.87165
15.88207
15.89250
15.90294
15.91338
15.92383
15.93428
15.94474
15.95520
15.96567
15.97614
15.98662
15.99710
16.00759
16.01808
16.02858
16.03908
16.04959
16.06011
16.07063
16.08115
16.09168
16.10222
16.11276
16.12330
16.13385
16.14441
16.15497
16.16554
16.17611
16.18668
16.19726
16.20785
16.21844
16.22904
16.23964
16.25025
16.26086
16.27148
16.28210
16.29273
16.30336
16.31400
16.32464
16.33529
16.34594
16.35660
16.36727
16.37794
16.38861
16.39929
16.40997
16.42066
16.43135
16.44205
16.45276
16.46347
16.47418
16.48490
16.49563
16.50635
16.51709
16.52783
16.53857
16.54932
16.56008
16.57084
16.58160
16.59237
16.60315
16.61393
16.62471
16.63550
16.64630
16.65710
16.66790
16.67871
16.68953
16.70035
16.71117
16.72200
16.73284
16.74368
16.75452
16.76537
16.77623
16.78709
16.79795
16.80882
16.81970
16.83058
16.84146
16.85235
16.86325
16.87415
16.88505
16.89596
16.90688
16.91780
16.92872
16.93965
16.95059
16.96153
16.97247
16.98342
16.99437
17.00533
17.01630
17.02727
17.03824
17.04922
17.06020
17.07119
17.08218
17.09318
17.10419
17.11519
17.12621
17.13722
17.14825
17.15928
17.17031
17.18135
17.19239
17.20343
17.21449
17.22554
17.23661
17.24767
17.25874
17.26982
17.28090
17.29199
17.30308
17.31417
17.32527
17.33638
17.34749
17.35860
17.36972
17.38085
17.39198
17.40311
17.41425
17.42540
17.43655
17.44770
17.45886
17.47002
17.48119
17.49236
17.50354
17.51472
17.52591
17.53710
17.54830
17.55950
17.57070
17.58191
17.59313
17.60435
17.61558
17.62681
17.63804
17.64928
17.66052
17.67177
17.68303
17.69429
17.70555
17.71682
17.72809
17.73937
17.75065
17.76193
17.77323
17.78452
17.79582
17.80713
17.81844
17.82975
17.84107
17.85240
17.86373
17.87506
17.88640
17.89774
17.90909
17.92044
17.93180
17.94316
17.95453
17.96590
17.97728
17.98866
18.00004
18.01143
18.02283
18.03423
18.04563
18.05704
18.06845
18.07987
18.09129
18.10272
18.11415
18.12558
18.13703
18.14847
18.15992
18.17138
18.18283
18.19430
18.20577
18.21724
18.22872
18.24020
18.25169
18.26318
18.27467
18.28617
18.29768
18.30919
18.32070
18.33222
18.34375
18.35527
18.36681
18.37834
18.38989
18.40143
18.41298
18.42454
18.43610
18.44766
18.45923
18.47080
18.48238
18.49397
18.50555
18.51714
18.52874
18.54034
18.55195
18.56356
18.57517
18.58679
18.59841
18.61004
18.62167
18.63331
18.64495
18.65659
18.66824
18.67990
18.69156
18.70322
18.71489
18.72656
18.73824
18.74992
18.76161
18.77330
18.78499
18.79669
18.80839
18.82010
18.83181
18.84353
18.85525
18.86698
18.87871
18.89044
18.90218
18.91393
18.92567
18.93743
18.94918
18.96095
18.97271
18.98448
18.99626
19.00803
19.01982
19.03160
19.04340
19.05519
19.06699
19.07880
19.09061
19.10242
19.11424
19.12606
19.13789
19.14972
19.16156
19.17340
19.18524
19.19709
19.20894
19.22080
19.23266
19.24453
19.25640
19.26828
19.28016
19.29204
19.30393
19.31582
19.32772
19.33962
19.35152
19.36343
19.37534
19.38726
19.39919
19.41111
19.42304
19.43498
19.44692
19.45886
19.47081
19.48276
19.49472
19.50668
19.51865
19.53061
19.54259
19.55457
19.56655
19.57854
19.59053
19.60252
19.61452
19.62652
19.63853
19.65054
19.66256
19.67458
19.68661
19.69864
19.71067
19.72271
19.73475
19.74679
19.75884
19.77090
19.78296
19.79502
19.80709
19.81916
19.83123
19.84331
19.85540
19.86748
19.87958
19.89167
19.90377
19.91588
19.92799
19.94010
19.95222
19.96434
19.97647
19.98860
20.00073
20.01287
20.02501
20.03716
20.04931
20.06146
20.07362
20.08578
20.09795
20.11012
20.12230
20.13448
20.14666
20.15885
20.17104
20.18324
20.19544
20.20764
20.21985
20.23206
20.24428
20.25650
20.26872
20.28095
20.29318
20.30542
20.31766
20.32991
20.34216
20.35441
20.36667
20.37893
20.39120
20.40347
20.41574
20.42802
20.44030
20.45258
20.46487
20.47717
20.48947
20.50177
20.51408
20.52639
20.53870
20.55102
20.56334
20.57567
20.58800
20.60033
20.61267
20.62501
20.63736
20.64971
20.66206
20.67442
20.68679
20.69915
20.71152
20.72390
20.73628
20.74866
20.76104
20.77343
20.78583
20.79823
20.81063
20.82304
20.83545
20.84786
20.86028
20.87270
20.88513
20.89756
20.90999
20.92243
20.93487
20.94732
20.95977
20.97222
20.98468
20.99714
21.00961
21.02208
21.03455
21.04703
21.05951
21.07200
21.08448
21.09698
21.10947
21.12198
21.13448
21.14699
21.15950
21.17202
21.18454
21.19706
21.20959
21.22212
21.23466
21.24720
21.25974
21.27229
21.28484
21.29740
21.30996
21.32252
21.33509
21.34766
21.36023
21.37281
21.38539
21.39798
21.41057
21.42317
21.43576
21.44836
21.46097
21.47358
21.48619
21.49881
21.51143
21.52406
21.53668
21.54932
21.56195
21.57459
21.58724
21.59988
21.61253
21.62519
21.63785
21.65051
21.66318
21.67585
21.68852
21.70120
21.71388
21.72657
21.73926
21.75195
21.76465
21.77735
21.79005
21.80276
21.81547
21.82819
21.84091
21.85363
21.86636
21.87909
21.89182
21.90456
21.91730
21.93005
21.94280
21.95555
21.96831
21.98107
21.99383
22.00660
22.01937
22.03215
22.04493
22.05771
22.07050
22.08329
22.09608
22.10888
22.12168
22.13448
22.14729
22.16010
22.17292
22.18574
22.19856
22.21139
22.22422
22.23706
22.24990
22.26274
22.27558
22.28843
22.30128
22.31414
22.32700
22.33987
22.35273
22.36560
22.37848
22.39136
22.40424
22.41713
22.43001
22.44291
22.45580
22.46870
22.48161
22.49452
22.50743
22.52034
22.53326
22.54618
22.55911
22.57204
22.58497
22.59791
22.61085
22.62379
22.63674
22.64969
22.66264
22.67560
22.68856
22.70153
22.71450
22.72747
22.74044
22.75342
22.76641
22.77939
22.79238
22.80538
22.81837
22.83138
22.84438
22.85739
22.87040
22.88341
22.89643
22.90946
22.92248
22.93551
22.94854
22.96158
22.97462
22.98766
23.00071
23.01376
23.02681
23.03987
23.05293
23.06600
23.07906
23.09214
23.10521
23.11829
23.13137
23.14446
23.15755
23.17064
23.18373
23.19683
23.20994
23.22304
23.23615
23.24927
23.26238
23.27550
23.28863
23.30175
23.31489
23.32802
23.34116
23.35430
23.36744
23.38059
23.39374
23.40690
23.42006
23.43322
23.44638
23.45955
23.47272
23.48590
23.49908
23.51226
23.52545
23.53864
23.55183
23.56502
23.57822
23.59143
23.60463
23.61784
23.63106
23.64427
23.65749
23.67072
23.68394
23.69717
23.71041
23.72364
23.73688
23.75013
23.76337
23.77662
23.78988
23.80313
23.81640
23.82966
23.84293
23.85620
23.86947
23.88275
23.89603
23.90931
23.92260
23.93589
23.94919
23.96248
23.97578
23.98909
24.00240
24.01571
24.02902
24.04234
24.05566
24.06898
24.08231
24.09564
24.10898
24.12231
24.13565
24.14900
24.16235
24.17570
24.18905
24.20241
24.21577
24.22913
24.24250
24.25587
24.26924
24.28262
24.29600
24.30938
24.32277
24.33616
24.34955
24.36295
24.37635
24.38975
24.40316
24.41657
24.42998
24.44340
24.45682
24.47024
24.48367
24.49710
24.51053
24.52397
24.53740
24.55085
24.56429
24.57774
24.59119
24.60465
24.61811
24.63157
24.64503
24.65850
24.67197
24.68545
24.69892
24.71241
24.72589
24.73938
24.75287
24.76636
24.77986
24.79336
24.80686
24.82037
24.83388
24.84739
24.86091
24.87443
24.88795
24.90148
24.91500
24.92854
24.94207
24.95561
24.96915
24.98270
24.99624
25.00979
25.02335
25.03691
25.05047
25.06403
25.07760
25.09117
25.10474
25.11832
25.13190
25.14548
25.15906
25.17265
25.18624
25.19984
25.21344
25.22704
25.24064
25.25425
25.26786
25.28148
25.29509
25.30871
25.32233
25.33596
25.34959
25.36322
25.37686
25.39050
25.40414
25.41778
25.43143
25.44508
25.45874
25.47239
25.48605
25.49972
25.51338
25.52705
25.54072
25.55440
25.56808
25.58176
25.59545
25.60913
25.62282
25.63652
25.65021
25.66391
25.67762
25.69132
25.70503
25.71875
25.73246
25.74618
25.75990
25.77362
25.78735
25.80108
25.81482
25.82855
25.84229
25.85603
25.86978
25.88353
25.89728
25.91103
25.92479
25.93855
25.95232
25.96608
25.97985
25.99362
26.00740
26.02118
26.03496
26.04874
26.06253
26.07632
26.09012
26.10391
26.11771
26.13151
26.14532
26.15913
26.17294
26.18675
26.20057
26.21439
26.22821
26.24204
26.25587
26.26970
26.28354
26.29738
26.31122
26.32506
26.33891
26.35276
26.36661
26.38046
26.39432
26.40818
26.42205
26.43592
26.44979
26.46366
26.47754
26.49142
26.50530
26.51918
26.53307
26.54696
26.56085
26.57475
26.58865
26.60255
26.61646
26.63037
26.64428
26.65819
26.67211
26.68603
26.69995
26.71388
26.72780
26.74173
26.75567
26.76961
26.78355
26.79749
26.81143
26.82538
26.83933
26.85329
26.86724
26.88120
26.89517
26.90913
26.92310
26.93707
26.95105
26.96502
26.97900
26.99299
27.00697
27.02096
27.03495
27.04895
27.06294
27.07694
27.09094
27.10495
27.11896
27.13297
27.14698
27.16100
27.17502
27.18904
27.20307
27.21709
27.23113
27.24516
27.25919
27.27323
27.28728
27.30132
27.31537
27.32942
27.34347
27.35753
27.37159
27.38565
27.39971
27.41378
27.42785
27.44192
27.45600
27.47007
27.48416
27.49824
27.51233
27.52641
27.54051
27.55460
27.56870
27.58280
27.59690
27.61101
27.62512
27.63923
27.65334
27.66746
27.68158
27.69570
27.70982
27.72395
27.73808
27.75222
27.76635
27.78049
27.79463
27.80877
27.82292
27.83707
27.85122
27.86538
27.87954
27.89370
27.90786
27.92202
27.93619
27.95036
27.96454
27.97871
27.99289
28.00708
28.02126
28.03545
28.04964
28.06383
28.07803
28.09222
28.10642
28.12063
28.13483
28.14904
28.16325
28.17747
28.19168
28.20590
28.22013
28.23435
28.24858
28.26281
28.27704
28.29128
28.30551
28.31976
28.33400
28.34824
28.36249
28.37674
28.39100
28.40526
28.41951
28.43378
28.44804
28.46231
28.47658
28.49085
28.50512
28.51940
28.53368
28.54797
28.56225
28.57654
28.59083
28.60512
28.61942
28.63372
28.64802
28.66232
28.67663
28.69094
28.70525
28.71956
28.73388
28.74820
28.76252
28.77685
28.79117
28.80550
28.81983
28.83417
28.84851
28.86285
28.87719
28.89153
28.90588
28.92023
28.93458
28.94894
28.96330
28.97766
28.99202
29.00639
29.02076
29.03513
29.04950
29.06388
29.07825
29.09263
29.10702
29.12140
29.13579
29.15018
29.16458
29.17897
29.19337
29.20777
29.22218
29.23658
29.25099
29.26540
29.27982
29.29423
29.30865
29.32307
29.33750
29.35192
29.36635
29.38079
29.39522
29.40966
29.42409
29.43854
29.45298
29.46743
29.48188
29.49633
29.51078
29.52524
29.53970
29.55416
29.56862
29.58309
29.59756
29.61203
29.62650
29.64098
29.65546
29.66994
29.68442
29.69891
29.71340
29.72789
29.74238
29.75688
29.77138
29.78588
29.80038
29.81489
29.82939
29.84391
29.85842
29.87293
29.88745
29.90197
29.91650
29.93102
29.94555
29.96008
29.97461
29.98915
30.00368
30.01822
30.03277
30.04731
30.06186
30.07641
30.09096
30.10552
30.12007
30.13463
30.14919
30.16376
30.17832
30.19289
30.20746
30.22204
30.23661
30.25119
30.26577
30.28036
30.29494
30.30953
30.32412
30.33871
30.35331
30.36791
30.38251
30.39711
30.41172
30.42632
30.44093
30.45554
30.47016
30.48478
30.49939
30.51402
30.52864
30.54327
30.55789
30.57253
30.58716
30.60179
30.61643
30.63107
30.64571
30.66036
30.67501
30.68966
30.70431
30.71896
30.73362
30.74828
30.76294
30.77760
30.79227
30.80694
30.82161
30.83628
30.85096
30.86564
30.88032
30.89500
30.90968
30.92437
30.93906
30.95375
30.96844
30.98314
30.99784
31.01254
31.02724
31.04195
31.05666
31.07137
31.08608
31.10079
31.11551
31.13023
31.14495
31.15968
31.17440
31.18913
31.20386
31.21859
31.23333
31.24807
31.26281
31.27755
31.29229
31.30704
31.32179
31.33654
31.35129
31.36605
31.38081
31.39557
31.41033
31.42509
31.43986
31.45463
31.46940
31.48418
31.49895
31.51373
31.52851
31.54329
31.55808
31.57287
31.58766
31.60245
31.61724
31.63204
31.64684
31.66164
31.67644
31.69124
31.70605
31.72086
31.73567
31.75049
31.76530
31.78012
31.79494
31.80977
31.82459
31.83942
31.85425
31.86908
31.88391
31.89875
31.91359
31.92843
31.94327
31.95812
31.97296
31.98781
32.00266
32.01752
32.03237
32.04723
32.06209
32.07696
32.09182
32.10669
32.12156
32.13643
32.15130
32.16618
32.18105
32.19593
32.21082
32.22570
32.24059
32.25548
32.27037
32.28526
32.30015
32.31505
32.32995
32.34485
32.35976
32.37466
32.38957
32.40448
32.41939
32.43431
32.44922
32.46414
32.47906
32.49399
32.50891
32.52384
32.53877
32.55370
32.56863
32.58357
32.59851
32.61345
32.62839
32.64333
32.65828
32.67323
32.68818
32.70313
32.71809
32.73305
32.74800
32.76297
32.77793
32.79289
32.80786
32.82283
32.83780
32.85278
32.86775
32.88273
32.89771
32.91269
32.92768
32.94267
32.95765
32.97265
32.98764
33.00263
33.01763
33.03263
33.04763
33.06263
33.07764
33.09265
33.10766
33.12267
33.13768
33.15270
33.16771
33.18273
33.19776
33.21278
33.22781
33.24283
33.25786
33.27290
33.28793
33.30297
33.31801
33.33305
33.34809
33.36313
33.37818
33.39323
33.40828
33.42333
33.43839
33.45344
33.46850
33.48356
33.49863
33.51369
33.52876
33.54383
33.55890
33.57397
33.58905
33.60412
33.61920
33.63428
33.64937
33.66445
33.67954
33.69463
33.70972
33.72481
33.73991
33.75500
33.77010
33.78521
33.80031
33.81541
33.83052
33.84563
33.86074
33.87586
33.89097
33.90609
33.92121
33.93633
33.95145
33.96658
33.98170
33.99683
34.01196
34.02710
34.04223
34.05737
34.07251
34.08765
34.10279
34.11794
34.13309
34.14824
34.16339
34.17854
34.19369
34.20885
34.22401
34.23917
34.25433
34.26950
34.28467
34.29983
34.31500
34.33018
34.34535
34.36053
34.37571
34.39089
34.40607
34.42125
34.43644
34.45163
34.46682
34.48201
34.49720
34.51240
34.52760
34.54280
34.55800
34.57320
34.58841
34.60362
34.61883
34.63404
34.64925
34.66447
34.67968
34.69490
34.71012
34.72535
34.74057
34.75580
34.77103
34.78626
34.80149
34.81672
34.83196
34.84720
34.86244
34.87768
34.89292
34.90817
34.92342
34.93867
34.95392
34.96917
34.98443
34.99968
35.01494
35.03020
35.04547
35.06073
35.07600
35.09127
35.10654
35.12181
35.13708
35.15236
35.16764
35.18292
35.19820
35.21348
35.22877
35.24406
35.25934
35.27464
35.28993
35.30522
35.32052
35.33582
35.35112
35.36642
35.38172
35.39703
35.41234
35.42765
35.44296
35.45827
35.47359
35.48890
35.50422
35.51954
35.53487
35.55019
35.56552
35.58084
35.59617
35.61151
35.62684
35.64217
35.65751
35.67285
35.68819
35.70353
35.71888
35.73423
35.74957
35.76492
35.78028
35.79563
35.81098
35.82634
35.84170
35.85706
35.87242
35.88779
35.90316
35.91852
35.93389
35.94926
35.96464
35.98001
35.99539
36.01077
36.02615
36.04153
36.05692
36.07230
36.08769
36.10308
36.11847
36.13387
36.14926
36.16466
36.18006
36.19546
36.21086
36.22626
36.24167
36.25708
36.27249
36.28790
36.30331
36.31873
36.33414
36.34956
36.36498
36.38040
36.39583
36.41125
36.42668
36.44211
36.45754
36.47297
36.48840
36.50384
36.51928
36.53472
36.55016
36.56560
36.58105
36.59649
36.61194
36.62739
36.64284
36.65830
36.67375
36.68921
36.70467
36.72013
36.73559
36.75105
36.76652
36.78199
36.79745
36.81293
36.82840
36.84387
36.85935
36.87483
36.89031
36.90579
36.92127
36.93675
36.95224
36.96773
36.98322
36.99871
37.01420
37.02970
37.04519
37.06069
37.07619
37.09169
37.10720
37.12270
37.13821
37.15372
37.16923
37.18474
37.20026
37.21577
37.23129
37.24681
37.26233
37.27785
37.29337
37.30890
37.32443
37.33996
37.35549
37.37102
37.38655
37.40209
37.41763
37.43316
37.44871
37.46425
37.47979
37.49534
37.51089
37.52643
37.54199
37.55754
37.57309
37.58865
37.60421
37.61976
37.63533
37.65089
37.66645
37.68202
37.69759
37.71315
37.72873
37.74430
37.75987
37.77545
37.79103
37.80660
37.82219
37.83777
37.85335
37.86894
37.88453
37.90011
37.91570
37.93130
37.94689
37.96249
37.97808
37.99368
38.00928
38.02489
38.04049
38.05609
38.07170
38.08731
38.10292
38.11853
38.13415
38.14976
38.16538
38.18100
38.19662
38.21224
38.22786
38.24349
38.25911
38.27474
38.29037
38.30600
38.32164
38.33727
38.35291
38.36854
38.38418
38.39983
38.41547
38.43111
38.44676
38.46241
38.47805
38.49371
38.50936
38.52501
38.54067
38.55632
38.57198
38.58764
38.60331
38.61897
38.63463
38.65030
38.66597
38.68164
38.69731
38.71298
38.72866
38.74433
38.76001
38.77569
38.79137
38.80705
38.82274
38.83842
38.85411
38.86980
38.88549
38.90118
38.91688
38.93257
38.94827
38.96397
38.97967
38.99537
39.01107
39.02677
39.04248
39.05819
39.07390
39.08961
39.10532
39.12103
39.13675
39.15247
39.16818
39.18390
39.19963
39.21535
39.23107
39.24680
39.26253
39.27826
39.29399
39.30972
39.32545
39.34119
39.35693
39.37267
39.38841
39.40415
39.41989
39.43564
39.45138
39.46713
39.48288
39.49863
39.51438
39.53014
39.54589
39.56165
39.57741
39.59317
39.60893
39.62469
39.64046
39.65622
39.67199
39.68776
39.70353
39.71930
39.73507
39.75085
39.76663
39.78240
39.79818
39.81397
39.82975
39.84553
39.86132
39.87710
39.89289
39.90868
39.92448
39.94027
39.95606
39.97186
39.98766
40.00346
40.01926
40.03506
40.05086
40.06667
40.08247
40.09828
40.11409
40.12990
40.14572
40.16153
40.17734
40.19316
40.20898
40.22480
40.24062
40.25644
40.27227
40.28809
40.30392
40.31975
40.33558
40.35141
40.36725
40.38308
40.39892
40.41475
40.43059
40.44643
40.46228
40.47812
40.49396
40.50981
40.52566
40.54151
40.55736
40.57321
40.58906
40.60492
40.62078
40.63663
40.65249
40.66835
40.68422
40.70008
40.71595
40.73181
40.74768
40.76355
40.77942
40.79529
40.81117
40.82704
40.84292
40.85880
40.87468
40.89056
40.90644
40.92233
40.93821
40.95410
40.96999
40.98588
41.00177
41.01766
41.03355
41.04945
41.06535
41.08124
41.09714
41.11304
41.12895
41.14485
41.16076
41.17666
41.19257
41.20848
41.22439
41.24030
41.25622
41.27213
41.28805
41.30397
41.31989
41.33581
41.35173
41.36765
41.38358
41.39951
41.41543
41.43136
41.44729
41.46323
41.47916
41.49509
41.51103
41.52697
41.54291
41.55885
41.57479
41.59073
41.60668
41.62262
41.63857
41.65452
41.67047
41.68642
41.70237
41.71833
41.73428
41.75024
41.76620
41.78216
41.79812
41.81408
41.83005
41.84601
41.86198
41.87795
41.89392
41.90989
41.92586
41.94183
41.95781
41.97378
41.98976
42.00574
42.02172
42.03770
42.05369
42.06967
42.08566
42.10164
42.11763
42.13362
42.14961
42.16560
42.18160
42.19759
42.21359
42.22959
42.24559
42.26159
42.27759
42.29359
42.30960
42.32561
42.34161
42.35762
42.37363
42.38964
42.40566
42.42167
42.43769
42.45370
42.46972
42.48574
42.50176
42.51778
42.53381
42.54983
42.56586
42.58188
42.59791
42.61394
42.62998
42.64601
42.66204
42.67808
42.69411
42.71015
42.72619
42.74223
42.75827
42.77432
42.79036
42.80641
42.82246
42.83850
42.85455
42.87061
42.88666
42.90271
42.91877
42.93482
42.95088
42.96694
42.98300
42.99906
43.01513
43.03119
43.04726
43.06332
43.07939
43.09546
43.11153
43.12760
43.14368
43.15975
43.17583
43.19191
43.20798
43.22406
43.24015
43.25623
43.27231
43.28840
43.30448
43.32057
43.33666
43.35275
43.36884
43.38493
43.40103
43.41712
43.43322
43.44932
43.46542
43.48152
43.49762
43.51372
43.52983
43.54593
43.56204
43.57815
43.59426
43.61037
43.62648
43.64259
43.65871
43.67482
43.69094
43.70706
43.72318
43.73930
43.75542
43.77155
43.78767
43.80380
43.81992
43.83605
43.85218
43.86831
43.88444
43.90058
43.91671
43.93285
43.94899
43.96512
43.98126
43.99740
44.01355
44.02969
44.04584
44.06198
44.07813
44.09428
44.11043
44.12658
44.14273
44.15888
44.17504
44.19119
44.20735
44.22351
44.23967
44.25583
44.27199
44.28816
44.30432
44.32049
44.33665
44.35282
44.36899
44.38516
44.40133
44.41751
44.43368
44.44986
44.46603
44.48221
44.49839
44.51457
44.53075
44.54694
44.56312
44.57931
44.59549
44.61168
44.62787
44.64406
44.66025
44.67644
44.69264
44.70883
44.72503
44.74123
44.75743
44.77363
44.78983
44.80603
44.82223
44.83844
44.85464
44.87085
44.88706
44.90327
44.91948
44.93569
44.95190
44.96812
44.98433
45.00055
45.01677
45.03299
45.04921
45.06543
45.08165
45.09788
45.11410
45.13033
45.14656
45.16279
45.17902
45.19525
45.21148
45.22771
45.24395
45.26018
45.27642
45.29266
45.30890
45.32514
45.34138
45.35762
45.37387
45.39011
45.40636
45.42261
45.43886
45.45511
45.47136
45.48761
45.50386
45.52012
45.53637
45.55263
45.56889
45.58515
45.60141
45.61767
45.63393
45.65020
45.66646
45.68273
45.69900
45.71527
45.73154
45.74781
45.76408
45.78035
45.79663
45.81290
45.82918
45.84546
45.86174
45.87802
45.89430
45.91058
45.92686
45.94315
45.95944
45.97572
45.99201
46.00830
46.02459
46.04088
46.05718
46.07347
46.08977
46.10606
46.12236
46.13866
46.15496
46.17126
46.18756
46.20386
46.22017
46.23647
46.25278
46.26909
46.28540
46.30171
46.31802
46.33433
46.35064
46.36696
46.38328
46.39959
46.41591
46.43223
46.44855
46.46487
46.48119
46.49752
46.51384
46.53017
46.54649
46.56282
46.57915
46.59548
46.61181
46.62815
46.64448
46.66081
46.67715
46.69349
46.70983
46.72617
46.74251
46.75885
46.77519
46.79153
46.80788
46.82422
46.84057
46.85692
46.87327
46.88962
46.90597
46.92232
46.93868
46.95503
46.97139
46.98774
47.00410
47.02046
47.03682
47.05318
47.06955
47.08591
47.10227
47.11864
47.13501
47.15138
47.16774
47.18411
47.20049
47.21686
47.23323
47.24961
47.26598
47.28236
47.29874
47.31512
47.33150
47.34788
47.36426
47.38064
47.39703
47.41341
47.42980
47.44619
47.46257
47.47896
47.49535
47.51175
47.52814
47.54453
47.56093
47.57732
47.59372
47.61012
47.62652
47.64292
47.65932
47.67572
47.69213
47.70853
47.72494
47.74135
47.75775
47.77416
47.79057
47.80698
47.82340
47.83981
47.85622
47.87264
47.88906
47.90547
47.92189
47.93831
47.95473
47.97116
47.98758
48.00400
48.02043
48.03685
48.05328
48.06971
48.08614
48.10257
48.11900
48.13543
48.15186
48.16830
48.18473
48.20117
48.21761
48.23405
48.25049
48.26693
48.28337
48.29981
48.31626
48.33270
48.34915
48.36559
48.38204
48.39849
48.41494
48.43139
48.44785
48.46430
48.48075
48.49721
48.51367
48.53012
48.54658
48.56304
48.57950
48.59596
48.61243
48.62889
48.64535
48.66182
48.67829
48.69475
48.71122
48.72769
48.74416
48.76063
48.77711
48.79358
48.81006
48.82653
48.84301
48.85949
48.87597
48.89245
48.90893
48.92541
48.94189
48.95838
48.97486
48.99135
49.00784
49.02432
49.04081
49.05730
49.07379
49.09029
49.10678
49.12327
49.13977
49.15627
49.17276
49.18926
49.20576
49.22226
49.23876
49.25526
49.27177
49.28827
49.30478
49.32128
49.33779
49.35430
49.37081
49.38732
49.40383
49.42034
49.43686
49.45337
49.46989
49.48640
49.50292
49.51944
49.53596
49.55248
49.56900
49.58552
49.60204
49.61857
49.63509
49.65162
49.66815
49.68468
49.70120
49.71773
49.73427
49.75080
49.76733
49.78387
49.80040
49.81694
49.83347
49.85001
49.86655
49.88309
49.89963
49.91617
49.93272
49.94926
49.96581
49.98235
49.99890
50.01545
50.03200
50.04855
50.06510
50.08165
50.09820
50.11476
50.13131
50.14787
50.16442
50.18098
50.19754
50.21410
50.23066
50.24722
50.26378
50.28035
50.29691
50.31348
50.33004
50.34661
50.36318
50.37975
50.39632
50.41289
50.42946
50.44603
50.46261
50.47918
50.49576
50.51234
50.52891
50.54549
50.56207
50.57865
50.59523
50.61182
50.62840
50.64499
50.66157
50.67816
50.69474
50.71133
50.72792
50.74451
50.76110
50.77770
50.79429
50.81088
50.82748
50.84407
50.86067
50.87727
50.89387
50.91047
50.92707
50.94367
50.96027
50.97688
50.99348
51.01009
51.02669
51.04330
51.05991
51.07652
51.09313
51.10974
51.12635
51.14296
51.15958
51.17619
51.19281
51.20942
51.22604
51.24266
51.25928
51.27590
51.29252
51.30914
51.32576
51.34239
51.35901
51.37564
51.39227
51.40889
51.42552
51.44215
51.45878
51.47541
51.49205
51.50868
51.52531
51.54195
51.55859
51.57522
51.59186
51.60850
51.62514
51.64178
51.65842
51.67506
51.69171
51.70835
51.72500
51.74164
51.75829
51.77494
51.79159
51.80824
51.82489
