7.41224
7.41224
7.41224
7.41224
7.41224
7.41224
7.41224
7.41224
7.41224
7.41224
7.41224
7.41224
7.41223
7.41223
7.41223
7.41223
7.41223
7.41223
7.41223
7.41223
7.41222
7.41222
7.41222
7.41222
7.41222
7.41221
7.41221
7.41221
7.41221
7.41220
7.41220
7.41220
7.41219
7.41219
7.41219
7.41218
7.41218
7.41217
7.41217
7.41216
7.41216
7.41215
7.41215
7.41214
7.41214
7.41213
7.41212
7.41212
7.41211
7.41210
7.41210
7.41209
7.41208
7.41207
7.41206
7.41205
7.41205
7.41204
7.41203
7.41202
7.41201
7.41200
7.41199
7.41198
7.41197
7.41195
7.41194
7.41193
7.41192
7.41191
7.41189
7.41188
7.41187
7.41185
7.41184
7.41182
7.41181
7.41179
7.41178
7.41176
7.41175
7.41173
7.41171
7.41170
7.41168
7.41166
7.41164
7.41162
7.41160
7.41159
7.41157
7.41155
7.41153
7.41150
7.41148
7.41146
7.41144
7.41142
7.41139
7.41137
7.41135
7.41132
7.41130
7.41127
7.41125
7.41122
7.41120
7.41117
7.41115
7.41112
7.41109
7.41106
7.41103
7.41100
7.41098
7.41095
7.41092
7.41089
7.41085
7.41082
7.41079
7.41076
7.41073
7.41069
7.41066
7.41062
7.41059
7.41055
7.41052
7.41048
7.41045
7.41041
7.41037
7.41033
7.41030
7.41026
7.41022
7.41018
7.41014
7.41010
7.41006
7.41001
7.40997
7.40993
7.40989
7.40984
7.40980
7.40975
7.40971
7.40966
7.40962
7.40957
7.40952
7.40948
7.40943
7.40938
7.40933
7.40928
7.40923
7.40918
7.40913
7.40908
7.40903
7.40897
7.40892
7.40887
7.40881
7.40876
7.40870
7.40865
7.40859
7.40853
7.40847
7.40842
7.40836
7.40830
7.40824
7.40818
7.40812
7.40806
7.40800
7.40793
7.40787
7.40781
7.40774
7.40768
7.40762
7.40755
7.40748
7.40742
7.40735
7.40728
7.40722
7.40715
7.40708
7.40701
7.40694
7.40687
7.40680
7.40672
7.40665
7.40658
7.40650
7.40643
7.40636
7.40628
7.40620
7.40613
7.40605
7.40597
7.40590
7.40582
7.40574
7.40566
7.40558
7.40550
7.40542
7.40533
7.40525
7.40517
7.40509
7.40500
7.40492
7.40483
7.40475
7.40466
7.40457
7.40448
7.40440
7.40431
7.40422
7.40413
7.40404
7.40395
7.40386
7.40377
7.40367
7.40358
7.40349
7.40339
7.40330
7.40320
7.40311
7.40301
7.40291
7.40282
7.40272
7.40262
7.40252
7.40242
7.40232
7.40222
7.40212
7.40202
7.40191
7.40181
7.40171
7.40160
7.40150
7.40139
7.40129
7.40118
7.40108
7.40097
7.40086
7.40075
7.40064
7.40053
7.40042
7.40031
7.40020
7.40009
7.39998
7.39986
7.39975
7.39964
7.39952
7.39941
7.39929
7.39918
7.39906
7.39894
7.39883
7.39871
7.39859
7.39847
7.39835
7.39823
7.39811
7.39799
7.39787
7.39775
7.39762
7.39750
7.39738
7.39725
7.39713
7.39700
7.39688
7.39675
7.39662
7.39650
7.39637
7.39624
7.39611
7.39598
7.39585
7.39572
7.39559
7.39546
7.39533
7.39520
7.39506
7.39493
7.39480
7.39466
7.39453
7.39439
7.39426
7.39412
7.39399
7.39385
7.39371
7.39357
7.39343
7.39330
7.39316
7.39302
7.39288
7.39274
7.39259
7.39245
7.39231
7.39217
7.39203
7.39188
7.39174
7.39159
7.39145
7.39130
7.39116
7.39101
7.39087
7.39072
7.39057
7.39043
7.39028
7.39013
7.38998
7.38983
7.38968
7.38953
7.38938
7.38923
7.38908
7.38893
7.38877
7.38862
7.38847
7.38832
7.38816
7.38801
7.38785
7.38770
7.38754
7.38739
7.38723
7.38708
7.38692
7.38676
7.38661
7.38645
7.38629
7.38613
7.38597
7.38581
7.38565
7.38549
7.38533
7.38517
7.38501
7.38485
7.38469
7.38453
7.38437
7.38420
7.38404
7.38388
7.38372
7.38355
7.38339
7.38322
7.38306
7.38289
7.38273
7.38256
7.38240
7.38223
7.38207
7.38190
7.38173
7.38157
7.38140
7.38123
7.38106
7.38090
7.38073
7.38056
7.38039
7.38022
7.38005
7.37988
7.37971
7.37954
7.37937
7.37920
7.37903
7.37886
7.37869
7.37852
7.37835
7.37818
7.37801
7.37783
7.37766
7.37749
7.37732
7.37715
7.37697
7.37680
7.37663
7.37645
7.37628
7.37611
7.37593
7.37576
7.37559
7.37541
7.37524
7.37506
7.37489
7.37471
7.37454
7.37437
7.37419
7.37402
7.37384
7.37367
7.37349
7.37332
7.37314
7.37296
7.37279
7.37261
7.37244
7.37226
7.37209
7.37191
7.37173
7.37156
7.37138
7.37121
7.37103
7.37086
7.37068
7.37050
7.37033
7.37015
7.36998
7.36980
7.36962
7.36945
7.36927
7.36910
7.36892
7.36874
7.36857
7.36839
7.36822
7.36804
7.36786
7.36769
7.36751
7.36734
7.36716
7.36699
7.36681
7.36664
7.36646
7.36629
7.36611
7.36594
7.36576
7.36559
7.36541
7.36524
7.36507
7.36489
7.36472
7.36454
7.36437
7.36420
7.36402
7.36385
7.36368
7.36350
7.36333
7.36316
7.36299
7.36282
7.36264
7.36247
7.36230
7.36213
7.36196
7.36179
7.36162
7.36145
7.36128
7.36111
7.36094
7.36077
7.36060
7.36043
7.36026
7.36010
7.35993
7.35976
7.35959
7.35943
7.35926
7.35909
7.35893
7.35876
7.35860
7.35843
7.35827
7.35810
7.35794
7.35778
7.35761
7.35745
7.35729
7.35713
7.35696
7.35680
7.35664
7.35648
7.35632
7.35616
7.35600
7.35584
7.35569
7.35553
7.35537
7.35521
7.35506
7.35490
7.35475
7.35459
7.35444
7.35428
7.35413
7.35397
7.35382
7.35367
7.35352
7.35337
7.35322
7.35307
7.35292
7.35277
7.35262
7.35247
7.35233
7.35218
7.35203
7.35189
7.35174
7.35160
7.35145
7.35131
7.35117
7.35103
7.35089
7.35075
7.35061
7.35047
7.35033
7.35019
7.35005
7.34992
7.34978
7.34965
7.34951
7.34938
7.34924
7.34911
7.34898
7.34885
7.34872
7.34859
7.34846
7.34833
7.34821
7.34808
7.34795
7.34783
7.34770
7.34758
7.34746
7.34734
7.34722
7.34710
7.34698
7.34686
7.34674
7.34662
7.34651
7.34639
7.34628
7.34617
7.34605
7.34594
7.34583
7.34572
7.34561
7.34550
7.34540
7.34529
7.34519
7.34508
7.34498
7.34488
7.34478
7.34468
7.34458
7.34448
7.34438
7.34428
7.34419
7.34410
7.34400
7.34391
7.34382
7.34373
7.34364
7.34355
7.34346
7.34338
7.34329
7.34321
7.34313
7.34305
7.34297
7.34289
7.34281
7.34273
7.34265
7.34258
7.34251
7.34243
7.34236
7.34229
7.34222
7.34216
7.34209
7.34202
7.34196
7.34190
7.34183
7.34177
7.34172
7.34166
7.34160
7.34155
7.34149
7.34144
7.34139
7.34134
7.34129
7.34124
7.34119
7.34115
7.34110
7.34106
7.34102
7.34098
7.34094
7.34091
7.34087
7.34084
7.34080
7.34077
7.34074
7.34071
7.34069
7.34066
7.34064
7.34061
7.34059
7.34057
7.34055
7.34054
7.34052
7.34051
7.34050
7.34048
7.34048
7.34047
7.34046
7.34046
7.34045
7.34045
7.34045
7.34045
7.34046
7.34046
7.34047
7.34048
7.34048
7.34050
7.34051
7.34052
7.34054
7.34056
7.34058
7.34060
7.34062
7.34064
7.34067
7.34070
7.34073
7.34076
7.34079
7.34083
7.34086
7.34090
7.34094
7.34098
7.34103
7.34107
7.34112
7.34117
7.34122
7.34127
7.34133
7.34138
7.34144
7.34150
7.34156
7.34163
7.34169
7.34176
7.34183
7.34190
7.34197
7.34205
7.34213
7.34221
7.34229
7.34237
7.34245
7.34254
7.34263
7.34272
7.34281
7.34291
7.34301
7.34310
7.34321
7.34331
7.34341
7.34352
7.34363
7.34374
7.34385
7.34397
7.34409
7.34421
7.34433
7.34445
7.34458
7.34471
7.34484
7.34497
7.34510
7.34524
7.34538
7.34552
7.34567
7.34581
7.34596
7.34611
7.34626
7.34642
7.34657
7.34673
7.34689
7.34706
7.34722
7.34739
7.34756
7.34774
7.34791
7.34809
7.34827
7.34845
7.34864
7.34883
7.34901
7.34921
7.34940
7.34960
7.34980
7.35000
7.35020
7.35041
7.35062
7.35083
7.35104
7.35126
7.35148
7.35170
7.35193
7.35215
7.35238
7.35261
7.35285
7.35308
7.35332
7.35357
7.35381
7.35406
7.35431
7.35456
7.35481
7.35507
7.35533
7.35559
7.35586
7.35613
7.35640
7.35667
7.35695
7.35723
7.35751
7.35779
7.35808
7.35837
7.35866
7.35896
7.35926
7.35956
7.35986
7.36017
7.36048
7.36079
7.36111
7.36142
7.36175
7.36207
7.36240
7.36273
7.36306
7.36339
7.36373
7.36407
7.36442
7.36476
7.36511
7.36547
7.36582
7.36618
7.36654
7.36691
7.36727
7.36765
7.36802
7.36840
7.36878
7.36916
7.36954
7.36993
7.37033
7.37072
7.37112
7.37152
7.37193
7.37233
7.37274
7.37316
7.37357
7.37399
7.37442
7.37484
7.37527
7.37571
7.37614
7.37658
7.37703
7.37747
7.37792
7.37837
7.37883
7.37929
7.37975
7.38022
7.38069
7.38116
7.38163
7.38211
7.38259
7.38308
7.38357
7.38406
7.38456
7.38506
7.38556
7.38607
7.38657
7.38709
7.38760
7.38812
7.38865
7.38917
7.38970
7.39024
7.39077
7.39132
7.39186
7.39241
7.39296
7.39351
7.39407
7.39463
7.39520
7.39577
7.39634
7.39692
7.39750
7.39808
7.39867
7.39926
7.39986
7.40045
7.40106
7.40166
7.40227
7.40288
7.40350
7.40412
7.40475
7.40538
7.40601
7.40664
7.40728
7.40793
7.40857
7.40922
7.40988
7.41054
7.41120
7.41187
7.41254
7.41321
7.41389
7.41457
7.41526
7.41595
7.41664
7.41734
7.41804
7.41874
7.41945
7.42017
7.42088
7.42161
7.42233
7.42306
7.42379
7.42453
7.42527
7.42602
7.42677
7.42752
7.42828
7.42904
7.42981
7.43058
7.43135
7.43213
7.43291
7.43370
7.43449
7.43529
7.43609
7.43689
7.43770
7.43851
7.43932
7.44015
7.44097
7.44180
7.44263
7.44347
7.44431
7.44516
7.44601
7.44686
7.44772
7.44859
7.44945
7.45032
7.45120
7.45208
7.45297
7.45386
7.45475
7.45565
7.45655
7.45746
7.45837
7.45929
7.46021
7.46114
7.46207
7.46300
7.46394
7.46488
7.46583
7.46678
7.46774
7.46870
7.46967
7.47064
7.47161
7.47259
7.47358
7.47457
7.47556
7.47656
7.47756
7.47857
7.47958
7.48060
7.48162
7.48265
7.48368
7.48472
7.48576
7.48680
7.48785
7.48891
7.48997
7.49104
7.49210
7.49318
7.49426
7.49534
7.49643
7.49753
7.49862
7.49973
7.50084
7.50195
7.50307
7.50419
7.50532
7.50645
7.50759
7.50873
7.50988
7.51104
7.51219
7.51336
7.51452
7.51570
7.51688
7.51806
7.51925
7.52044
7.52164
7.52284
7.52405
7.52527
7.52648
7.52771
7.52894
7.53017
7.53141
7.53266
7.53391
7.53516
7.53642
7.53769
7.53896
7.54023
7.54151
7.54280
7.54409
7.54539
7.54669
7.54800
7.54931
7.55063
7.55195
7.55328
7.55462
7.55596
7.55730
7.55865
7.56001
7.56137
7.56273
7.56411
7.56548
7.56687
7.56825
7.56965
7.57105
7.57245
7.57386
7.57528
7.57670
7.57813
7.57956
7.58100
7.58244
7.58389
7.58534
7.58680
7.58827
7.58974
7.59122
7.59270
7.59419
7.59568
7.59718
7.59869
7.60020
7.60172
7.60324
7.60477
7.60630
7.60784
7.60939
7.61094
7.61249
7.61406
7.61562
7.61720
7.61878
7.62036
7.62196
7.62355
7.62516
7.62677
7.62838
7.63000
7.63163
7.63326
7.63490
7.63655
7.63820
7.63985
7.64152
7.64319
7.64486
7.64654
7.64823
7.64992
7.65162
7.65332
7.65503
7.65675
7.65847
7.66020
7.66194
7.66368
7.66542
7.66718
7.66894
7.67070
7.67247
7.67425
7.67604
7.67783
7.67962
7.68143
7.68323
7.68505
7.68687
7.68870
7.69053
7.69237
7.69422
7.69607
7.69793
7.69979
7.70167
7.70354
7.70543
7.70732
7.70921
7.71112
7.71303
7.71494
7.71687
7.71879
7.72073
7.72267
7.72462
7.72657
7.72853
7.73050
7.73248
7.73446
7.73644
7.73844
7.74044
7.74244
7.74446
7.74648
7.74850
7.75053
7.75257
7.75462
7.75667
7.75873
7.76080
7.76287
7.76495
7.76703
7.76913
7.77123
7.77333
7.77544
7.77756
7.77969
7.78182
7.78396
7.78611
7.78826
7.79042
7.79259
7.79476
7.79694
7.79913
7.80132
7.80352
7.80573
7.80794
7.81016
7.81239
7.81463
7.81687
7.81912
7.82137
7.82363
7.82590
7.82818
7.83046
7.83275
7.83505
7.83735
7.83967
7.84198
7.84431
7.84664
7.84898
7.85133
7.85368
7.85604
7.85841
7.86078
7.86316
7.86555
7.86795
7.87035
7.87276
7.87518
7.87760
7.88004
7.88248
7.88492
7.88738
7.88984
7.89230
7.89478
7.89726
7.89975
7.90225
7.90475
7.90726
7.90978
7.91231
7.91484
7.91738
7.91993
7.92248
7.92505
7.92762
7.93019
7.93278
7.93537
7.93797
7.94058
7.94319
7.94581
7.94844
7.95108
7.95372
7.95638
7.95903
7.96170
7.96437
7.96706
7.96975
7.97244
7.97515
7.97786
7.98058
7.98331
7.98604
7.98878
7.99153
7.99429
7.99705
7.99983
8.00261
8.00540
8.00819
8.01099
8.01380
8.01662
8.01945
8.02228
8.02513
8.02798
8.03083
8.03370
8.03657
8.03945
8.04234
8.04524
8.04814
8.05105
8.05397
8.05690
8.05983
8.06278
8.06573
8.06869
8.07165
8.07463
8.07761
8.08060
8.08360
8.08661
8.08962
8.09264
8.09568
8.09871
8.10176
8.10481
8.10788
8.11095
8.11402
8.11711
8.12021
8.12331
8.12642
8.12954
8.13266
8.13580
8.13894
8.14209
8.14525
8.14842
8.15159
8.15478
8.15797
8.16117
8.16438
8.16759
8.17082
8.17405
8.17729
8.18054
8.18380
8.18706
8.19034
8.19362
8.19691
8.20021
8.20352
8.20683
8.21015
8.21349
8.21683
8.22018
8.22353
8.22690
8.23027
8.23365
8.23704
8.24044
8.24385
8.24727
8.25069
8.25412
8.25756
8.26101
8.26447
8.26794
8.27141
8.27490
8.27839
8.28189
8.28540
8.28892
8.29244
8.29598
8.29952
8.30307
8.30663
8.31020
8.31378
8.31737
8.32096
8.32456
8.32818
8.33180
8.33543
8.33906
8.34271
8.34637
8.35003
8.35370
8.35739
8.36108
8.36477
8.36848
8.37220
8.37592
8.37966
8.38340
8.38715
8.39091
8.39468
8.39846
8.40225
8.40604
8.40985
8.41366
8.41748
8.42132
8.42516
8.42901
8.43286
8.43673
8.44061
8.44449
8.44838
8.45229
8.45620
8.46012
8.46405
8.46799
8.47193
8.47589
8.47986
8.48383
8.48781
8.49181
8.49581
8.49982
8.50384
8.50787
8.51191
8.51595
8.52001
8.52408
8.52815
8.53223
8.53633
8.54043
8.54454
8.54866
8.55279
8.55693
8.56107
8.56523
8.56940
8.57357
8.57776
8.58195
8.58615
8.59037
8.59459
8.59882
8.60306
8.60731
8.61157
8.61584
8.62011
8.62440
8.62870
8.63300
8.63732
8.64164
8.64597
8.65032
8.65467
8.65903
8.66340
8.66778
8.67217
8.67657
8.68098
8.68540
8.68983
8.69427
8.69871
8.70317
8.70763
8.71211
8.71659
8.72109
8.72559
8.73011
8.73463
8.73916
8.74370
8.74826
8.75282
8.75739
8.76197
8.76656
8.77116
8.77577
8.78039
8.78501
8.78965
8.79430
8.79896
8.80363
8.80830
8.81299
8.81769
8.82239
8.82711
8.83183
8.83657
8.84131
8.84607
8.85083
8.85561
8.86039
8.86519
8.86999
8.87480
8.87963
8.88446
8.88930
8.89416
8.89902
8.90389
8.90877
8.91367
8.91857
8.92348
8.92840
8.93333
8.93828
8.94323
8.94819
8.95316
8.95814
8.96313
8.96814
8.97315
8.97817
8.98320
8.98824
8.99329
8.99835
9.00343
9.00851
9.01360
9.01870
9.02381
9.02893
9.03407
9.03921
9.04436
9.04952
9.05469
9.05988
9.06507
9.07027
9.07548
9.08071
9.08594
9.09118
9.09644
9.10170
9.10697
9.11226
9.11755
9.12286
9.12817
9.13350
9.13883
9.14418
9.14953
9.15490
9.16027
9.16566
9.17106
9.17646
9.18188
9.18731
9.19275
9.19820
9.20365
9.20912
9.21460
9.22009
9.22559
9.23110
9.23662
9.24215
9.24770
9.25325
9.25881
9.26438
9.26997
9.27556
9.28116
9.28678
9.29240
9.29804
9.30368
9.30934
9.31501
9.32069
9.32637
9.33207
9.33778
9.34350
9.34923
9.35497
9.36072
9.36648
9.37225
9.37804
9.38383
9.38963
9.39545
9.40127
9.40711
9.41296
9.41881
9.42468
9.43056
9.43645
9.44235
9.44826
9.45418
9.46011
9.46605
9.47201
9.47797
9.48394
9.48993
9.49592
9.50193
9.50795
9.51398
9.52001
9.52606
9.53212
9.53820
9.54428
9.55037
9.55647
9.56259
9.56871
9.57485
9.58100
9.58715
9.59332
9.59950
9.60569
9.61189
9.61810
9.62433
9.63056
9.63680
9.64306
9.64932
9.65560
9.66189
9.66819
9.67450
9.68082
9.68715
9.69349
9.69985
9.70621
9.71259
9.71897
9.72537
9.73178
9.73820
9.74463
9.75107
9.75753
9.76399
9.77046
9.77695
9.78345
9.78995
9.79647
9.80300
9.80954
9.81610
9.82266
9.82923
9.83582
9.84242
9.84902
9.85564
9.86227
9.86891
9.87557
9.88223
9.88890
9.89559
9.90229
9.90899
9.91571
9.92244
9.92919
9.93594
9.94270
9.94948
9.95626
9.96306
9.96987
9.97669
9.98352
9.99037
9.99722
10.00409
10.01096
10.01785
10.02475
10.03166
10.03858
10.04551
10.05246
10.05941
10.06638
10.07336
10.08035
10.08735
10.09436
10.10139
10.10842
10.11547
10.12253
10.12960
10.13668
10.14377
10.15087
10.15799
10.16511
10.17225
10.17940
10.18656
10.19373
10.20092
10.20811
10.21532
10.22254
10.22977
10.23701
10.24426
10.25152
10.25880
10.26609
10.27339
10.28070
10.28802
10.29535
10.30270
10.31005
10.31742
10.32480
10.33219
10.33959
10.34701
10.35443
10.36187
10.36932
10.37678
10.38425
10.39173
10.39923
10.40674
10.41425
10.42178
10.42933
10.43688
10.44444
10.45202
10.45961
10.46721
10.47482
10.48244
10.49008
10.49773
10.50538
10.51305
10.52074
10.52843
10.53614
10.54385
10.55158
10.55932
10.56707
10.57484
10.58261
10.59040
10.59820
10.60601
10.61384
10.62167
10.62952
10.63738
10.64525
10.65313
10.66102
10.66893
10.67684
10.68477
10.69271
10.70067
10.70863
10.71661
10.72460
10.73260
10.74061
10.74863
10.75667
10.76472
10.77278
10.78085
10.78893
10.79703
10.80514
10.81325
10.82139
10.82953
10.83768
10.84585
10.85403
10.86222
10.87042
10.87864
10.88687
10.89510
10.90336
10.91162
10.91989
10.92818
10.93648
10.94479
10.95311
10.96145
10.96979
10.97815
10.98652
10.99491
11.00330
11.01171
11.02013
11.02856
11.03700
11.04546
11.05392
11.06240
11.07090
11.07940
11.08791
11.09644
11.10498
11.11353
11.12210
11.13067
11.13926
11.14786
11.15648
11.16510
11.17374
11.18239
11.19105
11.19972
11.20841
11.21710
11.22581
11.23454
11.24327
11.25202
11.26078
11.26955
11.27833
11.28712
11.29593
11.30475
11.31358
11.32243
11.33128
11.34015
11.34903
11.35793
11.36683
11.37575
11.38468
11.39362
11.40257
11.41154
11.42052
11.42951
11.43851
11.44753
11.45656
11.46560
11.47465
11.48371
11.49279
11.50188
11.51098
11.52010
11.52922
11.53836
11.54751
11.55668
11.56585
11.57504
11.58424
11.59345
11.60268
11.61192
11.62117
11.63043
11.63970
11.64899
11.65829
11.66760
11.67693
11.68626
11.69561
11.70498
11.71435
11.72374
11.73313
11.74255
11.75197
11.76141
11.77085
11.78032
11.78979
11.79927
11.80877
11.81828
11.82781
11.83734
11.84689
11.85645
11.86603
11.87561
11.88521
11.89482
11.90444
11.91408
11.92373
11.93339
11.94306
11.95275
11.96245
11.97216
11.98188
11.99162
12.00136
12.01112
12.02090
12.03068
12.04048
12.05029
12.06012
12.06995
12.07980
12.08966
12.09954
12.10942
12.11932
12.12924
12.13916
12.14910
12.15905
12.16901
12.17898
12.18897
12.19897
12.20898
12.21901
12.22905
12.23910
12.24916
12.25924
12.26932
12.27943
12.28954
12.29967
12.30980
12.31996
12.33012
12.34030
12.35049
12.36069
12.37090
12.38113
12.39137
12.40163
12.41189
12.42217
12.43246
12.44276
12.45308
12.46341
12.47375
12.48411
12.49447
12.50485
12.51525
12.52565
12.53607
12.54650
12.55695
12.56740
12.57787
12.58835
12.59885
12.60936
12.61988
12.63041
12.64095
12.65151
12.66208
12.67267
12.68326
12.69387
12.70450
12.71513
12.72578
12.73644
12.74711
12.75780
12.76850
12.77921
12.78994
12.80067
12.81142
12.82219
12.83296
12.84375
12.85455
12.86537
12.87619
12.88703
12.89789
12.90875
12.91963
12.93052
12.94143
12.95235
12.96328
12.97422
12.98517
12.99614
13.00712
13.01812
13.02913
13.04015
13.05118
13.06222
13.07328
13.08435
13.09544
13.10654
13.11765
13.12877
13.13991
13.15105
13.16222
13.17339
13.18458
13.19578
13.20699
13.21822
13.22946
13.24071
13.25198
13.26325
13.27454
13.28585
13.29716
13.30849
13.31984
13.33119
13.34256
13.35394
13.36534
13.37675
13.38817
13.39960
13.41105
13.42250
13.43398
13.44546
13.45696
13.46847
13.47999
13.49153
13.50308
13.51465
13.52622
13.53781
13.54941
13.56103
13.57265
13.58430
13.59595
13.60762
13.61930
13.63099
13.64270
13.65441
13.66615
13.67789
13.68965
13.70142
13.71320
13.72500
13.73681
13.74863
13.76047
13.77232
13.78418
13.79606
13.80794
13.81985
13.83176
13.84369
13.85563
13.86758
13.87955
13.89153
13.90352
13.91552
13.92754
13.93957
13.95162
13.96368
13.97575
13.98783
13.99993
14.01204
14.02416
14.03630
14.04845
14.06061
14.07279
14.08497
14.09718
14.10939
14.12162
14.13386
14.14611
14.15838
14.17066
14.18295
14.19526
14.20758
14.21991
14.23226
14.24461
14.25699
14.26937
14.28177
14.29418
14.30660
14.31904
14.33149
14.34395
14.35643
14.36892
14.38142
14.39394
14.40647
14.41901
14.43157
14.44413
14.45672
14.46931
14.48192
14.49454
14.50717
14.51982
14.53248
14.54515
14.55784
14.57054
14.58325
14.59598
14.60872
14.62147
14.63423
14.64701
14.65980
14.67261
14.68543
14.69826
14.71110
14.72396
14.73683
14.74971
14.76261
14.77552
14.78844
14.80138
14.81433
14.82729
14.84027
14.85326
14.86626
14.87928
14.89230
14.90535
14.91840
14.93147
14.94455
14.95764
14.97075
14.98387
14.99701
15.01015
15.02331
15.03649
15.04967
15.06287
15.07609
15.08931
15.10255
15.11580
15.12907
15.14235
15.15564
15.16895
15.18226
15.19560
15.20894
15.22230
15.23567
15.24905
15.26245
15.27586
15.28929
15.30272
15.31617
15.32964
15.34311
15.35660
15.37011
15.38362
15.39715
15.41070
15.42425
15.43782
15.45140
15.46500
15.47861
15.49223
15.50586
15.51951
15.53317
15.54685
15.56054
15.57424
15.58795
15.60168
15.61542
15.62917
15.64294
15.65672
15.67052
15.68432
15.69814
15.71198
15.72582
15.73968
15.75356
15.76744
15.78134
15.79525
15.80918
15.82312
15.83707
15.85104
15.86502
15.87901
15.89301
15.90703
15.92106
15.93511
15.94917
15.96324
15.97732
15.99142
16.00553
16.01965
16.03379
16.04794
16.06211
16.07628
16.09047
16.10468
16.11889
16.13312
16.14737
16.16162
16.17589
16.19018
16.20447
16.21878
16.23310
16.24744
16.26179
16.27615
16.29053
16.30491
16.31932
16.33373
16.34816
16.36260
16.37706
16.39152
16.40600
16.42050
16.43501
16.44953
16.46406
16.47861
16.49317
16.50774
16.52233
16.53693
16.55154
16.56617
16.58081
16.59546
16.61013
16.62481
16.63950
16.65421
16.66893
16.68366
16.69841
16.71316
16.72794
16.74272
16.75752
16.77233
16.78716
16.80200
16.81685
16.83171
16.84659
16.86148
16.87639
16.89130
16.90623
16.92118
16.93613
16.95111
16.96609
16.98109
16.99610
17.01112
17.02616
17.04121
17.05627
17.07134
17.08643
17.10154
17.11665
17.13178
17.14692
17.16208
17.17725
17.19243
17.20762
17.22283
17.23805
17.25329
17.26854
17.28380
17.29907
17.31436
17.32966
17.34497
17.36030
17.37564
17.39100
17.40636
17.42174
17.43714
17.45254
17.46796
17.48339
17.49884
17.51430
17.52977
17.54526
17.56076
17.57627
17.59179
17.60733
17.62288
17.63845
17.65403
17.66962
17.68522
17.70084
17.71647
17.73211
17.74777
17.76344
17.77912
17.79482
17.81053
17.82625
17.84199
17.85774
17.87350
17.88928
17.90506
17.92087
17.93668
17.95251
17.96835
17.98421
18.00007
18.01596
18.03185
18.04776
18.06368
18.07961
18.09556
18.11152
18.12749
18.14348
18.15948
18.17549
18.19152
18.20755
18.22361
18.23967
18.25575
18.27184
18.28795
18.30407
18.32020
18.33634
18.35250
18.36867
18.38485
18.40105
18.41726
18.43348
18.44972
18.46597
18.48223
18.49851
18.51479
18.53110
18.54741
18.56374
18.58008
18.59643
18.61280
18.62918
18.64558
18.66198
18.67840
18.69484
18.71128
18.72774
18.74421
18.76070
18.77720
18.79371
18.81024
18.82677
18.84333
18.85989
18.87647
18.89306
18.90966
18.92628
18.94291
18.95955
18.97621
18.99288
19.00956
19.02625
19.04296
19.05968
19.07642
19.09316
19.10993
19.12670
19.14349
19.16029
19.17710
19.19392
19.21076
19.22762
19.24448
19.26136
19.27825
19.29516
19.31207
19.32900
19.34595
19.36290
19.37987
19.39686
19.41385
19.43086
19.44788
19.46492
19.48197
19.49903
19.51610
19.53319
19.55029
19.56740
19.58453
19.60167
19.61882
19.63599
19.65316
19.67036
19.68756
19.70478
19.72201
19.73925
19.75651
19.77378
19.79106
19.80836
19.82566
19.84299
19.86032
19.87767
19.89503
19.91240
19.92979
19.94719
19.96460
19.98203
19.99947
20.01692
20.03438
20.05186
20.06935
20.08685
20.10437
20.12190
20.13944
20.15700
20.17457
20.19215
20.20974
20.22735
20.24497
20.26260
20.28025
20.29791
20.31558
20.33326
20.35096
20.36867
20.38640
20.40413
20.42188
20.43965
20.45742
20.47521
20.49301
20.51083
20.52865
20.54649
20.56435
20.58221
20.60009
20.61798
20.63589
20.65381
20.67174
20.68968
20.70764
20.72561
20.74359
20.76158
20.77959
20.79761
20.81565
20.83369
20.85175
20.86983
20.88791
20.90601
20.92412
20.94225
20.96038
20.97853
20.99669
21.01487
21.03306
21.05126
21.06947
21.08770
21.10594
21.12419
21.14246
21.16074
21.17903
21.19733
21.21565
21.23398
21.25232
21.27068
21.28904
21.30742
21.32582
21.34423
21.36264
21.38108
21.39952
21.41798
21.43645
21.45493
21.47343
21.49194
21.51046
21.52900
21.54754
21.56610
21.58468
21.60326
21.62186
21.64047
21.65910
21.67773
21.69638
21.71505
21.73372
21.75241
21.77111
21.78982
21.80855
21.82729
21.84604
21.86480
21.88358
21.90237
21.92117
21.93999
21.95882
21.97766
21.99651
22.01538
22.03426
22.05315
22.07205
22.09097
22.10990
22.12884
22.14780
22.16677
22.18575
22.20474
22.22375
22.24276
22.26180
22.28084
22.29990
22.31897
22.33805
22.35714
22.37625
22.39537
22.41450
22.43365
22.45281
22.47198
22.49116
22.51036
22.52957
22.54879
22.56802
22.58727
22.60653
22.62580
22.64508
22.66438
22.68369
22.70301
22.72235
22.74170
22.76106
22.78043
22.79981
22.81921
22.83862
22.85805
22.87748
22.89693
22.91639
22.93587
22.95535
22.97485
22.99436
23.01389
23.03342
23.05297
23.07253
23.09211
23.11169
23.13129
23.15090
23.17053
23.19017
23.20981
23.22948
23.24915
23.26884
23.28854
23.30825
23.32797
23.34771
23.36746
23.38722
23.40700
23.42678
23.44658
23.46640
23.48622
23.50606
23.52591
23.54577
23.56564
23.58553
23.60543
23.62534
23.64527
23.66520
23.68515
23.70511
23.72509
23.74507
23.76507
23.78508
23.80511
23.82514
23.84519
23.86525
23.88533
23.90541
23.92551
23.94562
23.96575
23.98588
24.00603
24.02619
24.04636
24.06655
24.08675
24.10696
24.12718
24.14741
24.16766
24.18792
24.20819
24.22848
24.24877
24.26908
24.28940
24.30974
24.33008
24.35044
24.37081
24.39120
24.41159
24.43200
24.45242
24.47285
24.49330
24.51375
24.53422
24.55471
24.57520
24.59571
24.61622
24.63676
24.65730
24.67785
24.69842
24.71900
24.73959
24.76020
24.78082
24.80144
24.82209
24.84274
24.86341
24.88408
24.90477
24.92548
24.94619
24.96692
24.98766
25.00841
25.02917
25.04995
25.07074
25.09154
25.11235
25.13318
25.15401
25.17486
25.19572
25.21660
25.23748
25.25838
25.27929
25.30021
25.32115
25.34209
25.36305
25.38402
25.40501
25.42600
25.44701
25.46803
25.48906
25.51011
25.53116
25.55223
25.57331
25.59440
25.61551
25.63662
25.65775
25.67889
25.70005
25.72121
25.74239
25.76358
25.78478
25.80599
25.82722
25.84846
25.86971
25.89097
25.91224
25.93353
25.95483
25.97614
25.99746
26.01879
26.04014
26.06150
26.08287
26.10425
26.12564
26.14705
26.16847
26.18990
26.21134
26.23279
26.25426
26.27574
26.29723
26.31873
26.34025
26.36177
26.38331
26.40486
26.42642
26.44800
26.46958
26.49118
26.51279
26.53441
26.55605
26.57769
26.59935
26.62102
26.64270
26.66440
26.68610
26.70782
26.72955
26.75129
26.77304
26.79481
26.81658
26.83837
26.86017
26.88199
26.90381
26.92565
26.94750
26.96936
26.99123
27.01311
27.03501
27.05691
27.07883
27.10076
27.12271
27.14466
27.16663
27.18861
27.21060
27.23260
27.25461
27.27664
27.29868
27.32073
27.34279
27.36486
27.38695
27.40904
27.43115
27.45327
27.47540
27.49755
27.51970
27.54187
27.56405
27.58624
27.60844
27.63066
27.65288
27.67512
27.69737
27.71963
27.74190
27.76419
27.78648
27.80879
27.83111
27.85344
27.87579
27.89814
27.92051
27.94288
27.96527
27.98768
28.01009
28.03251
28.05495
28.07740
28.09986
28.12233
28.14481
28.16731
28.18981
28.21233
28.23486
28.25740
28.27995
28.30252
28.32510
28.34768
28.37028
28.39289
28.41552
28.43815
28.46079
28.48345
28.50612
28.52880
28.55149
28.57420
28.59691
28.61964
28.64238
28.66512
28.68789
28.71066
28.73344
28.75624
28.77905
28.80186
28.82469
28.84754
28.87039
28.89325
28.91613
28.93902
28.96192
28.98483
29.00775
29.03068
29.05363
29.07659
29.09955
29.12253
29.14552
29.16853
29.19154
29.21457
29.23760
29.26065
29.28371
29.30678
29.32986
29.35296
29.37606
29.39918
29.42231
29.44545
29.46860
29.49176
29.51493
29.53812
29.56131
29.58452
29.60774
29.63097
29.65421
29.67746
29.70073
29.72400
29.74729
29.77059
29.79390
29.81722
29.84055
29.86389
29.88725
29.91062
29.93399
29.95738
29.98078
30.00419
30.02762
30.05105
30.07449
30.09795
30.12142
30.14490
30.16839
30.19189
30.21540
30.23892
30.26246
30.28601
30.30956
30.33313
30.35671
30.38030
30.40390
30.42752
30.45114
30.47478
30.49843
30.52208
30.54575
30.56943
30.59313
30.61683
30.64054
30.66427
30.68800
30.71175
30.73551
30.75928
30.78306
30.80685
30.83065
30.85447
30.87829
30.90213
30.92598
30.94984
30.97371
30.99759
31.02148
31.04538
31.06929
31.09322
31.11715
31.14110
31.16506
31.18903
31.21301
31.23700
31.26100
31.28502
31.30904
31.33308
31.35712
31.38118
31.40525
31.42933
31.45342
31.47752
31.50163
31.52575
31.54989
31.57403
31.59819
31.62236
31.64653
31.67072
31.69492
31.71913
31.74335
31.76759
31.79183
31.81609
31.84035
31.86463
31.88891
31.91321
31.93752
31.96184
31.98617
32.01051
32.03487
32.05923
32.08360
32.10799
32.13238
32.15679
32.18121
32.20564
32.23008
32.25453
32.27899
32.30346
32.32794
32.35244
32.37694
32.40146
32.42598
32.45052
32.47507
32.49962
32.52419
32.54877
32.57336
32.59796
32.62258
32.64720
32.67183
32.69648
32.72113
32.74580
32.77047
32.79516
32.81986
32.84457
32.86929
32.89402
32.91876
32.94351
32.96827
32.99304
33.01783
33.04262
33.06742
33.09224
33.11707
33.14190
33.16675
33.19161
33.21648
33.24136
33.26625
33.29115
33.31606
33.34098
33.36591
33.39085
33.41581
33.44077
33.46575
33.49073
33.51573
33.54073
33.56575
33.59078
33.61582
33.64087
33.66592
33.69099
33.71607
33.74117
33.76627
33.79138
33.81650
33.84163
33.86678
33.89193
33.91710
33.94227
33.96746
33.99265
34.01786
34.04307
34.06830
34.09354
34.11879
34.14405
34.16931
34.19459
34.21988
34.24518
34.27050
34.29582
34.32115
34.34649
34.37184
34.39721
34.42258
34.44796
34.47336
34.49876
34.52418
34.54960
34.57504
34.60048
34.62594
34.65140
34.67688
34.70237
34.72787
34.75337
34.77889
34.80442
34.82996
34.85551
34.88107
34.90664
34.93222
34.95781
34.98341
35.00902
35.03464
35.06027
35.08591
35.11157
35.13723
35.16290
35.18858
35.21428
35.23998
35.26569
35.29142
35.31715
35.34289
35.36865
35.39441
35.42019
35.44597
35.47177
35.49757
35.52339
35.54921
35.57505
35.60089
35.62675
35.65262
35.67849
35.70438
35.73028
35.75618
35.78210
35.80803
35.83396
35.85991
35.88587
35.91184
35.93781
35.96380
35.98980
36.01581
36.04182
36.06785
36.09389
36.11994
36.14600
36.17206
36.19814
36.22423
36.25033
36.27644
36.30255
36.32868
36.35482
36.38097
36.40713
36.43329
36.45947
36.48566
36.51186
36.53807
36.56429
36.59051
36.61675
36.64300
36.66926
36.69553
36.72180
36.74809
36.77439
36.80070
36.82701
36.85334
36.87968
36.90603
36.93238
36.95875
36.98513
37.01151
37.03791
37.06432
37.09073
37.11716
37.14360
37.17004
37.19650
37.22296
37.24944
37.27592
37.30242
37.32892
37.35544
37.38196
37.40850
37.43504
37.46160
37.48816
37.51473
37.54132
37.56791
37.59451
37.62112
37.64775
37.67438
37.70102
37.72767
37.75433
37.78101
37.80769
37.83438
37.86108
37.88779
37.91451
37.94124
37.96797
37.99472
38.02148
38.04825
38.07503
38.10181
38.12861
38.15542
38.18223
38.20906
38.23590
38.26274
38.28960
38.31646
38.34333
38.37022
38.39711
38.42402
38.45093
38.47785
38.50478
38.53172
38.55867
38.58563
38.61260
38.63958
38.66657
38.69357
38.72058
38.74760
38.77463
38.80166
38.82871
38.85576
38.88283
38.90990
38.93699
38.96408
38.99119
39.01830
39.04542
39.07255
39.09969
39.12685
39.15401
39.18118
39.20835
39.23554
39.26274
39.28995
39.31717
39.34439
39.37163
39.39887
39.42613
39.45339
39.48067
39.50795
39.53524
39.56254
39.58985
39.61717
39.64450
39.67184
39.69919
39.72655
39.75392
39.78129
39.80868
39.83607
39.86348
39.89089
39.91831
39.94575
39.97319
40.00064
40.02810
40.05557
40.08305
40.11054
40.13803
40.16554
40.19306
40.22058
40.24811
40.27566
40.30321
40.33077
40.35834
40.38593
40.41352
40.44111
40.46872
40.49634
40.52397
40.55160
40.57925
40.60690
40.63457
40.66224
40.68992
40.71761
40.74531
40.77302
40.80074
40.82847
40.85620
40.88395
40.91170
40.93947
40.96724
40.99502
41.02281
41.05061
41.07842
41.10624
41.13407
41.16191
41.18975
41.21761
41.24547
41.27334
41.30123
41.32912
41.35702
41.38493
41.41284
41.44077
41.46871
41.49665
41.52461
41.55257
41.58054
41.60852
41.63651
41.66451
41.69252
41.72054
41.74857
41.77660
41.80464
41.83270
41.86076
41.88883
41.91691
41.94500
41.97310
42.00120
42.02932
42.05744
42.08558
42.11372
42.14187
42.17003
42.19820
42.22638
42.25456
42.28276
42.31096
42.33918
42.36740
42.39563
42.42387
42.45212
42.48038
42.50864
42.53692
42.56520
42.59349
42.62179
42.65010
42.67842
42.70675
42.73509
42.76343
42.79179
42.82015
42.84852
42.87690
42.90529
42.93369
42.96210
42.99051
43.01894
43.04737
43.07581
43.10426
43.13272
43.16119
43.18966
43.21815
43.24664
43.27515
43.30366
43.33218
43.36071
43.38924
43.41779
43.44634
43.47491
43.50348
43.53206
43.56065
43.58925
43.61785
43.64647
43.67509
43.70372
43.73236
43.76101
43.78967
43.81834
43.84701
43.87570
43.90439
43.93309
43.96180
43.99052
44.01924
44.04798
44.07672
44.10547
44.13423
44.16300
44.19178
44.22057
44.24936
44.27816
44.30697
44.33579
44.36462
44.39346
44.42231
44.45116
44.48002
44.50889
44.53777
44.56666
44.59556
44.62446
44.65337
44.68230
44.71123
44.74016
44.76911
44.79807
44.82703
44.85600
44.88498
44.91397
44.94297
44.97197
45.00099
45.03001
45.05904
45.08808
45.11713
45.14618
45.17525
45.20432
45.23340
45.26249
45.29158
45.32069
45.34980
45.37893
45.40806
45.43720
45.46634
45.49550
45.52466
45.55383
45.58301
45.61220
45.64140
45.67060
45.69982
45.72904
45.75827
45.78750
45.81675
45.84600
45.87527
45.90454
45.93382
45.96310
45.99240
46.02170
46.05101
46.08033
46.10966
46.13900
46.16834
46.19769
46.22705
46.25642
46.28580
46.31519
46.34458
46.37398
46.40339
46.43281
46.46223
46.49167
46.52111
46.55056
46.58002
46.60948
46.63896
46.66844
46.69793
46.72743
46.75693
46.78645
46.81597
46.84550
46.87504
46.90458
46.93414
46.96370
46.99327
47.02285
47.05244
47.08203
47.11164
47.14125
47.17086
47.20049
47.23013
47.25977
47.28942
47.31908
47.34874
47.37842
47.40810
47.43779
47.46749
47.49719
47.52691
47.55663
47.58636
47.61610
47.64584
47.67560
47.70536
47.73513
47.76490
47.79469
47.82448
47.85428
47.88409
47.91391
47.94373
47.97356
48.00340
48.03325
48.06311
48.09297
48.12284
48.15272
48.18261
48.21250
48.24241
48.27232
48.30223
48.33216
48.36209
48.39204
48.42199
48.45194
48.48191
48.51188
48.54186
48.57185
48.60184
48.63185
48.66186
48.69188
48.72190
48.75194
48.78198
48.81203
48.84209
48.87215
48.90222
48.93231
48.96239
48.99249
49.02259
49.05270
49.08282
49.11295
49.14308
49.17323
49.20337
49.23353
49.26370
49.29387
49.32405
49.35424
49.38443
49.41463
49.44484
49.47506
49.50529
49.53552
49.56576
49.59601
49.62626
49.65653
49.68680
49.71708
49.74736
49.77766
49.80796
49.83827
49.86858
49.89891
49.92924
49.95957
49.98992
50.02027
50.05064
50.08100
50.11138
50.14176
50.17215
50.20255
50.23296
50.26337
50.29379
50.32422
50.35466
50.38510
50.41555
50.44601
50.47647
50.50695
50.53743
50.56792
50.59841
50.62891
50.65942
50.68994
50.72046
50.75100
50.78154
50.81208
50.84264
50.87320
50.90377
50.93434
50.96493
50.99552
51.02612
51.05672
51.08733
51.11795
51.14858
51.17922
51.20986
51.24051
51.27116
51.30183
51.33250
51.36318
51.39386
51.42456
51.45526
51.48596
51.51668
51.54740
51.57813
51.60887
51.63961
51.67036
51.70112
51.73189
51.76266
51.79344
51.82422
51.85502
51.88582
51.91663
51.94744
51.97827
52.00910
52.03994
52.07078
52.10163
52.13249
52.16336
52.19423
52.22511
52.25600
52.28689
52.31779
52.34870
52.37962
52.41054
52.44147
52.47241
52.50335
52.53430
52.56526
52.59623
52.62720
52.65818
52.68917
52.72016
52.75116
52.78217
52.81318
52.84420
52.87523
52.90627
52.93731
52.96836
52.99942
53.03048
53.06155
53.09263
53.12372
53.15481
53.18591
53.21701
53.24813
53.27925
53.31037
53.34151
53.37265
53.40380
53.43495
53.46611
53.49728
53.52846
53.55964
53.59083
53.62203
53.65323
53.68444
53.71566
53.74688
53.77811
53.80935
53.84059
53.87184
53.90310
53.93437
53.96564
53.99692
54.02820
54.05950
54.09080
54.12210
54.15342
54.18474
54.21606
54.24740
54.27874
54.31008
54.34144
54.37280
54.40417
54.43554
54.46692
54.49831
54.52970
54.56111
54.59251
54.62393
54.65535
54.68678
54.71821
54.74966
54.78111
54.81256
54.84402
54.87549
54.90697
54.93845
54.96994
55.00143
55.03294
55.06445
55.09596
55.12749
55.15901
55.19055
55.22209
55.25364
55.28520
55.31676
55.34833
55.37991
55.41149
55.44308
55.47467
55.50628
55.53788
55.56950
55.60112
55.63275
55.66439
55.69603
55.72768
55.75933
55.79099
55.82266
55.85434
55.88602
55.91771
55.94940
55.98110
56.01281
56.04453
56.07625
56.10797
56.13971
56.17145
56.20319
56.23495
56.26671
56.29848
56.33025
56.36203
56.39381
56.42561
56.45741
56.48921
56.52102
56.55284
56.58467
56.61650
56.64833
56.68018
56.71203
56.74389
56.77575
56.80762
56.83950
56.87138
56.90327
56.93516
56.96707
56.99898
57.03089
57.06281
57.09474
57.12667
57.15861
57.19056
57.22251
57.25447
57.28644
57.31841
57.35039
57.38238
57.41437
57.44636
57.47837
57.51038
57.54240
57.57442
57.60645
57.63848
57.67053
57.70257
57.73463
57.76669
57.79876
57.83083
57.86291
57.89499
57.92709
57.95919
57.99129
58.02340
58.05552
58.08764
58.11977
58.15191
58.18405
58.21620
58.24835
58.28051
58.31268
58.34485
58.37703
58.40922
58.44141
58.47361
58.50581
58.53802
58.57024
58.60246
58.63469
58.66693
58.69917
58.73142
58.76367
58.79593
58.82820
58.86047
58.89275
58.92503
58.95732
58.98962
59.02192
59.05423
59.08654
59.11886
59.15119
59.18352
59.21586
59.24821
59.28056
59.31292
59.34528
59.37765
59.41003
59.44241
59.47480
59.50719
59.53959
59.57200
59.60441
59.63683
59.66925
59.70168
59.73412
59.76656
59.79901
59.83146
59.86392
59.89639
59.92886
59.96134
59.99382
60.02631
60.05881
60.09131
60.12382
60.15633
60.18885
60.22137
60.25391
60.28644
60.31899
60.35154
60.38409
60.41665
60.44922
60.48179
60.51437
60.54696
60.57955
60.61214
60.64475
60.67736
60.70997
60.74259
60.77522
60.80785
60.84049
60.87313
60.90578
60.93843
60.97110
61.00376
61.03644
61.06911
61.10180
61.13449
61.16719
61.19989
61.23259
61.26531
61.29803
61.33075
61.36348
61.39622
61.42896
61.46171
61.49447
61.52723
61.55999
61.59276
61.62554
61.65832
61.69111
61.72391
61.75671
61.78951
61.82232
61.85514
61.88796
61.92079
61.95363
61.98647
62.01931
62.05216
62.08502
62.11788
62.15075
62.18363
62.21651
62.24939
62.28228
62.31518
62.34808
62.38099
62.41391
62.44683
62.47975
62.51268
62.54562
62.57856
62.61151
62.64446
62.67742
62.71039
62.74336
62.77633
62.80931
62.84230
62.87529
62.90829
62.94130
62.97431
63.00732
63.04034
63.07337
63.10640
63.13944
63.17248
63.20553
63.23858
63.27164
63.30470
63.33778
63.37085
63.40393
63.43702
63.47011
63.50321
63.53631
63.56942
63.60254
63.63566
63.66878
63.70191
63.73505
63.76819
63.80134
63.83449
63.86765
63.90082
63.93398
63.96716
64.00034
64.03352
64.06672
64.09991
64.13311
64.16632
64.19953
64.23275
64.26598
64.29921
64.33244
64.36568
64.39892
64.43218
64.46543
64.49869
64.53196
64.56523
64.59851
64.63179
64.66508
64.69837
64.73167
64.76498
64.79829
64.83160
64.86492
64.89825
64.93158
64.96491
64.99826
65.03160
65.06496
65.09831
65.13168
65.16504
65.19842
65.23180
65.26518
65.29857
65.33196
65.36536
65.39877
65.43218
65.46559
65.49902
65.53244
65.56587
65.59931
65.63275
65.66620
65.69965
65.73311
65.76657
65.80004
65.83351
65.86699
65.90047
65.93396
65.96746
66.00096
66.03446
66.06797
66.10149
66.13501
66.16853
66.20206
66.23560
66.26914
66.30268
66.33623
66.36979
66.40335
66.43692
66.47049
66.50407
66.53765
66.57123
66.60483
66.63842
66.67203
66.70563
66.73925
66.77286
66.80649
66.84011
66.87375
66.90739
66.94103
66.97468
67.00833
67.04199
67.07565
67.10932
67.14299
67.17667
67.21036
67.24404
67.27774
67.31144
67.34514
67.37885
67.41256
67.44628
67.48001
67.51373
67.54747
67.58121
67.61495
67.64870
67.68245
67.71621
67.74998
67.78375
67.81752
67.85130
67.88508
67.91887
67.95266
67.98646
68.02027
68.05408
68.08789
68.12171
68.15553
68.18936
68.22319
68.25703
68.29087
68.32472
68.35857
68.39243
68.42629
68.46016
68.49404
68.52791
68.56179
68.59568
68.62957
68.66347
68.69737
68.73128
68.76519
68.79911
68.83303
68.86696
68.90089
68.93482
68.96876
69.00271
69.03666
69.07061
69.10457
69.13854
69.17251
69.20648
69.24046
69.27445
69.30844
69.34243
69.37643
69.41043
69.44444
69.47845
69.51247
69.54649
69.58052
69.61455
69.64859
69.68263
69.71668
69.75073
69.78478
69.81884
69.85291
69.88698
69.92105
69.95513
69.98922
70.02331
70.05740
70.09150
70.12560
70.15971
70.19382
70.22794
70.26206
70.29619
70.33032
70.36446
70.39860
70.43274
70.46689
70.50105
70.53521
70.56937
70.60354
70.63771
70.67189
70.70607
70.74026
70.77445
70.80865
70.84285
70.87706
70.91127
70.94548
70.97970
71.01393
71.04815
71.08239
71.11663
71.15087
71.18512
71.21937
71.25363
71.28789
71.32215
71.35642
71.39070
71.42498
71.45926
71.49355
71.52784
71.56214
71.59644
71.63075
71.66506
71.69938
71.73370
71.76802
71.80235
71.83669
71.87102
71.90537
71.93971
71.97407
72.00842
72.04278
72.07715
72.11152
72.14589
72.18027
72.21466
72.24905
72.28344
72.31783
72.35224
72.38664
72.42105
72.45547
72.48989
72.52431
72.55874
72.59317
72.62761
72.66205
72.69650
72.73095
72.76540
72.79986
72.83432
72.86879
72.90326
72.93774
72.97222
73.00671
73.04120
73.07569
73.11019
73.14470
73.17920
73.21371
73.24823
73.28275
73.31728
73.35181
73.38634
73.42088
73.45542
73.48997
73.52452
73.55908
73.59364
73.62820
73.66277
73.69734
73.73192
73.76650
73.80109
73.83568
73.87027
73.90487
73.93947
73.97408
74.00869
74.04331
74.07793
74.11255
74.14718
74.18182
74.21645
74.25110
74.28574
74.32039
74.35505
74.38971
74.42437
74.45904
74.49371
74.52838
74.56306
74.59775
74.63244
74.66713
74.70183
74.73653
74.77123
74.80594
74.84066
74.87537
74.91010
74.94482
74.97955
75.01429
75.04903
75.08377
75.11852
75.15327
75.18803
75.22279
75.25755
75.29232
75.32709
75.36187
75.39665
75.43143
75.46622
75.50102
75.53581
75.57062
75.60542
75.64023
75.67505
75.70986
75.74469
75.77951
75.81434
75.84918
75.88402
75.91886
75.95371
75.98856
76.02341
76.05827
76.09313
76.12800
76.16287
76.19775
76.23263
76.26751
76.30240
76.33729
76.37219
76.40709
76.44199
76.47690
76.51181
76.54673
76.58165
76.61657
76.65150
76.68643
76.72137
76.75631
76.79125
76.82620
76.86115
76.89611
76.93107
76.96604
77.00100
77.03598
77.07095
77.10593
77.14092
77.17591
77.21090
77.24589
77.28090
77.31590
77.35091
77.38592
77.42094
77.45596
77.49098
77.52601
77.56104
77.59608
77.63112
77.66616
77.70121
77.73626
77.77132
77.80637
77.84144
77.87651
77.91158
77.94665
77.98173
78.01681
78.05190
78.08699
78.12209
78.15719
78.19229
78.22739
78.26250
78.29762
78.33274
78.36786
78.40298
78.43811
78.47325
78.50839
78.54353
78.57867
78.61382
78.64897
78.68413
78.71929
78.75446
78.78962
78.82480
78.85997
78.89515
78.93033
78.96552
79.00071
79.03591
79.07111
79.10631
79.14152
79.17673
79.21194
79.24716
79.28238
79.31760
79.35283
79.38807
79.42330
79.45854
79.49379
79.52903
79.56429
79.59954
79.63480
79.67006
79.70533
79.74060
79.77588
79.81115
79.84644
79.88172
79.91701
79.95230
79.98760
80.02290
80.05820
80.09351
80.12882
80.16414
80.19946
80.23478
80.27011
80.30544
80.34077
80.37611
80.41145
80.44679
80.48214
80.51749
80.55285
80.58821
80.62357
80.65894
80.69431
80.72968
80.76506
80.80044
80.83583
80.87122
80.90661
80.94201
80.97741
81.01281
81.04822
81.08363
81.11904
81.15446
81.18988
81.22531
81.26073
81.29617
81.33160
81.36704
81.40248
81.43793
81.47338
81.50884
81.54429
81.57975
81.61522
81.65069
81.68616
81.72163
81.75711
81.79260
81.82808
81.86357
81.89907
81.93456
81.97006
82.00557
82.04107
82.07658
82.11210
82.14762
82.18314
82.21866
82.25419
82.28973
82.32526
82.36080
82.39634
82.43189
82.46744
82.50299
82.53855
82.57411
82.60967
82.64524
82.68081
82.71639
82.75196
82.78754
82.82313
82.85872
82.89431
82.92990
82.96550
83.00111
83.03671
83.07232
83.10793
83.14355
83.17917
83.21479
83.25042
83.28605
83.32168
83.35732
83.39296
83.42860
83.46425
83.49990
83.53555
83.57121
83.60687
83.64253
83.67820
83.71387
83.74955
83.78522
83.82091
83.85659
83.89228
83.92797
83.96366
83.99936
84.03506
84.07077
84.10648
84.14219
84.17790
84.21362
84.24934
84.28507
84.32080
84.35653
84.39226
84.42800
84.46374
84.49949
84.53524
84.57099
84.60674
84.64250
84.67826
84.71403
84.74980
84.78557
84.82134
84.85712
84.89290
84.92869
84.96448
85.00027
85.03606
85.07186
85.10766
85.14347
85.17928
85.21509
85.25090
85.28672
85.32254
85.35837
85.39419
85.43003
85.46586
85.50170
85.53754
85.57338
85.60923
85.64508
85.68094
85.71679
85.75265
85.78852
85.82438
85.86025
85.89613
85.93200
85.96788
86.00377
86.03965
86.07554
86.11144
86.14733
86.18323
86.21913
86.25504
86.29095
86.32686
86.36277
86.39869
86.43461
86.47054
86.50647
86.54240
86.57833
86.61427
86.65021
86.68616
86.72210
86.75805
86.79401
86.82996
86.86592
86.90189
86.93785
86.97382
87.00979
87.04577
87.08175
87.11773
87.15371
87.18970
87.22569
87.26169
87.29769
87.33369
87.36969
87.40570
87.44171
87.47772
87.51374
87.54975
87.58578
87.62180
87.65783
87.69386
87.72990
87.76594
87.80198
87.83802
87.87407
87.91012
87.94617
87.98223
88.01829
88.05435
88.09042
88.12648
88.16256
88.19863
88.23471
88.27079
88.30687
88.34296
88.37905
88.41514
88.45124
88.48734
88.52344
88.55955
88.59566
88.63177
88.66788
88.70400
88.74012
88.77624
88.81237
88.84850
88.88463
88.92077
88.95691
88.99305
89.02919
89.06534
89.10149
89.13764
89.17380
89.20996
89.24612
89.28229
89.31846
89.35463
89.39080
89.42698
89.46316
89.49934
89.53553
89.57172
89.60791
89.64411
89.68031
89.71651
89.75271
89.78892
89.82513
89.86134
89.89756
89.93378
89.97000
90.00622
90.04245
90.07868
