-39.09009
-39.09009
-39.09009
-39.09009
-39.09008
-39.09008
-39.09008
-39.09008
-39.09008
-39.09008
-39.09008
-39.09008
-39.09008
-39.09008
-39.09008
-39.09008
-39.09008
-39.09008
-39.09008
-39.09007
-39.09007
-39.09007
-39.09007
-39.09007
-39.09007
-39.09006
-39.09006
-39.09006
-39.09006
-39.09005
-39.09005
-39.09005
-39.09005
-39.09004
-39.09004
-39.09003
-39.09003
-39.09003
-39.09002
-39.09002
-39.09001
-39.09001
-39.09000
-39.09000
-39.08999
-39.08999
-39.08998
-39.08998
-39.08997
-39.08996
-39.08996
-39.08995
-39.08994
-39.08994
-39.08993
-39.08992
-39.08991
-39.08990
-39.08990
-39.08989
-39.08988
-39.08987
-39.08986
-39.08985
-39.08984
-39.08983
-39.08982
-39.08981
-39.08980
-39.08978
-39.08977
-39.08976
-39.08975
-39.08973
-39.08972
-39.08971
-39.08969
-39.08968
-39.08966
-39.08965
-39.08963
-39.08962
-39.08960
-39.08959
-39.08957
-39.08955
-39.08954
-39.08952
-39.08950
-39.08948
-39.08946
-39.08944
-39.08942
-39.08940
-39.08938
-39.08936
-39.08934
-39.08932
-39.08930
-39.08927
-39.08925
-39.08923
-39.08921
-39.08918
-39.08916
-39.08913
-39.08911
-39.08908
-39.08905
-39.08903
-39.08900
-39.08897
-39.08894
-39.08892
-39.08889
-39.08886
-39.08883
-39.08880
-39.08876
-39.08873
-39.08870
-39.08867
-39.08864
-39.08860
-39.08857
-39.08853
-39.08850
-39.08846
-39.08843
-39.08839
-39.08835
-39.08832
-39.08828
-39.08824
-39.08820
-39.08816
-39.08812
-39.08808
-39.08804
-39.08799
-39.08795
-39.08791
-39.08786
-39.08782
-39.08778
-39.08773
-39.08768
-39.08764
-39.08759
-39.08754
-39.08749
-39.08744
-39.08739
-39.08734
-39.08729
-39.08724
-39.08719
-39.08714
-39.08708
-39.08703
-39.08697
-39.08692
-39.08686
-39.08681
-39.08675
-39.08669
-39.08663
-39.08657
-39.08651
-39.08645
-39.08639
-39.08633
-39.08627
-39.08620
-39.08614
-39.08607
-39.08601
-39.08594
-39.08588
-39.08581
-39.08574
-39.08567
-39.08560
-39.08553
-39.08546
-39.08539
-39.08532
-39.08524
-39.08517
-39.08509
-39.08502
-39.08494
-39.08486
-39.08479
-39.08471
-39.08463
-39.08455
-39.08447
-39.08439
-39.08430
-39.08422
-39.08414
-39.08405
-39.08397
-39.08388
-39.08379
-39.08370
-39.08362
-39.08353
-39.08344
-39.08334
-39.08325
-39.08316
-39.08307
-39.08297
-39.08288
-39.08278
-39.08268
-39.08258
-39.08249
-39.08239
-39.08229
-39.08218
-39.08208
-39.08198
-39.08187
-39.08177
-39.08166
-39.08156
-39.08145
-39.08134
-39.08123
-39.08112
-39.08101
-39.08090
-39.08079
-39.08067
-39.08056
-39.08044
-39.08033
-39.08021
-39.08009
-39.07997
-39.07985
-39.07973
-39.07961
-39.07949
-39.07936
-39.07924
-39.07911
-39.07898
-39.07886
-39.07873
-39.07860
-39.07847
-39.07834
-39.07820
-39.07807
-39.07794
-39.07780
-39.07766
-39.07753
-39.07739
-39.07725
-39.07711
-39.07697
-39.07682
-39.07668
-39.07654
-39.07639
-39.07624
-39.07610
-39.07595
-39.07580
-39.07565
-39.07549
-39.07534
-39.07519
-39.07503
-39.07488
-39.07472
-39.07456
-39.07440
-39.07424
-39.07408
-39.07392
-39.07376
-39.07359
-39.07343
-39.07326
-39.07309
-39.07292
-39.07275
-39.07258
-39.07241
-39.07224
-39.07206
-39.07189
-39.07171
-39.07153
-39.07135
-39.07117
-39.07099
-39.07081
-39.07063
-39.07044
-39.07026
-39.07007
-39.06988
-39.06969
-39.06950
-39.06931
-39.06912
-39.06893
-39.06873
-39.06853
-39.06834
-39.06814
-39.06794
-39.06774
-39.06754
-39.06733
-39.06713
-39.06692
-39.06672
-39.06651
-39.06630
-39.06609
-39.06588
-39.06567
-39.06545
-39.06524
-39.06502
-39.06480
-39.06458
-39.06436
-39.06414
-39.06392
-39.06370
-39.06347
-39.06324
-39.06302
-39.06279
-39.06256
-39.06233
-39.06209
-39.06186
-39.06162
-39.06139
-39.06115
-39.06091
-39.06067
-39.06043
-39.06019
-39.05994
-39.05970
-39.05945
-39.05920
-39.05895
-39.05870
-39.05845
-39.05820
-39.05794
-39.05769
-39.05743
-39.05717
-39.05691
-39.05665
-39.05639
-39.05612
-39.05586
-39.05559
-39.05532
-39.05505
-39.05478
-39.05451
-39.05424
-39.05396
-39.05369
-39.05341
-39.05313
-39.05285
-39.05257
-39.05228
-39.05200
-39.05171
-39.05143
-39.05114
-39.05085
-39.05056
-39.05026
-39.04997
-39.04967
-39.04938
-39.04908
-39.04878
-39.04848
-39.04817
-39.04787
-39.04756
-39.04726
-39.04695
-39.04664
-39.04633
-39.04601
-39.04570
-39.04538
-39.04507
-39.04475
-39.04443
-39.04411
-39.04378
-39.04346
-39.04313
-39.04281
-39.04248
-39.04215
-39.04181
-39.04148
-39.04115
-39.04081
-39.04047
-39.04013
-39.03979
-39.03945
-39.03910
-39.03876
-39.03841
-39.03806
-39.03771
-39.03736
-39.03701
-39.03665
-39.03630
-39.03594
-39.03558
-39.03522
-39.03486
-39.03449
-39.03413
-39.03376
-39.03339
-39.03302
-39.03265
-39.03228
-39.03190
-39.03153
-39.03115
-39.03077
-39.03039
-39.03001
-39.02962
-39.02924
-39.02885
-39.02846
-39.02807
-39.02768
-39.02728
-39.02689
-39.02649
-39.02609
-39.02569
-39.02529
-39.02489
-39.02448
-39.02407
-39.02367
-39.02326
-39.02284
-39.02243
-39.02202
-39.02160
-39.02118
-39.02076
-39.02034
-39.01992
-39.01949
-39.01907
-39.01864
-39.01821
-39.01778
-39.01734
-39.01691
-39.01647
-39.01603
-39.01559
-39.01515
-39.01471
-39.01426
-39.01382
-39.01337
-39.01292
-39.01247
-39.01201
-39.01156
-39.01110
-39.01064
-39.01018
-39.00972
-39.00926
-39.00879
-39.00833
-39.00786
-39.00739
-39.00691
-39.00644
-39.00596
-39.00549
-39.00501
-39.00453
-39.00404
-39.00356
-39.00307
-39.00258
-39.00209
-39.00160
-39.00111
-39.00061
-39.00012
-38.99962
-38.99912
-38.99862
-38.99811
-38.99761
-38.99710
-38.99659
-38.99608
-38.99557
-38.99505
-38.99453
-38.99402
-38.99350
-38.99297
-38.99245
-38.99192
-38.99140
-38.99087
-38.99034
-38.98980
-38.98927
-38.98873
-38.98819
-38.98765
-38.98711
-38.98657
-38.98602
-38.98548
-38.98493
-38.98438
-38.98382
-38.98327
-38.98271
-38.98215
-38.98159
-38.98103
-38.98046
-38.97990
-38.97933
-38.97876
-38.97819
-38.97761
-38.97704
-38.97646
-38.97588
-38.97530
-38.97472
-38.97413
-38.97355
-38.97296
-38.97237
-38.97177
-38.97118
-38.97058
-38.96999
-38.96939
-38.96878
-38.96818
-38.96757
-38.96696
-38.96636
-38.96574
-38.96513
-38.96451
-38.96390
-38.96328
-38.96266
-38.96203
-38.96141
-38.96078
-38.96015
-38.95952
-38.95889
-38.95825
-38.95761
-38.95697
-38.95633
-38.95569
-38.95505
-38.95440
-38.95375
-38.95310
-38.95245
-38.95179
-38.95113
-38.95047
-38.94981
-38.94915
-38.94849
-38.94782
-38.94715
-38.94648
-38.94581
-38.94513
-38.94445
-38.94378
-38.94309
-38.94241
-38.94173
-38.94104
-38.94035
-38.93966
-38.93897
-38.93827
-38.93757
-38.93688
-38.93617
-38.93547
-38.93477
-38.93406
-38.93335
-38.93264
-38.93192
-38.93121
-38.93049
-38.92977
-38.92905
-38.92833
-38.92760
-38.92687
-38.92614
-38.92541
-38.92467
-38.92394
-38.92320
-38.92246
-38.92172
-38.92097
-38.92023
-38.91948
-38.91873
-38.91797
-38.91722
-38.91646
-38.91570
-38.91494
-38.91418
-38.91341
-38.91264
-38.91187
-38.91110
-38.91033
-38.90955
-38.90877
-38.90799
-38.90721
-38.90642
-38.90564
-38.90485
-38.90406
-38.90326
-38.90247
-38.90167
-38.90087
-38.90007
-38.89927
-38.89846
-38.89765
-38.89684
-38.89603
-38.89521
-38.89440
-38.89358
-38.89275
-38.89193
-38.89111
-38.89028
-38.88945
-38.88862
-38.88778
-38.88694
-38.88611
-38.88526
-38.88442
-38.88358
-38.88273
-38.88188
-38.88103
-38.88017
-38.87932
-38.87846
-38.87760
-38.87673
-38.87587
-38.87500
-38.87413
-38.87326
-38.87238
-38.87151
-38.87063
-38.86975
-38.86887
-38.86798
-38.86709
-38.86620
-38.86531
-38.86442
-38.86352
-38.86262
-38.86172
-38.86082
-38.85991
-38.85900
-38.85810
-38.85718
-38.85627
-38.85535
-38.85443
-38.85351
-38.85259
-38.85166
-38.85073
-38.84980
-38.84887
-38.84794
-38.84700
-38.84606
-38.84512
-38.84417
-38.84323
-38.84228
-38.84133
-38.84037
-38.83942
-38.83846
-38.83750
-38.83654
-38.83557
-38.83461
-38.83364
-38.83267
-38.83169
-38.83072
-38.82974
-38.82876
-38.82777
-38.82679
-38.82580
-38.82481
-38.82382
-38.82282
-38.82182
-38.82082
-38.81982
-38.81882
-38.81781
-38.81680
-38.81579
-38.81478
-38.81376
-38.81274
-38.81172
-38.81070
-38.80967
-38.80865
-38.80762
-38.80658
-38.80555
-38.80451
-38.80347
-38.80243
-38.80139
-38.80034
-38.79929
-38.79824
-38.79719
-38.79613
-38.79507
-38.79401
-38.79295
-38.79188
-38.79081
-38.78974
-38.78867
-38.78759
-38.78652
-38.78544
-38.78435
-38.78327
-38.78218
-38.78109
-38.78000
-38.77890
-38.77781
-38.77671
-38.77561
-38.77450
-38.77340
-38.77229
-38.77118
-38.77006
-38.76895
-38.76783
-38.76671
-38.76558
-38.76446
-38.76333
-38.76220
-38.76106
-38.75993
-38.75879
-38.75765
-38.75650
-38.75536
-38.75421
-38.75306
-38.75191
-38.75075
-38.74959
-38.74843
-38.74727
-38.74611
-38.74494
-38.74377
-38.74260
-38.74142
-38.74024
-38.73906
-38.73788
-38.73669
-38.73551
-38.73432
-38.73312
-38.73193
-38.73073
-38.72953
-38.72833
-38.72712
-38.72592
-38.72471
-38.72349
-38.72228
-38.72106
-38.71984
-38.71862
-38.71740
-38.71617
-38.71494
-38.71371
-38.71247
-38.71123
-38.70999
-38.70875
-38.70750
-38.70626
-38.70501
-38.70375
-38.70250
-38.70124
-38.69998
-38.69872
-38.69745
-38.69619
-38.69492
-38.69364
-38.69237
-38.69109
-38.68981
-38.68853
-38.68724
-38.68595
-38.68466
-38.68337
-38.68207
-38.68077
-38.67947
-38.67817
-38.67686
-38.67555
-38.67424
-38.67293
-38.67161
-38.67029
-38.66897
-38.66765
-38.66632
-38.66499
-38.66366
-38.66233
-38.66099
-38.65965
-38.65831
-38.65696
-38.65562
-38.65427
-38.65292
-38.65156
-38.65020
-38.64884
-38.64748
-38.64611
-38.64475
-38.64338
-38.64200
-38.64063
-38.63925
-38.63787
-38.63648
-38.63510
-38.63371
-38.63232
-38.63092
-38.62953
-38.62813
-38.62673
-38.62532
-38.62392
-38.62251
-38.62109
-38.61968
-38.61826
-38.61684
-38.61542
-38.61399
-38.61256
-38.61113
-38.60970
-38.60826
-38.60683
-38.60538
-38.60394
-38.60249
-38.60105
-38.59959
-38.59814
-38.59668
-38.59522
-38.59376
-38.59229
-38.59083
-38.58936
-38.58788
-38.58641
-38.58493
-38.58345
-38.58196
-38.58048
-38.57899
-38.57750
-38.57600
-38.57451
-38.57301
-38.57150
-38.57000
-38.56849
-38.56698
-38.56547
-38.56395
-38.56243
-38.56091
-38.55939
-38.55786
-38.55633
-38.55480
-38.55327
-38.55173
-38.55019
-38.54865
-38.54710
-38.54555
-38.54400
-38.54245
-38.54089
-38.53934
-38.53777
-38.53621
-38.53464
-38.53307
-38.53150
-38.52993
-38.52835
-38.52677
-38.52518
-38.52360
-38.52201
-38.52042
-38.51882
-38.51723
-38.51563
-38.51403
-38.51242
-38.51081
-38.50920
-38.50759
-38.50597
-38.50436
-38.50273
-38.50111
-38.49948
-38.49785
-38.49622
-38.49459
-38.49295
-38.49131
-38.48967
-38.48802
-38.48637
-38.48472
-38.48307
-38.48141
-38.47975
-38.47809
-38.47642
-38.47475
-38.47308
-38.47141
-38.46973
-38.46805
-38.46637
-38.46469
-38.46300
-38.46131
-38.45962
-38.45792
-38.45623
-38.45452
-38.45282
-38.45111
-38.44940
-38.44769
-38.44598
-38.44426
-38.44254
-38.44082
-38.43909
-38.43736
-38.43563
-38.43390
-38.43216
-38.43042
-38.42868
-38.42693
-38.42518
-38.42343
-38.42168
-38.41992
-38.41816
-38.41640
-38.41463
-38.41287
-38.41110
-38.40932
-38.40755
-38.40577
-38.40398
-38.40220
-38.40041
-38.39862
-38.39683
-38.39503
-38.39324
-38.39143
-38.38963
-38.38782
-38.38601
-38.38420
-38.38238
-38.38057
-38.37874
-38.37692
-38.37509
-38.37326
-38.37143
-38.36960
-38.36776
-38.36592
-38.36407
-38.36223
-38.36038
-38.35853
-38.35667
-38.35481
-38.35295
-38.35109
-38.34922
-38.34735
-38.34548
-38.34361
-38.34173
-38.33985
-38.33796
-38.33608
-38.33419
-38.33230
-38.33040
-38.32850
-38.32660
-38.32470
-38.32279
-38.32089
-38.31897
-38.31706
-38.31514
-38.31322
-38.31130
-38.30937
-38.30744
-38.30551
-38.30358
-38.30164
-38.29970
-38.29775
-38.29581
-38.29386
-38.29191
-38.28995
-38.28800
-38.28603
-38.28407
-38.28211
-38.28014
-38.27816
-38.27619
-38.27421
-38.27223
-38.27025
-38.26826
-38.26627
-38.26428
-38.26228
-38.26029
-38.25829
-38.25628
-38.25428
-38.25227
-38.25025
-38.24824
-38.24622
-38.24420
-38.24218
-38.24015
-38.23812
-38.23609
-38.23405
-38.23201
-38.22997
-38.22793
-38.22588
-38.22383
-38.22178
-38.21972
-38.21766
-38.21560
-38.21354
-38.21147
-38.20940
-38.20733
-38.20525
-38.20317
-38.20109
-38.19901
-38.19692
-38.19483
-38.19274
-38.19064
-38.18854
-38.18644
-38.18433
-38.18222
-38.18011
-38.17800
-38.17588
-38.17376
-38.17164
-38.16952
-38.16739
-38.16526
-38.16312
-38.16098
-38.15884
-38.15670
-38.15456
-38.15241
-38.15025
-38.14810
-38.14594
-38.14378
-38.14162
-38.13945
-38.13728
-38.13511
-38.13293
-38.13076
-38.12857
-38.12639
-38.12420
-38.12201
-38.11982
-38.11763
-38.11543
-38.11322
-38.11102
-38.10881
-38.10660
-38.10439
-38.10217
-38.09995
-38.09773
-38.09551
-38.09328
-38.09105
-38.08881
-38.08657
-38.08433
-38.08209
-38.07985
-38.07760
-38.07535
-38.07309
-38.07083
-38.06857
-38.06631
-38.06404
-38.06177
-38.05950
-38.05722
-38.05495
-38.05266
-38.05038
-38.04809
-38.04580
-38.04351
-38.04121
-38.03891
-38.03661
-38.03431
-38.03200
-38.02969
-38.02737
-38.02506
-38.02274
-38.02041
-38.01809
-38.01576
-38.01343
-38.01109
-38.00875
-38.00641
-38.00407
-38.00172
-37.99937
-37.99702
-37.99467
-37.99231
-37.98995
-37.98758
-37.98521
-37.98284
-37.98047
-37.97809
-37.97571
-37.97333
-37.97095
-37.96856
-37.96617
-37.96377
-37.96137
-37.95897
-37.95657
-37.95416
-37.95175
-37.94934
-37.94693
-37.94451
-37.94209
-37.93966
-37.93724
-37.93481
-37.93237
-37.92994
-37.92750
-37.92505
-37.92261
-37.92016
-37.91771
-37.91526
-37.91280
-37.91034
-37.90788
-37.90541
-37.90294
-37.90047
-37.89799
-37.89551
-37.89303
-37.89055
-37.88806
-37.88557
-37.88308
-37.88058
-37.87808
-37.87558
-37.87307
-37.87057
-37.86806
-37.86554
-37.86302
-37.86050
-37.85798
-37.85545
-37.85292
-37.85039
-37.84786
-37.84532
-37.84278
-37.84023
-37.83768
-37.83513
-37.83258
-37.83002
-37.82747
-37.82490
-37.82234
-37.81977
-37.81720
-37.81462
-37.81204
-37.80946
-37.80688
-37.80429
-37.80170
-37.79911
-37.79652
-37.79392
-37.79131
-37.78871
-37.78610
-37.78349
-37.78088
-37.77826
-37.77564
-37.77302
-37.77039
-37.76776
-37.76513
-37.76250
-37.75986
-37.75722
-37.75457
-37.75193
-37.74927
-37.74662
-37.74397
-37.74131
-37.73864
-37.73598
-37.73331
-37.73064
-37.72796
-37.72529
-37.72261
-37.71992
-37.71724
-37.71455
-37.71185
-37.70916
-37.70646
-37.70376
-37.70105
-37.69834
-37.69563
-37.69292
-37.69020
-37.68748
-37.68476
-37.68203
-37.67930
-37.67657
-37.67384
-37.67110
-37.66836
-37.66561
-37.66287
-37.66011
-37.65736
-37.65460
-37.65184
-37.64908
-37.64632
-37.64355
-37.64078
-37.63800
-37.63522
-37.63244
-37.62966
-37.62687
-37.62408
-37.62129
-37.61849
-37.61569
-37.61289
-37.61009
-37.60728
-37.60447
-37.60165
-37.59883
-37.59601
-37.59319
-37.59036
-37.58753
-37.58470
-37.58186
-37.57903
-37.57618
-37.57334
-37.57049
-37.56764
-37.56478
-37.56193
-37.55907
-37.55620
-37.55334
-37.55047
-37.54760
-37.54472
-37.54184
-37.53896
-37.53608
-37.53319
-37.53030
-37.52740
-37.52451
-37.52161
-37.51870
-37.51580
-37.51289
-37.50997
-37.50706
-37.50414
-37.50122
-37.49830
-37.49537
-37.49244
-37.48950
-37.48657
-37.48363
-37.48068
-37.47774
-37.47479
-37.47184
-37.46888
-37.46592
-37.46296
-37.46000
-37.45703
-37.45406
-37.45109
-37.44811
-37.44513
-37.44215
-37.43916
-37.43617
-37.43318
-37.43019
-37.42719
-37.42419
-37.42118
-37.41817
-37.41516
-37.41215
-37.40913
-37.40611
-37.40309
-37.40007
-37.39704
-37.39401
-37.39097
-37.38793
-37.38489
-37.38185
-37.37880
-37.37575
-37.37270
-37.36964
-37.36658
-37.36352
-37.36045
-37.35738
-37.35431
-37.35124
-37.34816
-37.34508
-37.34200
-37.33891
-37.33582
-37.33272
-37.32963
-37.32653
-37.32343
-37.32032
-37.31721
-37.31410
-37.31099
-37.30787
-37.30475
-37.30162
-37.29850
-37.29537
-37.29223
-37.28910
-37.28596
-37.28281
-37.27967
-37.27652
-37.27337
-37.27021
-37.26706
-37.26390
-37.26073
-37.25756
-37.25439
-37.25122
-37.24804
-37.24487
-37.24168
-37.23850
-37.23531
-37.23212
-37.22892
-37.22572
-37.22252
-37.21932
-37.21611
-37.21290
-37.20969
-37.20647
-37.20325
-37.20003
-37.19681
-37.19358
-37.19035
-37.18711
-37.18387
-37.18063
-37.17739
-37.17414
-37.17089
-37.16764
-37.16438
-37.16112
-37.15786
-37.15459
-37.15133
-37.14805
-37.14478
-37.14150
-37.13822
-37.13494
-37.13165
-37.12836
-37.12507
-37.12177
-37.11847
-37.11517
-37.11186
-37.10855
-37.10524
-37.10193
-37.09861
-37.09529
-37.09196
-37.08864
-37.08531
-37.08197
-37.07864
-37.07530
-37.07196
-37.06861
-37.06526
-37.06191
-37.05855
-37.05520
-37.05184
-37.04847
-37.04510
-37.04173
-37.03836
-37.03498
-37.03160
-37.02822
-37.02484
-37.02145
-37.01806
-37.01466
-37.01126
-37.00786
-37.00446
-37.00105
-36.99764
-36.99423
-36.99081
-36.98739
-36.98397
-36.98054
-36.97712
-36.97368
-36.97025
-36.96681
-36.96337
-36.95993
-36.95648
-36.95303
-36.94957
-36.94612
-36.94266
-36.93920
-36.93573
-36.93226
-36.92879
-36.92531
-36.92184
-36.91836
-36.91487
-36.91138
-36.90789
-36.90440
-36.90090
-36.89741
-36.89390
-36.89040
-36.88689
-36.88338
-36.87986
-36.87634
-36.87282
-36.86930
-36.86577
-36.86224
-36.85871
-36.85517
-36.85163
-36.84809
-36.84454
-36.84099
-36.83744
-36.83389
-36.83033
-36.82677
-36.82320
-36.81964
-36.81607
-36.81249
-36.80892
-36.80534
-36.80176
-36.79817
-36.79458
-36.79099
-36.78739
-36.78380
-36.78020
-36.77659
-36.77298
-36.76937
-36.76576
-36.76214
-36.75852
-36.75490
-36.75128
-36.74765
-36.74402
-36.74038
-36.73674
-36.73310
-36.72946
-36.72581
-36.72216
-36.71851
-36.71485
-36.71119
-36.70753
-36.70386
-36.70020
-36.69652
-36.69285
-36.68917
-36.68549
-36.68181
-36.67812
-36.67443
-36.67074
-36.66704
-36.66334
-36.65964
-36.65593
-36.65222
-36.64851
-36.64480
-36.64108
-36.63736
-36.63364
-36.62991
-36.62618
-36.62245
-36.61871
-36.61497
-36.61123
-36.60748
-36.60373
-36.59998
-36.59623
-36.59247
-36.58871
-36.58495
-36.58118
-36.57741
-36.57364
-36.56986
-36.56608
-36.56230
-36.55851
-36.55473
-36.55093
-36.54714
-36.54334
-36.53954
-36.53574
-36.53193
-36.52812
-36.52431
-36.52049
-36.51668
-36.51285
-36.50903
-36.50520
-36.50137
-36.49754
-36.49370
-36.48986
-36.48601
-36.48217
-36.47832
-36.47447
-36.47061
-36.46675
-36.46289
-36.45903
-36.45516
-36.45129
-36.44741
-36.44354
-36.43966
-36.43577
-36.43189
-36.42800
-36.42411
-36.42021
-36.41631
-36.41241
-36.40851
-36.40460
-36.40069
-36.39677
-36.39286
-36.38894
-36.38501
-36.38109
-36.37716
-36.37323
-36.36929
-36.36535
-36.36141
-36.35747
-36.35352
-36.34957
-36.34562
-36.34166
-36.33770
-36.33374
-36.32978
-36.32581
-36.32184
-36.31786
-36.31388
-36.30990
-36.30592
-36.30193
-36.29794
-36.29395
-36.28995
-36.28595
-36.28195
-36.27795
-36.27394
-36.26993
-36.26591
-36.26190
-36.25788
-36.25385
-36.24983
-36.24580
-36.24176
-36.23773
-36.23369
-36.22965
-36.22560
-36.22156
-36.21750
-36.21345
-36.20939
-36.20533
-36.20127
-36.19721
-36.19314
-36.18906
-36.18499
-36.18091
-36.17683
-36.17275
-36.16866
-36.16457
-36.16048
-36.15638
-36.15228
-36.14818
-36.14407
-36.13996
-36.13585
-36.13174
-36.12762
-36.12350
-36.11938
-36.11525
-36.11112
-36.10699
-36.10285
-36.09871
-36.09457
-36.09043
-36.08628
-36.08213
-36.07797
-36.07382
-36.06966
-36.06549
-36.06133
-36.05716
-36.05299
-36.04881
-36.04463
-36.04045
-36.03627
-36.03208
-36.02789
-36.02370
-36.01950
-36.01530
-36.01110
-36.00689
-36.00269
-35.99848
-35.99426
-35.99004
-35.98582
-35.98160
-35.97737
-35.97314
-35.96891
-35.96468
-35.96044
-35.95620
-35.95195
-35.94770
-35.94345
-35.93920
-35.93494
-35.93068
-35.92642
-35.92216
-35.91789
-35.91362
-35.90934
-35.90506
-35.90078
-35.89650
-35.89221
-35.88792
-35.88363
-35.87933
-35.87503
-35.87073
-35.86643
-35.86212
-35.85781
-35.85350
-35.84918
-35.84486
-35.84054
-35.83621
-35.83188
-35.82755
-35.82322
-35.81888
-35.81454
-35.81019
-35.80585
-35.80150
-35.79714
-35.79279
-35.78843
-35.78407
-35.77970
-35.77533
-35.77096
-35.76659
-35.76221
-35.75783
-35.75345
-35.74906
-35.74468
-35.74028
-35.73589
-35.73149
-35.72709
-35.72269
-35.71828
-35.71387
-35.70946
-35.70504
-35.70062
-35.69620
-35.69178
-35.68735
-35.68292
-35.67849
-35.67405
-35.66961
-35.66517
-35.66072
-35.65627
-35.65182
-35.64737
-35.64291
-35.63845
-35.63398
-35.62952
-35.62505
-35.62058
-35.61610
-35.61162
-35.60714
-35.60266
-35.59817
-35.59368
-35.58919
-35.58469
-35.58019
-35.57569
-35.57118
-35.56667
-35.56216
-35.55765
-35.55313
-35.54861
-35.54409
-35.53956
-35.53503
-35.53050
-35.52597
-35.52143
-35.51689
-35.51234
-35.50780
-35.50325
-35.49870
-35.49414
-35.48958
-35.48502
-35.48045
-35.47589
-35.47132
-35.46674
-35.46217
-35.45759
-35.45300
-35.44842
-35.44383
-35.43924
-35.43465
-35.43005
-35.42545
-35.42085
-35.41624
-35.41163
-35.40702
-35.40240
-35.39779
-35.39316
-35.38854
-35.38391
-35.37928
-35.37465
-35.37002
-35.36538
-35.36074
-35.35609
-35.35144
-35.34679
-35.34214
-35.33748
-35.33282
-35.32816
-35.32350
-35.31883
-35.31416
-35.30948
-35.30481
-35.30013
-35.29544
-35.29076
-35.28607
-35.28138
-35.27668
-35.27199
-35.26729
-35.26258
-35.25788
-35.25317
-35.24846
-35.24374
-35.23902
-35.23430
-35.22958
-35.22485
-35.22012
-35.21539
-35.21065
-35.20591
-35.20117
-35.19643
-35.19168
-35.18693
-35.18218
-35.17742
-35.17266
-35.16790
-35.16313
-35.15837
-35.15360
-35.14882
-35.14404
-35.13927
-35.13448
-35.12970
-35.12491
-35.12012
-35.11532
-35.11053
-35.10573
-35.10092
-35.09612
-35.09131
-35.08650
-35.08168
-35.07686
-35.07204
-35.06722
-35.06239
-35.05756
-35.05273
-35.04790
-35.04306
-35.03822
-35.03338
-35.02853
-35.02368
-35.01883
-35.01397
-35.00911
-35.00425
-34.99939
-34.99452
-34.98965
-34.98478
-34.97990
-34.97502
-34.97014
-34.96526
-34.96037
-34.95548
-34.95059
-34.94569
-34.94079
-34.93589
-34.93098
-34.92608
-34.92117
-34.91625
-34.91134
-34.90642
-34.90149
-34.89657
-34.89164
-34.88671
-34.88178
-34.87684
-34.87190
-34.86696
-34.86201
-34.85706
-34.85211
-34.84716
-34.84220
-34.83724
-34.83228
-34.82731
-34.82235
-34.81738
-34.81240
-34.80742
-34.80244
-34.79746
-34.79248
-34.78749
-34.78250
-34.77750
-34.77250
-34.76750
-34.76250
-34.75750
-34.75249
-34.74748
-34.74246
-34.73744
-34.73242
-34.72740
-34.72237
-34.71735
-34.71231
-34.70728
-34.70224
-34.69720
-34.69216
-34.68711
-34.68206
-34.67701
-34.67196
-34.66690
-34.66184
-34.65678
-34.65171
-34.64664
-34.64157
-34.63649
-34.63142
-34.62634
-34.62125
-34.61617
-34.61108
-34.60599
-34.60089
-34.59579
-34.59069
-34.58559
-34.58048
-34.57538
-34.57026
-34.56515
-34.56003
-34.55491
-34.54979
-34.54466
-34.53953
-34.53440
-34.52927
-34.52413
-34.51899
-34.51385
-34.50870
-34.50355
-34.49840
-34.49325
-34.48809
-34.48293
-34.47777
-34.47260
-34.46743
-34.46226
-34.45709
-34.45191
-34.44673
-34.44155
-34.43636
-34.43117
-34.42598
-34.42079
-34.41559
-34.41039
-34.40519
-34.39998
-34.39477
-34.38956
-34.38435
-34.37913
-34.37391
-34.36869
-34.36346
-34.35824
-34.35301
-34.34777
-34.34254
-34.33730
-34.33205
-34.32681
-34.32156
-34.31631
-34.31106
-34.30580
-34.30054
-34.29528
-34.29002
-34.28475
-34.27948
-34.27420
-34.26893
-34.26365
-34.25837
-34.25308
-34.24780
-34.24251
-34.23721
-34.23192
-34.22662
-34.22132
-34.21601
-34.21071
-34.20540
-34.20009
-34.19477
-34.18945
-34.18413
-34.17881
-34.17348
-34.16815
-34.16282
-34.15749
-34.15215
-34.14681
-34.14147
-34.13612
-34.13077
-34.12542
-34.12006
-34.11471
-34.10935
-34.10399
-34.09862
-34.09325
-34.08788
-34.08251
-34.07713
-34.07175
-34.06637
-34.06098
-34.05560
-34.05021
-34.04481
-34.03942
-34.03402
-34.02862
-34.02321
-34.01780
-34.01239
-34.00698
-34.00157
-33.99615
-33.99073
-33.98530
-33.97988
-33.97445
-33.96901
-33.96358
-33.95814
-33.95270
-33.94726
-33.94181
-33.93636
-33.93091
-33.92546
-33.92000
-33.91454
-33.90908
-33.90361
-33.89815
-33.89268
-33.88720
-33.88173
-33.87625
-33.87076
-33.86528
-33.85979
-33.85430
-33.84881
-33.84331
-33.83782
-33.83231
-33.82681
-33.82130
-33.81579
-33.81028
-33.80477
-33.79925
-33.79373
-33.78821
-33.78268
-33.77715
-33.77162
-33.76609
-33.76055
-33.75501
-33.74947
-33.74392
-33.73838
-33.73283
-33.72727
-33.72172
-33.71616
-33.71060
-33.70503
-33.69947
-33.69390
-33.68832
-33.68275
-33.67717
-33.67159
-33.66601
-33.66042
-33.65483
-33.64924
-33.64365
-33.63805
-33.63245
-33.62685
-33.62124
-33.61564
-33.61003
-33.60441
-33.59880
-33.59318
-33.58756
-33.58193
-33.57631
-33.57068
-33.56504
-33.55941
-33.55377
-33.54813
-33.54249
-33.53684
-33.53120
-33.52554
-33.51989
-33.51423
-33.50857
-33.50291
-33.49725
-33.49158
-33.48591
-33.48024
-33.47456
-33.46888
-33.46320
-33.45752
-33.45183
-33.44614
-33.44045
-33.43476
-33.42906
-33.42336
-33.41766
-33.41196
-33.40625
-33.40054
-33.39482
-33.38911
-33.38339
-33.37767
-33.37194
-33.36622
-33.36049
-33.35476
-33.34902
-33.34328
-33.33754
-33.33180
-33.32606
-33.32031
-33.31456
-33.30880
-33.30305
-33.29729
-33.29153
-33.28576
-33.28000
-33.27423
-33.26846
-33.26268
-33.25690
-33.25112
-33.24534
-33.23956
-33.23377
-33.22798
-33.22218
-33.21639
-33.21059
-33.20479
-33.19898
-33.19318
-33.18737
-33.18156
-33.17574
-33.16992
-33.16410
-33.15828
-33.15246
-33.14663
-33.14080
-33.13496
-33.12913
-33.12329
-33.11745
-33.11160
-33.10576
-33.09991
-33.09406
-33.08820
-33.08235
-33.07649
-33.07062
-33.06476
-33.05889
-33.05302
-33.04715
-33.04127
-33.03539
-33.02951
-33.02363
-33.01774
-33.01185
-33.00596
-33.00007
-32.99417
-32.98827
-32.98237
-32.97647
-32.97056
-32.96465
-32.95874
-32.95282
-32.94691
-32.94098
-32.93506
-32.92914
-32.92321
-32.91728
-32.91134
-32.90541
-32.89947
-32.89353
-32.88758
-32.88164
-32.87569
-32.86974
-32.86378
-32.85783
-32.85187
-32.84590
-32.83994
-32.83397
-32.82800
-32.82203
-32.81605
-32.81008
-32.80410
-32.79811
-32.79213
-32.78614
-32.78015
-32.77416
-32.76816
-32.76216
-32.75616
-32.75016
-32.74415
-32.73814
-32.73213
-32.72611
-32.72010
-32.71408
-32.70806
-32.70203
-32.69600
-32.68997
-32.68394
-32.67791
-32.67187
-32.66583
-32.65979
-32.65374
-32.64769
-32.64164
-32.63559
-32.62954
-32.62348
-32.61742
-32.61135
-32.60529
-32.59922
-32.59315
-32.58707
-32.58100
-32.57492
-32.56884
-32.56275
-32.55667
-32.55058
-32.54449
-32.53839
-32.53230
-32.52620
-32.52010
-32.51399
-32.50788
-32.50177
-32.49566
-32.48955
-32.48343
-32.47731
-32.47119
-32.46506
-32.45894
-32.45281
-32.44667
-32.44054
-32.43440
-32.42826
-32.42212
-32.41597
-32.40982
-32.40367
-32.39752
-32.39137
-32.38521
-32.37905
-32.37288
-32.36672
-32.36055
-32.35438
-32.34821
-32.34203
-32.33585
-32.32967
-32.32349
-32.31730
-32.31111
-32.30492
-32.29873
-32.29253
-32.28633
-32.28013
-32.27393
-32.26772
-32.26151
-32.25530
-32.24909
-32.24287
-32.23665
-32.23043
-32.22421
-32.21798
-32.21175
-32.20552
-32.19929
-32.19305
-32.18681
-32.18057
-32.17432
-32.16808
-32.16183
-32.15558
-32.14932
-32.14307
-32.13681
-32.13055
-32.12428
-32.11802
-32.11175
-32.10547
-32.09920
-32.09292
-32.08664
-32.08036
-32.07408
-32.06779
-32.06150
-32.05521
-32.04892
-32.04262
-32.03632
-32.03002
-32.02371
-32.01741
-32.01110
-32.00479
-31.99847
-31.99216
-31.98584
-31.97951
-31.97319
-31.96686
-31.96053
-31.95420
-31.94787
-31.94153
-31.93519
-31.92885
-31.92251
-31.91616
-31.90981
-31.90346
-31.89711
-31.89075
-31.88439
-31.87803
-31.87167
-31.86530
-31.85893
-31.85256
-31.84619
-31.83981
-31.83343
-31.82705
-31.82067
-31.81428
-31.80789
-31.80150
-31.79511
-31.78871
-31.78231
-31.77591
-31.76951
-31.76310
-31.75670
-31.75028
-31.74387
-31.73746
-31.73104
-31.72462
-31.71819
-31.71177
-31.70534
-31.69891
-31.69248
-31.68604
-31.67961
-31.67317
-31.66672
-31.66028
-31.65383
-31.64738
-31.64093
-31.63447
-31.62802
-31.62156
-31.61509
-31.60863
-31.60216
-31.59569
-31.58922
-31.58275
-31.57627
-31.56979
-31.56331
-31.55683
-31.55034
-31.54385
-31.53736
-31.53087
-31.52437
-31.51787
-31.51137
-31.50487
-31.49836
-31.49185
-31.48534
-31.47883
-31.47231
-31.46580
-31.45928
-31.45275
-31.44623
-31.43970
-31.43317
-31.42664
-31.42010
-31.41357
-31.40703
-31.40048
-31.39394
-31.38739
-31.38084
-31.37429
-31.36774
-31.36118
-31.35462
-31.34806
-31.34150
-31.33493
-31.32836
-31.32179
-31.31522
-31.30864
-31.30206
-31.29548
-31.28890
-31.28232
-31.27573
-31.26914
-31.26255
-31.25595
-31.24935
-31.24275
-31.23615
-31.22955
-31.22294
-31.21633
-31.20972
-31.20311
-31.19649
-31.18987
-31.18325
-31.17663
-31.17000
-31.16337
-31.15674
-31.15011
-31.14347
-31.13684
-31.13020
-31.12355
-31.11691
-31.11026
-31.10361
-31.09696
-31.09031
-31.08365
-31.07699
-31.07033
-31.06367
-31.05700
-31.05033
-31.04366
-31.03699
-31.03031
-31.02363
-31.01695
-31.01027
-31.00359
-30.99690
-30.99021
-30.98352
-30.97682
-30.97013
-30.96343
-30.95673
-30.95002
-30.94332
-30.93661
-30.92990
-30.92318
-30.91647
-30.90975
-30.90303
-30.89631
-30.88958
-30.88285
-30.87613
-30.86939
-30.86266
-30.85592
-30.84918
-30.84244
-30.83570
-30.82895
-30.82220
-30.81545
-30.80870
-30.80195
-30.79519
-30.78843
-30.78167
-30.77490
-30.76813
-30.76137
-30.75459
-30.74782
-30.74104
-30.73427
-30.72749
-30.72070
-30.71392
-30.70713
-30.70034
-30.69355
-30.68675
-30.67995
-30.67316
-30.66635
-30.65955
-30.65274
-30.64594
-30.63912
-30.63231
-30.62550
-30.61868
-30.61186
-30.60504
-30.59821
-30.59138
-30.58455
-30.57772
-30.57089
-30.56405
-30.55721
-30.55037
-30.54353
-30.53669
-30.52984
-30.52299
-30.51614
-30.50928
-30.50242
-30.49557
-30.48870
-30.48184
-30.47497
-30.46811
-30.46124
-30.45436
-30.44749
-30.44061
-30.43373
-30.42685
-30.41997
-30.41308
-30.40619
-30.39930
-30.39241
-30.38551
-30.37861
-30.37171
-30.36481
-30.35791
-30.35100
-30.34409
-30.33718
-30.33026
-30.32335
-30.31643
-30.30951
-30.30259
-30.29566
-30.28873
-30.28180
-30.27487
-30.26794
-30.26100
-30.25406
-30.24712
-30.24018
-30.23323
-30.22629
-30.21934
-30.21238
-30.20543
-30.19847
-30.19152
-30.18455
-30.17759
-30.17063
-30.16366
-30.15669
-30.14971
-30.14274
-30.13576
-30.12878
-30.12180
-30.11482
-30.10783
-30.10085
-30.09386
-30.08686
-30.07987
-30.07287
-30.06587
-30.05887
-30.05187
-30.04486
-30.03785
-30.03084
-30.02383
-30.01682
-30.00980
-30.00278
-29.99576
-29.98873
-29.98171
-29.97468
-29.96765
-29.96062
-29.95358
-29.94655
-29.93951
-29.93247
-29.92542
-29.91838
-29.91133
-29.90428
-29.89723
-29.89017
-29.88311
-29.87605
-29.86899
-29.86193
-29.85486
-29.84780
-29.84073
-29.83365
-29.82658
-29.81950
-29.81242
-29.80534
-29.79826
-29.79117
-29.78409
-29.77700
-29.76990
-29.76281
-29.75571
-29.74861
-29.74151
-29.73441
-29.72731
-29.72020
-29.71309
-29.70598
-29.69886
-29.69175
-29.68463
-29.67751
-29.67038
-29.66326
-29.65613
-29.64900
-29.64187
-29.63474
-29.62760
-29.62046
-29.61332
-29.60618
-29.59904
-29.59189
-29.58474
-29.57759
-29.57044
-29.56328
-29.55612
-29.54897
-29.54180
-29.53464
-29.52747
-29.52030
-29.51313
-29.50596
-29.49879
-29.49161
-29.48443
-29.47725
-29.47007
-29.46288
-29.45569
-29.44850
-29.44131
-29.43412
-29.42692
-29.41972
-29.41252
-29.40532
-29.39811
-29.39091
-29.38370
-29.37649
-29.36927
-29.36206
-29.35484
-29.34762
-29.34040
-29.33317
-29.32595
-29.31872
-29.31149
-29.30425
-29.29702
-29.28978
-29.28254
-29.27530
-29.26806
-29.26081
-29.25356
-29.24631
-29.23906
-29.23181
-29.22455
-29.21729
-29.21003
-29.20277
-29.19551
-29.18824
-29.18097
-29.17370
-29.16643
-29.15915
-29.15187
-29.14459
-29.13731
-29.13003
-29.12274
-29.11545
-29.10816
-29.10087
-29.09358
-29.08628
-29.07898
-29.07168
-29.06438
-29.05707
-29.04977
-29.04246
-29.03515
-29.02783
-29.02052
-29.01320
-29.00588
-28.99856
-28.99124
-28.98391
-28.97658
-28.96925
-28.96192
-28.95458
-28.94725
-28.93991
-28.93257
-28.92523
-28.91788
-28.91054
-28.90319
-28.89584
-28.88848
-28.88113
-28.87377
-28.86641
-28.85905
-28.85169
-28.84432
-28.83695
-28.82958
-28.82221
-28.81484
-28.80746
-28.80008
-28.79270
-28.78532
-28.77794
-28.77055
-28.76316
-28.75577
-28.74838
-28.74098
-28.73359
-28.72619
-28.71879
-28.71139
-28.70398
-28.69657
-28.68916
-28.68175
-28.67434
-28.66693
-28.65951
-28.65209
-28.64467
-28.63724
-28.62982
-28.62239
-28.61496
-28.60753
-28.60010
-28.59266
-28.58522
-28.57778
-28.57034
-28.56290
-28.55545
-28.54800
-28.54055
-28.53310
-28.52565
-28.51819
-28.51073
-28.50327
-28.49581
-28.48835
-28.48088
-28.47341
-28.46594
-28.45847
-28.45099
-28.44352
-28.43604
-28.42856
-28.42107
-28.41359
-28.40610
-28.39861
-28.39112
-28.38363
-28.37614
-28.36864
-28.36114
-28.35364
-28.34614
-28.33863
-28.33113
-28.32362
-28.31611
-28.30859
-28.30108
-28.29356
-28.28604
-28.27852
-28.27100
-28.26347
-28.25595
-28.24842
-28.24089
-28.23335
-28.22582
-28.21828
-28.21074
-28.20320
-28.19566
-28.18811
-28.18057
-28.17302
-28.16546
-28.15791
-28.15036
-28.14280
-28.13524
-28.12768
-28.12012
-28.11255
-28.10498
-28.09742
-28.08984
-28.08227
-28.07470
-28.06712
-28.05954
-28.05196
-28.04438
-28.03679
-28.02920
-28.02162
-28.01402
-28.00643
-27.99884
-27.99124
-27.98364
-27.97604
-27.96844
-27.96083
-27.95323
-27.94562
-27.93801
-27.93039
-27.92278
-27.91516
-27.90755
-27.89992
-27.89230
-27.88468
-27.87705
-27.86942
-27.86179
-27.85416
-27.84653
-27.83889
-27.83125
-27.82361
-27.81597
-27.80833
-27.80068
-27.79303
-27.78538
-27.77773
-27.77008
-27.76242
-27.75476
-27.74710
-27.73944
-27.73178
-27.72411
-27.71644
-27.70878
-27.70110
-27.69343
-27.68576
-27.67808
-27.67040
-27.66272
-27.65503
-27.64735
-27.63966
-27.63197
-27.62428
-27.61659
-27.60890
-27.60120
-27.59350
-27.58580
-27.57810
-27.57039
-27.56269
-27.55498
-27.54727
-27.53956
-27.53184
-27.52413
-27.51641
-27.50869
-27.50097
-27.49324
-27.48552
-27.47779
-27.47006
-27.46233
-27.45460
-27.44686
-27.43913
-27.43139
-27.42365
-27.41590
-27.40816
-27.40041
-27.39266
-27.38491
-27.37716
-27.36941
-27.36165
-27.35389
-27.34613
-27.33837
-27.33061
-27.32284
-27.31507
-27.30730
-27.29953
-27.29176
-27.28399
-27.27621
-27.26843
-27.26065
-27.25287
-27.24508
-27.23729
-27.22951
-27.22172
-27.21392
-27.20613
-27.19833
-27.19054
-27.18274
-27.17493
-27.16713
-27.15933
-27.15152
-27.14371
-27.13590
-27.12808
-27.12027
-27.11245
-27.10463
-27.09681
-27.08899
-27.08117
-27.07334
-27.06551
-27.05768
-27.04985
-27.04202
-27.03418
-27.02635
-27.01851
-27.01067
-27.00282
-26.99498
-26.98713
-26.97928
-26.97143
-26.96358
-26.95573
-26.94787
-26.94001
-26.93215
-26.92429
-26.91643
-26.90856
-26.90070
-26.89283
-26.88496
-26.87708
-26.86921
-26.86133
-26.85345
-26.84557
-26.83769
-26.82981
-26.82192
-26.81403
-26.80615
-26.79825
-26.79036
-26.78247
-26.77457
-26.76667
-26.75877
-26.75087
-26.74296
-26.73506
-26.72715
-26.71924
-26.71133
-26.70342
-26.69550
-26.68758
-26.67966
-26.67174
-26.66382
-26.65590
-26.64797
-26.64004
-26.63211
-26.62418
-26.61625
-26.60831
-26.60038
-26.59244
-26.58450
-26.57655
-26.56861
-26.56066
-26.55272
-26.54477
-26.53681
-26.52886
-26.52091
-26.51295
-26.50499
-26.49703
-26.48907
-26.48110
-26.47314
-26.46517
-26.45720
-26.44923
-26.44125
-26.43328
-26.42530
-26.41732
-26.40934
-26.40136
-26.39337
-26.38539
-26.37740
-26.36941
-26.36142
-26.35343
-26.34543
-26.33744
-26.32944
-26.32144
-26.31343
-26.30543
-26.29742
-26.28942
-26.28141
-26.27340
-26.26538
-26.25737
-26.24935
-26.24133
-26.23331
-26.22529
-26.21727
-26.20924
-26.20122
-26.19319
-26.18516
-26.17712
-26.16909
-26.16105
-26.15301
-26.14497
-26.13693
-26.12889
-26.12084
-26.11280
-26.10475
-26.09670
-26.08865
-26.08059
-26.07254
-26.06448
-26.05642
-26.04836
-26.04030
-26.03223
-26.02417
-26.01610
-26.00803
-25.99996
-25.99188
-25.98381
-25.97573
-25.96765
-25.95957
-25.95149
-25.94341
-25.93532
-25.92723
-25.91914
-25.91105
-25.90296
-25.89487
-25.88677
-25.87867
-25.87057
-25.86247
-25.85437
-25.84626
-25.83816
-25.83005
-25.82194
-25.81383
-25.80571
-25.79760
-25.78948
-25.78136
-25.77324
-25.76512
-25.75700
-25.74887
-25.74074
-25.73261
-25.72448
-25.71635
-25.70822
-25.70008
-25.69194
-25.68380
-25.67566
-25.66752
-25.65937
-25.65123
-25.64308
-25.63493
-25.62678
-25.61862
-25.61047
-25.60231
-25.59415
-25.58599
-25.57783
-25.56967
-25.56150
-25.55333
-25.54516
-25.53699
-25.52882
-25.52065
-25.51247
-25.50429
-25.49611
-25.48793
-25.47975
-25.47157
-25.46338
-25.45519
-25.44700
-25.43881
-25.43062
-25.42242
-25.41423
-25.40603
-25.39783
-25.38963
-25.38143
-25.37322
-25.36502
-25.35681
-25.34860
-25.34039
-25.33217
-25.32396
-25.31574
-25.30752
-25.29930
-25.29108
-25.28286
-25.27463
-25.26641
-25.25818
-25.24995
-25.24172
-25.23348
-25.22525
-25.21701
-25.20877
-25.20053
-25.19229
-25.18405
-25.17580
-25.16755
-25.15930
-25.15105
-25.14280
-25.13455
-25.12629
-25.11804
-25.10978
-25.10152
-25.09325
-25.08499
-25.07673
-25.06846
-25.06019
-25.05192
-25.04365
-25.03537
-25.02710
-25.01882
-25.01054
-25.00226
-24.99398
-24.98570
-24.97741
-24.96912
-24.96084
-24.95254
-24.94425
-24.93596
-24.92766
-24.91937
-24.91107
-24.90277
-24.89447
-24.88616
-24.87786
-24.86955
-24.86124
-24.85293
-24.84462
-24.83631
-24.82799
-24.81967
-24.81136
-24.80304
-24.79471
-24.78639
-24.77807
-24.76974
-24.76141
-24.75308
-24.74475
-24.73642
-24.72808
-24.71974
-24.71141
-24.70307
-24.69473
-24.68638
-24.67804
-24.66969
-24.66134
-24.65299
-24.64464
-24.63629
-24.62794
-24.61958
-24.61122
-24.60286
-24.59450
-24.58614
-24.57778
-24.56941
-24.56104
-24.55267
-24.54430
-24.53593
-24.52756
-24.51918
-24.51080
-24.50243
-24.49404
-24.48566
-24.47728
-24.46889
-24.46051
-24.45212
-24.44373
-24.43534
-24.42694
-24.41855
-24.41015
-24.40175
-24.39336
-24.38495
-24.37655
-24.36815
-24.35974
-24.35133
-24.34292
-24.33451
-24.32610
-24.31769
-24.30927
-24.30085
-24.29243
-24.28401
-24.27559
-24.26717
-24.25874
-24.25032
-24.24189
-24.23346
-24.22503
-24.21659
-24.20816
-24.19972
-24.19128
-24.18284
-24.17440
-24.16596
-24.15752
-24.14907
-24.14062
-24.13217
-24.12372
-24.11527
-24.10682
-24.09836
-24.08990
-24.08145
-24.07299
-24.06452
-24.05606
-24.04760
-24.03913
-24.03066
-24.02219
-24.01372
-24.00525
-23.99677
-23.98830
-23.97982
-23.97134
-23.96286
-23.95438
-23.94590
-23.93741
-23.92892
-23.92044
-23.91195
-23.90345
-23.89496
-23.88647
-23.87797
-23.86947
-23.86097
-23.85247
-23.84397
-23.83547
-23.82696
-23.81845
-23.80995
-23.80144
-23.79292
-23.78441
-23.77590
-23.76738
-23.75886
-23.75034
-23.74182
-23.73330
-23.72478
-23.71625
-23.70772
-23.69919
-23.69066
-23.68213
-23.67360
-23.66506
-23.65653
-23.64799
-23.63945
-23.63091
-23.62237
-23.61382
-23.60528
-23.59673
-23.58818
-23.57963
-23.57108
-23.56253
-23.55397
-23.54541
-23.53686
-23.52830
-23.51974
-23.51117
-23.50261
-23.49404
-23.48548
-23.47691
-23.46834
-23.45977
-23.45119
-23.44262
-23.43404
-23.42547
-23.41689
-23.40831
-23.39972
-23.39114
-23.38256
-23.37397
-23.36538
-23.35679
-23.34820
-23.33961
-23.33101
-23.32242
-23.31382
-23.30522
-23.29662
-23.28802
-23.27941
-23.27081
-23.26220
-23.25360
-23.24499
-23.23638
-23.22776
-23.21915
-23.21053
-23.20192
-23.19330
-23.18468
-23.17606
-23.16743
-23.15881
-23.15018
-23.14156
-23.13293
-23.12430
-23.11567
-23.10703
-23.09840
-23.08976
-23.08112
-23.07248
-23.06384
-23.05520
-23.04656
-23.03791
-23.02927
-23.02062
-23.01197
-23.00332
-22.99466
-22.98601
-22.97736
-22.96870
-22.96004
-22.95138
-22.94272
-22.93405
-22.92539
-22.91672
-22.90806
-22.89939
-22.89072
-22.88205
-22.87337
-22.86470
-22.85602
-22.84734
-22.83867
-22.82998
-22.82130
-22.81262
-22.80393
-22.79525
-22.78656
-22.77787
-22.76918
-22.76049
-22.75179
-22.74310
-22.73440
-22.72570
-22.71700
-22.70830
-22.69960
-22.69090
-22.68219
-22.67348
-22.66477
-22.65607
-22.64735
-22.63864
-22.62993
-22.62121
-22.61249
-22.60378
-22.59506
-22.58633
-22.57761
-22.56889
-22.56016
-22.55143
-22.54271
-22.53398
-22.52524
-22.51651
-22.50778
-22.49904
-22.49030
-22.48156
-22.47282
-22.46408
-22.45534
-22.44660
-22.43785
-22.42910
-22.42035
-22.41160
-22.40285
-22.39410
-22.38534
-22.37659
-22.36783
-22.35907
-22.35031
-22.34155
-22.33279
-22.32402
-22.31526
-22.30649
-22.29772
-22.28895
-22.28018
-22.27141
-22.26263
-22.25386
-22.24508
-22.23630
-22.22752
-22.21874
-22.20995
-22.20117
-22.19238
-22.18360
-22.17481
-22.16602
-22.15723
-22.14843
-22.13964
-22.13084
-22.12205
-22.11325
-22.10445
-22.09565
-22.08685
-22.07804
-22.06924
-22.06043
-22.05162
-22.04281
-22.03400
-22.02519
-22.01637
-22.00756
-21.99874
-21.98992
-21.98110
-21.97228
-21.96346
-21.95464
-21.94581
-21.93698
-21.92816
-21.91933
-21.91050
-21.90166
-21.89283
-21.88400
-21.87516
-21.86632
-21.85748
-21.84864
-21.83980
-21.83096
-21.82211
-21.81327
-21.80442
-21.79557
-21.78672
-21.77787
-21.76902
-21.76016
-21.75131
-21.74245
-21.73359
-21.72473
-21.71587
-21.70701
-21.69814
-21.68928
-21.68041
-21.67154
-21.66267
-21.65380
-21.64493
-21.63606
-21.62718
-21.61831
-21.60943
-21.60055
-21.59167
-21.58279
-21.57391
-21.56502
-21.55613
-21.54725
-21.53836
-21.52947
-21.52058
-21.51169
-21.50279
-21.49390
-21.48500
-21.47610
-21.46720
-21.45830
-21.44940
-21.44050
-21.43159
-21.42268
-21.41378
-21.40487
-21.39596
-21.38705
-21.37813
-21.36922
-21.36030
-21.35139
-21.34247
-21.33355
-21.32463
-21.31570
-21.30678
-21.29786
-21.28893
-21.28000
-21.27107
-21.26214
-21.25321
-21.24428
-21.23534
-21.22641
-21.21747
-21.20853
-21.19959
-21.19065
-21.18171
-21.17276
-21.16382
-21.15487
-21.14592
-21.13697
-21.12802
-21.11907
-21.11012
-21.10116
-21.09221
-21.08325
-21.07429
-21.06533
-21.05637
-21.04741
-21.03845
-21.02948
-21.02051
-21.01155
-21.00258
-20.99361
-20.98464
-20.97566
-20.96669
-20.95771
-20.94874
-20.93976
-20.93078
-20.92180
-20.91281
-20.90383
-20.89485
-20.88586
-20.87687
-20.86788
-20.85889
-20.84990
-20.84091
-20.83191
-20.82292
-20.81392
-20.80492
-20.79592
-20.78692
-20.77792
-20.76892
-20.75991
-20.75091
-20.74190
-20.73289
-20.72388
-20.71487
-20.70586
-20.69685
-20.68783
-20.67881
-20.66980
-20.66078
-20.65176
-20.64274
-20.63371
-20.62469
-20.61566
-20.60664
-20.59761
-20.58858
-20.57955
-20.57052
-20.56149
-20.55245
-20.54342
-20.53438
-20.52534
-20.51630
-20.50726
-20.49822
-20.48917
-20.48013
-20.47108
-20.46204
-20.45299
-20.44394
-20.43489
-20.42584
-20.41678
-20.40773
-20.39867
-20.38961
-20.38055
-20.37149
-20.36243
-20.35337
-20.34431
-20.33524
-20.32617
-20.31711
-20.30804
-20.29897
-20.28990
-20.28082
-20.27175
-20.26267
-20.25360
-20.24452
-20.23544
-20.22636
-20.21728
-20.20820
-20.19911
-20.19003
-20.18094
-20.17185
-20.16276
-20.15367
-20.14458
-20.13549
-20.12639
-20.11730
-20.10820
-20.09910
-20.09000
-20.08090
-20.07180
-20.06270
-20.05359
-20.04449
-20.03538
-20.02627
-20.01716
-20.00805
-19.99894
-19.98983
-19.98072
-19.97160
-19.96248
-19.95336
-19.94425
-19.93513
-19.92600
-19.91688
-19.90776
-19.89863
-19.88950
-19.88038
-19.87125
-19.86212
-19.85298
-19.84385
-19.83472
-19.82558
-19.81645
-19.80731
-19.79817
-19.78903
-19.77989
-19.77074
-19.76160
-19.75245
-19.74331
-19.73416
-19.72501
-19.71586
-19.70671
-19.69756
-19.68840
-19.67925
-19.67009
-19.66093
-19.65177
-19.64261
-19.63345
-19.62429
-19.61513
-19.60596
-19.59680
-19.58763
-19.57846
-19.56929
-19.56012
-19.55095
-19.54177
-19.53260
-19.52342
-19.51425
-19.50507
-19.49589
-19.48671
-19.47753
-19.46834
-19.45916
-19.44997
-19.44079
-19.43160
-19.42241
-19.41322
-19.40403
-19.39483
-19.38564
-19.37644
-19.36725
-19.35805
-19.34885
-19.33965
-19.33045
-19.32125
-19.31204
-19.30284
-19.29363
-19.28442
-19.27522
-19.26601
-19.25680
-19.24758
-19.23837
-19.22916
-19.21994
-19.21072
-19.20150
-19.19229
-19.18307
-19.17384
-19.16462
-19.15540
-19.14617
-19.13694
-19.12772
-19.11849
-19.10926
-19.10003
-19.09079
-19.08156
-19.07233
-19.06309
-19.05385
-19.04461
-19.03538
-19.02613
-19.01689
-19.00765
-18.99841
-18.98916
-18.97991
-18.97067
-18.96142
-18.95217
-18.94292
-18.93366
-18.92441
-18.91515
-18.90590
-18.89664
-18.88738
-18.87812
-18.86886
-18.85960
-18.85034
-18.84107
-18.83181
-18.82254
-18.81327
-18.80400
-18.79473
-18.78546
-18.77619
-18.76692
-18.75764
-18.74837
-18.73909
-18.72981
-18.72053
-18.71125
-18.70197
-18.69269
-18.68340
-18.67412
-18.66483
-18.65554
-18.64625
-18.63696
-18.62767
-18.61838
-18.60909
-18.59979
-18.59050
-18.58120
-18.57190
-18.56260
-18.55330
-18.54400
-18.53470
-18.52540
-18.51609
-18.50679
-18.49748
-18.48817
-18.47886
-18.46955
-18.46024
-18.45093
-18.44161
-18.43230
-18.42298
-18.41366
-18.40434
-18.39502
-18.38570
-18.37638
-18.36706
-18.35773
-18.34841
-18.33908
-18.32975
-18.32042
-18.31109
-18.30176
-18.29243
-18.28310
-18.27376
-18.26443
-18.25509
-18.24575
-18.23641
-18.22707
-18.21773
-18.20839
-18.19905
-18.18970
-18.18036
-18.17101
-18.16166
-18.15231
-18.14296
-18.13361
-18.12426
-18.11490
-18.10555
-18.09619
-18.08683
-18.07748
-18.06812
-18.05876
-18.04939
-18.04003
-18.03067
-18.02130
-18.01194
-18.00257
-17.99320
-17.98383
-17.97446
-17.96509
-17.95572
-17.94634
-17.93697
-17.92759
-17.91821
-17.90884
-17.89946
-17.89008
-17.88069
-17.87131
-17.86193
-17.85254
-17.84316
-17.83377
-17.82438
-17.81499
-17.80560
-17.79621
-17.78682
-17.77742
-17.76803
-17.75863
-17.74923
-17.73984
-17.73044
-17.72104
-17.71163
-17.70223
-17.69283
-17.68342
-17.67402
-17.66461
-17.65520
-17.64579
-17.63638
-17.62697
-17.61756
-17.60814
-17.59873
-17.58931
-17.57990
-17.57048
-17.56106
-17.55164
-17.54222
-17.53279
-17.52337
-17.51395
-17.50452
-17.49509
-17.48567
-17.47624
-17.46681
-17.45738
-17.44794
-17.43851
-17.42908
-17.41964
-17.41020
-17.40077
-17.39133
-17.38189
-17.37245
-17.36301
-17.35356
-17.34412
-17.33467
-17.32523
-17.31578
-17.30633
-17.29688
-17.28743
-17.27798
-17.26853
-17.25907
-17.24962
-17.24016
-17.23071
-17.22125
-17.21179
-17.20233
-17.19287
-17.18340
-17.17394
-17.16448
-17.15501
-17.14554
-17.13608
-17.12661
-17.11714
-17.10767
-17.09819
-17.08872
-17.07925
-17.06977
-17.06030
-17.05082
-17.04134
-17.03186
-17.02238
-17.01290
-17.00342
-16.99393
-16.98445
-16.97496
-16.96548
-16.95599
-16.94650
-16.93701
-16.92752
-16.91803
-16.90853
-16.89904
-16.88954
-16.88005
-16.87055
-16.86105
-16.85155
-16.84205
-16.83255
-16.82305
-16.81354
-16.80404
-16.79453
-16.78503
-16.77552
-16.76601
-16.75650
-16.74699
-16.73748
-16.72797
-16.71845
-16.70894
-16.69942
-16.68990
-16.68038
-16.67087
-16.66134
-16.65182
-16.64230
-16.63278
-16.62325
-16.61373
-16.60420
-16.59467
-16.58515
-16.57562
-16.56608
-16.55655
-16.54702
-16.53749
-16.52795
-16.51842
-16.50888
-16.49934
-16.48980
-16.48026
-16.47072
-16.46118
-16.45164
-16.44209
-16.43255
-16.42300
-16.41345
-16.40391
-16.39436
-16.38481
-16.37526
-16.36570
-16.35615
-16.34660
-16.33704
-16.32748
-16.31793
-16.30837
-16.29881
-16.28925
-16.27969
-16.27012
-16.26056
-16.25100
-16.24143
-16.23186
-16.22230
-16.21273
-16.20316
-16.19359
-16.18402
-16.17444
-16.16487
-16.15530
-16.14572
-16.13614
-16.12657
-16.11699
-16.10741
-16.09783
-16.08825
-16.07866
-16.06908
-16.05949
-16.04991
-16.04032
-16.03073
-16.02115
-16.01156
-16.00197
-15.99237
-15.98278
-15.97319
-15.96359
-15.95400
-15.94440
-15.93480
-15.92520
-15.91560
-15.90600
-15.89640
-15.88680
-15.87720
-15.86759
-15.85799
-15.84838
-15.83877
-15.82916
-15.81955
-15.80994
-15.80033
-15.79072
-15.78110
-15.77149
-15.76187
-15.75226
-15.74264
-15.73302
-15.72340
-15.71378
-15.70416
-15.69454
-15.68491
-15.67529
-15.66566
-15.65604
-15.64641
-15.63678
-15.62715
-15.61752
-15.60789
-15.59826
-15.58863
-15.57899
-15.56936
-15.55972
-15.55008
-15.54044
-15.53080
-15.52116
-15.51152
-15.50188
-15.49224
-15.48259
-15.47295
-15.46330
-15.45366
-15.44401
-15.43436
-15.42471
-15.41506
-15.40541
-15.39575
-15.38610
-15.37645
-15.36679
-15.35713
-15.34748
-15.33782
-15.32816
-15.31850
-15.30884
-15.29917
-15.28951
-15.27984
-15.27018
-15.26051
-15.25085
-15.24118
-15.23151
-15.22184
-15.21217
-15.20249
-15.19282
-15.18315
-15.17347
-15.16380
-15.15412
-15.14444
-15.13476
-15.12508
-15.11540
-15.10572
-15.09604
-15.08635
-15.07667
-15.06698
-15.05730
-15.04761
-15.03792
-15.02823
-15.01854
-15.00885
-14.99916
-14.98947
-14.97977
-14.97008
-14.96038
-14.95068
-14.94099
-14.93129
-14.92159
-14.91189
-14.90219
-14.89248
-14.88278
-14.87308
-14.86337
-14.85366
-14.84396
-14.83425
-14.82454
-14.81483
-14.80512
-14.79541
-14.78569
-14.77598
-14.76626
-14.75655
-14.74683
-14.73711
-14.72740
-14.71768
-14.70796
-14.69824
-14.68851
-14.67879
-14.66907
-14.65934
-14.64961
-14.63989
-14.63016
-14.62043
-14.61070
-14.60097
-14.59124
-14.58151
-14.57177
-14.56204
-14.55230
-14.54257
-14.53283
-14.52309
-14.51335
-14.50361
-14.49387
-14.48413
-14.47439
-14.46464
-14.45490
-14.44515
-14.43541
-14.42566
-14.41591
-14.40616
-14.39641
-14.38666
-14.37691
-14.36716
-14.35740
-14.34765
-14.33789
-14.32814
-14.31838
-14.30862
-14.29886
-14.28910
-14.27934
-14.26958
-14.25982
-14.25005
-14.24029
-14.23052
-14.22075
-14.21099
-14.20122
-14.19145
-14.18168
-14.17191
-14.16214
-14.15236
-14.14259
-14.13282
-14.12304
-14.11326
-14.10349
-14.09371
-14.08393
-14.07415
-14.06437
-14.05459
-14.04480
-14.03502
-14.02523
-14.01545
-14.00566
-13.99587
-13.98609
-13.97630
-13.96651
-13.95672
-13.94692
-13.93713
-13.92734
-13.91754
-13.90775
-13.89795
-13.88815
-13.87836
-13.86856
-13.85876
-13.84896
-13.83915
-13.82935
-13.81955
-13.80974
-13.79994
-13.79013
-13.78033
-13.77052
-13.76071
-13.75090
-13.74109
-13.73128
-13.72147
-13.71165
-13.70184
-13.69202
-13.68221
-13.67239
-13.66257
-13.65275
-13.64293
-13.63311
-13.62329
-13.61347
-13.60365
-13.59382
-13.58400
-13.57417
-13.56435
-13.55452
-13.54469
-13.53486
-13.52503
-13.51520
-13.50537
-13.49554
-13.48570
-13.47587
-13.46603
-13.45620
-13.44636
-13.43652
-13.42668
-13.41684
-13.40700
-13.39716
-13.38732
-13.37748
-13.36763
-13.35779
-13.34794
-13.33810
-13.32825
-13.31840
-13.30855
-13.29870
-13.28885
-13.27900
-13.26915
-13.25929
-13.24944
-13.23958
-13.22973
-13.21987
-13.21001
-13.20015
-13.19029
-13.18043
-13.17057
-13.16071
-13.15085
-13.14098
-13.13112
-13.12125
-13.11139
-13.10152
-13.09165
-13.08178
-13.07191
-13.06204
-13.05217
-13.04230
-13.03242
-13.02255
-13.01267
-13.00280
-12.99292
-12.98304
-12.97316
-12.96329
-12.95341
-12.94352
-12.93364
-12.92376
-12.91388
-12.90399
-12.89411
-12.88422
-12.87433
-12.86445
-12.85456
-12.84467
-12.83478
-12.82489
-12.81499
-12.80510
-12.79521
-12.78531
-12.77542
-12.76552
-12.75562
-12.74573
-12.73583
-12.72593
-12.71603
-12.70613
-12.69622
-12.68632
-12.67642
-12.66651
-12.65661
-12.64670
-12.63679
-12.62689
-12.61698
-12.60707
-12.59716
-12.58725
-12.57733
-12.56742
-12.55751
-12.54759
-12.53768
-12.52776
-12.51784
-12.50792
-12.49801
-12.48809
-12.47817
-12.46824
-12.45832
-12.44840
-12.43847
-12.42855
-12.41862
-12.40870
-12.39877
-12.38884
-12.37891
-12.36898
-12.35905
-12.34912
-12.33919
-12.32926
-12.31932
-12.30939
-12.29945
-12.28952
-12.27958
-12.26964
-12.25970
-12.24976
-12.23982
-12.22988
-12.21994
-12.21000
-12.20005
-12.19011
-12.18017
-12.17022
-12.16027
-12.15032
-12.14038
-12.13043
-12.12048
-12.11053
-12.10057
-12.09062
-12.08067
-12.07071
-12.06076
-12.05080
-12.04085
-12.03089
-12.02093
-12.01097
-12.00101
-11.99105
-11.98109
-11.97113
-11.96116
-11.95120
-11.94124
-11.93127
-11.92130
-11.91134
-11.90137
-11.89140
-11.88143
-11.87146
-11.86149
-11.85152
