-153.96496
-153.96421
-153.95968
-153.94831
-153.92773
-153.89642
-153.85371
-153.79965
-153.73481
-153.66015
-153.57679
-153.48591
-153.38867
-153.28611
-153.17916
-153.06862
-152.95518
-152.83939
-152.72173
-152.60255
-152.48217
-152.36084
-152.23873
-152.11603
-151.99283
-151.86925
-151.74536
-151.62122
-151.49689
-151.37239
-151.24776
-151.12302
-150.99820
-150.87330
-150.74835
-150.62333
-150.49828
-150.37318
-150.24805
-150.12289
-149.99770
-149.87248
-149.74724
-149.62198
-149.49669
-149.37138
-149.24605
-149.12070
-148.99533
-148.86993
-148.74453
-148.61910
-148.49365
-148.36818
-148.24269
-148.11719
-147.99167
-147.86612
-147.74056
-147.61498
-147.48939
-147.36377
-147.23813
-147.11248
-146.98681
-146.86112
-146.73541
-146.60968
-146.48393
-146.35817
-146.23239
-146.10658
-145.98076
-145.85492
-145.72907
-145.60319
-145.47729
-145.35138
-145.22545
-145.09950
-144.97353
-144.84754
-144.72154
-144.59551
-144.46947
-144.34341
-144.21733
-144.09123
-143.96511
-143.83897
-143.71282
-143.58665
-143.46045
-143.33424
-143.20801
-143.08177
-142.95550
-142.82922
-142.70291
-142.57659
-142.45025
-142.32389
-142.19751
-142.07112
-141.94470
-141.81827
-141.69181
-141.56534
-141.43885
-141.31234
-141.18582
-141.05927
-140.93271
-140.80612
-140.67952
-140.55290
-140.42626
-140.29961
-140.17293
-140.04624
-139.91952
-139.79279
-139.66604
-139.53927
-139.41248
-139.28568
-139.15885
-139.03201
-138.90514
-138.77826
-138.65136
-138.52444
-138.39750
-138.27055
-138.14357
-138.01658
-137.88957
-137.76253
-137.63548
-137.50842
-137.38133
-137.25422
-137.12710
-136.99995
-136.87279
-136.74561
-136.61841
-136.49119
-136.36396
-136.23670
-136.10943
-135.98213
-135.85482
-135.72749
-135.60014
-135.47277
-135.34538
-135.21798
-135.09055
-134.96311
-134.83565
-134.70816
-134.58066
-134.45314
-134.32561
-134.19805
-134.07048
-133.94288
-133.81527
-133.68764
-133.55999
-133.43232
-133.30463
-133.17693
-133.04920
-132.92146
-132.79369
-132.66591
-132.53811
-132.41029
-132.28245
-132.15459
-132.02672
-131.89882
-131.77091
-131.64297
-131.51502
-131.38705
-131.25906
-131.13105
-131.00303
-130.87499
-130.74692
-130.61884
-130.49073
-130.36261
-130.23447
-130.10631
-129.97813
-129.84994
-129.72172
-129.59349
-129.46523
-129.33696
-129.20867
-129.08036
-128.95203
-128.82368
-128.69531
-128.56693
-128.43852
-128.31010
-128.18165
-128.05319
-127.92472
-127.79622
-127.66770
-127.53916
-127.41061
-127.28203
-127.15344
-127.02482
-126.89619
-126.76754
-126.63887
-126.51018
-126.38147
-126.25274
-126.12400
-125.99523
-125.86645
-125.73765
-125.60882
-125.47998
-125.35112
-125.22224
-125.09335
-124.96443
-124.83550
-124.70654
-124.57757
-124.44858
-124.31957
-124.19054
-124.06149
-123.93242
-123.80333
-123.67422
-123.54510
-123.41595
-123.28679
-123.15760
-123.02840
-122.89918
-122.76994
-122.64068
-122.51140
-122.38211
-122.25279
-122.12345
-121.99410
-121.86473
-121.73533
-121.60593
-121.47650
-121.34705
-121.21758
-121.08809
-120.95858
-120.82906
-120.69951
-120.56995
-120.44036
-120.31076
-120.18114
-120.05150
-119.92184
-119.79216
-119.66246
-119.53275
-119.40301
-119.27325
-119.14348
-119.01369
-118.88387
-118.75404
-118.62419
-118.49432
-118.36444
-118.23453
-118.10460
-117.97466
-117.84469
-117.71470
-117.58470
-117.45468
-117.32464
-117.19457
-117.06449
-116.93439
-116.80427
-116.67414
-116.54398
-116.41380
-116.28361
-116.15339
-116.02316
-115.89290
-115.76263
-115.63234
-115.50203
-115.37170
-115.24135
-115.11099
-114.98060
-114.85019
-114.71977
-114.58932
-114.45886
-114.32837
-114.19787
-114.06735
-113.93681
-113.80625
-113.67567
-113.54507
-113.41445
-113.28381
-113.15315
-113.02248
-112.89178
-112.76107
-112.63033
-112.49958
-112.36881
-112.23801
-112.10720
-111.97637
-111.84552
-111.71465
-111.58377
-111.45287
-111.32194
-111.19099
-111.06003
-110.92904
-110.79804
-110.66702
-110.53597
-110.40491
-110.27383
-110.14273
-110.01161
-109.88047
-109.74931
-109.61814
-109.48694
-109.35572
-109.22449
-109.09323
-108.96196
-108.83066
-108.69935
-108.56802
-108.43666
-108.30529
-108.17391
-108.04250
-107.91107
-107.77962
-107.64816
-107.51667
-107.38516
-107.25364
-107.12209
-106.99053
-106.85894
-106.72734
-106.59571
-106.46407
-106.33241
-106.20073
-106.06903
-105.93731
-105.80557
-105.67381
-105.54203
-105.41023
-105.27842
-105.14658
-105.01472
-104.88285
-104.75095
-104.61904
-104.48712
-104.35516
-104.22319
-104.09120
-103.95919
-103.82715
-103.69510
-103.56303
-103.43095
-103.29884
-103.16671
-103.03456
-102.90239
-102.77021
-102.63800
-102.50577
-102.37353
-102.24126
-102.10898
-101.97668
-101.84435
-101.71201
-101.57965
-101.44727
-101.31487
-101.18245
-101.05001
-100.91756
-100.78508
-100.65258
-100.52006
-100.38752
-100.25497
-100.12239
-99.98979
-99.85718
-99.72454
-99.59189
-99.45921
-99.32652
-99.19380
-99.06107
-98.92832
-98.79555
-98.66275
-98.52994
-98.39711
-98.26426
-98.13139
-97.99850
-97.86559
-97.73266
-97.59971
-97.46675
-97.33376
-97.20075
-97.06774
-96.93469
-96.80162
-96.66854
-96.53543
-96.40231
-96.26916
-96.13600
-96.00282
-95.86961
-95.73639
-95.60315
-95.46988
-95.33660
-95.20330
-95.06998
-94.93664
-94.80328
-94.66990
-94.53650
-94.40308
-94.26964
-94.13618
-94.00270
-93.86921
-93.73569
-93.60215
-93.46859
-93.33502
-93.20143
-93.06782
-92.93418
-92.80052
-92.66685
-92.53315
-92.39944
-92.26571
-92.13195
-91.99818
-91.86438
-91.73057
-91.59674
-91.46289
-91.32901
-91.19512
-91.06121
-90.92728
-90.79333
-90.65936
-90.52537
-90.39136
-90.25733
-90.12328
-89.98921
-89.85512
-89.72101
-89.58688
-89.45273
-89.31857
-89.18439
-89.05018
-88.91595
-88.78170
-88.64743
-88.51315
-88.37884
-88.24451
-88.11017
-87.97580
-87.84141
-87.70701
-87.57258
-87.43814
-87.30367
-87.16919
-87.03468
-86.90016
-86.76561
-86.63105
-86.49646
-86.36186
-86.22724
-86.09259
-85.95793
-85.82325
-85.68854
-85.55382
-85.41909
-85.28433
-85.14954
-85.01474
-84.87992
-84.74508
-84.61021
-84.47533
-84.34043
-84.20551
-84.07057
-83.93561
-83.80062
-83.66562
-83.53060
-83.39556
-83.26050
-83.12542
-82.99032
-82.85520
-82.72006
-82.58490
-82.44972
-82.31451
-82.17929
-82.04405
-81.90879
-81.77351
-81.63821
-81.50289
-81.36757
-81.23221
-81.09683
-80.96143
-80.82601
-80.69057
-80.55511
-80.41963
-80.28413
-80.14861
-80.01307
-79.87751
-79.74193
-79.60633
-79.47071
-79.33508
-79.19942
-79.06374
-78.92804
-78.79232
-78.65658
-78.52082
-78.38504
-78.24924
-78.11342
-77.97758
-77.84172
-77.70584
-77.56994
-77.43402
-77.29810
-77.16214
-77.02616
-76.89016
-76.75414
-76.61810
-76.48204
-76.34596
-76.20986
-76.07374
-75.93760
-75.80144
-75.66526
-75.52906
-75.39284
-75.25660
-75.12034
-74.98406
-74.84776
-74.71144
-74.57510
-74.43874
-74.30236
-74.16596
-74.02954
-73.89310
-73.75664
-73.62015
-73.48365
-73.34713
-73.21059
-73.07404
-72.93746
-72.80086
-72.66424
-72.52760
-72.39093
-72.25425
-72.11755
-71.98083
-71.84408
-71.70732
-71.57054
-71.43373
-71.29691
-71.16007
-71.02320
-70.88632
-70.74941
-70.61249
-70.47554
-70.33858
-70.20159
-70.06459
-69.92756
-69.79052
-69.65345
-69.51637
-69.37926
-69.24213
-69.10499
-68.96782
-68.83065
-68.69344
-68.55622
-68.41897
-68.28170
-68.14441
-68.00711
-67.86978
-67.73243
-67.59506
-67.45767
-67.32026
-67.18283
-67.04538
-66.90791
-66.77042
-66.63291
-66.49538
-66.35783
-66.22026
-66.08266
-65.94505
-65.80742
-65.66977
-65.53209
-65.39440
-65.25669
-65.11895
-64.98120
-64.84343
-64.70564
-64.56783
-64.43000
-64.29214
-64.15427
-64.01637
-63.87845
-63.74052
-63.60256
-63.46458
-63.32658
-63.18857
-63.05053
-62.91247
-62.77439
-62.63629
-62.49817
-62.36003
-62.22187
-62.08369
-61.94549
-61.80727
-61.66902
-61.53076
-61.39248
-61.25418
-61.11585
-60.97751
-60.83914
-60.70076
-60.56235
-60.42393
-60.28550
-60.14704
-60.00855
-59.87004
-59.73151
-59.59297
-59.45440
-59.31581
-59.17720
-59.03857
-58.89992
-58.76125
-58.62256
-58.48385
-58.34512
-58.20636
-58.06759
-57.92880
-57.78998
-57.65115
-57.51230
-57.37342
-57.23453
-57.09561
-56.95667
-56.81772
-56.67874
-56.53974
-56.40072
-56.26169
-56.12263
-55.98356
-55.84447
-55.70535
-55.56620
-55.42704
-55.28786
-55.14866
-55.00943
-54.87019
-54.73093
-54.59164
-54.45234
-54.31301
-54.17366
-54.03430
-53.89491
-53.75550
-53.61607
-53.47662
-53.33716
-53.19767
-53.05815
-52.91862
-52.77907
-52.63950
-52.49991
-52.36029
-52.22066
-52.08100
-51.94133
-51.80163
-51.66194
-51.52220
-51.38244
-51.24266
-51.10287
-50.96305
-50.82321
-50.68335
-50.54347
-50.40356
-50.26364
-50.12370
-49.98373
-49.84375
-49.70375
-49.56372
-49.42367
-49.28361
-49.14352
-49.00341
-48.86328
-48.72313
-48.58296
-48.44277
-48.30256
-48.16233
-48.02208
-47.88180
-47.74151
-47.60120
-47.46086
-47.32052
-47.18015
-47.03975
-46.89933
-46.75889
-46.61844
-46.47796
-46.33745
-46.19693
-46.05639
-45.91583
-45.77524
-45.63464
-45.49401
-45.35337
-45.21270
-45.07202
-44.93131
-44.79058
-44.64983
-44.50906
-44.36827
-44.22746
-44.08662
-43.94577
-43.80490
-43.66400
-43.52309
-43.38215
-43.24119
-43.10022
-42.95922
-42.81822
-42.67718
-42.53612
-42.39504
-42.25394
-42.11281
-41.97167
-41.83050
-41.68932
-41.54811
-41.40688
-41.26564
-41.12437
-40.98308
-40.84177
-40.70044
-40.55908
-40.41771
-40.27632
-40.13490
-39.99347
-39.85201
-39.71053
-39.56904
-39.42752
-39.28598
-39.14442
-39.00284
-38.86123
-38.71961
-38.57797
-38.43633
-38.29464
-38.15293
-38.01120
-37.86946
-37.72769
-37.58590
-37.44409
-37.30225
-37.16040
-37.01853
-36.87663
-36.73472
-36.59278
-36.45082
-36.30885
-36.16685
-36.02483
-35.88278
-35.74072
-35.59864
-35.45654
-35.31441
-35.17227
-35.03010
-34.88791
-34.74570
-34.60347
-34.46122
-34.31895
-34.17666
-34.03435
-33.89204
-33.74968
-33.60730
-33.46491
-33.32249
-33.18005
-33.03759
-32.89511
-32.75261
-32.61008
-32.46754
-32.32497
-32.18239
-32.03978
-31.89715
-31.75450
-31.61183
-31.46914
-31.32643
-31.18369
-31.04094
-30.89816
-30.75537
-30.61255
-30.46971
-30.32685
-30.18397
-30.04107
-29.89815
-29.75520
-29.61224
-29.46926
-29.32627
-29.18324
-29.04019
-28.89712
-28.75403
-28.61092
-28.46779
-28.32463
-28.18146
-28.03826
-27.89504
-27.75180
-27.60854
-27.46526
-27.32196
-27.17863
-27.03529
-26.89192
-26.74854
-26.60513
-26.46170
-26.31825
-26.17478
-26.03129
-25.88777
-25.74424
-25.60068
-25.45711
-25.31351
-25.16989
-25.02625
-24.88262
-24.73893
-24.59523
-24.45150
-24.30775
-24.16399
-24.02020
-23.87639
-23.73256
-23.58870
-23.44483
-23.30094
-23.15702
-23.01308
-22.86912
-22.72514
-22.58114
-22.43712
-22.29308
-22.14901
-22.00493
-21.86082
-21.71669
-21.57254
-21.42837
-21.28418
-21.13997
-20.99573
-20.85148
-20.70720
-20.56290
-20.41858
-20.27427
-20.12991
-19.98553
-19.84112
-19.69670
-19.55225
-19.40778
-19.26329
-19.11878
-18.97425
-18.82969
-18.68512
-18.54052
-18.39591
-18.25127
-18.10661
-17.96193
-17.81722
-17.67250
-17.52775
-17.38299
-17.23820
-17.09339
-16.94856
-16.80371
-16.65883
-16.51394
-16.36902
-16.22409
-16.07913
-15.93415
-15.78917
-15.64415
-15.49911
-15.35404
-15.20896
-15.06385
-14.91872
-14.77357
-14.62839
-14.48320
-14.33798
-14.19275
-14.04749
-13.90221
-13.75691
-13.61159
-13.46624
-13.32088
-13.17549
-13.03008
-12.88466
-12.73920
-12.59373
-12.44824
-12.30272
-12.15719
-12.01163
-11.86605
-11.72045
-11.57483
-11.42918
-11.28352
-11.13787
-10.99215
-10.84642
-10.70067
-10.55490
-10.40910
-10.26329
-10.11745
-9.97159
-9.82571
-9.67981
-9.53389
-9.38794
-9.24198
-9.09599
-8.94998
-8.80395
-8.65790
-8.51183
-8.36573
-8.21961
-8.07348
-7.92732
-7.78114
-7.63493
-7.48871
-7.34246
-7.19620
-7.04991
-6.90360
-6.75726
-6.61091
-6.46457
-6.31817
-6.17175
-6.02531
-5.87885
-5.73236
-5.58586
-5.43933
-5.29279
-5.14622
-4.99963
-4.85301
-4.70638
-4.55972
-4.41305
-4.26635
-4.11963
-3.97288
-3.82612
-3.67933
-3.53253
-3.38570
-3.23885
-3.09198
-2.94508
-2.79817
-2.65123
-2.50427
-2.35729
-2.21029
-2.06327
-1.91622
-1.76918
-1.62210
-1.47498
-1.32785
-1.18070
-1.03352
-0.88633
-0.73911
-0.59187
-0.44461
-0.29732
-0.15002
-0.00269
0.14466
0.29203
0.43942
0.58684
0.73427
0.88173
1.02921
1.17671
1.32423
1.47178
1.61934
1.76693
1.91454
2.06217
2.20983
2.35750
2.50520
2.65292
2.80062
2.94839
3.09617
3.24398
3.39180
3.53965
3.68752
3.83542
3.98333
4.13127
4.27922
4.42720
4.57521
4.72323
4.87127
5.01934
5.16743
5.31554
5.46367
5.61183
5.76000
5.90820
6.05642
6.20466
6.35293
6.50121
6.64952
6.79785
6.94620
7.09457
7.24297
7.39138
7.53978
7.68825
7.83673
7.98524
8.13376
8.28231
8.43088
8.57947
8.72809
8.87672
9.02538
9.17406
9.32276
9.47148
9.62023
9.76899
9.91778
10.06659
10.21542
10.36428
10.51316
10.66205
10.81097
10.95992
11.10888
11.25787
11.40688
11.55591
11.70496
11.85403
12.00313
12.15224
12.30135
12.45051
12.59970
12.74890
12.89813
13.04738
13.19665
13.34595
13.49526
13.64460
13.79396
13.94334
14.09275
14.24217
14.39162
14.54109
14.69058
14.84010
14.98963
15.13919
15.28877
15.43837
15.58800
15.73764
15.88731
16.03700
16.18671
16.33645
16.48620
16.63598
16.78578
16.93561
17.08541
17.23528
17.38517
17.53508
17.68502
17.83497
17.98495
18.13495
18.28497
18.43501
18.58508
18.73517
18.88528
19.03541
19.18556
19.33574
19.48594
19.63616
19.78640
19.93667
20.08695
20.23726
20.38759
20.53795
20.68832
20.83872
20.98914
21.13958
21.29004
21.44053
21.59104
21.74157
21.89209
22.04266
22.19326
22.34388
22.49452
22.64519
22.79587
22.94658
23.09731
23.24806
23.39884
23.54964
23.70045
23.85130
24.00216
24.15305
24.30395
24.45488
24.60584
24.75681
24.90781
25.05883
25.20987
25.36094
25.51202
25.66313
25.81426
25.96541
26.11659
26.26779
26.41901
26.57024
26.72148
26.87276
27.02407
27.17540
27.32676
27.47813
27.62953
27.78095
27.93239
28.08386
28.23535
28.38686
28.53839
28.68994
28.84152
28.99312
29.14474
29.29638
29.44805
29.59974
29.75145
29.90318
30.05494
30.20672
30.35852
30.51034
30.66218
30.81405
30.96594
31.11785
31.26979
31.42172
31.57369
31.72569
31.87771
32.02976
32.18183
32.33392
32.48603
32.63817
32.79033
32.94251
33.09471
33.24694
33.39919
33.55146
33.70375
33.85607
34.00840
34.16076
34.31315
34.46555
34.61798
34.77043
34.92290
35.07540
35.22792
35.38046
35.53302
35.68560
35.83821
35.99084
36.14349
36.29613
36.44883
36.60155
36.75429
36.90706
37.05984
37.21265
37.36549
37.51834
37.67122
37.82412
37.97704
38.12999
38.28295
38.43595
38.58896
38.74199
38.89505
39.04813
39.20123
39.35436
39.50751
39.66068
39.81387
39.96709
40.12033
40.27359
40.42687
40.58018
40.73351
40.88686
41.04023
41.19359
41.34701
41.50045
41.65392
41.80740
41.96091
42.11444
42.26800
42.42158
42.57518
42.72880
42.88244
43.03611
43.18980
43.34352
43.49725
43.65101
43.80479
43.95860
44.11242
44.26627
44.42014
44.57404
44.72796
44.88190
45.03586
45.18984
45.34385
45.49788
45.65194
45.80601
45.96011
46.11419
46.26834
46.42250
46.57669
46.73091
46.88514
47.03940
47.19368
47.34798
47.50231
47.65666
47.81103
47.96542
48.11984
48.27428
48.42874
48.58323
48.73774
48.89227
49.04682
49.20140
49.35600
49.51062
49.66526
49.81993
49.97462
50.12933
50.28407
50.43883
50.59361
50.74841
50.90324
51.05805
51.21292
51.36782
51.52274
51.67768
51.83264
51.98763
52.14264
52.29767
52.45273
52.60780
52.76291
52.91803
53.07318
53.22834
53.38354
53.53875
53.69399
53.84925
54.00454
54.15984
54.31517
54.47053
54.62590
54.78130
54.93672
55.09216
55.24763
55.40312
55.55863
55.71417
55.86973
56.02531
56.18091
56.33654
56.49219
56.64787
56.80356
56.95928
57.11502
57.27079
57.42658
57.58239
57.73822
57.89408
58.04996
58.20586
58.36179
58.51774
58.67371
58.82970
58.98572
59.14176
59.29783
59.45391
59.61002
59.76616
59.92231
60.07849
60.23469
60.39092
60.54716
60.70344
60.85973
61.01605
61.17239
61.32875
61.48514
61.64154
61.79798
61.95443
62.11091
62.26741
62.42394
62.58048
62.73705
62.89365
63.05026
63.20690
63.36357
63.52025
63.67696
63.83369
63.99045
64.14723
64.30403
64.46085
64.61770
64.77457
64.93146
65.08838
65.24532
65.40228
65.55927
65.71628
65.87331
66.03037
66.18745
66.34455
66.50167
66.65882
66.81599
66.97319
67.13041
67.28765
67.44491
67.60220
67.75951
67.91684
68.07420
68.23158
68.38898
68.54641
68.70386
68.86133
69.01883
69.17635
69.33389
69.49145
69.64904
69.80666
69.96429
70.12195
70.27963
70.43734
70.59506
70.75281
70.91059
71.06839
71.22621
71.38405
71.54192
71.69981
71.85773
72.01566
72.17362
72.33161
72.48962
72.64765
72.80570
72.96378
73.12188
73.28000
73.43815
73.59632
73.75451
73.91273
74.07097
74.22923
74.38752
74.54583
74.70416
74.86252
75.02090
75.17930
75.33773
75.49618
75.65466
75.81315
75.97167
76.13022
76.28878
76.44737
76.60599
76.76462
76.92328
77.08197
77.24068
77.39941
77.55816
77.71694
77.87574
78.03456
78.19341
78.35228
78.51118
78.67009
78.82904
78.98800
79.14699
79.30600
79.46503
79.62409
79.78317
79.94223
80.10137
80.26052
80.41969
80.57889
80.73812
80.89736
81.05663
81.21592
81.37524
81.53458
81.69394
81.85333
82.01274
82.17217
82.33163
82.49111
82.65062
82.81014
82.96970
83.12927
83.28887
83.44849
83.60814
83.76781
83.92750
84.08721
84.24695
84.40672
84.56650
84.72631
84.88615
85.04600
85.20588
85.36579
85.52572
85.68567
85.84564
86.00564
86.16566
86.32571
86.48578
86.64587
86.80599
86.96613
87.12629
87.28648
87.44669
87.60692
87.76718
87.92746
88.08777
88.24810
88.40845
88.56883
88.72923
88.88965
89.05010
89.21057
89.37106
89.53158
89.69212
89.85269
90.01328
90.17389
90.33453
90.49519
90.65587
90.81658
90.97731
91.13806
91.29884
91.45964
91.62047
91.78132
91.94219
92.10309
92.26401
92.42495
92.58592
92.74691
92.90793
93.06897
93.23003
93.39112
93.55223
93.71336
93.87452
94.03570
94.19691
94.35814
94.51939
94.68067
94.84197
95.00329
95.16464
95.32601
95.48741
95.64882
95.81027
95.97173
96.13323
96.29474
96.45628
96.61784
96.77943
96.94104
97.10267
97.26433
97.42601
97.58771
97.74944
97.91119
98.07297
98.23477
98.39659
98.55844
98.72032
98.88221
99.04413
99.20607
99.36804
99.53003
99.69205
99.85409
100.01615
100.17823
100.34035
100.50248
100.66464
100.82682
100.98903
101.15126
101.31351
101.47579
101.63809
101.80042
101.96276
102.12514
102.28754
102.44996
102.61240
102.77487
102.93736
103.09988
103.26242
103.42499
103.58758
103.75019
103.91283
104.07549
104.23817
104.40088
104.56361
104.72637
104.88915
105.05196
105.21478
105.37764
105.54051
105.70341
105.86634
106.02929
106.19226
106.35526
106.51828
106.68132
106.84439
107.00748
107.17060
107.33374
107.49691
107.66009
107.82331
107.98654
108.14981
108.31309
108.47640
108.63973
108.80309
108.96647
109.12988
109.29330
109.45676
109.62024
109.78374
109.94726
110.11082
110.27439
110.43799
110.60161
110.76526
110.92893
111.09262
111.25634
111.42008
111.58385
111.74764
111.91146
112.07529
112.23916
112.40305
112.56696
112.73089
112.89485
113.05884
113.22285
113.38688
113.55094
113.71502
113.87912
114.04325
114.20740
114.37158
114.53578
114.70001
114.86426
115.02854
115.19283
115.35716
115.52150
115.68587
115.85027
116.01469
116.17913
116.34360
116.50810
116.67261
116.83715
117.00172
117.16631
117.33092
117.49556
117.66022
117.82491
117.98962
118.15435
118.31911
118.48390
118.64870
118.81354
118.97839
119.14327
119.30818
119.47311
119.63806
119.80304
119.96804
120.13307
120.29812
120.46319
120.62829
120.79335
120.95852
121.12369
121.28889
121.45411
121.61935
121.78462
121.94992
122.11524
122.28058
122.44595
122.61134
122.77675
122.94219
123.10766
123.27315
123.43866
123.60420
123.76972
123.93530
124.10091
124.26654
124.43221
124.59789
124.76360
124.92933
125.09509
125.26087
125.42668
125.59251
125.75836
125.92424
126.09015
126.25608
126.42203
126.58801
126.75401
126.91998
127.08604
127.25211
127.41821
127.58434
127.75049
127.91666
128.08286
128.24908
128.41533
128.58160
128.74789
128.91421
129.08056
129.24693
129.41332
129.57974
129.74618
129.91259
130.07909
130.24561
130.41215
130.57871
130.74530
130.91192
131.07856
131.24522
131.41191
131.57862
131.74536
131.91212
132.07891
132.24572
132.41255
132.57941
132.74630
132.91321
133.08009
133.24705
133.41403
133.58104
133.74807
133.91513
134.08221
134.24932
134.41645
134.58361
134.75079
134.91799
135.08522
135.25247
135.41975
135.58706
135.75438
135.92174
136.08906
136.25647
136.42389
136.59134
136.75882
136.92632
137.09385
137.26140
137.42897
137.59657
137.76419
137.93184
138.09952
138.26721
138.43494
138.60268
138.77046
138.93825
139.10607
139.27386
139.44174
139.60964
139.77756
139.94551
140.11348
140.28147
140.44949
140.61754
140.78560
140.95370
141.12182
141.28996
141.45813
141.62632
141.79454
141.96278
142.13105
142.29932
142.46761
142.63595
142.80432
142.97271
143.14112
143.30957
143.47803
143.64652
143.81504
143.98358
144.15214
144.32073
144.48935
144.65799
144.82665
144.99534
145.16405
145.33279
145.50149
145.67030
145.83911
146.00795
146.17681
146.34570
146.51461
146.68355
146.85252
147.02150
147.19052
147.35955
147.52862
147.69770
147.86682
148.03595
148.20512
148.37430
148.54351
148.71269
148.88196
149.05125
149.22056
149.38990
149.55926
149.72865
149.89806
150.06750
150.23696
150.40644
150.57596
150.74549
150.91505
151.08464
151.25425
151.42389
151.59355
151.76322
151.93290
152.10263
152.27239
152.44218
152.61199
152.78183
152.95169
153.12158
153.29149
153.46143
153.63139
153.80138
153.97139
154.14142
154.31148
154.48157
154.65168
154.82182
154.99192
155.16212
155.33233
155.50257
155.67283
155.84312
156.01343
156.18377
156.35413
156.52452
156.69493
156.86537
157.03584
157.20632
157.37684
157.54738
157.71794
157.88853
158.05914
158.22971
158.40039
158.57108
158.74180
158.91254
159.08330
159.25409
159.42491
159.59575
159.76662
159.93751
160.10842
160.27936
160.45033
160.62132
160.79234
160.96338
161.13444
161.30554
161.47660
161.64775
161.81891
161.99011
162.16133
162.33257
162.50384
162.67513
162.84645
163.01780
163.18917
163.36056
163.53198
163.70343
163.87490
164.04639
164.21792
164.38946
164.56103
164.73258
164.90420
165.07585
165.24752
165.41922
165.59095
165.76269
165.93447
166.10627
166.27809
166.44994
166.62182
166.79372
166.96565
167.13760
167.30957
167.48158
167.65360
167.82564
167.99769
168.16979
168.34192
168.51407
168.68625
168.85846
169.03069
169.20294
169.37522
169.54753
169.71986
169.89222
170.06460
170.23701
170.40944
170.58190
170.75439
170.92690
171.09938
171.27194
171.44453
171.61714
171.78977
171.96244
172.13513
172.30784
172.48058
172.65334
172.82613
172.99895
173.17179
173.34465
173.51754
173.69046
173.86340
174.03637
174.20936
174.38232
174.55538
174.72844
174.90154
175.07466
175.24781
175.42098
175.59418
175.76740
175.94065
176.11392
176.28722
176.46055
176.63390
176.80727
176.98068
177.15410
177.32755
177.50103
177.67447
177.84802
178.02157
178.19512
178.36870
178.54233
178.71599
178.88967
179.06338
179.23712
179.41088
179.58466
179.75847
179.93231
180.10617
180.28006
180.45397
180.62791
180.80188
180.97587
181.14988
181.32392
181.49796
181.67203
181.84615
182.02029
182.19446
182.36866
182.54288
182.71713
182.89140
183.06570
183.24002
183.41437
183.58875
183.76315
183.93757
184.11203
184.28650
184.46101
184.63554
184.81006
184.98462
185.15923
185.33386
185.50852
185.68320
185.85791
186.03265
186.20741
186.38219
186.55701
186.73185
186.90671
187.08160
187.25651
187.43146
187.60642
187.78141
187.95643
188.13145
188.30650
188.48159
188.65671
188.83186
189.00703
189.18223
189.35746
189.53271
189.70799
189.88329
190.05862
190.23397
190.40935
190.58476
190.76019
190.93565
191.11113
191.28664
191.46216
191.63768
191.81327
191.98888
192.16452
192.34019
192.51588
192.69159
192.86734
193.04310
193.21890
193.39472
193.57056
193.74643
193.92233
194.09826
194.27420
194.45018
194.62618
194.80221
194.97821
195.15429
195.33039
195.50652
195.68268
195.85886
196.03507
196.21131
196.38757
196.56386
196.74017
196.91651
197.09287
197.26926
197.44568
197.62212
197.79859
197.97508
198.15161
198.32809
198.50467
198.68127
198.85789
199.03455
199.21122
199.38793
199.56466
199.74141
199.91819
200.09500
200.27183
200.44869
200.62558
200.80249
200.97942
201.15639
201.33338
201.51039
201.68737
201.86445
202.04154
202.21859
202.39575
202.57292
202.75012
202.92735
203.10460
203.28187
203.45918
203.63650
203.81386
203.99124
204.16865
204.34608
204.52354
204.70103
204.87854
205.05608
205.23364
205.41123
205.58878
205.76644
205.94410
206.12180
206.29952
206.47727
206.65504
206.83284
207.01067
207.18852
207.36640
207.54430
207.72223
207.90019
208.07817
208.25618
208.43422
208.61228
208.79037
208.96843
209.14657
209.32473
209.50293
209.68115
209.85939
210.03766
210.21596
210.39429
210.57264
210.75101
210.92942
211.10785
211.28630
211.46478
211.64329
211.82183
212.00039
212.17898
212.35758
212.53617
212.71484
212.89353
213.07225
213.25100
213.42977
213.60857
213.78739
213.96624
214.14512
214.32402
214.50295
214.68191
214.86089
215.03990
215.21893
215.39800
215.57708
215.75620
215.93528
216.11445
216.29364
216.47286
216.65211
216.83138
217.01068
217.19001
217.36936
217.54874
217.72815
217.90758
218.08703
218.26652
218.44603
218.62557
218.80513
218.98472
219.16433
219.34391
219.52359
219.70329
219.88294
220.06271
220.24248
220.42228
220.60211
220.78196
220.96184
221.14175
221.32169
221.50165
221.68163
221.86165
222.04169
222.22176
222.40185
222.58197
222.76212
222.94229
223.12249
223.30269
223.48291
223.66319
223.84350
224.02383
224.20419
224.38457
224.56499
224.74542
224.92589
225.10638
225.28690
225.46745
225.64802
225.82862
226.00924
226.18989
226.37057
226.55127
226.73201
226.91270
227.09349
227.27430
227.45514
227.63601
227.81690
227.99782
228.17876
228.35973
228.54073
228.72175
228.90281
229.08388
229.26499
229.44612
229.62728
229.80846
229.98967
230.17091
230.35210
230.53341
230.71473
230.89607
231.07744
231.25884
231.44027
231.62172
231.80320
231.98471
232.16624
232.34780
232.52938
232.71099
232.89263
233.07430
233.25599
233.43771
233.61945
233.80117
233.98297
234.16480
234.34665
234.52847
234.71038
234.89231
235.07427
235.25626
235.43827
235.62032
235.80238
235.98448
236.16660
236.34875
236.53092
236.71313
236.89535
237.07761
237.25989
237.44220
237.62454
237.80690
237.98922
238.17165
238.35409
238.53656
238.71906
238.90159
239.08414
239.26672
239.44932
239.63195
239.81461
239.99730
240.18001
240.36275
240.54552
240.72831
240.91113
241.09398
241.27685
241.45969
241.64263
241.82558
242.00856
242.19157
242.37460
242.55767
242.74076
242.92388
243.10702
243.29019
243.47339
243.65661
243.83986
244.02314
244.20645
244.38978
244.57314
244.75653
244.93994
245.12332
245.30679
245.49029
245.67381
245.85736
246.04094
246.22454
246.40817
246.59183
246.77551
246.95922
247.14296
247.32673
247.51052
247.69434
247.87819
248.06206
248.24596
248.42989
248.61377
248.79777
248.98178
249.16575
249.34982
249.53391
249.71803
249.90217
250.08634
250.27054
250.45477
250.63903
250.82331
251.00761
251.19195
251.37631
251.56070
251.74512
251.92956
252.11403
252.29853
252.48305
252.66761
252.85212
253.03673
253.22137
253.40603
253.59072
253.77543
253.96018
254.14495
254.32975
254.51457
254.69942
254.88430
255.06921
255.25414
255.43910
255.62409
255.80910
255.99415
256.17922
256.36424
256.54938
256.73453
256.91971
257.10492
257.29015
257.47541
257.66070
257.84601
258.03136
258.21673
258.40212
258.58755
258.77300
258.95848
259.14399
259.32952
259.51508
259.70067
259.88628
260.07187
260.25754
260.44324
260.62896
260.81472
261.00050
261.18631
261.37214
261.55800
261.74389
261.92981
262.11575
262.30173
262.48772
262.67375
262.85980
263.04588
263.23199
263.41813
263.60422
263.79043
263.97665
264.16282
264.34911
264.53541
264.72173
264.90809
265.09447
265.28088
265.46732
265.65379
265.84028
266.02680
266.21335
266.39993
266.58653
266.77316
266.95982
267.14650
267.33322
267.51996
267.70672
267.89345
268.08028
268.26713
268.45401
268.64092
268.82785
269.01481
269.20180
269.38882
269.57586
269.76293
269.95003
270.13716
270.32431
270.51149
270.69870
270.88594
271.07320
271.26049
271.44774
271.63510
271.82247
272.00988
272.19731
272.38476
272.57225
272.75976
272.94730
273.13487
273.32247
273.51009
273.69774
273.88542
274.07312
274.26086
274.44862
274.63641
274.82422
275.01207
275.19987
275.38778
275.57571
275.76358
275.95159
276.13959
276.32763
276.51570
276.70379
276.89191
277.08006
277.26824
277.45645
277.64468
277.83294
278.02123
278.20954
278.39788
278.58625
278.77465
278.96308
279.15153
279.34000
279.52847
279.71700
279.90557
280.09416
280.28278
280.47143
280.66011
280.84881
281.03755
281.22631
281.41509
281.60391
281.79275
281.98162
282.17052
282.35945
282.54840
282.73738
282.92639
283.11536
283.30444
283.49353
283.68265
283.87180
284.06098
284.25019
284.43942
284.62868
284.81797
285.00729
285.19664
285.38601
285.57541
285.76484
285.95429
286.14378
286.33329
286.52283
286.71238
286.90193
287.09156
287.28121
287.47081
287.66053
287.85027
288.04003
288.22983
288.41965
288.60949
288.79937
288.98927
289.17921
289.36916
289.55915
289.74917
289.93921
290.12928
290.31938
290.50951
290.69966
290.88985
291.08001
291.27024
291.46051
291.65080
291.84113
292.03148
292.22186
292.41227
292.60270
292.79317
292.98366
293.17418
293.36473
293.55530
293.74591
293.93654
294.12720
294.31789
294.50860
294.69935
294.89005
295.08086
295.27169
295.46255
295.65344
295.84435
296.03529
296.22626
296.41726
296.60829
296.79934
296.99042
297.18153
297.37267
297.56384
297.75503
297.94626
298.13751
298.32879
298.52007
298.71137
298.90273
299.09413
299.28547
299.47693
299.66841
299.85991
300.05145
300.24301
300.43460
300.62622
300.81786
301.00954
301.20124
301.39297
301.58473
301.77652
301.96834
302.16018
302.35205
302.54395
302.73588
302.92779
303.11976
303.31177
303.50382
303.69589
303.88799
304.08011
304.27227
304.46445
304.65667
304.84891
305.04117
305.23347
305.42580
305.61815
305.81053
306.00294
306.19538
306.38785
306.58034
306.77278
306.96536
307.15793
307.35054
307.54318
307.73585
307.92854
308.12126
308.31402
308.50679
308.69960
308.89244
309.08530
309.27819
309.47112
309.66406
309.85704
310.05005
310.24308
310.43615
310.62918
310.82230
311.01545
311.20854
311.40176
311.59500
311.78826
311.98155
312.17487
312.36822
312.56160
312.75500
312.94844
313.14190
313.33539
313.52891
313.72245
313.91603
314.10963
314.30327
314.49693
314.69062
314.88432
315.07802
315.27180
315.46560
315.65944
315.85330
316.04719
316.24111
316.43505
316.62903
316.82303
317.01707
317.21113
317.40522
317.59934
317.79348
317.98766
318.18186
318.37610
318.57036
318.76457
318.95891
319.15325
319.34763
319.54203
319.73647
319.93093
320.12542
320.31994
320.51449
320.70907
320.90367
321.09831
321.29297
321.48766
321.68238
321.87713
322.07191
322.26671
322.46155
322.65634
322.85124
323.04616
323.24103
323.43603
323.63103
323.82607
324.02113
324.21623
324.41135
324.60650
324.80168
324.99689
325.19213
325.38739
325.58269
325.77801
325.97336
326.16875
326.36416
326.55959
326.75506
326.95056
327.14601
327.34157
327.53716
327.73277
327.92841
328.12408
328.31978
328.51550
328.71126
328.90705
329.10286
329.29870
329.49457
329.69047
329.88640
330.08236
330.27834
330.47436
330.67040
330.86642
331.06252
331.25865
331.45481
331.65100
331.84721
332.04346
332.23974
332.43604
332.63238
332.82874
333.02513
333.22155
333.41800
333.61448
333.81098
334.00752
334.20408
334.40068
334.59730
334.79387
334.99057
335.18728
335.38396
335.58073
335.77752
335.97434
336.17120
336.36808
336.56500
336.76194
336.95891
337.15591
337.35294
337.55000
337.74708
337.94420
338.14134
338.33852
338.53572
338.73295
338.93021
339.12750
339.32474
339.52211
339.71949
339.91689
340.11433
340.31179
340.50929
340.70681
340.90436
341.10195
341.29956
341.49720
341.69486
341.89256
342.09029
342.28804
342.48583
342.68364
342.88149
343.07936
343.27719
343.47513
343.67309
343.87099
344.06903
344.26708
344.46515
344.66326
344.86139
345.05956
345.25775
345.45598
345.65423
345.85251
346.05082
346.24916
346.44753
346.64593
346.84435
347.04281
347.24129
347.43981
347.63835
347.83685
348.03547
348.23410
348.43276
348.63145
348.83017
349.02892
349.22770
349.42651
349.62534
349.82421
350.02311
350.22203
350.42098
350.61997
350.81898
351.01802
351.21709
351.41619
351.61528
351.81442
352.01361
352.21283
352.41207
352.61135
352.81066
353.00999
353.20936
353.40875
353.60818
353.80763
354.00711
354.20662
354.40617
354.60574
354.80533
355.00496
355.20462
355.40431
355.60395
355.80372
356.00349
356.20327
356.40307
356.60293
356.80282
357.00275
357.20270
357.40268
357.60270
357.80274
358.00281
358.20291
358.40304
358.60320
358.80339
359.00361
359.20386
359.40413
359.60444
359.80478
360.00514
360.20546
360.40590
360.60635
360.80684
361.00735
361.20790
361.40847
361.60907
361.80971
362.01037
362.21106
362.41178
362.61253
362.81331
363.01412
363.21496
363.41582
363.61672
363.81765
364.01861
364.21951
364.42055
364.62159
364.82267
365.02378
365.22491
365.42608
365.62727
365.82850
366.02975
366.23103
366.43235
366.63369
366.83506
367.03646
367.23789
367.43935
367.64085
367.84237
368.04392
368.24543
368.44704
368.64868
368.85027
369.05199
369.25371
369.45547
369.65726
369.85908
370.06093
370.26280
370.46471
370.66665
370.86862
371.07061
371.27264
371.47469
371.67678
371.87889
372.08104
372.28321
372.48542
372.68765
372.88984
373.09215
373.29447
373.49682
373.69921
373.90162
374.10407
374.30654
374.50904
374.71158
374.91414
375.11673
375.31935
375.52201
375.72469
375.92740
376.13014
376.33291
376.53571
376.73851
376.94134
377.14423
377.34715
377.55002
377.75302
377.95603
378.15907
378.36214
378.56524
378.76837
378.97153
379.17472
379.37794
379.58119
379.78447
379.98778
380.19112
380.39449
380.59789
380.80132
381.00478
381.20827
381.41179
381.61528
381.81886
382.02247
382.22611
382.42978
382.63348
382.83721
383.04097
383.24476
383.44858
383.65243
383.85631
384.06022
384.26416
384.46813
384.67213
384.87616
385.08022
385.28431
385.48836
385.69252
385.89670
386.10091
386.30515
386.50942
386.71372
386.91805
387.12242
387.32681
387.53123
387.73568
387.94016
388.14467
388.34921
388.55379
388.75839
388.96302
389.16768
389.37237
389.57701
389.78179
389.98657
390.19133
390.39616
390.60103
390.80594
391.01087
391.21584
391.42083
391.62586
391.83091
392.03600
392.24111
392.44626
392.65143
392.85664
393.06188
393.26714
393.47244
393.67776
393.88312
394.08851
394.29385
394.49931
394.70479
394.91030
395.11584
395.32140
395.52701
395.73264
395.93830
396.14399
396.34971
396.55546
396.76124
396.96705
397.17289
397.37876
397.58467
397.79060
397.99656
398.20256
398.40849
398.61457
398.82065
399.02670
399.23285
399.43902
399.64523
399.85146
400.05773
400.26403
400.47036
400.67672
400.88310
401.08952
401.29597
401.50245
401.70896
401.91550
402.12207
402.32868
402.53531
402.74197
402.94866
403.15530
403.36208
403.56886
403.77567
403.98252
404.18939
404.39630
404.60324
404.81021
405.01720
405.22423
405.43129
405.63838
405.84550
406.05265
406.25983
406.46704
406.67428
406.88155
407.08886
407.29611
407.50349
407.71088
407.91831
408.12576
408.33325
408.54077
408.74832
408.95589
409.16350
409.37114
409.57881
409.78651
409.99424
410.20200
410.40979
410.61762
410.82547
411.03335
411.24127
411.44914
411.65712
411.86513
412.07308
412.28117
412.48926
412.69739
412.90555
413.11374
413.32197
413.53022
413.73850
413.94681
414.15516
414.36353
414.57194
414.78037
414.98884
415.19734
415.40587
415.61442
415.82301
416.03163
416.24020
416.44890
416.65761
416.86636
417.07513
417.28394
417.49277
417.70164
417.91054
418.11947
418.32842
418.53741
418.74643
418.95548
419.16457
419.37368
419.58282
419.79199
420.00120
420.21044
420.41963
420.62893
420.83826
421.04753
421.25694
421.46636
421.67581
421.88530
422.09481
422.30436
422.51393
422.72354
422.93318
423.14285
423.35254
423.56227
423.77203
423.98183
424.19165
424.40150
424.61139
424.82130
425.03125
425.24114
425.45116
425.66120
425.87127
426.08138
426.29151
426.50167
426.71187
426.92209
427.13235
427.34263
427.55295
427.76330
427.97368
428.18409
428.39453
428.60500
428.81551
429.02604
429.23661
429.44713
429.65776
429.86842
430.07902
430.28977
430.50052
430.71130
430.92211
431.13296
431.34384
431.55474
431.76568
431.97665
432.18765
432.39868
432.60975
432.82084
433.03197
433.24312
433.45431
433.66553
433.87678
434.08806
434.29928
434.51064
434.72202
434.93342
435.14486
435.35633
435.56783
435.77936
435.99092
436.20251
436.41413
436.62579
436.83747
437.04919
437.26094
437.47272
437.68453
437.89637
438.10824
438.32014
438.53200
438.74398
438.95598
439.16800
439.38007
439.59216
439.80428
440.01644
440.22862
440.44084
440.65309
440.86537
441.07768
441.29002
441.50239
441.71479
441.92723
442.13969
442.35219
442.56469
442.77721
442.98981
443.20243
443.41500
443.62770
443.84042
444.05316
444.26595
444.47876
444.69160
444.90448
445.11738
445.33032
445.54329
445.75629
445.96932
446.18238
446.39547
446.60860
446.82175
447.03494
447.24816
447.46141
447.67462
447.88794
448.10128
448.31466
448.52807
448.74151
448.95498
449.16848
449.38202
449.59558
449.80918
450.02281
450.23647
450.45016
450.66388
450.87763
451.09142
451.30524
451.51908
451.73295
451.94681
452.16075
452.37473
452.58864
452.80270
453.01677
453.23087
453.44500
453.65917
453.87336
454.08759
454.30185
454.51614
454.73046
454.94481
455.15920
455.37362
455.58806
455.80254
456.01705
456.23160
456.44617
456.66078
456.87533
457.09001
457.30471
457.51945
457.73421
457.94901
458.16384
458.37870
458.59359
458.80851
459.02347
459.23845
459.45347
459.66852
459.88360
460.09871
460.31385
460.52903
460.74424
460.95948
461.17468
461.38998
461.60532
461.82059
462.03601
462.25144
462.46690
462.68239
462.89792
463.11348
463.32907
463.54469
463.76034
463.97602
464.19174
464.40749
464.62327
464.83908
465.05492
465.27079
465.48670
465.70264
465.91861
466.13452
466.35057
466.56664
466.78274
466.99887
467.21503
467.43122
467.64745
467.86370
468.07999
468.29631
468.51266
468.72905
468.94546
469.16191
469.37839
469.59490
469.81145
470.02802
470.24463
470.46119
470.67787
470.89457
471.11131
471.32808
471.54488
471.76171
471.97857
472.19547
472.41239
472.62935
472.84634
473.06336
473.28042
473.49750
473.71462
473.93177
474.14895
474.36617
474.58341
474.80062
475.01794
475.23528
475.45256
475.66999
475.88743
476.10490
476.32240
476.53994
476.75750
476.97510
477.19273
477.41040
477.62809
477.84582
478.06358
478.28137
478.49919
478.71705
478.93494
479.15286
479.37081
479.58879
479.80672
480.02479
480.24287
480.46098
480.67912
480.89730
481.11551
481.33375
481.55203
481.77033
481.98867
482.20704
482.42544
482.64388
482.86234
483.08084
483.29937
483.51793
483.73653
483.95516
484.17374
484.39244
484.61116
484.82982
485.04863
485.26745
485.48631
485.70519
485.92411
486.14306
486.36204
486.58106
486.80010
487.01918
487.23829
487.45744
487.67661
487.89582
488.11506
488.33433
488.55364
488.77297
488.99234
489.21165
489.43111
489.65057
489.87007
490.08960
490.30917
490.52877
490.74839
490.96806
491.18775
491.40747
491.62723
491.84702
492.06684
492.28670
492.50658
492.72650
492.94646
493.16644
493.38646
493.60642
493.82652
494.04663
494.26668
494.48689
494.70709
494.92734
495.14761
495.36792
495.58827
495.80864
496.02905
496.24948
496.46996
496.69046
496.91100
497.13156
497.35217
497.57280
497.79346
498.01416
498.23489
498.45566
498.67636
498.89721
499.11807
499.33897
499.55989
499.78085
500.00184
500.22287
500.44393
500.66502
500.88614
501.10729
501.32848
501.54970
501.77095
501.99223
502.21355
502.43490
502.65628
502.87770
503.09905
503.32055
503.54207
503.76354
503.98512
504.20673
504.42837
504.65005
504.87176
505.09350
505.31527
505.53708
505.75892
505.98079
506.20270
506.42464
506.64661
506.86861
507.09065
507.31271
507.53481
507.75695
507.97912
508.20123
508.42348
508.64574
508.86804
509.09037
509.31273
509.53513
509.75756
509.98002
510.20251
510.42504
510.64760
510.87019
511.09282
511.31548
511.53817
511.76089
511.98365
512.20644
512.42926
512.65202
512.87493
513.09785
513.32081
513.54379
513.76681
513.98987
514.21295
514.43607
514.65922
514.88241
515.10562
515.32887
515.55215
515.77547
515.99882
516.22220
516.44561
516.66906
516.89254
517.11596
517.33952
517.56310
517.78665
518.01029
518.23396
518.45767
518.68142
518.90519
519.12900
519.35285
519.57672
519.80063
520.02457
520.24855
520.47255
520.69659
520.92067
521.14477
521.36891
521.59308
521.81729
522.04153
522.26572
522.49004
522.71437
522.93874
523.16314
523.38758
523.61205
523.83656
524.06109
524.28566
524.51026
524.73490
524.95957
525.18427
525.40900
525.63377
525.85857
526.08340
526.30827
526.53317
526.75801
526.98300
527.20800
527.43303
527.65802
527.88312
528.10825
528.33342
528.55862
528.78385
529.00912
529.23442
529.45975
529.68511
529.91051
530.13594
530.36140
530.58690
530.81243
531.03800
531.26359
531.48922
531.71489
531.94055
532.16624
532.39200
532.61780
532.84363
533.06949
533.29539
533.52132
533.74729
533.97328
534.19931
534.42538
534.65147
534.87760
535.10376
535.32996
535.55619
535.78245
536.00875
536.23508
536.46138
536.68777
536.91419
537.14066
537.36706
537.59361
537.82017
538.04677
538.27340
538.50006
538.72676
538.95349
539.18025
539.40705
539.63388
539.86074
540.08764
540.31457
540.54153
540.76853
540.99556
541.22263
541.44972
541.67686
541.90394
542.13114
542.35838
542.58564
542.81294
543.04027
543.26764
543.49504
543.72247
543.94994
544.17744
544.40497
544.63254
544.86014
545.08777
545.31544
545.54314
545.77087
545.99864
546.22644
546.45420
546.68207
546.90998
547.13781
547.36581
547.59381
547.82184
548.04992
548.27802
548.50616
548.73433
548.96253
549.19077
549.41905
549.64735
549.87569
550.10406
550.33247
550.56091
550.78938
551.01789
551.24643
551.47501
551.70352
551.93218
552.16086
552.38957
552.61831
552.84709
553.07590
553.30475
553.53362
553.76254
553.99148
554.22046
554.44948
554.67852
554.90760
555.13672
555.36586
555.59504
555.82426
556.05351
556.28270
556.51203
556.74139
556.97068
557.20012
557.42956
557.65905
557.88857
558.11812
558.34771
558.57733
558.80699
559.03668
559.26640
559.49616
559.72595
559.95577
560.18563
560.41552
560.64545
560.87541
561.10540
561.33543
561.56539
561.79551
562.02564
562.25580
562.48600
562.71623
562.94650
563.17680
563.40713
563.63750
563.86790
564.09833
564.32880
564.55930
564.78984
565.02041
565.25101
565.48165
565.71232
565.94303
566.17367
566.40447
566.63528
566.86612
567.09700
567.32791
567.55885
567.78983
568.02085
568.25189
568.48298
568.71409
568.94524
569.17642
569.40764
569.63889
569.87017
570.10149
570.33284
570.56423
570.79555
571.02703
571.25852
571.48997
571.72153
571.95312
572.18474
572.41640
572.64810
572.87983
573.11159
573.34339
573.57522
573.80708
574.03898
574.27092
574.50288
574.73489
574.96692
575.19899
575.43109
575.66323
575.89541
576.12753
576.35978
576.59205
576.82436
577.05671
577.28909
577.52150
577.75395
577.98643
578.21894
578.45149
578.68408
578.91669
579.14935
579.38203
579.61475
579.84751
580.08029
580.31312
580.54597
580.77878
581.01172
581.24468
581.47767
581.71062
581.94369
582.17679
582.40992
582.64309
582.87629
583.10953
583.34280
583.57610
583.80944
584.04281
584.27622
584.50966
584.74314
584.97665
585.21019
585.44377
585.67738
585.91103
586.14472
586.37835
586.61211
586.84589
587.07971
587.31357
587.54746
587.78139
588.01534
588.24934
588.48337
588.71743
588.95152
589.18565
589.41982
589.65402
589.88825
590.12252
590.35682
590.59116
590.82550
591.05986
591.29430
591.52878
591.76319
591.99776
592.23234
592.46695
592.70160
592.93628
593.17100
593.40575
593.64054
593.87536
594.11022
594.34511
594.58004
594.81500
595.04999
595.28502
595.52008
595.75518
595.99031
596.22548
596.46059
596.69584
596.93112
597.16642
597.40177
597.63714
597.87255
598.10800
598.34348
598.57899
598.81454
599.05013
599.28575
599.52140
599.75709
599.99281
600.22857
600.46436
600.70019
600.93605
601.17186
601.40780
601.64376
601.87966
602.11573
602.35179
602.58790
602.82404
603.06021
603.29642
603.53267
603.76895
604.00526
604.24161
604.47800
604.71441
604.95087
605.18735
605.42388
605.66043
605.89703
606.13365
606.37032
606.60691
606.84367
607.08044
607.31724
607.55408
607.79095
608.02786
608.26480
608.50178
608.73879
608.97583
609.21291
609.45003
609.68718
609.92437
610.16159
610.39884
610.63613
610.87346
611.11082
611.34811
611.58557
611.82304
612.06048
612.29799
612.53556
612.77317
613.01081
613.24849
613.48620
613.72394
613.96172
614.19954
614.43739
614.67528
614.91320
615.15116
615.38915
615.62717
615.86523
616.10333
616.34146
616.57963
616.81777
617.05599
617.29426
617.53257
617.77091
618.00929
618.24770
618.48615
618.72463
618.96315
619.20170
619.44029
619.67891
619.91757
620.15626
620.39499
620.63376
620.87255
621.11139
621.35026
621.58908
621.82803
622.06700
622.30601
622.54496
622.78405
623.02317
623.26232
623.50151
623.74073
623.97999
624.21928
624.45861
624.69797
624.93737
625.17680
625.41627
625.65578
625.89531
626.13489
626.37450
626.61414
626.85382
627.09354
627.33320
627.57300
627.81282
628.05267
628.29257
628.53250
628.77246
629.01246
629.25249
629.49256
629.73267
629.97281
630.21298
630.45319
630.69344
630.93372
631.17403
631.41439
631.65477
631.89520
632.13557
632.37607
632.61660
632.85716
633.09777
633.33840
633.57907
633.81978
634.06052
634.30130
634.54211
634.78296
635.02385
635.26477
635.50572
635.74671
635.98773
636.22879
636.46989
636.71102
636.95211
637.19332
637.43456
637.67573
637.91706
638.15841
638.39979
638.64121
638.88266
639.12415
639.36567
639.60723
639.84883
640.09046
640.33212
640.57382
640.81556
641.05733
641.29914
641.54098
641.78286
642.02478
642.26673
642.50862
642.75066
642.99272
643.23481
643.47694
643.71911
643.96131
644.20355
644.44582
644.68813
644.93047
645.17285
645.41527
645.65772
645.90020
646.14272
646.38528
646.62787
646.87050
647.11317
647.35577
647.59852
647.84130
648.08401
648.32687
648.56975
648.81266
649.05561
649.29860
649.54163
649.78468
650.02778
650.27091
650.51408
650.75728
651.00052
651.24379
651.48710
651.73044
651.97382
652.21724
652.46069
652.70418
652.94761
653.19119
653.43478
653.67842
653.92208
654.16579
654.40953
654.65331
654.89712
655.14097
655.38485
655.62877
655.87273
656.11672
656.36074
656.60481
656.84891
657.09304
657.33721
657.58142
657.82556
658.06987
658.31418
658.55853
658.80283
659.04726
659.29172
659.53621
659.78074
660.02531
660.26992
660.51456
660.75923
661.00394
661.24869
661.49347
661.73829
661.98315
662.22804
662.47297
662.71793
662.96293
663.20797
663.45304
663.69807
663.94321
664.18839
664.43361
664.67886
664.92415
665.16948
665.41484
665.66024
665.90567
666.15114
666.39665
666.64219
666.88777
667.13338
667.37903
667.62472
667.87044
668.11620
668.36198
668.60775
668.85362
669.09952
669.34536
669.59136
669.83737
670.08342
670.32950
670.57563
670.82178
671.06798
671.31421
671.56048
671.80678
672.05312
672.29950
672.54591
672.79236
673.03884
673.28536
673.53192
673.77851
674.02514
674.27170
674.51843
674.76517
675.01194
675.25875
675.50560
675.75249
675.99941
676.24637
676.49336
676.74039
676.98746
677.23456
677.48170
677.72887
677.97609
678.22333
678.47062
678.71794
678.96530
679.21259
679.46004
679.70751
679.95491
680.20247
680.45004
680.69766
680.94531
681.19299
681.44072
681.68848
681.93627
682.18410
682.43197
682.67988
682.92782
683.17580
683.42381
683.67186
683.91995
684.16807
684.41623
684.66443
684.91257
685.16086
685.40916
685.65751
685.90589
686.15430
686.40276
686.65125
686.89978
687.14834
687.39694
687.64558
687.89425
688.14296
688.39170
688.64049
688.88931
689.13816
689.38705
689.63598
689.88485
690.13388
690.38291
690.63199
690.88102
691.13017
691.37936
691.62858
691.87784
692.12714
692.37647
692.62584
692.87525
693.12469
693.37417
693.62369
693.87325
694.12284
694.37246
694.62213
694.87183
695.12157
695.37134
695.62115
695.87092
696.12080
696.37073
696.62068
696.87068
697.12071
697.37078
697.62089
697.87104
698.12122
698.37143
698.62169
698.87198
699.12230
699.37267
699.62307
699.87350
700.12398
700.37449
700.62502
700.87554
701.12617
701.37683
701.62741
701.87817
702.12894
702.37975
702.63059
702.88147
703.13239
703.38335
703.63434
703.88537
704.13644
704.38754
704.63868
704.88986
705.14107
705.39232
705.64361
705.89493
706.14630
706.39770
706.64903
706.90052
707.15203
707.40358
707.65517
707.90679
708.15845
708.41014
708.66188
708.91365
709.16546
709.41730
709.66918
709.92110
710.17305
710.42505
710.67707
710.92914
711.18124
711.43339
711.68546
711.93770
712.18995
712.44214
712.69449
712.94684
713.19925
713.45169
713.70416
713.95667
714.20923
714.46181
714.71444
714.96710
715.21980
715.47254
715.72531
715.97812
716.23097
716.48385
716.73677
716.98973
717.24273
717.49567
717.74876
718.00186
718.25501
718.50819
718.76141
719.01467
719.26797
719.52130
719.77467
720.02808
720.28153
720.53501
720.78853
721.04208
721.29568
721.54931
721.80297
722.05668
722.31042
722.56411
722.81795
723.07180
723.32569
723.57962
723.83359
724.08760
724.34164
724.59572
724.84984
725.10400
725.35819
725.61242
725.86669
726.12099
726.37533
726.62971
726.88413
727.13858
727.39307
727.64750
727.90209
728.15669
728.41134
728.66593
728.92065
729.17540
729.43020
729.68503
729.93990
730.19480
730.44975
730.70473
730.95974
731.21480
731.46989
731.72502
731.98019
732.23540
732.49064
732.74592
733.00124
733.25659
733.51199
733.76733
734.02280
734.27831
734.53386
734.78944
735.04506
735.30072
735.55642
735.81215
736.06792
736.32373
736.57957
736.83546
737.09138
737.34734
737.60333
737.85936
738.11544
738.37155
738.62769
738.88379
739.14002
739.39628
739.65247
739.90883
740.16520
740.42162
740.67807
740.93455
741.19108
741.44764
741.70425
741.96088
742.21756
742.47428
742.73103
742.98782
743.24464
743.50151
743.75841
744.01535
744.27233
744.52935
744.78630
745.04341
745.30054
745.55771
745.81492
746.07217
746.32945
746.58677
746.84413
747.10153
747.35896
747.61643
747.87394
748.13149
748.38907
748.64670
748.90436
749.16205
749.41979
749.67757
749.93527
750.19315
750.45104
750.70888
750.96685
751.22485
751.48289
751.74097
751.99909
752.25725
752.51544
752.77367
753.03194
753.29025
753.54860
753.80698
754.06540
754.32386
754.58236
754.84089
755.09947
755.35808
755.61673
755.87533
756.13407
756.39283
756.65163
756.91047
757.16935
757.42827
757.68723
757.94622
758.20525
758.46432
758.72343
758.98258
759.24176
759.50099
759.76025
760.01954
760.27888
760.53826
760.79767
761.05703
761.31653
761.57606
761.83562
762.09523
762.35487
762.61456
762.87428
763.13403
763.39383
763.65367
763.91354
764.17345
764.43340
764.69339
764.95341
