7.41224
7.41213
7.41147
7.40983
7.40685
7.40232
7.39616
7.38835
7.37900
7.36824
7.35623
7.34314
7.32914
7.31437
7.29898
7.28307
7.26675
7.25009
7.23316
7.21602
7.19871
7.18126
7.16370
7.14606
7.12835
7.11059
7.09279
7.07495
7.05709
7.03921
7.02131
7.00340
6.98548
6.96755
6.94962
6.93168
6.91374
6.89579
6.87784
6.85989
6.84194
6.82399
6.80604
6.78809
6.77014
6.75218
6.73423
6.71628
6.69833
6.68037
6.66242
6.64447
6.62652
6.60857
6.59061
6.57266
6.55471
6.53676
6.51881
6.50086
6.48291
6.46496
6.44702
6.42907
6.41112
6.39317
6.37522
6.35728
6.33933
6.32138
6.30344
6.28549
6.26754
6.24960
6.23165
6.21371
6.19577
6.17782
6.15988
6.14193
6.12399
6.10605
6.08811
6.07016
6.05222
6.03428
6.01634
5.99840
5.98046
5.96252
5.94458
5.92664
5.90870
5.89076
5.87282
5.85488
5.83695
5.81901
5.80107
5.78313
5.76520
5.74726
5.72932
5.71139
5.69345
5.67552
5.65758
5.63965
5.62171
5.60378
5.58585
5.56791
5.54998
5.53205
5.51412
5.49618
5.47825
5.46032
5.44239
5.42446
5.40653
5.38860
5.37067
5.35274
5.33481
5.31688
5.29896
5.28103
5.26310
5.24517
5.22725
5.20932
5.19139
5.17347
5.15554
5.13762
5.11969
5.10177
5.08384
5.06592
5.04799
5.03007
5.01215
4.99422
4.97630
4.95838
4.94046
4.92254
4.90461
4.88669
4.86877
4.85085
4.83293
4.81501
4.79709
4.77917
4.76126
4.74334
4.72542
4.70750
4.68958
4.67167
4.65375
4.63583
4.61792
4.60000
4.58208
4.56417
4.54625
4.52834
4.51043
4.49251
4.47460
4.45669
4.43877
4.42086
4.40295
4.38504
4.36712
4.34921
4.33130
4.31339
4.29548
4.27757
4.25966
4.24175
4.22384
4.20593
4.18802
4.17012
4.15221
4.13430
4.11640
4.09849
4.08058
4.06268
4.04477
4.02686
4.00896
3.99105
3.97315
3.95524
3.93734
3.91944
3.90153
3.88363
3.86573
3.84782
3.82992
3.81202
3.79412
3.77622
3.75832
3.74042
3.72252
3.70462
3.68672
3.66882
3.65092
3.63302
3.61512
3.59722
3.57933
3.56143
3.54353
3.52564
3.50774
3.48984
3.47195
3.45405
3.43616
3.41826
3.40037
3.38247
3.36458
3.34669
3.32879
3.31090
3.29301
3.27512
3.25723
3.23933
3.22144
3.20355
3.18566
3.16777
3.14988
3.13199
3.11410
3.09621
3.07832
3.06043
3.04255
3.02466
3.00677
2.98888
2.97100
2.95311
2.93522
2.91734
2.89945
2.88157
2.86368
2.84580
2.82792
2.81003
2.79215
2.77427
2.75638
2.73850
2.72062
2.70274
2.68485
2.66697
2.64909
2.63121
2.61333
2.59545
2.57757
2.55969
2.54181
2.52393
2.50605
2.48818
2.47030
2.45242
2.43454
2.41667
2.39879
2.38092
2.36304
2.34516
2.32729
2.30941
2.29154
2.27366
2.25579
2.23792
2.22004
2.20217
2.18430
2.16642
2.14855
2.13068
2.11281
2.09494
2.07707
2.05920
2.04133
2.02346
2.00559
1.98772
1.96985
1.95198
1.93411
1.91625
1.89838
1.88051
1.86264
1.84478
1.82691
1.80904
1.79118
1.77331
1.75545
1.73758
1.71972
1.70185
1.68399
1.66613
1.64826
1.63040
1.61254
1.59468
1.57681
1.55895
1.54109
1.52323
1.50537
1.48751
1.46965
1.45179
1.43393
1.41607
1.39821
1.38036
1.36250
1.34464
1.32678
1.30893
1.29107
1.27321
1.25536
1.23750
1.21964
1.20179
1.18393
1.16608
1.14822
1.13037
1.11252
1.09466
1.07681
1.05896
1.04110
1.02325
1.00541
0.98755
0.96970
0.95185
0.93400
0.91615
0.89830
0.88045
0.86260
0.84475
0.82690
0.80906
0.79121
0.77336
0.75551
0.73767
0.71982
0.70197
0.68413
0.66628
0.64844
0.63059
0.61275
0.59490
0.57706
0.55921
0.54137
0.52353
0.50569
0.48784
0.47000
0.45216
0.43432
0.41648
0.39864
0.38080
0.36296
0.34512
0.32728
0.30944
0.29160
0.27376
0.25592
0.23808
0.22024
0.20241
0.18457
0.16673
0.14890
0.13106
0.11322
0.09539
0.07755
0.05972
0.04188
0.02405
0.00622
-0.01161
-0.02945
-0.04728
-0.06511
-0.08295
-0.10078
-0.11861
-0.13644
-0.15427
-0.17210
-0.18993
-0.20776
-0.22559
-0.24342
-0.26125
-0.27908
-0.29691
-0.31474
-0.33257
-0.35039
-0.36822
-0.38605
-0.40387
-0.42170
-0.43953
-0.45735
-0.47518
-0.49300
-0.51082
-0.52865
-0.54647
-0.56430
-0.58212
-0.59994
-0.61777
-0.63559
-0.65341
-0.67123
-0.68905
-0.70687
-0.72470
-0.74252
-0.76034
-0.77816
-0.79598
-0.81380
-0.83161
-0.84943
-0.86725
-0.88507
-0.90289
-0.92071
-0.93852
-0.95634
-0.97416
-0.99197
-1.00978
-1.02760
-1.04541
-1.06323
-1.08104
-1.09886
-1.11667
-1.13449
-1.15230
-1.17011
-1.18792
-1.20574
-1.22355
-1.24136
-1.25917
-1.27698
-1.29479
-1.31260
-1.33041
-1.34822
-1.36603
-1.38384
-1.40165
-1.41946
-1.43727
-1.45508
-1.47288
-1.49069
-1.50850
-1.52630
-1.54411
-1.56191
-1.57972
-1.59752
-1.61533
-1.63313
-1.65094
-1.66874
-1.68655
-1.70435
-1.72215
-1.73995
-1.75776
-1.77556
-1.79336
-1.81116
-1.82896
-1.84677
-1.86457
-1.88237
-1.90017
-1.91797
-1.93577
-1.95356
-1.97136
-1.98916
-2.00696
-2.02476
-2.04255
-2.06035
-2.07814
-2.09594
-2.11374
-2.13153
-2.14933
-2.16712
-2.18492
-2.20271
-2.22051
-2.23830
-2.25609
-2.27389
-2.29168
-2.30947
-2.32727
-2.34506
-2.36285
-2.38064
-2.39843
-2.41622
-2.43401
-2.45180
-2.46959
-2.48738
-2.50517
-2.52296
-2.54075
-2.55854
-2.57632
-2.59411
-2.61189
-2.62968
-2.64747
-2.66525
-2.68304
-2.70083
-2.71861
-2.73640
-2.75418
-2.77197
-2.78975
-2.80753
-2.82532
-2.84310
-2.86088
-2.87867
-2.89645
-2.91423
-2.93201
-2.94979
-2.96757
-2.98535
-3.00313
-3.02091
-3.03869
-3.05647
-3.07425
-3.09203
-3.10980
-3.12758
-3.14536
-3.16314
-3.18091
-3.19869
-3.21647
-3.23424
-3.25202
-3.26980
-3.28757
-3.30535
-3.32312
-3.34089
-3.35867
-3.37644
-3.39422
-3.41199
-3.42976
-3.44753
-3.46531
-3.48308
-3.50085
-3.51862
-3.53639
-3.55416
-3.57193
-3.58970
-3.60747
-3.62524
-3.64301
-3.66077
-3.67854
-3.69631
-3.71408
-3.73184
-3.74961
-3.76738
-3.78514
-3.80291
-3.82067
-3.83844
-3.85621
-3.87397
-3.89173
-3.90950
-3.92726
-3.94503
-3.96279
-3.98055
-3.99831
-4.01608
-4.03384
-4.05160
-4.06936
-4.08712
-4.10488
-4.12264
-4.14040
-4.15816
-4.17592
-4.19368
-4.21143
-4.22919
-4.24695
-4.26471
-4.28247
-4.30022
-4.31798
-4.33574
-4.35349
-4.37125
-4.38900
-4.40676
-4.42452
-4.44227
-4.46002
-4.47778
-4.49553
-4.51329
-4.53104
-4.54879
-4.56654
-4.58430
-4.60205
-4.61980
-4.63755
-4.65530
-4.67305
-4.69080
-4.70855
-4.72630
-4.74405
-4.76179
-4.77954
-4.79729
-4.81504
-4.83279
-4.85053
-4.86828
-4.88603
-4.90377
-4.92152
-4.93926
-4.95701
-4.97476
-4.99250
-5.01024
-5.02799
-5.04573
-5.06348
-5.08122
-5.09896
-5.11671
-5.13445
-5.15219
-5.16993
-5.18767
-5.20541
-5.22315
-5.24089
-5.25863
-5.27637
-5.29411
-5.31185
-5.32959
-5.34732
-5.36506
-5.38280
-5.40054
-5.41827
-5.43601
-5.45375
-5.47148
-5.48922
-5.50696
-5.52469
-5.54243
-5.56016
-5.57790
-5.59563
-5.61336
-5.63110
-5.64883
-5.66656
-5.68430
-5.70203
-5.71976
-5.73749
-5.75522
-5.77295
-5.79068
-5.80841
-5.82614
-5.84387
-5.86160
-5.87932
-5.89705
-5.91478
-5.93251
-5.95024
-5.96796
-5.98569
-6.00342
-6.02115
-6.03887
-6.05660
-6.07432
-6.09205
-6.10977
-6.12750
-6.14522
-6.16295
-6.18067
-6.19839
-6.21612
-6.23384
-6.25156
-6.26928
-6.28700
-6.30473
-6.32245
-6.34017
-6.35789
-6.37561
-6.39333
-6.41104
-6.42876
-6.44648
-6.46420
-6.48192
-6.49963
-6.51735
-6.53507
-6.55279
-6.57050
-6.58822
-6.60593
-6.62365
-6.64137
-6.65908
-6.67680
-6.69451
-6.71222
-6.72994
-6.74765
-6.76537
-6.78308
-6.80079
-6.81850
-6.83621
-6.85393
-6.87164
-6.88935
-6.90706
-6.92477
-6.94248
-6.96018
-6.97789
-6.99560
-7.01331
-7.03102
-7.04873
-7.06643
-7.08414
-7.10185
-7.11956
-7.13726
-7.15497
-7.17267
-7.19038
-7.20809
-7.22579
-7.24349
-7.26120
-7.27890
-7.29661
-7.31431
-7.33201
-7.34972
-7.36742
-7.38512
-7.40282
-7.42052
-7.43823
-7.45593
-7.47363
-7.49133
-7.50903
-7.52672
-7.54442
-7.56212
-7.57982
-7.59751
-7.61521
-7.63291
-7.65061
-7.66830
-7.68600
-7.70370
-7.72139
-7.73909
-7.75679
-7.77448
-7.79218
-7.80987
-7.82756
-7.84526
-7.86295
-7.88065
-7.89834
-7.91603
-7.93372
-7.95142
-7.96911
-7.98680
-8.00449
-8.02218
-8.03987
-8.05756
-8.07524
-8.09293
-8.11062
-8.12831
-8.14600
-8.16369
-8.18138
-8.19906
-8.21675
-8.23444
-8.25212
-8.26981
-8.28750
-8.30518
-8.32287
-8.34055
-8.35824
-8.37592
-8.39361
-8.41129
-8.42897
-8.44666
-8.46434
-8.48202
-8.49970
-8.51739
-8.53507
-8.55275
-8.57043
-8.58811
-8.60579
-8.62347
-8.64114
-8.65882
-8.67650
-8.69418
-8.71186
-8.72954
-8.74722
-8.76489
-8.78257
-8.80025
-8.81792
-8.83560
-8.85328
-8.87095
-8.88863
-8.90630
-8.92398
-8.94165
-8.95933
-8.97700
-8.99467
-9.01235
-9.03002
-9.04769
-9.06536
-9.08303
-9.10071
-9.11838
-9.13605
-9.15372
-9.17139
-9.18906
-9.20672
-9.22439
-9.24206
-9.25973
-9.27740
-9.29506
-9.31273
-9.33040
-9.34807
-9.36573
-9.38340
-9.40107
-9.41873
-9.43640
-9.45406
-9.47173
-9.48939
-9.50706
-9.52472
-9.54238
-9.56005
-9.57771
-9.59537
-9.61304
-9.63070
-9.64836
-9.66602
-9.68368
-9.70134
-9.71900
-9.73666
-9.75431
-9.77197
-9.78963
-9.80729
-9.82495
-9.84261
-9.86027
-9.87793
-9.89558
-9.91324
-9.93090
-9.94855
-9.96621
-9.98387
-10.00152
-10.01918
-10.03683
-10.05449
-10.07214
-10.08979
-10.10745
-10.12510
-10.14275
-10.16041
-10.17806
-10.19571
-10.21336
-10.23101
-10.24866
-10.26632
-10.28397
-10.30162
-10.31926
-10.33691
-10.35456
-10.37220
-10.38985
-10.40750
-10.42515
-10.44280
-10.46044
-10.47809
-10.49574
-10.51338
-10.53103
-10.54868
-10.56632
-10.58397
-10.60161
-10.61926
-10.63690
-10.65454
-10.67219
-10.68983
-10.70747
-10.72512
-10.74276
-10.76040
-10.77804
-10.79568
-10.81332
-10.83097
-10.84861
-10.86624
-10.88388
-10.90151
-10.91915
-10.93679
-10.95443
-10.97207
-10.98971
-11.00735
-11.02498
-11.04262
-11.06026
-11.07789
-11.09553
-11.11316
-11.13080
-11.14843
-11.16607
-11.18370
-11.20134
-11.21897
-11.23660
-11.25424
-11.27187
-11.28950
-11.30714
-11.32477
-11.34240
-11.36003
-11.37766
-11.39529
-11.41292
-11.43054
-11.44817
-11.46580
-11.48343
-11.50106
-11.51869
-11.53632
-11.55394
-11.57157
-11.58920
-11.60683
-11.62445
-11.64208
-11.65970
-11.67733
-11.69495
-11.71258
-11.73020
-11.74783
-11.76545
-11.78308
-11.80070
-11.81832
-11.83595
-11.85357
-11.87119
-11.88881
-11.90643
-11.92406
-11.94168
-11.95930
-11.97692
-11.99453
-12.01215
-12.02977
-12.04738
-12.06500
-12.08262
-12.10024
-12.11786
-12.13548
-12.15309
-12.17071
-12.18833
-12.20594
-12.22356
-12.24117
-12.25879
-12.27640
-12.29402
-12.31163
-12.32925
-12.34686
-12.36447
-12.38209
-12.39970
-12.41731
-12.43492
-12.45254
-12.47015
-12.48776
-12.50537
-12.52298
-12.54059
-12.55819
-12.57580
-12.59341
-12.61102
-12.62863
-12.64623
-12.66384
-12.68145
-12.69906
-12.71666
-12.73427
-12.75188
-12.76948
-12.78709
-12.80470
-12.82230
-12.83991
-12.85751
-12.87511
-12.89272
-12.91032
-12.92792
-12.94553
-12.96313
-12.98073
-12.99834
-13.01594
-13.03354
-13.05114
-13.06874
-13.08634
-13.10393
-13.12153
-13.13913
-13.15673
-13.17433
-13.19193
-13.20952
-13.22712
-13.24472
-13.26232
-13.27991
-13.29751
-13.31511
-13.33270
-13.35030
-13.36790
-13.38549
-13.40309
-13.42068
-13.43827
-13.45587
-13.47346
-13.49105
-13.50865
-13.52624
-13.54383
-13.56142
-13.57902
-13.59661
-13.61420
-13.63179
-13.64938
-13.66696
-13.68455
-13.70214
-13.71973
-13.73732
-13.75490
-13.77249
-13.79008
-13.80767
-13.82526
-13.84284
-13.86043
-13.87802
-13.89560
-13.91319
-13.93077
-13.94836
-13.96594
-13.98353
-14.00111
-14.01870
-14.03628
-14.05386
-14.07145
-14.08903
-14.10661
-14.12419
-14.14177
-14.15936
-14.17694
-14.19452
-14.21210
-14.22966
-14.24725
-14.26483
-14.28240
-14.29998
-14.31756
-14.33514
-14.35272
-14.37030
-14.38787
-14.40545
-14.42303
-14.44060
-14.45818
-14.47576
-14.49333
-14.51091
-14.52848
-14.54605
-14.56363
-14.58120
-14.59878
-14.61635
-14.63392
-14.65150
-14.66907
-14.68664
-14.70421
-14.72178
-14.73935
-14.75692
-14.77449
-14.79205
-14.80962
-14.82719
-14.84476
-14.86233
-14.87990
-14.89747
-14.91503
-14.93260
-14.95017
-14.96774
-14.98530
-15.00287
-15.02044
-15.03800
-15.05557
-15.07313
-15.09070
-15.10826
-15.12582
-15.14339
-15.16095
-15.17852
-15.19608
-15.21364
-15.23120
-15.24876
-15.26633
-15.28389
-15.30145
-15.31901
-15.33657
-15.35412
-15.37168
-15.38924
-15.40680
-15.42436
-15.44191
-15.45947
-15.47703
-15.49459
-15.51214
-15.52970
-15.54726
-15.56481
-15.58237
-15.59993
-15.61748
-15.63504
-15.65259
-15.67015
-15.68770
-15.70525
-15.72281
-15.74036
-15.75791
-15.77547
-15.79302
-15.81057
-15.82812
-15.84567
-15.86322
-15.88077
-15.89832
-15.91586
-15.93341
-15.95096
-15.96851
-15.98606
-16.00361
-16.02116
-16.03870
-16.05625
-16.07380
-16.09135
-16.10889
-16.12644
-16.14398
-16.16153
-16.17908
-16.19662
-16.21417
-16.23171
-16.24925
-16.26680
-16.28434
-16.30188
-16.31943
-16.33697
-16.35451
-16.37205
-16.38960
-16.40714
-16.42468
-16.44222
-16.45975
-16.47729
-16.49483
-16.51237
-16.52990
-16.54744
-16.56498
-16.58252
-16.60006
-16.61760
-16.63513
-16.65267
-16.67021
-16.68774
-16.70528
-16.72281
-16.74035
-16.75788
-16.77542
-16.79295
-16.81049
-16.82802
-16.84555
-16.86309
-16.88062
-16.89815
-16.91569
-16.93322
-16.95075
-16.96828
-16.98581
-17.00334
-17.02086
-17.03839
-17.05592
-17.07345
-17.09098
-17.10851
-17.12603
-17.14356
-17.16109
-17.17862
-17.19615
-17.21367
-17.23120
-17.24873
-17.26625
-17.28378
-17.30130
-17.31883
-17.33635
-17.35388
-17.37140
-17.38892
-17.40645
-17.42397
-17.44149
-17.45902
-17.47654
-17.49406
-17.51158
-17.52910
-17.54662
-17.56414
-17.58165
-17.59917
-17.61669
-17.63421
-17.65173
-17.66925
-17.68677
-17.70429
-17.72180
-17.73932
-17.75684
-17.77436
-17.79187
-17.80939
-17.82690
-17.84442
-17.86193
-17.87945
-17.89696
-17.91448
-17.93199
-17.94951
-17.96702
-17.98453
-18.00205
-18.01956
-18.03707
-18.05458
-18.07209
-18.08961
-18.10712
-18.12463
-18.14212
-18.15964
-18.17714
-18.19465
-18.21216
-18.22967
-18.24718
-18.26469
-18.28220
-18.29970
-18.31721
-18.33472
-18.35222
-18.36973
-18.38724
-18.40474
-18.42225
-18.43975
-18.45726
-18.47476
-18.49227
-18.50977
-18.52727
-18.54478
-18.56228
-18.57978
-18.59728
-18.61479
-18.63229
-18.64979
-18.66729
-18.68479
-18.70228
-18.71978
-18.73728
-18.75478
-18.77228
-18.78977
-18.80727
-18.82477
-18.84227
-18.85977
-18.87726
-18.89476
-18.91226
-18.92975
-18.94725
-18.96475
-18.98224
-18.99974
-19.01723
-19.03472
-19.05222
-19.06971
-19.08721
-19.10470
-19.12219
-19.13968
-19.15718
-19.17467
-19.19216
-19.20965
-19.22714
-19.24463
-19.26212
-19.27961
-19.29710
-19.31459
-19.33208
-19.34957
-19.36706
-19.38455
-19.40204
-19.41952
-19.43701
-19.45450
-19.47198
-19.48947
-19.50696
-19.52444
-19.54193
-19.55941
-19.57690
-19.59438
-19.61187
-19.62935
-19.64683
-19.66432
-19.68180
-19.69928
-19.71676
-19.73425
-19.75173
-19.76921
-19.78669
-19.80417
-19.82165
-19.83913
-19.85661
-19.87409
-19.89157
-19.90905
-19.92653
-19.94400
-19.96148
-19.97896
-19.99644
-20.01391
-20.03139
-20.04887
-20.06634
-20.08382
-20.10129
-20.11877
-20.13624
-20.15372
-20.17119
-20.18867
-20.20614
-20.22361
-20.24109
-20.25856
-20.27603
-20.29350
-20.31097
-20.32845
-20.34592
-20.36339
-20.38086
-20.39833
-20.41580
-20.43327
-20.45074
-20.46821
-20.48567
-20.50314
-20.52061
-20.53808
-20.55555
-20.57301
-20.59048
-20.60795
-20.62541
-20.64288
-20.66034
-20.67781
-20.69527
-20.71274
-20.73020
-20.74766
-20.76513
-20.78259
-20.80005
-20.81752
-20.83498
-20.85244
-20.86990
-20.88736
-20.90483
-20.92229
-20.93975
-20.95721
-20.97467
-20.99213
-21.00959
-21.02704
-21.04450
-21.06196
-21.07942
-21.09688
-21.11433
-21.13179
-21.14925
-21.16670
-21.18416
-21.20162
-21.21907
-21.23653
-21.25398
-21.27144
-21.28889
-21.30634
-21.32380
-21.34125
-21.35870
-21.37616
-21.39361
-21.41106
-21.42851
-21.44596
-21.46342
-21.48087
-21.49832
-21.51577
-21.53322
-21.55067
-21.56811
-21.58556
-21.60301
-21.62046
-21.63791
-21.65536
-21.67280
-21.69025
-21.70770
-21.72514
-21.74259
-21.76004
-21.77748
-21.79493
-21.81237
-21.82982
-21.84726
-21.86470
-21.88215
-21.89959
-21.91702
-21.93446
-21.95191
-21.96935
-21.98679
-22.00423
-22.02167
-22.03911
-22.05655
-22.07399
-22.09143
-22.10887
-22.12631
-22.14375
-22.16119
-22.17863
-22.19607
-22.21350
-22.23094
-22.24838
-22.26582
-22.28325
-22.30069
-22.31812
-22.33556
-22.35299
-22.37043
-22.38786
-22.40530
-22.42273
-22.44017
-22.45760
-22.47503
-22.49247
-22.50990
-22.52733
-22.54476
-22.56219
-22.57962
-22.59706
-22.61449
-22.63192
-22.64935
-22.66678
-22.68420
-22.70163
-22.71906
-22.73649
-22.75392
-22.77135
-22.78877
-22.80620
-22.82363
-22.84106
-22.85848
-22.87591
-22.89333
-22.91076
-22.92818
-22.94561
-22.96303
-22.98046
-22.99788
-23.01530
-23.03273
-23.05015
-23.06757
-23.08499
-23.10242
-23.11984
-23.13726
-23.15468
-23.17210
-23.18952
-23.20694
-23.22436
-23.24178
-23.25920
-23.27662
-23.29404
-23.31145
-23.32887
-23.34629
-23.36371
-23.38112
-23.39854
-23.41596
-23.43337
-23.45079
-23.46820
-23.48562
-23.50303
-23.52045
-23.53786
-23.55528
-23.57269
-23.59010
-23.60751
-23.62493
-23.64234
-23.65975
-23.67716
-23.69457
-23.71199
-23.72940
-23.74681
-23.76422
-23.78163
-23.79904
-23.81644
-23.83385
-23.85126
-23.86867
-23.88608
-23.90349
-23.92089
-23.93830
-23.95571
-23.97311
-23.99052
-24.00793
-24.02533
-24.04274
-24.06014
-24.07754
-24.09495
-24.11235
-24.12976
-24.14716
-24.16456
-24.18197
-24.19937
-24.21677
-24.23417
-24.25157
-24.26897
-24.28637
-24.30377
-24.32117
-24.33857
-24.35597
-24.37337
-24.39077
-24.40817
-24.42557
-24.44297
-24.46036
-24.47776
-24.49516
-24.51256
-24.52995
-24.54735
-24.56474
-24.58214
-24.59953
-24.61693
-24.63432
-24.65172
-24.66911
-24.68651
-24.70390
-24.72129
-24.73869
-24.75608
-24.77347
-24.79086
-24.80825
-24.82564
-24.84303
-24.86042
-24.87782
-24.89521
-24.91259
-24.92998
-24.94737
-24.96476
-24.98215
-24.99954
-25.01693
-25.03431
-25.05170
-25.06909
-25.08647
-25.10386
-25.12125
-25.13863
-25.15602
-25.17340
-25.19079
-25.20817
-25.22555
-25.24294
-25.26032
-25.27770
-25.29509
-25.31247
-25.32985
-25.34723
-25.36462
-25.38200
-25.39938
-25.41676
-25.43414
-25.45152
-25.46890
-25.48628
-25.50366
-25.52103
-25.53841
-25.55579
-25.57317
-25.59055
-25.60792
-25.62530
-25.64268
-25.66005
-25.67743
-25.69481
-25.71218
-25.72956
-25.74693
-25.76430
-25.78168
-25.79905
-25.81643
-25.83380
-25.85117
-25.86854
-25.88592
-25.90329
-25.92066
-25.93803
-25.95540
-25.97277
-25.99014
-26.00751
-26.02488
-26.04225
-26.05962
-26.07699
-26.09436
-26.11173
-26.12910
-26.14646
-26.16383
-26.18120
-26.19856
-26.21593
-26.23330
-26.25066
-26.26803
-26.28539
-26.30274
-26.32011
-26.33747
-26.35484
-26.37220
-26.38956
-26.40693
-26.42429
-26.44165
-26.45901
-26.47637
-26.49374
-26.51110
-26.52846
-26.54582
-26.56318
-26.58054
-26.59790
-26.61524
-26.63260
-26.64996
-26.66732
-26.68468
-26.70203
-26.71939
-26.73675
-26.75410
-26.77146
-26.78882
-26.80617
-26.82353
-26.84088
-26.85824
-26.87559
-26.89295
-26.91030
-26.92765
-26.94499
-26.96235
-26.97970
-26.99705
-27.01440
-27.03176
-27.04911
-27.06646
-27.08381
-27.10116
-27.11851
-27.13586
-27.15321
-27.17056
-27.18791
-27.20526
-27.22260
-27.23995
-27.25728
-27.27463
-27.29198
-27.30933
-27.32667
-27.34402
-27.36137
-27.37871
-27.39606
-27.41340
-27.43075
-27.44809
-27.46543
-27.48278
-27.50012
-27.51746
-27.53481
-27.55215
-27.56949
-27.58682
-27.60416
-27.62150
-27.63884
-27.65618
-27.67352
-27.69086
-27.70820
-27.72554
-27.74288
-27.76022
-27.77756
-27.79490
-27.81224
-27.82957
-27.84691
-27.86425
-27.88158
-27.89890
-27.91624
-27.93358
-27.95091
-27.96825
-27.98558
-28.00292
-28.02025
-28.03759
-28.05492
-28.07225
-28.08959
-28.10692
-28.12425
-28.14158
-28.15891
-28.17624
-28.19358
-28.21091
-28.22822
-28.24555
-28.26288
-28.28021
-28.29754
-28.31487
-28.33220
-28.34953
-28.36685
-28.38418
-28.40151
-28.41884
-28.43616
-28.45349
-28.47082
-28.48814
-28.50547
-28.52279
-28.54011
-28.55743
-28.57475
-28.59208
-28.60940
-28.62672
-28.64405
-28.66137
-28.67869
-28.69601
-28.71333
-28.73066
-28.74798
-28.76530
-28.78262
-28.79994
-28.81726
-28.83458
-28.85190
-28.86920
-28.88652
-28.90384
-28.92116
-28.93847
-28.95579
-28.97311
-28.99043
-29.00774
-29.02506
-29.04238
-29.05969
-29.07701
-29.09432
-29.11164
-29.12895
-29.14626
-29.16358
-29.18089
-29.19819
-29.21550
-29.23281
-29.25013
-29.26744
-29.28475
-29.30206
-29.31937
-29.33668
-29.35399
-29.37130
-29.38861
-29.40592
-29.42323
-29.44054
-29.45785
-29.47516
-29.49247
-29.50977
-29.52707
-29.54437
-29.56168
-29.57899
-29.59629
-29.61360
-29.63090
-29.64821
-29.66551
-29.68282
-29.70012
-29.71743
-29.73473
-29.75203
-29.76934
-29.78664
-29.80394
-29.82124
-29.83853
-29.85583
-29.87313
-29.89043
-29.90773
-29.92503
-29.94233
-29.95963
-29.97693
-29.99423
-30.01153
-30.02883
-30.04613
-30.06342
-30.08072
-30.09802
-30.11531
-30.13261
-30.14991
-30.16718
-30.18448
-30.20178
-30.21907
-30.23637
-30.25366
-30.27096
-30.28825
-30.30554
-30.32284
-30.34013
-30.35742
-30.37471
-30.39201
-30.40930
-30.42659
-30.44388
-30.46117
-30.47846
-30.49573
-30.51303
-30.53031
-30.54760
-30.56489
-30.58218
-30.59947
-30.61676
-30.63405
-30.65133
-30.66862
-30.68591
-30.70319
-30.72048
-30.73776
-30.75505
-30.77233
-30.78962
-30.80690
-30.82417
-30.84146
-30.85874
-30.87602
-30.89331
-30.91059
-30.92787
-30.94515
-30.96243
-30.97972
-30.99700
-31.01428
-31.03156
-31.04884
-31.06612
-31.08340
-31.10068
-31.11796
-31.13523
-31.15250
-31.16978
-31.18705
-31.20433
-31.22161
-31.23888
-31.25616
-31.27344
-31.29071
-31.30799
-31.32526
-31.34254
-31.35981
-31.37709
-31.39436
-31.41163
-31.42891
-31.44618
-31.46344
-31.48071
-31.49798
-31.51526
-31.53253
-31.54980
-31.56707
-31.58434
-31.60161
-31.61888
-31.63615
-31.65342
-31.67069
-31.68796
-31.70523
-31.72249
-31.73976
-31.75703
-31.77430
-31.79155
-31.80881
-31.82608
-31.84335
-31.86061
-31.87788
-31.89514
-31.91241
-31.92967
-31.94694
-31.96420
-31.98146
-31.99873
-32.01599
-32.03325
-32.05051
-32.06778
-32.08504
-32.10230
-32.11954
-32.13681
-32.15407
-32.17132
-32.18857
-32.20583
-32.22309
-32.24035
-32.25761
-32.27486
-32.29212
-32.30938
-32.32664
-32.34390
-32.36115
-32.37841
-32.39566
-32.41292
-32.43018
-32.44743
-32.46469
-32.48194
-32.49918
-32.51643
-32.53369
-32.55094
-32.56819
-32.58545
-32.60270
-32.61995
-32.63720
-32.65445
-32.67171
-32.68896
-32.70621
-32.72346
-32.74071
-32.75796
-32.77521
-32.79245
-32.80970
-32.82694
-32.84419
-32.86143
-32.87868
-32.89593
-32.91317
-32.93042
-32.94767
-32.96491
-32.98216
-32.99940
-33.01665
-33.03389
-33.05114
-33.06838
-33.08563
-33.10287
-33.12011
-33.13736
-33.15459
-33.17183
-33.18907
-33.20631
-33.22355
-33.24079
-33.25803
-33.27527
-33.29251
-33.30975
-33.32699
-33.34423
-33.36147
-33.37871
-33.39595
-33.41318
-33.43042
-33.44766
-33.46490
-33.48213
-33.49935
-33.51659
-33.53383
-33.55106
-33.56830
-33.58553
-33.60277
-33.62000
-33.63724
-33.65447
-33.67170
-33.68894
-33.70617
-33.72340
-33.74063
-33.75786
-33.77510
-33.79233
-33.80956
-33.82677
-33.84400
-33.86123
-33.87846
-33.89569
-33.91292
-33.93015
-33.94738
-33.96461
-33.98184
-33.99906
-34.01629
-34.03352
-34.05074
-34.06797
-34.08520
-34.10242
-34.11965
-34.13687
-34.15408
-34.17131
-34.18853
-34.20575
-34.22298
-34.24020
-34.25742
-34.27465
-34.29187
-34.30909
-34.32631
-34.34353
-34.36075
-34.37798
-34.39520
-34.41242
-34.42964
-34.44685
-34.46407
-34.48128
-34.49850
-34.51571
-34.53291
-34.55013
-34.56735
-34.58457
-34.60179
-34.61900
-34.63622
-34.65343
-34.67065
-34.68787
-34.70508
-34.72230
-34.73951
-34.75672
-34.77394
-34.79115
-34.80836
-34.82558
-34.84279
-34.85998
-34.87720
-34.89441
-34.91162
-34.92883
-34.94604
-34.96325
-34.98046
-34.99767
-35.01488
-35.03209
-35.04930
-35.06651
-35.08372
-35.10092
-35.11813
-35.13534
-35.15254
-35.16975
-35.18694
-35.20415
-35.22135
-35.23856
-35.25576
-35.27297
-35.29017
-35.30738
-35.32458
-35.34179
-35.35899
-35.37619
-35.39340
-35.41060
-35.42780
-35.44500
-35.46220
-35.47940
-35.49660
-35.51380
-35.53099
-35.54819
-35.56539
-35.58259
-35.59979
-35.61699
-35.63418
-35.65138
-35.66858
-35.68578
-35.70298
-35.72017
-35.73737
-35.75456
-35.77176
-35.78896
-35.80615
-35.82335
-35.84054
-35.85772
-35.87491
-35.89211
-35.90930
-35.92649
-35.94369
-35.96088
-35.97807
-35.99526
-36.01246
-36.02965
-36.04684
-36.06403
-36.08122
-36.09841
-36.11560
-36.13279
-36.14998
-36.16717
-36.18433
-36.20153
-36.21872
-36.23588
-36.25308
-36.27026
-36.28745
-36.30463
-36.32182
-36.33901
-36.35619
-36.37338
-36.39056
-36.40775
-36.42493
-36.44212
-36.45930
-36.47648
-36.49366
-36.51085
-36.52803
-36.54521
-36.56239
-36.57956
-36.59674
-36.61392
-36.63110
-36.64828
-36.66546
-36.68264
-36.69982
-36.71700
-36.73418
-36.75136
-36.76854
-36.78571
-36.80289
-36.82007
-36.83725
-36.85442
-36.87160
-36.88877
-36.90593
-36.92311
-36.94028
-36.95746
-36.97463
-36.99181
-37.00898
-37.02616
-37.04333
-37.06050
-37.07768
-37.09485
-37.11202
-37.12919
-37.14636
-37.16353
-37.18070
-37.19787
-37.21504
-37.23219
-37.24937
-37.26654
-37.28371
-37.30088
-37.31804
-37.33521
-37.35238
-37.36955
-37.38671
-37.40388
-37.42105
-37.43821
-37.45538
-37.47255
-37.48971
-37.50687
-37.52404
-37.54120
-37.55835
-37.57552
-37.59268
-37.60984
-37.62699
-37.64415
-37.66131
-37.67848
-37.69564
-37.71280
-37.72996
-37.74712
-37.76428
-37.78144
-37.79860
-37.81576
-37.83292
-37.85008
-37.86724
-37.88440
-37.90155
-37.91871
-37.93587
-37.95301
-37.97017
-37.98732
-38.00448
-38.02163
-38.03879
-38.05595
-38.07310
-38.09026
-38.10741
-38.12456
-38.14172
-38.15887
-38.17602
-38.19318
-38.21033
-38.22748
-38.24463
-38.26178
-38.27892
-38.29607
-38.31322
-38.33037
-38.34752
-38.36467
-38.38182
-38.39897
-38.41612
-38.43327
-38.45041
-38.46756
-38.48471
-38.50186
-38.51900
-38.53615
-38.55330
-38.57044
-38.58759
-38.60473
-38.62186
-38.63901
-38.65615
-38.67330
-38.69044
-38.70758
-38.72473
-38.74187
-38.75901
-38.77616
-38.79330
-38.81044
-38.82758
-38.84472
-38.86186
-38.87900
-38.89614
-38.91328
-38.93042
-38.94754
-38.96469
-38.98182
-38.99895
-39.01609
-39.03322
-39.05036
-39.06750
-39.08463
-39.10177
-39.11891
-39.13604
-39.15318
-39.17031
-39.18745
-39.20458
-39.22172
-39.23885
-39.25598
-39.27312
-39.29025
-39.30738
-39.32452
-39.34163
-39.35876
-39.37590
-39.39303
-39.41016
-39.42729
-39.44442
-39.46155
-39.47868
-39.49581
-39.51294
-39.53007
-39.54720
-39.56432
-39.58145
-39.59858
-39.61571
-39.63283
-39.64996
-39.66707
-39.68420
-39.70132
-39.71845
-39.73557
-39.75270
-39.76982
-39.78695
-39.80407
-39.82120
-39.83832
-39.85544
-39.87257
-39.88969
-39.90681
-39.92393
-39.94105
-39.95817
-39.97530
-39.99241
-40.00952
-40.02664
-40.04376
-40.06088
-40.07800
-40.09512
-40.11224
-40.12936
-40.14647
-40.16359
-40.18071
-40.19783
-40.21494
-40.23206
-40.24917
-40.26629
-40.28340
-40.30052
-40.31763
-40.33473
-40.35185
-40.36896
-40.38606
-40.40317
-40.42029
-40.43740
-40.45451
-40.47162
-40.48874
-40.50585
-40.52296
-40.54007
-40.55718
-40.57429
-40.59140
-40.60851
-40.62562
-40.64273
-40.65984
-40.67694
-40.69405
-40.71116
-40.72825
-40.74536
-40.76247
-40.77957
-40.79668
-40.81379
-40.83089
-40.84800
-40.86510
-40.88221
-40.89931
-40.91642
-40.93352
-40.95062
-40.96773
-40.98483
-41.00193
-41.01903
-41.03613
-41.05322
-41.07032
-41.08742
-41.10452
-41.12163
-41.13873
-41.15583
-41.17293
-41.19002
-41.20712
-41.22422
-41.24132
-41.25842
-41.27552
-41.29261
-41.30971
-41.32681
-41.34390
-41.36100
-41.37810
-41.39517
-41.41227
-41.42937
-41.44644
-41.46354
-41.48063
-41.49773
-41.51482
-41.53191
-41.54901
-41.56610
-41.58319
-41.60028
-41.61738
-41.63447
-41.65156
-41.66865
-41.68574
-41.70283
-41.71992
-41.73701
-41.75410
-41.77118
-41.78826
-41.80535
-41.82244
-41.83952
-41.85661
-41.87370
-41.89078
-41.90787
-41.92496
-41.94204
-41.95913
-41.97621
-41.99330
-42.01038
-42.02747
-42.04455
-42.06164
-42.07872
-42.09580
-42.11286
-42.12995
-42.14703
-42.16412
-42.18120
-42.19828
-42.21536
-42.23244
-42.24952
-42.26660
-42.28368
-42.30076
-42.31784
-42.33492
-42.35200
-42.36907
-42.38615
-42.40323
-42.42031
-42.43738
-42.45445
-42.47152
-42.48860
-42.50565
-42.52273
-42.53981
-42.55688
-42.57396
-42.59103
-42.60811
-42.62518
-42.64225
-42.65933
-42.67640
-42.69347
-42.71054
-42.72762
-42.74469
-42.76176
-42.77883
-42.79590
-42.81297
-42.83003
-42.84710
-42.86416
-42.88123
-42.89830
-42.91537
-42.93244
-42.94951
-42.96657
-42.98364
-43.00071
-43.01778
-43.03484
-43.05191
-43.06897
-43.08604
-43.10310
-43.12017
-43.13723
-43.15430
-43.17134
-43.18841
-43.20547
-43.22254
-43.23960
-43.25666
-43.27372
-43.29079
-43.30785
-43.32491
-43.34197
-43.35903
-43.37609
-43.39315
-43.41021
-43.42727
-43.44433
-43.46139
-43.47844
-43.49550
-43.51255
-43.52960
-43.54666
-43.56370
-43.58076
-43.59781
-43.61487
-43.63193
-43.64898
-43.66604
-43.68309
-43.70015
-43.71720
-43.73425
-43.75131
-43.76836
-43.78541
-43.80247
-43.81952
-43.83657
-43.85362
-43.87067
-43.88771
-43.90476
-43.92181
-43.93886
-43.95591
-43.97296
-43.99001
-44.00706
-44.02411
-44.04116
-44.05820
-44.07525
-44.09230
-44.10935
-44.12639
-44.14344
-44.16049
-44.17753
-44.19458
-44.21162
-44.22865
-44.24570
-44.26274
-44.27979
-44.29683
-44.31387
-44.33092
-44.34796
-44.36500
-44.38205
-44.39909
-44.41613
-44.43317
-44.45021
-44.46725
-44.48429
-44.50133
-44.51837
-44.53541
-44.55245
-44.56947
-44.58651
-44.60355
-44.62057
-44.63761
-44.65465
-44.67169
-44.68872
-44.70576
-44.72280
-44.73983
-44.75687
-44.77390
-44.79094
-44.80797
-44.82501
-44.84204
-44.85908
-44.87611
-44.89314
-44.91017
-44.92721
-44.94424
-44.96126
-44.97829
-44.99532
-45.01235
-45.02938
-45.04641
-45.06344
-45.08047
-45.09750
-45.11453
-45.13156
-45.14859
-45.16562
-45.18265
-45.19967
-45.21670
-45.23373
-45.25075
-45.26778
-45.28479
-45.30182
-45.31884
-45.33587
-45.35289
-45.36992
-45.38694
-45.40397
-45.42099
-45.43801
-45.45504
-45.47206
-45.48908
-45.50611
-45.52313
-45.54015
-45.55717
-45.57419
-45.59121
-45.60823
-45.62523
-45.64226
-45.65928
-45.67627
-45.69330
-45.71032
-45.72733
-45.74435
-45.76137
-45.77839
-45.79541
-45.81242
-45.82944
-45.84646
-45.86347
-45.88049
-45.89750
-45.91452
-45.93153
-45.94855
-45.96556
-45.98257
-45.99959
-46.01658
-46.03360
-46.05061
-46.06762
-46.08463
-46.10165
-46.11866
-46.13567
-46.15268
-46.16969
-46.18670
-46.20371
-46.22072
-46.23773
-46.25474
-46.27175
-46.28875
-46.30576
-46.32277
-46.33976
-46.35677
-46.37378
-46.39078
-46.40779
-46.42479
-46.44180
-46.45881
-46.47581
-46.49282
-46.50982
-46.52682
-46.54383
-46.56083
-46.57783
-46.59484
-46.61184
-46.62884
-46.64584
-46.66285
-46.67983
-46.69683
-46.71383
-46.73082
-46.74782
-46.76482
-46.78182
-46.79882
-46.81582
-46.83281
-46.84981
-46.86681
-46.88381
-46.90081
-46.91780
-46.93480
-46.95180
-46.96879
-46.98579
-47.00278
-47.01978
-47.03677
-47.05377
-47.07074
-47.08774
-47.10473
-47.12173
-47.13872
-47.15571
-47.17271
-47.18970
-47.20669
-47.22368
-47.24068
-47.25767
-47.27466
-47.29165
-47.30864
-47.32563
-47.34262
-47.35961
-47.37659
-47.39358
-47.41055
-47.42754
-47.44453
-47.46150
-47.47849
-47.49548
-47.51246
-47.52945
-47.54644
-47.56342
-47.58041
-47.59739
-47.61438
-47.63136
-47.64834
-47.66533
-47.68231
-47.69929
-47.71628
-47.73326
-47.75024
-47.76722
-47.78421
-47.80117
-47.81815
-47.83513
-47.85211
-47.86909
-47.88607
-47.90305
-47.92003
-47.93701
-47.95399
-47.97097
-47.98795
-48.00493
-48.02190
-48.03888
-48.05586
-48.07283
-48.08981
-48.10678
-48.12375
-48.14072
-48.15769
-48.17467
-48.19164
-48.20862
-48.22559
-48.24257
-48.25954
-48.27651
-48.29348
-48.31046
-48.32743
-48.34440
-48.36137
-48.37834
-48.39531
-48.41228
-48.42925
-48.44622
-48.46317
-48.48015
-48.49712
-48.51408
-48.53104
-48.54800
-48.56497
-48.58194
-48.59891
-48.61587
-48.63284
-48.64981
-48.66677
-48.68374
-48.70070
-48.71767
-48.73463
-48.75160
-48.76856
-48.78553
-48.80249
-48.81945
-48.83641
-48.85336
-48.87032
-48.88729
-48.90425
-48.92121
-48.93817
-48.95513
-48.97209
-48.98905
-49.00601
-49.02297
-49.03993
-49.05689
-49.07385
-49.09081
-49.10776
-49.12472
-49.14168
-49.15864
-49.17559
-49.19253
-49.20949
-49.22645
-49.24340
-49.26036
-49.27731
-49.29427
-49.31122
-49.32818
-49.34513
-49.36208
-49.37904
-49.39599
-49.41294
-49.42989
-49.44685
-49.46380
-49.48075
-49.49770
-49.51465
-49.53159
-49.54854
-49.56549
-49.58242
-49.59937
-49.61632
-49.63327
-49.65022
-49.66716
-49.68411
-49.70106
-49.71801
-49.73495
-49.75190
-49.76885
-49.78579
-49.80274
-49.81968
-49.83663
-49.85357
-49.87052
-49.88746
-49.90440
-49.92133
-49.93828
-49.95522
-49.97216
-49.98910
-50.00605
-50.02299
-50.03993
-50.05687
-50.07381
-50.09075
-50.10769
-50.12463
-50.14157
-50.15851
-50.17545
-50.19239
-50.20933
-50.22626
-50.24319
-50.26012
-50.27706
-50.29400
-50.31092
-50.32786
-50.34479
-50.36173
-50.37866
-50.39560
-50.41253
-50.42947
-50.44640
-50.46334
-50.48027
-50.49720
-50.51414
-50.53107
-50.54800
-50.56493
-50.58186
-50.59880
-50.61573
-50.63266
-50.64957
-50.66650
-50.68343
-50.70036
-50.71729
-50.73422
-50.75115
-50.76808
-50.78501
-50.80193
-50.81886
-50.83579
-50.85272
-50.86964
-50.88657
-50.90349
-50.92042
-50.93735
-50.95427
-50.97118
-50.98811
-51.00503
-51.02195
-51.03888
-51.05580
-51.07272
-51.08965
-51.10657
-51.12349
-51.14041
-51.15733
-51.17426
-51.19118
-51.20810
-51.22502
-51.24194
-51.25886
-51.27577
-51.29269
-51.30959
-51.32652
-51.34343
-51.36034
-51.37725
-51.39417
-51.41109
-51.42800
-51.44492
-51.46184
-51.47875
-51.49567
-51.51258
-51.52950
-51.54641
-51.56333
-51.58024
-51.59715
-51.61407
-51.63098
-51.64789
-51.66481
-51.68172
-51.69861
-51.71553
-51.73244
-51.74935
-51.76626
-51.78317
-51.80008
-51.81699
-51.83390
-51.85081
-51.86772
-51.88463
-51.90153
-51.91844
-51.93535
-51.95226
-51.96916
-51.98607
-52.00298
-52.01988
-52.03677
-52.05368
-52.07058
-52.08747
-52.10438
-52.12128
-52.13818
-52.15509
-52.17199
-52.18890
-52.20580
-52.22270
-52.23960
-52.25651
-52.27341
-52.29031
-52.30721
-52.32411
-52.34101
-52.35791
-52.37481
-52.39171
-52.40861
-52.42549
-52.44239
-52.45929
-52.47619
-52.49308
-52.50998
-52.52688
-52.54378
-52.56067
-52.57757
-52.59446
-52.61136
-52.62826
-52.64515
-52.66204
-52.67894
-52.69583
-52.71273
-52.72962
-52.74651
-52.76339
-52.78028
-52.79717
-52.81407
-52.83096
-52.84785
-52.86474
-52.88163
-52.89852
-52.91541
-52.93230
-52.94919
-52.96608
-52.98297
-52.99986
-53.01675
-53.03363
-53.05052
-53.06741
-53.08430
-53.10117
-53.11805
-53.13494
-53.15181
-53.16870
-53.18558
-53.20247
-53.21935
-53.23624
-53.25312
-53.27000
-53.28689
-53.30377
-53.32065
-53.33754
-53.35442
-53.37130
-53.38818
-53.40506
-53.42195
-53.43883
-53.45571
-53.47259
-53.48945
-53.50633
-53.52321
-53.54009
-53.55697
-53.57385
-53.59072
-53.60760
-53.62448
-53.64136
-53.65823
-53.67511
-53.69199
-53.70886
-53.72574
-53.74261
-53.75949
-53.77636
-53.79324
-53.81011
-53.82697
-53.84384
-53.86072
-53.87757
-53.89445
-53.91132
-53.92819
-53.94506
-53.96193
-53.97881
-53.99568
-54.01255
-54.02942
-54.04629
-54.06316
-54.08003
-54.09690
-54.11376
-54.13063
-54.14750
-54.16437
-54.18124
-54.19810
-54.21495
-54.23182
-54.24869
-54.26555
-54.28242
-54.29929
-54.31615
-54.33302
-54.34988
-54.36675
-54.38361
-54.40047
-54.41734
-54.43420
-54.45106
-54.46792
-54.48479
-54.50165
-54.51851
-54.53537
-54.55221
-54.56908
-54.58594
-54.60278
-54.61964
-54.63650
-54.65336
-54.67022
-54.68708
-54.70394
-54.72079
-54.73765
-54.75451
-54.77137
-54.78822
-54.80508
-54.82193
-54.83879
-54.85565
-54.87250
-54.88936
-54.90621
-54.92306
-54.93990
-54.95676
-54.97361
-54.99046
-55.00732
-55.02417
-55.04102
-55.05787
-55.07473
-55.09158
-55.10843
-55.12528
-55.14213
-55.15898
-55.17583
-55.19268
-55.20953
-55.22638
-55.24322
-55.26007
-55.27690
-55.29375
-55.31060
-55.32745
-55.34429
-55.36114
-55.37799
-55.39483
-55.41168
-55.42853
-55.44537
-55.46222
-55.47906
-55.49590
-55.51275
-55.52959
-55.54643
-55.56328
-55.58012
-55.59695
-55.61379
-55.63063
-55.64747
-55.66429
-55.68114
-55.69798
-55.71482
-55.73166
-55.74850
-55.76534
-55.78218
-55.79901
-55.81585
-55.83269
-55.84953
-55.86637
-55.88320
-55.90004
-55.91688
-55.93371
-55.95055
-55.96738
-55.98422
-56.00104
-56.01787
-56.03471
-56.05154
-56.06838
-56.08521
-56.10204
-56.11888
-56.13571
-56.15254
-56.16938
-56.18621
-56.20304
-56.21987
-56.23670
-56.25353
-56.27036
-56.28719
-56.30402
-56.32085
-56.33766
-56.35449
-56.37132
-56.38813
-56.40496
-56.42179
-56.43862
-56.45544
-56.47227
-56.48910
-56.50592
-56.52275
-56.53957
-56.55640
-56.57322
-56.59005
-56.60687
-56.62370
-56.64052
-56.65734
-56.67417
-56.69099
-56.70781
-56.72462
-56.74144
-56.75826
-56.77508
-56.79190
-56.80873
-56.82555
-56.84237
-56.85919
-56.87601
-56.89283
-56.90964
-56.92646
-56.94328
-56.96010
-56.97692
-56.99373
-57.01055
-57.02737
-57.04418
-57.06098
-57.07780
-57.09462
-57.11141
-57.12823
-57.14504
-57.16186
-57.17867
-57.19549
-57.21230
-57.22911
-57.24593
-57.26274
-57.27955
-57.29636
-57.31318
-57.32999
-57.34680
-57.36361
-57.38042
-57.39723
-57.41404
-57.43085
-57.44764
-57.46445
-57.48126
-57.49807
-57.51488
-57.53168
-57.54849
-57.56530
-57.58211
-57.59891
-57.61572
-57.63253
-57.64933
-57.66614
-57.68294
-57.69975
-57.71655
-57.73335
-57.75016
-57.76696
-57.78375
-57.80055
-57.81736
-57.83416
-57.85096
-57.86776
-57.88456
-57.90137
-57.91817
-57.93497
-57.95177
-57.96857
-57.98537
-58.00217
-58.01897
-58.03576
-58.05256
-58.06936
-58.08616
-58.10295
-58.11974
-58.13653
-58.15333
-58.17011
-58.18691
-58.20370
-58.22050
-58.23729
-58.25409
-58.27089
-58.28768
-58.30447
-58.32127
-58.33806
-58.35485
-58.37165
-58.38844
-58.40523
-58.42202
-58.43881
-58.45561
-58.47240
-58.48919
-58.50596
-58.52275
-58.53954
-58.55633
-58.57312
-58.58991
-58.60670
-58.62349
-58.64028
-58.65706
-58.67385
-58.69064
-58.70743
-58.72421
-58.74100
-58.75778
-58.77457
-58.79135
-58.80814
-58.82492
-58.84169
-58.85848
-58.87526
-58.89202
-58.90881
-58.92559
-58.94238
-58.95916
-58.97594
-58.99272
-59.00951
-59.02629
-59.04307
-59.05985
-59.07663
-59.09341
-59.11019
-59.12697
-59.14375
-59.16052
-59.17730
-59.19408
-59.21086
-59.22762
-59.24440
-59.26118
-59.27795
-59.29473
-59.31150
-59.32828
-59.34506
-59.36183
-59.37861
-59.39538
-59.41216
-59.42893
-59.44570
-59.46248
-59.47925
-59.49602
-59.51279
-59.52957
-59.54634
-59.56309
-59.57987
-59.59664
-59.61339
-59.63016
-59.64693
-59.66370
-59.68047
-59.69724
-59.71401
-59.73078
-59.74755
-59.76431
-59.78108
-59.79785
-59.81462
-59.83138
-59.84815
-59.86492
-59.88168
-59.89845
-59.91521
-59.93198
-59.94872
-59.96549
-59.98225
-59.99902
-60.01578
-60.03255
-60.04931
-60.06607
-60.08283
-60.09960
-60.11636
-60.13312
-60.14988
-60.16664
-60.18340
-60.20016
-60.21692
-60.23368
-60.25044
-60.26720
-60.28394
-60.30070
-60.31746
-60.33420
-60.35096
-60.36772
-60.38447
-60.40123
-60.41799
-60.43474
-60.45150
-60.46825
-60.48501
-60.50176
-60.51852
-60.53527
-60.55203
-60.56878
-60.58553
-60.60229
-60.61904
-60.63579
-60.65254
-60.66928
-60.68603
-60.70278
-60.71953
-60.73628
-60.75303
-60.76978
-60.78653
-60.80328
-60.82003
-60.83678
-60.85353
-60.87028
-60.88703
-60.90377
-60.92052
-60.93727
-60.95401
-60.97076
-60.98751
-61.00423
-61.02098
-61.03773
-61.05447
-61.07122
-61.08796
-61.10471
-61.12145
-61.13820
-61.15494
-61.17168
-61.18842
-61.20517
-61.22191
-61.23865
-61.25539
-61.27213
-61.28887
-61.30561
-61.32235
-61.33907
-61.35582
-61.37256
-61.38928
-61.40602
-61.42276
-61.43949
-61.45623
-61.47297
-61.48971
-61.50645
-61.52318
-61.53992
-61.55665
-61.57339
-61.59013
-61.60686
-61.62360
-61.64033
-61.65706
-61.67380
-61.69053
-61.70726
-61.72398
-61.74072
-61.75745
-61.77418
-61.79091
-61.80764
-61.82437
-61.84111
-61.85784
-61.87457
-61.89130
-61.90803
-61.92476
-61.94149
-61.95821
-61.97494
-61.99167
-62.00840
-62.02513
-62.04185
-62.05856
-62.07529
-62.09202
-62.10874
-62.12545
-62.14218
-62.15890
-62.17563
-62.19235
-62.20908
-62.22580
-62.24253
-62.25925
-62.27597
-62.29270
-62.30942
-62.32614
-62.34286
-62.35959
-62.37631
-62.39303
-62.40975
-62.42647
-62.44318
-62.45989
-62.47661
-62.49333
-62.51005
-62.52677
-62.54349
-62.56021
-62.57693
-62.59364
-62.61036
-62.62708
-62.64379
-62.66051
-62.67723
-62.69394
-62.71066
-62.72737
-62.74409
-62.76080
-62.77750
-62.79421
-62.81093
-62.82764
-62.84434
-62.86105
-62.87776
-62.89448
-62.91119
-62.92790
-62.94461
-62.96132
-62.97803
-62.99474
-63.01145
-63.02816
-63.04487
-63.06158
-63.07829
-63.09500
-63.11171
-63.12841
-63.14512
-63.16183
-63.17852
-63.19523
-63.21193
-63.22864
-63.24535
-63.26205
-63.27876
-63.29546
-63.31217
-63.32887
-63.34558
-63.36228
-63.37898
-63.39569
-63.41239
-63.42909
-63.44579
-63.46250
-63.47920
-63.49590
-63.51258
-63.52929
-63.54599
-63.56267
-63.57937
-63.59607
-63.61277
-63.62947
-63.64617
-63.66287
-63.67957
-63.69626
-63.71296
-63.72966
-63.74636
-63.76305
-63.77975
-63.79644
-63.81314
-63.82983
-63.84653
-63.86322
-63.87992
-63.89659
-63.91329
-63.92999
-63.94668
-63.96337
-63.98007
-63.99676
-64.01345
-64.03014
-64.04683
-64.06353
-64.08022
-64.09691
-64.11360
-64.13029
-64.14698
-64.16367
-64.18036
-64.19704
-64.21373
-64.23040
-64.24709
-64.26378
-64.28045
-64.29714
-64.31383
-64.33051
-64.34720
-64.36389
-64.38057
-64.39726
-64.41394
-64.43063
-64.44731
-64.46400
-64.48068
-64.49736
-64.51405
-64.53073
-64.54741
-64.56409
-64.58078
-64.59746
-64.61412
-64.63081
-64.64749
-64.66417
-64.68085
-64.69753
-64.71421
-64.73089
-64.74757
-64.76425
-64.78092
-64.79760
-64.81428
-64.83096
-64.84764
-64.86431
-64.88099
-64.89766
-64.91434
-64.93102
-64.94767
-64.96435
-64.98103
-64.99770
-65.01438
-65.03105
-65.04772
-65.06440
-65.08107
-65.09775
-65.11442
-65.13109
-65.14776
-65.16443
-65.18110
-65.19777
-65.21445
-65.23112
-65.24779
-65.26446
-65.28111
-65.29778
-65.31445
-65.33110
-65.34777
-65.36444
-65.38111
-65.39777
-65.41444
-65.43111
-65.44777
-65.46444
-65.48111
-65.49777
-65.51444
-65.53110
-65.54777
-65.56443
-65.58110
-65.59776
-65.61442
-65.63109
-65.64775
-65.66440
-65.68106
-65.69772
-65.71438
-65.73105
-65.74771
-65.76437
-65.78103
-65.79769
-65.81435
-65.83101
-65.84767
-65.86433
-65.88099
-65.89765
-65.91430
-65.93096
-65.94762
-65.96428
-65.98093
-65.99757
-66.01423
-66.03089
-66.04754
-66.06418
-66.08084
-66.09749
-66.11415
-66.13080
-66.14746
-66.16411
-66.18077
-66.19742
-66.21407
-66.23073
-66.24738
-66.26403
-66.28068
-66.29733
-66.31398
-66.33063
-66.34728
-66.36393
-66.38058
-66.39722
-66.41387
-66.43052
-66.44717
-66.46382
-66.48046
-66.49711
-66.51376
-66.53041
-66.54705
-66.56370
-66.58035
-66.59699
-66.61364
-66.63028
-66.64693
-66.66357
-66.68022
-66.69686
-66.71350
-66.73014
-66.74678
-66.76342
-66.78004
-66.79669
-66.81333
-66.82998
-66.84662
-66.86326
-66.87990
-66.89654
-66.91318
-66.92982
-66.94646
-66.96310
-66.97974
-66.99638
-67.01302
-67.02966
-67.04629
-67.06293
-67.07957
-67.09621
-67.11282
-67.12946
-67.14610
-67.16274
-67.17937
-67.19601
-67.21264
-67.22928
-67.24591
-67.26255
-67.27918
-67.29582
-67.31245
-67.32908
-67.34572
-67.36235
-67.37898
-67.39561
-67.41224
-67.42887
-67.44549
-67.46212
-67.47875
-67.49536
-67.51200
-67.52862
-67.54525
-67.56188
-67.57851
-67.59514
-67.61177
-67.62840
-67.64502
-67.66165
-67.67828
-67.69490
-67.71153
-67.72816
-67.74478
-67.76141
-67.77803
-67.79466
-67.81128
-67.82788
-67.84451
-67.86114
-67.87776
-67.89438
-67.91101
-67.92763
-67.94425
-67.96087
-67.97750
-67.99412
-68.01074
-68.02736
-68.04398
-68.06060
-68.07722
-68.09384
-68.11046
-68.12707
-68.14369
-68.16029
-68.17691
-68.19353
-68.21014
-68.22675
-68.24337
-68.25998
-68.27660
-68.29322
-68.30983
-68.32645
-68.34306
-68.35968
-68.37629
-68.39291
-68.40952
-68.42613
-68.44275
-68.45936
-68.47597
-68.49258
-68.50919
-68.52581
-68.54241
-68.55901
-68.57562
-68.59224
-68.60885
-68.62546
-68.64207
-68.65868
-68.67528
-68.69189
-68.70850
-68.72511
-68.74172
-68.75833
-68.77493
-68.79154
-68.80815
-68.82475
-68.84136
-68.85796
-68.87455
-68.89116
-68.90776
-68.92437
-68.94095
-68.95756
-68.97416
-68.99077
-69.00737
-69.02397
-69.04058
-69.05718
-69.07378
-69.09038
-69.10699
-69.12359
-69.14019
-69.15679
-69.17339
-69.18999
-69.20659
-69.22319
-69.23978
-69.25638
-69.27296
-69.28956
-69.30616
-69.32276
-69.33936
-69.35595
-69.37255
-69.38915
-69.40574
-69.42234
-69.43894
-69.45553
-69.47213
-69.48872
-69.50531
-69.52191
-69.53850
-69.55509
-69.57169
-69.58828
-69.60486
-69.62145
-69.63804
-69.65463
-69.67122
-69.68782
-69.70441
-69.72100
-69.73759
-69.75418
-69.77077
-69.78736
-69.80395
-69.82053
-69.83712
-69.85371
-69.87030
-69.88688
-69.90347
-69.92006
-69.93663
-69.95322
-69.96980
-69.98637
-70.00296
-70.01954
-70.03613
-70.05271
-70.06930
-70.08588
-70.10246
-70.11905
-70.13563
-70.15221
-70.16880
-70.18538
-70.20196
-70.21854
-70.23512
-70.25170
-70.26828
-70.28486
-70.30144
-70.31800
-70.33459
-70.35117
-70.36775
-70.38432
-70.40090
-70.41748
-70.43406
-70.45064
-70.46721
-70.48379
-70.50037
-70.51694
-70.53352
-70.55010
-70.56667
-70.58324
-70.59982
-70.61639
-70.63297
-70.64952
-70.66610
-70.68267
-70.69923
-70.71580
-70.73238
-70.74895
-70.76552
-70.78209
-70.79866
-70.81523
-70.83180
-70.84838
-70.86495
-70.88151
-70.89808
-70.91465
-70.93122
-70.94779
-70.96436
-70.98093
-70.99749
-71.01406
-71.03061
-71.04718
-71.06375
-71.08031
-71.09688
-71.11344
-71.13001
-71.14658
-71.16314
-71.17970
-71.19627
-71.21283
-71.22940
-71.24596
-71.26252
-71.27908
-71.29565
-71.31221
-71.32877
-71.34533
-71.36187
-71.37844
-71.39500
-71.41156
-71.42810
-71.44466
-71.46122
-71.47778
-71.49434
-71.51090
-71.52746
-71.54402
-71.56057
-71.57713
-71.59369
-71.61024
-71.62680
-71.64336
-71.65991
-71.67647
-71.69302
-71.70958
-71.72613
-71.74269
-71.75922
-71.77578
-71.79233
-71.80889
-71.82544
-71.84199
-71.85854
-71.87510
-71.89165
-71.90820
-71.92475
-71.94130
-71.95785
-71.97440
-71.99095
-72.00750
-72.02405
-72.04060
-72.05715
-72.07369
-72.09023
-72.10678
-72.12332
-72.13985
-72.15640
-72.17295
-72.18950
-72.20604
-72.22259
-72.23913
-72.25568
-72.27222
-72.28877
-72.30531
-72.32186
-72.33840
-72.35494
-72.37149
-72.38803
-72.40457
-72.42111
-72.43766
-72.45420
-72.47072
-72.48727
-72.50381
-72.52035
-72.53689
-72.55343
-72.56997
-72.58651
-72.60305
-72.61959
-72.63612
-72.65266
-72.66920
-72.68574
-72.70227
-72.71881
-72.73535
-72.75188
-72.76842
-72.78495
-72.80147
-72.81801
-72.83454
-72.85106
-72.86760
-72.88413
-72.90067
-72.91720
-72.93373
-72.95027
-72.96680
-72.98333
-72.99986
-73.01639
-73.03293
-73.04946
-73.06599
-73.08252
-73.09905
-73.11558
-73.13211
-73.14864
-73.16517
-73.18168
-73.19821
-73.21473
-73.23126
-73.24779
-73.26432
-73.28085
-73.29737
-73.31390
-73.33043
-73.34695
-73.36348
-73.38000
-73.39653
-73.41305
-73.42957
-73.44610
-73.46262
-73.47914
-73.49567
-73.51217
-73.52870
-73.54522
-73.56174
-73.57825
-73.59477
-73.61129
-73.62781
-73.64433
-73.66085
-73.67737
-73.69389
-73.71041
-73.72693
-73.74345
-73.75997
-73.77649
-73.79300
-73.80952
-73.82604
-73.84255
-73.85907
-73.87559
-73.89210
-73.90860
-73.92512
-73.94163
-73.95815
-73.97466
-73.99118
-74.00769
-74.02421
-74.04072
-74.05723
-74.07375
-74.09026
-74.10677
-74.12328
-74.13979
-74.15630
-74.17282
-74.18933
-74.20584
-74.22234
-74.23884
-74.25535
-74.27186
-74.28835
-74.30486
-74.32137
-74.33788
-74.35439
-74.37089
-74.38740
-74.40391
-74.42042
-74.43692
-74.45343
-74.46993
-74.48644
-74.50294
-74.51945
-74.53595
-74.55246
-74.56896
-74.58546
-74.60197
-74.61845
-74.63496
-74.65146
-74.66796
-74.68446
-74.70097
-74.71747
-74.73397
-74.75047
-74.76697
-74.78347
-74.79997
-74.81647
-74.83297
-74.84947
-74.86597
-74.88246
-74.89896
-74.91546
-74.93196
-74.94844
-74.96494
-74.98143
-74.99791
-75.01441
-75.03091
-75.04740
-75.06390
-75.08039
-75.09689
-75.11338
-75.12987
-75.14637
-75.16286
-75.17935
-75.19585
-75.21234
-75.22883
-75.24532
-75.26182
-75.27831
-75.29480
-75.31129
-75.32776
-75.34425
-75.36074
-75.37723
-75.39372
-75.41021
-75.42670
-75.44319
-75.45968
-75.47617
-75.49265
-75.50914
-75.52563
-75.54211
-75.55860
-75.57508
-75.59157
-75.60806
-75.62454
-75.64103
-75.65749
-75.67398
-75.69046
-75.70695
-75.72343
-75.73991
-75.75640
-75.77288
-75.78936
-75.80584
-75.82233
-75.83881
-75.85529
-75.87177
-75.88825
-75.90473
-75.92121
-75.93769
-75.95417
-75.97065
-75.98710
-76.00359
-76.02007
-76.03654
-76.05300
-76.06948
-76.08596
-76.10244
-76.11891
-76.13539
-76.15186
-76.16834
-76.18482
-76.20129
-76.21777
-76.23424
-76.25071
-76.26719
-76.28366
-76.30013
-76.31661
-76.33308
-76.34955
-76.36602
-76.38248
-76.39895
-76.41542
-76.43189
-76.44836
-76.46483
-76.48130
-76.49777
-76.51424
-76.53071
-76.54718
-76.56365
-76.58012
-76.59658
-76.61305
-76.62952
-76.64598
-76.66245
-76.67892
-76.69538
-76.71183
-76.72830
-76.74476
-76.76121
-76.77768
-76.79414
-76.81061
-76.82707
-76.84353
-76.86000
-76.87646
-76.89292
-76.90939
-76.92585
-76.94231
-76.95877
-76.97523
-76.99169
-77.00815
-77.02461
-77.04107
-77.05753
-77.07399
-77.09043
-77.10689
-77.12335
-77.13981
-77.15627
-77.17273
-77.18918
-77.20564
-77.22210
-77.23855
-77.25501
-77.27147
-77.28792
-77.30438
-77.32083
-77.33728
-77.35374
-77.37019
-77.38665
-77.40310
-77.41953
-77.43599
-77.45244
-77.46888
-77.48533
-77.50178
-77.51823
-77.53469
-77.55114
-77.56759
-77.58404
-77.60049
-77.61694
-77.63339
-77.64984
-77.66628
-77.68273
-77.69918
-77.71563
-77.73208
-77.74852
-77.76497
-77.78142
-77.79785
-77.81429
-77.83074
-77.84718
-77.86363
-77.88008
-77.89652
-77.91296
-77.92941
-77.94585
-77.96230
-77.97874
-77.99518
-78.01163
-78.02807
-78.04451
-78.06095
-78.07739
-78.09383
-78.11027
-78.12670
-78.14314
-78.15958
-78.17602
-78.19246
-78.20890
-78.22534
-78.24177
-78.25821
-78.27465
-78.29109
-78.30753
-78.32396
-78.34040
-78.35684
-78.37327
