2.79093
2.79090
2.79076
2.79041
2.78978
2.78882
2.78751
2.78586
2.78387
2.78158
2.77903
2.77625
2.77327
2.77014
2.76686
2.76348
2.76001
2.75647
2.75287
2.74923
2.74555
2.74184
2.73811
2.73436
2.73060
2.72682
2.72304
2.71925
2.71545
2.71165
2.70784
2.70404
2.70023
2.69642
2.69260
2.68879
2.68498
2.68116
2.67735
2.67353
2.66971
2.66590
2.66208
2.65826
2.65445
2.65063
2.64681
2.64300
2.63918
2.63536
2.63155
2.62773
2.62391
2.62009
2.61628
2.61246
2.60864
2.60483
2.60101
2.59719
2.59338
2.58956
2.58574
2.58193
2.57811
2.57429
2.57047
2.56666
2.56284
2.55902
2.55521
2.55139
2.54757
2.54376
2.53994
2.53612
2.53231
2.52849
2.52467
2.52086
2.51704
2.51322
2.50941
2.50559
2.50177
2.49796
2.49414
2.49032
2.48651
2.48269
2.47887
2.47506
2.47124
2.46742
2.46361
2.45979
2.45598
2.45216
2.44834
2.44453
2.44071
2.43689
2.43308
2.42926
2.42544
2.42163
2.41781
2.41400
2.41018
2.40636
2.40255
2.39873
2.39491
2.39110
2.38728
2.38347
2.37965
2.37583
2.37202
2.36820
2.36439
2.36057
2.35675
2.35294
2.34912
2.34531
2.34149
2.33767
2.33386
2.33004
2.32623
2.32241
2.31859
2.31478
2.31096
2.30715
2.30333
2.29951
2.29570
2.29188
2.28807
2.28425
2.28044
2.27662
2.27280
2.26899
2.26517
2.26136
2.25754
2.25373
2.24991
2.24609
2.24228
2.23846
2.23465
2.23083
2.22702
2.22320
2.21939
2.21557
2.21175
2.20794
2.20412
2.20031
2.19649
2.19268
2.18886
2.18505
2.18123
2.17742
2.17360
2.16978
2.16597
2.16215
2.15834
2.15452
2.15071
2.14689
2.14308
2.13926
2.13545
2.13163
2.12782
2.12400
2.12019
2.11637
2.11256
2.10874
2.10493
2.10111
2.09730
2.09348
2.08967
2.08585
2.08204
2.07822
2.07441
2.07059
2.06678
2.06296
2.05915
2.05533
2.05152
2.04770
2.04389
2.04007
2.03626
2.03244
2.02863
2.02481
2.02100
2.01718
2.01337
2.00955
2.00574
2.00192
1.99811
1.99430
1.99048
1.98667
1.98285
1.97904
1.97522
1.97141
1.96759
1.96378
1.95996
1.95615
1.95233
1.94852
1.94471
1.94089
1.93708
1.93326
1.92945
1.92563
1.92182
1.91800
1.91419
1.91038
1.90656
1.90275
1.89893
1.89512
1.89130
1.88749
1.88368
1.87986
1.87605
1.87223
1.86842
1.86461
1.86079
1.85698
1.85316
1.84935
1.84553
1.84172
1.83791
1.83409
1.83028
1.82646
1.82265
1.81884
1.81502
1.81121
1.80739
1.80358
1.79977
1.79595
1.79214
1.78833
1.78451
1.78070
1.77688
1.77307
1.76926
1.76544
1.76163
1.75781
1.75400
1.75019
1.74637
1.74256
1.73875
1.73493
1.73112
1.72730
1.72349
1.71968
1.71586
1.71205
1.70824
1.70442
1.70061
1.69680
1.69298
1.68917
1.68536
1.68154
1.67773
1.67392
1.67010
1.66629
1.66248
1.65866
1.65485
1.65104
1.64722
1.64341
1.63960
1.63578
1.63197
1.62816
1.62434
1.62053
1.61672
1.61290
1.60909
1.60528
1.60146
1.59765
1.59384
1.59002
1.58621
1.58240
1.57858
1.57477
1.57096
1.56715
1.56333
1.55952
1.55571
1.55189
1.54808
1.54427
1.54045
1.53664
1.53283
1.52902
1.52520
1.52139
1.51758
1.51376
1.50995
1.50614
1.50233
1.49851
1.49470
1.49089
1.48707
1.48326
1.47945
1.47564
1.47182
1.46801
1.46420
1.46039
1.45657
1.45276
1.44895
1.44514
1.44132
1.43751
1.43370
1.42989
1.42607
1.42226
1.41845
1.41464
1.41082
1.40701
1.40320
1.39939
1.39557
1.39176
1.38795
1.38414
1.38032
1.37651
1.37270
1.36889
1.36508
1.36126
1.35745
1.35364
1.34983
1.34601
1.34220
1.33839
1.33458
1.33077
1.32695
1.32314
1.31933
1.31552
1.31171
1.30789
1.30408
1.30027
1.29646
1.29265
1.28883
1.28502
1.28121
1.27740
1.27359
1.26977
1.26596
1.26215
1.25834
1.25453
1.25071
1.24690
1.24309
1.23928
1.23547
1.23166
1.22784
1.22403
1.22022
1.21641
1.21260
1.20879
1.20497
1.20116
1.19735
1.19354
1.18973
1.18592
1.18210
1.17829
1.17448
1.17067
1.16686
1.16305
1.15923
1.15542
1.15161
1.14780
1.14399
1.14018
1.13637
1.13255
1.12874
1.12493
1.12112
1.11731
1.11350
1.10969
1.10588
1.10206
1.09825
1.09444
1.09063
1.08682
1.08301
1.07920
1.07539
1.07158
1.06776
1.06395
1.06014
1.05633
1.05252
1.04871
1.04490
1.04109
1.03728
1.03346
1.02965
1.02584
1.02203
1.01822
1.01441
1.01060
1.00679
1.00298
0.99917
0.99536
0.99154
0.98773
0.98392
0.98011
0.97630
0.97249
0.96868
0.96487
0.96106
0.95725
0.95344
0.94963
0.94582
0.94200
0.93819
0.93438
0.93057
0.92676
0.92295
0.91914
0.91533
0.91152
0.90771
0.90390
0.90009
0.89628
0.89247
0.88866
0.88485
0.88104
0.87723
0.87342
0.86961
0.86580
0.86198
0.85817
0.85436
0.85055
0.84674
0.84293
0.83912
0.83531
0.83150
0.82769
0.82388
0.82007
0.81626
0.81245
0.80864
0.80483
0.80102
0.79721
0.79340
0.78959
0.78578
0.78197
0.77816
0.77435
0.77054
0.76673
0.76292
0.75911
0.75530
0.75149
0.74768
0.74387
0.74006
0.73625
0.73244
0.72863
0.72482
0.72101
0.71720
0.71339
0.70958
0.70577
0.70196
0.69815
0.69434
0.69053
0.68672
0.68291
0.67911
0.67530
0.67149
0.66768
0.66387
0.66006
0.65625
0.65244
0.64863
0.64482
0.64101
0.63720
0.63339
0.62958
0.62577
0.62196
0.61815
0.61434
0.61053
0.60673
0.60292
0.59911
0.59530
0.59149
0.58768
0.58387
0.58006
0.57625
0.57244
0.56863
0.56482
0.56101
0.55720
0.55340
0.54959
0.54578
0.54197
0.53816
0.53435
0.53054
0.52673
0.52292
0.51911
0.51530
0.51150
0.50769
0.50388
0.50007
0.49626
0.49245
0.48864
0.48483
0.48102
0.47722
0.47341
0.46960
0.46579
0.46198
0.45817
0.45436
0.45055
0.44674
0.44294
0.43913
0.43532
0.43151
0.42770
0.42389
0.42008
0.41628
0.41247
0.40866
0.40485
0.40104
0.39723
0.39342
0.38962
0.38581
0.38200
0.37819
0.37438
0.37057
0.36676
0.36296
0.35915
0.35534
0.35153
0.34772
0.34391
0.34011
0.33630
0.33249
0.32868
0.32487
0.32106
0.31726
0.31345
0.30964
0.30583
0.30202
0.29822
0.29441
0.29060
0.28679
0.28298
0.27917
0.27537
0.27156
0.26775
0.26394
0.26013
0.25633
0.25252
0.24871
0.24490
0.24109
0.23729
0.23348
0.22967
0.22586
0.22205
0.21825
0.21444
0.21063
0.20682
0.20301
0.19921
0.19540
0.19159
0.18778
0.18398
0.18017
0.17636
0.17255
0.16875
0.16494
0.16113
0.15732
0.15351
0.14971
0.14590
0.14209
0.13828
0.13448
0.13067
0.12686
0.12305
0.11925
0.11544
0.11163
0.10782
0.10402
0.10021
0.09640
0.09259
0.08879
0.08498
0.08117
0.07736
0.07356
0.06975
0.06594
0.06214
0.05833
0.05452
0.05071
0.04691
0.04310
0.03929
0.03549
0.03168
0.02787
0.02406
0.02026
0.01645
0.01264
0.00883
0.00503
0.00122
-0.00259
-0.00639
-0.01020
-0.01401
-0.01781
-0.02162
-0.02543
-0.02924
-0.03304
-0.03685
-0.04066
-0.04446
-0.04827
-0.05208
-0.05588
-0.05969
-0.06350
-0.06730
-0.07111
-0.07492
-0.07872
-0.08253
-0.08634
-0.09014
-0.09395
-0.09776
-0.10156
-0.10537
-0.10918
-0.11298
-0.11679
-0.12060
-0.12440
-0.12821
-0.13202
-0.13582
-0.13963
-0.14344
-0.14724
-0.15105
-0.15486
-0.15866
-0.16247
-0.16627
-0.17008
-0.17389
-0.17769
-0.18150
-0.18531
-0.18911
-0.19292
-0.19673
-0.20053
-0.20434
-0.20814
-0.21195
-0.21576
-0.21956
-0.22337
-0.22718
-0.23098
-0.23479
-0.23859
-0.24240
-0.24621
-0.25001
-0.25382
-0.25763
-0.26143
-0.26524
-0.26904
-0.27285
-0.27666
-0.28046
-0.28427
-0.28807
-0.29188
-0.29568
-0.29949
-0.30330
-0.30710
-0.31091
-0.31471
-0.31852
-0.32233
-0.32613
-0.32994
-0.33374
-0.33755
-0.34135
-0.34516
-0.34897
-0.35277
-0.35658
-0.36038
-0.36419
-0.36799
-0.37180
-0.37561
-0.37941
-0.38322
-0.38702
-0.39083
-0.39463
-0.39844
-0.40224
-0.40605
-0.40985
-0.41366
-0.41747
-0.42127
-0.42508
-0.42888
-0.43269
-0.43649
-0.44030
-0.44410
-0.44791
-0.45171
-0.45552
-0.45933
-0.46313
-0.46694
-0.47074
-0.47455
-0.47835
-0.48216
-0.48596
-0.48977
-0.49357
-0.49738
-0.50118
-0.50499
-0.50879
-0.51260
-0.51640
-0.52021
-0.52401
-0.52782
-0.53162
-0.53543
-0.53923
-0.54304
-0.54684
-0.55065
-0.55445
-0.55826
-0.56206
-0.56587
-0.56967
-0.57348
-0.57728
-0.58109
-0.58489
-0.58870
-0.59250
-0.59631
-0.60011
-0.60392
-0.60772
-0.61153
-0.61533
-0.61914
-0.62294
-0.62674
-0.63055
-0.63435
-0.63816
-0.64196
-0.64577
-0.64957
-0.65338
-0.65718
-0.66098
-0.66479
-0.66859
-0.67240
-0.67620
-0.68001
-0.68381
-0.68762
-0.69142
-0.69523
-0.69903
-0.70283
-0.70664
-0.71044
-0.71425
-0.71805
-0.72186
-0.72566
-0.72946
-0.73327
-0.73707
-0.74088
-0.74468
-0.74849
-0.75229
-0.75609
-0.75990
-0.76370
-0.76751
-0.77131
-0.77511
-0.77892
-0.78272
-0.78653
-0.79033
-0.79413
-0.79794
-0.80174
-0.80555
-0.80935
-0.81315
-0.81696
-0.82076
-0.82457
-0.82837
-0.83217
-0.83598
-0.83978
-0.84359
-0.84739
-0.85119
-0.85500
-0.85880
-0.86260
-0.86641
-0.87021
-0.87402
-0.87782
-0.88162
-0.88543
-0.88923
-0.89303
-0.89684
-0.90064
-0.90444
-0.90825
-0.91205
-0.91586
-0.91966
-0.92346
-0.92727
-0.93107
-0.93487
-0.93868
-0.94248
-0.94628
-0.95009
-0.95389
-0.95769
-0.96150
-0.96530
-0.96910
-0.97291
-0.97671
-0.98051
-0.98432
-0.98812
-0.99192
-0.99573
-0.99953
-1.00333
-1.00714
-1.01094
-1.01474
-1.01855
-1.02235
-1.02615
-1.02995
-1.03376
-1.03756
-1.04136
-1.04517
-1.04897
-1.05277
-1.05658
-1.06038
-1.06418
-1.06799
-1.07179
-1.07559
-1.07939
-1.08320
-1.08700
-1.09080
-1.09461
-1.09841
-1.10221
-1.10602
-1.10982
-1.11362
-1.11742
-1.12123
-1.12503
-1.12883
-1.13263
-1.13644
-1.14024
-1.14404
-1.14784
-1.15165
-1.15545
-1.15925
-1.16305
-1.16686
-1.17066
-1.17446
-1.17827
-1.18207
-1.18587
-1.18967
-1.19348
-1.19728
-1.20108
-1.20488
-1.20869
-1.21249
-1.21629
-1.22009
-1.22390
-1.22770
-1.23150
-1.23530
-1.23910
-1.24291
-1.24671
-1.25051
-1.25431
-1.25812
-1.26192
-1.26572
-1.26952
-1.27332
-1.27713
-1.28093
-1.28473
-1.28853
-1.29234
-1.29614
-1.29994
-1.30374
-1.30754
-1.31135
-1.31515
-1.31895
-1.32275
-1.32655
-1.33036
-1.33416
-1.33796
-1.34176
-1.34556
-1.34937
-1.35317
-1.35697
-1.36077
-1.36457
-1.36837
-1.37218
-1.37598
-1.37978
-1.38358
-1.38738
-1.39118
-1.39499
-1.39879
-1.40259
-1.40639
-1.41019
-1.41400
-1.41780
-1.42160
-1.42540
-1.42920
-1.43300
-1.43681
-1.44061
-1.44441
-1.44821
-1.45201
-1.45581
-1.45961
-1.46342
-1.46722
-1.47102
-1.47482
-1.47862
-1.48242
-1.48622
-1.49002
-1.49383
-1.49763
-1.50143
-1.50523
-1.50903
-1.51283
-1.51663
-1.52044
-1.52424
-1.52804
-1.53184
-1.53564
-1.53944
-1.54324
-1.54704
-1.55085
-1.55465
-1.55845
-1.56225
-1.56605
-1.56985
-1.57365
-1.57745
-1.58125
-1.58506
-1.58886
-1.59266
-1.59646
-1.60026
-1.60406
-1.60786
-1.61166
-1.61546
-1.61926
-1.62306
-1.62686
-1.63066
-1.63447
-1.63827
-1.64207
-1.64587
-1.64967
-1.65347
-1.65727
-1.66107
-1.66487
-1.66867
-1.67247
-1.67627
-1.68008
-1.68388
-1.68768
-1.69148
-1.69528
-1.69908
-1.70288
-1.70668
-1.71048
-1.71428
-1.71808
-1.72188
-1.72568
-1.72948
-1.73328
-1.73708
-1.74088
-1.74468
-1.74848
-1.75228
-1.75608
-1.75988
-1.76368
-1.76749
-1.77129
-1.77509
-1.77889
-1.78269
-1.78649
-1.79029
-1.79409
-1.79789
-1.80169
-1.80549
-1.80929
-1.81309
-1.81689
-1.82069
-1.82449
-1.82829
-1.83209
-1.83589
-1.83969
-1.84349
-1.84729
-1.85109
-1.85489
-1.85869
-1.86249
-1.86629
-1.87009
-1.87389
-1.87769
-1.88149
-1.88529
-1.88909
-1.89289
-1.89669
-1.90049
-1.90429
-1.90809
-1.91189
-1.91569
-1.91949
-1.92329
-1.92709
-1.93089
-1.93468
-1.93848
-1.94228
-1.94608
-1.94988
-1.95368
-1.95748
-1.96128
-1.96508
-1.96888
-1.97268
-1.97648
-1.98028
-1.98408
-1.98788
-1.99168
-1.99548
-1.99928
-2.00308
-2.00687
-2.01067
-2.01447
-2.01827
-2.02207
-2.02587
-2.02967
-2.03347
-2.03727
-2.04107
-2.04487
-2.04867
-2.05247
-2.05627
-2.06007
-2.06386
-2.06766
-2.07146
-2.07526
-2.07906
-2.08286
-2.08666
-2.09046
-2.09426
-2.09806
-2.10185
-2.10565
-2.10945
-2.11325
-2.11705
-2.12085
-2.12465
-2.12845
-2.13225
-2.13605
-2.13984
-2.14364
-2.14744
-2.15124
-2.15504
-2.15884
-2.16264
-2.16644
-2.17024
-2.17403
-2.17783
-2.18163
-2.18543
-2.18923
-2.19303
-2.19683
-2.20063
-2.20442
-2.20822
-2.21202
-2.21582
-2.21962
-2.22342
-2.22721
-2.23101
-2.23481
-2.23861
-2.24241
-2.24621
-2.25001
-2.25380
-2.25760
-2.26140
-2.26520
-2.26900
-2.27280
-2.27659
-2.28039
-2.28419
-2.28799
-2.29179
-2.29559
-2.29939
-2.30318
-2.30698
-2.31078
-2.31458
-2.31838
-2.32217
-2.32597
-2.32977
-2.33357
-2.33737
-2.34116
-2.34496
-2.34876
-2.35256
-2.35636
-2.36015
-2.36395
-2.36775
-2.37155
-2.37535
-2.37914
-2.38294
-2.38674
-2.39054
-2.39434
-2.39813
-2.40193
-2.40573
-2.40953
-2.41333
-2.41712
-2.42092
-2.42472
-2.42852
-2.43232
-2.43611
-2.43991
-2.44371
-2.44751
-2.45130
-2.45510
-2.45890
-2.46270
-2.46649
-2.47029
-2.47409
-2.47789
-2.48168
-2.48548
-2.48928
-2.49308
-2.49687
-2.50067
-2.50447
-2.50827
-2.51206
-2.51586
-2.51966
-2.52346
-2.52725
-2.53105
-2.53485
-2.53865
-2.54244
-2.54624
-2.55004
-2.55384
-2.55763
-2.56143
-2.56523
-2.56903
-2.57282
-2.57662
-2.58042
-2.58421
-2.58801
-2.59181
-2.59560
-2.59940
-2.60320
-2.60700
-2.61079
-2.61459
-2.61839
-2.62218
-2.62598
-2.62978
-2.63358
-2.63737
-2.64117
-2.64497
-2.64876
-2.65256
-2.65636
-2.66015
-2.66395
-2.66775
-2.67155
-2.67534
-2.67914
-2.68294
-2.68673
-2.69053
-2.69432
-2.69812
-2.70192
-2.70572
-2.70951
-2.71331
-2.71711
-2.72090
-2.72470
-2.72850
-2.73229
-2.73609
-2.73989
-2.74368
-2.74748
-2.75128
-2.75507
-2.75887
-2.76267
-2.76646
-2.77026
-2.77406
-2.77785
-2.78165
-2.78544
-2.78924
-2.79304
-2.79683
-2.80063
-2.80443
-2.80822
-2.81202
-2.81581
-2.81961
-2.82341
-2.82720
-2.83100
-2.83480
-2.83859
-2.84239
-2.84618
-2.84998
-2.85378
-2.85757
-2.86137
-2.86517
-2.86896
-2.87276
-2.87655
-2.88035
-2.88415
-2.88794
-2.89174
-2.89553
-2.89933
-2.90313
-2.90692
-2.91072
-2.91451
-2.91831
-2.92211
-2.92590
-2.92970
-2.93349
-2.93729
-2.94109
-2.94488
-2.94868
-2.95247
-2.95627
-2.96006
-2.96386
-2.96766
-2.97145
-2.97525
-2.97904
-2.98284
-2.98664
-2.99043
-2.99423
-2.99802
-3.00182
-3.00561
-3.00941
-3.01320
-3.01700
-3.02080
-3.02459
-3.02839
-3.03218
-3.03598
-3.03977
-3.04357
-3.04736
-3.05116
-3.05496
-3.05875
-3.06255
-3.06634
-3.07014
-3.07393
-3.07773
-3.08152
-3.08532
-3.08911
-3.09291
-3.09670
-3.10050
-3.10430
-3.10809
-3.11189
-3.11568
-3.11948
-3.12327
-3.12707
-3.13086
-3.13466
-3.13845
-3.14225
-3.14604
-3.14984
-3.15363
-3.15743
-3.16122
-3.16502
-3.16881
-3.17261
-3.17640
-3.18020
-3.18399
-3.18779
-3.19158
-3.19538
-3.19917
-3.20297
-3.20676
-3.21056
-3.21435
-3.21815
-3.22194
-3.22574
-3.22953
-3.23333
-3.23712
-3.24092
-3.24471
-3.24850
-3.25230
-3.25609
-3.25989
-3.26368
-3.26748
-3.27127
-3.27507
-3.27886
-3.28266
-3.28645
-3.29025
-3.29404
-3.29783
-3.30163
-3.30542
-3.30922
-3.31301
-3.31681
-3.32060
-3.32440
-3.32819
-3.33198
-3.33578
-3.33957
-3.34337
-3.34716
-3.35096
-3.35475
-3.35854
-3.36234
-3.36613
-3.36993
-3.37372
-3.37752
-3.38131
-3.38510
-3.38890
-3.39269
-3.39649
-3.40028
-3.40408
-3.40787
-3.41166
-3.41546
-3.41925
-3.42305
-3.42684
-3.43063
-3.43443
-3.43822
-3.44202
-3.44581
-3.44960
-3.45340
-3.45719
-3.46099
-3.46478
-3.46857
-3.47237
-3.47616
-3.47995
-3.48375
-3.48754
-3.49134
-3.49513
-3.49892
-3.50272
-3.50651
-3.51030
-3.51410
-3.51789
-3.52168
-3.52548
-3.52927
-3.53307
-3.53686
-3.54065
-3.54445
-3.54824
-3.55203
-3.55583
-3.55962
-3.56341
-3.56721
-3.57100
-3.57479
-3.57859
-3.58238
-3.58617
-3.58997
-3.59376
-3.59755
-3.60135
-3.60514
-3.60893
-3.61273
-3.61652
-3.62031
-3.62411
-3.62790
-3.63169
-3.63549
-3.63928
-3.64307
-3.64687
-3.65066
-3.65445
-3.65825
-3.66204
-3.66583
-3.66963
-3.67342
-3.67721
-3.68101
-3.68480
-3.68859
-3.69238
-3.69618
-3.69997
-3.70376
-3.70756
-3.71135
-3.71514
-3.71894
-3.72273
-3.72652
-3.73031
-3.73411
-3.73790
-3.74169
-3.74549
-3.74928
-3.75307
-3.75686
-3.76066
-3.76445
-3.76824
-3.77203
-3.77583
-3.77962
-3.78341
-3.78721
-3.79100
-3.79479
-3.79858
-3.80238
-3.80617
-3.80996
-3.81375
-3.81755
-3.82134
-3.82513
-3.82892
-3.83272
-3.83651
-3.84030
-3.84409
-3.84789
-3.85168
-3.85547
-3.85926
-3.86306
-3.86685
-3.87064
-3.87443
-3.87823
-3.88202
-3.88581
-3.88960
-3.89339
-3.89719
-3.90098
-3.90477
-3.90856
-3.91236
-3.91615
-3.91994
-3.92373
-3.92752
-3.93132
-3.93511
-3.93890
-3.94269
-3.94648
-3.95028
-3.95407
-3.95786
-3.96165
-3.96544
-3.96924
-3.97303
-3.97682
-3.98061
-3.98440
-3.98820
-3.99199
-3.99578
-3.99957
-4.00336
-4.00716
-4.01095
-4.01474
-4.01853
-4.02232
-4.02611
-4.02991
-4.03370
-4.03749
-4.04128
-4.04507
-4.04886
-4.05266
-4.05645
-4.06024
-4.06403
-4.06782
-4.07161
-4.07541
-4.07920
-4.08299
-4.08678
-4.09057
-4.09436
-4.09815
-4.10195
-4.10574
-4.10953
-4.11332
-4.11711
-4.12090
-4.12469
-4.12849
-4.13228
-4.13607
-4.13986
-4.14365
-4.14744
-4.15123
-4.15503
-4.15882
-4.16261
-4.16640
-4.17019
-4.17398
-4.17777
-4.18156
-4.18535
-4.18915
-4.19294
-4.19673
-4.20052
-4.20431
-4.20810
-4.21189
-4.21568
-4.21947
-4.22327
-4.22706
-4.23085
-4.23464
-4.23843
-4.24222
-4.24601
-4.24980
-4.25359
-4.25738
-4.26117
-4.26497
-4.26876
-4.27255
-4.27634
-4.28013
-4.28392
-4.28771
-4.29150
-4.29529
-4.29908
-4.30287
-4.30666
-4.31045
-4.31425
-4.31804
-4.32183
-4.32562
-4.32941
-4.33320
-4.33699
-4.34078
-4.34457
-4.34836
-4.35215
-4.35594
-4.35973
-4.36352
-4.36731
-4.37110
-4.37489
-4.37868
-4.38247
-4.38627
-4.39006
-4.39385
-4.39764
-4.40143
-4.40522
-4.40901
-4.41280
-4.41659
-4.42038
-4.42417
-4.42796
-4.43175
-4.43554
-4.43933
-4.44312
-4.44691
-4.45070
-4.45449
-4.45828
-4.46207
-4.46586
-4.46965
-4.47344
-4.47723
-4.48102
-4.48481
-4.48860
-4.49239
-4.49618
-4.49997
-4.50376
-4.50755
-4.51134
-4.51513
-4.51892
-4.52271
-4.52650
-4.53029
-4.53408
-4.53786
-4.54165
-4.54544
-4.54923
-4.55302
-4.55681
-4.56060
-4.56439
-4.56818
-4.57197
-4.57576
-4.57955
-4.58334
-4.58713
-4.59092
-4.59471
-4.59850
-4.60229
-4.60608
-4.60987
-4.61366
-4.61744
-4.62123
-4.62502
-4.62881
-4.63260
-4.63639
-4.64018
-4.64397
-4.64776
-4.65155
-4.65534
-4.65913
-4.66292
-4.66671
-4.67050
-4.67429
-4.67807
-4.68186
-4.68565
-4.68944
-4.69323
-4.69702
-4.70081
-4.70460
-4.70839
-4.71218
-4.71596
-4.71975
-4.72354
-4.72733
-4.73112
-4.73491
-4.73870
-4.74249
-4.74628
-4.75006
-4.75385
-4.75764
-4.76143
-4.76522
-4.76901
-4.77280
-4.77659
-4.78038
-4.78416
-4.78795
-4.79174
-4.79553
-4.79932
-4.80311
-4.80690
-4.81069
-4.81447
-4.81826
-4.82205
-4.82584
-4.82963
-4.83342
-4.83720
-4.84099
-4.84478
-4.84857
-4.85236
-4.85615
-4.85994
-4.86372
-4.86751
-4.87130
-4.87509
-4.87888
-4.88267
-4.88646
-4.89024
-4.89403
-4.89782
-4.90161
-4.90540
-4.90918
-4.91297
-4.91676
-4.92055
-4.92434
-4.92813
-4.93191
-4.93570
-4.93949
-4.94328
-4.94707
-4.95086
-4.95464
-4.95843
-4.96222
-4.96601
-4.96979
-4.97358
-4.97737
-4.98116
-4.98495
-4.98874
-4.99252
-4.99631
-5.00010
-5.00389
-5.00768
-5.01146
-5.01525
-5.01904
-5.02283
-5.02662
-5.03040
-5.03419
-5.03798
-5.04176
-5.04555
-5.04934
-5.05313
-5.05692
-5.06070
-5.06449
-5.06828
-5.07207
-5.07585
-5.07964
-5.08343
-5.08722
-5.09101
-5.09479
-5.09858
-5.10237
-5.10615
-5.10994
-5.11373
-5.11752
-5.12130
-5.12509
-5.12888
-5.13267
-5.13645
-5.14024
-5.14403
-5.14782
-5.15160
-5.15539
-5.15918
-5.16297
-5.16675
-5.17054
-5.17433
-5.17811
-5.18190
-5.18569
-5.18948
-5.19326
-5.19705
-5.20084
-5.20463
-5.20841
-5.21220
-5.21599
-5.21977
-5.22356
-5.22735
-5.23114
-5.23492
-5.23871
-5.24249
-5.24628
-5.25007
-5.25386
-5.25764
-5.26143
-5.26522
-5.26900
-5.27279
-5.27658
-5.28037
-5.28415
-5.28794
-5.29173
-5.29551
-5.29930
-5.30309
-5.30687
-5.31066
-5.31444
-5.31823
-5.32202
-5.32581
-5.32959
-5.33338
-5.33717
-5.34095
-5.34474
-5.34853
-5.35231
-5.35610
-5.35989
-5.36367
-5.36746
-5.37125
-5.37503
-5.37882
-5.38261
-5.38639
-5.39018
-5.39396
-5.39775
-5.40154
-5.40532
-5.40911
-5.41290
-5.41668
-5.42047
-5.42426
-5.42804
-5.43183
-5.43561
-5.43940
-5.44319
-5.44697
-5.45076
-5.45455
-5.45833
-5.46212
-5.46590
-5.46969
-5.47348
-5.47726
-5.48105
-5.48483
-5.48862
-5.49241
-5.49619
-5.49998
-5.50377
-5.50755
-5.51134
-5.51512
-5.51891
-5.52270
-5.52648
-5.53027
-5.53405
-5.53784
-5.54162
-5.54541
-5.54920
-5.55298
-5.55677
-5.56055
-5.56434
-5.56812
-5.57191
-5.57570
-5.57948
-5.58327
-5.58705
-5.59084
-5.59463
-5.59841
-5.60219
-5.60598
-5.60977
-5.61355
-5.61734
-5.62112
-5.62491
-5.62869
-5.63248
-5.63627
-5.64005
-5.64384
-5.64762
-5.65141
-5.65519
-5.65898
-5.66276
-5.66655
-5.67033
-5.67412
-5.67790
-5.68169
-5.68548
-5.68926
-5.69305
-5.69683
-5.70062
-5.70440
-5.70819
-5.71197
-5.71576
-5.71954
-5.72333
-5.72711
-5.73090
-5.73468
-5.73847
-5.74225
-5.74604
-5.74982
-5.75361
-5.75739
-5.76118
-5.76496
-5.76875
-5.77253
-5.77632
-5.78010
-5.78389
-5.78767
-5.79146
-5.79524
-5.79903
-5.80281
-5.80660
-5.81038
-5.81417
-5.81795
-5.82174
-5.82552
-5.82930
-5.83309
-5.83687
-5.84066
-5.84444
-5.84823
-5.85201
-5.85580
-5.85958
-5.86337
-5.86715
-5.87094
-5.87472
-5.87851
-5.88229
-5.88608
-5.88986
-5.89365
-5.89743
-5.90121
-5.90500
-5.90878
-5.91257
-5.91635
-5.92014
-5.92392
-5.92770
-5.93149
-5.93527
-5.93906
-5.94284
-5.94663
-5.95041
-5.95420
-5.95798
-5.96176
-5.96555
-5.96933
-5.97311
-5.97690
-5.98068
-5.98447
-5.98825
-5.99204
-5.99582
-5.99960
-6.00339
-6.00717
-6.01096
-6.01474
-6.01853
-6.02231
-6.02609
-6.02988
-6.03366
-6.03745
-6.04123
-6.04501
-6.04880
-6.05258
-6.05636
-6.06015
-6.06393
-6.06772
-6.07150
-6.07528
-6.07907
-6.08285
-6.08664
-6.09042
-6.09420
-6.09799
-6.10177
-6.10556
-6.10934
-6.11312
-6.11690
-6.12069
-6.12447
-6.12826
-6.13204
-6.13582
-6.13961
-6.14339
-6.14717
-6.15096
-6.15474
-6.15853
-6.16231
-6.16609
-6.16988
-6.17366
-6.17744
-6.18123
-6.18501
-6.18879
-6.19257
-6.19636
-6.20014
-6.20393
-6.20771
-6.21149
-6.21528
-6.21906
-6.22284
-6.22663
-6.23041
-6.23419
-6.23798
-6.24176
-6.24554
-6.24933
-6.25311
-6.25689
-6.26067
-6.26446
-6.26824
-6.27202
-6.27580
-6.27959
-6.28337
-6.28715
-6.29094
-6.29472
-6.29850
-6.30229
-6.30607
-6.30985
-6.31363
-6.31742
-6.32120
-6.32498
-6.32877
-6.33255
-6.33633
-6.34012
-6.34390
-6.34768
-6.35146
-6.35525
-6.35903
-6.36281
-6.36659
-6.37038
-6.37416
-6.37794
-6.38172
-6.38551
-6.38929
-6.39307
-6.39686
-6.40064
-6.40442
-6.40820
-6.41199
-6.41577
-6.41955
-6.42333
-6.42711
-6.43090
-6.43468
-6.43846
-6.44225
-6.44603
-6.44981
-6.45359
-6.45738
-6.46116
-6.46494
-6.46872
-6.47251
-6.47629
-6.48007
-6.48385
-6.48763
-6.49141
-6.49520
-6.49898
-6.50276
-6.50654
-6.51033
-6.51411
-6.51789
-6.52167
-6.52546
-6.52924
-6.53302
-6.53680
-6.54058
-6.54437
-6.54815
-6.55193
-6.55571
-6.55949
-6.56327
-6.56706
-6.57084
-6.57462
-6.57840
-6.58218
-6.58597
-6.58975
-6.59353
-6.59731
-6.60109
-6.60488
-6.60866
-6.61244
-6.61622
-6.62000
-6.62379
-6.62757
-6.63135
-6.63513
-6.63891
-6.64269
-6.64647
-6.65025
-6.65404
-6.65782
-6.66160
-6.66538
-6.66916
-6.67294
-6.67673
-6.68051
-6.68429
-6.68807
-6.69185
-6.69563
-6.69942
-6.70320
-6.70698
-6.71076
-6.71454
-6.71832
-6.72210
-6.72588
-6.72967
-6.73345
-6.73723
-6.74101
-6.74479
-6.74857
-6.75235
-6.75614
-6.75992
-6.76370
-6.76748
-6.77126
-6.77504
-6.77882
-6.78260
-6.78639
-6.79017
-6.79395
-6.79773
-6.80151
-6.80529
-6.80907
-6.81285
-6.81663
-6.82041
-6.82420
-6.82798
-6.83176
-6.83554
-6.83932
-6.84310
-6.84688
-6.85066
-6.85444
-6.85822
-6.86201
-6.86578
-6.86956
-6.87335
-6.87713
-6.88091
-6.88469
-6.88847
-6.89225
-6.89603
-6.89981
-6.90359
-6.90737
-6.91115
-6.91493
-6.91872
-6.92250
-6.92628
-6.93006
-6.93384
-6.93762
-6.94140
-6.94518
-6.94896
-6.95274
-6.95652
-6.96030
-6.96408
-6.96786
-6.97164
-6.97542
-6.97920
-6.98298
-6.98676
-6.99054
-6.99432
-6.99810
-7.00188
-7.00566
-7.00944
-7.01322
-7.01700
-7.02079
-7.02456
-7.02834
-7.03212
-7.03590
-7.03968
-7.04346
-7.04724
-7.05103
-7.05481
-7.05859
-7.06237
-7.06615
-7.06993
-7.07371
-7.07749
-7.08127
-7.08505
-7.08883
-7.09261
-7.09638
-7.10016
-7.10394
-7.10772
-7.11150
-7.11528
-7.11906
-7.12284
-7.12662
-7.13040
-7.13418
-7.13796
-7.14174
-7.14552
-7.14930
-7.15308
-7.15686
-7.16064
-7.16442
-7.16820
-7.17198
-7.17576
-7.17954
-7.18332
-7.18710
-7.19088
-7.19466
-7.19844
-7.20222
-7.20600
-7.20978
-7.21356
-7.21734
-7.22112
-7.22490
-7.22868
-7.23245
-7.23623
-7.24001
-7.24379
-7.24757
-7.25135
-7.25513
-7.25891
-7.26269
-7.26647
-7.27024
-7.27402
-7.27780
-7.28158
-7.28536
-7.28914
-7.29292
-7.29670
-7.30048
-7.30426
-7.30804
-7.31182
-7.31560
-7.31938
-7.32315
-7.32693
-7.33071
-7.33449
-7.33827
-7.34205
-7.34583
-7.34961
-7.35339
-7.35716
-7.36094
-7.36472
-7.36850
-7.37228
-7.37606
-7.37984
-7.38362
-7.38740
-7.39118
-7.39495
-7.39873
-7.40251
-7.40629
-7.41007
-7.41385
-7.41763
-7.42140
-7.42518
-7.42896
-7.43274
-7.43652
-7.44030
-7.44408
-7.44786
-7.45163
-7.45541
-7.45919
-7.46297
-7.46675
-7.47053
-7.47431
-7.47808
-7.48186
-7.48564
-7.48942
-7.49320
-7.49698
-7.50075
-7.50453
-7.50831
-7.51209
-7.51587
-7.51965
-7.52342
-7.52720
-7.53098
-7.53476
-7.53854
-7.54232
-7.54610
-7.54987
-7.55365
-7.55743
-7.56120
-7.56498
-7.56876
-7.57254
-7.57632
-7.58009
-7.58387
-7.58765
-7.59143
-7.59521
-7.59899
-7.60276
-7.60654
-7.61032
-7.61410
-7.61788
-7.62165
-7.62543
-7.62921
-7.63299
-7.63676
-7.64054
-7.64432
-7.64810
-7.65188
-7.65565
-7.65943
-7.66321
-7.66699
-7.67077
-7.67454
-7.67832
-7.68210
-7.68588
-7.68965
-7.69343
-7.69721
-7.70099
-7.70477
-7.70854
-7.71232
-7.71610
-7.71987
-7.72365
-7.72743
-7.73121
-7.73498
-7.73876
-7.74254
-7.74632
-7.75010
-7.75387
-7.75765
-7.76143
-7.76521
-7.76898
-7.77276
-7.77654
-7.78032
-7.78409
-7.78787
-7.79165
-7.79542
-7.79920
-7.80297
-7.80675
-7.81053
-7.81431
-7.81808
-7.82186
-7.82564
-7.82942
-7.83319
-7.83697
-7.84075
-7.84453
-7.84830
-7.85208
-7.85586
-7.85963
-7.86341
-7.86719
-7.87096
-7.87474
-7.87852
-7.88229
-7.88607
-7.88985
-7.89363
-7.89740
-7.90118
-7.90496
-7.90873
-7.91251
-7.91629
-7.92006
-7.92384
-7.92762
-7.93139
-7.93517
-7.93895
-7.94272
-7.94650
-7.95028
-7.95405
-7.95783
-7.96161
-7.96538
-7.96916
-7.97294
-7.97671
-7.98049
-7.98427
-7.98804
-7.99182
-7.99560
-7.99937
-8.00315
-8.00693
-8.01070
-8.01448
-8.01825
-8.02203
-8.02581
-8.02958
-8.03336
-8.03713
-8.04091
-8.04469
-8.04846
-8.05224
-8.05602
-8.05979
-8.06357
-8.06735
-8.07112
-8.07490
-8.07867
-8.08245
-8.08623
-8.09000
-8.09378
-8.09756
-8.10133
-8.10511
-8.10888
-8.11266
-8.11643
-8.12021
-8.12399
-8.12776
-8.13154
-8.13532
-8.13909
-8.14287
-8.14664
-8.15042
-8.15420
-8.15797
-8.16175
-8.16552
-8.16930
-8.17308
-8.17685
-8.18063
-8.18440
-8.18818
-8.19195
-8.19573
-8.19950
-8.20328
-8.20706
-8.21083
-8.21461
-8.21838
-8.22216
-8.22594
-8.22971
-8.23349
-8.23726
-8.24104
-8.24481
-8.24859
-8.25236
-8.25614
-8.25991
-8.26369
-8.26746
-8.27124
-8.27501
-8.27879
-8.28257
-8.28634
-8.29012
-8.29389
-8.29767
-8.30144
-8.30522
-8.30899
-8.31277
-8.31654
-8.32032
-8.32410
-8.32787
-8.33165
-8.33542
-8.33919
-8.34297
-8.34675
-8.35052
-8.35430
-8.35807
-8.36185
-8.36562
-8.36940
-8.37317
-8.37695
-8.38072
-8.38450
-8.38827
-8.39205
-8.39582
-8.39960
-8.40337
-8.40715
-8.41092
-8.41470
-8.41847
-8.42225
-8.42602
-8.42980
-8.43357
-8.43735
-8.44112
-8.44490
-8.44867
-8.45245
-8.45622
-8.46000
-8.46377
-8.46754
-8.47132
-8.47509
-8.47887
-8.48264
-8.48642
-8.49019
-8.49397
-8.49774
-8.50151
-8.50529
-8.50906
-8.51284
-8.51661
-8.52039
-8.52416
-8.52794
-8.53171
-8.53548
-8.53926
-8.54303
-8.54681
-8.55058
-8.55436
-8.55813
-8.56191
-8.56568
-8.56945
-8.57323
-8.57700
-8.58078
-8.58455
-8.58832
-8.59210
-8.59587
-8.59965
-8.60342
-8.60720
-8.61097
-8.61475
-8.61852
-8.62229
-8.62607
-8.62984
-8.63362
-8.63739
-8.64116
-8.64494
-8.64871
-8.65248
-8.65626
-8.66003
-8.66381
-8.66758
-8.67136
-8.67513
-8.67890
-8.68268
-8.68645
-8.69023
-8.69400
-8.69777
-8.70155
-8.70532
-8.70910
-8.71287
-8.71664
-8.72041
-8.72419
-8.72796
-8.73173
-8.73551
-8.73928
-8.74305
-8.74683
-8.75060
-8.75438
-8.75815
-8.76192
-8.76570
-8.76947
-8.77324
-8.77702
-8.78079
-8.78457
-8.78834
-8.79211
-8.79589
-8.79966
-8.80343
-8.80720
-8.81098
-8.81475
-8.81853
-8.82230
-8.82607
-8.82985
-8.83362
-8.83739
-8.84117
-8.84494
-8.84871
-8.85249
-8.85626
-8.86003
-8.86381
-8.86758
-8.87135
-8.87513
-8.87890
-8.88267
-8.88644
-8.89022
-8.89399
-8.89776
-8.90154
-8.90531
-8.90908
-8.91286
-8.91663
-8.92040
-8.92418
-8.92795
-8.93172
-8.93549
-8.93927
-8.94304
-8.94681
-8.95059
-8.95436
-8.95813
-8.96190
-8.96567
-8.96945
-8.97322
-8.97699
-8.98077
-8.98454
-8.98831
-8.99208
-8.99586
-8.99963
-9.00340
-9.00718
-9.01095
-9.01472
-9.01849
-9.02227
-9.02604
-9.02981
-9.03358
-9.03736
-9.04113
-9.04490
-9.04867
-9.05245
-9.05622
-9.05999
-9.06376
-9.06754
-9.07131
-9.07508
-9.07885
-9.08263
-9.08640
-9.09017
-9.09394
-9.09772
-9.10149
-9.10526
-9.10903
-9.11280
-9.11657
-9.12035
-9.12412
-9.12789
-9.13166
-9.13543
-9.13921
-9.14298
-9.14675
-9.15052
-9.15430
-9.15807
-9.16184
-9.16561
-9.16938
-9.17316
-9.17693
-9.18070
-9.18447
-9.18824
-9.19202
-9.19579
-9.19956
-9.20333
-9.20710
-9.21087
-9.21465
-9.21842
-9.22219
-9.22596
-9.22973
-9.23351
-9.23728
-9.24105
-9.24482
-9.24859
-9.25237
-9.25614
-9.25991
-9.26368
-9.26745
-9.27122
-9.27500
-9.27877
-9.28254
-9.28631
-9.29008
-9.29385
-9.29762
-9.30140
-9.30517
-9.30894
-9.31271
-9.31648
-9.32025
-9.32403
-9.32780
-9.33157
-9.33534
-9.33911
-9.34288
-9.34666
-9.35042
-9.35420
-9.35797
-9.36174
-9.36551
-9.36928
-9.37305
-9.37682
-9.38059
-9.38436
-9.38814
-9.39191
-9.39568
-9.39945
-9.40322
-9.40699
-9.41076
-9.41453
-9.41831
-9.42208
-9.42585
-9.42962
-9.43339
-9.43716
-9.44093
-9.44470
-9.44847
-9.45224
-9.45602
-9.45979
-9.46356
-9.46733
-9.47110
-9.47487
-9.47864
-9.48241
-9.48618
-9.48995
-9.49373
-9.49750
-9.50127
-9.50504
-9.50881
-9.51258
-9.51635
-9.52012
-9.52389
-9.52766
-9.53143
-9.53520
-9.53897
-9.54274
-9.54651
-9.55029
-9.55406
-9.55783
-9.56160
-9.56537
-9.56914
-9.57291
-9.57668
-9.58045
-9.58422
-9.58799
-9.59176
-9.59553
-9.59930
-9.60307
-9.60684
-9.61061
-9.61438
-9.61815
-9.62192
-9.62569
-9.62946
-9.63323
-9.63700
-9.64077
-9.64454
-9.64831
-9.65208
-9.65585
-9.65962
-9.66340
-9.66717
-9.67094
-9.67470
-9.67847
-9.68224
-9.68601
-9.68978
-9.69355
-9.69732
-9.70109
-9.70487
-9.70864
-9.71241
-9.71618
-9.71995
-9.72372
-9.72749
-9.73126
-9.73503
-9.73880
-9.74257
-9.74633
-9.75010
-9.75387
-9.75764
-9.76141
-9.76518
-9.76895
-9.77272
-9.77649
-9.78026
-9.78403
-9.78780
-9.79157
-9.79534
-9.79911
-9.80288
-9.80665
-9.81042
-9.81419
-9.81796
-9.82173
-9.82550
-9.82927
-9.83304
-9.83680
-9.84057
-9.84434
-9.84811
-9.85188
-9.85565
-9.85942
-9.86319
-9.86696
-9.87073
-9.87450
-9.87827
-9.88204
-9.88581
-9.88958
-9.89335
-9.89712
-9.90088
-9.90465
-9.90842
-9.91219
-9.91596
-9.91973
-9.92350
-9.92727
-9.93104
-9.93481
-9.93858
-9.94234
-9.94611
-9.94988
-9.95365
-9.95742
-9.96119
-9.96496
-9.96873
-9.97250
-9.97627
-9.98004
-9.98380
-9.98757
-9.99134
-9.99511
-9.99888
-10.00265
-10.00641
-10.01018
-10.01395
-10.01772
-10.02149
-10.02526
-10.02903
-10.03280
-10.03657
-10.04033
-10.04410
-10.04787
-10.05164
-10.05541
-10.05918
-10.06295
-10.06672
-10.07048
-10.07425
-10.07802
-10.08179
-10.08556
-10.08933
-10.09309
-10.09686
-10.10063
-10.10440
-10.10817
-10.11194
-10.11571
-10.11947
-10.12324
-10.12701
-10.13078
-10.13455
-10.13832
-10.14209
-10.14585
-10.14962
-10.15339
-10.15715
-10.16092
-10.16469
-10.16846
-10.17223
-10.17600
-10.17976
-10.18353
-10.18730
-10.19107
-10.19484
-10.19861
-10.20237
-10.20614
-10.20991
-10.21368
-10.21745
-10.22122
-10.22498
-10.22875
-10.23252
-10.23629
-10.24005
-10.24382
-10.24759
-10.25136
-10.25513
-10.25889
-10.26266
-10.26643
-10.27020
-10.27397
-10.27773
-10.28150
-10.28527
-10.28904
-10.29281
-10.29657
-10.30034
-10.30411
-10.30787
-10.31164
-10.31541
-10.31918
-10.32295
-10.32671
-10.33048
-10.33425
-10.33802
-10.34178
-10.34555
-10.34932
-10.35309
-10.35686
-10.36062
-10.36439
-10.36816
-10.37193
-10.37569
-10.37946
-10.38323
-10.38699
-10.39076
-10.39452
-10.39829
-10.40206
-10.40583
-10.40960
-10.41336
-10.41713
-10.42090
-10.42467
-10.42843
-10.43220
-10.43597
-10.43973
-10.44350
-10.44727
-10.45104
-10.45480
-10.45857
-10.46234
-10.46611
-10.46987
-10.47364
-10.47740
-10.48117
-10.48494
-10.48871
-10.49247
-10.49624
-10.50001
-10.50378
-10.50754
-10.51131
-10.51508
-10.51884
-10.52261
-10.52638
-10.53014
-10.53391
-10.53768
-10.54144
-10.54521
-10.54898
-10.55274
-10.55651
-10.56027
-10.56404
-10.56781
-10.57158
-10.57534
-10.57911
-10.58288
-10.58664
-10.59041
-10.59418
-10.59794
-10.60171
-10.60548
-10.60924
-10.61301
-10.61678
-10.62054
-10.62431
-10.62808
-10.63184
-10.63561
-10.63937
-10.64314
-10.64691
-10.65067
-10.65444
-10.65821
-10.66197
-10.66574
-10.66951
-10.67327
-10.67704
-10.68080
-10.68457
-10.68834
-10.69210
-10.69587
-10.69964
-10.70340
-10.70717
-10.71093
-10.71470
-10.71846
-10.72223
-10.72600
-10.72976
-10.73353
-10.73729
-10.74106
-10.74483
-10.74859
-10.75236
-10.75613
-10.75989
-10.76366
-10.76742
-10.77119
-10.77496
-10.77872
-10.78249
-10.78625
-10.79002
-10.79378
-10.79755
-10.80131
-10.80508
-10.80885
-10.81261
-10.81638
-10.82014
-10.82391
-10.82768
-10.83144
-10.83521
-10.83897
-10.84274
-10.84651
-10.85027
-10.85404
-10.85780
-10.86157
-10.86533
-10.86910
-10.87286
-10.87663
-10.88039
-10.88416
-10.88793
-10.89169
-10.89546
-10.89922
-10.90299
-10.90675
-10.91052
-10.91428
-10.91805
-10.92182
-10.92558
-10.92935
-10.93311
-10.93688
-10.94064
-10.94441
-10.94817
-10.95194
-10.95570
-10.95946
-10.96323
-10.96700
-10.97076
-10.97453
-10.97829
-10.98206
-10.98582
-10.98959
-10.99335
-10.99712
-11.00088
-11.00465
-11.00841
-11.01218
-11.01594
-11.01971
-11.02347
-11.02724
-11.03100
-11.03477
-11.03853
-11.04230
-11.04606
-11.04983
-11.05359
-11.05736
-11.06112
-11.06489
-11.06865
-11.07242
-11.07618
-11.07995
-11.08371
-11.08748
-11.09124
-11.09501
-11.09877
-11.10253
-11.10630
-11.11006
-11.11383
-11.11759
-11.12135
-11.12512
-11.12888
-11.13265
-11.13641
-11.14018
-11.14394
-11.14771
-11.15147
-11.15524
-11.15900
-11.16277
-11.16653
-11.17029
-11.17406
-11.17782
-11.18159
-11.18535
-11.18912
-11.19288
-11.19664
-11.20041
-11.20417
-11.20794
-11.21170
-11.21547
-11.21923
-11.22299
-11.22676
-11.23052
-11.23429
-11.23805
-11.24182
-11.24558
-11.24934
-11.25311
-11.25687
-11.26064
-11.26440
-11.26816
-11.27193
-11.27569
-11.27945
-11.28322
-11.28698
-11.29075
-11.29451
-11.29827
-11.30204
-11.30580
-11.30957
-11.31333
-11.31709
-11.32086
-11.32462
-11.32839
-11.33215
-11.33591
-11.33968
-11.34344
-11.34720
-11.35097
-11.35473
-11.35849
-11.36226
-11.36602
-11.36979
-11.37355
-11.37731
-11.38108
-11.38484
-11.38860
-11.39237
-11.39613
-11.39990
-11.40366
-11.40742
-11.41119
-11.41495
-11.41871
-11.42248
-11.42624
-11.43000
-11.43377
-11.43753
-11.44129
-11.44506
-11.44882
-11.45258
-11.45635
-11.46011
-11.46387
-11.46764
-11.47140
-11.47516
-11.47893
-11.48269
-11.48645
-11.49022
-11.49398
-11.49774
-11.50151
-11.50527
-11.50903
-11.51279
-11.51655
-11.52032
-11.52408
-11.52784
-11.53161
-11.53537
-11.53913
-11.54290
-11.54666
-11.55042
-11.55419
-11.55795
-11.56171
-11.56548
-11.56924
-11.57300
-11.57676
-11.58053
-11.58429
-11.58805
-11.59181
-11.59558
-11.59934
-11.60310
-11.60687
-11.61063
-11.61439
-11.61815
-11.62192
-11.62568
-11.62944
-11.63321
-11.63697
-11.64073
-11.64449
-11.64826
-11.65202
-11.65578
-11.65954
-11.66331
-11.66707
-11.67083
-11.67459
-11.67835
-11.68212
-11.68588
-11.68964
-11.69340
-11.69717
-11.70093
-11.70469
-11.70845
-11.71222
-11.71598
-11.71974
-11.72350
-11.72727
-11.73103
-11.73479
-11.73855
-11.74232
-11.74608
-11.74984
-11.75360
-11.75736
-11.76112
-11.76489
-11.76865
-11.77241
-11.77617
-11.77994
-11.78370
-11.78746
-11.79122
-11.79498
-11.79875
-11.80251
-11.80627
-11.81003
-11.81380
-11.81756
-11.82132
-11.82508
-11.82884
-11.83260
-11.83637
-11.84012
-11.84389
-11.84765
-11.85141
-11.85517
-11.85893
-11.86270
-11.86646
-11.87022
-11.87398
-11.87774
-11.88151
-11.88527
-11.88903
-11.89279
-11.89655
-11.90031
-11.90408
-11.90784
-11.91160
-11.91536
-11.91912
-11.92288
-11.92664
-11.93041
-11.93417
-11.93793
-11.94169
-11.94545
-11.94921
-11.95298
-11.95674
-11.96050
-11.96426
-11.96802
-11.97178
-11.97554
-11.97931
-11.98307
-11.98683
-11.99059
-11.99435
-11.99811
-12.00187
-12.00563
-12.00939
-12.01315
-12.01692
-12.02068
-12.02444
-12.02820
-12.03196
-12.03572
-12.03948
-12.04324
-12.04701
-12.05077
-12.05453
-12.05829
-12.06205
-12.06581
-12.06957
-12.07333
-12.07709
-12.08085
-12.08461
-12.08838
-12.09214
-12.09590
-12.09966
-12.10342
-12.10718
-12.11094
-12.11470
-12.11846
-12.12222
-12.12599
-12.12975
-12.13351
-12.13727
-12.14103
-12.14479
-12.14855
-12.15231
-12.15607
-12.15983
-12.16359
-12.16735
-12.17111
-12.17487
-12.17863
-12.18240
-12.18616
-12.18992
-12.19368
-12.19744
-12.20120
-12.20496
-12.20872
-12.21248
-12.21624
-12.22000
-12.22376
-12.22752
-12.23128
-12.23504
-12.23880
-12.24256
-12.24632
-12.25008
-12.25384
-12.25760
-12.26136
-12.26512
-12.26888
-12.27264
-12.27640
-12.28016
-12.28392
-12.28768
-12.29144
-12.29520
-12.29896
-12.30272
-12.30648
-12.31025
-12.31400
-12.31776
-12.32152
-12.32528
-12.32904
-12.33280
-12.33656
-12.34032
-12.34408
-12.34784
-12.35160
-12.35536
-12.35912
-12.36288
-12.36664
-12.37040
-12.37416
-12.37792
-12.38168
-12.38544
-12.38920
-12.39296
-12.39672
-12.40048
-12.40424
-12.40800
-12.41176
-12.41552
-12.41928
-12.42304
-12.42680
-12.43056
-12.43432
-12.43808
-12.44184
-12.44560
-12.44936
-12.45312
-12.45687
-12.46063
-12.46439
-12.46815
-12.47191
-12.47567
-12.47943
-12.48319
-12.48695
-12.49071
-12.49447
-12.49823
-12.50199
-12.50575
-12.50951
-12.51327
-12.51703
-12.52078
-12.52454
-12.52830
-12.53206
-12.53582
-12.53958
-12.54334
-12.54710
-12.55086
-12.55462
-12.55838
-12.56213
-12.56589
-12.56965
-12.57341
-12.57717
-12.58093
-12.58469
-12.58845
-12.59221
-12.59596
-12.59972
-12.60348
-12.60724
-12.61100
-12.61476
-12.61852
-12.62228
-12.62604
-12.62980
-12.63356
-12.63731
-12.64107
-12.64483
-12.64859
-12.65235
-12.65611
-12.65987
-12.66362
-12.66738
-12.67114
-12.67490
-12.67866
-12.68242
-12.68618
-12.68994
-12.69369
-12.69745
-12.70121
-12.70497
-12.70873
-12.71249
-12.71624
-12.72000
-12.72376
-12.72752
-12.73128
-12.73503
-12.73879
-12.74255
-12.74631
-12.75007
-12.75383
-12.75759
-12.76134
-12.76510
-12.76886
-12.77262
-12.77638
-12.78014
-12.78390
-12.78765
-12.79141
-12.79517
-12.79893
-12.80268
-12.80644
-12.81020
-12.81396
-12.81772
-12.82148
-12.82523
-12.82899
-12.83275
-12.83651
-12.84027
-12.84403
-12.84778
-12.85154
-12.85530
-12.85906
-12.86282
-12.86657
-12.87033
-12.87409
-12.87785
-12.88160
-12.88536
-12.88912
-12.89288
-12.89663
-12.90039
-12.90415
-12.90791
-12.91167
-12.91542
-12.91918
-12.92294
-12.92670
-12.93045
-12.93421
-12.93797
-12.94173
-12.94549
-12.94924
-12.95300
-12.95676
-12.96052
-12.96427
-12.96803
-12.97179
-12.97555
-12.97930
-12.98306
-12.98682
-12.99058
-12.99433
-12.99809
-13.00185
-13.00561
-13.00936
-13.01312
-13.01688
-13.02064
-13.02439
-13.02815
-13.03191
-13.03567
-13.03942
-13.04318
-13.04694
-13.05069
-13.05445
-13.05821
-13.06197
-13.06572
-13.06948
-13.07324
-13.07700
-13.08075
-13.08451
-13.08827
-13.09202
-13.09578
-13.09954
-13.10330
-13.10705
-13.11081
-13.11456
-13.11832
-13.12208
-13.12583
-13.12959
-13.13335
-13.13710
-13.14086
-13.14462
-13.14838
-13.15213
-13.15589
-13.15965
-13.16340
-13.16716
-13.17092
-13.17467
-13.17843
-13.18219
-13.18595
-13.18970
-13.19346
-13.19722
-13.20097
-13.20473
-13.20848
-13.21224
-13.21600
-13.21975
-13.22351
-13.22727
-13.23102
-13.23478
-13.23854
-13.24229
-13.24605
-13.24981
-13.25356
-13.25732
-13.26108
-13.26483
-13.26859
-13.27235
-13.27610
-13.27986
-13.28361
-13.28737
-13.29112
-13.29488
-13.29864
-13.30239
-13.30615
-13.30991
-13.31366
-13.31742
-13.32118
-13.32493
-13.32869
-13.33245
-13.33620
-13.33996
-13.34371
-13.34747
-13.35123
-13.35498
-13.35874
-13.36249
-13.36625
-13.37000
-13.37376
-13.37752
-13.38127
-13.38503
-13.38879
-13.39254
-13.39630
-13.40005
-13.40381
-13.40757
-13.41132
-13.41508
-13.41883
-13.42259
-13.42635
-13.43010
-13.43386
-13.43761
-13.44137
-13.44512
-13.44888
-13.45263
-13.45639
-13.46014
-13.46390
-13.46766
-13.47141
-13.47517
-13.47892
-13.48268
-13.48643
-13.49019
-13.49395
-13.49770
-13.50146
-13.50521
-13.50897
-13.51272
-13.51648
-13.52024
-13.52399
-13.52774
-13.53150
-13.53526
-13.53901
-13.54277
-13.54652
-13.55028
-13.55403
-13.55779
-13.56154
-13.56530
-13.56905
-13.57281
-13.57657
-13.58032
-13.58408
-13.58783
-13.59159
-13.59534
-13.59910
-13.60285
-13.60661
-13.61036
-13.61411
-13.61787
-13.62162
-13.62538
-13.62913
-13.63289
-13.63664
-13.64040
-13.64416
-13.64791
-13.65167
-13.65542
-13.65918
-13.66293
-13.66669
-13.67044
-13.67420
-13.67795
-13.68171
-13.68546
-13.68921
-13.69297
-13.69672
-13.70048
-13.70423
-13.70799
-13.71174
-13.71550
-13.71925
-13.72301
-13.72676
-13.73052
-13.73427
-13.73803
-13.74178
-13.74554
-13.74929
-13.75305
-13.75680
-13.76055
-13.76431
-13.76806
-13.77182
-13.77557
-13.77932
-13.78308
-13.78683
-13.79059
-13.79434
-13.79810
-13.80185
-13.80560
-13.80936
-13.81311
-13.81687
-13.82062
-13.82438
-13.82813
-13.83189
-13.83564
-13.83939
-13.84315
-13.84690
-13.85066
-13.85441
-13.85816
-13.86192
-13.86567
-13.86943
-13.87318
-13.87694
-13.88069
-13.88444
-13.88820
-13.89195
-13.89571
-13.89946
-13.90321
-13.90697
-13.91072
-13.91448
-13.91823
-13.92199
-13.92574
-13.92949
-13.93325
-13.93700
-13.94075
-13.94450
-13.94826
-13.95201
-13.95577
-13.95952
-13.96327
-13.96703
-13.97078
-13.97454
-13.97829
-13.98204
-13.98580
-13.98955
-13.99331
-13.99706
-14.00081
-14.00457
-14.00832
-14.01207
-14.01582
-14.01958
-14.02333
-14.02709
-14.03084
-14.03459
-14.03835
-14.04210
-14.04585
-14.04961
-14.05336
-14.05712
-14.06087
-14.06462
-14.06838
-14.07213
-14.07588
-14.07964
-14.08339
-14.08714
-14.09089
-14.09465
-14.09840
-14.10215
-14.10591
-14.10966
-14.11341
-14.11717
-14.12092
-14.12467
-14.12843
-14.13218
-14.13593
-14.13969
-14.14344
-14.14719
-14.15095
-14.15470
-14.15845
-14.16221
-14.16596
-14.16971
-14.17346
-14.17721
-14.18097
-14.18472
-14.18847
-14.19223
-14.19598
-14.19973
-14.20349
-14.20724
-14.21099
-14.21474
-14.21850
-14.22225
-14.22600
-14.22976
-14.23351
-14.23726
-14.24101
-14.24477
-14.24852
-14.25227
-14.25602
-14.25978
-14.26353
-14.26728
-14.27103
-14.27479
-14.27854
-14.28229
-14.28605
-14.28980
-14.29355
-14.29730
-14.30106
-14.30481
-14.30856
-14.31231
-14.31607
-14.31982
-14.32357
-14.32732
-14.33107
-14.33483
-14.33858
-14.34233
-14.34608
-14.34983
-14.35359
-14.35734
-14.36109
-14.36484
-14.36860
-14.37235
-14.37610
-14.37985
-14.38361
-14.38736
-14.39111
-14.39486
-14.39861
-14.40237
-14.40612
-14.40987
-14.41362
-14.41737
-14.42113
-14.42488
-14.42863
-14.43238
-14.43613
-14.43989
-14.44364
-14.44739
-14.45114
-14.45489
-14.45865
-14.46240
-14.46615
-14.46990
-14.47365
-14.47741
-14.48116
-14.48491
-14.48866
-14.49241
-14.49616
-14.49992
-14.50366
-14.50742
-14.51117
-14.51492
-14.51867
-14.52242
-14.52618
-14.52993
-14.53368
-14.53743
-14.54118
-14.54493
-14.54869
-14.55244
-14.55619
-14.55994
-14.56369
-14.56744
-14.57120
-14.57495
-14.57870
-14.58245
-14.58620
-14.58995
-14.59370
-14.59745
-14.60121
-14.60496
-14.60871
-14.61246
-14.61621
-14.61996
-14.62371
-14.62747
-14.63122
-14.63497
-14.63872
-14.64247
-14.64622
-14.64997
-14.65372
-14.65747
-14.66123
-14.66497
-14.66873
-14.67248
-14.67623
-14.67998
-14.68373
-14.68748
-14.69123
-14.69498
-14.69873
-14.70249
-14.70624
-14.70999
-14.71374
-14.71749
-14.72124
-14.72499
-14.72874
-14.73249
-14.73624
-14.73999
-14.74374
-14.74750
-14.75125
-14.75500
-14.75875
-14.76250
-14.76625
-14.77000
-14.77375
-14.77750
-14.78125
-14.78500
-14.78875
-14.79251
-14.79626
-14.80001
-14.80376
-14.80751
-14.81126
-14.81501
-14.81876
-14.82251
-14.82626
-14.83001
-14.83376
-14.83751
-14.84126
-14.84501
-14.84876
-14.85251
-14.85626
-14.86001
-14.86376
-14.86751
-14.87126
-14.87501
-14.87876
-14.88251
-14.88627
-14.89002
-14.89377
-14.89752
-14.90126
-14.90501
-14.90876
-14.91251
-14.91627
-14.92002
-14.92377
-14.92752
-14.93127
-14.93502
-14.93877
-14.94252
-14.94627
-14.95002
-14.95377
-14.95752
-14.96127
-14.96502
-14.96877
-14.97252
-14.97626
-14.98002
-14.98377
-14.98752
-14.99126
-14.99501
-14.99876
-15.00251
-15.00626
-15.01001
-15.01376
-15.01751
-15.02126
-15.02501
-15.02876
-15.03251
-15.03626
-15.04001
-15.04376
-15.04751
-15.05126
-15.05501
-15.05876
-15.06251
-15.06626
-15.07001
-15.07376
-15.07751
-15.08126
-15.08501
-15.08876
-15.09251
-15.09626
-15.10000
-15.10375
-15.10750
-15.11125
-15.11500
-15.11875
-15.12250
-15.12625
-15.13000
-15.13375
-15.13750
-15.14125
-15.14500
-15.14875
-15.15249
-15.15624
-15.15999
-15.16374
-15.16749
-15.17124
-15.17499
-15.17874
-15.18249
-15.18624
-15.18999
-15.19374
-15.19748
-15.20123
-15.20498
-15.20873
-15.21248
-15.21623
-15.21998
-15.22373
-15.22747
-15.23122
-15.23497
-15.23872
-15.24247
-15.24622
-15.24997
-15.25372
-15.25747
-15.26122
-15.26497
-15.26871
-15.27246
-15.27621
-15.27996
-15.28371
-15.28746
-15.29121
-15.29496
-15.29871
-15.30245
-15.30620
-15.30995
-15.31370
-15.31744
-15.32119
-15.32494
-15.32869
-15.33244
-15.33619
-15.33994
-15.34369
-15.34743
-15.35118
-15.35493
-15.35868
-15.36243
-15.36618
-15.36993
-15.37367
-15.37742
-15.38117
-15.38492
-15.38867
-15.39241
-15.39616
-15.39991
-15.40366
-15.40741
-15.41116
-15.41490
-15.41865
-15.42240
-15.42615
-15.42990
-15.43365
-15.43739
-15.44114
-15.44489
-15.44864
-15.45239
-15.45614
-15.45988
-15.46363
-15.46738
-15.47113
-15.47487
-15.47862
-15.48237
-15.48612
-15.48987
-15.49362
-15.49736
-15.50111
-15.50486
-15.50861
-15.51236
-15.51610
-15.51985
-15.52360
-15.52735
-15.53109
-15.53484
-15.53859
-15.54234
-15.54608
-15.54983
-15.55358
-15.55733
-15.56107
-15.56482
-15.56857
-15.57232
-15.57606
-15.57981
-15.58356
-15.58731
-15.59106
-15.59480
-15.59855
-15.60230
-15.60605
-15.60979
-15.61354
-15.61729
-15.62104
-15.62478
-15.62853
-15.63228
-15.63602
-15.63977
-15.64352
-15.64727
-15.65101
-15.65476
-15.65851
-15.66226
-15.66600
-15.66975
-15.67350
-15.67725
-15.68099
-15.68474
-15.68849
-15.69224
-15.69598
-15.69973
-15.70348
-15.70722
-15.71097
-15.71471
-15.71846
-15.72221
-15.72596
-15.72970
-15.73345
-15.73720
-15.74095
-15.74469
-15.74844
-15.75219
-15.75593
-15.75968
-15.76343
-15.76718
-15.77092
-15.77467
-15.77842
-15.78216
-15.78591
-15.78965
-15.79340
-15.79715
-15.80090
-15.80464
-15.80839
-15.81214
-15.81588
-15.81963
-15.82338
-15.82712
-15.83087
-15.83462
-15.83836
-15.84211
-15.84586
-15.84960
-15.85335
-15.85710
-15.86084
-15.86459
-15.86834
-15.87208
-15.87583
-15.87957
-15.88332
-15.88707
-15.89081
-15.89456
-15.89831
-15.90205
-15.90580
-15.90955
-15.91329
-15.91704
-15.92078
-15.92453
-15.92828
-15.93202
-15.93577
-15.93952
-15.94326
-15.94701
-15.95075
-15.95450
-15.95825
-15.96199
-15.96574
-15.96948
-15.97323
-15.97698
-15.98072
-15.98447
-15.98822
-15.99196
-15.99571
-15.99945
-16.00320
-16.00695
-16.01069
-16.01444
-16.01818
-16.02193
-16.02567
-16.02942
-16.03317
-16.03691
-16.04066
-16.04441
-16.04815
-16.05190
-16.05564
-16.05939
-16.06313
-16.06688
-16.07063
-16.07437
-16.07812
-16.08186
