7.41224
7.41220
7.41207
7.41188
7.41162
7.41131
7.41095
7.41054
7.41009
7.40961
7.40911
7.40858
7.40804
7.40748
7.40691
7.40634
7.40576
7.40518
7.40460
7.40403
7.40347
7.40292
7.40237
7.40185
7.40133
7.40084
7.40036
7.39990
7.39946
7.39905
7.39865
7.39828
7.39794
7.39761
7.39732
7.39705
7.39680
7.39658
7.39639
7.39622
7.39608
7.39597
7.39588
7.39582
7.39579
7.39579
7.39581
7.39586
7.39593
7.39603
7.39615
7.39631
7.39648
7.39668
7.39691
7.39716
7.39744
7.39773
7.39806
7.39840
7.39877
7.39916
7.39957
7.40000
7.40046
7.40093
7.40143
7.40194
7.40248
7.40303
7.40360
7.40419
7.40480
7.40543
7.40607
7.40673
7.40741
7.40810
7.40881
7.40954
7.41028
7.41103
7.41180
7.41258
7.41338
7.41419
7.41501
7.41585
7.41669
7.41755
7.41842
7.41931
7.42020
7.42111
7.42202
7.42295
7.42388
7.42483
7.42578
7.42675
7.42772
7.42870
7.42969
7.43069
7.43170
7.43271
7.43373
7.43476
7.43580
7.43684
7.43789
7.43895
7.44001
7.44108
7.44216
7.44324
7.44433
7.44542
7.44652
7.44762
7.44873
7.44985
7.45096
7.45209
7.45321
7.45435
7.45548
7.45662
7.45777
7.45892
7.46007
7.46122
7.46238
7.46355
7.46471
7.46588
7.46705
7.46823
7.46941
7.47059
7.47178
7.47296
7.47415
7.47534
7.47654
7.47774
7.47894
7.48014
7.48134
7.48255
7.48376
7.48497
7.48618
7.48739
7.48861
7.48982
7.49104
7.49226
7.49349
7.49471
7.49594
7.49716
7.49839
7.49962
7.50085
7.50209
7.50332
7.50455
7.50579
7.50703
7.50827
7.50951
7.51075
7.51199
7.51323
7.51447
7.51572
7.51696
7.51821
7.51946
7.52071
7.52195
7.52320
7.52445
7.52571
7.52696
7.52821
7.52946
7.53072
7.53197
7.53323
7.53448
7.53574
7.53700
7.53825
7.53951
7.54077
7.54203
7.54329
7.54455
7.54581
7.54707
7.54833
7.54959
7.55085
7.55212
7.55338
7.55464
7.55591
7.55717
7.55844
7.55970
7.56097
7.56223
7.56350
7.56476
7.56603
7.56730
7.56856
7.56983
7.57110
7.57237
7.57364
7.57490
7.57617
7.57744
7.57871
7.57998
7.58125
7.58252
7.58379
7.58506
7.58633
7.58760
7.58887
7.59014
7.59142
7.59269
7.59396
7.59523
7.59650
7.59778
7.59905
7.60032
7.60159
7.60287
7.60414
7.60541
7.60669
7.60796
7.60924
7.61051
7.61178
7.61306
7.61433
7.61561
7.61688
7.61816
7.61943
7.62071
7.62198
7.62326
7.62454
7.62581
7.62709
7.62836
7.62964
7.63092
7.63219
7.63347
7.63475
7.63602
7.63730
7.63858
7.63986
7.64113
7.64241
7.64369
7.64497
7.64624
7.64752
7.64880
7.65008
7.65136
7.65264
7.65391
7.65519
7.65647
7.65775
7.65903
7.66031
7.66159
7.66287
7.66415
7.66543
7.66671
7.66799
7.66927
7.67055
7.67183
7.67311
7.67439
7.67567
7.67695
7.67823
7.67951
7.68079
7.68207
7.68336
7.68464
7.68592
7.68720
7.68848
7.68976
7.69104
7.69233
7.69361
7.69489
7.69617
7.69746
7.69874
7.70002
7.70130
7.70259
7.70387
7.70515
7.70643
7.70772
7.70900
7.71028
7.71157
7.71285
7.71413
7.71542
7.71670
7.71799
7.71927
7.72055
7.72184
7.72312
7.72441
7.72569
7.72698
7.72826
7.72955
7.73083
7.73212
7.73340
7.73469
7.73597
7.73726
7.73854
7.73983
7.74112
7.74240
7.74369
7.74497
7.74626
7.74755
7.74883
7.75012
7.75140
7.75269
7.75398
7.75526
7.75655
7.75784
7.75913
7.76041
7.76170
7.76299
7.76428
7.76556
7.76685
7.76814
7.76943
7.77071
7.77200
7.77329
7.77458
7.77587
7.77716
7.77845
7.77973
7.78102
7.78231
7.78360
7.78489
7.78618
7.78747
7.78876
7.79005
7.79134
7.79263
7.79392
7.79521
7.79650
7.79779
7.79908
7.80037
7.80166
7.80295
7.80424
7.80553
7.80682
7.80811
7.80940
7.81069
7.81198
7.81328
7.81457
7.81586
7.81715
7.81844
7.81973
7.82103
7.82232
7.82361
7.82490
7.82619
7.82749
7.82878
7.83007
7.83136
7.83266
7.83395
7.83524
7.83654
7.83783
7.83912
7.84042
7.84171
7.84300
7.84430
7.84559
7.84688
7.84818
7.84947
7.85077
7.85206
7.85335
7.85465
7.85594
7.85724
7.85853
7.85983
7.86112
7.86242
7.86371
7.86501
7.86630
7.86760
7.86889
7.87019
7.87149
7.87278
7.87408
7.87537
7.87667
7.87797
7.87926
7.88056
7.88186
7.88315
7.88445
7.88575
7.88704
7.88834
7.88964
7.89093
7.89223
7.89353
7.89483
7.89612
7.89742
7.89872
7.90002
7.90132
7.90261
7.90391
7.90521
7.90651
7.90781
7.90911
7.91040
7.91170
7.91300
7.91430
7.91560
7.91690
7.91820
7.91950
7.92080
7.92210
7.92340
7.92470
7.92600
7.92730
7.92860
7.92990
7.93120
7.93250
7.93380
7.93510
7.93640
7.93770
7.93900
7.94030
7.94160
7.94290
7.94421
7.94551
7.94681
7.94811
7.94941
7.95071
7.95202
7.95332
7.95462
7.95592
7.95722
7.95853
7.95983
7.96113
7.96243
7.96374
7.96504
7.96634
7.96765
7.96895
7.97025
7.97156
7.97286
7.97416
7.97547
7.97677
7.97808
7.97938
7.98068
7.98199
7.98329
7.98460
7.98590
7.98721
7.98851
7.98982
7.99112
7.99243
7.99373
7.99504
7.99634
7.99765
7.99895
8.00026
8.00156
8.00287
8.00417
8.00548
8.00679
8.00809
8.00940
8.01071
8.01201
8.01332
8.01463
8.01593
8.01724
8.01855
8.01985
8.02116
8.02247
8.02378
8.02508
8.02639
8.02770
8.02901
8.03031
8.03162
8.03293
8.03424
8.03555
8.03686
8.03816
8.03947
8.04078
8.04209
8.04340
8.04471
8.04602
8.04733
8.04864
8.04995
8.05126
8.05257
8.05387
8.05518
8.05649
8.05780
8.05912
8.06043
8.06174
8.06305
8.06436
8.06567
8.06698
8.06829
8.06960
8.07091
8.07222
8.07353
8.07484
8.07616
8.07747
8.07878
8.08009
8.08140
8.08272
8.08403
8.08534
8.08665
8.08796
8.08928
8.09059
8.09190
8.09322
8.09453
8.09584
8.09715
8.09847
8.09978
8.10109
8.10241
8.10372
8.10504
8.10635
8.10766
8.10898
8.11029
8.11161
8.11292
8.11423
8.11555
8.11686
8.11818
8.11949
8.12081
8.12212
8.12344
8.12475
8.12607
8.12738
8.12870
8.13002
8.13133
8.13265
8.13396
8.13528
8.13660
8.13791
8.13923
8.14054
8.14186
8.14318
8.14449
8.14581
8.14713
8.14845
8.14976
8.15108
8.15240
8.15371
8.15503
8.15635
8.15767
8.15899
8.16030
8.16162
8.16294
8.16426
8.16558
8.16690
8.16821
8.16953
8.17085
8.17217
8.17349
8.17481
8.17613
8.17745
8.17877
8.18009
8.18141
8.18273
8.18405
8.18537
8.18669
8.18801
8.18933
8.19065
8.19197
8.19329
8.19461
8.19593
8.19725
8.19857
8.19989
8.20121
8.20253
8.20386
8.20518
8.20650
8.20782
8.20914
8.21046
8.21179
8.21311
8.21443
8.21575
8.21708
8.21840
8.21972
8.22104
8.22237
8.22369
8.22501
8.22634
8.22766
8.22898
8.23031
8.23163
8.23295
8.23428
8.23560
8.23692
8.23825
8.23957
8.24090
8.24222
8.24355
8.24487
8.24620
8.24752
8.24885
8.25017
8.25150
8.25282
8.25415
8.25547
8.25680
8.25812
8.25945
8.26077
8.26210
8.26343
8.26475
8.26608
8.26741
8.26873
8.27006
8.27139
8.27271
8.27404
8.27537
8.27669
8.27802
8.27935
8.28067
8.28200
8.28333
8.28466
8.28599
8.28731
8.28864
8.28997
8.29130
8.29263
8.29395
8.29528
8.29661
8.29794
8.29927
8.30060
8.30193
8.30326
8.30459
8.30592
8.30725
8.30857
8.30990
8.31123
8.31256
8.31389
8.31522
8.31655
8.31788
8.31922
8.32055
8.32188
8.32321
8.32454
8.32587
8.32720
8.32853
8.32986
8.33119
8.33253
8.33386
8.33519
8.33652
8.33785
8.33918
8.34052
8.34185
8.34318
8.34451
8.34585
8.34718
8.34851
8.34984
8.35118
8.35251
8.35384
8.35518
8.35651
8.35784
8.35918
8.36051
8.36184
8.36318
8.36451
8.36585
8.36718
8.36852
8.36985
8.37118
8.37252
8.37385
8.37519
8.37652
8.37786
8.37919
8.38053
8.38186
8.38320
8.38454
8.38587
8.38721
8.38854
8.38988
8.39121
8.39255
8.39389
8.39522
8.39656
8.39790
8.39923
8.40057
8.40191
8.40324
8.40458
8.40592
8.40726
8.40859
8.40993
8.41127
8.41261
8.41394
8.41528
8.41662
8.41796
8.41930
8.42064
8.42197
8.42331
8.42465
8.42599
8.42733
8.42867
8.43001
8.43135
8.43269
8.43403
8.43537
8.43670
8.43804
8.43938
8.44072
8.44206
8.44340
8.44475
8.44609
8.44743
8.44877
8.45011
8.45145
8.45279
8.45413
8.45547
8.45681
8.45815
8.45950
8.46084
8.46218
8.46352
8.46486
8.46620
8.46755
8.46889
8.47023
8.47157
8.47292
8.47426
8.47560
8.47695
8.47829
8.47963
8.48097
8.48232
8.48366
8.48500
8.48635
8.48769
8.48904
8.49038
8.49172
8.49307
8.49441
8.49576
8.49710
8.49845
8.49979
8.50114
8.50248
8.50382
8.50517
8.50652
8.50786
8.50921
8.51055
8.51190
8.51324
8.51459
8.51593
8.51728
8.51863
8.51997
8.52132
8.52267
8.52401
8.52536
8.52671
8.52805
8.52940
8.53075
8.53209
8.53344
8.53479
8.53614
8.53748
8.53883
8.54018
8.54153
8.54288
8.54422
8.54557
8.54692
8.54827
8.54962
8.55097
8.55232
8.55367
8.55501
8.55636
8.55771
8.55906
8.56041
8.56176
8.56311
8.56446
8.56581
8.56716
8.56851
8.56986
8.57121
8.57256
8.57391
8.57526
8.57661
8.57797
8.57932
8.58067
8.58202
8.58337
8.58472
8.58607
8.58742
8.58878
8.59013
8.59148
8.59283
8.59418
8.59554
8.59689
8.59824
8.59959
8.60095
8.60230
8.60365
8.60501
8.60636
8.60771
8.60907
8.61042
8.61177
8.61313
8.61448
8.61583
8.61719
8.61854
8.61990
8.62125
8.62261
8.62396
8.62532
8.62667
8.62802
8.62938
8.63073
8.63209
8.63345
8.63480
8.63616
8.63751
8.63887
8.64022
8.64158
8.64294
8.64429
8.64565
8.64700
8.64836
8.64972
8.65107
8.65243
8.65379
8.65515
8.65650
8.65786
8.65922
8.66057
8.66193
8.66329
8.66465
8.66601
8.66736
8.66872
8.67008
8.67144
8.67280
8.67416
8.67551
8.67687
8.67823
8.67959
8.68095
8.68231
8.68367
8.68503
8.68639
8.68775
8.68911
8.69047
8.69183
8.69319
8.69455
8.69591
8.69727
8.69863
8.69999
8.70135
8.70271
8.70407
8.70543
8.70679
8.70816
8.70952
8.71088
8.71224
8.71360
8.71496
8.71633
8.71769
8.71905
8.72041
8.72178
8.72314
8.72450
8.72586
8.72723
8.72859
8.72995
8.73132
8.73268
8.73404
8.73541
8.73677
8.73813
8.73950
8.74086
8.74222
8.74359
8.74495
8.74632
8.74768
8.74905
8.75041
8.75178
8.75314
8.75451
8.75587
8.75724
8.75860
8.75997
8.76133
8.76270
8.76406
8.76543
8.76680
8.76816
8.76953
8.77090
8.77226
8.77363
8.77500
8.77636
8.77773
8.77910
8.78046
8.78183
8.78320
8.78456
8.78593
8.78730
8.78867
8.79004
8.79140
8.79277
8.79414
8.79551
8.79688
8.79825
8.79961
8.80098
8.80235
8.80372
8.80509
8.80646
8.80783
8.80920
8.81057
8.81194
8.81331
8.81468
8.81605
8.81742
8.81879
8.82016
8.82153
8.82290
8.82427
8.82564
8.82701
8.82838
8.82975
8.83112
8.83250
8.83387
8.83524
8.83661
8.83798
8.83935
8.84073
8.84210
8.84347
8.84484
8.84622
8.84759
8.84896
8.85033
8.85171
8.85308
8.85445
8.85583
8.85720
8.85857
8.85995
8.86132
8.86269
8.86407
8.86544
8.86682
8.86819
8.86956
8.87094
8.87231
8.87369
8.87506
8.87644
8.87781
8.87919
8.88056
8.88194
8.88331
8.88469
8.88606
8.88744
8.88882
8.89019
8.89157
8.89295
8.89432
8.89570
8.89707
8.89845
8.89983
8.90120
8.90258
8.90396
8.90534
8.90671
8.90809
8.90947
8.91085
8.91222
8.91360
8.91498
8.91636
8.91774
8.91911
8.92049
8.92187
8.92325
8.92463
8.92601
8.92739
8.92877
8.93015
8.93153
8.93290
8.93428
8.93566
8.93704
8.93842
8.93980
8.94118
8.94256
8.94394
8.94532
8.94671
8.94809
8.94947
8.95085
8.95223
8.95361
8.95499
8.95637
8.95775
8.95914
8.96052
8.96190
8.96328
8.96466
8.96605
8.96743
8.96881
8.97019
8.97158
8.97296
8.97434
8.97572
8.97711
8.97849
8.97987
8.98126
8.98264
8.98402
8.98541
8.98679
8.98818
8.98956
8.99094
8.99233
8.99371
8.99510
8.99648
8.99787
8.99925
9.00064
9.00202
9.00341
9.00479
9.00618
9.00756
9.00895
9.01034
9.01172
9.01311
9.01449
9.01588
9.01727
9.01865
9.02004
9.02143
9.02281
9.02420
9.02559
9.02697
9.02836
9.02975
9.03114
9.03252
9.03391
9.03530
9.03669
9.03808
9.03946
9.04085
9.04224
9.04363
9.04502
9.04641
9.04779
9.04918
9.05057
9.05196
9.05335
9.05474
9.05613
9.05752
9.05891
9.06030
9.06169
9.06308
9.06447
9.06586
9.06725
9.06864
9.07003
9.07142
9.07281
9.07420
9.07560
9.07699
9.07838
9.07977
9.08116
9.08255
9.08395
9.08534
9.08673
9.08812
9.08951
9.09091
9.09230
9.09369
9.09508
9.09648
9.09787
9.09926
9.10066
9.10205
9.10344
9.10484
9.10623
9.10762
9.10902
9.11041
9.11181
9.11320
9.11459
9.11599
9.11738
9.11878
9.12017
9.12157
9.12296
9.12436
9.12575
9.12715
9.12854
9.12994
9.13134
9.13273
9.13413
9.13552
9.13692
9.13832
9.13971
9.14111
9.14251
9.14390
9.14530
9.14670
9.14809
9.14949
9.15089
9.15228
9.15368
9.15508
9.15648
9.15788
9.15927
9.16067
9.16207
9.16347
9.16487
9.16627
9.16766
9.16906
9.17046
9.17186
9.17326
9.17466
9.17606
9.17746
9.17886
9.18026
9.18166
9.18306
9.18446
9.18586
9.18726
9.18866
9.19006
9.19146
9.19286
9.19426
9.19566
9.19706
9.19847
9.19987
9.20127
9.20267
9.20407
9.20547
9.20688
9.20828
9.20968
9.21108
9.21248
9.21389
9.21529
9.21669
9.21809
9.21950
9.22090
9.22230
9.22371
9.22511
9.22651
9.22792
9.22932
9.23073
9.23213
9.23353
9.23494
9.23634
9.23775
9.23915
9.24056
9.24196
9.24337
9.24477
9.24618
9.24758
9.24899
9.25039
9.25180
9.25320
9.25461
9.25602
9.25742
9.25883
9.26024
9.26164
9.26305
9.26445
9.26586
9.26727
9.26868
9.27008
9.27149
9.27290
9.27431
9.27571
9.27712
9.27853
9.27994
9.28134
9.28275
9.28416
9.28557
9.28698
9.28839
9.28980
9.29120
9.29261
9.29402
9.29543
9.29684
9.29825
9.29966
9.30107
9.30248
9.30389
9.30530
9.30671
9.30812
9.30953
9.31094
9.31235
9.31376
9.31517
9.31659
9.31800
9.31941
9.32082
9.32223
9.32364
9.32505
9.32647
9.32788
9.32929
9.33070
9.33211
9.33353
9.33494
9.33635
9.33777
9.33918
9.34059
9.34200
9.34342
9.34483
9.34624
9.34766
9.34907
9.35049
9.35190
9.35331
9.35473
9.35614
9.35756
9.35897
9.36039
9.36180
9.36322
9.36463
9.36605
9.36746
9.36888
9.37029
9.37171
9.37312
9.37454
9.37596
9.37737
9.37879
9.38020
9.38162
9.38304
9.38445
9.38587
9.38729
9.38870
9.39012
9.39154
9.39296
9.39437
9.39579
9.39721
9.39863
9.40005
9.40146
9.40288
9.40430
9.40572
9.40714
9.40856
9.40997
9.41139
9.41281
9.41423
9.41565
9.41707
9.41849
9.41991
9.42133
9.42275
9.42417
9.42559
9.42701
9.42843
9.42985
9.43127
9.43269
9.43411
9.43553
9.43696
9.43838
9.43980
9.44122
9.44264
9.44406
9.44548
9.44691
9.44833
9.44975
9.45117
9.45260
9.45402
9.45544
9.45686
9.45829
9.45971
9.46113
9.46256
9.46398
9.46540
9.46683
9.46825
9.46967
9.47110
9.47252
9.47395
9.47537
9.47679
9.47822
9.47964
9.48107
9.48249
9.48392
9.48534
9.48677
9.48819
9.48962
9.49105
9.49247
9.49390
9.49532
9.49675
9.49818
9.49960
9.50103
9.50245
9.50388
9.50531
9.50674
9.50816
9.50959
9.51102
9.51244
9.51387
9.51530
9.51673
9.51815
9.51958
9.52101
9.52244
9.52387
9.52530
9.52672
9.52815
9.52958
9.53101
9.53244
9.53387
9.53530
9.53673
9.53816
9.53959
9.54102
9.54245
9.54388
9.54531
9.54674
9.54817
9.54960
9.55103
9.55246
9.55389
9.55532
9.55675
9.55819
9.55962
9.56105
9.56248
9.56391
9.56534
9.56678
9.56821
9.56964
9.57107
9.57250
9.57394
9.57537
9.57680
9.57824
9.57967
9.58110
9.58254
9.58397
9.58540
9.58684
9.58827
9.58970
9.59114
9.59257
9.59401
9.59544
9.59688
9.59831
9.59974
9.60118
9.60261
9.60405
9.60549
9.60692
9.60836
9.60979
9.61123
9.61266
9.61410
9.61554
9.61697
9.61841
9.61984
9.62128
9.62272
9.62415
9.62559
9.62703
9.62847
9.62990
9.63134
9.63278
9.63422
9.63565
9.63709
9.63853
9.63997
9.64141
9.64285
9.64428
9.64572
9.64716
9.64860
9.65004
9.65148
9.65292
9.65436
9.65580
9.65724
9.65868
9.66012
9.66156
9.66300
9.66444
9.66588
9.66732
9.66876
9.67020
9.67164
9.67308
9.67452
9.67596
9.67740
9.67885
9.68029
9.68173
9.68317
9.68461
9.68606
9.68750
9.68894
9.69038
9.69182
9.69327
9.69471
9.69615
9.69760
9.69904
9.70048
9.70193
9.70337
9.70481
9.70626
9.70770
9.70915
9.71059
9.71203
9.71348
9.71492
9.71637
9.71781
9.71926
9.72070
9.72215
9.72359
9.72504
9.72648
9.72793
9.72938
9.73082
9.73227
9.73371
9.73516
9.73661
9.73805
9.73950
9.74095
9.74239
9.74384
9.74529
9.74673
9.74818
9.74963
9.75108
9.75252
9.75397
9.75542
9.75687
9.75832
9.75977
9.76121
9.76266
9.76411
9.76556
9.76701
9.76846
9.76991
9.77136
9.77281
9.77426
9.77571
9.77716
9.77861
9.78006
9.78151
9.78296
9.78441
9.78586
9.78731
9.78876
9.79021
9.79166
9.79311
9.79456
9.79602
9.79747
9.79892
9.80037
9.80182
9.80327
9.80473
9.80618
9.80763
9.80908
9.81054
9.81199
9.81344
9.81490
9.81635
9.81780
9.81926
9.82071
9.82216
9.82362
9.82507
9.82652
9.82798
9.82943
9.83089
9.83234
9.83380
9.83525
9.83671
9.83816
9.83962
9.84107
9.84253
9.84398
9.84544
9.84690
9.84835
9.84981
9.85126
9.85272
9.85418
9.85563
9.85709
9.85855
9.86000
9.86146
9.86292
9.86438
9.86583
9.86729
9.86875
9.87021
9.87166
9.87312
9.87458
9.87604
9.87750
9.87896
9.88041
9.88187
9.88333
9.88479
9.88625
9.88771
9.88917
9.89063
9.89209
9.89355
9.89501
9.89647
9.89793
9.89939
9.90085
9.90231
9.90377
9.90523
9.90669
9.90815
9.90961
9.91108
9.91254
9.91400
9.91546
9.91692
9.91838
9.91985
9.92131
9.92277
9.92423
9.92570
9.92716
9.92862
9.93008
9.93155
9.93301
9.93447
9.93594
9.93740
9.93887
9.94033
9.94179
9.94326
9.94472
9.94619
9.94765
9.94912
9.95058
9.95204
9.95351
9.95498
9.95644
9.95791
9.95937
9.96084
9.96230
9.96377
9.96523
9.96670
9.96817
9.96963
9.97110
9.97257
9.97403
9.97550
9.97697
9.97843
9.97990
9.98137
9.98284
9.98430
9.98577
9.98724
9.98871
9.99018
9.99164
9.99311
9.99458
9.99605
9.99752
9.99899
10.00046
10.00193
10.00340
10.00487
10.00633
10.00780
10.00927
10.01074
10.01221
10.01368
10.01515
10.01663
10.01810
10.01957
10.02104
10.02251
10.02398
10.02545
10.02692
10.02839
10.02987
10.03134
10.03281
10.03428
10.03575
10.03723
10.03870
10.04017
10.04164
10.04312
10.04459
10.04606
10.04753
10.04901
10.05048
10.05195
10.05343
10.05490
10.05638
10.05785
10.05932
10.06080
10.06227
10.06375
10.06522
10.06670
10.06817
10.06965
10.07112
10.07260
10.07407
10.07555
10.07702
10.07850
10.07998
10.08145
10.08293
10.08440
10.08588
10.08736
10.08883
10.09031
10.09179
10.09327
10.09474
10.09622
10.09770
10.09918
10.10065
10.10213
10.10361
10.10509
10.10657
10.10804
10.10952
10.11100
10.11248
10.11396
10.11544
10.11692
10.11840
10.11988
10.12136
10.12283
10.12431
10.12579
10.12727
10.12875
10.13024
10.13172
10.13320
10.13468
10.13616
10.13764
10.13912
10.14060
10.14208
10.14356
10.14505
10.14653
10.14801
10.14949
10.15097
10.15246
10.15394
10.15542
10.15690
10.15839
10.15987
10.16135
10.16284
10.16432
10.16580
10.16729
10.16877
10.17025
10.17174
10.17322
10.17471
10.17619
10.17767
10.17916
10.18064
10.18213
10.18361
10.18510
10.18658
10.18807
10.18955
10.19104
10.19253
10.19401
10.19550
10.19698
10.19847
10.19996
10.20144
10.20293
10.20442
10.20590
10.20739
10.20888
10.21037
10.21185
10.21334
10.21483
10.21632
10.21780
10.21929
10.22078
10.22227
10.22376
10.22525
10.22673
10.22822
10.22971
10.23120
10.23269
10.23418
10.23567
10.23716
10.23865
10.24014
10.24163
10.24312
10.24461
10.24610
10.24759
10.24908
10.25057
10.25206
10.25356
10.25505
10.25654
10.25803
10.25952
10.26101
10.26250
10.26400
10.26549
10.26698
10.26847
10.26997
10.27146
10.27295
10.27444
10.27594
10.27743
10.27892
10.28042
10.28191
10.28341
10.28490
10.28639
10.28789
10.28938
10.29088
10.29237
10.29387
10.29536
10.29685
10.29835
10.29985
10.30134
10.30284
10.30433
10.30583
10.30732
10.30882
10.31032
10.31181
10.31331
10.31480
10.31630
10.31780
10.31929
10.32079
10.32229
10.32379
10.32528
10.32678
10.32828
10.32978
10.33127
10.33277
10.33427
10.33577
10.33727
10.33877
10.34027
10.34176
10.34326
10.34476
10.34626
10.34776
10.34926
10.35076
10.35226
10.35376
10.35526
10.35676
10.35826
10.35976
10.36126
10.36276
10.36426
10.36576
10.36727
10.36877
10.37027
10.37177
10.37327
10.37477
10.37628
10.37778
10.37928
10.38078
10.38228
10.38379
10.38529
10.38679
10.38830
10.38980
10.39130
10.39281
10.39431
10.39581
10.39732
10.39882
10.40032
10.40183
10.40333
10.40484
10.40634
10.40785
10.40935
10.41086
10.41236
10.41387
10.41537
10.41688
10.41838
10.41989
10.42140
10.42290
10.42441
10.42591
10.42742
10.42893
10.43043
10.43194
10.43345
10.43495
10.43646
10.43797
10.43948
10.44098
10.44249
10.44400
10.44551
10.44702
10.44852
10.45003
10.45154
10.45305
10.45456
10.45607
10.45758
10.45909
10.46060
10.46211
10.46362
10.46513
10.46664
10.46815
10.46966
10.47117
10.47268
10.47419
10.47570
10.47721
10.47872
10.48023
10.48174
10.48325
10.48477
10.48628
10.48779
10.48930
10.49081
10.49233
10.49384
10.49535
10.49686
10.49838
10.49989
10.50140
10.50291
10.50443
10.50594
10.50746
10.50897
10.51048
10.51200
10.51351
10.51503
10.51654
10.51805
10.51957
10.52108
10.52260
10.52411
10.52563
10.52714
10.52866
10.53018
10.53169
10.53321
10.53472
10.53624
10.53776
10.53927
10.54079
10.54230
10.54382
10.54534
10.54686
10.54837
10.54989
10.55141
10.55293
10.55444
10.55596
10.55748
10.55900
10.56052
10.56203
10.56355
10.56507
10.56659
10.56811
10.56963
10.57115
10.57267
10.57419
10.57571
10.57723
10.57875
10.58027
10.58179
10.58331
10.58483
10.58635
10.58787
10.58939
10.59091
10.59243
10.59395
10.59547
10.59700
10.59852
10.60004
10.60156
10.60308
10.60461
10.60613
10.60765
10.60917
10.61070
10.61222
10.61374
10.61527
10.61679
10.61831
10.61984
10.62136
10.62288
10.62441
10.62593
10.62746
10.62898
10.63051
10.63203
10.63356
10.63508
10.63661
10.63813
10.63966
10.64118
10.64271
10.64423
10.64576
10.64728
10.64881
10.65034
10.65186
10.65339
10.65492
10.65644
10.65797
10.65950
10.66103
10.66255
10.66408
10.66561
10.66714
10.66866
10.67019
10.67172
10.67325
10.67478
10.67631
10.67784
10.67936
10.68089
10.68242
10.68395
10.68548
10.68701
10.68854
10.69007
10.69160
10.69313
10.69466
10.69619
10.69772
10.69925
10.70078
10.70232
10.70385
10.70538
10.70691
10.70844
10.70997
10.71151
10.71304
10.71457
10.71610
10.71763
10.71917
10.72070
10.72223
10.72377
10.72530
10.72683
10.72836
10.72990
10.73143
10.73297
10.73450
10.73603
10.73757
10.73910
10.74064
10.74217
10.74371
10.74524
10.74678
10.74831
10.74985
10.75138
10.75292
10.75445
10.75599
10.75753
10.75906
10.76060
10.76213
10.76367
10.76521
10.76674
10.76828
10.76982
10.77136
10.77289
10.77443
10.77597
10.77751
10.77904
10.78058
10.78212
10.78366
10.78520
10.78674
10.78828
10.78981
10.79135
10.79289
10.79443
10.79597
10.79751
10.79905
10.80059
10.80213
10.80367
10.80521
10.80675
10.80829
10.80983
10.81137
10.81292
10.81446
10.81600
10.81754
10.81908
10.82062
10.82216
10.82371
10.82525
10.82679
10.82833
10.82988
10.83142
10.83296
10.83450
10.83605
10.83759
10.83913
10.84068
10.84222
10.84377
10.84531
10.84685
10.84840
10.84994
10.85149
10.85303
10.85458
10.85612
10.85767
10.85921
10.86076
10.86230
10.86385
10.86539
10.86694
10.86849
10.87003
10.87158
10.87313
10.87467
10.87622
10.87777
10.87931
10.88086
10.88241
10.88395
10.88550
10.88705
10.88860
10.89015
10.89169
10.89324
10.89479
10.89634
10.89789
10.89944
10.90099
10.90254
10.90409
10.90563
10.90718
10.90873
10.91028
10.91183
10.91338
10.91493
10.91648
10.91804
10.91959
10.92114
10.92269
10.92424
10.92579
10.92734
10.92889
10.93045
10.93200
10.93355
10.93510
10.93665
10.93821
10.93976
10.94131
10.94286
10.94442
10.94597
10.94752
10.94908
10.95063
10.95218
10.95374
10.95529
10.95685
10.95840
10.95996
10.96151
10.96306
10.96462
10.96617
10.96773
10.96929
10.97084
10.97240
10.97395
10.97551
10.97706
10.97862
10.98018
10.98173
10.98329
10.98485
10.98640
10.98796
10.98952
10.99107
10.99263
10.99419
10.99575
10.99730
10.99886
11.00042
11.00198
11.00354
11.00510
11.00665
11.00821
11.00977
11.01133
11.01289
11.01445
11.01601
11.01757
11.01913
11.02069
11.02225
11.02381
11.02537
11.02693
11.02849
11.03005
11.03161
11.03317
11.03474
11.03630
11.03786
11.03942
11.04098
11.04254
11.04411
11.04567
11.04723
11.04879
11.05036
11.05192
11.05348
11.05505
11.05661
11.05817
11.05974
11.06130
11.06286
11.06443
11.06599
11.06756
11.06912
11.07069
11.07225
11.07382
11.07538
11.07695
11.07851
11.08008
11.08164
11.08321
11.08477
11.08634
11.08791
11.08947
11.09104
11.09260
11.09417
11.09574
11.09731
11.09887
11.10044
11.10201
11.10358
11.10514
11.10671
11.10828
11.10985
11.11142
11.11298
11.11455
11.11612
11.11769
11.11926
11.12083
11.12240
11.12397
11.12554
11.12711
11.12868
11.13025
11.13182
11.13339
11.13496
11.13653
11.13810
11.13967
11.14124
11.14281
11.14438
11.14596
11.14753
11.14910
11.15067
11.15224
11.15382
11.15539
11.15696
11.15853
11.16011
11.16168
11.16325
11.16483
11.16640
11.16797
11.16955
11.17112
11.17269
11.17427
11.17584
11.17742
11.17899
11.18057
11.18214
11.18372
11.18529
11.18687
11.18844
11.19002
11.19159
11.19317
11.19475
11.19632
11.19790
11.19947
11.20105
11.20263
11.20421
11.20578
11.20736
11.20894
11.21051
11.21209
11.21367
11.21525
11.21683
11.21840
11.21998
11.22156
11.22314
11.22472
11.22630
11.22788
11.22946
11.23104
11.23262
11.23419
11.23577
11.23735
11.23893
11.24052
11.24210
11.24368
11.24526
11.24684
11.24842
11.25000
11.25158
11.25316
11.25474
11.25633
11.25791
11.25949
11.26107
11.26265
11.26424
11.26582
11.26740
11.26899
11.27057
11.27215
11.27374
11.27532
11.27690
11.27849
11.28007
11.28165
11.28324
11.28482
11.28641
11.28799
11.28958
11.29116
11.29275
11.29433
11.29592
11.29750
11.29909
11.30068
11.30226
11.30385
11.30543
11.30702
11.30861
11.31019
11.31178
11.31337
11.31496
11.31654
11.31813
11.31972
11.32131
11.32289
11.32448
11.32607
11.32766
11.32925
11.33084
11.33243
11.33401
11.33560
11.33719
11.33878
11.34037
11.34196
11.34355
11.34514
11.34673
11.34832
11.34991
11.35150
11.35309
11.35468
11.35628
11.35787
11.35946
11.36105
11.36264
11.36423
11.36583
11.36742
11.36901
11.37060
11.37220
11.37379
11.37538
11.37697
11.37857
11.38016
11.38175
11.38335
11.38494
11.38654
11.38813
11.38972
11.39132
11.39291
11.39451
11.39610
11.39770
11.39929
11.40089
11.40248
11.40408
11.40567
11.40727
11.40887
11.41046
11.41206
11.41366
11.41525
11.41685
11.41845
11.42004
11.42164
11.42324
11.42483
11.42643
11.42803
11.42963
11.43123
11.43282
11.43442
11.43602
11.43762
11.43922
11.44082
11.44242
11.44402
11.44562
11.44722
11.44882
11.45042
11.45202
11.45362
11.45522
11.45682
11.45842
11.46002
11.46162
11.46322
11.46482
11.46642
11.46802
11.46963
11.47123
11.47283
11.47443
11.47604
11.47764
11.47924
11.48084
11.48245
11.48405
11.48565
11.48726
11.48886
11.49046
11.49207
11.49367
11.49528
11.49688
11.49848
11.50009
11.50169
11.50330
11.50490
11.50651
11.50811
11.50972
11.51133
11.51293
11.51454
11.51614
11.51775
11.51936
11.52096
11.52257
11.52418
11.52578
11.52739
11.52900
11.53061
11.53221
11.53382
11.53543
11.53704
11.53864
11.54025
11.54186
11.54347
11.54508
11.54669
11.54830
11.54991
11.55152
11.55313
11.55474
11.55635
11.55796
11.55957
11.56118
11.56279
11.56440
11.56601
11.56762
11.56923
11.57084
11.57245
11.57407
11.57568
11.57729
11.57890
11.58051
11.58213
11.58374
11.58535
11.58696
11.58858
11.59019
11.59180
11.59342
11.59503
11.59664
11.59826
11.59987
11.60149
11.60310
11.60471
11.60633
11.60794
11.60956
11.61117
11.61279
11.61441
11.61602
11.61764
11.61925
11.62087
11.62248
11.62410
11.62572
11.62733
11.62895
11.63057
11.63219
11.63380
11.63542
11.63704
11.63866
11.64027
11.64189
11.64351
11.64513
11.64675
11.64836
11.64998
11.65160
11.65322
11.65484
11.65646
11.65808
11.65970
11.66132
11.66294
11.66456
11.66618
11.66780
11.66942
11.67104
11.67266
11.67428
11.67591
11.67753
11.67915
11.68077
11.68239
11.68401
11.68564
11.68726
11.68888
11.69050
11.69213
11.69375
11.69537
11.69700
11.69862
11.70024
11.70187
11.70349
11.70512
11.70674
11.70836
11.70999
11.71161
11.71324
11.71486
11.71649
11.71811
11.71974
11.72136
11.72299
11.72462
11.72624
11.72787
11.72950
11.73112
11.73275
11.73438
11.73600
11.73763
11.73926
11.74088
11.74251
11.74414
11.74577
11.74740
11.74902
11.75065
11.75228
11.75391
11.75554
11.75717
11.75880
11.76043
11.76206
11.76369
11.76532
11.76695
11.76858
11.77021
11.77184
11.77347
11.77510
11.77673
11.77836
11.77999
11.78162
11.78325
11.78489
11.78652
11.78815
11.78978
11.79141
11.79305
11.79468
11.79631
11.79795
11.79958
11.80121
11.80285
11.80448
11.80611
11.80775
11.80938
11.81101
11.81265
11.81428
11.81592
11.81755
11.81919
11.82082
11.82246
11.82409
11.82573
11.82737
11.82900
11.83064
11.83227
11.83391
11.83555
11.83718
11.83882
11.84046
11.84209
11.84373
11.84537
11.84701
11.84865
11.85028
11.85192
11.85356
11.85520
11.85684
11.85848
11.86011
11.86175
11.86339
11.86503
11.86667
11.86831
11.86995
11.87159
11.87323
11.87487
11.87651
11.87815
11.87979
11.88143
11.88308
11.88472
11.88636
11.88800
11.88964
11.89128
11.89293
11.89457
11.89621
11.89785
11.89950
11.90114
11.90278
11.90443
11.90607
11.90771
11.90936
11.91100
11.91264
11.91429
11.91593
11.91758
11.91922
11.92087
11.92251
11.92416
11.92580
11.92745
11.92909
11.93074
11.93238
11.93403
11.93568
11.93732
11.93897
11.94062
11.94226
11.94391
11.94556
11.94721
11.94885
11.95050
11.95215
11.95380
11.95544
11.95709
11.95874
11.96039
11.96204
11.96369
11.96534
11.96699
11.96864
11.97028
11.97193
11.97358
11.97523
11.97688
11.97854
11.98019
11.98184
11.98349
11.98514
11.98679
11.98844
11.99009
11.99174
11.99340
11.99505
11.99670
11.99835
12.00000
12.00166
12.00331
12.00496
12.00662
12.00827
12.00992
12.01158
12.01323
12.01488
12.01654
12.01819
12.01985
12.02150
12.02316
12.02481
12.02647
12.02812
12.02978
12.03143
12.03309
12.03474
12.03640
12.03806
12.03971
12.04137
12.04303
12.04468
12.04634
12.04800
12.04965
12.05131
12.05297
12.05463
12.05628
12.05794
12.05960
12.06126
12.06292
12.06458
12.06624
12.06790
12.06955
12.07121
12.07287
12.07453
12.07619
12.07785
12.07951
12.08117
12.08283
12.08449
12.08616
12.08782
12.08948
12.09114
12.09280
12.09446
12.09612
12.09779
12.09945
12.10111
12.10277
12.10444
12.10610
12.10776
12.10942
12.11109
12.11275
12.11442
12.11608
12.11774
12.11941
12.12107
12.12274
12.12440
12.12607
12.12773
12.12940
12.13106
12.13273
12.13439
12.13606
12.13772
12.13939
12.14106
12.14272
12.14439
12.14605
12.14772
12.14939
12.15106
12.15272
12.15439
12.15606
12.15773
12.15939
12.16106
12.16273
12.16440
12.16607
12.16774
12.16941
12.17108
12.17274
12.17441
12.17608
12.17775
12.17942
12.18109
12.18276
12.18443
12.18611
12.18778
12.18945
12.19112
12.19279
12.19446
12.19613
12.19780
12.19948
12.20115
12.20282
12.20449
12.20617
12.20784
12.20951
12.21118
12.21286
12.21453
12.21621
12.21788
12.21955
12.22123
12.22290
12.22458
12.22625
12.22792
12.22960
12.23127
12.23295
12.23463
12.23630
12.23798
12.23965
12.24133
12.24301
12.24468
12.24636
12.24803
12.24971
12.25139
12.25307
12.25474
12.25642
12.25810
12.25978
12.26145
12.26313
12.26481
12.26649
12.26817
12.26985
12.27153
12.27321
12.27489
12.27656
12.27824
12.27992
12.28160
12.28328
12.28496
12.28665
12.28833
12.29001
12.29169
12.29337
12.29505
12.29673
12.29841
12.30010
12.30178
12.30346
12.30514
12.30683
12.30851
12.31019
12.31187
12.31356
12.31524
12.31692
12.31861
12.32029
12.32198
12.32366
12.32534
12.32703
12.32871
12.33040
12.33208
12.33377
12.33545
12.33714
12.33882
12.34051
12.34220
12.34388
12.34557
12.34726
12.34894
12.35063
12.35232
12.35400
12.35569
12.35738
12.35907
12.36075
12.36244
12.36413
12.36582
12.36751
12.36920
12.37089
12.37257
12.37426
12.37595
12.37764
12.37933
12.38102
12.38271
12.38440
12.38609
12.38778
12.38947
12.39116
12.39286
12.39455
12.39624
12.39793
12.39962
12.40131
12.40301
12.40470
12.40639
12.40808
12.40978
12.41147
12.41316
12.41486
12.41655
12.41824
12.41994
12.42163
12.42332
12.42502
12.42671
12.42841
12.43010
12.43180
12.43349
12.43519
12.43688
12.43858
12.44027
12.44197
12.44367
12.44536
12.44706
12.44876
12.45045
12.45215
12.45385
12.45554
12.45724
12.45894
12.46064
12.46233
12.46403
12.46573
12.46743
12.46913
12.47083
12.47253
12.47423
12.47592
12.47762
12.47932
12.48102
12.48272
12.48442
12.48612
12.48782
12.48953
12.49123
12.49293
12.49463
12.49633
12.49803
12.49973
12.50144
12.50314
12.50484
12.50654
12.50824
12.50995
12.51165
12.51335
12.51506
12.51676
12.51846
12.52017
12.52187
12.52358
12.52528
12.52698
12.52869
12.53039
12.53210
12.53380
12.53551
12.53721
12.53892
12.54063
12.54233
12.54404
12.54574
12.54745
12.54916
12.55086
12.55257
12.55428
12.55599
12.55769
12.55940
12.56111
12.56282
12.56452
12.56623
12.56794
12.56965
12.57136
12.57307
12.57478
12.57649
12.57820
12.57991
12.58162
12.58333
12.58504
12.58675
12.58846
12.59017
12.59188
12.59359
12.59530
12.59701
12.59873
12.60044
12.60215
12.60386
12.60557
12.60729
12.60900
12.61071
12.61242
12.61414
12.61585
12.61756
12.61928
12.62099
12.62271
12.62442
12.62613
12.62785
12.62956
12.63128
12.63299
12.63471
12.63642
12.63814
12.63986
12.64157
12.64329
12.64500
12.64672
12.64844
12.65015
12.65187
12.65359
12.65531
12.65702
12.65874
12.66046
12.66218
12.66390
12.66561
12.66733
12.66905
12.67077
12.67249
12.67421
12.67593
12.67765
12.67937
12.68109
12.68281
12.68453
12.68625
12.68797
12.68969
12.69141
12.69313
12.69485
12.69657
12.69830
12.70002
12.70174
12.70346
12.70518
12.70691
12.70863
12.71035
12.71208
12.71380
12.71552
12.71725
12.71897
12.72069
12.72242
12.72414
12.72587
12.72759
12.72932
12.73104
12.73277
12.73449
12.73622
12.73794
12.73967
12.74139
12.74312
12.74485
12.74657
12.74830
12.75003
12.75175
12.75348
12.75521
12.75694
12.75866
12.76039
12.76212
12.76385
12.76558
12.76731
12.76903
12.77076
12.77249
12.77422
12.77595
12.77768
12.77941
12.78114
12.78287
12.78460
12.78633
12.78806
12.78979
12.79153
12.79326
12.79499
12.79672
12.79845
12.80018
12.80192
12.80365
12.80538
12.80711
12.80885
12.81058
12.81231
12.81405
12.81578
12.81751
12.81925
12.82098
12.82272
12.82445
12.82619
12.82792
12.82966
12.83139
12.83313
12.83486
12.83660
12.83833
12.84007
12.84181
12.84354
12.84528
12.84702
12.84875
12.85049
12.85223
12.85396
12.85570
12.85744
12.85918
12.86092
12.86265
12.86439
12.86613
12.86787
12.86961
12.87135
12.87309
12.87483
12.87657
12.87831
12.88005
12.88179
12.88353
12.88527
12.88701
12.88875
12.89049
12.89223
12.89398
12.89572
12.89746
12.89920
12.90094
12.90269
12.90443
12.90617
12.90791
12.90966
12.91140
12.91314
12.91489
12.91663
12.91838
12.92012
12.92186
12.92361
12.92535
12.92710
12.92884
12.93059
12.93234
12.93408
12.93583
12.93757
12.93932
12.94107
12.94281
12.94456
12.94631
12.94805
12.94980
12.95155
12.95330
12.95504
12.95679
12.95854
12.96029
12.96204
12.96378
12.96553
12.96728
12.96903
12.97078
12.97253
12.97428
12.97603
12.97778
12.97953
12.98128
12.98303
12.98478
12.98653
12.98829
12.99004
12.99179
12.99354
12.99529
12.99705
12.99880
13.00055
13.00230
13.00406
13.00581
13.00756
13.00932
13.01107
13.01282
13.01458
13.01633
13.01808
13.01984
13.02159
13.02335
13.02510
13.02686
13.02861
13.03037
13.03213
13.03388
13.03564
13.03739
13.03915
13.04091
13.04266
13.04442
13.04618
13.04794
13.04969
13.05145
13.05321
13.05497
13.05673
13.05848
13.06024
13.06200
13.06376
13.06552
13.06728
13.06904
13.07080
13.07256
13.07432
13.07608
13.07784
13.07960
13.08136
13.08312
13.08488
13.08664
13.08841
13.09017
13.09193
13.09369
13.09545
13.09722
13.09898
13.10074
13.10251
13.10427
13.10603
13.10780
13.10956
13.11132
13.11309
13.11485
13.11662
13.11838
13.12015
13.12191
13.12368
13.12544
13.12721
13.12897
13.13074
13.13250
13.13427
13.13604
13.13780
13.13957
13.14134
13.14311
13.14487
13.14664
13.14841
13.15018
13.15194
13.15371
13.15548
13.15725
13.15902
13.16079
13.16256
13.16433
13.16610
13.16787
13.16964
13.17141
13.17318
13.17495
13.17672
13.17849
13.18026
13.18203
13.18380
13.18557
13.18735
13.18912
13.19089
13.19266
13.19444
13.19621
13.19798
13.19975
13.20153
13.20330
13.20507
13.20685
13.20862
13.21040
13.21217
13.21395
13.21572
13.21750
13.21927
13.22105
13.22282
13.22460
13.22637
13.22815
13.22993
13.23170
13.23348
13.23526
13.23703
13.23881
13.24059
13.24236
13.24414
13.24592
13.24770
13.24948
13.25125
13.25303
13.25481
13.25659
13.25837
13.26015
13.26193
13.26371
13.26549
13.26727
13.26905
13.27083
13.27261
13.27439
13.27617
13.27795
13.27974
13.28152
13.28330
13.28508
13.28686
13.28865
13.29043
13.29221
13.29399
13.29578
13.29756
13.29934
13.30113
13.30291
13.30470
13.30648
13.30826
13.31005
13.31183
13.31362
13.31540
13.31719
13.31898
13.32076
13.32255
13.32433
13.32612
13.32791
13.32969
13.33148
13.33327
13.33505
13.33684
13.33863
13.34042
13.34220
13.34399
13.34578
13.34757
13.34936
13.35115
13.35294
13.35473
13.35652
13.35831
13.36010
13.36189
13.36368
13.36547
13.36726
13.36905
13.37084
13.37263
13.37442
13.37621
13.37800
13.37980
13.38159
13.38338
13.38517
13.38697
13.38876
13.39055
13.39235
13.39414
13.39593
13.39773
13.39952
13.40131
13.40311
13.40490
13.40670
13.40849
13.41029
13.41208
13.41388
13.41568
13.41747
13.41927
13.42106
13.42286
13.42466
13.42645
13.42825
13.43005
13.43185
13.43364
13.43544
13.43724
13.43904
13.44084
13.44263
13.44443
13.44623
13.44803
13.44983
13.45163
13.45343
13.45523
13.45703
13.45883
13.46063
13.46243
13.46423
13.46603
13.46783
13.46964
13.47144
13.47324
13.47504
13.47684
13.47865
13.48045
13.48225
13.48405
13.48586
13.48766
13.48946
13.49127
13.49307
13.49488
13.49668
13.49848
13.50029
13.50209
13.50390
13.50570
13.50751
13.50932
13.51112
13.51293
13.51473
13.51654
13.51835
13.52015
13.52196
13.52377
13.52557
13.52738
13.52919
13.53100
13.53281
13.53461
13.53642
13.53823
13.54004
13.54185
13.54366
13.54547
13.54728
13.54909
13.55090
13.55271
13.55452
13.55633
13.55814
13.55995
13.56176
13.56357
13.56538
13.56720
13.56901
13.57082
13.57263
13.57445
13.57626
13.57807
13.57988
13.58170
13.58351
13.58532
13.58714
13.58895
13.59077
13.59258
13.59440
13.59621
13.59803
13.59984
13.60166
13.60347
13.60529
13.60710
13.60892
13.61074
13.61255
13.61437
13.61619
13.61800
13.61982
13.62164
13.62346
13.62528
13.62709
13.62891
13.63073
13.63255
13.63437
13.63619
13.63801
13.63983
13.64165
13.64347
13.64529
13.64711
13.64893
13.65075
13.65257
13.65439
13.65621
13.65803
13.65985
13.66168
13.66350
13.66532
13.66714
13.66896
13.67079
13.67261
13.67443
13.67626
13.67808
13.67990
13.68173
13.68355
13.68538
13.68720
13.68903
13.69085
13.69268
13.69450
13.69633
13.69815
13.69998
13.70180
13.70363
13.70546
13.70728
13.70911
13.71094
13.71277
13.71459
13.71642
13.71825
13.72008
13.72191
13.72373
13.72556
13.72739
13.72922
13.73105
13.73288
13.73471
13.73654
13.73837
13.74020
13.74203
13.74386
13.74569
13.74752
13.74935
13.75118
13.75302
13.75485
13.75668
13.75851
13.76034
13.76218
13.76401
13.76584
13.76768
13.76951
13.77134
13.77318
13.77501
13.77685
13.77868
13.78051
13.78235
13.78418
13.78602
13.78785
13.78969
13.79153
13.79336
13.79520
13.79703
13.79887
13.80071
13.80254
13.80438
13.80622
13.80806
13.80989
13.81173
13.81357
13.81541
13.81725
13.81909
13.82093
13.82276
13.82460
13.82644
13.82828
13.83012
13.83196
13.83380
13.83564
13.83748
13.83933
13.84117
13.84301
13.84485
13.84669
13.84853
13.85038
13.85222
13.85406
13.85590
13.85775
13.85959
13.86143
13.86328
13.86512
13.86696
13.86881
13.87065
13.87250
13.87434
13.87619
13.87803
13.87988
13.88172
13.88357
13.88541
13.88726
13.88911
13.89095
13.89280
13.89465
13.89649
13.89834
13.90019
13.90204
13.90388
13.90573
13.90758
13.90943
13.91128
13.91313
13.91498
13.91682
13.91867
13.92052
13.92237
13.92422
13.92607
13.92792
13.92978
13.93163
13.93348
13.93533
13.93718
13.93903
13.94088
13.94274
13.94459
13.94644
13.94829
13.95015
13.95200
13.95385
13.95571
13.95756
13.95941
13.96127
13.96312
13.96498
13.96683
13.96869
13.97054
13.97240
13.97425
13.97611
13.97796
13.97982
13.98168
13.98353
13.98539
13.98725
13.98910
13.99096
13.99282
13.99468
13.99654
13.99839
14.00025
14.00211
14.00397
14.00583
14.00769
14.00955
14.01141
14.01327
14.01513
14.01699
14.01885
14.02071
14.02257
14.02443
14.02629
14.02815
14.03001
14.03188
14.03374
14.03560
14.03746
14.03933
14.04119
14.04305
14.04491
14.04678
14.04864
14.05051
14.05237
14.05423
14.05610
14.05796
14.05983
14.06169
14.06356
14.06542
14.06729
14.06916
14.07102
14.07289
14.07475
14.07662
14.07849
14.08035
14.08222
14.08409
14.08596
14.08783
14.08969
14.09156
14.09343
14.09530
14.09717
14.09904
14.10091
14.10278
14.10465
14.10652
14.10839
14.11026
14.11213
14.11400
14.11587
14.11774
14.11961
14.12148
14.12336
14.12523
14.12710
14.12897
14.13084
14.13272
14.13459
14.13646
14.13834
14.14021
14.14209
14.14396
14.14583
14.14771
14.14958
14.15146
14.15333
14.15521
14.15708
14.15896
14.16084
14.16271
14.16459
14.16646
14.16834
14.17022
14.17210
14.17397
14.17585
14.17773
14.17961
14.18148
14.18336
14.18524
14.18712
14.18900
14.19088
14.19276
14.19464
14.19652
14.19840
14.20028
14.20216
14.20404
14.20592
14.20780
14.20968
14.21156
14.21345
14.21533
14.21721
14.21909
14.22098
14.22286
14.22474
14.22662
14.22851
14.23039
14.23228
14.23416
14.23604
14.23793
14.23981
14.24170
14.24358
14.24547
14.24735
14.24924
14.25113
14.25301
14.25490
14.25678
14.25867
14.26056
14.26245
14.26433
14.26622
14.26811
14.27000
14.27188
14.27377
14.27566
14.27755
14.27944
14.28133
14.28322
14.28511
14.28700
14.28889
14.29078
14.29267
14.29456
14.29645
14.29834
14.30023
14.30212
14.30402
14.30591
14.30780
14.30969
14.31159
14.31348
14.31537
14.31726
14.31916
14.32105
14.32295
14.32484
14.32673
14.32863
14.33052
14.33242
14.33431
14.33621
14.33810
14.34000
14.34190
14.34379
14.34569
14.34759
14.34948
14.35138
14.35328
14.35517
14.35707
14.35897
14.36087
14.36277
14.36466
14.36656
14.36846
14.37036
14.37226
14.37416
14.37606
14.37796
14.37986
14.38176
14.38366
14.38556
14.38746
14.38936
14.39127
14.39317
14.39507
14.39697
14.39887
14.40078
14.40268
14.40458
14.40649
14.40839
14.41029
14.41220
14.41410
14.41600
14.41791
14.41981
14.42172
14.42362
14.42553
14.42743
14.42934
14.43125
14.43315
14.43506
14.43696
14.43887
14.44078
14.44269
14.44459
14.44650
14.44841
14.45032
14.45223
14.45413
14.45604
14.45795
14.45986
14.46177
14.46368
14.46559
14.46750
14.46941
14.47132
14.47323
14.47514
14.47705
14.47896
14.48088
14.48279
14.48470
14.48661
14.48852
14.49044
14.49235
14.49426
14.49617
14.49809
14.50000
14.50192
14.50383
14.50574
14.50766
14.50957
14.51149
14.51340
14.51532
14.51723
14.51915
14.52107
14.52298
14.52490
14.52682
14.52873
14.53065
14.53257
14.53448
14.53640
14.53832
14.54024
14.54216
14.54407
14.54599
14.54791
14.54983
14.55175
14.55367
14.55559
14.55751
14.55943
14.56135
14.56327
14.56519
14.56711
14.56904
14.57096
14.57288
14.57480
14.57672
14.57865
14.58057
14.58249
14.58441
14.58634
14.58826
14.59019
14.59211
14.59403
14.59596
14.59788
14.59981
14.60173
14.60366
14.60558
14.60751
14.60944
14.61136
14.61329
14.61521
14.61714
14.61907
14.62100
14.62292
14.62485
14.62678
14.62871
14.63064
14.63256
14.63449
14.63642
14.63835
14.64028
14.64221
14.64414
14.64607
14.64800
14.64993
14.65186
14.65379
14.65572
14.65765
14.65959
14.66152
14.66345
14.66538
14.66732
14.66925
14.67118
14.67311
14.67505
14.67698
14.67891
14.68085
14.68278
14.68472
14.68665
14.68859
14.69052
14.69246
14.69439
14.69633
14.69826
14.70020
14.70214
14.70407
14.70601
14.70795
14.70989
14.71182
14.71376
14.71570
14.71764
14.71958
14.72151
14.72345
14.72539
14.72733
14.72927
14.73121
14.73315
14.73509
14.73703
14.73897
14.74091
14.74285
14.74480
14.74674
14.74868
14.75062
14.75256
14.75450
14.75645
14.75839
14.76033
14.76228
14.76422
14.76616
14.76811
14.77005
14.77200
14.77394
14.77589
14.77783
14.77978
14.78172
14.78367
14.78561
14.78756
14.78951
14.79145
14.79340
14.79535
14.79729
14.79924
14.80119
14.80314
14.80508
14.80703
14.80898
14.81093
14.81288
14.81483
14.81678
14.81873
14.82068
14.82263
14.82458
14.82653
14.82848
14.83043
14.83238
14.83433
14.83629
14.83824
14.84019
14.84214
14.84409
14.84605
14.84800
14.84995
14.85191
14.85386
14.85582
14.85777
14.85972
14.86168
14.86363
14.86559
14.86754
14.86950
14.87145
14.87341
14.87537
14.87732
14.87928
14.88124
14.88319
14.88515
14.88711
14.88907
14.89102
14.89298
14.89494
14.89690
14.89886
14.90082
14.90278
14.90474
14.90670
14.90866
14.91062
14.91258
14.91454
14.91650
14.91846
14.92042
14.92238
14.92434
14.92631
14.92827
14.93023
14.93219
14.93416
14.93612
14.93808
14.94005
14.94201
14.94398
14.94594
14.94790
14.94987
14.95183
14.95380
14.95576
14.95773
14.95970
14.96166
14.96363
14.96560
14.96756
14.96953
14.97150
14.97346
14.97543
14.97740
14.97937
14.98134
14.98330
14.98527
14.98724
14.98921
14.99118
14.99315
14.99512
14.99709
14.99906
15.00103
15.00300
15.00497
15.00695
15.00892
15.01089
15.01286
15.01483
15.01681
15.01878
15.02075
15.02272
15.02470
15.02667
15.02865
15.03062
15.03259
15.03457
15.03654
15.03852
15.04049
15.04247
15.04444
15.04642
15.04840
15.05037
15.05235
15.05433
15.05630
15.05828
15.06026
15.06224
15.06421
15.06619
15.06817
15.07015
15.07213
15.07411
15.07609
15.07807
15.08005
15.08203
15.08401
15.08599
15.08797
15.08995
15.09193
15.09391
15.09589
15.09787
15.09986
15.10184
15.10382
15.10580
15.10779
15.10977
15.11175
15.11374
15.11572
15.11770
15.11969
15.12167
15.12366
15.12564
15.12763
15.12961
15.13160
15.13359
15.13557
15.13756
15.13955
15.14153
15.14352
15.14551
15.14749
15.14948
15.15147
15.15346
15.15545
15.15744
15.15943
15.16141
15.16340
15.16539
15.16738
15.16937
15.17136
15.17336
15.17535
15.17734
15.17933
15.18132
15.18331
15.18530
15.18730
15.18929
15.19128
15.19327
15.19527
15.19726
15.19925
15.20125
15.20324
15.20524
15.20723
15.20923
15.21122
15.21322
15.21521
15.21721
15.21920
15.22120
15.22320
15.22519
15.22719
15.22919
15.23118
15.23318
15.23518
15.23718
15.23918
15.24118
15.24317
15.24517
15.24717
15.24917
15.25117
15.25317
15.25517
15.25717
15.25917
15.26117
15.26318
15.26518
15.26718
15.26918
15.27118
15.27318
15.27519
15.27719
15.27919
15.28120
15.28320
15.28520
15.28721
15.28921
15.29122
15.29322
15.29523
15.29723
15.29924
15.30124
15.30325
15.30525
15.30726
15.30927
15.31127
15.31328
15.31529
15.31729
15.31930
15.32131
15.32332
15.32533
15.32734
15.32934
15.33135
15.33336
15.33537
15.33738
15.33939
15.34140
15.34341
15.34542
15.34744
15.34945
15.35146
15.35347
15.35548
15.35749
15.35951
15.36152
15.36353
15.36555
15.36756
15.36957
15.37159
15.37360
15.37561
15.37763
15.37964
15.38166
15.38367
15.38569
15.38771
15.38972
15.39174
15.39375
15.39577
15.39779
15.39981
15.40182
15.40384
15.40586
15.40788
15.40990
15.41191
15.41393
15.41595
15.41797
15.41999
15.42201
15.42403
15.42605
15.42807
15.43009
15.43211
15.43413
15.43616
15.43818
15.44020
15.44222
15.44424
15.44627
15.44829
15.45031
15.45234
15.45436
15.45638
15.45841
15.46043
15.46246
15.46448
15.46651
15.46853
15.47056
15.47258
15.47461
15.47664
15.47866
15.48069
15.48272
15.48474
15.48677
15.48880
15.49083
15.49286
15.49488
15.49691
15.49894
15.50097
15.50300
15.50503
15.50706
15.50909
15.51112
15.51315
15.51518
15.51721
15.51924
15.52128
15.52331
15.52534
15.52737
15.52941
15.53144
15.53347
15.53550
15.53754
15.53957
15.54161
15.54364
15.54567
15.54771
15.54974
15.55178
15.55382
15.55585
15.55789
15.55992
15.56196
15.56400
15.56603
15.56807
15.57011
15.57215
15.57418
15.57622
15.57826
15.58030
15.58234
15.58438
15.58642
15.58846
15.59050
15.59254
15.59458
15.59662
15.59866
15.60070
15.60274
15.60478
15.60682
15.60887
15.61091
15.61295
15.61499
15.61704
15.61908
15.62112
15.62317
15.62521
15.62725
15.62930
15.63134
15.63339
15.63543
15.63748
15.63953
15.64157
15.64362
15.64566
15.64771
15.64976
15.65180
15.65385
15.65590
15.65795
15.66000
15.66204
15.66409
15.66614
15.66819
15.67024
15.67229
15.67434
15.67639
15.67844
15.68049
15.68254
15.68459
15.68664
15.68870
15.69075
15.69280
15.69485
15.69691
15.69896
15.70101
15.70306
15.70512
15.70717
15.70923
15.71128
15.71333
15.71539
15.71744
15.71950
15.72156
15.72361
15.72567
15.72772
15.72978
15.73184
15.73389
15.73595
15.73801
15.74007
15.74212
15.74418
15.74624
15.74830
15.75036
15.75242
15.75448
15.75654
15.75860
15.76066
15.76272
15.76478
15.76684
15.76890
15.77096
15.77303
15.77509
15.77715
15.77921
15.78127
15.78334
15.78540
15.78746
15.78953
15.79159
15.79366
15.79572
15.79779
15.79985
15.80192
15.80398
15.80605
15.80811
15.81018
15.81225
15.81431
15.81638
15.81845
15.82051
15.82258
15.82465
15.82672
15.82879
15.83086
15.83293
15.83499
15.83706
15.83913
15.84120
15.84327
15.84534
15.84742
15.84949
15.85156
15.85363
15.85570
15.85777
15.85985
15.86192
15.86399
15.86606
15.86814
15.87021
15.87228
15.87436
15.87643
15.87851
15.88058
15.88266
15.88473
15.88681
15.88888
15.89096
15.89304
15.89511
15.89719
15.89927
15.90134
15.90342
15.90550
15.90758
15.90966
15.91173
15.91381
15.91589
15.91797
15.92005
15.92213
15.92421
15.92629
15.92837
15.93045
15.93253
15.93461
15.93670
15.93878
15.94086
15.94294
15.94503
15.94711
15.94919
15.95127
15.95336
15.95544
15.95753
15.95961
15.96170
15.96378
15.96587
15.96795
15.97004
15.97212
15.97421
15.97630
15.97838
15.98047
15.98256
15.98464
15.98673
15.98882
15.99091
15.99300
15.99508
15.99717
15.99926
16.00135
16.00344
16.00553
16.00762
16.00971
16.01180
16.01389
16.01599
16.01808
16.02017
16.02226
16.02435
16.02645
16.02854
16.03063
16.03273
16.03482
16.03691
16.03901
16.04110
16.04320
16.04529
16.04739
16.04948
16.05158
16.05367
16.05577
16.05787
16.05996
16.06206
16.06416
16.06625
16.06835
16.07045
16.07255
16.07465
16.07675
16.07884
16.08094
16.08304
16.08514
16.08724
16.08934
16.09144
16.09354
16.09565
16.09775
16.09985
16.10195
16.10405
16.10615
16.10826
16.11036
16.11246
16.11457
16.11667
16.11877
16.12088
16.12298
16.12509
16.12719
16.12930
16.13140
16.13351
16.13561
16.13772
16.13983
16.14193
16.14404
16.14615
16.14826
16.15036
16.15247
16.15458
16.15669
16.15880
16.16091
16.16302
16.16513
16.16724
16.16935
16.17146
16.17357
16.17568
16.17779
16.17990
16.18201
16.18412
16.18624
16.18835
16.19046
16.19257
16.19469
16.19680
16.19891
16.20103
16.20314
16.20526
16.20737
16.20949
16.21160
16.21372
16.21583
16.21795
16.22007
16.22218
16.22430
16.22642
16.22854
16.23065
16.23277
16.23489
16.23701
16.23913
16.24125
16.24336
16.24548
16.24760
16.24972
16.25184
16.25397
16.25609
16.25821
16.26033
16.26245
16.26457
16.26669
16.26882
16.27094
16.27306
16.27519
16.27731
16.27943
16.28156
16.28368
16.28581
16.28793
16.29006
16.29218
16.29431
16.29643
16.29856
16.30069
16.30281
16.30494
16.30707
16.30919
16.31132
16.31345
16.31558
16.31771
16.31984
16.32196
16.32409
16.32622
16.32835
16.33048
16.33261
16.33474
16.33687
16.33901
16.34114
16.34327
16.34540
16.34753
16.34967
16.35180
16.35393
16.35607
16.35820
16.36033
16.36247
16.36460
16.36674
16.36887
16.37101
16.37314
16.37528
16.37741
16.37955
16.38169
16.38382
16.38596
16.38810
16.39023
16.39237
16.39451
16.39665
16.39879
16.40093
16.40307
16.40520
16.40734
16.40948
16.41162
16.41377
16.41591
16.41805
16.42019
16.42233
16.42447
16.42661
16.42876
16.43090
16.43304
16.43519
16.43733
16.43947
16.44162
16.44376
16.44591
16.44805
16.45020
16.45234
16.45449
16.45663
16.45878
16.46092
16.46307
16.46522
16.46737
16.46951
16.47166
16.47381
16.47596
16.47811
16.48025
16.48240
16.48455
16.48670
16.48885
16.49100
16.49315
16.49530
16.49746
16.49961
16.50176
16.50391
16.50606
16.50821
16.51037
16.51252
16.51467
16.51683
16.51898
16.52113
16.52329
16.52544
16.52760
16.52975
16.53191
16.53406
16.53622
16.53838
16.54053
16.54269
16.54485
16.54700
16.54916
16.55132
16.55348
16.55564
16.55779
16.55995
16.56211
16.56427
16.56643
16.56859
16.57075
16.57291
16.57507
16.57723
16.57940
16.58156
16.58372
16.58588
16.58804
16.59021
16.59237
16.59453
16.59670
16.59886
16.60102
16.60319
16.60535
16.60752
16.60968
16.61185
16.61401
16.61618
16.61835
16.62051
16.62268
16.62485
16.62701
16.62918
16.63135
16.63352
16.63569
16.63786
16.64002
16.64219
16.64436
16.64653
16.64870
16.65087
16.65304
16.65522
16.65739
16.65956
16.66173
16.66390
16.66607
16.66825
16.67042
16.67259
16.67477
16.67694
16.67911
16.68129
16.68346
16.68564
16.68781
16.68999
16.69216
16.69434
16.69652
16.69869
16.70087
16.70305
16.70522
16.70740
16.70958
16.71176
16.71394
16.71611
16.71829
16.72047
16.72265
16.72483
16.72701
16.72919
16.73137
16.73355
16.73574
16.73792
16.74010
16.74228
16.74446
16.74665
16.74883
16.75101
16.75319
16.75538
16.75756
16.75975
16.76193
16.76412
16.76630
16.76849
16.77067
16.77286
16.77504
16.77723
16.77942
16.78160
16.78379
16.78598
16.78817
16.79036
16.79254
16.79473
16.79692
16.79911
16.80130
16.80349
16.80568
16.80787
16.81006
16.81225
16.81444
16.81664
16.81883
16.82102
16.82321
16.82540
16.82760
16.82979
16.83198
16.83418
16.83637
16.83857
16.84076
16.84296
16.84515
16.84735
16.84954
16.85174
16.85394
16.85613
16.85833
16.86053
16.86272
16.86492
16.86712
16.86932
16.87152
16.87371
16.87591
16.87811
16.88031
16.88251
16.88471
16.88691
16.88911
16.89132
16.89352
16.89572
16.89792
16.90012
16.90233
16.90453
16.90673
16.90893
16.91114
16.91334
16.91555
16.91775
16.91996
16.92216
16.92437
16.92657
16.92878
16.93098
16.93319
16.93540
16.93760
16.93981
16.94202
16.94423
16.94644
16.94864
16.95085
16.95306
16.95527
16.95748
16.95969
16.96190
16.96411
16.96632
16.96853
16.97075
16.97296
16.97517
16.97738
16.97959
16.98181
16.98402
16.98623
16.98845
16.99066
16.99287
16.99509
16.99730
16.99952
17.00173
17.00395
17.00617
17.00838
17.01060
17.01282
17.01503
17.01725
17.01947
17.02169
17.02390
17.02612
17.02834
17.03056
17.03278
17.03500
17.03722
17.03944
17.04166
17.04388
17.04610
17.04832
17.05055
17.05277
17.05499
17.05721
17.05944
17.06166
17.06388
17.06611
17.06833
17.07055
17.07278
17.07500
17.07723
17.07945
17.08168
17.08391
17.08613
17.08836
17.09059
17.09281
17.09504
17.09727
17.09950
17.10172
17.10395
17.10618
17.10841
17.11064
17.11287
17.11510
17.11733
17.11956
17.12179
17.12402
17.12626
17.12849
17.13072
17.13295
17.13519
17.13742
17.13965
17.14188
17.14412
17.14635
17.14859
17.15082
17.15306
17.15529
17.15753
17.15976
17.16200
17.16424
17.16647
17.16871
17.17095
17.17319
17.17542
17.17766
17.17990
17.18214
17.18438
17.18662
17.18886
17.19110
17.19334
17.19558
17.19782
17.20006
17.20230
17.20454
17.20679
17.20903
17.21127
17.21351
17.21576
17.21800
17.22025
17.22249
17.22473
17.22698
17.22922
17.23147
17.23371
17.23596
17.23821
17.24045
17.24270
17.24495
17.24719
17.24944
17.25169
17.25394
17.25619
17.25844
17.26068
17.26293
17.26518
17.26743
17.26968
17.27193
17.27419
17.27644
17.27869
17.28094
17.28319
17.28544
17.28770
17.28995
17.29220
17.29446
17.29671
17.29897
17.30122
17.30347
17.30573
17.30799
17.31024
17.31250
17.31475
17.31701
17.31927
17.32152
17.32378
17.32604
17.32830
17.33056
17.33281
17.33507
17.33733
17.33959
17.34185
17.34411
17.34637
17.34863
17.35089
17.35316
17.35542
17.35768
17.35994
17.36220
17.36447
17.36673
17.36899
17.37126
17.37352
17.37579
17.37805
17.38031
17.38258
17.38485
17.38711
17.38938
17.39164
17.39391
17.39618
17.39844
17.40071
17.40298
17.40525
17.40752
17.40979
17.41206
17.41432
17.41659
17.41886
17.42113
17.42341
17.42568
17.42795
17.43022
17.43249
17.43476
17.43704
17.43931
17.44158
17.44385
17.44613
17.44840
17.45068
17.45295
17.45523
17.45750
17.45978
17.46205
17.46433
17.46660
17.46888
17.47116
17.47344
17.47571
17.47799
17.48027
17.48255
17.48483
17.48711
17.48939
17.49166
17.49394
17.49623
17.49851
17.50079
17.50307
17.50535
17.50763
17.50991
17.51220
17.51448
17.51676
17.51905
17.52133
17.52361
17.52590
17.52818
17.53047
17.53275
17.53504
17.53732
17.53961
17.54190
17.54418
17.54647
17.54876
17.55104
17.55333
17.55562
17.55791
17.56020
17.56249
17.56478
17.56707
17.56936
17.57165
17.57394
17.57623
17.57852
17.58081
17.58310
17.58540
17.58769
17.58998
17.59227
17.59457
17.59686
17.59915
17.60145
17.60374
17.60604
17.60833
17.61063
17.61293
17.61522
17.61752
17.61982
17.62211
17.62441
17.62671
17.62901
17.63130
17.63360
17.63590
17.63820
17.64050
17.64280
17.64510
17.64740
17.64970
17.65200
17.65430
17.65661
17.65891
17.66121
17.66351
17.66582
17.66812
17.67042
17.67273
17.67503
17.67734
17.67964
17.68195
17.68425
17.68656
17.68886
17.69117
17.69348
17.69578
17.69809
17.70040
17.70271
17.70502
17.70732
17.70963
17.71194
17.71425
17.71656
17.71887
17.72118
17.72349
17.72580
17.72812
17.73043
17.73274
17.73505
17.73736
17.73968
17.74199
17.74430
17.74662
17.74893
17.75125
17.75356
17.75588
17.75819
17.76051
17.76282
17.76514
17.76746
17.76977
17.77209
17.77441
17.77673
17.77905
17.78136
17.78368
17.78600
17.78832
17.79064
17.79296
17.79528
17.79760
17.79992
17.80225
17.80457
17.80689
17.80921
17.81153
17.81386
17.81618
17.81850
17.82083
17.82315
17.82548
17.82780
17.83013
17.83245
17.83478
17.83710
17.83943
17.84176
17.84409
17.84641
17.84874
17.85107
17.85340
17.85573
17.85805
17.86038
17.86271
17.86504
17.86737
17.86970
17.87204
17.87437
17.87670
17.87903
17.88136
17.88369
17.88603
17.88836
17.89069
17.89303
17.89536
17.89770
17.90003
17.90237
17.90470
17.90704
17.90937
17.91171
17.91405
17.91638
17.91872
17.92106
17.92340
17.92573
17.92807
17.93041
17.93275
17.93509
17.93743
17.93977
17.94211
17.94445
17.94679
17.94913
17.95148
17.95382
17.95616
17.95850
17.96085
17.96319
17.96553
17.96788
17.97022
17.97257
17.97491
17.97726
17.97960
17.98195
17.98429
17.98664
17.98899
17.99133
17.99368
17.99603
17.99838
18.00073
18.00308
18.00542
18.00777
18.01012
18.01247
18.01482
18.01717
18.01953
18.02188
18.02423
18.02658
18.02893
18.03129
18.03364
18.03599
18.03835
18.04070
18.04305
18.04541
18.04776
18.05012
18.05247
18.05483
18.05719
18.05954
18.06190
18.06426
18.06661
18.06897
18.07133
18.07369
18.07605
18.07841
18.08077
18.08313
18.08549
18.08785
18.09021
18.09257
18.09493
18.09729
18.09965
18.10202
18.10438
18.10674
18.10911
18.11147
18.11383
18.11620
18.11856
18.12093
18.12329
18.12566
18.12802
18.13039
18.13276
18.13512
18.13749
18.13986
18.14223
18.14460
18.14696
18.14933
18.15170
18.15407
18.15644
18.15881
18.16118
18.16355
18.16593
18.16830
18.17067
18.17304
18.17541
18.17779
18.18016
18.18253
18.18491
18.18728
18.18966
18.19203
18.19441
18.19678
18.19916
18.20153
18.20391
18.20629
18.20866
18.21104
18.21342
18.21580
18.21818
18.22055
18.22293
18.22531
18.22769
18.23007
18.23245
18.23483
18.23722
18.23960
18.24198
18.24436
18.24674
18.24913
18.25151
18.25389
18.25628
18.25866
18.26104
18.26343
18.26581
18.26820
18.27059
18.27297
18.27536
18.27775
18.28013
18.28252
18.28491
18.28730
18.28968
18.29207
18.29446
18.29685
18.29924
18.30163
18.30402
18.30641
18.30880
18.31119
18.31359
18.31598
18.31837
18.32076
18.32316
18.32555
18.32794
18.33034
18.33273
18.33513
18.33752
18.33992
18.34231
18.34471
18.34711
18.34950
18.35190
18.35430
18.35670
18.35909
18.36149
18.36389
18.36629
18.36869
18.37109
18.37349
18.37589
18.37829
18.38069
18.38309
18.38550
18.38790
18.39030
18.39270
18.39511
18.39751
18.39991
18.40232
18.40472
18.40713
18.40953
18.41194
18.41434
18.41675
18.41916
18.42156
18.42397
18.42638
18.42879
18.43119
18.43360
18.43601
18.43842
18.44083
18.44324
18.44565
18.44806
18.45047
18.45288
18.45529
18.45771
18.46012
18.46253
18.46494
18.46736
18.46977
18.47219
18.47460
18.47701
18.47943
18.48184
18.48426
18.48668
18.48909
18.49151
18.49393
18.49634
18.49876
18.50118
18.50360
18.50602
18.50844
18.51086
18.51328
18.51570
18.51812
18.52054
18.52296
18.52538
18.52780
18.53022
18.53265
18.53507
18.53749
18.53992
18.54234
18.54476
18.54719
18.54961
18.55204
18.55446
18.55689
18.55932
18.56174
18.56417
18.56660
18.56902
18.57145
18.57388
18.57631
18.57874
18.58117
18.58360
18.58603
18.58846
18.59089
18.59332
18.59575
18.59818
18.60062
18.60305
18.60548
18.60791
18.61035
18.61278
18.61522
18.61765
18.62009
18.62252
18.62496
18.62739
18.62983
18.63227
18.63470
18.63714
18.63958
18.64202
18.64445
18.64689
18.64933
18.65177
18.65421
18.65665
18.65909
18.66153
18.66397
18.66641
18.66886
18.67130
18.67374
18.67618
18.67863
18.68107
18.68351
18.68596
18.68840
18.69085
18.69329
18.69574
18.69819
18.70063
18.70308
18.70553
18.70797
18.71042
18.71287
18.71532
18.71777
18.72022
18.72267
18.72512
18.72757
18.73002
18.73247
18.73492
18.73737
18.73982
18.74227
18.74473
18.74718
18.74963
18.75209
18.75454
18.75700
18.75945
18.76191
18.76436
18.76682
18.76927
18.77173
18.77419
18.77664
18.77910
18.78156
18.78402
18.78648
18.78893
18.79139
18.79385
18.79631
18.79877
18.80124
18.80370
18.80616
18.80862
18.81108
18.81354
18.81601
18.81847
18.82093
18.82340
18.82586
18.82833
18.83079
18.83326
18.83572
18.83819
18.84066
18.84312
18.84559
18.84806
18.85053
18.85299
18.85546
18.85793
18.86040
18.86287
18.86534
18.86781
18.87028
18.87275
18.87522
18.87769
18.88017
18.88264
18.88511
18.88759
18.89006
18.89253
18.89501
18.89748
18.89996
18.90243
18.90491
18.90738
18.90986
18.91234
18.91481
18.91729
18.91977
18.92225
18.92473
18.92721
18.92968
18.93216
18.93464
18.93712
18.93961
18.94209
18.94457
18.94705
18.94953
18.95201
18.95450
18.95698
18.95946
18.96195
18.96443
18.96692
18.96940
18.97189
18.97437
18.97686
18.97935
18.98183
18.98432
18.98681
18.98929
18.99178
18.99427
18.99676
18.99925
19.00174
19.00423
19.00672
19.00921
19.01170
19.01419
19.01669
19.01918
19.02167
19.02416
19.02666
19.02915
19.03164
19.03414
19.03663
19.03913
19.04162
19.04412
19.04662
19.04911
19.05161
19.05411
19.05660
19.05910
19.06160
19.06410
19.06660
19.06910
19.07160
19.07410
19.07660
19.07910
19.08160
19.08410
19.08661
19.08911
19.09161
19.09411
19.09662
19.09912
19.10163
19.10413
19.10664
19.10914
19.11165
19.11415
19.11666
19.11917
19.12167
19.12418
19.12669
19.12920
19.13170
19.13421
19.13672
19.13923
19.14174
19.14425
19.14676
19.14928
19.15179
19.15430
19.15681
19.15932
19.16184
19.16435
19.16686
19.16938
19.17189
19.17441
19.17692
19.17944
19.18195
19.18447
19.18699
19.18951
19.19202
19.19454
19.19706
19.19958
19.20210
19.20462
19.20714
19.20966
19.21218
19.21470
19.21722
19.21974
19.22226
19.22478
19.22731
19.22983
19.23235
19.23488
19.23740
19.23993
19.24245
19.24498
19.24750
19.25003
19.25255
19.25508
19.25761
19.26013
19.26266
19.26519
19.26772
19.27025
19.27278
19.27531
19.27784
19.28037
19.28290
19.28543
19.28796
19.29049
19.29303
19.29556
19.29809
19.30063
19.30316
19.30569
19.30823
19.31076
19.31330
19.31583
19.31837
19.32091
19.32344
19.32598
19.32852
19.33106
19.33359
19.33613
19.33867
19.34121
19.34375
19.34629
19.34883
19.35137
19.35391
19.35646
19.35900
19.36154
19.36408
19.36663
19.36917
19.37171
19.37426
19.37680
19.37935
19.38189
19.38444
19.38699
19.38953
19.39208
19.39463
19.39717
19.39972
19.40227
19.40482
19.40737
19.40992
19.41247
19.41502
19.41757
19.42012
19.42267
19.42523
19.42778
19.43033
19.43288
19.43544
19.43799
19.44054
19.44310
19.44565
19.44821
19.45077
19.45332
19.45588
19.45843
19.46099
19.46355
19.46611
19.46867
19.47122
19.47378
19.47634
19.47890
19.48146
19.48402
19.48659
19.48915
19.49171
19.49427
19.49683
19.49940
19.50196
19.50452
19.50709
19.50965
19.51222
19.51478
19.51735
19.51991
19.52248
19.52505
19.52761
19.53018
19.53275
19.53532
19.53789
19.54046
19.54303
19.54560
19.54817
19.55074
19.55331
19.55588
19.55845
19.56102
19.56360
19.56617
19.56874
19.57132
19.57389
19.57646
19.57904
19.58161
19.58419
19.58677
19.58934
19.59192
19.59450
19.59707
19.59965
19.60223
19.60481
19.60739
19.60997
19.61255
19.61513
19.61771
19.62029
19.62287
19.62545
19.62804
19.63062
19.63320
19.63578
19.63837
19.64095
19.64354
19.64612
19.64871
19.65129
19.65388
19.65647
19.65905
19.66164
19.66423
19.66682
19.66940
19.67199
19.67458
19.67717
19.67976
19.68235
19.68494
19.68754
19.69013
19.69272
19.69531
19.69790
19.70050
19.70309
19.70568
19.70828
19.71087
19.71347
19.71606
19.71866
19.72126
19.72385
19.72645
19.72905
19.73165
19.73424
19.73684
19.73944
19.74204
19.74464
19.74724
19.74984
19.75244
19.75504
19.75765
19.76025
19.76285
19.76545
19.76806
19.77066
19.77327
19.77587
19.77848
19.78108
19.78369
19.78629
19.78890
19.79151
19.79411
19.79672
19.79933
19.80194
19.80455
19.80716
19.80977
19.81238
19.81499
19.81760
19.82021
19.82282
19.82543
19.82805
19.83066
19.83327
19.83589
19.83850
19.84111
19.84373
19.84634
19.84896
19.85158
19.85419
19.85681
19.85943
19.86204
19.86466
19.86728
19.86990
19.87252
19.87514
19.87776
19.88038
19.88300
19.88562
19.88824
19.89087
19.89349
19.89611
19.89873
19.90136
19.90398
19.90661
19.90923
19.91186
19.91448
19.91711
19.91973
19.92236
19.92499
19.92762
19.93024
19.93287
19.93550
19.93813
19.94076
19.94339
19.94602
19.94865
19.95128
19.95392
19.95655
19.95918
19.96181
19.96445
19.96708
19.96971
19.97235
19.97498
19.97762
19.98026
19.98289
19.98553
19.98817
19.99080
19.99344
19.99608
19.99872
20.00136
20.00400
20.00664
20.00928
20.01192
20.01456
20.01720
20.01984
20.02248
20.02513
20.02777
20.03041
20.03306
20.03570
20.03835
20.04099
20.04364
20.04628
20.04893
20.05157
20.05422
20.05687
20.05952
20.06217
20.06481
20.06746
20.07011
20.07276
20.07541
20.07806
20.08072
20.08337
20.08602
20.08867
20.09132
20.09398
20.09663
20.09929
20.10194
20.10460
20.10725
20.10991
20.11256
20.11522
20.11788
20.12053
20.12319
20.12585
20.12851
20.13117
20.13383
20.13649
20.13915
20.14181
20.14447
20.14713
20.14979
20.15245
20.15512
20.15778
20.16044
20.16311
20.16577
20.16844
20.17110
20.17377
20.17643
20.17910
20.18177
20.18443
20.18710
20.18977
20.19244
20.19511
20.19778
20.20045
20.20312
20.20579
20.20846
20.21113
20.21380
20.21647
20.21915
20.22182
20.22449
20.22717
20.22984
20.23252
20.23519
20.23787
20.24054
20.24322
20.24590
20.24857
20.25125
20.25393
20.25661
20.25929
20.26197
20.26465
20.26733
20.27001
20.27269
20.27537
20.27805
20.28073
20.28342
20.28610
20.28878
20.29147
20.29415
20.29684
20.29952
20.30221
20.30489
20.30758
20.31027
20.31295
20.31564
20.31833
20.32102
20.32371
20.32640
20.32909
20.33178
20.33447
20.33716
20.33985
20.34254
20.34523
20.34793
20.35062
20.35331
20.35601
20.35870
20.36140
20.36409
20.36679
20.36949
20.37218
20.37488
20.37758
20.38027
20.38297
20.38567
20.38837
20.39107
20.39377
20.39647
20.39917
20.40187
20.40457
20.40728
20.40998
20.41268
20.41539
20.41809
20.42079
20.42350
20.42620
20.42891
20.43161
20.43432
20.43703
20.43973
20.44244
20.44515
20.44786
20.45057
20.45328
20.45599
20.45870
20.46141
20.46412
20.46683
20.46954
20.47225
20.47497
20.47768
20.48039
20.48311
20.48582
20.48854
20.49125
20.49397
20.49669
20.49940
20.50212
20.50484
20.50755
20.51027
20.51299
20.51571
20.51843
20.52115
20.52387
20.52659
20.52931
20.53204
20.53476
20.53748
20.54020
20.54293
20.54565
20.54838
20.55110
20.55383
20.55655
20.55928
20.56200
20.56473
20.56746
20.57019
20.57291
20.57564
20.57837
20.58110
20.58383
20.58656
20.58929
20.59202
20.59476
20.59749
20.60022
20.60295
20.60569
20.60842
20.61116
20.61389
20.61663
20.61936
20.62210
20.62483
20.62757
20.63031
20.63305
20.63578
20.63852
20.64126
20.64400
20.64674
20.64948
20.65222
20.65496
20.65771
20.66045
20.66319
20.66593
20.66868
20.67142
20.67417
20.67691
20.67966
20.68240
20.68515
20.68790
20.69064
20.69339
20.69614
20.69889
20.70163
20.70438
20.70713
20.70988
20.71263
20.71539
20.71814
20.72089
20.72364
20.72639
20.72915
20.73190
20.73465
20.73741
20.74016
20.74292
20.74568
20.74843
20.75119
20.75395
20.75670
20.75946
20.76222
20.76498
20.76774
20.77050
20.77326
20.77602
20.77878
20.78154
20.78430
20.78707
20.78983
20.79259
20.79536
20.79812
20.80089
20.80365
20.80642
20.80918
20.81195
20.81472
20.81748
20.82025
20.82302
20.82579
20.82856
20.83133
20.83410
20.83687
20.83964
20.84241
20.84518
20.84795
20.85073
20.85350
20.85627
20.85905
20.86182
20.86460
20.86737
20.87015
20.87292
20.87570
20.87848
20.88126
20.88403
20.88681
20.88959
20.89237
20.89515
20.89793
20.90071
20.90349
20.90628
20.90906
20.91184
20.91462
20.91741
20.92019
20.92297
20.92576
20.92854
20.93133
20.93412
20.93690
20.93969
20.94248
20.94527
20.94805
20.95084
20.95363
20.95642
20.95921
20.96200
20.96480
20.96759
20.97038
20.97317
20.97596
20.97876
20.98155
20.98435
20.98714
20.98994
20.99273
20.99553
20.99832
21.00112
21.00392
21.00672
21.00952
21.01231
21.01511
21.01791
21.02071
21.02352
21.02632
21.02912
21.03192
21.03472
21.03753
21.04033
21.04313
21.04594
21.04874
21.05155
21.05435
21.05716
21.05997
21.06277
21.06558
21.06839
21.07120
21.07401
21.07682
21.07963
21.08244
21.08525
21.08806
21.09087
21.09368
21.09649
21.09931
21.10212
21.10494
21.10775
21.11057
21.11338
21.11620
21.11901
21.12183
21.12465
21.12746
21.13028
21.13310
21.13592
21.13874
21.14156
21.14438
21.14720
21.15002
21.15284
21.15567
21.15849
21.16131
21.16414
21.16696
21.16979
21.17261
21.17544
21.17826
21.18109
21.18392
21.18674
21.18957
21.19240
21.19523
21.19806
21.20089
21.20372
21.20655
21.20938
21.21221
21.21504
21.21788
21.22071
21.22354
21.22638
21.22921
21.23205
21.23488
21.23772
21.24055
21.24339
21.24623
21.24907
21.25190
21.25474
21.25758
21.26042
21.26326
21.26610
21.26894
21.27178
21.27463
21.27747
21.28031
21.28315
21.28600
21.28884
21.29169
21.29453
21.29738
21.30022
21.30307
21.30592
21.30877
21.31161
21.31446
21.31731
21.32016
21.32301
21.32586
21.32871
21.33156
21.33441
21.33727
21.34012
21.34297
21.34583
21.34868
21.35154
21.35439
21.35725
21.36010
21.36296
21.36582
21.36867
21.37153
21.37439
21.37725
21.38011
21.38297
21.38583
21.38869
21.39155
21.39441
21.39727
21.40014
21.40300
21.40586
21.40873
21.41159
21.41446
21.41732
21.42019
21.42306
21.42592
21.42879
21.43166
21.43453
21.43740
21.44027
21.44314
21.44601
21.44888
21.45175
21.45462
21.45749
21.46037
21.46324
21.46611
21.46899
21.47186
21.47474
21.47761
21.48049
21.48336
21.48624
21.48912
21.49200
21.49488
21.49776
21.50063
21.50351
21.50640
21.50928
21.51216
21.51504
21.51792
21.52080
21.52369
21.52657
21.52946
21.53234
21.53523
21.53811
21.54100
21.54389
21.54677
21.54966
21.55255
21.55544
21.55833
21.56122
21.56411
21.56700
21.56989
21.57278
21.57567
21.57856
21.58146
21.58435
21.58724
21.59014
21.59303
21.59593
21.59883
21.60172
21.60462
21.60752
21.61041
21.61331
21.61621
21.61911
21.62201
21.62491
21.62781
21.63071
21.63362
21.63652
21.63942
21.64232
21.64523
21.64813
21.65104
21.65394
21.65685
21.65975
21.66266
21.66557
21.66848
21.67138
21.67429
21.67720
21.68011
21.68302
21.68593
21.68884
21.69176
21.69467
21.69758
21.70049
21.70341
21.70632
21.70924
21.71215
21.71507
21.71798
21.72090
21.72382
21.72673
21.72965
21.73257
21.73549
21.73841
21.74133
21.74425
21.74717
21.75009
21.75301
21.75594
21.75886
21.76178
21.76471
21.76763
21.77056
21.77348
21.77641
21.77934
21.78226
21.78519
21.78812
21.79105
21.79398
21.79690
21.79983
21.80277
21.80570
21.80863
21.81156
21.81449
21.81743
21.82036
21.82329
21.82623
21.82916
21.83210
21.83503
21.83797
21.84091
21.84384
21.84678
21.84972
21.85266
21.85560
21.85854
21.86148
21.86442
21.86736
21.87030
21.87325
21.87619
21.87913
21.88208
21.88502
21.88797
21.89091
21.89386
21.89681
21.89975
21.90270
21.90565
21.90860
21.91155
21.91450
21.91745
21.92040
21.92335
21.92630
21.92925
21.93220
21.93516
21.93811
21.94106
21.94402
21.94697
21.94993
21.95289
21.95584
21.95880
21.96176
21.96472
21.96767
21.97063
21.97359
21.97655
21.97951
21.98248
21.98544
21.98840
21.99136
21.99433
21.99729
22.00025
22.00322
22.00618
22.00915
22.01212
22.01508
22.01805
22.02102
22.02399
22.02696
22.02993
22.03290
22.03587
22.03884
22.04181
22.04478
22.04775
22.05073
22.05370
22.05667
22.05965
22.06262
22.06560
22.06857
22.07155
22.07453
22.07751
22.08048
22.08346
22.08644
22.08942
22.09240
22.09538
22.09836
22.10135
22.10433
22.10731
22.11029
22.11328
22.11626
22.11925
22.12223
22.12522
22.12820
22.13119
22.13418
22.13717
22.14016
22.14314
22.14613
22.14912
22.15211
22.15511
22.15810
22.16109
22.16408
22.16708
22.17007
22.17306
22.17606
22.17905
22.18205
22.18504
22.18804
22.19104
22.19404
22.19704
22.20003
22.20303
22.20603
22.20903
22.21204
22.21504
22.21804
22.22104
22.22404
22.22705
22.23005
22.23306
22.23606
22.23907
22.24207
22.24508
22.24809
22.25110
22.25410
22.25711
22.26012
22.26313
22.26614
22.26915
22.27216
22.27518
22.27819
22.28120
22.28422
22.28723
22.29024
22.29326
22.29628
22.29929
22.30231
22.30533
22.30834
22.31136
22.31438
22.31740
22.32042
22.32344
22.32646
22.32948
22.33251
22.33553
22.33855
22.34157
22.34460
22.34762
22.35065
22.35367
22.35670
22.35973
22.36275
22.36578
22.36881
22.37184
22.37487
22.37790
22.38093
22.38396
22.38699
22.39003
22.39306
22.39609
22.39912
22.40216
22.40519
22.40823
22.41127
22.41430
22.41734
22.42038
22.42341
22.42645
22.42949
22.43253
22.43557
22.43861
22.44165
22.44470
22.44774
22.45078
22.45382
22.45687
22.45991
22.46296
22.46600
22.46905
22.47210
22.47514
22.47819
22.48124
22.48429
22.48734
22.49039
22.49344
22.49649
22.49954
22.50259
22.50564
22.50870
22.51175
22.51481
22.51786
22.52092
22.52397
22.52703
22.53008
22.53314
22.53620
22.53926
22.54232
22.54538
22.54844
22.55150
22.55456
22.55762
22.56068
22.56375
22.56681
22.56987
22.57294
22.57600
22.57907
22.58213
22.58520
22.58827
22.59134
22.59440
22.59747
22.60054
22.60361
22.60668
22.60975
22.61283
22.61590
22.61897
22.62204
22.62512
22.62819
22.63127
22.63434
22.63742
22.64050
22.64357
22.64665
22.64973
22.65281
22.65589
22.65897
22.66205
22.66513
22.66821
22.67129
22.67437
22.67746
22.68054
22.68362
22.68671
22.68979
22.69288
22.69597
22.69905
22.70214
22.70523
22.70832
22.71141
22.71450
22.71759
22.72068
22.72377
22.72686
22.72996
22.73305
22.73614
22.73924
22.74233
22.74543
22.74852
22.75162
22.75472
22.75781
22.76091
22.76401
22.76711
22.77021
22.77331
22.77641
22.77951
22.78261
22.78572
22.78882
22.79192
22.79503
22.79813
22.80124
22.80434
22.80745
22.81056
22.81366
22.81677
22.81988
22.82299
22.82610
22.82921
22.83232
22.83543
22.83855
22.84166
22.84477
22.84789
22.85100
22.85411
22.85723
22.86035
22.86346
22.86658
22.86970
22.87282
22.87593
22.87905
22.88217
22.88529
22.88842
22.89154
22.89466
22.89778
22.90091
22.90403
22.90715
22.91028
22.91341
22.91653
22.91966
22.92279
22.92591
22.92904
22.93217
22.93530
22.93843
22.94156
22.94469
22.94782
22.95096
22.95409
22.95722
22.96036
22.96349
22.96663
22.96976
22.97290
22.97604
22.97917
22.98231
22.98545
22.98859
22.99173
22.99487
22.99801
23.00115
23.00430
23.00744
23.01058
23.01373
23.01687
23.02002
23.02316
23.02631
23.02945
23.03260
23.03575
23.03890
23.04205
23.04520
23.04835
23.05150
23.05465
23.05780
23.06095
23.06411
23.06726
23.07041
23.07357
23.07672
23.07988
23.08304
23.08619
23.08935
23.09251
23.09567
23.09883
23.10199
23.10515
23.10831
23.11147
23.11463
23.11780
23.12096
23.12412
23.12729
23.13045
23.13362
23.13679
23.13995
23.14312
23.14629
23.14946
23.15263
23.15580
23.15897
23.16214
23.16531
23.16848
23.17166
23.17483
23.17800
23.18118
23.18435
23.18753
23.19070
23.19388
23.19706
23.20024
23.20342
23.20660
23.20977
23.21296
23.21614
23.21932
23.22250
23.22568
23.22887
23.23205
23.23523
23.23842
23.24161
23.24479
23.24798
23.25117
23.25435
23.25754
23.26073
23.26392
23.26711
23.27030
23.27349
23.27669
23.27988
23.28307
23.28627
23.28946
23.29266
23.29585
23.29905
23.30225
23.30544
23.30864
23.31184
23.31504
23.31824
23.32144
23.32464
23.32784
23.33104
23.33425
23.33745
23.34066
23.34386
23.34706
23.35027
23.35348
23.35668
23.35989
23.36310
23.36631
23.36952
23.37273
23.37594
23.37915
23.38236
23.38557
23.38879
23.39200
23.39521
23.39843
23.40165
23.40486
23.40808
23.41129
23.41451
23.41773
23.42095
23.42417
23.42739
23.43061
23.43383
23.43705
23.44028
23.44350
23.44672
23.44995
23.45317
23.45640
23.45962
23.46285
23.46608
23.46931
23.47254
23.47577
23.47899
23.48223
23.48546
23.48869
23.49192
23.49515
23.49839
23.50162
23.50486
23.50809
23.51133
23.51456
23.51780
23.52104
23.52428
23.52752
23.53075
23.53399
23.53724
23.54048
23.54372
23.54696
23.55020
23.55345
23.55669
23.55994
23.56318
23.56643
23.56968
23.57292
23.57617
23.57942
23.58267
23.58592
23.58917
23.59242
23.59567
23.59893
23.60218
23.60543
23.60869
23.61194
23.61520
23.61845
23.62171
23.62497
23.62822
23.63148
23.63474
23.63800
23.64126
23.64452
23.64778
23.65105
23.65431
23.65757
23.66084
23.66410
23.66737
23.67063
23.67390
23.67717
23.68043
23.68370
23.68697
23.69024
23.69351
23.69678
23.70005
23.70333
23.70660
23.70987
23.71315
23.71642
23.71970
23.72297
23.72625
23.72953
23.73280
23.73608
23.73936
23.74264
23.74592
23.74920
23.75248
23.75576
23.75905
23.76233
23.76561
23.76890
23.77218
23.77547
23.77876
23.78204
23.78533
23.78862
23.79191
23.79520
23.79849
23.80178
23.80507
23.80836
23.81165
23.81495
23.81824
23.82154
23.82483
23.82813
23.83142
23.83472
23.83802
23.84132
23.84462
23.84792
23.85122
23.85452
23.85782
23.86112
23.86442
23.86773
23.87103
23.87434
23.87764
23.88095
23.88425
23.88756
23.89087
23.89418
23.89749
23.90080
23.90411
23.90742
23.91073
23.91404
23.91735
23.92067
23.92398
23.92730
23.93061
23.93393
23.93724
23.94056
23.94388
23.94720
23.95052
23.95384
23.95716
23.96048
23.96380
23.96712
23.97045
23.97377
23.97710
23.98042
23.98375
23.98707
23.99040
23.99373
23.99706
24.00038
24.00371
24.00704
24.01037
24.01371
24.01704
24.02037
24.02370
24.02704
24.03037
24.03371
24.03704
24.04038
24.04372
24.04706
24.05039
24.05373
24.05707
24.06041
24.06376
24.06710
24.07044
24.07378
24.07713
24.08047
24.08382
24.08716
24.09051
24.09385
24.09720
24.10055
24.10390
24.10725
24.11060
24.11395
24.11730
24.12065
24.12401
24.12736
24.13071
24.13407
24.13742
24.14078
24.14414
24.14749
24.15085
24.15421
24.15757
24.16093
24.16429
24.16765
24.17101
24.17438
24.17774
24.18110
24.18447
24.18783
24.19120
24.19457
24.19793
24.20130
24.20467
24.20804
24.21141
24.21478
24.21815
24.22152
24.22489
24.22827
24.23164
24.23502
24.23839
24.24177
24.24514
24.24852
24.25190
24.25528
24.25865
24.26203
24.26541
24.26880
24.27218
24.27556
24.27894
24.28233
24.28571
24.28910
24.29248
24.29587
24.29925
24.30264
24.30603
24.30942
24.31281
24.31620
24.31959
24.32298
24.32637
24.32977
24.33316
24.33656
24.33995
24.34335
24.34674
24.35014
24.35354
24.35694
24.36033
24.36373
24.36713
24.37054
24.37394
24.37734
24.38074
24.38415
24.38755
24.39096
24.39436
24.39777
24.40117
24.40458
24.40799
24.41140
24.41481
24.41822
24.42163
24.42504
24.42845
24.43187
24.43528
24.43870
24.44211
24.44553
24.44894
24.45236
24.45578
24.45920
24.46262
24.46604
24.46946
24.47288
24.47630
24.47972
24.48314
24.48657
24.48999
24.49342
24.49684
24.50027
24.50370
24.50713
24.51056
24.51398
24.51741
24.52085
24.52428
24.52771
24.53114
24.53457
24.53801
24.54144
24.54488
24.54832
24.55175
24.55519
24.55863
24.56207
24.56551
24.56895
24.57239
24.57583
24.57927
24.58271
24.58616
24.58960
24.59305
24.59649
24.59994
24.60339
24.60683
24.61028
24.61373
24.61718
24.62063
24.62408
24.62754
24.63099
24.63444
24.63790
24.64135
24.64481
24.64826
24.65172
24.65518
24.65863
24.66209
24.66555
24.66901
24.67247
24.67594
24.67940
24.68286
24.68632
24.68979
24.69325
24.69672
24.70019
24.70365
24.70712
24.71059
24.71406
24.71753
24.72100
24.72447
24.72794
24.73142
24.73489
24.73836
24.74184
24.74531
24.74879
24.75227
24.75575
24.75922
24.76270
24.76618
24.76966
24.77314
24.77663
24.78011
24.78359
24.78708
24.79056
24.79405
24.79753
24.80102
24.80451
24.80799
24.81148
24.81497
24.81846
24.82195
24.82545
24.82894
24.83243
24.83592
24.83942
24.84291
24.84641
24.84991
24.85340
24.85690
24.86040
24.86390
24.86740
24.87090
24.87440
24.87791
24.88141
24.88491
24.88842
24.89192
24.89543
24.89893
24.90244
24.90595
24.90946
24.91297
24.91648
24.91999
24.92350
24.92701
24.93053
24.93404
24.93755
24.94107
24.94458
24.94810
24.95162
24.95514
24.95865
24.96217
24.96569
24.96922
24.97274
24.97626
24.97978
24.98331
24.98683
24.99036
24.99388
24.99741
25.00093
25.00446
25.00799
25.01152
25.01505
25.01858
25.02211
25.02565
25.02918
25.03271
25.03625
25.03978
25.04332
25.04686
25.05039
25.05393
25.05747
25.06101
25.06455
25.06809
25.07163
25.07517
25.07872
25.08226
25.08581
25.08935
25.09290
25.09645
25.09999
25.10354
25.10709
25.11064
25.11419
25.11774
25.12129
25.12485
25.12840
25.13195
25.13551
25.13906
25.14262
25.14618
25.14974
25.15329
25.15685
25.16041
25.16397
25.16754
25.17110
25.17466
25.17822
25.18179
25.18535
25.18892
25.19249
25.19605
25.19962
25.20319
25.20676
25.21033
25.21390
25.21747
25.22104
25.22462
25.22819
25.23177
25.23534
25.23892
25.24250
25.24607
25.24965
25.25323
25.25681
25.26039
25.26397
25.26755
25.27114
25.27472
25.27831
25.28189
25.28548
25.28906
25.29265
25.29624
25.29983
25.30342
25.30701
25.31060
25.31419
25.31778
25.32137
25.32497
25.32856
25.33216
25.33576
25.33935
25.34295
25.34655
25.35015
25.35375
25.35735
25.36095
25.36455
25.36816
25.37176
25.37536
25.37897
25.38257
25.38618
25.38979
25.39340
25.39701
25.40062
25.40423
25.40784
25.41145
25.41506
25.41868
25.42229
25.42591
25.42952
25.43314
25.43675
25.44037
25.44399
25.44761
25.45123
25.45485
25.45847
25.46210
25.46572
25.46934
25.47297
25.47660
25.48022
25.48385
25.48748
25.49111
25.49473
25.49836
25.50200
25.50563
25.50926
25.51289
25.51653
25.52016
25.52380
25.52743
25.53107
25.53471
25.53835
25.54199
25.54563
25.54927
25.55291
25.55655
25.56019
25.56384
25.56748
25.57113
25.57478
25.57842
25.58207
25.58572
25.58937
25.59302
25.59667
25.60032
25.60397
25.60763
25.61128
25.61493
25.61859
25.62225
25.62590
25.62956
25.63322
25.63688
25.64054
25.64420
25.64786
25.65152
25.65519
25.65885
25.66252
25.66618
25.66985
25.67352
25.67718
25.68085
25.68452
25.68819
25.69186
25.69553
25.69921
25.70288
25.70655
25.71023
25.71391
25.71758
25.72126
25.72494
25.72862
25.73230
25.73598
25.73966
25.74334
25.74702
25.75070
25.75439
25.75807
25.76176
25.76545
25.76913
25.77282
25.77651
25.78020
25.78389
25.78758
25.79128
25.79497
25.79866
25.80236
25.80605
25.80975
25.81344
25.81714
25.82084
25.82454
25.82824
25.83194
25.83564
25.83934
25.84305
25.84675
25.85046
25.85416
25.85787
25.86158
25.86528
25.86899
25.87270
25.87641
25.88012
25.88384
25.88755
25.89126
25.89498
25.89869
25.90241
25.90612
25.90984
25.91356
25.91728
25.92100
25.92472
25.92844
25.93216
25.93589
25.93961
25.94333
25.94706
25.95079
25.95451
25.95824
25.96197
25.96570
25.96943
25.97316
25.97689
25.98063
25.98436
25.98809
25.99183
25.99556
25.99930
26.00304
26.00678
26.01052
26.01426
26.01800
26.02174
26.02548
26.02922
26.03297
26.03671
26.04046
26.04421
26.04795
26.05170
26.05545
26.05920
26.06295
26.06670
26.07045
26.07421
26.07796
26.08171
26.08547
26.08923
26.09298
26.09674
26.10050
26.10426
26.10802
26.11178
26.11554
26.11930
26.12307
26.12683
26.13060
26.13436
26.13813
26.14190
26.14567
26.14944
26.15321
26.15698
26.16075
26.16452
26.16829
26.17207
26.17584
26.17962
26.18340
26.18717
26.19095
26.19473
26.19851
26.20229
26.20607
26.20986
26.21364
26.21742
26.22121
26.22499
26.22878
26.23257
26.23636
26.24015
26.24394
26.24773
26.25152
26.25531
26.25910
26.26290
26.26669
26.27049
26.27428
26.27808
26.28188
26.28568
26.28948
26.29328
26.29708
26.30088
26.30469
26.30849
26.31230
26.31610
26.31991
26.32372
26.32752
26.33133
26.33514
26.33895
26.34276
26.34658
26.35039
26.35420
26.35802
26.36183
26.36565
26.36947
26.37329
26.37711
26.38093
26.38475
26.38857
26.39239
26.39621
26.40004
26.40386
26.40769
26.41152
26.41534
26.41917
26.42300
26.42683
26.43066
26.43449
26.43833
26.44216
26.44599
26.44983
26.45367
26.45750
26.46134
26.46518
26.46902
26.47286
26.47670
26.48054
26.48438
26.48823
26.49207
26.49592
26.49976
26.50361
26.50746
26.51131
26.51516
26.51901
26.52286
26.52671
26.53057
26.53442
26.53827
26.54213
26.54599
26.54984
26.55370
26.55756
26.56142
26.56528
26.56914
26.57301
26.57687
26.58073
26.58460
26.58846
26.59233
26.59620
26.60007
26.60394
26.60781
26.61168
26.61555
26.61942
26.62330
26.62717
26.63105
26.63492
26.63880
26.64268
26.64656
26.65044
26.65432
26.65820
26.66208
26.66597
26.66985
26.67373
26.67762
26.68151
26.68540
26.68928
26.69317
26.69706
26.70095
26.70485
26.70874
26.71263
26.71653
26.72042
26.72432
26.72822
26.73211
26.73601
26.73991
26.74381
26.74772
26.75162
26.75552
26.75943
26.76333
26.76724
26.77114
26.77505
26.77896
26.78287
26.78678
26.79069
26.79460
26.79852
26.80243
26.80635
26.81026
26.81418
26.81810
26.82201
26.82593
26.82985
26.83378
26.83770
26.84162
26.84554
26.84947
26.85339
26.85732
26.86125
26.86518
26.86910
26.87303
26.87697
26.88090
26.88483
26.88876
26.89270
26.89663
26.90057
26.90451
26.90844
26.91238
26.91632
26.92026
26.92420
26.92815
26.93209
26.93603
26.93998
26.94393
26.94787
26.95182
26.95577
26.95972
26.96367
26.96762
26.97157
26.97553
26.97948
26.98344
26.98739
26.99135
26.99531
26.99926
27.00322
27.00718
27.01115
27.01511
27.01907
27.02304
27.02700
27.03097
27.03493
27.03890
27.04287
27.04684
27.05081
27.05478
27.05875
27.06273
27.06670
27.07067
27.07465
27.07863
27.08260
27.08658
27.09056
27.09454
27.09852
27.10251
27.10649
27.11047
27.11446
27.11844
27.12243
27.12642
27.13041
27.13440
27.13839
27.14238
27.14637
27.15037
27.15436
27.15835
27.16235
27.16635
27.17035
27.17434
27.17834
27.18234
27.18635
27.19035
27.19435
27.19836
27.20236
27.20637
27.21037
27.21438
27.21839
27.22240
27.22641
27.23042
27.23444
27.23845
27.24246
27.24648
27.25050
27.25451
27.25853
27.26255
27.26657
27.27059
27.27461
27.27864
27.28266
27.28669
27.29071
27.29474
27.29876
27.30279
27.30682
27.31085
27.31488
27.31892
27.32295
27.32698
27.33102
27.33505
27.33909
27.34313
27.34717
27.35121
27.35525
27.35929
27.36333
27.36738
27.37142
27.37547
27.37951
27.38356
27.38761
27.39166
27.39571
27.39976
27.40381
27.40786
27.41192
27.41597
27.42003
27.42408
27.42814
27.43220
27.43626
27.44032
27.44438
27.44844
27.45251
27.45657
27.46064
27.46470
27.46877
27.47284
27.47691
27.48098
27.48505
27.48912
27.49319
27.49727
27.50134
27.50542
27.50949
27.51357
27.51765
27.52173
27.52581
27.52989
27.53397
27.53806
27.54214
27.54623
27.55031
27.55440
27.55849
27.56258
27.56667
27.57076
27.57485
27.57895
27.58304
27.58713
27.59123
27.59533
27.59943
27.60352
27.60762
27.61172
27.61583
27.61993
27.62403
27.62814
27.63224
27.63635
27.64046
27.64457
27.64868
27.65279
27.65690
27.66101
27.66512
27.66924
27.67335
27.67747
27.68159
27.68570
27.68982
27.69394
27.69807
27.70219
27.70631
27.71043
27.71456
27.71869
27.72281
27.72694
27.73107
27.73520
27.73933
27.74346
27.74760
27.75173
27.75586
27.76000
27.76414
27.76828
27.77241
27.77655
27.78070
27.78484
27.78898
27.79312
27.79727
27.80141
27.80556
27.80971
27.81386
27.81801
27.82216
27.82631
27.83046
27.83462
27.83877
27.84293
27.84708
27.85124
27.85540
27.85956
27.86372
27.86788
27.87204
27.87621
27.88037
27.88454
27.88871
27.89287
27.89704
27.90121
27.90538
27.90955
27.91373
27.91790
27.92207
27.92625
27.93043
27.93460
27.93878
27.94296
27.94714
27.95133
27.95551
27.95969
27.96388
27.96806
27.97225
27.97644
27.98063
27.98482
27.98901
27.99320
27.99739
28.00158
28.00578
28.00998
28.01417
28.01837
28.02257
28.02677
28.03097
28.03517
28.03937
28.04358
28.04778
28.05199
28.05620
28.06040
28.06461
28.06882
28.07304
28.07725
28.08146
28.08567
28.08989
28.09411
28.09832
28.10254
28.10676
28.11098
28.11520
28.11942
28.12365
28.12787
28.13210
28.13632
28.14055
28.14478
28.14901
28.15324
28.15747
28.16170
28.16594
28.17017
28.17441
28.17865
28.18288
28.18712
28.19136
28.19560
28.19984
28.20409
28.20833
28.21258
28.21682
28.22107
28.22532
28.22957
28.23382
28.23807
28.24232
28.24657
28.25083
28.25508
28.25934
28.26360
28.26786
28.27212
28.27638
28.28064
28.28490
28.28916
28.29343
28.29770
28.30196
28.30623
28.31050
28.31477
28.31904
28.32331
28.32759
28.33186
28.33614
28.34041
28.34469
28.34897
28.35325
28.35753
28.36181
28.36609
28.37038
28.37466
28.37895
28.38323
28.38752
28.39181
28.39610
28.40039
28.40468
28.40898
28.41327
28.41757
28.42186
28.42616
28.43046
28.43476
28.43906
28.44336
28.44766
28.45197
28.45627
28.46058
28.46489
28.46919
28.47350
28.47781
28.48212
28.48644
28.49075
28.49506
28.49938
28.50370
28.50801
28.51233
28.51665
28.52097
28.52530
28.52962
28.53394
28.53827
28.54260
28.54692
28.55125
28.55558
28.55991
28.56424
28.56858
28.57291
28.57724
28.58158
28.58592
28.59026
28.59460
28.59894
28.60328
28.60762
28.61196
28.61631
28.62065
28.62500
28.62935
28.63370
28.63805
28.64240
28.64675
28.65110
28.65546
28.65981
28.66417
28.66853
28.67289
28.67725
28.68161
28.68597
28.69033
28.69470
28.69906
28.70343
28.70780
28.71217
28.71654
28.72091
28.72528
28.72965
28.73403
28.73840
28.74278
28.74716
28.75153
28.75591
28.76030
28.76468
28.76906
28.77344
28.77783
28.78222
28.78660
28.79099
28.79538
28.79977
28.80416
28.80856
28.81295
28.81735
28.82174
28.82614
28.83054
28.83494
28.83934
28.84374
28.84814
28.85255
28.85695
28.86136
28.86577
28.87018
28.87458
28.87900
28.88341
28.88782
28.89223
28.89665
28.90107
28.90548
28.90990
28.91432
28.91874
28.92316
28.92759
28.93201
28.93644
28.94086
28.94529
28.94972
28.95415
28.95858
28.96301
28.96745
28.97188
28.97632
28.98075
28.98519
28.98963
28.99407
28.99851
29.00295
29.00740
29.01184
29.01629
29.02073
29.02518
29.02963
29.03408
29.03853
29.04298
29.04744
29.05189
29.05635
29.06081
29.06526
29.06972
29.07418
29.07865
29.08311
29.08757
29.09204
29.09650
29.10097
29.10544
29.10991
29.11438
29.11885
29.12332
29.12780
29.13227
29.13675
29.14123
29.14571
29.15019
29.15467
29.15915
29.16363
29.16812
29.17260
29.17709
29.18158
29.18607
29.19056
29.19505
29.19954
29.20404
29.20853
29.21303
29.21753
29.22202
29.22652
29.23102
29.23553
29.24003
29.24453
29.24904
29.25355
29.25805
29.26256
29.26707
29.27158
29.27610
29.28061
29.28513
29.28964
29.29416
29.29868
29.30320
29.30772
29.31224
29.31676
29.32129
29.32581
29.33034
29.33487
29.33939
29.34392
29.34846
29.35299
29.35752
29.36206
29.36659
29.37113
29.37567
29.38021
29.38475
29.38929
29.39383
29.39838
29.40292
29.40747
29.41202
29.41657
29.42112
29.42567
29.43022
29.43477
29.43933
29.44389
29.44844
29.45300
29.45756
29.46212
29.46668
29.47125
29.47581
29.48038
29.48494
29.48951
29.49408
29.49865
29.50322
29.50780
29.51237
29.51695
29.52152
29.52610
29.53068
29.53526
29.53984
29.54442
29.54901
29.55359
29.55818
29.56276
29.56735
29.57194
29.57653
29.58113
29.58572
29.59031
29.59491
29.59951
29.60411
29.60870
29.61331
29.61791
29.62251
29.62711
29.63172
29.63633
29.64093
29.64554
29.65015
29.65477
29.65938
29.66399
29.66861
29.67322
29.67784
29.68246
29.68708
29.69170
29.69632
29.70095
29.70557
29.71020
29.71483
29.71946
29.72409
29.72872
29.73335
29.73798
29.74262
29.74725
29.75189
29.75653
29.76117
29.76581
29.77045
29.77510
29.77974
29.78439
29.78903
29.79368
29.79833
29.80298
29.80764
29.81229
29.81694
29.82160
29.82626
29.83092
29.83557
29.84024
29.84490
29.84956
29.85423
29.85889
29.86356
29.86823
29.87290
29.87757
29.88224
29.88691
29.89159
