-39.09009
-39.09005
-39.08994
-39.08977
-39.08953
-39.08923
-39.08887
-39.08845
-39.08798
-39.08746
-39.08689
-39.08628
-39.08562
-39.08491
-39.08417
-39.08338
-39.08256
-39.08171
-39.08082
-39.07989
-39.07894
-39.07796
-39.07694
-39.07591
-39.07484
-39.07375
-39.07264
-39.07150
-39.07034
-39.06917
-39.06797
-39.06675
-39.06552
-39.06426
-39.06300
-39.06171
-39.06041
-39.05910
-39.05777
-39.05643
-39.05508
-39.05372
-39.05234
-39.05095
-39.04956
-39.04815
-39.04673
-39.04531
-39.04387
-39.04243
-39.04098
-39.03952
-39.03805
-39.03658
-39.03510
-39.03362
-39.03212
-39.03063
-39.02912
-39.02761
-39.02610
-39.02458
-39.02306
-39.02153
-39.02000
-39.01846
-39.01692
-39.01538
-39.01383
-39.01228
-39.01073
-39.00917
-39.00761
-39.00605
-39.00448
-39.00292
-39.00135
-38.99977
-38.99820
-38.99662
-38.99504
-38.99346
-38.99187
-38.99029
-38.98870
-38.98711
-38.98552
-38.98393
-38.98234
-38.98074
-38.97915
-38.97755
-38.97595
-38.97435
-38.97275
-38.97114
-38.96954
-38.96794
-38.96633
-38.96472
-38.96312
-38.96151
-38.95990
-38.95829
-38.95668
-38.95507
-38.95345
-38.95184
-38.95023
-38.94861
-38.94700
-38.94538
-38.94377
-38.94215
-38.94053
-38.93891
-38.93730
-38.93568
-38.93406
-38.93244
-38.93082
-38.92920
-38.92758
-38.92595
-38.92433
-38.92271
-38.92109
-38.91946
-38.91784
-38.91622
-38.91459
-38.91297
-38.91134
-38.90972
-38.90809
-38.90647
-38.90484
-38.90322
-38.90159
-38.89996
-38.89834
-38.89671
-38.89508
-38.89346
-38.89183
-38.89020
-38.88857
-38.88694
-38.88532
-38.88369
-38.88206
-38.88043
-38.87880
-38.87717
-38.87554
-38.87391
-38.87228
-38.87065
-38.86902
-38.86739
-38.86576
-38.86412
-38.86249
-38.86086
-38.85923
-38.85760
-38.85597
-38.85433
-38.85270
-38.85107
-38.84944
-38.84780
-38.84617
-38.84454
-38.84291
-38.84127
-38.83964
-38.83800
-38.83637
-38.83474
-38.83310
-38.83147
-38.82983
-38.82820
-38.82656
-38.82493
-38.82329
-38.82166
-38.82002
-38.81839
-38.81675
-38.81512
-38.81348
-38.81185
-38.81021
-38.80857
-38.80694
-38.80530
-38.80366
-38.80203
-38.80039
-38.79875
-38.79712
-38.79548
-38.79384
-38.79220
-38.79057
-38.78893
-38.78729
-38.78565
-38.78401
-38.78238
-38.78074
-38.77910
-38.77746
-38.77582
-38.77418
-38.77254
-38.77090
-38.76926
-38.76762
-38.76598
-38.76434
-38.76270
-38.76106
-38.75942
-38.75778
-38.75614
-38.75450
-38.75286
-38.75122
-38.74958
-38.74794
-38.74630
-38.74466
-38.74301
-38.74137
-38.73973
-38.73809
-38.73645
-38.73481
-38.73316
-38.73152
-38.72988
-38.72824
-38.72659
-38.72495
-38.72331
-38.72166
-38.72002
-38.71838
-38.71673
-38.71509
-38.71345
-38.71180
-38.71016
-38.70851
-38.70687
-38.70522
-38.70358
-38.70193
-38.70029
-38.69864
-38.69700
-38.69535
-38.69371
-38.69206
-38.69042
-38.68877
-38.68713
-38.68548
-38.68383
-38.68219
-38.68054
-38.67889
-38.67725
-38.67560
-38.67395
-38.67231
-38.67066
-38.66901
-38.66737
-38.66572
-38.66407
-38.66242
-38.66077
-38.65913
-38.65748
-38.65583
-38.65418
-38.65253
-38.65088
-38.64924
-38.64759
-38.64594
-38.64429
-38.64264
-38.64099
-38.63934
-38.63769
-38.63604
-38.63439
-38.63274
-38.63109
-38.62944
-38.62779
-38.62614
-38.62449
-38.62284
-38.62118
-38.61953
-38.61788
-38.61623
-38.61458
-38.61293
-38.61128
-38.60962
-38.60797
-38.60632
-38.60467
-38.60301
-38.60136
-38.59971
-38.59806
-38.59640
-38.59475
-38.59310
-38.59144
-38.58979
-38.58814
-38.58648
-38.58483
-38.58317
-38.58152
-38.57987
-38.57821
-38.57656
-38.57490
-38.57325
-38.57159
-38.56994
-38.56828
-38.56663
-38.56497
-38.56332
-38.56166
-38.56000
-38.55835
-38.55669
-38.55504
-38.55338
-38.55172
-38.55007
-38.54841
-38.54675
-38.54510
-38.54344
-38.54178
-38.54012
-38.53847
-38.53681
-38.53515
-38.53349
-38.53184
-38.53018
-38.52852
-38.52686
-38.52520
-38.52354
-38.52188
-38.52023
-38.51857
-38.51691
-38.51525
-38.51359
-38.51193
-38.51027
-38.50861
-38.50695
-38.50529
-38.50363
-38.50197
-38.50031
-38.49865
-38.49699
-38.49533
-38.49366
-38.49200
-38.49034
-38.48868
-38.48702
-38.48536
-38.48370
-38.48203
-38.48037
-38.47871
-38.47705
-38.47538
-38.47372
-38.47206
-38.47040
-38.46873
-38.46707
-38.46541
-38.46374
-38.46208
-38.46042
-38.45875
-38.45709
-38.45542
-38.45376
-38.45210
-38.45043
-38.44877
-38.44710
-38.44544
-38.44377
-38.44211
-38.44044
-38.43878
-38.43711
-38.43544
-38.43378
-38.43211
-38.43045
-38.42878
-38.42711
-38.42545
-38.42378
-38.42212
-38.42045
-38.41878
-38.41711
-38.41545
-38.41378
-38.41211
-38.41044
-38.40878
-38.40711
-38.40544
-38.40377
-38.40210
-38.40044
-38.39877
-38.39710
-38.39543
-38.39376
-38.39209
-38.39042
-38.38875
-38.38708
-38.38541
-38.38374
-38.38208
-38.38041
-38.37873
-38.37706
-38.37539
-38.37372
-38.37205
-38.37038
-38.36871
-38.36704
-38.36537
-38.36370
-38.36203
-38.36035
-38.35868
-38.35701
-38.35534
-38.35367
-38.35200
-38.35032
-38.34865
-38.34698
-38.34530
-38.34363
-38.34196
-38.34029
-38.33861
-38.33694
-38.33527
-38.33359
-38.33192
-38.33024
-38.32857
-38.32690
-38.32522
-38.32355
-38.32187
-38.32020
-38.31852
-38.31685
-38.31517
-38.31350
-38.31182
-38.31015
-38.30847
-38.30679
-38.30512
-38.30344
-38.30177
-38.30009
-38.29841
-38.29674
-38.29506
-38.29338
-38.29171
-38.29003
-38.28835
-38.28667
-38.28500
-38.28332
-38.28164
-38.27996
-38.27829
-38.27661
-38.27493
-38.27325
-38.27157
-38.26989
-38.26821
-38.26654
-38.26486
-38.26318
-38.26150
-38.25982
-38.25814
-38.25646
-38.25478
-38.25310
-38.25142
-38.24974
-38.24806
-38.24638
-38.24470
-38.24301
-38.24133
-38.23965
-38.23797
-38.23629
-38.23461
-38.23293
-38.23125
-38.22956
-38.22788
-38.22620
-38.22452
-38.22283
-38.22115
-38.21947
-38.21779
-38.21610
-38.21442
-38.21274
-38.21105
-38.20937
-38.20769
-38.20600
-38.20432
-38.20263
-38.20095
-38.19926
-38.19758
-38.19590
-38.19421
-38.19253
-38.19084
-38.18916
-38.18747
-38.18579
-38.18410
-38.18241
-38.18073
-38.17904
-38.17736
-38.17567
-38.17398
-38.17230
-38.17061
-38.16892
-38.16724
-38.16555
-38.16386
-38.16217
-38.16049
-38.15880
-38.15711
-38.15542
-38.15374
-38.15205
-38.15036
-38.14867
-38.14698
-38.14529
-38.14361
-38.14192
-38.14023
-38.13854
-38.13685
-38.13516
-38.13347
-38.13178
-38.13009
-38.12840
-38.12671
-38.12502
-38.12333
-38.12164
-38.11995
-38.11826
-38.11657
-38.11487
-38.11318
-38.11149
-38.10980
-38.10811
-38.10642
-38.10473
-38.10303
-38.10134
-38.09965
-38.09796
-38.09626
-38.09457
-38.09288
-38.09119
-38.08949
-38.08780
-38.08611
-38.08441
-38.08272
-38.08102
-38.07933
-38.07764
-38.07594
-38.07425
-38.07255
-38.07086
-38.06916
-38.06747
-38.06577
-38.06408
-38.06238
-38.06069
-38.05899
-38.05730
-38.05560
-38.05390
-38.05221
-38.05051
-38.04882
-38.04712
-38.04542
-38.04373
-38.04203
-38.04033
-38.03863
-38.03694
-38.03524
-38.03354
-38.03184
-38.03015
-38.02845
-38.02675
-38.02505
-38.02335
-38.02165
-38.01996
-38.01826
-38.01656
-38.01486
-38.01316
-38.01146
-38.00976
-38.00806
-38.00636
-38.00466
-38.00296
-38.00126
-37.99956
-37.99786
-37.99616
-37.99446
-37.99276
-37.99106
-37.98936
-37.98765
-37.98595
-37.98425
-37.98255
-37.98085
-37.97915
-37.97744
-37.97574
-37.97404
-37.97234
-37.97063
-37.96893
-37.96723
-37.96552
-37.96382
-37.96212
-37.96041
-37.95871
-37.95701
-37.95530
-37.95360
-37.95189
-37.95019
-37.94849
-37.94678
-37.94508
-37.94337
-37.94167
-37.93996
-37.93826
-37.93655
-37.93485
-37.93314
-37.93143
-37.92973
-37.92802
-37.92632
-37.92461
-37.92290
-37.92120
-37.91949
-37.91778
-37.91607
-37.91437
-37.91266
-37.91095
-37.90925
-37.90754
-37.90583
-37.90412
-37.90241
-37.90070
-37.89900
-37.89729
-37.89558
-37.89387
-37.89216
-37.89045
-37.88874
-37.88703
-37.88532
-37.88361
-37.88190
-37.88019
-37.87848
-37.87677
-37.87506
-37.87335
-37.87164
-37.86993
-37.86822
-37.86651
-37.86480
-37.86309
-37.86137
-37.85966
-37.85795
-37.85624
-37.85453
-37.85282
-37.85110
-37.84939
-37.84768
-37.84596
-37.84425
-37.84254
-37.84083
-37.83911
-37.83740
-37.83569
-37.83397
-37.83226
-37.83054
-37.82883
-37.82712
-37.82540
-37.82369
-37.82197
-37.82026
-37.81854
-37.81683
-37.81511
-37.81340
-37.81168
-37.80996
-37.80825
-37.80653
-37.80482
-37.80310
-37.80138
-37.79967
-37.79795
-37.79623
-37.79452
-37.79280
-37.79108
-37.78937
-37.78765
-37.78593
-37.78421
-37.78249
-37.78078
-37.77906
-37.77734
-37.77562
-37.77390
-37.77218
-37.77047
-37.76875
-37.76703
-37.76531
-37.76359
-37.76187
-37.76015
-37.75843
-37.75671
-37.75499
-37.75327
-37.75155
-37.74983
-37.74811
-37.74639
-37.74467
-37.74294
-37.74122
-37.73950
-37.73778
-37.73606
-37.73434
-37.73261
-37.73089
-37.72917
-37.72745
-37.72572
-37.72400
-37.72228
-37.72056
-37.71883
-37.71711
-37.71539
-37.71366
-37.71194
-37.71022
-37.70849
-37.70677
-37.70504
-37.70332
-37.70159
-37.69987
-37.69815
-37.69642
-37.69470
-37.69297
-37.69124
-37.68952
-37.68779
-37.68607
-37.68434
-37.68262
-37.68089
-37.67916
-37.67744
-37.67571
-37.67398
-37.67226
-37.67053
-37.66880
-37.66707
-37.66535
-37.66362
-37.66189
-37.66016
-37.65844
-37.65671
-37.65498
-37.65325
-37.65152
-37.64979
-37.64806
-37.64634
-37.64461
-37.64288
-37.64115
-37.63942
-37.63769
-37.63596
-37.63423
-37.63250
-37.63077
-37.62904
-37.62731
-37.62558
-37.62385
-37.62211
-37.62038
-37.61865
-37.61692
-37.61519
-37.61346
-37.61173
-37.60999
-37.60826
-37.60653
-37.60480
-37.60306
-37.60133
-37.59960
-37.59787
-37.59613
-37.59440
-37.59267
-37.59093
-37.58920
-37.58746
-37.58573
-37.58400
-37.58226
-37.58053
-37.57879
-37.57706
-37.57532
-37.57359
-37.57185
-37.57012
-37.56838
-37.56665
-37.56491
-37.56318
-37.56144
-37.55970
-37.55797
-37.55623
-37.55449
-37.55276
-37.55102
-37.54928
-37.54755
-37.54581
-37.54407
-37.54233
-37.54060
-37.53886
-37.53712
-37.53538
-37.53365
-37.53191
-37.53017
-37.52843
-37.52669
-37.52495
-37.52321
-37.52147
-37.51973
-37.51799
-37.51625
-37.51451
-37.51277
-37.51103
-37.50929
-37.50755
-37.50581
-37.50407
-37.50233
-37.50059
-37.49885
-37.49711
-37.49537
-37.49363
-37.49188
-37.49014
-37.48840
-37.48666
-37.48492
-37.48317
-37.48143
-37.47969
-37.47795
-37.47620
-37.47446
-37.47272
-37.47097
-37.46923
-37.46748
-37.46574
-37.46400
-37.46225
-37.46051
-37.45876
-37.45702
-37.45527
-37.45353
-37.45179
-37.45004
-37.44829
-37.44655
-37.44480
-37.44306
-37.44131
-37.43957
-37.43782
-37.43607
-37.43433
-37.43258
-37.43083
-37.42909
-37.42734
-37.42559
-37.42385
-37.42210
-37.42035
-37.41860
-37.41685
-37.41511
-37.41336
-37.41161
-37.40986
-37.40811
-37.40636
-37.40462
-37.40287
-37.40112
-37.39937
-37.39762
-37.39587
-37.39412
-37.39237
-37.39062
-37.38887
-37.38712
-37.38537
-37.38362
-37.38187
-37.38012
-37.37836
-37.37661
-37.37486
-37.37311
-37.37136
-37.36961
-37.36785
-37.36610
-37.36435
-37.36260
-37.36085
-37.35909
-37.35734
-37.35559
-37.35383
-37.35208
-37.35033
-37.34857
-37.34682
-37.34507
-37.34331
-37.34156
-37.33980
-37.33805
-37.33629
-37.33454
-37.33279
-37.33103
-37.32928
-37.32752
-37.32576
-37.32401
-37.32225
-37.32050
-37.31874
-37.31699
-37.31523
-37.31347
-37.31172
-37.30996
-37.30820
-37.30645
-37.30469
-37.30293
-37.30117
-37.29942
-37.29766
-37.29590
-37.29414
-37.29238
-37.29063
-37.28887
-37.28711
-37.28535
-37.28359
-37.28183
-37.28007
-37.27831
-37.27655
-37.27479
-37.27303
-37.27127
-37.26951
-37.26775
-37.26599
-37.26423
-37.26247
-37.26071
-37.25895
-37.25719
-37.25543
-37.25367
-37.25190
-37.25014
-37.24838
-37.24662
-37.24486
-37.24309
-37.24133
-37.23957
-37.23781
-37.23604
-37.23428
-37.23252
-37.23075
-37.22899
-37.22723
-37.22546
-37.22370
-37.22193
-37.22017
-37.21841
-37.21664
-37.21488
-37.21311
-37.21135
-37.20958
-37.20782
-37.20605
-37.20429
-37.20252
-37.20075
-37.19899
-37.19722
-37.19546
-37.19369
-37.19192
-37.19016
-37.18839
-37.18662
-37.18486
-37.18309
-37.18132
-37.17955
-37.17778
-37.17602
-37.17425
-37.17248
-37.17071
-37.16894
-37.16718
-37.16541
-37.16364
-37.16187
-37.16010
-37.15833
-37.15656
-37.15479
-37.15302
-37.15125
-37.14948
-37.14771
-37.14594
-37.14417
-37.14240
-37.14063
-37.13886
-37.13709
-37.13531
-37.13354
-37.13177
-37.13000
-37.12823
-37.12646
-37.12468
-37.12291
-37.12114
-37.11937
-37.11759
-37.11582
-37.11405
-37.11227
-37.11050
-37.10873
-37.10695
-37.10518
-37.10340
-37.10163
-37.09986
-37.09808
-37.09631
-37.09453
-37.09276
-37.09098
-37.08921
-37.08743
-37.08566
-37.08388
-37.08211
-37.08033
-37.07855
-37.07678
-37.07500
-37.07322
-37.07145
-37.06967
-37.06789
-37.06612
-37.06434
-37.06256
-37.06078
-37.05901
-37.05723
-37.05545
-37.05367
-37.05189
-37.05012
-37.04834
-37.04656
-37.04478
-37.04300
-37.04122
-37.03944
-37.03766
-37.03588
-37.03410
-37.03232
-37.03054
-37.02876
-37.02698
-37.02520
-37.02342
-37.02164
-37.01986
-37.01808
-37.01630
-37.01452
-37.01273
-37.01095
-37.00917
-37.00739
-37.00561
-37.00382
-37.00204
-37.00026
-36.99848
-36.99669
-36.99491
-36.99313
-36.99134
-36.98956
-36.98778
-36.98599
-36.98421
-36.98242
-36.98064
-36.97885
-36.97707
-36.97528
-36.97350
-36.97171
-36.96993
-36.96814
-36.96636
-36.96457
-36.96279
-36.96100
-36.95922
-36.95743
-36.95564
-36.95386
-36.95207
-36.95028
-36.94850
-36.94671
-36.94492
-36.94313
-36.94135
-36.93956
-36.93777
-36.93598
-36.93419
-36.93241
-36.93062
-36.92883
-36.92704
-36.92525
-36.92346
-36.92167
-36.91988
-36.91809
-36.91630
-36.91451
-36.91272
-36.91093
-36.90914
-36.90735
-36.90556
-36.90377
-36.90198
-36.90019
-36.89840
-36.89661
-36.89481
-36.89302
-36.89123
-36.88944
-36.88765
-36.88585
-36.88406
-36.88227
-36.88048
-36.87868
-36.87689
-36.87510
-36.87330
-36.87151
-36.86972
-36.86792
-36.86613
-36.86433
-36.86254
-36.86074
-36.85895
-36.85716
-36.85536
-36.85357
-36.85177
-36.84998
-36.84818
-36.84638
-36.84459
-36.84279
-36.84100
-36.83920
-36.83740
-36.83561
-36.83381
-36.83201
-36.83022
-36.82842
-36.82662
-36.82482
-36.82303
-36.82123
-36.81943
-36.81763
-36.81583
-36.81404
-36.81224
-36.81044
-36.80864
-36.80684
-36.80504
-36.80324
-36.80144
-36.79964
-36.79784
-36.79604
-36.79424
-36.79244
-36.79064
-36.78884
-36.78704
-36.78524
-36.78344
-36.78164
-36.77984
-36.77803
-36.77623
-36.77443
-36.77263
-36.77083
-36.76902
-36.76722
-36.76542
-36.76362
-36.76181
-36.76001
-36.75821
-36.75640
-36.75460
-36.75280
-36.75099
-36.74919
-36.74739
-36.74558
-36.74378
-36.74197
-36.74017
-36.73836
-36.73656
-36.73475
-36.73295
-36.73114
-36.72934
-36.72753
-36.72572
-36.72392
-36.72211
-36.72031
-36.71850
-36.71669
-36.71489
-36.71308
-36.71127
-36.70946
-36.70766
-36.70585
-36.70404
-36.70223
-36.70043
-36.69862
-36.69681
-36.69500
-36.69319
-36.69138
-36.68957
-36.68776
-36.68595
-36.68415
-36.68234
-36.68053
-36.67872
-36.67691
-36.67510
-36.67328
-36.67147
-36.66966
-36.66785
-36.66604
-36.66423
-36.66242
-36.66061
-36.65880
-36.65698
-36.65517
-36.65336
-36.65155
-36.64974
-36.64792
-36.64611
-36.64430
-36.64248
-36.64067
-36.63886
-36.63704
-36.63523
-36.63342
-36.63160
-36.62979
-36.62797
-36.62616
-36.62434
-36.62253
-36.62071
-36.61890
-36.61708
-36.61527
-36.61345
-36.61164
-36.60982
-36.60801
-36.60619
-36.60437
-36.60256
-36.60074
-36.59892
-36.59711
-36.59529
-36.59347
-36.59165
-36.58984
-36.58802
-36.58620
-36.58438
-36.58257
-36.58075
-36.57893
-36.57711
-36.57529
-36.57347
-36.57165
-36.56983
-36.56801
-36.56619
-36.56437
-36.56255
-36.56073
-36.55891
-36.55709
-36.55527
-36.55345
-36.55163
-36.54981
-36.54799
-36.54617
-36.54435
-36.54253
-36.54070
-36.53888
-36.53706
-36.53524
-36.53341
-36.53159
-36.52977
-36.52795
-36.52612
-36.52430
-36.52248
-36.52065
-36.51883
-36.51701
-36.51518
-36.51336
-36.51153
-36.50971
-36.50788
-36.50606
-36.50423
-36.50241
-36.50058
-36.49876
-36.49693
-36.49511
-36.49328
-36.49145
-36.48963
-36.48780
-36.48598
-36.48415
-36.48232
-36.48050
-36.47867
-36.47684
-36.47501
-36.47319
-36.47136
-36.46953
-36.46770
-36.46587
-36.46405
-36.46222
-36.46039
-36.45856
-36.45673
-36.45490
-36.45307
-36.45124
-36.44941
-36.44758
-36.44575
-36.44392
-36.44209
-36.44026
-36.43843
-36.43660
-36.43477
-36.43294
-36.43111
-36.42928
-36.42744
-36.42561
-36.42378
-36.42195
-36.42012
-36.41828
-36.41645
-36.41462
-36.41279
-36.41095
-36.40912
-36.40729
-36.40545
-36.40362
-36.40178
-36.39995
-36.39812
-36.39628
-36.39445
-36.39261
-36.39078
-36.38894
-36.38711
-36.38527
-36.38344
-36.38160
-36.37977
-36.37793
-36.37609
-36.37426
-36.37242
-36.37059
-36.36875
-36.36691
-36.36508
-36.36324
-36.36140
-36.35956
-36.35773
-36.35589
-36.35405
-36.35221
-36.35037
-36.34853
-36.34670
-36.34486
-36.34302
-36.34118
-36.33934
-36.33750
-36.33566
-36.33382
-36.33198
-36.33014
-36.32830
-36.32646
-36.32462
-36.32278
-36.32094
-36.31910
-36.31726
-36.31542
-36.31357
-36.31173
-36.30989
-36.30805
-36.30621
-36.30436
-36.30252
-36.30068
-36.29884
-36.29699
-36.29515
-36.29331
-36.29146
-36.28962
-36.28778
-36.28593
-36.28409
-36.28225
-36.28040
-36.27856
-36.27671
-36.27487
-36.27302
-36.27118
-36.26933
-36.26749
-36.26564
-36.26379
-36.26195
-36.26010
-36.25826
-36.25641
-36.25456
-36.25272
-36.25087
-36.24902
-36.24717
-36.24533
-36.24348
-36.24163
-36.23978
-36.23794
-36.23609
-36.23424
-36.23239
-36.23054
-36.22869
-36.22684
-36.22500
-36.22315
-36.22130
-36.21945
-36.21760
-36.21575
-36.21390
-36.21205
-36.21020
-36.20835
-36.20649
-36.20464
-36.20279
-36.20094
-36.19909
-36.19724
-36.19539
-36.19353
-36.19168
-36.18983
-36.18798
-36.18612
-36.18427
-36.18242
-36.18057
-36.17871
-36.17686
-36.17501
-36.17315
-36.17130
-36.16944
-36.16759
-36.16574
-36.16388
-36.16203
-36.16017
-36.15832
-36.15646
-36.15461
-36.15275
-36.15089
-36.14904
-36.14718
-36.14533
-36.14347
-36.14161
-36.13976
-36.13790
-36.13604
-36.13419
-36.13233
-36.13047
-36.12861
-36.12676
-36.12490
-36.12304
-36.12118
-36.11932
-36.11746
-36.11561
-36.11375
-36.11189
-36.11003
-36.10817
-36.10631
-36.10445
-36.10259
-36.10073
-36.09887
-36.09701
-36.09515
-36.09329
-36.09143
-36.08957
-36.08771
-36.08584
-36.08398
-36.08212
-36.08026
-36.07840
-36.07653
-36.07467
-36.07281
-36.07095
-36.06908
-36.06722
-36.06536
-36.06349
-36.06163
-36.05977
-36.05790
-36.05604
-36.05418
-36.05231
-36.05045
-36.04858
-36.04672
-36.04485
-36.04299
-36.04112
-36.03926
-36.03739
-36.03552
-36.03366
-36.03179
-36.02993
-36.02806
-36.02619
-36.02433
-36.02246
-36.02059
-36.01872
-36.01686
-36.01499
-36.01312
-36.01125
-36.00939
-36.00752
-36.00565
-36.00378
-36.00191
-36.00004
-35.99817
-35.99630
-35.99443
-35.99257
-35.99070
-35.98883
-35.98696
-35.98509
-35.98321
-35.98134
-35.97947
-35.97760
-35.97573
-35.97386
-35.97199
-35.97012
-35.96825
-35.96637
-35.96450
-35.96263
-35.96076
-35.95888
-35.95701
-35.95514
-35.95327
-35.95139
-35.94952
-35.94765
-35.94577
-35.94390
-35.94202
-35.94015
-35.93827
-35.93640
-35.93453
-35.93265
-35.93078
-35.92890
-35.92702
-35.92515
-35.92327
-35.92140
-35.91952
-35.91765
-35.91577
-35.91389
-35.91202
-35.91014
-35.90826
-35.90638
-35.90451
-35.90263
-35.90075
-35.89887
-35.89700
-35.89512
-35.89324
-35.89136
-35.88948
-35.88760
-35.88572
-35.88384
-35.88197
-35.88009
-35.87821
-35.87633
-35.87445
-35.87257
-35.87069
-35.86881
-35.86692
-35.86504
-35.86316
-35.86128
-35.85940
-35.85752
-35.85564
-35.85375
-35.85187
-35.84999
-35.84811
-35.84623
-35.84434
-35.84246
-35.84058
-35.83869
-35.83681
-35.83493
-35.83304
-35.83116
-35.82927
-35.82739
-35.82551
-35.82362
-35.82174
-35.81985
-35.81797
-35.81608
-35.81420
-35.81231
-35.81042
-35.80854
-35.80665
-35.80477
-35.80288
-35.80099
-35.79911
-35.79722
-35.79533
-35.79345
-35.79156
-35.78967
-35.78778
-35.78589
-35.78401
-35.78212
-35.78023
-35.77834
-35.77645
-35.77456
-35.77267
-35.77079
-35.76890
-35.76701
-35.76512
-35.76323
-35.76134
-35.75945
-35.75756
-35.75566
-35.75377
-35.75188
-35.74999
-35.74810
-35.74621
-35.74432
-35.74243
-35.74053
-35.73864
-35.73675
-35.73486
-35.73296
-35.73107
-35.72918
-35.72729
-35.72539
-35.72350
-35.72160
-35.71971
-35.71782
-35.71592
-35.71403
-35.71213
-35.71024
-35.70834
-35.70645
-35.70455
-35.70266
-35.70076
-35.69887
-35.69697
-35.69508
-35.69318
-35.69128
-35.68939
-35.68749
-35.68559
-35.68370
-35.68180
-35.67990
-35.67800
-35.67611
-35.67421
-35.67231
-35.67041
-35.66851
-35.66661
-35.66472
-35.66282
-35.66092
-35.65902
-35.65712
-35.65522
-35.65332
-35.65142
-35.64952
-35.64762
-35.64572
-35.64382
-35.64192
-35.64002
-35.63811
-35.63621
-35.63431
-35.63241
-35.63051
-35.62861
-35.62670
-35.62480
-35.62290
-35.62100
-35.61909
-35.61719
-35.61529
-35.61338
-35.61148
-35.60958
-35.60767
-35.60577
-35.60386
-35.60196
-35.60006
-35.59815
-35.59625
-35.59434
-35.59244
-35.59053
-35.58862
-35.58672
-35.58481
-35.58291
-35.58100
-35.57909
-35.57719
-35.57528
-35.57337
-35.57147
-35.56956
-35.56765
-35.56574
-35.56384
-35.56193
-35.56002
-35.55811
-35.55620
-35.55429
-35.55239
-35.55048
-35.54857
-35.54666
-35.54475
-35.54284
-35.54093
-35.53902
-35.53711
-35.53520
-35.53329
-35.53138
-35.52947
-35.52755
-35.52564
-35.52373
-35.52182
-35.51991
-35.51800
-35.51608
-35.51417
-35.51226
-35.51035
-35.50843
-35.50652
-35.50461
-35.50269
-35.50078
-35.49887
-35.49695
-35.49504
-35.49313
-35.49121
-35.48930
-35.48738
-35.48547
-35.48355
-35.48164
-35.47972
-35.47781
-35.47589
-35.47397
-35.47206
-35.47014
-35.46822
-35.46631
-35.46439
-35.46247
-35.46056
-35.45864
-35.45672
-35.45480
-35.45289
-35.45097
-35.44905
-35.44713
-35.44521
-35.44330
-35.44138
-35.43946
-35.43754
-35.43562
-35.43370
-35.43178
-35.42986
-35.42794
-35.42602
-35.42410
-35.42218
-35.42026
-35.41834
-35.41641
-35.41449
-35.41257
-35.41065
-35.40873
-35.40681
-35.40488
-35.40296
-35.40104
-35.39912
-35.39719
-35.39527
-35.39335
-35.39142
-35.38950
-35.38758
-35.38565
-35.38373
-35.38180
-35.37988
-35.37796
-35.37603
-35.37411
-35.37218
-35.37025
-35.36833
-35.36640
-35.36448
-35.36255
-35.36063
-35.35870
-35.35677
-35.35485
-35.35292
-35.35099
-35.34906
-35.34714
-35.34521
-35.34328
-35.34135
-35.33943
-35.33750
-35.33557
-35.33364
-35.33171
-35.32978
-35.32785
-35.32592
-35.32399
-35.32206
-35.32013
-35.31820
-35.31627
-35.31434
-35.31241
-35.31048
-35.30855
-35.30662
-35.30469
-35.30276
-35.30083
-35.29889
-35.29696
-35.29503
-35.29310
-35.29116
-35.28923
-35.28730
-35.28537
-35.28343
-35.28150
-35.27957
-35.27763
-35.27570
-35.27376
-35.27183
-35.26989
-35.26796
-35.26603
-35.26409
-35.26216
-35.26022
-35.25828
-35.25635
-35.25441
-35.25248
-35.25054
-35.24860
-35.24667
-35.24473
-35.24279
-35.24086
-35.23892
-35.23698
-35.23504
-35.23311
-35.23117
-35.22923
-35.22729
-35.22535
-35.22341
-35.22148
-35.21954
-35.21760
-35.21566
-35.21372
-35.21178
-35.20984
-35.20790
-35.20596
-35.20402
-35.20208
-35.20014
-35.19819
-35.19625
-35.19431
-35.19237
-35.19043
-35.18849
-35.18654
-35.18460
-35.18266
-35.18072
-35.17877
-35.17683
-35.17489
-35.17294
-35.17100
-35.16906
-35.16711
-35.16517
-35.16323
-35.16128
-35.15934
-35.15739
-35.15545
-35.15350
-35.15156
-35.14961
-35.14766
-35.14572
-35.14377
-35.14183
-35.13988
-35.13793
-35.13599
-35.13404
-35.13209
-35.13015
-35.12820
-35.12625
-35.12430
-35.12235
-35.12041
-35.11846
-35.11651
-35.11456
-35.11261
-35.11066
-35.10871
-35.10676
-35.10481
-35.10286
-35.10092
-35.09896
-35.09701
-35.09506
-35.09311
-35.09116
-35.08921
-35.08726
-35.08531
-35.08336
-35.08141
-35.07945
-35.07750
-35.07555
-35.07360
-35.07164
-35.06969
-35.06774
-35.06578
-35.06383
-35.06188
-35.05992
-35.05797
-35.05602
-35.05406
-35.05211
-35.05015
-35.04820
-35.04624
-35.04429
-35.04233
-35.04038
-35.03842
-35.03647
-35.03451
-35.03255
-35.03060
-35.02864
-35.02668
-35.02473
-35.02277
-35.02081
-35.01885
-35.01690
-35.01494
-35.01298
-35.01102
-35.00906
-35.00710
-35.00515
-35.00319
-35.00123
-34.99927
-34.99731
-34.99535
-34.99339
-34.99143
-34.98947
-34.98751
-34.98555
-34.98359
-34.98163
-34.97966
-34.97770
-34.97574
-34.97378
-34.97182
-34.96986
-34.96789
-34.96593
-34.96397
-34.96201
-34.96004
-34.95808
-34.95612
-34.95415
-34.95219
-34.95023
-34.94826
-34.94630
-34.94433
-34.94237
-34.94040
-34.93844
-34.93647
-34.93451
-34.93254
-34.93058
-34.92861
-34.92664
-34.92468
-34.92271
-34.92075
-34.91878
-34.91681
-34.91484
-34.91288
-34.91091
-34.90894
-34.90697
-34.90501
-34.90304
-34.90107
-34.89910
-34.89713
-34.89516
-34.89319
-34.89122
-34.88925
-34.88729
-34.88532
-34.88335
-34.88137
-34.87940
-34.87743
-34.87546
-34.87349
-34.87152
-34.86955
-34.86758
-34.86561
-34.86363
-34.86166
-34.85969
-34.85772
-34.85574
-34.85377
-34.85180
-34.84983
-34.84785
-34.84588
-34.84390
-34.84193
-34.83996
-34.83798
-34.83601
-34.83403
-34.83206
-34.83008
-34.82811
-34.82613
-34.82416
-34.82218
-34.82021
-34.81823
-34.81625
-34.81428
-34.81230
-34.81032
-34.80835
-34.80637
-34.80439
-34.80241
-34.80044
-34.79846
-34.79648
-34.79450
-34.79252
-34.79054
-34.78856
-34.78659
-34.78461
-34.78263
-34.78065
-34.77867
-34.77669
-34.77471
-34.77273
-34.77075
-34.76877
-34.76678
-34.76480
-34.76282
-34.76084
-34.75886
-34.75688
-34.75490
-34.75291
-34.75093
-34.74895
-34.74696
-34.74498
-34.74300
-34.74102
-34.73903
-34.73705
-34.73506
-34.73308
-34.73110
-34.72911
-34.72713
-34.72514
-34.72316
-34.72117
-34.71919
-34.71720
-34.71521
-34.71323
-34.71124
-34.70926
-34.70727
-34.70528
-34.70330
-34.70131
-34.69932
-34.69733
-34.69535
-34.69336
-34.69137
-34.68938
-34.68739
-34.68541
-34.68342
-34.68143
-34.67944
-34.67745
-34.67546
-34.67347
-34.67148
-34.66949
-34.66750
-34.66551
-34.66352
-34.66153
-34.65954
-34.65755
-34.65555
-34.65356
-34.65157
-34.64958
-34.64759
-34.64560
-34.64360
-34.64161
-34.63962
-34.63762
-34.63563
-34.63364
-34.63164
-34.62965
-34.62766
-34.62566
-34.62367
-34.62167
-34.61968
-34.61768
-34.61569
-34.61369
-34.61170
-34.60970
-34.60771
-34.60571
-34.60371
-34.60172
-34.59972
-34.59772
-34.59573
-34.59373
-34.59173
-34.58973
-34.58774
-34.58574
-34.58374
-34.58174
-34.57974
-34.57775
-34.57575
-34.57375
-34.57175
-34.56975
-34.56775
-34.56575
-34.56375
-34.56175
-34.55975
-34.55775
-34.55575
-34.55375
-34.55174
-34.54974
-34.54774
-34.54574
-34.54374
-34.54174
-34.53973
-34.53773
-34.53573
-34.53373
-34.53172
-34.52972
-34.52772
-34.52571
-34.52371
-34.52171
-34.51970
-34.51770
-34.51569
-34.51369
-34.51168
-34.50968
-34.50767
-34.50567
-34.50366
-34.50165
-34.49965
-34.49764
-34.49564
-34.49363
-34.49162
-34.48962
-34.48761
-34.48560
-34.48359
-34.48159
-34.47958
-34.47757
-34.47556
-34.47355
-34.47154
-34.46954
-34.46753
-34.46552
-34.46351
-34.46150
-34.45949
-34.45748
-34.45547
-34.45346
-34.45145
-34.44944
-34.44742
-34.44541
-34.44340
-34.44139
-34.43938
-34.43737
-34.43535
-34.43334
-34.43133
-34.42932
-34.42730
-34.42529
-34.42328
-34.42126
-34.41925
-34.41724
-34.41522
-34.41321
-34.41119
-34.40918
-34.40716
-34.40515
-34.40313
-34.40112
-34.39910
-34.39709
-34.39507
-34.39305
-34.39104
-34.38902
-34.38701
-34.38499
-34.38297
-34.38095
-34.37894
-34.37692
-34.37490
-34.37288
-34.37086
-34.36885
-34.36683
-34.36481
-34.36279
-34.36077
-34.35875
-34.35673
-34.35471
-34.35269
-34.35067
-34.34865
-34.34663
-34.34461
-34.34259
-34.34057
-34.33855
-34.33652
-34.33450
-34.33248
-34.33046
-34.32844
-34.32641
-34.32439
-34.32237
-34.32034
-34.31832
-34.31630
-34.31427
-34.31225
-34.31023
-34.30820
-34.30618
-34.30415
-34.30213
-34.30010
-34.29808
-34.29605
-34.29403
-34.29200
-34.28997
-34.28795
-34.28592
-34.28390
-34.28187
-34.27984
-34.27781
-34.27579
-34.27376
-34.27173
-34.26970
-34.26768
-34.26565
-34.26362
-34.26159
-34.25956
-34.25753
-34.25550
-34.25347
-34.25144
-34.24941
-34.24738
-34.24535
-34.24332
-34.24129
-34.23926
-34.23723
-34.23520
-34.23317
-34.23114
-34.22910
-34.22707
-34.22504
-34.22301
-34.22098
-34.21894
-34.21691
-34.21488
-34.21284
-34.21081
-34.20878
-34.20674
-34.20471
-34.20267
-34.20064
-34.19860
-34.19657
-34.19453
-34.19250
-34.19046
-34.18843
-34.18639
-34.18436
-34.18232
-34.18028
-34.17825
-34.17621
-34.17417
-34.17213
-34.17010
-34.16806
-34.16602
-34.16398
-34.16195
-34.15991
-34.15787
-34.15583
-34.15379
-34.15175
-34.14971
-34.14767
-34.14563
-34.14359
-34.14155
-34.13951
-34.13747
-34.13543
-34.13339
-34.13135
-34.12931
-34.12727
-34.12522
-34.12318
-34.12114
-34.11910
-34.11705
-34.11501
-34.11297
-34.11093
-34.10888
-34.10684
-34.10479
-34.10275
-34.10071
-34.09866
-34.09662
-34.09457
-34.09253
-34.09048
-34.08844
-34.08639
-34.08435
-34.08230
-34.08025
-34.07821
-34.07616
-34.07411
-34.07207
-34.07002
-34.06797
-34.06593
-34.06388
-34.06183
-34.05978
-34.05773
-34.05569
-34.05364
-34.05159
-34.04954
-34.04749
-34.04544
-34.04339
-34.04134
-34.03929
-34.03724
-34.03519
-34.03314
-34.03109
-34.02904
-34.02699
-34.02493
-34.02288
-34.02083
-34.01878
-34.01673
-34.01467
-34.01262
-34.01057
-34.00852
-34.00646
-34.00441
-34.00235
-34.00030
-33.99825
-33.99619
-33.99414
-33.99208
-33.99003
-33.98797
-33.98592
-33.98386
-33.98181
-33.97975
-33.97770
-33.97564
-33.97358
-33.97153
-33.96947
-33.96741
-33.96536
-33.96330
-33.96124
-33.95918
-33.95712
-33.95507
-33.95301
-33.95095
-33.94889
-33.94683
-33.94477
-33.94271
-33.94065
-33.93859
-33.93653
-33.93447
-33.93241
-33.93035
-33.92829
-33.92623
-33.92417
-33.92211
-33.92005
-33.91798
-33.91592
-33.91386
-33.91180
-33.90973
-33.90767
-33.90561
-33.90355
-33.90148
-33.89942
-33.89735
-33.89529
-33.89323
-33.89116
-33.88910
-33.88703
-33.88497
-33.88290
-33.88084
-33.87877
-33.87670
-33.87464
-33.87257
-33.87051
-33.86844
-33.86637
-33.86431
-33.86224
-33.86017
-33.85810
-33.85604
-33.85397
-33.85190
-33.84983
-33.84776
-33.84569
-33.84362
-33.84155
-33.83949
-33.83742
-33.83535
-33.83328
-33.83121
-33.82913
-33.82706
-33.82499
-33.82292
-33.82085
-33.81878
-33.81671
-33.81464
-33.81256
-33.81049
-33.80842
-33.80635
-33.80427
-33.80220
-33.80013
-33.79805
-33.79598
-33.79391
-33.79183
-33.78976
-33.78768
-33.78561
-33.78353
-33.78146
-33.77938
-33.77731
-33.77523
-33.77316
-33.77108
-33.76900
-33.76693
-33.76485
-33.76277
-33.76070
-33.75862
-33.75654
-33.75446
-33.75238
-33.75031
-33.74823
-33.74615
-33.74407
-33.74199
-33.73991
-33.73783
-33.73575
-33.73367
-33.73159
-33.72951
-33.72743
-33.72535
-33.72327
-33.72119
-33.71911
-33.71703
-33.71495
-33.71286
-33.71078
-33.70870
-33.70662
-33.70453
-33.70245
-33.70037
-33.69829
-33.69620
-33.69412
-33.69203
-33.68995
-33.68787
-33.68578
-33.68370
-33.68161
-33.67953
-33.67744
-33.67536
-33.67327
-33.67118
-33.66910
-33.66701
-33.66492
-33.66284
-33.66075
-33.65866
-33.65658
-33.65449
-33.65240
-33.65031
-33.64822
-33.64614
-33.64405
-33.64196
-33.63987
-33.63778
-33.63569
-33.63360
-33.63151
-33.62942
-33.62733
-33.62524
-33.62315
-33.62106
-33.61897
-33.61688
-33.61479
-33.61269
-33.61060
-33.60851
-33.60642
-33.60433
-33.60223
-33.60014
-33.59805
-33.59595
-33.59386
-33.59177
-33.58967
-33.58758
-33.58548
-33.58339
-33.58129
-33.57920
-33.57710
-33.57501
-33.57291
-33.57082
-33.56872
-33.56662
-33.56453
-33.56243
-33.56033
-33.55824
-33.55614
-33.55404
-33.55194
-33.54985
-33.54775
-33.54565
-33.54355
-33.54145
-33.53935
-33.53726
-33.53516
-33.53306
-33.53096
-33.52886
-33.52676
-33.52466
-33.52256
-33.52045
-33.51835
-33.51625
-33.51415
-33.51205
-33.50995
-33.50785
-33.50574
-33.50364
-33.50154
-33.49943
-33.49733
-33.49523
-33.49312
-33.49102
-33.48892
-33.48681
-33.48471
-33.48260
-33.48050
-33.47839
-33.47629
-33.47418
-33.47208
-33.46997
-33.46787
-33.46576
-33.46365
-33.46155
-33.45944
-33.45733
-33.45523
-33.45312
-33.45101
-33.44890
-33.44679
-33.44469
-33.44258
-33.44047
-33.43836
-33.43625
-33.43414
-33.43203
-33.42992
-33.42781
-33.42570
-33.42359
-33.42148
-33.41937
-33.41726
-33.41515
-33.41304
-33.41092
-33.40881
-33.40670
-33.40459
-33.40248
-33.40036
-33.39825
-33.39614
-33.39402
-33.39191
-33.38980
-33.38768
-33.38557
-33.38345
-33.38134
-33.37922
-33.37711
-33.37499
-33.37288
-33.37076
-33.36865
-33.36653
-33.36441
-33.36230
-33.36018
-33.35806
-33.35595
-33.35383
-33.35171
-33.34959
-33.34748
-33.34536
-33.34324
-33.34112
-33.33900
-33.33688
-33.33476
-33.33264
-33.33052
-33.32840
-33.32628
-33.32416
-33.32204
-33.31992
-33.31780
-33.31568
-33.31356
-33.31144
-33.30932
-33.30719
-33.30507
-33.30295
-33.30083
-33.29870
-33.29658
-33.29446
-33.29233
-33.29021
-33.28809
-33.28596
-33.28384
-33.28171
-33.27959
-33.27746
-33.27534
-33.27321
-33.27109
-33.26896
-33.26684
-33.26471
-33.26258
-33.26046
-33.25833
-33.25620
-33.25407
-33.25195
-33.24982
-33.24769
-33.24556
-33.24343
-33.24131
-33.23918
-33.23705
-33.23492
-33.23279
-33.23066
-33.22853
-33.22640
-33.22427
-33.22214
-33.22001
-33.21788
-33.21575
-33.21361
-33.21148
-33.20935
-33.20722
-33.20509
-33.20295
-33.20082
-33.19869
-33.19656
-33.19442
-33.19229
-33.19016
-33.18802
-33.18589
-33.18375
-33.18162
-33.17948
-33.17735
-33.17521
-33.17308
-33.17094
-33.16881
-33.16667
-33.16453
-33.16240
-33.16026
-33.15812
-33.15599
-33.15385
-33.15171
-33.14957
-33.14744
-33.14530
-33.14316
-33.14102
-33.13888
-33.13674
-33.13460
-33.13246
-33.13032
-33.12818
-33.12604
-33.12390
-33.12176
-33.11962
-33.11748
-33.11534
-33.11320
-33.11106
-33.10891
-33.10677
-33.10463
-33.10249
-33.10034
-33.09820
-33.09606
-33.09391
-33.09177
-33.08963
-33.08748
-33.08534
-33.08319
-33.08105
-33.07890
-33.07676
-33.07461
-33.07247
-33.07032
-33.06818
-33.06603
-33.06388
-33.06174
-33.05959
-33.05744
-33.05529
-33.05315
-33.05100
-33.04885
-33.04670
-33.04455
-33.04241
-33.04026
-33.03811
-33.03596
-33.03381
-33.03166
-33.02951
-33.02736
-33.02521
-33.02306
-33.02091
-33.01876
-33.01661
-33.01445
-33.01230
-33.01015
-33.00800
-33.00585
-33.00369
-33.00154
-32.99939
-32.99723
-32.99508
-32.99293
-32.99077
-32.98862
-32.98646
-32.98431
-32.98216
-32.98000
-32.97785
-32.97569
-32.97353
-32.97138
-32.96922
-32.96707
-32.96491
-32.96275
-32.96060
-32.95844
-32.95628
-32.95412
-32.95197
-32.94981
-32.94765
-32.94549
-32.94333
-32.94117
-32.93901
-32.93686
-32.93470
-32.93254
-32.93038
-32.92822
-32.92606
-32.92389
-32.92173
-32.91957
-32.91741
-32.91525
-32.91309
-32.91093
-32.90876
-32.90660
-32.90444
-32.90228
-32.90011
-32.89795
-32.89579
-32.89362
-32.89146
-32.88929
-32.88713
-32.88497
-32.88280
-32.88064
-32.87847
-32.87630
-32.87414
-32.87197
-32.86981
-32.86764
-32.86547
-32.86331
-32.86114
-32.85897
-32.85680
-32.85464
-32.85247
-32.85030
-32.84813
-32.84596
-32.84380
-32.84163
-32.83946
-32.83729
-32.83512
-32.83295
-32.83078
-32.82861
-32.82644
-32.82427
-32.82209
-32.81992
-32.81775
-32.81558
-32.81341
-32.81124
-32.80906
-32.80689
-32.80472
-32.80255
-32.80037
-32.79820
-32.79602
-32.79385
-32.79168
-32.78950
-32.78733
-32.78515
-32.78298
-32.78080
-32.77863
-32.77645
-32.77428
-32.77210
-32.76992
-32.76775
-32.76557
-32.76339
-32.76122
-32.75904
-32.75686
-32.75468
-32.75250
-32.75033
-32.74815
-32.74597
-32.74379
-32.74161
-32.73943
-32.73725
-32.73507
-32.73289
-32.73071
-32.72853
-32.72635
-32.72417
-32.72199
-32.71980
-32.71762
-32.71544
-32.71326
-32.71108
-32.70889
-32.70671
-32.70453
-32.70234
-32.70016
-32.69798
-32.69579
-32.69361
-32.69142
-32.68924
-32.68705
-32.68487
-32.68268
-32.68050
-32.67831
-32.67613
-32.67394
-32.67175
-32.66957
-32.66738
-32.66519
-32.66301
-32.66082
-32.65863
-32.65644
-32.65425
-32.65207
-32.64988
-32.64769
-32.64550
-32.64331
-32.64112
-32.63893
-32.63674
-32.63455
-32.63236
-32.63017
-32.62798
-32.62579
-32.62359
-32.62140
-32.61921
-32.61702
-32.61483
-32.61263
-32.61044
-32.60825
-32.60606
-32.60386
-32.60167
-32.59947
-32.59728
-32.59509
-32.59289
-32.59070
-32.58850
-32.58631
-32.58411
-32.58191
-32.57972
-32.57752
-32.57533
-32.57313
-32.57093
-32.56874
-32.56654
-32.56434
-32.56214
-32.55994
-32.55775
-32.55555
-32.55335
-32.55115
-32.54895
-32.54675
-32.54455
-32.54235
-32.54015
-32.53795
-32.53575
-32.53355
-32.53135
-32.52915
-32.52695
-32.52475
-32.52254
-32.52034
-32.51814
-32.51594
-32.51373
-32.51153
-32.50933
-32.50712
-32.50492
-32.50272
-32.50051
-32.49831
-32.49610
-32.49390
-32.49169
-32.48949
-32.48728
-32.48508
-32.48287
-32.48067
-32.47846
-32.47625
-32.47405
-32.47184
-32.46963
-32.46742
-32.46522
-32.46301
-32.46080
-32.45859
-32.45638
-32.45417
-32.45196
-32.44975
-32.44754
-32.44533
-32.44312
-32.44091
-32.43870
-32.43649
-32.43428
-32.43207
-32.42986
-32.42765
-32.42544
-32.42322
-32.42101
-32.41880
-32.41659
-32.41437
-32.41216
-32.40995
-32.40773
-32.40552
-32.40330
-32.40109
-32.39887
-32.39666
-32.39444
-32.39223
-32.39001
-32.38780
-32.38558
-32.38336
-32.38115
-32.37893
-32.37671
-32.37450
-32.37228
-32.37006
-32.36784
-32.36563
-32.36341
-32.36119
-32.35897
-32.35675
-32.35453
-32.35231
-32.35009
-32.34787
-32.34565
-32.34343
-32.34121
-32.33899
-32.33677
-32.33455
-32.33232
-32.33010
-32.32788
-32.32566
-32.32344
-32.32121
-32.31899
-32.31677
-32.31454
-32.31232
-32.31010
-32.30787
-32.30565
-32.30342
-32.30120
-32.29897
-32.29675
-32.29452
-32.29229
-32.29007
-32.28784
-32.28562
-32.28339
-32.28116
-32.27893
-32.27671
-32.27448
-32.27225
-32.27002
-32.26780
-32.26557
-32.26334
-32.26111
-32.25888
-32.25665
-32.25442
-32.25219
-32.24996
-32.24773
-32.24550
-32.24327
-32.24104
-32.23880
-32.23657
-32.23434
-32.23211
-32.22988
-32.22764
-32.22541
-32.22318
-32.22094
-32.21871
-32.21648
-32.21424
-32.21201
-32.20977
-32.20754
-32.20530
-32.20307
-32.20083
-32.19860
-32.19636
-32.19413
-32.19189
-32.18965
-32.18742
-32.18518
-32.18294
-32.18070
-32.17847
-32.17623
-32.17399
-32.17175
-32.16951
-32.16727
-32.16503
-32.16279
-32.16056
-32.15832
-32.15608
-32.15383
-32.15159
-32.14935
-32.14711
-32.14487
-32.14263
-32.14039
-32.13815
-32.13590
-32.13366
-32.13142
-32.12917
-32.12693
-32.12469
-32.12244
-32.12020
-32.11796
-32.11571
-32.11347
-32.11122
-32.10898
-32.10673
-32.10449
-32.10224
-32.09999
-32.09775
-32.09550
-32.09325
-32.09101
-32.08876
-32.08651
-32.08427
-32.08202
-32.07977
-32.07752
-32.07527
-32.07302
-32.07077
-32.06852
-32.06627
-32.06402
-32.06177
-32.05952
-32.05727
-32.05502
-32.05277
-32.05052
-32.04827
-32.04602
-32.04376
-32.04151
-32.03926
-32.03701
-32.03475
-32.03250
-32.03025
-32.02799
-32.02574
-32.02349
-32.02123
-32.01898
-32.01672
-32.01447
-32.01221
-32.00996
-32.00770
-32.00544
-32.00319
-32.00093
-31.99867
-31.99642
-31.99416
-31.99190
-31.98964
-31.98739
-31.98513
-31.98287
-31.98061
-31.97835
-31.97609
-31.97383
-31.97157
-31.96931
-31.96705
-31.96479
-31.96253
-31.96027
-31.95801
-31.95575
-31.95349
-31.95123
-31.94896
-31.94670
-31.94444
-31.94218
-31.93991
-31.93765
-31.93539
-31.93312
-31.93086
-31.92859
-31.92633
-31.92406
-31.92180
-31.91953
-31.91727
-31.91500
-31.91274
-31.91047
-31.90820
-31.90594
-31.90367
-31.90140
-31.89914
-31.89687
-31.89460
-31.89233
-31.89006
-31.88780
-31.88553
-31.88326
-31.88099
-31.87872
-31.87645
-31.87418
-31.87191
-31.86964
-31.86737
-31.86510
-31.86283
-31.86055
-31.85828
-31.85601
-31.85374
-31.85147
-31.84919
-31.84692
-31.84465
-31.84237
-31.84010
-31.83783
-31.83555
-31.83328
-31.83100
-31.82873
-31.82645
-31.82418
-31.82190
-31.81963
-31.81735
-31.81507
-31.81280
-31.81052
-31.80824
-31.80596
-31.80369
-31.80141
-31.79913
-31.79685
-31.79457
-31.79230
-31.79002
-31.78774
-31.78546
-31.78318
-31.78090
-31.77862
-31.77634
-31.77406
-31.77177
-31.76949
-31.76721
-31.76493
-31.76265
-31.76037
-31.75808
-31.75580
-31.75352
-31.75123
-31.74895
-31.74667
-31.74438
-31.74210
-31.73981
-31.73753
-31.73525
-31.73296
-31.73067
-31.72839
-31.72610
-31.72382
-31.72153
-31.71924
-31.71696
-31.71467
-31.71238
-31.71009
-31.70781
-31.70552
-31.70323
-31.70094
-31.69865
-31.69636
-31.69407
-31.69178
-31.68949
-31.68720
-31.68491
-31.68262
-31.68033
-31.67804
-31.67575
-31.67346
-31.67117
-31.66888
-31.66658
-31.66429
-31.66200
-31.65970
-31.65741
-31.65512
-31.65282
-31.65053
-31.64824
-31.64594
-31.64365
-31.64135
-31.63906
-31.63676
-31.63446
-31.63217
-31.62987
-31.62758
-31.62528
-31.62298
-31.62068
-31.61839
-31.61609
-31.61379
-31.61149
-31.60919
-31.60690
-31.60460
-31.60230
-31.60000
-31.59770
-31.59540
-31.59310
-31.59080
-31.58850
-31.58620
-31.58389
-31.58159
-31.57929
-31.57699
-31.57469
-31.57238
-31.57008
-31.56778
-31.56547
-31.56317
-31.56087
-31.55856
-31.55626
-31.55395
-31.55165
-31.54935
-31.54704
-31.54473
-31.54243
-31.54012
-31.53782
-31.53551
-31.53320
-31.53090
-31.52859
-31.52628
-31.52397
-31.52167
-31.51936
-31.51705
-31.51474
-31.51243
-31.51012
-31.50781
-31.50550
-31.50319
-31.50088
-31.49857
-31.49626
-31.49395
-31.49164
-31.48933
-31.48702
-31.48470
-31.48239
-31.48008
-31.47777
-31.47545
-31.47314
-31.47083
-31.46851
-31.46620
-31.46388
-31.46157
-31.45925
-31.45694
-31.45462
-31.45231
-31.44999
-31.44768
-31.44536
-31.44304
-31.44073
-31.43841
-31.43609
-31.43378
-31.43146
-31.42914
-31.42682
-31.42450
-31.42218
-31.41986
-31.41755
-31.41523
-31.41291
-31.41059
-31.40827
-31.40595
-31.40362
-31.40130
-31.39898
-31.39666
-31.39434
-31.39202
-31.38969
-31.38737
-31.38505
-31.38273
-31.38040
-31.37808
-31.37575
-31.37343
-31.37111
-31.36878
-31.36646
-31.36413
-31.36181
-31.35948
-31.35715
-31.35483
-31.35250
-31.35018
-31.34785
-31.34552
-31.34319
-31.34087
-31.33854
-31.33621
-31.33388
-31.33155
-31.32922
-31.32689
-31.32456
-31.32224
-31.31991
-31.31757
-31.31524
-31.31291
-31.31058
-31.30825
-31.30592
-31.30359
-31.30126
-31.29892
-31.29659
-31.29426
-31.29193
-31.28959
-31.28726
-31.28492
-31.28259
-31.28026
-31.27792
-31.27559
-31.27325
-31.27092
-31.26858
-31.26624
-31.26391
-31.26157
-31.25924
-31.25690
-31.25456
-31.25222
-31.24989
-31.24755
-31.24521
-31.24287
-31.24053
-31.23819
-31.23586
-31.23352
-31.23118
-31.22884
-31.22650
-31.22416
-31.22181
-31.21947
-31.21713
-31.21479
-31.21245
-31.21011
-31.20776
-31.20542
-31.20308
-31.20074
-31.19839
-31.19605
-31.19371
-31.19136
-31.18902
-31.18667
-31.18433
-31.18198
-31.17964
-31.17729
-31.17495
-31.17260
-31.17025
-31.16791
-31.16556
-31.16321
-31.16086
-31.15852
-31.15617
-31.15382
-31.15147
-31.14912
-31.14677
-31.14442
-31.14208
-31.13973
-31.13738
-31.13502
-31.13267
-31.13032
-31.12797
-31.12562
-31.12327
-31.12092
-31.11857
-31.11621
-31.11386
-31.11151
-31.10915
-31.10680
-31.10445
-31.10209
-31.09974
-31.09738
-31.09503
-31.09267
-31.09032
-31.08796
-31.08561
-31.08325
-31.08090
-31.07854
-31.07618
-31.07383
-31.07147
-31.06911
-31.06675
-31.06439
-31.06204
-31.05968
-31.05732
-31.05496
-31.05260
-31.05024
-31.04788
-31.04552
-31.04316
-31.04080
-31.03844
-31.03608
-31.03371
-31.03135
-31.02899
-31.02663
-31.02427
-31.02190
-31.01954
-31.01718
-31.01481
-31.01245
-31.01008
-31.00772
-31.00536
-31.00299
-31.00063
-30.99826
-30.99589
-30.99353
-30.99116
-30.98880
-30.98643
-30.98406
-30.98169
-30.97933
-30.97696
-30.97459
-30.97222
-30.96985
-30.96748
-30.96512
-30.96275
-30.96038
-30.95801
-30.95564
-30.95327
-30.95090
-30.94852
-30.94615
-30.94378
-30.94141
-30.93904
-30.93667
-30.93429
-30.93192
-30.92955
-30.92717
-30.92480
-30.92243
-30.92005
-30.91768
-30.91530
-30.91293
-30.91055
-30.90818
-30.90580
-30.90342
-30.90105
-30.89867
-30.89630
-30.89392
-30.89154
-30.88916
-30.88679
-30.88441
-30.88203
-30.87965
-30.87727
-30.87489
-30.87251
-30.87013
-30.86775
-30.86537
-30.86299
-30.86061
-30.85823
-30.85585
-30.85347
-30.85108
-30.84870
-30.84632
-30.84394
-30.84155
-30.83917
-30.83679
-30.83440
-30.83202
-30.82964
-30.82725
-30.82487
-30.82248
-30.82010
-30.81771
-30.81532
-30.81294
-30.81055
-30.80817
-30.80578
-30.80339
-30.80100
-30.79862
-30.79623
-30.79384
-30.79145
-30.78906
-30.78667
-30.78428
-30.78189
-30.77950
-30.77711
-30.77472
-30.77233
-30.76994
-30.76755
-30.76516
-30.76277
-30.76038
-30.75798
-30.75559
-30.75320
-30.75080
-30.74841
-30.74602
-30.74362
-30.74123
-30.73883
-30.73644
-30.73404
-30.73165
-30.72925
-30.72686
-30.72446
-30.72207
-30.71967
-30.71727
-30.71487
-30.71248
-30.71008
-30.70768
-30.70528
-30.70288
-30.70049
-30.69809
-30.69569
-30.69329
-30.69089
-30.68849
-30.68609
-30.68369
-30.68129
-30.67888
-30.67648
-30.67408
-30.67168
-30.66928
-30.66687
-30.66447
-30.66207
-30.65967
-30.65726
-30.65486
-30.65245
-30.65005
-30.64764
-30.64524
-30.64283
-30.64043
-30.63802
-30.63562
-30.63321
-30.63080
-30.62840
-30.62599
-30.62358
-30.62117
-30.61877
-30.61636
-30.61395
-30.61154
-30.60913
-30.60672
-30.60431
-30.60190
-30.59949
-30.59708
-30.59467
-30.59226
-30.58985
-30.58744
-30.58503
-30.58261
-30.58020
-30.57779
-30.57537
-30.57296
-30.57055
-30.56813
-30.56572
-30.56331
-30.56089
-30.55848
-30.55606
-30.55365
-30.55123
-30.54881
-30.54640
-30.54398
-30.54157
-30.53915
-30.53673
-30.53431
-30.53190
-30.52948
-30.52706
-30.52464
-30.52222
-30.51980
-30.51738
-30.51496
-30.51254
-30.51012
-30.50770
-30.50528
-30.50286
-30.50044
-30.49802
-30.49559
-30.49317
-30.49075
-30.48833
-30.48590
-30.48348
-30.48106
-30.47863
-30.47621
-30.47378
-30.47136
-30.46893
-30.46651
-30.46408
-30.46166
-30.45923
-30.45681
-30.45438
-30.45195
-30.44952
-30.44710
-30.44467
-30.44224
-30.43981
-30.43738
-30.43496
-30.43253
-30.43010
-30.42767
-30.42524
-30.42281
-30.42038
-30.41795
-30.41551
-30.41308
-30.41065
-30.40822
-30.40579
-30.40335
-30.40092
-30.39849
-30.39605
-30.39362
-30.39119
-30.38875
-30.38632
-30.38388
-30.38145
-30.37901
-30.37658
-30.37414
-30.37171
-30.36927
-30.36683
-30.36440
-30.36196
-30.35952
-30.35708
-30.35465
-30.35221
-30.34977
-30.34733
-30.34489
-30.34245
-30.34001
-30.33757
-30.33513
-30.33269
-30.33025
-30.32781
-30.32537
-30.32293
-30.32048
-30.31804
-30.31560
-30.31316
-30.31071
-30.30827
-30.30583
-30.30338
-30.30094
-30.29849
-30.29605
-30.29360
-30.29116
-30.28871
-30.28627
-30.28382
-30.28137
-30.27893
-30.27648
-30.27403
-30.27158
-30.26914
-30.26669
-30.26424
-30.26179
-30.25934
-30.25689
-30.25444
-30.25199
-30.24954
-30.24709
-30.24464
-30.24219
-30.23974
-30.23729
-30.23484
-30.23238
-30.22993
-30.22748
-30.22503
-30.22257
-30.22012
-30.21767
-30.21521
-30.21276
-30.21030
-30.20785
-30.20539
-30.20294
-30.20048
-30.19803
-30.19557
-30.19311
-30.19066
-30.18820
-30.18574
-30.18328
-30.18083
-30.17837
-30.17591
-30.17345
-30.17099
-30.16853
-30.16607
-30.16361
-30.16115
-30.15869
-30.15623
-30.15377
-30.15131
-30.14884
-30.14638
-30.14392
-30.14146
-30.13900
-30.13653
-30.13407
-30.13160
-30.12914
-30.12668
-30.12421
-30.12175
-30.11928
-30.11682
-30.11435
-30.11188
-30.10942
-30.10695
-30.10448
-30.10202
-30.09955
-30.09708
-30.09461
-30.09215
-30.08968
-30.08721
-30.08474
-30.08227
-30.07980
-30.07733
-30.07486
-30.07239
-30.06992
-30.06745
-30.06498
-30.06250
-30.06003
-30.05756
-30.05509
-30.05261
-30.05014
-30.04767
-30.04519
-30.04272
-30.04025
-30.03777
-30.03530
-30.03282
-30.03035
-30.02787
-30.02539
-30.02292
-30.02044
-30.01796
-30.01549
-30.01301
-30.01053
-30.00805
-30.00558
-30.00310
-30.00062
-29.99814
-29.99566
-29.99318
-29.99070
-29.98822
-29.98574
-29.98326
-29.98078
-29.97829
-29.97581
-29.97333
-29.97085
-29.96837
-29.96588
-29.96340
-29.96092
-29.95843
-29.95595
-29.95346
-29.95098
-29.94849
-29.94601
-29.94352
-29.94104
-29.93855
-29.93606
-29.93358
-29.93109
-29.92860
-29.92612
-29.92363
-29.92114
-29.91865
-29.91616
-29.91367
-29.91118
-29.90869
-29.90620
-29.90371
-29.90122
-29.89873
-29.89624
-29.89375
-29.89126
-29.88877
-29.88627
-29.88378
-29.88129
-29.87880
-29.87630
-29.87381
-29.87131
-29.86882
-29.86633
-29.86383
-29.86134
-29.85884
-29.85634
-29.85385
-29.85135
-29.84885
-29.84636
-29.84386
-29.84136
-29.83887
-29.83637
-29.83387
-29.83137
-29.82887
-29.82637
-29.82387
-29.82137
-29.81887
-29.81637
-29.81387
-29.81137
-29.80887
-29.80637
-29.80387
-29.80136
-29.79886
-29.79636
-29.79385
-29.79135
-29.78885
-29.78634
-29.78384
-29.78133
-29.77883
-29.77632
-29.77382
-29.77131
-29.76881
-29.76630
-29.76379
-29.76129
-29.75878
-29.75627
-29.75376
-29.75126
-29.74875
-29.74624
-29.74373
-29.74122
-29.73871
-29.73620
-29.73369
-29.73118
-29.72867
-29.72616
-29.72365
-29.72114
-29.71862
-29.71611
-29.71360
-29.71109
-29.70857
-29.70606
-29.70355
-29.70103
-29.69852
-29.69600
-29.69349
-29.69097
-29.68846
-29.68594
-29.68343
-29.68091
-29.67839
-29.67588
-29.67336
-29.67084
-29.66832
-29.66581
-29.66329
-29.66077
-29.65825
-29.65573
-29.65321
-29.65069
-29.64817
-29.64565
-29.64313
-29.64061
-29.63809
-29.63556
-29.63304
-29.63052
-29.62800
-29.62547
-29.62295
-29.62043
-29.61790
-29.61538
-29.61285
-29.61033
-29.60780
-29.60528
-29.60275
-29.60023
-29.59770
-29.59517
-29.59265
-29.59012
-29.58759
-29.58507
-29.58254
-29.58001
-29.57748
-29.57495
-29.57242
-29.56989
-29.56736
-29.56483
-29.56230
-29.55977
-29.55724
-29.55471
-29.55218
-29.54965
-29.54711
-29.54458
-29.54205
-29.53952
-29.53698
-29.53445
-29.53191
-29.52938
-29.52684
-29.52431
-29.52177
-29.51924
-29.51670
-29.51417
-29.51163
-29.50909
-29.50656
-29.50402
-29.50148
-29.49894
-29.49641
-29.49387
-29.49133
-29.48879
-29.48625
-29.48371
-29.48117
-29.47863
-29.47609
-29.47355
-29.47101
-29.46846
-29.46592
-29.46338
-29.46084
-29.45830
-29.45575
-29.45321
-29.45066
-29.44812
-29.44558
-29.44303
-29.44049
-29.43794
-29.43540
-29.43285
-29.43030
-29.42776
-29.42521
-29.42266
-29.42012
-29.41757
-29.41502
-29.41247
-29.40992
-29.40738
-29.40483
-29.40228
-29.39973
-29.39718
-29.39463
-29.39208
-29.38952
-29.38697
-29.38442
-29.38187
-29.37932
-29.37676
-29.37421
-29.37166
-29.36910
-29.36655
-29.36400
-29.36144
-29.35889
-29.35633
-29.35378
-29.35122
-29.34867
-29.34611
-29.34355
-29.34100
-29.33844
-29.33588
-29.33332
-29.33077
-29.32821
-29.32565
-29.32309
-29.32053
-29.31797
-29.31541
-29.31285
-29.31029
-29.30773
-29.30517
-29.30261
-29.30005
-29.29748
-29.29492
-29.29236
-29.28980
-29.28723
-29.28467
-29.28210
-29.27954
-29.27698
-29.27441
-29.27185
-29.26928
-29.26671
-29.26415
-29.26158
-29.25902
-29.25645
-29.25388
-29.25131
-29.24875
-29.24618
-29.24361
-29.24104
-29.23847
-29.23590
-29.23333
-29.23076
-29.22819
-29.22562
-29.22305
-29.22048
-29.21791
-29.21533
-29.21276
-29.21019
-29.20762
-29.20504
-29.20247
-29.19990
-29.19732
-29.19475
-29.19217
-29.18960
-29.18702
-29.18445
-29.18187
-29.17929
-29.17672
-29.17414
-29.17156
-29.16899
-29.16641
-29.16383
-29.16125
-29.15867
-29.15609
-29.15351
-29.15093
-29.14835
-29.14577
-29.14319
-29.14061
-29.13803
-29.13545
-29.13287
-29.13028
-29.12770
-29.12512
-29.12254
-29.11995
-29.11737
-29.11478
-29.11220
-29.10962
-29.10703
-29.10445
-29.10186
-29.09927
-29.09669
-29.09410
-29.09151
-29.08893
-29.08634
-29.08375
-29.08116
-29.07857
-29.07599
-29.07340
-29.07081
-29.06822
-29.06563
-29.06304
-29.06045
-29.05786
-29.05526
-29.05267
-29.05008
-29.04749
-29.04490
-29.04230
-29.03971
-29.03712
-29.03452
-29.03193
-29.02933
-29.02674
-29.02414
-29.02155
-29.01895
-29.01636
-29.01376
-29.01116
-29.00857
-29.00597
-29.00337
-29.00077
-28.99817
-28.99558
-28.99298
-28.99038
-28.98778
-28.98518
-28.98258
-28.97998
-28.97738
-28.97478
-28.97217
-28.96957
-28.96697
-28.96437
-28.96177
-28.95916
-28.95656
-28.95396
-28.95135
-28.94875
-28.94614
-28.94354
-28.94093
-28.93833
-28.93572
-28.93311
-28.93051
-28.92790
-28.92529
-28.92269
-28.92008
-28.91747
-28.91486
-28.91225
-28.90964
-28.90703
-28.90442
-28.90181
-28.89920
-28.89659
-28.89398
-28.89137
-28.88876
-28.88615
-28.88354
-28.88092
-28.87831
-28.87570
-28.87308
-28.87047
-28.86786
-28.86524
-28.86263
-28.86001
-28.85740
-28.85478
-28.85216
-28.84955
-28.84693
-28.84431
-28.84170
-28.83908
-28.83646
-28.83384
-28.83122
-28.82860
-28.82598
-28.82336
-28.82074
-28.81812
-28.81550
-28.81288
-28.81026
-28.80764
-28.80502
-28.80240
-28.79977
-28.79715
-28.79453
-28.79190
-28.78928
-28.78666
-28.78403
-28.78141
-28.77878
-28.77616
-28.77353
-28.77090
-28.76828
-28.76565
-28.76302
-28.76040
-28.75777
-28.75514
-28.75251
-28.74988
-28.74725
-28.74462
-28.74200
-28.73937
-28.73673
-28.73410
-28.73147
-28.72884
-28.72621
-28.72358
-28.72095
-28.71831
-28.71568
-28.71305
-28.71041
-28.70778
-28.70515
-28.70251
-28.69988
-28.69724
-28.69461
-28.69197
-28.68933
-28.68670
-28.68406
-28.68142
-28.67879
-28.67615
-28.67351
-28.67087
-28.66823
-28.66559
-28.66295
-28.66031
-28.65767
-28.65503
-28.65239
-28.64975
-28.64711
-28.64447
-28.64183
-28.63918
-28.63654
-28.63390
-28.63126
-28.62861
-28.62597
-28.62332
-28.62068
-28.61803
-28.61539
-28.61274
-28.61010
-28.60745
-28.60480
-28.60216
-28.59951
-28.59686
-28.59421
-28.59157
-28.58892
-28.58627
-28.58362
-28.58097
-28.57832
-28.57567
-28.57302
-28.57037
-28.56772
-28.56506
-28.56241
-28.55976
-28.55711
-28.55445
-28.55180
-28.54915
-28.54649
-28.54384
-28.54119
-28.53853
-28.53588
-28.53322
-28.53056
-28.52791
-28.52525
-28.52259
-28.51994
-28.51728
-28.51462
-28.51196
-28.50931
-28.50665
-28.50399
-28.50133
-28.49867
-28.49601
-28.49335
-28.49069
-28.48803
-28.48536
-28.48270
-28.48004
-28.47738
-28.47471
-28.47205
-28.46939
-28.46672
-28.46406
-28.46140
-28.45873
-28.45607
-28.45340
-28.45073
-28.44807
-28.44540
-28.44273
-28.44007
-28.43740
-28.43473
-28.43206
-28.42940
-28.42673
-28.42406
-28.42139
-28.41872
-28.41605
-28.41338
-28.41071
-28.40804
-28.40536
-28.40269
-28.40002
-28.39735
-28.39467
-28.39200
-28.38933
-28.38665
-28.38398
-28.38131
-28.37863
-28.37596
-28.37328
-28.37060
-28.36793
-28.36525
-28.36257
-28.35990
-28.35722
-28.35454
-28.35186
-28.34919
-28.34651
-28.34383
-28.34115
-28.33847
-28.33579
-28.33311
-28.33043
-28.32775
-28.32506
-28.32238
-28.31970
-28.31702
-28.31433
-28.31165
-28.30897
-28.30628
-28.30360
-28.30091
-28.29823
-28.29554
-28.29286
-28.29017
-28.28749
-28.28480
-28.28211
-28.27943
-28.27674
-28.27405
-28.27136
-28.26867
-28.26598
-28.26329
-28.26060
-28.25791
-28.25522
-28.25253
-28.24984
-28.24715
-28.24446
-28.24177
-28.23908
-28.23638
-28.23369
-28.23100
-28.22830
-28.22561
-28.22291
-28.22022
-28.21752
-28.21483
-28.21213
-28.20944
-28.20674
-28.20404
-28.20135
-28.19865
-28.19595
-28.19325
-28.19055
-28.18786
-28.18516
-28.18246
-28.17976
-28.17706
-28.17436
-28.17166
-28.16895
-28.16625
-28.16355
-28.16085
-28.15815
-28.15544
-28.15274
-28.15004
-28.14733
-28.14463
-28.14192
-28.13922
-28.13651
-28.13381
-28.13110
-28.12839
-28.12569
-28.12298
-28.12027
-28.11757
-28.11486
-28.11215
-28.10944
-28.10673
-28.10402
-28.10131
-28.09860
-28.09589
-28.09318
-28.09047
-28.08776
-28.08505
-28.08233
-28.07962
-28.07691
-28.07419
-28.07148
-28.06877
-28.06605
-28.06334
-28.06062
-28.05791
-28.05519
-28.05248
-28.04976
-28.04704
-28.04433
-28.04161
-28.03889
-28.03617
-28.03345
-28.03074
-28.02802
-28.02530
-28.02258
-28.01986
-28.01714
-28.01442
-28.01169
-28.00897
-28.00625
-28.00353
-28.00081
-27.99808
-27.99536
-27.99264
-27.98991
-27.98719
-27.98446
-27.98174
-27.97901
-27.97629
-27.97356
-27.97083
-27.96811
-27.96538
-27.96265
-27.95992
-27.95720
-27.95447
-27.95174
-27.94901
-27.94628
-27.94355
-27.94082
-27.93809
-27.93536
-27.93263
-27.92990
-27.92716
-27.92443
-27.92170
-27.91897
-27.91623
-27.91350
-27.91076
-27.90803
-27.90530
-27.90256
-27.89982
-27.89709
-27.89435
-27.89162
-27.88888
-27.88614
-27.88340
-27.88067
-27.87793
-27.87519
-27.87245
-27.86971
-27.86697
-27.86423
-27.86149
-27.85875
-27.85601
-27.85327
-27.85053
-27.84778
-27.84504
-27.84230
-27.83955
-27.83681
-27.83407
-27.83132
-27.82858
-27.82583
-27.82309
-27.82034
-27.81760
-27.81485
-27.81210
-27.80936
-27.80661
-27.80386
-27.80111
-27.79836
-27.79561
-27.79287
-27.79012
-27.78737
-27.78462
-27.78186
-27.77911
-27.77636
-27.77361
-27.77086
-27.76811
-27.76535
-27.76260
-27.75985
-27.75709
-27.75434
-27.75158
-27.74883
-27.74607
-27.74332
-27.74056
-27.73781
-27.73505
-27.73229
-27.72953
-27.72678
-27.72402
-27.72126
-27.71850
-27.71574
-27.71298
-27.71022
-27.70746
-27.70470
-27.70194
-27.69918
-27.69642
-27.69366
-27.69089
-27.68813
-27.68537
-27.68260
-27.67984
-27.67708
-27.67431
-27.67155
-27.66878
-27.66602
-27.66325
-27.66048
-27.65772
-27.65495
-27.65218
-27.64941
-27.64665
-27.64388
-27.64111
-27.63834
-27.63557
-27.63280
-27.63003
-27.62726
-27.62449
-27.62172
-27.61895
-27.61617
-27.61340
-27.61063
-27.60786
-27.60508
-27.60231
-27.59953
-27.59676
-27.59398
-27.59121
-27.58843
-27.58566
-27.58288
-27.58010
-27.57733
-27.57455
-27.57177
-27.56899
-27.56621
-27.56344
-27.56066
-27.55788
-27.55510
-27.55232
-27.54954
-27.54675
-27.54397
-27.54119
-27.53841
-27.53563
-27.53284
-27.53006
-27.52728
-27.52449
-27.52171
-27.51892
-27.51614
-27.51335
-27.51057
-27.50778
-27.50499
-27.50221
-27.49942
-27.49663
-27.49384
-27.49106
-27.48827
-27.48548
-27.48269
-27.47990
-27.47711
-27.47432
-27.47153
-27.46874
-27.46594
-27.46315
-27.46036
-27.45757
-27.45477
-27.45198
-27.44919
-27.44639
-27.44360
-27.44080
-27.43801
-27.43521
-27.43242
-27.42962
-27.42682
-27.42403
-27.42123
-27.41843
-27.41563
-27.41283
-27.41003
-27.40723
-27.40444
-27.40164
-27.39883
-27.39603
-27.39323
-27.39043
-27.38763
-27.38483
-27.38202
-27.37922
-27.37642
-27.37361
-27.37081
-27.36801
-27.36520
-27.36240
-27.35959
-27.35678
-27.35398
-27.35117
-27.34836
-27.34556
-27.34275
-27.33994
-27.33713
-27.33432
-27.33151
-27.32870
-27.32589
-27.32308
-27.32027
-27.31746
-27.31465
-27.31184
-27.30903
-27.30621
-27.30340
-27.30059
-27.29777
-27.29496
-27.29215
-27.28933
-27.28652
-27.28370
-27.28088
-27.27807
-27.27525
-27.27243
-27.26962
-27.26680
-27.26398
-27.26116
-27.25834
-27.25552
-27.25270
-27.24988
-27.24706
-27.24424
-27.24142
-27.23860
-27.23578
-27.23296
-27.23013
-27.22731
-27.22449
-27.22166
-27.21884
-27.21601
-27.21319
-27.21036
-27.20754
-27.20471
-27.20189
-27.19906
-27.19623
-27.19341
-27.19058
-27.18775
-27.18492
-27.18209
-27.17926
-27.17643
-27.17360
-27.17077
-27.16794
-27.16511
-27.16228
-27.15945
-27.15661
-27.15378
-27.15095
-27.14811
-27.14528
-27.14245
-27.13961
-27.13678
-27.13394
-27.13111
-27.12827
-27.12543
-27.12260
-27.11976
-27.11692
-27.11408
-27.11124
-27.10841
-27.10557
-27.10273
-27.09989
-27.09705
-27.09421
-27.09137
-27.08852
-27.08568
-27.08284
-27.08000
-27.07715
-27.07431
-27.07147
-27.06862
-27.06578
-27.06293
-27.06009
-27.05724
-27.05440
-27.05155
-27.04870
-27.04586
-27.04301
-27.04016
-27.03731
-27.03447
-27.03162
-27.02877
-27.02592
-27.02307
-27.02022
-27.01737
-27.01452
-27.01166
-27.00881
-27.00596
-27.00311
-27.00025
-26.99740
-26.99455
-26.99169
-26.98884
-26.98598
-26.98313
-26.98027
-26.97741
-26.97456
-26.97170
-26.96884
-26.96599
-26.96313
-26.96027
-26.95741
-26.95455
-26.95169
-26.94883
-26.94597
-26.94311
-26.94025
-26.93739
-26.93452
-26.93166
-26.92880
-26.92594
-26.92307
-26.92021
-26.91735
-26.91448
-26.91162
-26.90875
-26.90588
-26.90302
-26.90015
-26.89728
-26.89442
-26.89155
-26.88868
-26.88581
-26.88294
-26.88008
-26.87721
-26.87434
-26.87147
-26.86859
-26.86572
-26.86285
-26.85998
-26.85711
-26.85423
-26.85136
-26.84849
-26.84561
-26.84274
-26.83987
-26.83699
-26.83411
-26.83124
-26.82836
-26.82549
-26.82261
-26.81973
-26.81685
-26.81398
-26.81110
-26.80822
-26.80534
-26.80246
-26.79958
-26.79670
-26.79382
-26.79094
-26.78806
-26.78517
-26.78229
-26.77941
-26.77652
-26.77364
-26.77076
-26.76787
-26.76499
-26.76210
-26.75922
-26.75633
-26.75345
-26.75056
-26.74767
-26.74478
-26.74190
-26.73901
-26.73612
-26.73323
-26.73034
-26.72745
-26.72456
-26.72167
-26.71878
-26.71589
-26.71300
-26.71010
-26.70721
-26.70432
-26.70143
-26.69853
-26.69564
-26.69274
-26.68985
-26.68695
-26.68406
-26.68116
-26.67826
-26.67537
-26.67247
-26.66957
-26.66667
-26.66378
-26.66088
-26.65798
-26.65508
-26.65218
-26.64928
-26.64638
-26.64348
-26.64057
-26.63767
-26.63477
-26.63187
-26.62896
-26.62606
-26.62316
-26.62025
-26.61735
-26.61444
-26.61154
-26.60863
-26.60573
-26.60282
-26.59991
-26.59700
-26.59410
-26.59119
-26.58828
-26.58537
-26.58246
-26.57955
-26.57664
-26.57373
-26.57082
-26.56791
-26.56500
-26.56208
-26.55917
-26.55626
-26.55334
-26.55043
-26.54752
-26.54460
-26.54169
-26.53877
-26.53586
-26.53294
-26.53002
-26.52711
-26.52419
-26.52127
-26.51835
-26.51543
-26.51251
-26.50959
-26.50668
-26.50375
-26.50083
-26.49791
-26.49499
-26.49207
-26.48915
-26.48623
-26.48330
-26.48038
-26.47746
-26.47453
-26.47161
-26.46868
-26.46576
-26.46283
-26.45990
-26.45698
-26.45405
-26.45112
-26.44820
-26.44527
-26.44234
-26.43941
-26.43648
-26.43355
-26.43062
-26.42769
-26.42476
-26.42183
-26.41890
-26.41596
-26.41303
-26.41010
-26.40716
-26.40423
-26.40130
-26.39836
-26.39543
-26.39249
-26.38955
-26.38662
-26.38368
-26.38074
-26.37781
-26.37487
-26.37193
-26.36899
-26.36605
-26.36311
-26.36017
-26.35723
-26.35429
-26.35135
-26.34841
-26.34547
-26.34253
-26.33958
-26.33664
-26.33370
-26.33075
-26.32781
-26.32486
-26.32192
-26.31897
-26.31603
-26.31308
-26.31013
-26.30719
-26.30424
-26.30129
-26.29834
-26.29539
-26.29245
-26.28950
-26.28655
-26.28360
-26.28064
-26.27769
-26.27474
-26.27179
-26.26884
-26.26588
-26.26293
-26.25998
-26.25702
-26.25407
-26.25111
-26.24816
-26.24520
-26.24225
-26.23929
-26.23633
-26.23338
-26.23042
-26.22746
-26.22450
-26.22154
-26.21858
-26.21562
-26.21266
-26.20970
-26.20674
-26.20378
-26.20082
-26.19786
-26.19489
-26.19193
-26.18897
-26.18600
-26.18304
-26.18007
-26.17711
-26.17414
-26.17118
-26.16821
-26.16524
-26.16228
-26.15931
-26.15634
-26.15337
-26.15040
-26.14743
-26.14446
-26.14149
-26.13852
-26.13555
-26.13258
-26.12961
-26.12664
-26.12367
-26.12069
-26.11772
-26.11475
-26.11177
-26.10880
-26.10582
-26.10285
-26.09987
-26.09689
-26.09392
-26.09094
-26.08796
-26.08498
-26.08201
-26.07903
-26.07605
-26.07307
-26.07009
-26.06711
-26.06413
-26.06115
-26.05816
-26.05518
-26.05220
-26.04922
-26.04623
-26.04325
-26.04027
-26.03728
-26.03430
-26.03131
-26.02833
-26.02534
-26.02235
-26.01937
-26.01638
-26.01339
-26.01040
-26.00741
-26.00442
-26.00143
-25.99844
-25.99545
-25.99246
-25.98947
-25.98648
-25.98349
-25.98049
-25.97750
-25.97451
-25.97151
-25.96852
-25.96553
-25.96253
-25.95954
-25.95654
-25.95354
-25.95055
-25.94755
-25.94455
-25.94155
-25.93856
-25.93556
-25.93256
-25.92956
-25.92656
-25.92356
-25.92056
-25.91756
-25.91455
-25.91155
-25.90855
-25.90555
-25.90254
-25.89954
-25.89653
-25.89353
-25.89052
-25.88752
-25.88451
-25.88151
-25.87850
-25.87549
-25.87248
-25.86948
-25.86647
-25.86346
-25.86045
-25.85744
-25.85443
-25.85142
-25.84841
-25.84540
-25.84238
-25.83937
-25.83636
-25.83335
-25.83033
-25.82732
-25.82430
-25.82129
-25.81827
-25.81526
-25.81224
-25.80923
-25.80621
-25.80319
-25.80017
-25.79716
-25.79414
-25.79112
-25.78810
-25.78508
-25.78206
-25.77904
-25.77602
-25.77299
-25.76997
-25.76695
-25.76393
-25.76090
-25.75788
-25.75485
-25.75183
-25.74880
-25.74578
-25.74275
-25.73973
-25.73670
-25.73367
-25.73065
-25.72762
-25.72459
-25.72156
-25.71853
-25.71550
-25.71247
-25.70944
-25.70641
-25.70338
-25.70035
-25.69731
-25.69428
-25.69125
-25.68821
-25.68518
-25.68214
-25.67911
-25.67607
-25.67304
-25.67000
-25.66697
-25.66393
-25.66089
-25.65785
-25.65481
-25.65178
-25.64874
-25.64570
-25.64266
-25.63962
-25.63657
-25.63353
-25.63049
-25.62745
-25.62441
-25.62136
-25.61832
-25.61528
-25.61223
-25.60919
-25.60614
-25.60310
-25.60005
-25.59700
-25.59396
-25.59091
-25.58786
-25.58481
-25.58176
-25.57871
-25.57566
-25.57261
-25.56956
-25.56651
-25.56346
-25.56041
-25.55736
-25.55430
-25.55125
-25.54820
-25.54514
-25.54209
-25.53903
-25.53598
-25.53292
-25.52987
-25.52681
-25.52375
-25.52070
-25.51764
-25.51458
-25.51152
-25.50846
-25.50540
-25.50234
-25.49928
-25.49622
-25.49316
-25.49010
-25.48703
-25.48397
-25.48091
-25.47784
-25.47478
-25.47172
-25.46865
-25.46559
-25.46252
-25.45945
-25.45639
-25.45332
-25.45025
-25.44718
-25.44412
-25.44105
-25.43798
-25.43491
-25.43184
-25.42877
-25.42570
-25.42262
-25.41955
-25.41648
-25.41341
-25.41033
-25.40726
-25.40419
-25.40111
-25.39804
-25.39496
-25.39188
-25.38881
-25.38573
-25.38265
-25.37958
-25.37650
-25.37342
-25.37034
-25.36726
-25.36418
-25.36110
-25.35802
-25.35494
-25.35186
-25.34877
-25.34569
-25.34261
-25.33952
-25.33644
-25.33336
-25.33027
-25.32719
-25.32410
-25.32101
-25.31793
-25.31484
-25.31175
-25.30867
-25.30558
-25.30249
-25.29940
-25.29631
-25.29322
-25.29013
-25.28704
-25.28395
-25.28085
-25.27776
-25.27467
-25.27158
-25.26848
-25.26539
-25.26229
-25.25920
-25.25610
-25.25301
-25.24991
-25.24681
-25.24372
-25.24062
-25.23752
-25.23442
-25.23132
-25.22822
-25.22512
-25.22202
-25.21892
-25.21582
-25.21272
-25.20962
-25.20651
-25.20341
-25.20031
-25.19720
-25.19410
-25.19099
-25.18789
-25.18478
-25.18167
-25.17857
-25.17546
-25.17235
-25.16924
-25.16614
-25.16303
-25.15992
-25.15681
-25.15370
-25.15059
-25.14748
-25.14436
-25.14125
-25.13814
-25.13503
-25.13191
-25.12880
-25.12568
-25.12257
-25.11945
-25.11634
-25.11322
-25.11010
-25.10699
-25.10387
-25.10075
-25.09763
-25.09451
-25.09139
-25.08828
-25.08515
-25.08203
-25.07891
-25.07579
-25.07267
-25.06955
-25.06642
-25.06330
-25.06018
-25.05705
-25.05393
-25.05080
-25.04768
-25.04455
-25.04142
-25.03829
-25.03517
-25.03204
-25.02891
-25.02578
-25.02265
-25.01952
-25.01639
-25.01326
-25.01013
-25.00700
-25.00387
-25.00073
-24.99760
-24.99447
-24.99133
-24.98820
-24.98506
-24.98193
-24.97879
-24.97566
-24.97252
-24.96938
-24.96624
-24.96311
-24.95997
-24.95683
-24.95369
-24.95055
-24.94741
-24.94427
-24.94113
-24.93798
-24.93484
-24.93170
-24.92855
-24.92541
-24.92227
-24.91912
-24.91598
-24.91283
-24.90969
-24.90654
-24.90339
-24.90024
-24.89710
-24.89395
-24.89080
-24.88765
-24.88450
-24.88135
-24.87820
-24.87505
-24.87190
-24.86875
-24.86559
-24.86244
-24.85929
-24.85613
-24.85298
-24.84982
-24.84667
-24.84351
-24.84036
-24.83720
-24.83404
-24.83088
-24.82773
-24.82457
-24.82141
-24.81825
-24.81509
-24.81193
-24.80877
-24.80561
-24.80245
-24.79928
-24.79612
-24.79296
-24.78979
-24.78663
-24.78346
-24.78030
-24.77713
-24.77397
-24.77080
-24.76763
-24.76447
-24.76130
-24.75813
-24.75496
-24.75179
-24.74862
-24.74545
-24.74228
-24.73911
-24.73594
-24.73277
-24.72959
-24.72642
-24.72325
-24.72007
-24.71690
-24.71372
-24.71055
-24.70737
-24.70420
-24.70102
-24.69784
-24.69467
-24.69149
-24.68831
-24.68513
-24.68195
-24.67877
-24.67559
-24.67241
-24.66923
-24.66604
-24.66286
-24.65968
-24.65650
-24.65331
-24.65013
-24.64694
-24.64376
-24.64057
-24.63738
-24.63420
-24.63101
-24.62782
-24.62464
-24.62145
-24.61826
-24.61507
-24.61188
-24.60869
-24.60550
-24.60230
-24.59911
-24.59592
-24.59273
-24.58953
-24.58634
-24.58315
-24.57995
-24.57676
-24.57356
-24.57036
-24.56717
-24.56397
-24.56077
-24.55757
-24.55438
-24.55118
-24.54798
-24.54478
-24.54158
-24.53838
-24.53517
-24.53197
-24.52877
-24.52557
-24.52236
-24.51916
-24.51595
-24.51275
-24.50954
-24.50634
-24.50313
-24.49993
-24.49672
-24.49351
-24.49030
-24.48709
-24.48388
-24.48067
-24.47746
-24.47425
-24.47104
-24.46783
-24.46462
-24.46141
-24.45819
-24.45498
-24.45177
-24.44855
-24.44534
-24.44212
-24.43891
-24.43569
-24.43247
-24.42925
-24.42604
-24.42282
-24.41960
-24.41638
-24.41316
-24.40994
-24.40672
-24.40350
-24.40028
-24.39705
-24.39383
-24.39061
-24.38739
-24.38416
-24.38094
-24.37771
-24.37449
-24.37126
-24.36803
-24.36481
-24.36158
-24.35835
-24.35512
-24.35189
-24.34866
-24.34543
-24.34220
-24.33897
-24.33574
-24.33251
-24.32928
-24.32604
-24.32281
-24.31958
-24.31634
-24.31311
-24.30987
-24.30664
-24.30340
-24.30016
-24.29693
-24.29369
-24.29045
-24.28721
-24.28397
-24.28073
-24.27749
-24.27425
-24.27101
-24.26777
-24.26453
-24.26128
-24.25804
-24.25480
-24.25155
-24.24831
-24.24506
-24.24182
-24.23857
-24.23532
-24.23208
-24.22883
-24.22558
-24.22233
-24.21908
-24.21583
-24.21258
-24.20933
-24.20608
-24.20283
-24.19958
-24.19633
-24.19307
-24.18982
-24.18657
-24.18331
-24.18006
-24.17680
-24.17354
-24.17029
-24.16703
-24.16377
-24.16052
-24.15726
-24.15400
-24.15074
-24.14748
-24.14422
-24.14096
-24.13770
-24.13443
-24.13117
-24.12791
-24.12465
-24.12138
-24.11812
-24.11485
-24.11159
-24.10832
-24.10505
-24.10179
-24.09852
-24.09525
-24.09198
-24.08872
-24.08545
-24.08218
-24.07891
-24.07563
-24.07236
-24.06909
-24.06582
-24.06255
-24.05927
-24.05600
-24.05272
-24.04945
-24.04617
-24.04290
-24.03962
-24.03634
-24.03307
-24.02979
-24.02651
-24.02323
-24.01995
-24.01667
-24.01339
-24.01011
-24.00683
-24.00355
-24.00027
-23.99698
-23.99370
-23.99042
-23.98713
-23.98385
-23.98056
-23.97728
-23.97399
-23.97070
-23.96741
-23.96413
-23.96084
-23.95755
-23.95426
-23.95097
-23.94768
-23.94439
-23.94110
-23.93780
-23.93451
-23.93122
-23.92793
-23.92463
-23.92134
-23.91804
-23.91475
-23.91145
-23.90815
-23.90486
-23.90156
-23.89826
-23.89496
-23.89166
-23.88836
-23.88506
-23.88176
-23.87846
-23.87516
-23.87186
-23.86856
-23.86525
-23.86195
-23.85865
-23.85534
-23.85204
-23.84873
-23.84542
-23.84212
-23.83881
-23.83550
-23.83219
-23.82888
-23.82558
-23.82227
-23.81896
-23.81564
-23.81233
-23.80902
-23.80571
-23.80240
-23.79908
-23.79577
-23.79245
-23.78914
-23.78582
-23.78251
-23.77919
-23.77588
-23.77256
-23.76924
-23.76592
-23.76260
-23.75928
-23.75596
-23.75264
-23.74932
-23.74600
-23.74268
-23.73936
-23.73603
-23.73271
-23.72938
-23.72606
-23.72273
-23.71941
-23.71608
-23.71276
-23.70943
-23.70610
-23.70277
-23.69944
-23.69611
-23.69278
-23.68945
-23.68612
-23.68279
-23.67946
-23.67613
-23.67280
-23.66946
-23.66613
-23.66279
-23.65946
-23.65612
-23.65279
-23.64945
-23.64611
-23.64278
-23.63944
-23.63610
-23.63276
-23.62942
-23.62608
-23.62274
-23.61940
-23.61606
-23.61271
-23.60937
-23.60603
-23.60268
-23.59934
-23.59599
-23.59265
-23.58930
-23.58596
-23.58261
-23.57926
-23.57591
-23.57257
-23.56922
-23.56587
-23.56252
-23.55917
-23.55582
-23.55246
-23.54911
-23.54576
-23.54241
-23.53905
-23.53570
-23.53234
-23.52899
-23.52563
-23.52228
-23.51892
-23.51556
-23.51220
-23.50884
-23.50549
-23.50213
-23.49877
-23.49541
-23.49204
-23.48868
-23.48532
-23.48196
-23.47859
-23.47523
-23.47187
-23.46850
-23.46514
-23.46177
-23.45840
-23.45504
-23.45167
-23.44830
-23.44493
-23.44156
-23.43819
-23.43482
-23.43145
-23.42808
-23.42471
-23.42134
-23.41797
-23.41459
-23.41122
-23.40784
-23.40447
-23.40109
-23.39772
-23.39434
-23.39096
-23.38759
-23.38421
-23.38083
-23.37745
-23.37407
-23.37069
-23.36731
-23.36393
-23.36055
-23.35717
-23.35378
-23.35040
-23.34702
-23.34363
-23.34025
-23.33686
-23.33347
-23.33009
-23.32670
-23.32331
-23.31992
-23.31654
-23.31315
-23.30976
-23.30637
-23.30298
-23.29958
-23.29619
-23.29280
-23.28941
-23.28601
-23.28262
-23.27922
-23.27583
-23.27243
-23.26904
-23.26564
-23.26224
-23.25885
-23.25545
-23.25205
-23.24865
-23.24525
-23.24185
-23.23845
-23.23504
-23.23164
-23.22824
-23.22484
-23.22143
-23.21803
-23.21462
-23.21122
-23.20781
-23.20441
-23.20100
-23.19759
-23.19418
-23.19077
-23.18737
-23.18396
-23.18055
-23.17713
-23.17372
-23.17031
-23.16690
-23.16349
-23.16007
-23.15666
-23.15324
-23.14983
-23.14641
-23.14300
-23.13958
-23.13616
-23.13274
-23.12933
-23.12591
-23.12249
-23.11907
-23.11565
-23.11223
-23.10880
-23.10538
-23.10196
-23.09854
-23.09511
-23.09169
-23.08826
-23.08484
-23.08141
-23.07798
-23.07456
-23.07113
-23.06770
-23.06427
-23.06084
-23.05741
-23.05398
-23.05055
-23.04712
-23.04369
-23.04025
-23.03682
-23.03339
-23.02995
-23.02652
-23.02308
-23.01965
-23.01621
-23.01277
-23.00934
-23.00590
-23.00246
-22.99902
-22.99558
-22.99214
-22.98870
-22.98526
-22.98182
-22.97837
-22.97493
-22.97149
-22.96804
-22.96460
-22.96115
-22.95771
-22.95426
-22.95081
-22.94737
-22.94392
-22.94047
-22.93702
-22.93357
-22.93012
-22.92667
-22.92322
-22.91976
-22.91631
-22.91286
-22.90941
-22.90595
-22.90250
-22.89904
-22.89559
-22.89213
-22.88867
-22.88521
-22.88176
-22.87830
-22.87484
-22.87138
-22.86792
-22.86446
-22.86100
-22.85753
-22.85407
-22.85061
-22.84714
-22.84368
-22.84022
-22.83675
-22.83328
-22.82982
-22.82635
-22.82288
-22.81942
-22.81595
-22.81248
-22.80901
-22.80554
-22.80207
-22.79859
-22.79512
-22.79165
-22.78818
-22.78470
-22.78123
-22.77775
-22.77428
-22.77080
-22.76733
-22.76385
-22.76037
-22.75689
-22.75341
-22.74993
-22.74645
-22.74297
-22.73949
-22.73601
-22.73253
-22.72905
-22.72556
-22.72208
-22.71859
-22.71511
-22.71162
-22.70814
-22.70465
-22.70116
-22.69768
-22.69419
-22.69070
-22.68721
-22.68372
-22.68023
-22.67674
-22.67324
-22.66975
-22.66626
-22.66277
-22.65927
-22.65578
-22.65228
-22.64879
-22.64529
-22.64179
-22.63829
-22.63480
-22.63130
-22.62780
-22.62430
-22.62080
-22.61730
-22.61380
-22.61029
-22.60679
-22.60329
-22.59978
-22.59628
-22.59277
-22.58927
-22.58576
-22.58226
-22.57875
-22.57524
-22.57173
-22.56822
-22.56471
-22.56120
-22.55769
-22.55418
-22.55067
-22.54716
-22.54364
-22.54013
-22.53662
-22.53310
-22.52959
-22.52607
-22.52255
-22.51904
-22.51552
-22.51200
-22.50848
-22.50496
-22.50144
-22.49792
-22.49440
-22.49088
-22.48736
-22.48384
-22.48031
-22.47679
-22.47326
-22.46974
-22.46621
-22.46269
-22.45916
-22.45563
-22.45210
-22.44858
-22.44505
-22.44152
-22.43799
-22.43446
-22.43092
-22.42739
-22.42386
-22.42033
-22.41679
-22.41326
-22.40972
-22.40619
-22.40265
-22.39912
-22.39558
-22.39204
-22.38850
-22.38496
-22.38142
-22.37788
-22.37434
-22.37080
-22.36726
-22.36372
-22.36017
-22.35663
-22.35308
-22.34954
-22.34599
-22.34245
-22.33890
-22.33535
-22.33181
-22.32826
-22.32471
-22.32116
-22.31761
-22.31406
-22.31051
-22.30696
-22.30340
-22.29985
-22.29630
-22.29274
-22.28919
-22.28563
-22.28208
-22.27852
-22.27496
-22.27140
-22.26785
-22.26429
-22.26073
-22.25717
-22.25361
-22.25004
-22.24648
-22.24292
-22.23936
-22.23579
-22.23223
-22.22866
-22.22510
-22.22153
-22.21797
-22.21440
-22.21083
-22.20726
-22.20369
-22.20012
-22.19655
-22.19298
-22.18941
-22.18584
-22.18227
-22.17869
-22.17512
-22.17154
-22.16797
-22.16439
-22.16082
-22.15724
-22.15366
-22.15009
-22.14651
-22.14293
-22.13935
-22.13577
-22.13219
-22.12861
-22.12502
-22.12144
-22.11786
-22.11427
-22.11069
-22.10710
-22.10352
-22.09993
-22.09634
-22.09276
-22.08917
-22.08558
-22.08199
-22.07840
-22.07481
-22.07122
-22.06763
-22.06404
-22.06044
-22.05685
-22.05325
-22.04966
-22.04606
-22.04247
-22.03887
-22.03528
-22.03168
-22.02808
-22.02448
-22.02088
-22.01728
-22.01368
-22.01008
-22.00648
-22.00287
-21.99927
-21.99567
-21.99206
-21.98846
-21.98485
-21.98125
-21.97764
-21.97403
-21.97042
-21.96681
-21.96321
-21.95960
-21.95599
-21.95237
-21.94876
-21.94515
-21.94154
-21.93792
-21.93431
-21.93070
-21.92708
-21.92346
-21.91985
-21.91623
-21.91261
-21.90899
-21.90538
-21.90176
-21.89814
-21.89451
-21.89089
-21.88727
-21.88365
-21.88003
-21.87640
-21.87278
-21.86915
-21.86553
-21.86190
-21.85827
-21.85465
-21.85102
-21.84739
-21.84376
-21.84013
-21.83650
-21.83287
-21.82924
-21.82560
-21.82197
-21.81834
-21.81470
-21.81107
-21.80743
-21.80380
-21.80016
-21.79652
-21.79288
-21.78925
-21.78561
-21.78197
-21.77833
-21.77469
-21.77104
-21.76740
-21.76376
-21.76011
-21.75647
-21.75283
-21.74918
-21.74553
-21.74189
-21.73824
-21.73459
-21.73094
-21.72730
-21.72365
-21.72000
-21.71634
-21.71269
-21.70904
-21.70539
-21.70173
-21.69808
-21.69443
-21.69077
-21.68711
-21.68346
-21.67980
-21.67614
-21.67248
-21.66883
-21.66517
-21.66151
-21.65784
-21.65418
-21.65052
-21.64686
-21.64320
-21.63953
-21.63587
-21.63220
-21.62854
-21.62487
-21.62120
-21.61753
-21.61387
-21.61020
-21.60653
-21.60286
-21.59919
-21.59551
-21.59184
-21.58817
-21.58450
-21.58082
-21.57715
-21.57347
-21.56980
-21.56612
-21.56244
-21.55876
-21.55509
-21.55141
-21.54773
-21.54405
-21.54037
-21.53668
-21.53300
-21.52932
-21.52564
-21.52195
-21.51827
-21.51458
-21.51090
-21.50721
-21.50352
-21.49983
-21.49615
-21.49246
-21.48877
-21.48508
-21.48138
-21.47769
-21.47400
-21.47031
-21.46661
-21.46292
-21.45923
-21.45553
-21.45183
-21.44814
-21.44444
-21.44074
-21.43704
-21.43334
-21.42964
-21.42594
-21.42224
-21.41854
-21.41484
-21.41113
-21.40743
-21.40373
-21.40002
-21.39631
-21.39261
-21.38890
-21.38519
-21.38149
-21.37778
-21.37407
-21.37036
-21.36665
-21.36293
-21.35922
-21.35551
-21.35180
-21.34808
-21.34437
-21.34065
-21.33694
-21.33322
-21.32950
-21.32578
-21.32207
-21.31835
-21.31463
-21.31091
-21.30719
-21.30346
-21.29974
-21.29602
-21.29229
-21.28857
-21.28485
-21.28112
-21.27739
-21.27367
-21.26994
-21.26621
-21.26248
-21.25875
-21.25502
-21.25129
-21.24756
-21.24383
-21.24010
-21.23636
-21.23263
-21.22889
-21.22516
-21.22142
-21.21769
-21.21395
-21.21021
-21.20647
-21.20273
-21.19899
-21.19525
-21.19151
-21.18777
-21.18403
-21.18028
-21.17654
-21.17280
-21.16905
-21.16530
-21.16156
-21.15781
-21.15406
-21.15031
-21.14657
-21.14282
-21.13907
-21.13532
-21.13156
-21.12781
-21.12406
-21.12030
-21.11655
-21.11280
-21.10904
-21.10528
-21.10153
-21.09777
-21.09401
-21.09025
-21.08649
-21.08273
-21.07897
-21.07521
-21.07145
-21.06769
-21.06392
-21.06016
-21.05639
-21.05263
-21.04886
-21.04509
-21.04133
-21.03756
-21.03379
-21.03002
-21.02625
-21.02248
-21.01871
-21.01494
-21.01116
-21.00739
-21.00362
-20.99984
-20.99607
-20.99229
-20.98851
-20.98474
-20.98096
-20.97718
-20.97340
-20.96962
-20.96584
-20.96206
-20.95828
-20.95449
-20.95071
-20.94693
-20.94314
-20.93936
-20.93557
-20.93178
-20.92800
-20.92421
-20.92042
-20.91663
-20.91284
-20.90905
-20.90526
-20.90147
-20.89768
-20.89388
-20.89009
-20.88629
-20.88250
-20.87870
-20.87491
-20.87111
-20.86731
-20.86351
-20.85971
-20.85591
-20.85211
-20.84831
-20.84451
-20.84070
-20.83690
-20.83310
-20.82929
-20.82549
-20.82168
-20.81787
-20.81407
-20.81026
-20.80645
-20.80264
-20.79883
-20.79502
-20.79121
-20.78740
-20.78358
-20.77977
-20.77596
-20.77214
-20.76833
-20.76451
-20.76069
-20.75687
-20.75306
-20.74924
-20.74542
-20.74160
-20.73778
-20.73396
-20.73013
-20.72631
-20.72249
-20.71866
-20.71484
-20.71101
-20.70718
-20.70336
-20.69953
-20.69570
-20.69187
-20.68804
-20.68421
-20.68038
-20.67655
-20.67272
-20.66888
-20.66505
-20.66122
-20.65738
-20.65354
-20.64971
-20.64587
-20.64203
-20.63819
-20.63435
-20.63051
-20.62667
-20.62283
-20.61899
-20.61515
-20.61130
-20.60746
-20.60361
-20.59977
-20.59592
-20.59208
-20.58823
-20.58438
-20.58053
-20.57668
-20.57283
-20.56898
-20.56513
-20.56128
-20.55742
-20.55357
-20.54971
-20.54586
-20.54200
-20.53815
-20.53429
-20.53043
-20.52657
-20.52271
-20.51885
-20.51499
-20.51113
-20.50727
-20.50341
-20.49954
-20.49568
-20.49181
-20.48795
-20.48408
-20.48021
-20.47635
-20.47248
-20.46861
-20.46474
-20.46087
-20.45700
-20.45313
-20.44925
-20.44538
-20.44151
-20.43763
-20.43376
-20.42988
-20.42600
-20.42213
-20.41825
-20.41437
-20.41049
-20.40661
-20.40273
-20.39885
-20.39497
-20.39108
-20.38720
-20.38331
-20.37943
-20.37554
-20.37166
-20.36777
-20.36388
-20.35999
-20.35610
-20.35221
-20.34832
-20.34443
-20.34054
-20.33665
-20.33275
-20.32886
-20.32496
-20.32107
-20.31717
-20.31327
-20.30938
-20.30548
-20.30158
-20.29768
-20.29378
-20.28988
-20.28597
-20.28207
-20.27817
-20.27426
-20.27036
-20.26645
-20.26255
-20.25864
-20.25473
-20.25082
-20.24692
-20.24301
-20.23910
-20.23518
-20.23127
-20.22736
-20.22345
-20.21953
-20.21562
-20.21170
-20.20779
-20.20387
-20.19995
-20.19603
-20.19211
-20.18819
-20.18427
-20.18035
-20.17643
-20.17251
-20.16858
-20.16466
-20.16073
-20.15681
-20.15288
-20.14896
-20.14503
-20.14110
-20.13717
-20.13324
-20.12931
-20.12538
-20.12145
-20.11751
-20.11358
-20.10965
-20.10571
-20.10178
-20.09784
-20.09390
-20.08997
-20.08603
-20.08209
-20.07815
-20.07421
-20.07027
-20.06632
-20.06238
-20.05844
-20.05449
-20.05055
-20.04660
-20.04266
-20.03871
-20.03476
-20.03081
-20.02686
-20.02291
-20.01896
-20.01501
-20.01106
-20.00711
-20.00315
-19.99920
-19.99524
-19.99129
-19.98733
-19.98337
-19.97942
-19.97546
-19.97150
-19.96754
-19.96358
-19.95961
-19.95565
-19.95169
-19.94773
-19.94376
-19.93980
-19.93583
-19.93186
-19.92790
-19.92393
-19.91996
-19.91599
-19.91202
-19.90805
-19.90408
-19.90010
-19.89613
-19.89216
-19.88818
-19.88420
-19.88023
-19.87625
-19.87227
-19.86830
-19.86432
-19.86034
-19.85636
-19.85237
-19.84839
-19.84441
-19.84043
-19.83644
-19.83246
-19.82847
-19.82448
-19.82050
-19.81651
-19.81252
-19.80853
-19.80454
-19.80055
-19.79656
-19.79256
-19.78857
-19.78458
-19.78058
-19.77659
-19.77259
-19.76859
-19.76460
-19.76060
-19.75660
-19.75260
-19.74860
-19.74460
-19.74059
-19.73659
-19.73259
-19.72858
-19.72458
-19.72057
-19.71657
-19.71256
-19.70855
-19.70454
-19.70053
-19.69652
-19.69251
-19.68850
-19.68449
-19.68047
-19.67646
-19.67244
-19.66843
-19.66441
-19.66039
-19.65638
-19.65236
-19.64834
-19.64432
-19.64030
-19.63628
-19.63225
-19.62823
-19.62421
-19.62018
-19.61616
-19.61213
-19.60810
-19.60408
-19.60005
-19.59602
-19.59199
-19.58796
-19.58393
-19.57989
-19.57586
-19.57183
-19.56779
-19.56376
-19.55972
-19.55569
-19.55165
-19.54761
-19.54357
-19.53953
-19.53549
-19.53145
-19.52741
-19.52337
-19.51932
-19.51528
-19.51123
-19.50719
-19.50314
-19.49909
-19.49504
-19.49100
-19.48695
-19.48290
-19.47885
-19.47479
-19.47074
-19.46669
-19.46263
-19.45858
-19.45452
-19.45047
-19.44641
-19.44235
-19.43829
-19.43423
-19.43017
-19.42611
-19.42205
-19.41799
-19.41392
-19.40986
-19.40579
-19.40173
-19.39766
-19.39360
-19.38953
-19.38546
-19.38139
-19.37732
-19.37325
-19.36918
-19.36510
-19.36103
-19.35696
-19.35288
-19.34881
-19.34473
-19.34065
-19.33657
-19.33250
-19.32842
-19.32434
-19.32026
-19.31617
-19.31209
-19.30801
-19.30392
-19.29984
-19.29575
-19.29167
-19.28758
-19.28349
-19.27940
-19.27531
-19.27122
-19.26713
-19.26304
-19.25895
-19.25485
-19.25076
-19.24666
-19.24257
-19.23847
-19.23437
-19.23028
-19.22618
-19.22208
-19.21798
-19.21388
-19.20977
-19.20567
-19.20157
-19.19746
-19.19336
-19.18925
-19.18515
-19.18104
-19.17693
-19.17282
-19.16871
-19.16460
-19.16049
-19.15638
-19.15226
-19.14815
-19.14404
-19.13992
-19.13580
-19.13169
-19.12757
-19.12345
-19.11933
-19.11521
-19.11109
-19.10697
-19.10285
-19.09872
-19.09460
-19.09047
-19.08635
-19.08222
-19.07810
-19.07397
-19.06984
-19.06571
-19.06158
-19.05745
-19.05332
-19.04918
-19.04505
-19.04092
-19.03678
-19.03264
-19.02851
-19.02437
-19.02023
-19.01609
-19.01195
-19.00781
-19.00367
-18.99953
-18.99539
-18.99124
-18.98710
-18.98295
-18.97881
-18.97466
-18.97051
-18.96636
-18.96221
-18.95806
-18.95391
-18.94976
-18.94561
-18.94145
-18.93730
-18.93314
-18.92899
-18.92483
-18.92067
-18.91652
-18.91236
-18.90820
-18.90404
-18.89988
-18.89571
-18.89155
-18.88739
-18.88322
-18.87906
-18.87489
-18.87072
-18.86656
-18.86239
-18.85822
-18.85405
-18.84988
-18.84570
-18.84153
-18.83736
-18.83318
-18.82901
-18.82483
-18.82066
-18.81648
-18.81230
-18.80812
-18.80394
-18.79976
-18.79558
-18.79140
-18.78721
-18.78303
-18.77884
-18.77466
-18.77047
-18.76628
-18.76210
-18.75791
-18.75372
-18.74953
-18.74534
-18.74114
-18.73695
-18.73276
-18.72856
-18.72437
-18.72017
-18.71597
-18.71177
-18.70758
-18.70338
-18.69918
-18.69497
-18.69077
-18.68657
-18.68237
-18.67816
-18.67396
-18.66975
-18.66554
-18.66134
-18.65713
-18.65292
-18.64871
-18.64450
-18.64028
-18.63607
-18.63186
-18.62764
-18.62343
-18.61921
-18.61500
-18.61078
-18.60656
-18.60234
-18.59812
-18.59390
-18.58968
-18.58546
-18.58123
-18.57701
-18.57278
-18.56856
-18.56433
-18.56010
-18.55587
-18.55165
-18.54742
-18.54318
-18.53895
-18.53472
-18.53049
-18.52625
-18.52202
-18.51778
-18.51354
-18.50931
-18.50507
-18.50083
-18.49659
-18.49235
-18.48811
-18.48386
-18.47962
-18.47538
-18.47113
-18.46689
-18.46264
-18.45839
-18.45414
-18.44989
-18.44564
-18.44139
-18.43714
-18.43289
-18.42864
-18.42438
-18.42013
-18.41587
-18.41161
-18.40736
-18.40310
-18.39884
-18.39458
-18.39032
-18.38606
-18.38179
-18.37753
-18.37327
-18.36900
-18.36473
-18.36047
-18.35620
-18.35193
-18.34766
-18.34339
-18.33912
-18.33485
-18.33058
-18.32630
-18.32203
-18.31775
-18.31348
-18.30920
-18.30492
-18.30064
-18.29636
-18.29208
-18.28780
-18.28352
-18.27924
-18.27495
-18.27067
-18.26638
-18.26210
-18.25781
-18.25352
-18.24923
-18.24494
-18.24065
-18.23636
-18.23207
-18.22777
-18.22348
-18.21918
-18.21489
-18.21059
-18.20629
-18.20200
-18.19770
-18.19340
-18.18910
-18.18479
-18.18049
-18.17619
-18.17188
-18.16758
-18.16327
-18.15897
-18.15466
-18.15035
-18.14604
-18.14173
-18.13742
-18.13311
-18.12879
-18.12448
-18.12016
-18.11585
-18.11153
-18.10721
-18.10290
-18.09858
-18.09426
-18.08994
-18.08562
-18.08129
-18.07697
-18.07265
-18.06832
-18.06399
-18.05967
-18.05534
-18.05101
-18.04668
-18.04235
-18.03802
-18.03369
-18.02936
-18.02502
-18.02069
-18.01635
-18.01202
-18.00768
-18.00334
-17.99900
-17.99466
-17.99032
-17.98598
-17.98164
-17.97729
-17.97295
-17.96860
-17.96426
-17.95991
-17.95556
-17.95121
-17.94687
-17.94251
-17.93816
-17.93381
-17.92946
-17.92510
-17.92075
-17.91639
-17.91204
-17.90768
-17.90332
-17.89896
-17.89460
-17.89024
-17.88588
-17.88152
-17.87715
-17.87279
-17.86842
-17.86406
-17.85969
-17.85532
-17.85095
-17.84658
-17.84221
-17.83784
-17.83347
-17.82910
-17.82472
-17.82035
-17.81597
-17.81159
-17.80722
-17.80284
-17.79846
-17.79408
-17.78970
-17.78531
-17.78093
-17.77655
-17.77216
-17.76778
-17.76339
-17.75900
-17.75461
-17.75022
-17.74583
-17.74144
-17.73705
-17.73266
-17.72826
-17.72387
-17.71947
-17.71508
-17.71068
-17.70628
-17.70188
-17.69748
-17.69308
-17.68868
-17.68428
-17.67987
-17.67547
-17.67106
-17.66666
-17.66225
-17.65784
-17.65343
-17.64902
-17.64461
-17.64020
-17.63579
-17.63137
-17.62696
-17.62254
-17.61813
-17.61371
-17.60929
-17.60487
-17.60045
-17.59603
-17.59161
-17.58719
-17.58277
-17.57834
-17.57392
-17.56949
-17.56506
-17.56063
-17.55621
-17.55178
-17.54734
-17.54291
-17.53848
-17.53405
-17.52961
-17.52518
-17.52074
-17.51630
-17.51187
-17.50743
-17.50299
-17.49855
-17.49410
-17.48966
-17.48522
-17.48077
-17.47633
-17.47188
-17.46743
-17.46299
-17.45854
-17.45409
-17.44964
-17.44518
-17.44073
-17.43628
-17.43182
-17.42737
-17.42291
-17.41845
-17.41400
-17.40954
-17.40508
-17.40062
-17.39615
-17.39169
-17.38723
-17.38276
-17.37830
-17.37383
-17.36936
-17.36490
-17.36043
-17.35596
-17.35148
-17.34701
-17.34254
-17.33807
-17.33359
-17.32911
-17.32464
-17.32016
-17.31568
-17.31120
-17.30672
-17.30224
-17.29776
-17.29327
-17.28879
-17.28431
-17.27982
-17.27533
-17.27084
-17.26636
-17.26187
-17.25738
-17.25288
-17.24839
-17.24390
-17.23940
-17.23491
-17.23041
-17.22591
-17.22142
-17.21692
-17.21242
-17.20792
-17.20341
-17.19891
-17.19441
-17.18990
-17.18540
-17.18089
-17.17638
-17.17187
-17.16736
-17.16285
-17.15834
-17.15383
-17.14932
-17.14480
-17.14029
-17.13577
-17.13125
-17.12674
-17.12222
-17.11770
-17.11318
-17.10866
-17.10413
-17.09961
-17.09508
-17.09056
-17.08603
-17.08151
-17.07698
-17.07245
-17.06792
-17.06339
-17.05885
-17.05432
-17.04979
-17.04525
-17.04072
-17.03618
-17.03164
-17.02710
-17.02256
-17.01802
-17.01348
-17.00894
-17.00439
-16.99985
-16.99530
-16.99076
-16.98621
-16.98166
-16.97711
-16.97256
-16.96801
-16.96346
-16.95890
-16.95435
-16.94979
-16.94524
-16.94068
-16.93612
-16.93156
-16.92700
-16.92244
-16.91788
-16.91332
-16.90876
-16.90419
-16.89962
-16.89506
-16.89049
-16.88592
-16.88135
-16.87678
-16.87221
-16.86764
-16.86306
-16.85849
-16.85391
-16.84934
-16.84476
-16.84018
-16.83560
-16.83102
-16.82644
-16.82186
-16.81728
-16.81269
-16.80811
-16.80352
-16.79893
-16.79435
-16.78976
-16.78517
-16.78058
-16.77598
-16.77139
-16.76680
-16.76220
-16.75761
-16.75301
-16.74841
-16.74381
-16.73921
-16.73461
-16.73001
-16.72541
-16.72080
-16.71620
-16.71159
-16.70699
-16.70238
-16.69777
-16.69316
-16.68855
-16.68394
-16.67933
-16.67471
-16.67010
-16.66548
-16.66087
-16.65625
-16.65163
-16.64701
-16.64239
-16.63777
-16.63315
-16.62852
-16.62390
-16.61927
-16.61465
-16.61002
-16.60539
-16.60076
-16.59613
-16.59150
-16.58687
-16.58223
-16.57760
-16.57297
-16.56833
-16.56369
-16.55905
-16.55441
-16.54977
-16.54513
-16.54049
-16.53585
-16.53120
-16.52656
-16.52191
-16.51726
-16.51262
-16.50797
-16.50332
-16.49866
-16.49401
-16.48936
-16.48470
-16.48005
-16.47539
-16.47074
-16.46608
-16.46142
-16.45676
-16.45210
-16.44743
-16.44277
-16.43811
-16.43344
-16.42878
-16.42411
-16.41944
-16.41477
-16.41010
-16.40543
-16.40076
-16.39608
-16.39141
-16.38673
-16.38206
-16.37738
-16.37270
-16.36802
-16.36334
-16.35866
-16.35398
-16.34929
-16.34461
-16.33992
-16.33524
-16.33055
-16.32586
-16.32117
-16.31648
-16.31179
-16.30709
-16.30240
-16.29771
-16.29301
-16.28831
-16.28362
-16.27892
-16.27422
-16.26952
-16.26481
-16.26011
-16.25541
-16.25070
-16.24600
-16.24129
-16.23658
-16.23187
-16.22716
-16.22245
-16.21774
-16.21303
-16.20831
-16.20360
-16.19888
-16.19416
-16.18944
-16.18473
-16.18001
-16.17528
-16.17056
-16.16584
-16.16111
-16.15639
-16.15166
-16.14693
-16.14220
-16.13748
-16.13274
-16.12801
-16.12328
-16.11855
-16.11381
-16.10908
-16.10434
-16.09960
-16.09486
-16.09012
-16.08538
-16.08064
-16.07590
-16.07115
-16.06641
-16.06166
-16.05691
-16.05216
-16.04741
-16.04266
-16.03791
-16.03316
-16.02841
-16.02365
-16.01890
-16.01414
-16.00938
-16.00462
-15.99986
-15.99510
-15.99034
-15.98558
-15.98081
-15.97605
-15.97128
-15.96651
-15.96175
-15.95698
-15.95221
-15.94743
-15.94266
-15.93789
-15.93311
-15.92834
-15.92356
-15.91878
-15.91400
-15.90922
-15.90444
-15.89966
-15.89488
-15.89009
-15.88531
-15.88052
-15.87574
-15.87095
-15.86616
-15.86137
-15.85658
-15.85178
-15.84699
-15.84219
-15.83740
-15.83260
-15.82780
-15.82301
-15.81821
-15.81340
-15.80860
-15.80380
-15.79899
-15.79419
-15.78938
-15.78458
-15.77977
-15.77496
-15.77015
-15.76533
-15.76052
-15.75571
-15.75089
-15.74608
-15.74126
-15.73644
-15.73162
-15.72680
-15.72198
-15.71716
-15.71233
-15.70751
-15.70268
-15.69786
-15.69303
-15.68820
-15.68337
-15.67854
-15.67371
-15.66887
-15.66404
-15.65920
-15.65437
-15.64953
-15.64469
-15.63985
-15.63501
-15.63017
-15.62532
-15.62048
-15.61563
-15.61079
-15.60594
-15.60109
-15.59624
-15.59139
-15.58654
-15.58169
-15.57683
-15.57198
-15.56712
-15.56226
-15.55741
-15.55255
-15.54769
-15.54283
-15.53796
-15.53310
-15.52823
-15.52337
-15.51850
-15.51363
-15.50876
-15.50389
-15.49902
-15.49415
-15.48928
-15.48440
-15.47952
-15.47465
-15.46977
-15.46489
-15.46001
-15.45513
-15.45025
-15.44536
-15.44048
-15.43559
-15.43071
-15.42582
-15.42093
-15.41604
-15.41115
-15.40626
-15.40136
-15.39647
-15.39157
-15.38667
-15.38178
-15.37688
-15.37198
-15.36708
-15.36217
-15.35727
-15.35237
-15.34746
-15.34255
-15.33765
-15.33274
-15.32783
-15.32291
-15.31800
-15.31309
-15.30817
-15.30326
-15.29834
-15.29342
-15.28850
-15.28358
-15.27866
-15.27374
-15.26882
-15.26389
-15.25897
-15.25404
-15.24911
-15.24418
-15.23925
-15.23432
-15.22939
-15.22445
-15.21952
-15.21458
-15.20965
-15.20471
-15.19977
-15.19483
-15.18989
-15.18494
-15.18000
-15.17506
-15.17011
-15.16516
-15.16021
-15.15526
-15.15031
-15.14536
-15.14041
-15.13546
-15.13050
-15.12554
-15.12059
-15.11563
-15.11067
-15.10571
-15.10075
-15.09578
-15.09082
-15.08585
-15.08089
-15.07592
-15.07095
-15.06598
-15.06101
-15.05604
-15.05106
-15.04609
-15.04111
-15.03614
-15.03116
-15.02618
-15.02120
-15.01622
-15.01124
-15.00625
-15.00127
-14.99628
-14.99129
-14.98631
-14.98132
-14.97633
-14.97133
-14.96634
-14.96135
-14.95635
-14.95135
-14.94636
-14.94136
-14.93636
-14.93136
-14.92636
-14.92135
-14.91635
-14.91134
-14.90634
-14.90133
-14.89632
-14.89131
-14.88630
-14.88128
-14.87627
-14.87126
-14.86624
-14.86122
-14.85620
-14.85118
-14.84616
-14.84114
-14.83612
-14.83110
-14.82607
-14.82104
-14.81602
-14.81099
-14.80596
-14.80093
-14.79589
-14.79086
-14.78582
-14.78079
-14.77575
-14.77071
-14.76567
-14.76063
-14.75559
-14.75055
-14.74550
-14.74046
-14.73541
-14.73037
-14.72532
-14.72027
-14.71522
-14.71016
-14.70511
-14.70006
-14.69500
-14.68994
-14.68488
-14.67982
-14.67476
-14.66970
-14.66464
-14.65957
-14.65451
-14.64944
-14.64438
-14.63931
-14.63424
-14.62917
-14.62409
-14.61902
-14.61394
-14.60887
-14.60379
-14.59871
-14.59363
-14.58855
-14.58347
-14.57839
-14.57330
-14.56822
-14.56313
-14.55804
-14.55295
-14.54786
-14.54277
-14.53768
-14.53258
-14.52749
-14.52239
-14.51730
-14.51220
-14.50710
-14.50200
-14.49689
-14.49179
-14.48668
-14.48158
-14.47647
-14.47136
-14.46625
-14.46114
-14.45603
-14.45092
-14.44580
-14.44069
-14.43557
-14.43045
-14.42533
-14.42021
-14.41509
-14.40997
-14.40484
-14.39972
-14.39459
-14.38946
-14.38434
-14.37921
-14.37407
-14.36894
-14.36381
-14.35867
-14.35354
-14.34840
-14.34326
-14.33812
-14.33298
-14.32784
-14.32269
-14.31755
-14.31240
-14.30725
-14.30211
-14.29696
-14.29181
-14.28665
-14.28150
-14.27635
-14.27119
-14.26603
-14.26087
-14.25571
-14.25055
-14.24539
-14.24023
-14.23506
-14.22990
-14.22473
-14.21956
-14.21439
-14.20922
-14.20405
-14.19888
-14.19370
-14.18853
-14.18335
-14.17817
-14.17299
-14.16781
-14.16263
-14.15745
-14.15227
-14.14708
-14.14189
-14.13671
-14.13152
-14.12633
-14.12113
-14.11594
-14.11075
-14.10555
-14.10035
-14.09516
-14.08996
-14.08476
-14.07956
-14.07435
-14.06915
-14.06394
-14.05874
-14.05353
-14.04832
-14.04311
-14.03790
-14.03268
-14.02747
-14.02225
-14.01704
-14.01182
-14.00660
-14.00138
-13.99616
-13.99094
-13.98571
-13.98049
-13.97526
-13.97003
-13.96480
-13.95957
-13.95434
-13.94911
-13.94387
-13.93864
-13.93340
-13.92816
-13.92292
-13.91768
-13.91244
-13.90720
-13.90195
-13.89671
-13.89146
-13.88621
-13.88096
-13.87571
-13.87046
-13.86520
-13.85995
-13.85469
-13.84944
-13.84418
-13.83892
-13.83366
-13.82839
-13.82313
-13.81787
-13.81260
-13.80733
-13.80206
-13.79679
-13.79152
-13.78625
-13.78098
-13.77570
-13.77042
-13.76515
-13.75987
-13.75459
-13.74931
-13.74402
-13.73874
-13.73345
-13.72817
-13.72288
-13.71759
-13.71230
-13.70701
-13.70171
-13.69642
-13.69112
-13.68583
-13.68053
-13.67523
-13.66993
-13.66462
-13.65932
-13.65402
-13.64871
-13.64340
-13.63809
-13.63278
-13.62747
-13.62216
-13.61685
-13.61153
-13.60621
-13.60090
-13.59558
-13.59026
-13.58493
-13.57961
-13.57429
-13.56896
-13.56363
-13.55831
-13.55298
-13.54765
-13.54231
-13.53698
-13.53164
-13.52631
-13.52097
-13.51563
-13.51029
-13.50495
-13.49961
-13.49426
-13.48892
-13.48357
-13.47822
-13.47287
-13.46752
-13.46217
-13.45682
-13.45146
-13.44611
-13.44075
-13.43539
-13.43003
-13.42467
-13.41931
-13.41394
-13.40858
-13.40321
-13.39784
-13.39247
-13.38710
-13.38173
-13.37636
-13.37098
-13.36561
-13.36023
-13.35485
-13.34947
-13.34409
-13.33871
-13.33332
-13.32794
-13.32255
-13.31716
-13.31178
-13.30638
-13.30099
-13.29560
-13.29020
-13.28481
-13.27941
-13.27401
-13.26861
-13.26321
-13.25781
-13.25240
-13.24700
-13.24159
-13.23618
-13.23077
-13.22536
-13.21995
-13.21454
-13.20912
-13.20371
-13.19829
-13.19287
-13.18745
-13.18203
-13.17661
-13.17118
-13.16575
-13.16033
-13.15490
-13.14947
-13.14404
-13.13861
-13.13317
-13.12774
-13.12230
-13.11686
-13.11142
-13.10598
-13.10054
-13.09510
-13.08965
-13.08421
-13.07876
-13.07331
-13.06786
-13.06241
-13.05695
-13.05150
-13.04604
-13.04059
-13.03513
-13.02967
-13.02421
-13.01874
-13.01328
-13.00782
-13.00235
-12.99688
-12.99141
-12.98594
-12.98047
-12.97499
-12.96952
-12.96404
-12.95856
-12.95309
-12.94760
-12.94212
-12.93664
-12.93115
-12.92567
-12.92018
-12.91469
-12.90920
-12.90371
-12.89822
-12.89272
-12.88723
-12.88173
-12.87623
-12.87073
-12.86523
-12.85973
-12.85422
-12.84872
-12.84321
-12.83770
-12.83219
-12.82668
-12.82117
-12.81565
-12.81014
-12.80462
-12.79910
-12.79358
-12.78806
-12.78254
-12.77701
-12.77149
-12.76596
-12.76043
-12.75491
-12.74937
-12.74384
-12.73831
-12.73277
-12.72724
-12.72170
-12.71616
-12.71062
-12.70508
-12.69953
-12.69399
-12.68844
-12.68289
-12.67734
-12.67179
-12.66624
-12.66069
-12.65513
-12.64958
-12.64402
-12.63846
-12.63290
-12.62734
-12.62177
-12.61621
-12.61064
-12.60507
-12.59950
-12.59393
-12.58836
-12.58279
-12.57721
-12.57164
-12.56606
-12.56048
-12.55490
-12.54932
-12.54373
-12.53815
-12.53256
-12.52697
-12.52138
-12.51579
-12.51020
-12.50461
-12.49901
-12.49341
-12.48782
-12.48222
-12.47662
-12.47101
-12.46541
-12.45980
-12.45420
-12.44859
-12.44298
-12.43737
-12.43176
-12.42614
-12.42053
-12.41491
-12.40929
-12.40367
-12.39805
-12.39243
-12.38680
-12.38118
-12.37555
-12.36992
-12.36429
-12.35866
-12.35303
-12.34739
-12.34176
-12.33612
-12.33048
-12.32484
-12.31920
-12.31356
-12.30791
-12.30227
-12.29662
-12.29097
-12.28532
-12.27967
-12.27401
-12.26836
-12.26270
-12.25704
-12.25138
-12.24572
-12.24006
-12.23440
-12.22873
-12.22307
-12.21740
-12.21173
-12.20606
-12.20038
-12.19471
-12.18903
-12.18336
-12.17768
-12.17200
-12.16632
-12.16063
-12.15495
-12.14926
-12.14357
-12.13789
-12.13220
-12.12650
-12.12081
-12.11511
-12.10942
-12.10372
-12.09802
-12.09232
-12.08662
-12.08091
-12.07521
-12.06950
-12.06379
-12.05808
-12.05237
-12.04666
-12.04094
-12.03523
-12.02951
-12.02379
-12.01807
-12.01235
-12.00662
-12.00090
-11.99517
-11.98944
-11.98371
-11.97798
-11.97225
-11.96652
-11.96078
-11.95504
-11.94931
-11.94357
-11.93782
-11.93208
-11.92634
-11.92059
-11.91484
-11.90909
-11.90334
-11.89759
-11.89183
-11.88608
-11.88032
-11.87456
-11.86880
-11.86304
-11.85728
-11.85151
-11.84575
-11.83998
-11.83421
-11.82844
-11.82267
-11.81689
-11.81112
-11.80534
-11.79956
-11.79378
-11.78800
-11.78222
-11.77643
-11.77065
-11.76486
-11.75907
-11.75328
-11.74749
-11.74169
-11.73590
-11.73010
-11.72430
-11.71850
-11.71270
-11.70690
-11.70109
-11.69529
-11.68948
-11.68367
-11.67786
-11.67205
-11.66623
-11.66042
-11.65460
-11.64878
-11.64296
-11.63714
-11.63132
-11.62549
-11.61967
-11.61384
-11.60801
-11.60218
-11.59634
-11.59051
-11.58467
-11.57884
-11.57300
-11.56716
-11.56131
-11.55547
-11.54962
-11.54378
-11.53793
-11.53208
-11.52623
-11.52037
-11.51452
-11.50866
-11.50281
-11.49695
-11.49108
-11.48522
-11.47936
-11.47349
-11.46762
-11.46176
-11.45588
-11.45001
-11.44414
-11.43826
-11.43239
-11.42651
-11.42063
-11.41475
-11.40886
-11.40298
-11.39709
-11.39120
-11.38531
-11.37942
-11.37353
-11.36763
-11.36174
-11.35584
-11.34994
-11.34404
-11.33814
-11.33223
-11.32633
-11.32042
-11.31451
-11.30860
-11.30269
-11.29677
-11.29086
-11.28494
-11.27902
-11.27310
-11.26718
-11.26126
-11.25533
-11.24941
-11.24348
-11.23755
-11.23162
-11.22568
-11.21975
-11.21381
-11.20787
-11.20193
-11.19599
-11.19005
-11.18411
-11.17816
-11.17221
-11.16626
-11.16031
-11.15436
-11.14840
-11.14245
-11.13649
-11.13053
-11.12457
-11.11861
-11.11264
-11.10668
-11.10071
-11.09474
-11.08877
-11.08280
-11.07682
-11.07085
-11.06487
-11.05889
-11.05291
-11.04693
-11.04095
-11.03496
-11.02897
-11.02298
-11.01699
-11.01100
-11.00501
-10.99901
-10.99302
-10.98702
-10.98102
-10.97501
-10.96901
-10.96300
-10.95700
-10.95099
-10.94498
-10.93897
-10.93295
-10.92694
-10.92092
-10.91490
-10.90888
-10.90286
-10.89684
-10.89081
-10.88478
-10.87875
-10.87272
-10.86669
-10.86066
-10.85462
-10.84859
-10.84255
-10.83651
-10.83046
-10.82442
-10.81838
-10.81233
-10.80628
-10.80023
-10.79418
-10.78812
-10.78207
-10.77601
-10.76995
-10.76389
-10.75783
-10.75176
-10.74570
-10.73963
-10.73356
-10.72749
-10.72142
-10.71534
-10.70927
-10.70319
-10.69711
-10.69103
-10.68495
-10.67886
-10.67278
-10.66669
-10.66060
-10.65451
-10.64842
-10.64232
-10.63622
-10.63013
-10.62403
-10.61793
-10.61182
-10.60572
-10.59961
-10.59350
-10.58739
-10.58128
-10.57517
-10.56905
-10.56293
-10.55682
-10.55070
-10.54457
-10.53845
-10.53232
-10.52620
-10.52007
-10.51394
-10.50780
-10.50167
-10.49553
-10.48940
-10.48326
-10.47712
-10.47097
-10.46483
-10.45868
-10.45253
-10.44638
-10.44023
-10.43408
-10.42792
-10.42177
-10.41561
-10.40945
-10.40329
-10.39712
-10.39096
-10.38479
-10.37862
-10.37245
-10.36628
-10.36010
-10.35393
-10.34775
-10.34157
-10.33539
-10.32921
-10.32302
-10.31683
-10.31065
-10.30446
-10.29826
-10.29207
-10.28587
-10.27968
-10.27348
-10.26728
-10.26108
-10.25487
-10.24866
-10.24246
-10.23625
-10.23004
-10.22382
-10.21761
-10.21139
-10.20517
-10.19895
-10.19273
-10.18651
-10.18028
-10.17405
-10.16782
-10.16159
-10.15536
-10.14913
-10.14289
-10.13665
-10.13041
-10.12417
-10.11793
-10.11168
-10.10543
-10.09919
-10.09294
-10.08668
-10.08043
-10.07417
-10.06791
-10.06166
-10.05539
-10.04913
-10.04287
-10.03660
-10.03033
-10.02406
-10.01779
-10.01151
-10.00524
-9.99896
-9.99268
-9.98640
-9.98012
-9.97383
-9.96754
-9.96126
-9.95496
-9.94867
-9.94238
-9.93608
-9.92978
-9.92349
-9.91718
-9.91088
-9.90458
-9.89827
-9.89196
-9.88565
-9.87934
-9.87302
-9.86671
-9.86039
-9.85407
-9.84775
-9.84142
-9.83510
-9.82877
-9.82244
-9.81611
-9.80978
-9.80345
-9.79711
-9.79077
-9.78443
-9.77809
-9.77175
-9.76540
-9.75905
-9.75270
-9.74635
-9.74000
-9.73365
-9.72729
-9.72093
-9.71457
-9.70821
-9.70184
-9.69548
-9.68911
-9.68274
-9.67637
-9.67000
-9.66362
-9.65724
-9.65086
-9.64448
-9.63810
-9.63172
-9.62533
-9.61894
-9.61255
-9.60616
-9.59977
-9.59337
-9.58697
-9.58057
-9.57417
-9.56777
-9.56136
-9.55495
-9.54855
-9.54213
-9.53572
-9.52931
-9.52289
-9.51647
-9.51005
-9.50363
-9.49720
-9.49078
-9.48435
-9.47792
-9.47149
-9.46506
-9.45862
-9.45218
-9.44574
-9.43930
-9.43286
-9.42641
-9.41997
-9.41352
-9.40707
-9.40061
-9.39416
-9.38770
-9.38124
-9.37478
-9.36832
-9.36186
-9.35539
-9.34892
-9.34245
-9.33598
-9.32951
-9.32303
-9.31655
-9.31007
-9.30359
-9.29711
-9.29062
-9.28414
-9.27765
-9.27115
-9.26466
-9.25817
-9.25167
-9.24517
-9.23867
-9.23217
-9.22566
-9.21915
-9.21265
-9.20614
-9.19962
-9.19311
-9.18659
-9.18007
-9.17355
-9.16703
-9.16051
-9.15398
-9.14745
-9.14092
-9.13439
-9.12785
-9.12132
-9.11478
-9.10824
-9.10170
-9.09515
-9.08861
-9.08206
-9.07551
-9.06896
-9.06240
-9.05585
-9.04929
-9.04273
-9.03617
-9.02961
-9.02304
-9.01647
-9.00990
-9.00333
