9888000000.00000
9876264918.23837
9864557813.08446
9852878600.81924
9841227197.98449
9829603521.38193
9818007488.07247
9806439015.37535
9794898020.86737
9783384422.38205
9771898138.00883
9760439086.09229
9749007185.23133
9737602354.27837
9726224512.33861
9714873578.76909
9703549473.17816
9692252115.42434
9680981425.61593
9669737324.10991
9658519731.51124
9647328568.67230
9636163756.69177
9625025216.91399
9613912870.92850
9602826640.56871
9591766447.91142
9580732215.27636
9569723865.22490
9558741320.55936
9547784504.32277
9536853339.79772
9525947750.50532
9515067660.20490
9504212992.89360
9493383672.80470
9482579624.40724
9471800772.40566
9461047041.73911
9450318357.57986
9439614645.33304
9428935830.63631
9418281839.35914
9407652597.60112
9397048031.69180
9386468068.19025
9375912633.88474
9365381655.79074
9354875061.15063
9344392777.43336
9333934732.33431
9323500853.77367
9313091069.89535
9302705309.06690
9292343499.87899
9282005571.14535
9271691451.90050
9261401071.39937
9251134359.11713
9240891244.74867
9230671658.20852
9220475529.62838
9210302789.35692
9200153367.95965
9190027196.21831
9179924205.13108
9169844325.90998
9159787489.98045
9149753628.98132
9139742674.76408
9129754559.39348
9119789215.14534
9109846574.50525
9099926570.16857
9090029135.04021
9080154202.23400
9070301705.07316
9060471577.08733
9050663752.01216
9040878163.78932
9031114746.56613
9021373434.69513
9011654162.73429
9001956865.44397
8992281477.78668
8982627934.92713
8972996172.23187
8963386125.26863
8953797729.80718
8944230921.81592
8934685637.46148
8925161813.10873
8915659385.32073
8906178290.85744
8896718466.67748
8887279849.93518
8877862377.97906
8868465988.35185
8859090618.79051
8849736207.22582
8840402691.78151
8831090010.77590
8821798102.71789
8812526906.30646
8803276360.43069
8794046404.16980
8784836976.79253
8775648017.75654
8766479466.70998
8757331263.48726
8748203348.10873
8739095660.78063
8730008141.89512
8720940732.03001
8711893371.94724
8702866002.59579
8693858565.10725
8684871000.79485
8675903251.15347
8666955257.85966
8658026962.77159
8649118307.92775
8640229235.54808
8631359688.03374
8622509607.96320
8613678938.09229
8604867621.35415
8596075600.85924
8587302819.89533
8578549221.92540
8569814750.59082
8561099349.70864
8552402963.26883
8543725535.43429
8535067010.54086
8526427333.09731
8517806447.78536
8509204299.45763
8500620833.14027
8492055994.03167
8483509727.49871
8474981979.07675
8466472694.46965
8457981819.54975
8449509300.35788
8441055083.10258
8432619114.15885
8424201340.07227
8415801707.55304
8407420163.47537
8399056654.87745
8390711128.96147
8382383533.09361
8374073814.80404
8365781921.78520
8357507801.89294
8349251403.14822
8341012673.73158
8332791561.98302
8324588016.40196
8316401985.64731
8308233418.53741
8300082264.05007
8291948471.32094
8283831989.64396
8275732768.47449
8267650757.42301
8259585906.25486
8251538164.89029
8243507483.40440
8235493812.02719
8227497101.14351
8219517301.29272
8211554363.16556
8203608237.61114
8195678875.63073
8187766228.37588
8179870247.14843
8171990883.40048
8164128088.73438
8156281814.90277
8148452013.80855
8140638637.50375
8132841638.18791
8125060968.21458
8117296580.08372
8109548426.44093
8101816460.07745
8094100633.93015
8086400901.08155
8078717214.75981
8071049528.33872
8063397795.33688
8055761969.41489
8048142004.38344
8040537854.19556
8032949472.94528
8025376814.86764
8017819834.33865
8010278485.87531
8002752724.13563
7995242503.91860
7987747780.16420
7980268507.94972
7972804642.49500
7965356139.16214
7957922953.44952
7950505040.99191
7943102357.56036
7935714859.06230
7928342501.54147
7920985241.17795
7913643034.28815
7906315837.32473
7899003606.87189
7891706299.65399
7884423872.53141
7877156282.49623
7869903486.67216
7862665442.31462
7855442106.81070
7848233437.67915
7841039392.57040
7833859929.26656
7826695005.68141
7819544579.85674
7812408609.96652
7805287054.31947
7798179871.35135
7791087019.62496
7784008457.83009
7776944144.78357
7769894039.42924
7762858100.83797
7755836288.20762
7748828560.86310
7741834878.25589
7734855199.95883
7727889485.67764
7720937695.24374
7713999788.61091
7707075725.85534
7700165467.17554
7693268972.89244
7686386203.44932
7679517119.41182
7672661681.46798
7665819850.42819
7658991587.22486
7652176852.90668
7645375608.65077
7638587815.75586
7631813435.63845
7625052429.83276
7618304759.99076
7611570387.88216
7604849275.39445
7598141384.53281
7591446677.42020
7584765116.29732
7578096663.52261
7571441281.56868
7564798933.02452
7558169580.60274
7551553187.12930
7544949715.54334
7538359128.89712
7531781390.35607
7525216463.19873
7518664310.81679
7512124896.71511
7505598184.51165
7499084137.93755
7492582720.83706
7486093897.16262
7479617630.98086
7473153886.47629
7466702627.94201
7460263819.77971
7453837426.49963
7447423412.72059
7441021743.17000
7434632382.68382
7428255296.20658
7421890448.79139
7415537805.59995
7409197331.90250
7402868993.07541
7396552754.59887
7390248582.07024
7383956441.19207
7377676297.77093
7371408117.71741
7365151867.04619
7358907511.87594
7352675018.42940
7346454353.03334
7340245482.11858
7334048372.21997
7327862989.97641
7321689302.13083
7315527275.52542
7309376877.10574
7303238073.92839
7297110833.14970
7290995122.02553
7284890907.91132
7278798158.26207
7272716840.63230
7266646922.67611
7260588372.14717
7254541156.89866
7248505244.88335
7242480604.15356
7236467202.86115
7230465009.25476
7224473991.67722
7218494118.58086
7212525358.51432
7206567680.12136
7200621052.14088
7194685443.40687
7188760822.84847
7182847159.48993
7176944422.45061
7171052580.94501
7165171604.28275
7159301461.86855
7153442123.20227
7147593557.87889
7141755735.58242
7135928626.09278
7130112199.29220
7124306425.15375
7118511273.74119
7112726715.20908
7106952719.80269
7101189257.85806
7095436299.80197
7089693816.15194
7083961777.51625
7078240154.59391
7072528918.17470
7066828039.13911
7061137488.45843
7055457237.19061
7049787256.48013
7044127517.57280
7038477991.80167
7032838650.58617
7027209465.43222
7021590407.93214
7015981449.76470
7010382562.69512
7004793718.57504
6999214889.34255
6993646047.02218
6988087163.72487
6982538211.64805
6976999163.07553
6971469990.37760
6965950666.00289
6960441162.49025
6954941452.47136
6949451508.66009
6943971303.85252
6938500810.92693
6933040002.84381
6927588852.64582
6922147333.45785
6916715418.48699
6911293081.02251
6905880294.43590
6900477032.18084
6895083267.79321
6889698974.89111
6884324127.17481
6878958698.42161
6873602662.48770
6868255993.32277
6862918664.95508
6857590651.49089
6852271927.11453
6846962466.08835
6841662242.75275
6836371231.52619
6831089406.90514
6825816743.46412
6820553215.85570
6815298798.81050
6810053467.13715
6804817195.72234
6799589959.53081
6794371733.60532
6789162493.05778
6783962213.08223
6778770868.95816
6773588436.03903
6768414889.75228
6763250205.59929
6758094359.15543
6752947326.07002
6747809082.06635
6742679602.94168
6737558864.56722
6732446842.88817
6727343513.92366
6722248853.76682
6717162838.58472
6712085444.61841
6707016648.18289
6701956425.66269
6696904753.51010
6691861608.26508
6686826966.53867
6681800805.01187
6676783100.43567
6671773829.63104
6666772969.48893
6661780496.97025
6656796389.10591
6651820622.99679
6646853175.81374
6641894024.79761
6636943147.25920
6632000520.57930
6627066122.20869
6622139929.66811
6617221920.54830
6612312072.50385
6607410363.25574
6602516770.60810
6597631272.43162
6592753846.66310
6587884471.30541
6583023124.42752
6578169784.16447
6573324428.71741
6568487036.35355
6563657585.40620
6558836054.27474
6554022421.42467
6549216665.38754
6544418764.76100
6539628698.20878
6534846444.46072
6530071982.31270
6525305290.62575
6520546348.31456
6515795134.37325
6511051627.86429
6506315807.91244
6501587653.70477
6496867144.49062
6492154259.58165
6487448978.35178
6482751280.23726
6478061144.73660
6473378551.41063
6468703479.88245
6464035909.83747
6459375821.02339
6454723193.25019
6450078006.39016
6445440240.37787
6440809875.21019
6436186890.94578
6431571267.69280
6426962985.63333
6422362025.01624
6417768366.14900
6413181989.39768
6408602875.18696
6404031004.00014
6399466356.37909
6394908912.92432
6390358654.29493
6385815561.20860
6381279614.44167
6376750794.82903
6372229083.26420
6367714460.69931
6363206908.14507
6358706406.67083
6354212937.40452
6349726481.53268
6345247020.29772
6340774534.98898
6336309006.97108
6331850417.66703
6327398748.55486
6322953981.16767
6318516097.09353
6314085077.97557
6309660905.51193
6305243561.45578
6300833027.61532
6296429285.85376
6292032318.08936
6287642106.29537
6283258632.50010
6278881878.78686
6274511827.29399
6270148460.21488
6265791759.79790
6261441708.34648
6257098288.21887
6252761481.81527
6248431271.60046
6244107640.10154
6239790569.89719
6235480043.61762
6231176043.94461
6226878553.61150
6222587555.40318
6218303032.15611
6214024966.75831
6209753342.14934
6205488141.32034
6201229347.31398
6196976943.22452
6192730912.19776
6188491237.43107
6184257902.17336
6180030889.72511
6175810183.43836
6171595766.71671
6167387623.01519
6163185735.82729
6158990088.70666
6154800665.26702
6150617449.17029
6146440424.12662
6142269573.89435
6138104882.28002
6133946333.13840
6129793910.37245
6125647597.93336
6121507379.82050
6117373240.08148
6113245162.81208
6109123132.15633
6105007132.30644
6100897147.50284
6096793162.03416
6092695160.23725
6088603126.49716
6084517045.24715
6080436900.96868
6076362678.18963
6072294361.47175
6068231935.44201
6064175384.77787
6060124694.20175
6056079848.48106
6052040832.42820
6048007630.90053
6043980228.80039
6039958611.07511
6035942762.71699
6031932668.76331
6027928314.29633
6023929684.44330
6019936764.37642
6015949539.31289
6011967994.51489
6007992115.28958
6004021886.98907
6000057295.01049
5996098324.79592
5992144961.83243
5988197191.65207
5984254999.82064
5980318371.95147
5976387293.71619
5972461750.82828
5968541729.04313
5964627214.15798
5960718192.01196
5956814648.48605
5952916569.50311
5949023941.02788
5945136749.06697
5941254979.66887
5937378618.92391
5933507652.96433
5929642067.96422
5925781850.13955
5921926985.74817
5918077461.08978
5914233262.50597
5910394376.38020
5906560789.13780
5902732487.24597
5898909457.21379
5895091685.58370
5891279158.93613
5887471863.91052
5883669787.18564
5879872915.47916
5876081235.54763
5872294734.18652
5868513398.23017
5864737214.55181
5860966170.06356
5857200251.71645
5853439446.50039
5849683741.44418
5845933123.61551
5842187580.12098
5838447098.10604
5834711664.75508
5830981267.29136
5827255892.97702
5823535529.11311
5819820163.03957
5816109782.13522
5812404373.81778
5808703925.54386
5805008424.79775
5801317859.10406
5797632216.04098
5793951483.22277
5790275648.29975
5786604698.95825
5782938622.92068
5779277407.94544
5775621041.82702
5771969512.39592
5768322807.51867
5764680915.09787
5761043823.07213
5757411519.41612
5753783992.14054
5750161229.29212
5746543218.95366
5742929949.24396
5739321408.31788
5735717584.36632
5732118465.61623
5728524040.33056
5724934296.80834
5721349223.38461
5717768808.42925
5714193040.33203
5710621907.53538
5707055398.52256
5703493501.81013
5699936205.94799
5696383499.51936
5692835371.14074
5689291809.46199
5685752803.16626
5682218340.97003
5678688411.62308
5675163003.90852
5671642106.64279
5668125708.67561
5664613798.89004
5661106366.20246
5657603399.56256
5654104887.95334
5650610820.39113
5647121185.92557
5643635973.63961
5640155172.64952
5636678772.10490
5633206761.18865
5629739129.11699
5626275865.12921
5622816958.49646
5619362398.53996
5615912174.61184
5612466276.09494
5609024692.40284
5605587412.97984
5602154427.30098
5598725724.87201
5595301295.22940
5591881127.94036
5588465212.60281
5585053538.84540
5581646096.32753
5578242874.73928
5574843863.80148
5571449053.26570
5568058432.91420
5564671992.56000
5561289722.04681
5557911611.24910
5554537650.07203
5551167828.45152
5547802136.35420
5544440563.77741
5541083100.74923
5537729737.32228
5534380463.57003
5531035269.61698
5527694145.61739
5524357081.75381
5521024068.23706
5517695095.30622
5514370153.22862
5511049232.29989
5507732322.84389
5504419415.21277
5501110499.78693
5497805566.97505
5494504607.21405
5491207610.96916
5487914568.73382
5484625471.02978
5481340308.40703
5478059071.44384
5474781750.74674
5471508336.95052
5468238820.71825
5464973192.74125
5461711443.73911
5458453564.45969
5455199545.67911
5451949378.20176
5448703052.85426
5445460560.48122
5442221891.97594
5438987038.25930
5435755990.27811
5432528739.00515
5429305275.43909
5426085590.60459
5422869675.55220
5419657521.35844
5416449119.12577
5413244459.98256
5410043535.08314
5406846335.60777
5403652852.76265
5400463077.77992
5397277001.91766
5394094616.45988
5390915912.71653
5387740882.02351
5384569515.74263
5381401805.26167
5378237741.99433
5375077317.38026
5371920522.88503
5368767350.00015
5365617790.24310
5362471835.15725
5359329476.30251
5356190705.26107
5353055513.65911
5349923893.14688
5346795835.39841
5343671332.11146
5340550375.00753
5337432955.83186
5334319066.35343
5331208698.36498
5328101843.68297
5324998494.14762
5321898641.62288
5318802277.99644
5315709395.17975
5312619985.10799
5309534039.74007
5306451551.05867
5303372511.07019
5300296911.80478
5297224745.31634
5294156003.68249
5291090679.00461
5288028763.40783
5284970249.04101
5281915128.07674
5278863392.71137
5275815035.16499
5272770047.68093
5269728422.51008
5266690151.94017
5263655228.29082
5260623643.90331
5257595391.14059
5254570462.38730
5251548850.04976
5248530546.55596
5245515544.35557
5242503835.91993
5239495413.74207
5236490270.33668
5233488398.24015
5230489790.01053
5227494438.22755
5224502335.49262
5221513474.42883
5218527847.68094
5215545447.91540
5212566267.82031
5209590300.10549
5206617537.50239
5203647972.76417
5200681598.66566
5197718408.00336
5194758393.59546
5191801548.28181
5188847864.92395
5185897336.40509
5182949955.62356
5180005715.49023
5177064608.95754
5174126628.99892
5171191768.60754
5168260020.79633
5165331378.59795
5162405835.06481
5159483383.26905
5156564016.30257
5153647727.27698
5150734509.32366
5147824355.59373
5144917259.25804
5142013213.50717
5139112211.55147
5136214246.62102
5133319311.96564
5130427400.85488
5127538506.57805
5124652622.44420
5121769741.78210
5118889857.94029
5116012964.28704
5113139054.21035
5110268121.11797
5107400158.43740
5104535159.61588
5101673118.12037
5098814027.43760
5095957881.07211
5093104672.53236
5090254395.36451
5087407043.13834
5084562609.44157
5081721087.87987
5078882472.07682
5076046755.67394
5073213932.33070
5070383995.72446
5067556939.55057
5064732757.52226
5061911443.37074
5059092990.84510
5056277393.71241
5053464645.75765
5050654740.78374
5047847672.61152
5045043435.07978
5042242022.04524
5039443427.38254
5036647644.98426
5033854668.76091
5031064492.64095
5028277110.57074
5025492516.51461
5022710704.45480
5019931668.39148
5017155402.34276
5014381900.34469
5011611156.45124
5008843164.73374
5006077919.26577
5003315414.15193
5000555643.52226
4997798601.52306
4995044282.31684
4992292680.08240
4989543789.01476
4986797603.32520
4984054117.24124
4981313325.00667
4978575220.88150
4975839799.14200
4973107054.08071
4970376980.00637
4967649571.24401
4964924822.13489
4962202727.03653
4959483280.32269
4956766476.38336
4954052309.62482
4951340774.46957
4948631865.35636
4945925576.74019
4943221903.09231
4940520838.90022
4937822378.66767
4935126516.91466
4932433248.17742
4929742567.00845
4927054467.97648
4924368945.66651
4921685994.67929
4919005609.61658
4916327785.10864
4913652515.80970
4910979796.38866
4908309621.52915
4905641985.92943
4902976884.30247
4900314311.37594
4897654261.89217
4894996730.60818
4892341712.29568
4889689201.74106
4887039193.74541
4884391683.12448
4881746664.70872
4879104133.34326
4876464083.88792
4873826511.21719
4871191410.22027
4868558775.80101
4865928602.87799
4863300886.38443
4860675621.26825
4858052802.49207
4855432425.03319
4852814483.88357
4850198974.04988
4847585890.55346
4844975228.43036
4842366982.73127
4839761148.52161
4837157720.88146
4834556694.90421
4831958065.68292
4829361828.34095
4826767978.02107
4824176509.87926
4821587419.08474
4819000700.81998
4816416350.28068
4813834362.67579
4811254733.22747
4808677457.17116
4806102529.75549
4803529946.24237
4800959701.90692
4798391792.03752
4795826211.93576
4793262956.91649
4790702022.30779
4788143403.45100
4785587095.70065
4783033094.42455
4780481395.00373
4777931992.83246
4775384883.31826
4772840061.88187
4770297523.95728
4767757264.99171
4765219280.44562
4762683565.79272
4760150116.51993
4757618928.12744
4755089996.12866
4752563316.05024
4750038883.43207
4747516693.82273
4744996742.77347
4742479025.86679
4739963538.69895
4737450276.87810
4734939236.02431
4732430411.76956
4729923799.75771
4727419395.64454
4724917195.09774
4722417193.79688
4719919387.43346
4717423771.71087
4714930342.34441
4712439095.06128
4709950025.60057
4707463129.71331
4704978403.16240
4702495841.72266
4700015441.18080
4697537197.33546
4695061105.99716
4692587162.98833
4690115364.14331
4687645705.30833
4685178182.34154
4682712791.11299
4680249527.50463
4677788387.41031
4675329366.73580
4672872461.39875
4670417667.32873
4667964980.46721
4665514396.76757
4663065912.19504
4660619522.71456
4658175224.30888
4655733012.98300
4653292884.75258
4650854835.64395
4648418861.69414
4645984958.95084
4643553123.47244
4641123351.32797
4638695638.59718
4636269981.37046
4633846375.74891
4631424817.84428
4629005303.77901
4626587829.68623
4624172391.70972
4621758986.00396
4619347608.73410
4616938256.07597
4614530924.21607
4612125609.35158
4609722307.69037
4607321015.45097
4604921728.86260
4602524444.16515
4600129157.60919
4597735865.45597
4595344563.97741
4592955249.45612
4590567918.18538
4588182566.46914
4585799190.62205
4583417786.96941
4581038351.84722
4578660881.60214
4576285372.58698
4573911821.15599
4571540223.69066
4569170576.58352
4566802876.23666
4564437119.06174
4562073301.47994
4559711419.92202
4557351470.82829
4554993450.64862
4552637355.84241
4550283182.87863
4547930928.23582
4545580588.40204
4543232159.87492
4540885639.16165
4538541022.77897
4536198307.25316
4533857489.12008
4531518564.92513
4529181531.22325
4526846384.57895
4524513121.56630
4522181738.76891
4519852232.77995
4517524600.20214
4515198837.64775
4512874941.73862
4510552909.10614
4508232736.39123
4505914420.24439
4503597957.32567
4501283344.30466
4498970577.86052
4496659654.68195
4494350571.46722
4492043324.92265
4489737911.75140
4487434328.68020
4485132572.44883
4482832639.80561
4480534527.50737
4478238232.31948
4475943751.01583
4473651080.37884
4471360217.19946
4469071158.27717
4466783900.41997
4464498440.44438
4462214775.17547
4459932901.44682
4457652816.10054
4455374515.98727
4453097997.96617
4450823258.90495
4448550295.67982
4446279105.17552
4444009684.28534
4441742029.91108
4439476138.96307
4437212008.36016
4434949635.02974
4432689015.90772
4430430147.93855
4428173028.07518
4425917653.27912
4423664020.52038
4421412126.77752
4419161969.03760
4416913544.29623
4414666849.55755
4412421881.83421
4410178638.14739
4407937115.52621
4405697310.99601
4403459221.60139
4401222844.40093
4398988176.46078
4396755214.85468
4394523956.66398
4392294398.97761
4390066538.89210
4387840373.51157
4385615899.94773
4383393115.31987
4381172016.75491
4378952601.38732
4376734866.35919
4374518808.82018
4372304425.92758
4370091714.84622
4367880672.74857
4365671296.81467
4363463584.23215
4361257532.19624
4359053137.90977
4356850398.58314
4354649311.43435
4352449873.68902
4350252082.58032
4348055935.34904
4345861429.24355
4343668561.51983
4341477329.44143
4339287730.27950
4337099761.31280
4334913419.82764
4332728703.11798
4330545608.48532
4328364133.23879
4326184274.69508
4324006030.17793
4321829397.00699
4319654372.51966
4317480954.06610
4315309139.00324
4313138924.69474
4310970308.51098
4308803287.82913
4306637860.03305
4304474022.51340
4302311772.66753
4300151107.89958
4297992025.62040
4295834523.24760
4293678598.20552
4291524247.92526
4289371469.84467
4287220261.40831
4285070620.06751
4282922543.28033
4280776028.51160
4278631073.23286
4276487674.92241
4274345831.06530
4272205539.15330
4270066796.68495
4267929601.16551
4265793950.10701
4263659841.02820
4261527271.45459
4259396238.91843
4257266740.95869
4255138775.12112
4253012338.95819
4250887430.02913
4248764045.89990
4246642184.14320
4244521842.33849
4242403018.07196
4240285708.93534
4238169912.51618
4236055626.42053
4233942848.26436
4231831575.66966
4229721806.26435
4227613537.68238
4225506767.56361
4223401493.55393
4221297713.30518
4219195424.47517
4217094624.72769
4214995311.73253
4212897483.16541
4210801136.70805
4208706270.04816
4206612880.87940
4204520966.90140
4202430525.81980
4200341555.34618
4198254053.19811
4196168017.09914
4194083444.77878
4192000333.97252
4189918682.42184
4187838487.87418
4185759748.08296
4183682460.80757
4181606623.81337
4179532234.87172
4177459291.75994
4175387792.26130
4173317734.16509
4171249115.26655
4169181933.36689
4167116186.27332
4165051871.79899
4162988987.76306
4160927531.99063
4158867502.31282
4156808896.56370
4154751712.57532
4152695948.19835
4150641601.29031
4148588669.71396
4146537151.33736
4144487044.03384
4142438345.68202
4140391054.16580
4138345167.37436
4136300683.20216
4134257599.54894
4132215914.31973
4130175625.42482
4128136730.77982
4126099228.30557
4124063115.92824
4122028391.57925
4119995053.19530
4117963098.71841
4115932526.09583
4113903333.28012
4111875518.22912
4109849078.90594
4107824013.27899
4105800319.32193
4103777995.01374
4101757038.33866
4099737447.28620
4097719219.85117
4095702354.03366
4093686847.83903
4091672699.27794
4089659906.36630
4087648467.12534
4085638379.58154
4083629641.76668
4081622251.71781
4079616207.47726
4077611507.09266
4075608148.61689
4073606130.10169
4071605449.60346
4069606105.19367
4067608094.94848
4065611416.94871
4063616069.27987
4061622050.03208
4059629357.30016
4057637989.18355
4055647943.78636
4053659219.21737
4051671813.59000
4049685725.02234
4047700951.63712
4045717491.56174
4043735342.92825
4041754503.87337
4039774972.53845
4037796747.06952
4035819825.61726
4033844206.33700
4031869887.38875
4029896866.93714
4027925143.15148
4025954714.20574
4023985578.27854
4022017733.55315
4020051178.21750
4018085910.46419
4016121928.49045
4014159230.49820
4012197814.69400
4010237679.28905
4008278822.49923
4006321242.54508
4004364937.65177
4002409906.04916
4000456145.97173
3998503655.65865
3996552433.35374
3994602477.30545
3992653785.76622
3990706356.98391
3988760189.21992
3986815280.74371
3984871629.82883
3982929234.75295
3980988093.79781
3979048205.24925
3977109567.39721
3975172178.53574
3973236036.96296
3971301140.98110
3969367488.89650
3967435079.01956
3965503909.66481
3963573979.15087
3961645285.80043
3959717827.94031
3957791603.90141
3955866612.01873
3953942850.63136
3952020318.08248
3950099012.71940
3948178932.89348
3946260076.96021
3944342443.27916
3942426030.21400
3940510836.13250
3938596859.40652
3936684098.41202
3934772551.52905
3932862217.14177
3930953093.63842
3929045179.41135
3927138472.85699
3925232972.37587
3923328676.37264
3921425583.25602
3919523691.43882
3917622999.33798
3915723505.37450
3913825207.97350
3911928105.56418
3910032196.57606
3908137479.43842
3906243952.59478
3904351614.49270
3902460463.58334
3900570498.32148
3898681717.16546
3896794118.57725
3894907701.02238
3893022462.97000
3891138402.89283
3889255519.26722
3887373810.57307
3885493275.29391
3883613911.91685
3881735718.93259
3879858694.83544
3877982838.12328
3876108147.29761
3874234620.86351
3872362257.32965
3870491055.20831
3868621013.01536
3866752129.27024
3864884402.49602
3863017831.21935
3861152413.97046
3859288149.28320
3857425035.69499
3855563071.74686
3853702255.98344
3851842586.95293
3849984063.20714
3848126683.30148
3846270445.79494
3844415349.25011
3842561392.23319
3840708573.31394
3838856891.06575
3837006344.06558
3835156930.89399
3833308650.13515
3831461500.37680
3829615480.21001
3827770588.22153
3825926823.00793
3824084183.17341
3822242667.32536
3820402274.07427
3818563002.03380
3816724849.82076
3814887816.05511
3813051899.35993
3811217098.36148
3809383411.68914
3807550837.97544
3805719375.85608
3803889023.96988
3802059780.95882
3800231645.46802
3798404616.14575
3796578691.64342
3794753870.61559
3792930151.71998
3791107533.61744
3789286014.97196
3787465594.45070
3785646270.72395
3783828042.46515
3782010908.35089
3780194867.06089
3778379917.27804
3776566057.68836
3774753286.98103
3772941603.84837
3771131006.98583
3769321495.09203
3767513066.86873
3765705721.02084
3763899456.25640
3762094271.28660
3760290164.82580
3758487135.59149
3756685182.30429
3754884303.68800
3753084498.46953
3751285765.37898
3749488103.14955
3747691510.51501
3745895986.20727
3744101528.97039
3742308137.55195
3740515810.70224
3738724547.17433
3736934345.72402
3735145205.10987
3733357124.09317
3731570101.43797
3729784135.91108
3727999226.28203
3726215371.32311
3724432569.80937
3722650820.51859
3720870122.23132
3719090473.73082
3717311873.80314
3715534321.23704
3713757814.82407
3711982353.35849
3710207935.63732
3708434560.46034
3706662226.63006
3704890932.95175
3703120678.23342
3701351461.28583
3699583280.92250
3697816135.95967
3696050025.21636
3694284947.51431
3692520901.67803
3690757886.53477
3688995900.91451
3687234943.65001
3685475013.57676
3683716109.53298
3681958230.35969
3680201374.90059
3678445542.00219
3676690730.51371
3674936939.28713
3673184167.17717
3671432413.04131
3669681675.73977
3667931954.13549
3666183247.08804
3664435553.46275
3662688872.13267
3660943201.97323
3659198541.86227
3657454890.68002
3655712247.30910
3653970610.63452
3652229979.54371
3650490352.92646
3648751729.67498
3647014108.68385
3645277488.85006
3643541869.07300
3641807248.25443
3640073625.29854
3638340999.11188
3636609368.60340
3634878732.68447
3633149090.26883
3631420440.27261
3629692781.61435
3627966113.21498
3626240433.99782
3624515742.88859
3622792038.81539
3621069320.70873
3619347587.50152
3617626838.12903
3615907071.52896
3614188286.64139
3612470482.40879
3610753657.77603
3609037811.69037
3607322943.10148
3605609050.96139
3603896134.22456
3602184191.84783
3600473222.79042
3598763226.01397
3597054200.48250
3595346145.16242
3593639059.02254
3591932941.03406
3590227790.17058
3588523605.40810
3586820385.72412
3585118130.09231
3583416837.49579
3581716506.92173
3580017137.35933
3578318727.79993
3576621277.23690
3574924784.66573
3573229249.08396
3571534669.49124
3569841044.88927
3568148374.28187
3566456656.67490
3564765891.07632
3563076076.49619
3561387211.94661
3559699296.44179
3558012328.99802
3556326308.63367
3554641234.36917
3552957105.22706
3551273920.23194
3549591678.41051
3547910378.79153
3546230020.40586
3544550602.28643
3542872123.46826
3541194582.98843
3539517979.88613
3537842313.20261
3536167581.98121
3534493785.26735
3532820922.10854
3531148991.55434
3529477992.65643
3527807924.46855
3526138786.04652
3524470576.44826
3522803294.73374
3521136939.96503
3519471511.20628
3517807007.52374
3516143427.98569
3514480771.66254
3512819037.62677
3511158224.95292
3509498332.71763
3507839359.99962
3506181305.87780
3504524169.42886
3502867949.73874
3501212645.89587
3499558256.99048
3497904782.11464
3496252220.36217
3494600570.82875
3492949832.61183
3491300004.81067
3489651086.52635
3488003076.86175
3486355974.92153
3484709779.81219
3483064490.64202
3481420106.52111
3479776626.56136
3478134049.87648
3476492375.58197
3474851602.79516
3473211730.63516
3471572758.22289
3469934684.68109
3468297509.13429
3466661230.70884
3465025848.53286
3463391361.73632
3461757769.45098
3460125070.81038
3458493264.94989
3456862351.00668
3455232328.11974
3453603195.42983
3451974952.07954
3450347597.21326
3448721129.97718
3447095549.51931
3445470854.98945
3443847045.53920
3442224120.32198
3440602078.49302
3438980919.20933
3437360641.62974
3435741244.91489
3434122728.22721
3432505090.73096
3430888331.59217
3429272449.97871
3427657445.06023
3426043316.00614
3424430061.98423
3422817682.17063
3421206175.74347
3419595541.88248
3417985779.76891
3416376888.58560
3414768867.51695
3413161715.74891
3411555432.46901
3409950016.86632
3408345468.13150
3406741785.45674
3405138968.03581
3403537015.06404
3401935925.73834
3400335699.25714
3398736334.82047
3397137831.62990
3395540188.88858
3393943405.80121
3392347481.57406
3390752415.41494
3389158206.53325
3387564854.13995
3385972357.44754
3384380715.67010
3382789928.02327
3381199993.72425
3379610911.99179
3378022682.04623
3376435303.10945
3374848774.40489
3373263095.15758
3371678264.59407
3370094281.94251
3368511146.43259
3366928857.29557
3365347413.76428
3363766815.07308
3362187060.45794
3360608149.15635
3359030080.40739
3357452853.45168
3355876467.53143
3354300921.89038
3352726215.77385
3351152348.42873
3349579319.10346
3348007127.04803
3346435771.51289
3344865251.74566
3343295567.00149
3341726716.53782
3340158699.61344
3338591515.48852
3337025163.42453
3335459642.68434
3333894952.53213
3332331092.23345
3330768061.05519
3329205858.26560
3327644483.13426
3326083934.93212
3324524212.93146
3322965316.40594
3321407244.63052
3319849996.88156
3318293572.43674
3316737970.57509
3315183190.57700
3313629231.72421
3312076093.29979
3310523774.58819
3308972274.87518
3307421593.44789
3305871729.59481
3304322682.60576
3302774451.77192
3301227036.38583
3299680435.74135
3298134649.13372
3296589675.85951
3295045515.21664
3293502166.50439
3291959629.02338
3290417902.07558
3288876984.96432
3287336876.99427
3285797577.47143
3284259085.70320
3282721400.99828
3281184522.66673
3279648450.01999
3278113182.37080
3276578719.03329
3275045059.32293
3273512202.55652
3271980148.05223
3270448895.12956
3268918443.10939
3267388791.31387
3265859939.06229
3264331885.67768
3262804630.48747
3261278172.82024
3259752512.00575
3258227647.37493
3256703578.25984
3255180303.99374
3253657823.91103
3252136137.34729
3250615243.63924
3249095142.12479
3247575832.14299
3246057313.03407
3244539584.13941
3243022644.80156
3241506494.36424
3239991132.17232
3238476557.57184
3236962769.90999
3235449768.53516
3233937552.79685
3232426122.04577
3230915475.63376
3229405612.91385
3227896533.24021
3226388235.96819
3224880720.45430
3223373986.05620
3221868032.13272
3220362858.04387
3218858463.15080
3217354846.81583
3215852008.40245
3214349947.27530
3212848662.80020
3211348154.34412
3209848421.27520
3208349462.96273
3206851278.77719
3205353868.09020
3203857230.27455
3202361364.70419
3200866270.75423
3199371947.80096
3197878395.22182
3196385612.39542
3194893598.70151
3193402353.52104
3191911876.23610
3190422166.22994
3188933222.88699
3187445045.59237
3185957633.72819
3184470986.68205
3182985103.84406
3181499984.60531
3180015628.35790
3178532034.49492
3177049202.41048
3175567131.49968
3174085821.15862
3172605270.78439
3171125479.77511
3169646447.52988
3168168173.44880
3166690656.93298
3165213897.38452
3163737894.20654
3162262646.80314
3160788154.57944
3159314416.94155
3157841433.29657
3156369203.05262
3154897725.61881
3153427000.40527
3151957026.82310
3150487804.28442
3149019332.20236
3147551609.99102
3146084637.06554
3144618412.84202
3143152936.73760
3141688208.17039
3140224226.55953
3138760991.32513
3137298501.88832
3135836757.67122
3134375758.09698
3132915502.58970
3131455990.57453
3129997221.47760
3128539194.72603
3127081909.74797
3125625365.97253
3124169562.82987
3122714499.75111
3121260176.16839
3119806591.51484
3118353745.22462
3116901636.73285
3115450265.47568
3113999630.89025
3112549732.41470
3111100569.48818
3109652141.55082
3108204448.04361
3106757488.40466
3105311262.07626
3103865768.50348
3102421007.13230
3100976977.40952
3099533678.78282
3098091110.70074
3096649272.61266
3095208163.96885
3093767784.22042
3092328132.81935
3090889209.21847
3089451012.87149
3088013543.23295
3086576799.75828
3085140781.90375
3083705489.12650
3082270920.88453
3080837076.63670
3079403955.84272
3077971557.96317
3076539882.45950
3075108928.79399
3073678696.42982
3072249184.83100
3070820393.46240
3069392321.78978
3067964969.27972
3066538335.39969
3065112419.61802
3063687221.40387
3062262740.22730
3060838975.55920
3059415926.87133
3057993593.63632
3056571975.32765
3055151071.41966
3053730881.38756
3052311404.70739
3050892640.85610
3049474589.31146
3048057249.55211
3046640621.05757
3045224703.30818
3043809495.78518
3042394997.97065
3040981209.34754
3039568129.39965
3038155757.61163
3036744093.46903
3035333136.45823
3033922886.06646
3032513341.78185
3031104503.09334
3029696369.49077
3028288940.46363
3026882215.49983
3025476194.09236
3024070875.73528
3022666259.92340
3021262346.15227
3019859133.91819
3018456622.71817
3017054812.04998
3015653701.41211
3014253290.30383
3012853578.22509
3011454564.67662
3010056249.15987
3008658631.17705
3007261710.23107
3005865485.82562
3004469957.46511
3003075124.65467
3001680986.90020
3000287543.70832
2998894794.58640
2997502739.04254
2996111376.58558
2994720706.72509
2993330728.97139
2991941442.83555
2990552847.82935
2989164943.46533
2987777729.25675
2986391204.71763
2985005369.36271
2983620222.70748
2982235764.26817
2980851993.56174
2979468910.10588
2978086513.41905
2976704803.02041
2975323778.42988
2973943439.16813
2972563784.75653
2971184814.71723
2969806528.57310
2968428925.84774
2967052006.06550
2965675768.75147
2964300213.43147
2962925339.63207
2961551146.88055
2960177634.70498
2958804802.63411
2957432650.19747
2956061176.92532
2954690382.34864
2953320265.99917
2951950827.40938
2950582066.11247
2949213981.64164
2947846573.52808
2946479841.30750
2945113784.51679
2943748402.69349
2942383695.37577
2941019662.10243
2939656302.41290
2938293615.84726
2936931601.94620
2935570260.25106
2934209590.30381
2932849591.64705
2931490263.82401
2930131606.37857
2928773618.85523
2927416300.79912
2926059651.75601
2924703671.27230
2923348358.89504
2921993714.17188
2920639736.65113
2919286425.88173
2917933781.41325
2916581802.79588
2915230489.58048
2913879841.31849
2912529857.56204
2911180537.86384
2909831881.77729
2908483888.85636
2907136558.65572
2905789890.73061
2904443884.63696
2903098539.93128
2901753856.17076
2900409832.91320
2899066469.71703
2897723766.14133
2896381721.74579
2895040336.09076
2893699608.73721
2892359539.24673
2891020127.18157
2889681372.10460
2888343273.57932
2887005831.16987
2885669044.44103
2884332912.95818
2882997436.28738
2881662613.99529
2880328445.64921
2878994930.81710
2877662069.06751
2876329859.96965
2874998303.09336
2873667398.00911
2872337144.28801
2871007541.50179
2869678589.22128
2868350287.01695
2867022634.46312
2865695631.13468
2864369276.60709
2863043570.45636
2861718512.25902
2860394101.59216
2859070338.03341
2857747221.16095
2856424750.55347
2855102925.79026
2853781746.45109
2852461212.11633
2851141322.36685
2849822076.78408
2848503474.95001
2847185516.44715
2845868200.85855
2844551527.76782
2843235496.75911
2841920107.41710
2840605359.32703
2839291252.07468
2837977785.24635
2836664958.42893
2835352771.20980
2834041223.17692
2832730313.91878
2831420043.02441
2830110410.08340
2828801414.68585
2827493056.42244
2826185334.88438
2824878249.66341
2823571800.35182
2822265986.54246
2820960807.82870
2819656263.80447
2818352354.06423
2817049078.20298
2815746435.81630
2814444426.50026
2813143049.85150
2811842305.46722
2810542192.94512
2809242711.88349
2807943861.88113
2806645642.53740
2805348053.45219
2804051094.22595
2802754764.45965
2801459063.75483
2800163991.71355
2798869547.93843
2797575732.03262
2796282543.59983
2794989982.24429
2793698047.57079
2792406739.18467
2791116056.69143
2789825999.69460
2788536567.80101
2787247760.61879
2785959577.75650
2784672018.82319
2783385083.42837
2782098771.18201
2780813081.69456
2779528014.57691
2778243569.44044
2776959745.89699
2775676543.55887
2774393962.03883
2773112000.95011
2771830659.90642
2770549938.52193
2769269836.41126
2767990353.18951
2766711488.47226
2765433241.87552
2764155613.01579
2762878601.51005
2761602206.97571
2760326429.03066
2759051267.29328
2757776721.38238
2756502790.91725
2755229475.51766
2753956774.80382
2752684688.39643
2751413215.91663
2750142356.98605
2748872111.22678
2747602478.26137
2746333457.71283
2745065049.20465
2743797252.36079
2742530066.80565
2741263492.16411
2739997528.06153
2738732174.12372
2737467429.97696
2736203295.24799
2734939769.56402
2733676852.55273
2732414543.84227
2731152843.06123
2729891749.83870
2728631263.80422
2727371384.58779
2726112111.81988
2724853445.13143
2723595384.15385
2722337928.51900
2721081077.85922
2719824831.80731
2718569189.99654
2717314152.06064
2716059717.63381
2714805886.35072
2713552657.84648
2712300031.75664
2711048007.71485
2709796585.35694
2708545764.32047
2707295544.24338
2706045924.76403
2704796905.52117
2703548486.15397
2702300666.30196
2701053445.60510
2699806823.70375
2698560800.23865
2697315374.85097
2696070547.18225
2694826316.87444
2693582683.56991
2692339646.91139
2691097206.54205
2689855362.10543
2688614113.24549
2687373459.60657
2686133400.83344
2684893936.57124
2683655066.46553
2682416790.16225
2681179107.30775
2679942017.54880
2678705520.53254
2677469615.90652
2676234303.31869
2674999582.41741
2673765452.85142
2672531914.26987
2671298966.32233
2670066608.65873
2668834840.92943
2667603662.78518
2666373073.87713
2665143073.85683
2663913662.37623
2662684839.08768
2661456603.64393
2660228955.69813
2659001894.90383
2657775420.91498
2656549533.38594
2655324231.97144
2654099516.32665
2652875386.10710
2651651840.96875
2650428880.56795
2649206504.56145
2647984712.60640
2646763504.36034
2645542879.48123
2644322837.62741
2643103378.45764
2641884501.63106
2640666206.80721
2639448493.64606
2638231361.80795
2637014810.95362
2635798840.74423
2634583450.84132
2633368640.90682
2632154410.60118
2630940759.58614
2629727687.52535
2628515194.08282
2627303278.92288
2626091941.71023
2624881182.10988
2623670999.78721
2622461394.40794
2621252365.63812
2620043913.14417
2618836036.59282
2617628735.65117
2616422009.98666
2615215859.26706
2614010283.16050
2612805281.33544
2611600853.46070
2610396999.20543
2609193718.23912
2607991010.23163
2606788874.85313
2605587311.77416
2604386320.66559
2603185901.19864
2601986053.04487
2600786775.87619
2599588069.36483
2598389933.18341
2597192367.00485
2595995370.50243
2594798943.34979
2593603085.22088
2592407795.79002
2591213074.73187
2590018921.72142
2588825336.43403
2587632318.54537
2586439867.73148
2585247983.66873
2584056666.03385
2582865914.50389
2581675728.75627
2580486108.46873
2579297053.31937
2578108562.98662
2576920637.14927
2575733275.48645
2574546477.67762
2573360243.40260
2572174572.34155
2570989464.17496
2569804918.58369
2568620935.24891
2567437513.85217
2566254654.07534
2565072355.60065
2563890618.11065
2562709441.28825
2561528824.81671
2560348768.37962
2559169271.66092
2557990334.34490
2556811956.11618
2555634136.65974
2554456875.66088
2553280172.80388
2552104027.77344
2550928440.25635
2549753409.93972
2548578936.51093
2547405019.65769
2546231659.06797
2545058854.43006
2543886605.43254
2542714911.76429
2541543773.11448
2540373189.17257
2539203159.62833
2538033684.17183
2536864762.49341
2535696394.28375
2534528579.23377
2533361317.03474
2532194607.37819
2531028449.95596
2529862844.46019
2528697790.58332
2527533288.01806
2526369336.45744
2525205935.59479
2524043085.12372
2522880784.73815
2521719034.13227
2520557833.00061
2519397181.03796
2518237077.93943
2517077523.40040
2515918517.11657
2514760058.78392
2513602148.09874
2512444784.75762
2511287968.45742
2510131698.89532
2508975975.76878
2507820798.77559
2506666167.61379
2505512081.98174
2504358541.57811
2503205546.10183
2502053095.25216
2500901188.72865
2499749826.23112
2498599007.45972
2497448732.11488
2496298999.89734
2495149810.50810
2494001163.64850
2492853059.02015
2491705496.32497
2490558475.26517
2489411995.54325
2488266056.86202
2487120658.92457
2485975801.43431
2484831484.09493
2483687706.61040
2482544468.68503
2481401770.02338
2480259610.33034
2479117989.31108
2477976906.67107
2476836362.11607
2475696355.35216
2474556886.08501
2473417954.01954
2472279558.86299
2471141700.32298
2470004378.10739
2468867591.92434
2467731341.48223
2466595626.48972
2465460446.65569
2464325801.68931
2463191691.29999
2462058115.19741
2460925073.09149
2459792564.69242
2458660589.71063
2457529147.85682
2456398238.84194
2455267862.37721
2454138018.17408
2453008705.94428
2451879925.39978
2450751676.25282
2449623958.21588
2448496771.00172
2447370114.32332
2446243987.89396
2445118391.42714
2443993324.63663
2442868787.23647
2441744778.94093
2440621299.46454
2439498348.52212
2438375925.82870
2437254031.09959
2436132664.05037
2435011824.39683
2433891511.85508
2432771726.14142
2431652466.97246
2430533734.06504
2429415527.13625
2428297845.90345
2427180690.08427
2426064059.39656
2424947953.55844
2423832372.28831
2422717315.30480
2421602782.32681
2420488773.07347
2419375287.26421
2418262324.61867
2417149884.85678
2416037967.69872
2414926572.86492
2413815700.07605
2412705349.05307
2411595519.51717
2410486211.18982
2409377423.79271
2408269157.04783
2407161410.67738
2406054184.40386
2404947477.95000
2403841291.03879
2402735623.39348
2401630474.73758
2400525844.79485
2399421733.28930
2398318139.94520
2397215064.48709
2396112506.63973
2395010466.12663
2393908942.67253
2392807936.00334
2391707445.84517
2390607471.92438
2389508013.96754
2388409071.70144
2387310644.85311
2386212733.14977
2385115336.31889
2384018454.08816
2382922086.18548
2381826232.33897
2380730892.27700
2379636065.72812
2378541752.42114
2377447952.08508
2376354664.44917
2375261889.24287
2374169626.19588
2373077875.03810
2371986635.49966
2370895907.31091
2369805690.20242
2368715983.90499
2367626788.14965
2366538102.66762
2365449927.19039
2364362261.44962
2363275105.17724
2362188458.10536
2361102319.96636
2360016690.49279
2358931569.41746
2357846956.47339
2356762851.39382
2355679253.91222
2354596163.76227
2353513580.67788
2352431504.39320
2351349934.64256
2350268871.16055
2349188313.68197
2348108261.94183
2347028715.67539
2345949674.61811
2344871138.50568
2343793107.07400
2342715580.05922
2341638557.19769
2340562038.22599
2339486022.88091
2338410510.89949
2337335502.01896
2336260995.97679
2335186992.51068
2334113491.35854
2333040492.25849
2331967994.94891
2330895999.16836
2329824504.65566
2328753511.14982
2327683018.39009
2326613026.11594
2325543534.06707
2324474541.98338
2323406049.60501
2322338056.67233
2321270562.92590
2320203568.10654
2319137071.95528
2318071074.21335
2317005574.62219
2315940572.92210
2314876068.85453
2313812062.16193
2312748552.58693
2311685539.87236
2310623023.76127
2309561003.99686
2308499480.32256
2307438452.48197
2306377920.21890
2305317883.27735
2304258341.40151
2303199294.33576
2302140741.82468
2301082683.61306
2300025119.44585
2298968049.06821
2297911472.22551
2296855388.66329
2295799798.12730
2294744700.36347
2293690095.11794
2292635982.13703
2291582361.16726
2290529231.95534
2289476594.24818
2288424447.79288
2287372792.33675
2286321627.62726
2285270953.41210
2284220769.43914
2283171075.45647
2282121871.21234
2281073156.45521
2280024930.93373
2278977194.39676
2277929946.59334
2276883187.27269
2275836916.18425
2274791133.07764
2273745837.70267
2272701029.80936
2271656709.14792
2270612875.46874
2269569528.52241
2268526668.05972
2267484293.83165
2266442405.58938
2265401003.08427
2264360086.06789
2263319654.29199
2262279707.50853
2261240245.46964
2260201267.92767
2259162774.63515
2258124765.34480
2257087239.80954
2256050197.78250
2255013639.01697
2253977563.26646
2252941970.28467
2251906859.82548
2250872231.64298
2249838085.49145
2248804421.12536
2247771238.29937
2246738536.76835
2245706316.28735
2244674576.61161
2243643317.49658
2242612538.69790
2241582239.97138
2240552421.07307
2239523081.75917
2238494221.78610
2237465840.91009
2236437938.88660
2235410515.47273
2234383570.42594
2233357103.50385
2232331114.46425
2231305603.06509
2230280569.06451
2229256012.22081
2228231932.29245
2227208329.03808
2226185202.21652
2225162551.58673
2224140376.90787
2223118677.93926
2222097454.44040
2221076706.17095
2220056432.89073
2219036634.35974
2218017310.33817
2216998460.58635
2215980084.86480
2214962182.93419
2213944754.55538
2212927799.48939
2211911317.49741
2210895308.34081
2209879771.78113
2208864707.58005
2207850115.49946
2206835995.30141
2205822346.74809
2204809169.60190
2203796463.62540
2202784228.58129
2201772464.23249
2200761170.34205
2199750346.67321
2198739992.98937
2197730109.05411
2196720694.63117
2195711749.48446
2194703273.37808
2193695266.07627
2192687727.34347
2191680656.94427
2190674054.64342
2189667920.20588
2188662253.39675
2187657053.98129
2186652321.72496
2185648056.39338
2184644257.75233
2183640925.56776
2182638059.60581
2181635659.63277
2180633725.41511
2179632256.71946
2178631253.31264
2177630714.96162
2176630641.43354
2175631032.49573
2174631887.91567
2173633207.46103
2172634990.89962
2171637237.99946
2170639948.52870
2169643122.25568
2168646758.94892
2167650858.37709
2166655420.30905
2165660444.51380
2164665930.76055
2163671878.81864
2162678288.45762
2161685159.44717
2160692491.55718
2159700284.55767
2158708538.21881
2157717252.30980
2156726426.60088
2155736060.86302
2154746154.86731
2153756708.38502
2152767721.18756
2151779193.04649
2150791123.73352
2149803513.02051
2148816360.67947
2147829666.48256
2146843430.20210
2145857651.61055
2144872330.48051
2143887466.58474
2142903059.69617
2141919109.58785
2140935616.03299
2139952578.80496
2138969997.67727
2137987872.42358
2137006202.81771
2136024988.63361
2135044229.64541
2134063925.62736
2133084076.35388
2132104681.59953
2131125741.13903
2130147254.74724
2129169222.19917
2128191643.27000
2127214517.73502
2126237845.36972
2125261625.94971
2124285859.25074
2123310545.04875
2122335683.11978
2121361273.24006
2120387315.18596
2119413808.73398
2118440753.66080
2117468149.74324
2116495996.75826
2115524294.48297
2114553042.69465
2113582241.17071
2112611889.68872
2111641988.02640
2110672535.96161
2109703533.27238
2108734979.73687
2107766875.13340
2106799219.24044
2105832011.83661
2104865252.70068
2103898941.61156
2102933078.34833
2101967662.69021
2101002694.41656
2100038173.30691
2099074099.14092
2098110471.69842
2097147290.75938
2096184556.10392
2095222267.51230
2094260424.76496
2093299027.64245
2092338075.92551
2091377569.39501
2090417507.83196
2089457891.01754
2088498718.73307
2087539990.76003
2086581706.88003
2085623866.87485
2084666470.52641
2083709517.61679
2082753007.92821
2081796941.24303
2080841317.34380
2079886136.01318
2078931397.03338
2077977100.18653
2077023245.25594
2076069832.02510
2075116860.27760
2074164329.79720
2073212240.36776
2072260591.77330
2071309383.79795
2070358616.22599
2069408288.84184
2068458401.43002
2067508953.77523
2066559945.66226
2065611376.87607
2064663247.20172
2063715556.42443
2062768304.32954
2061821490.70252
2060875115.32899
2059929177.99469
2058983678.48550
2058038616.58743
2057093992.08662
2056149804.76935
2055206054.42202
2054262740.83120
2053319863.78354
2052377423.06587
2051435418.46513
2050493849.76839
2049552716.76287
2048612019.23592
2047671756.97501
2046731929.76775
2045792537.40190
2044853579.66532
2043915056.34604
2042976967.23219
2042039312.11207
2041102090.77407
2040165303.00675
2039228948.59879
2038293027.33900
2037357539.01633
2036422483.41985
2035487860.33879
2034553669.56248
2033619910.88042
2032686584.08221
2031753688.95760
2030821225.29647
2029889192.88885
2028957591.52486
2028026420.99481
2027095681.08910
2026165371.59828
2025235492.31303
2024306043.02417
2023377023.52265
2022448433.59955
2021520273.04608
2020592541.65360
2019665239.21359
2018738365.51766
2017811920.35757
2016885903.52519
2015960314.81255
2015035154.01179
2014110420.91520
2013186115.31520
2012262237.00433
2011338785.77529
2010415761.42087
2009493163.73405
2008570992.50790
2007649247.53565
2006727928.61063
2005807035.52634
2004886568.07640
2003966526.05456
2003046909.25470
2002127717.47084
2001208950.49713
2000290608.12781
1999372690.15632
1998455196.37695
1997538126.58459
1996621480.57422
1995705258.14096
1994789459.08003
1993874083.18679
1992959130.25670
1992044600.08535
1991130492.46845
1990216807.20182
1989303544.08142
1988390702.90330
1987478283.46365
1986566285.55878
1985654708.98512
1984743553.53919
1983832819.01768
1982922505.21735
1982012611.93511
1981103138.96799
1980194086.11313
1979285453.16778
1978377239.92932
1977469446.19526
1976562071.76320
1975655116.43090
1974748579.99621
1973842462.25710
1972936763.01167
1972031482.05814
1971126619.19485
1970222174.22024
1969318146.93289
1968414537.13150
1967511344.61488
1966608569.18195
1965706210.63178
1964804268.76354
1963902743.37651
1963001634.27011
1962100941.24386
1961200664.09742
1960300802.63056
1959401356.64315
1958502325.93522
1957603710.30688
1956705509.55839
1955807723.49011
1954910351.90252
1954013394.59624
1953116851.37197
1952220722.03058
1951325006.37302
1950429704.20037
1949534815.31384
1948640339.51475
1947746276.60454
1946852626.38477
1945959388.65711
1945066563.22338
1944174149.88549
1943282148.44547
1942390558.70549
1941499380.46782
1940608613.53486
1939718257.70912
1938828312.79324
1937938778.58998
1937049654.90221
1936160941.53292
1935272638.28523
1934384744.96237
1933497261.36769
1932610187.30467
1931723522.57689
1930837266.98807
1929951420.34203
1929065982.44273
1928180953.09424
1927296332.10074
1926412119.26654
1925528314.39607
1924644917.29387
1923761927.76462
1922879345.61309
1921997170.64419
1921115402.66294
1920234041.47364
1919353086.88120
1918472538.69118
1917592396.70922
1916712660.74109
1915833330.59267
1914954406.06992
1914075886.97894
1913197773.12592
1912320064.31716
1911442760.35907
1910565861.05816
1909689366.22107
1908813275.65452
1907937589.16535
1907062306.56051
1906187427.64706
1905312952.23215
1904438880.12306
1903565211.12716
1902691945.05195
1901819081.70501
1900946620.89404
1900074562.42686
1899202906.11137
1898331651.75561
1897460799.16770
1896590348.15589
1895720298.52852
1894850650.09404
1893981402.66102
1893112556.03812
1892244110.03413
1891376064.45793
1890508419.11851
1889641173.82498
1888774328.38653
1887907882.61249
1887041836.31228
1886176189.29542
1885310941.37157
1884446092.35046
1883581642.04196
1882717590.25601
1881853936.80269
1880990681.49218
1880127824.13476
1879265364.54083
1878403302.52088
1877541637.88552
1876680370.44547
1875819500.01154
1874959026.39468
1874098949.40591
1873239268.85639
1872379984.55737
1871521096.32020
1870662603.95636
1869804507.27743
1868946806.09508
1868089500.22112
1867232589.46743
1866376073.64603
1865519952.56903
1864664226.04865
1863808893.89723
1862953955.92720
1862099411.95110
1861245261.78160
1860391505.23144
1859538142.11351
1858685172.24077
1857832595.42630
1856980411.48331
1856128620.22508
1855277221.46503
1854426215.01667
1853575600.69362
1852725378.30961
1851875547.67848
1851026108.61417
1850177060.93074
1849328404.44235
1848480138.96325
1847632264.30784
1846784780.29059
1845937686.72609
1845090983.42905
1844244670.21426
1843398746.89664
1842553213.29122
1841708069.21308
1840863314.47662
1840018948.89696
1839174972.28968
1838331384.47050
1837488185.25519
1836645374.45966
1835802951.89988
1834960917.39195
1834119270.75204
1833278011.79643
1832437140.34152
1831596656.20376
1830756559.19974
1829916849.14613
1829077525.85970
1828238589.15730
1827400038.85592
1826561874.77260
1825724096.72452
1824886704.52892
1824049698.00316
1823213076.96470
1822376841.23109
1821540990.61997
1820705524.94909
1819870444.03630
1819035747.69953
1818201435.75683
1817367508.02633
1816533964.32627
1815700804.47497
1814868028.29088
1814035635.59250
1813203626.19848
1812371999.92754
1811540756.59848
1810709896.03024
1809879418.04183
1809049322.45236
1808219609.08105
1807390277.74719
1806561328.27021
1805732760.46959
1804904574.16496
1804076769.17599
1803249345.32250
1802422302.42438
1801595640.30162
1800769358.77430
1799943457.66263
1799117936.78688
1798292795.96744
1797468035.02478
1796643653.77950
1795819652.05225
1794996029.66383
1794172786.43510
1793349922.18702
1792527436.74068
1791705329.91722
1790883601.53792
1790062251.42413
1789241279.39732
1788420685.27904
1787600468.89093
1786780630.05476
1785961168.59237
1785142084.32571
1784323377.07682
1783505046.66784
1782687092.92102
1781869515.65869
1781052314.70328
1780235489.87733
1779419041.00346
1778602967.90441
1777787270.40300
1776971948.32216
1776157001.48490
1775342429.71434
1774528232.83370
1773714410.66630
1772900963.03554
1772087889.76494
1771275190.67810
1770462865.59872
1769650914.35061
1768839336.75767
1768028132.64389
1767217301.83338
1766406844.15032
1765596759.41901
1764787047.46383
1763977708.10927
1763168741.17991
1762360146.50041
1761551923.89478
1760744073.18764
1759936594.20408
1759129486.76930
1758322750.70859
1757516385.84731
1756710392.01092
1755904769.02499
1755099516.71513
1754294634.90709
1753490123.42668
1752685982.09980
1751882210.75246
1751078809.21073
1750275777.30080
1749473114.84891
1748670821.68144
1747868897.62482
1747067342.50557
1746266156.15033
1745465338.38579
1744664889.03877
1743864807.93613
1743065094.90487
1742265749.77205
1741466772.36482
1740668162.51043
1739869920.03621
1739072044.76958
1738274536.53806
1737477395.16925
1736680620.49083
1735884212.33059
1735088170.51640
1734292494.87620
1733497185.23806
1732702241.43011
1731907663.28057
1731113450.61775
1730319603.27007
1729526121.06601
1728733003.83415
1727940251.40317
1727147863.60183
1726355840.25897
1725564181.20354
1724772886.26457
1723981955.27117
1723191388.05254
1722401184.43799
1721611344.25690
1720821867.33874
1720032753.51307
1719244002.60955
1718455614.45793
1717667588.88802
1716879925.72975
1716092624.81313
1715305685.96826
1714519109.02533
1713732893.81460
1712947040.16646
1712161547.91135
1711376416.87981
1710591646.90249
1709807237.81009
1709023189.43345
1708239501.60345
1707456174.15108
1706673206.90743
1705890599.70367
1705108352.37105
1704326464.74091
1703544936.64470
1702763767.91394
1701982958.38025
1701202507.87532
1700422416.23095
1699642683.27903
1698863308.85152
1698084292.78049
1697305634.89808
1696527335.03654
1695749393.02818
1694971808.70543
1694194581.90080
1693417712.44688
1692641200.17635
1691865044.92200
1691089246.51667
1690313804.79333
1689538719.58501
1688763990.72485
1687989618.04606
1687215601.38196
1686441940.56595
1685668635.43150
1684895685.81220
1684123091.54172
1683350852.45380
1682578968.38205
1681807439.15963
1681036264.62061
1680265444.59921
1679494978.92974
1678724867.44660
1677955109.98424
1677185706.37722
1676416656.46018
1675647960.06783
1674879617.03496
1674111627.19647
1673343990.38730
1672576706.44251
1671809775.19721
1671043196.48662
1670276970.14602
1669511096.01079
1668745573.91637
1667980403.69830
1667215585.19220
1666451118.23377
1665687002.65878
1664923238.30310
1664159825.00267
1663396762.59352
1662634050.91175
1661871689.79356
1661109679.07521
1660348018.59307
1659586708.18355
1658825747.68319
1658065136.92858
1657304875.75640
1656544964.00342
1655785401.50647
1655026188.10249
1654267323.62848
1653508807.92153
1652750640.81882
1651992822.15760
1651235351.77520
1650478229.50905
1649721455.19663
1648965028.67554
1648208949.78344
1647453218.35807
1646697834.23725
1645942797.25891
1645188107.26102
1644433764.08167
1643679767.55900
1642926117.53125
1642172813.83674
1641419856.31388
1640667244.80113
1639914979.13708
1639163059.16035
1638411484.70969
1637660255.62389
1636909371.74186
1636158832.90256
1635408638.94505
1634658789.70847
1633909285.03203
1633160124.75504
1632411308.71688
1631662836.75701
1630914708.71498
1630166924.43042
1629419483.74304
1628672386.49263
1627925632.51907
1627179221.66230
1626433153.76238
1625687428.65941
1624942046.19360
1624197006.20523
1623452308.53468
1622707953.02237
1621963939.50885
1621220267.83473
1620476937.84069
1619733949.36751
1618991302.25606
1618248996.34726
1617507031.48214
1616765407.50179
1616024124.24741
1615283181.56026
1614542579.28169
1613802317.25312
1613062395.31607
1612322813.31213
1611583571.08298
1610844668.47037
1610106105.31615
1609367881.46222
1608629996.75061
1607892451.02338
1607155244.12272
1606418375.89085
1605681846.17013
1604945654.80295
1604209801.63182
1603474286.49928
1602739109.24732
1602004269.71836
1601269767.75533
1600535603.20124
1599801775.89916
1599068285.69225
1598335132.42374
1597602315.93692
1596869836.07518
1596137692.68198
1595405885.60085
1594674414.67539
1593943279.74928
1593212480.66629
1592482017.27024
1591751889.40504
1591022096.91469
1590292639.64322
1589563517.43480
1588834730.13361
1588106277.58396
1587378159.63019
1586650376.11676
1585922926.88816
1585195811.78899
1584469030.66392
1583742583.35768
1583016469.71508
1582290689.58102
1581565242.80046
1580840129.21844
1580115348.68009
1579390901.03059
1578666786.11520
1577943003.77928
1577219553.86824
1576496436.22758
1575773650.70287
1575051197.13974
1574329075.38393
1573607285.28123
1572885826.67750
1572164699.41871
1571443903.35086
1570723438.32007
1570003304.17249
1569283500.75439
1568564027.91209
1567844885.49198
1567126073.34055
1566407591.30434
1565689439.22999
1564971616.96418
1564254124.35372
1563536961.24543
1562820127.48626
1562103622.92322
1561387447.40337
1560671600.77387
1559956082.88196
1559240893.57495
1558526032.70021
1557811500.10520
1557097295.63745
1556383419.14458
1555669870.47427
1554956649.47428
1554243755.99244
1553531189.87666
1552818950.97493
1552107039.13532
1551395454.20595
1550684196.03504
1549973264.47089
1549262659.36184
1548552380.55635
1547842427.90293
1547132801.25016
1546423500.44672
1545714525.34134
1545005875.78284
1544297551.62012
1543589552.70214
1542881878.87794
1542174529.99665
1541467505.90746
1540760806.45963
1540054431.50252
1539348380.88554
1538642654.45819
1537937252.07004
1537232173.57075
1536527418.81002
1535822987.63767
1535118879.90357
1534415095.45765
1533711634.14996
1533008495.83059
1532305680.34972
1531603187.55759
1530901017.30454
1530199169.44097
1529497643.81735
1528796440.28424
1528095558.69227
1527394998.89214
1526694760.73463
1525994844.07061
1525295248.75099
1524595974.62679
1523897021.54905
1523198389.36818
1522500077.93519
1521802087.10150
1521104416.71857
1520407066.63794
1519710036.71125
1519013326.79016
1518316936.72643
1517620866.37189
1516925115.57843
1516229684.19801
1515534572.08267
1514839779.08452
1514145305.05571
1513451149.84850
1512757313.31521
1512063795.30821
1511370595.67995
1510677714.28297
1509985150.96984
1509292905.59325
1508600978.00591
1507909368.06063
1507218075.61028
1506527100.50781
1505836442.60623
1505146101.75861
1504456077.81812
1503766370.63796
1503076980.07145
1502387905.97193
1501699148.19283
1501010706.58767
1500322581.01000
1499634771.31348
1498947277.35180
1498260098.97877
1497573236.04821
1496886688.41406
1496200455.93030
1495514538.45101
1494828935.83029
1494143647.92236
1493458674.58149
1492774015.66202
1492089671.01835
1491405640.50497
1490721923.97643
1490038521.28734
1489355432.29239
1488672656.84635
1487990194.80405
1487308046.02037
1486626210.35030
1485944687.64887
1485263477.77119
1484582580.57244
1483901995.90786
1483221723.63278
1482541763.60259
1481862115.67274
1481182779.69876
1480503755.53624
1479825043.04087
1479146642.06836
1478468552.47455
1477790774.11529
1477113306.84653
1476436150.52431
1475759305.00469
1475082770.14384
1474406545.79800
1473730631.82344
1473055028.07655
1472379734.41375
1471704750.69155
1471030076.76654
1470355712.49535
1469681657.73471
1469007912.34139
1468334476.17226
1467661349.08425
1466988530.93434
1466316021.57960
1465643820.87717
1464971928.68426
1464300344.85813
1463629069.25614
1462958101.73571
1462287442.15430
1461617090.36949
1460947046.23890
1460277309.62021
1459607880.37120
1458938758.34970
1458269943.41361
1457601435.42091
1456933234.22965
1456265339.69793
1455597751.68394
1454930470.04594
1454263494.64224
1453596825.33125
1452930461.97143
1452264404.42130
1451598652.53948
1450933206.18463
1450268065.21550
1449603229.49091
1448938698.86973
1448274473.21091
1447610552.37349
1446946936.21656
1446283624.59927
1445620617.38085
1444957914.42062
1444295515.57783
1443633420.71110
1442971629.67988
1442310142.34382
1441648958.56266
1440988078.19620
1440327501.10431
1439667227.14692
1439007256.18401
1438347588.07566
1437688222.68198
1437029159.86315
1436370399.47945
1435711941.39117
1435053785.45872
1434395931.54252
1433738379.50311
1433081129.20105
1432424180.49699
1431767533.25163
1431111187.32575
1430455142.58019
1429799398.87584
1429143956.07368
1428488814.03473
1427833972.62009
1427179431.69093
1426525191.10847
1425871250.73400
1425217610.42888
1424564270.05452
1423911229.47242
1423258488.54413
1422606047.13125
1421953905.09547
1421302062.29854
1420650518.60226
1419999273.86852
1419348327.95924
1418697680.73644
1418047332.06218
1417397281.79860
1416747529.80789
1416098075.95233
1415448920.09424
1414800062.09600
1414151501.82009
1413503239.12903
1412855273.88540
1412207605.95185
1411560235.19111
1410913161.46596
1410266384.63924
1409619904.57386
1408973721.13282
1408327834.17913
1407682243.57592
1407036949.18636
1406391950.87368
1405747248.50118
1405102841.93223
1404458731.03026
1403814915.65877
1403171395.68131
1402528170.96152
1401885241.36309
1401242606.74976
1400600266.98537
1399958221.93379
1399316471.45897
1398675015.42494
1398033853.69577
1397392986.13560
1396752412.60864
1396112132.97918
1395472147.11154
1394832454.87014
1394193056.11943
1393553950.72396
1392915138.54832
1392276619.45718
1391638393.31526
1391000459.98736
1390362819.33834
1389725471.23312
1389088415.53668
1388451652.11408
1387815180.83043
1387179001.55093
1386543114.14081
1385907518.46538
1385272214.39004
1384637201.78020
1384002480.50139
1383368050.41917
1382733911.39919
1382100063.30713
1381466506.00877
1380833239.36994
1380200263.25653
1379567577.53450
1378935182.06988
1378303076.72877
1377671261.37730
1377039735.88171
1376408500.10828
1375777553.92335
1375146897.19335
1374516529.78475
1373886451.56409
1373256662.39799
1372627162.15312
1371997950.69622
1371369027.89408
1370740393.61359
1370112047.72166
1369483990.08531
1368856220.57159
1368228739.04763
1367601545.38063
1366974639.43783
1366348021.08657
1365721690.19423
1365095646.62822
1364469890.25529
1363844420.94277
1363219238.55838
1362594342.96992
1361969734.04523
1361345411.65223
1360721375.65890
1360097625.93325
1359474162.34338
1358850984.75745
1358228093.04366
1357605487.07030
1356983166.70568
1356361131.81821
1355739382.27634
1355117917.94858
1354496738.70350
1353875844.40974
1353255234.93600
1352634910.15102
1352014869.92363
1351395114.12270
1350775642.61716
1350156455.27600
1349537551.96830
1348918932.56315
1348300596.92975
1347682544.93731
1347064776.45515
1346447291.35262
1345830089.49914
1345213170.76417
1344596535.01728
1343980182.12804
1343364111.96612
1342748324.40124
1342132819.30317
1341517596.54176
1340902655.98691
1340287997.50858
1339673620.97678
1339059526.26159
1338445713.23317
1337832181.76170
1337218931.71745
1336605962.97075
1335993275.39196
1335380868.85155
1334768743.22000
1334156898.36787
1333545334.16581
1332934050.48447
1332323047.19462
1331712324.16705
1331101881.27263
1330491718.38227
1329881835.36698
1329272232.09778
1328662908.44579
1328053864.28216
1327445099.47814
1326836613.90499
1326228407.43408
1325620479.93679
1325012831.28461
1324405461.34905
1323798370.00171
1323191557.11423
1322585022.55832
1321978766.20575
1321372787.92834
1320767087.59798
1320161665.08663
1319556520.26629
1318951653.00903
1318347063.18698
1317742750.67233
1317138715.33733
1316534957.05429
1315931475.69558
1315328271.13363
1314725343.24094
1314122691.89004
1313520316.95357
1312918218.30418
1312316395.81461
1311714849.35765
1311113578.80616
1310512584.03304
1309911864.91128
1309311421.31390
1308711253.11400
1308111360.18473
1307511742.39930
1306912399.63100
1306313331.75315
1305714538.63915
1305116020.16246
1304517776.19659
1303919806.61512
1303322111.29168
1302724690.09997
1302127542.91374
1301530669.60682
1300934070.05309
1300337744.12646
1299741691.70096
1299145912.65063
1298550406.84959
1297955174.17202
1297360214.49216
1296765527.68431
1296171113.62282
1295576972.18213
1294983103.23670
1294389506.66108
1293796182.32986
1293203130.11772
1292610349.89936
1292017841.54957
1291425604.94320
1290833639.95514
1290241946.46035
1289650524.33386
1289059373.45075
1288468493.68617
1287877884.91531
1287287547.01344
1286697479.85588
1286107683.31796
1285518157.27430
1284928901.60018
1284339916.17125
1283751200.86320
1283162755.55179
1282574580.11284
1281986674.42220
1281399038.35581
1280811671.78964
1280224574.59973
1279637746.66216
1279051187.85310
1278464898.04873
1277878877.12533
1277293124.95920
1276707641.42672
1276122426.40432
1275537479.76847
1274952801.39573
1274368391.16268
1273784248.94598
1273200374.62233
1272616768.06850
1272033429.16131
1271450357.77764
1270867553.79442
1270285017.08864
1269702747.53733
1269120745.01761
1268539009.40662
1267957540.58158
1267376338.41976
1266795402.79849
1266214733.59513
1265634330.68714
1265054193.95200
1264474323.26726
1263894718.51053
1263315379.55946
1262736306.29178
1262157498.58525
1261578956.31771
1261000679.36704
1260422667.61118
1259844920.92813
1259267439.19594
1258690222.29272
1258113270.09663
1257536582.48590
1256960159.33881
1256384000.53368
1255808105.94891
1255232475.46294
1254657108.95427
1254082006.30147
1253507167.38313
1252932592.07795
1252358280.26463
1251784231.82196
1251210446.62878
1250636924.56398
1250063665.50651
1249490669.33538
1248917935.92965
1248345465.16843
1247773256.93091
1247201311.09631
1246629627.54391
1246058206.15307
1245487046.80317
1244916149.37367
1244345513.74408
1243775139.79397
1243205027.40296
1242635176.45072
1242065586.81700
1241496258.38158
1240927191.02431
1240358384.62510
1239789839.06389
1239221554.22070
1238653529.97561
1238085766.20874
1237518262.80028
1236951019.63046
1236384036.57957
1235817313.52798
1235250850.35608
1234684646.94433
1234118703.17327
1233553018.92345
1232987594.07552
1232422428.51016
1231857522.10811
1231292874.75017
1230728486.31720
1230164356.69011
1229600485.74986
1229036873.37748
1228473519.45405
1227910423.86071
1227347586.47863
1226785007.18908
1226222685.87336
1225660622.41282
1225098816.68888
1224537268.58302
1223975977.97675
1223414944.75167
1222854168.78941
1222293649.97167
1221733388.18020
1221173383.29681
1220613635.20337
1220054143.78178
1219494908.91404
1218935930.48216
1218377208.36825
1217818742.45443
1217260532.62292
1216702578.75597
1216144880.73590
1215587438.44506
1215030251.76588
1214473320.58085
1213916644.77250
1213360224.22343
1212804058.81627
1212248148.43374
1211692492.95860
1211137092.27366
1210581946.26180
1210027054.80595
1209472417.78908
1208918035.09424
1208363906.60453
1207810032.20288
1207256411.77163
1206703045.19402
1206149932.35345
1205597073.13337
1205044467.41727
1204492115.08871
1203940016.03128
1203388170.12864
1202836577.26450
1202285237.32261
1201734150.18679
1201183315.74090
1200632733.86886
1200082404.45463
1199532327.38222
1198982502.53572
1198432929.79925
1197883609.05697
1197334540.19313
1196785723.09199
1196237157.63789
1195688843.71522
1195140781.20841
1194592970.00195
1194045409.98038
1193498101.02829
1192951043.03033
1192404235.87120
1191857679.43563
1191311373.60844
1190765318.27448
1190219513.31865
1189673958.62591
1189128654.08127
1188583599.56979
1188038794.97659
1187494240.18683
1186949935.08572
1186405879.55855
1185862073.49063
1185318516.76733
1184775209.27408
1184232150.89637
1183689341.51972
1183146781.02971
1182604469.31199
1182062406.25223
1181520591.73617
1180979025.64962
1180437707.87840
1179896638.30842
1179355816.82563
1178815243.31602
1178274917.66565
1177734839.76061
1177195009.48708
1176655426.73124
1176116091.37938
1175577003.31779
1175038162.43285
1174499568.61096
1173961221.73860
1173423121.70230
1172885268.38861
1172347661.68418
1171810301.47567
1171273187.64981
1170736320.09339
1170199698.69325
1169663323.33626
1169127193.90936
1168591310.29955
1168055672.39387
1167520280.07940
1166985133.24331
1166450231.77278
1165915575.55507
1165381164.47748
1164846998.42737
1164313077.29214
1163779400.95925
1163245969.31621
1162712782.25060
1162179839.65001
1161647141.40212
1161114687.39466
1160582477.51538
1160050511.65213
1159518789.69276
1158987311.52522
1158456077.03747
1157925086.11757
1157394338.65357
1156863834.53364
1156333573.64595
1155803555.87875
1155273781.12032
1154744249.25902
1154214960.18324
1153685913.78143
1153157109.94209
1152628548.55378
1152100229.50510
1151572152.68472
1151044317.98133
1150516725.28371
1149989374.48067
1149462265.46106
1148935398.11383
1148408772.32792
1147882387.99238
1147356244.99626
1146830343.22870
1146304682.57888
1145779262.93603
1145254084.18943
1144729146.22843
1144204448.94239
1143679992.22078
1143155775.95307
1142631800.02881
1142108064.33761
1141584568.76910
1141061313.21298
1140538297.55902
1140015521.69701
1139492985.51682
1138970688.90834
1138448631.76155
1137926813.96645
1137405235.41311
1136883895.99165
1136362795.59223
1135841934.10509
1135321311.42049
1134800927.42875
1134280782.02027
1133760875.08546
1133241206.51481
1132721776.19885
1132202584.02818
1131683629.89342
1131164913.68489
1130646435.29256
1130128194.60729
1129610191.51999
1129092425.92162
1128574897.70319
1128057606.75576
1127540552.97044
1127023736.23839
1126507156.45080
1125990813.49894
1125474707.27410
1124958837.66765
1124443204.57096
1123927807.87550
1123412647.47275
1122897723.25427
1122383035.11164
1121868582.93651
1121354366.62056
1120840386.05554
1120326641.13322
1119813131.74546
1119299857.78412
1118786819.14114
1118274015.70851
1117761447.37824
1117249114.04242
1116737015.59318
1116225151.92269
1115713522.92316
1115202128.48688
1114690968.50617
1114180042.87338
1113669351.48094
1113158894.22131
1112648670.98702
1112138681.67061
1111628926.16469
1111119404.36194
1110610116.15506
1110101061.43679
1109592240.09996
1109083652.03740
1108575297.14203
1108067175.30679
1107559286.42468
1107051630.38875
1106544207.09208
1106037016.42784
1105530058.28921
1105023332.56942
1104516839.16178
1104010577.95961
1103504548.85630
1102998751.74530
1102493186.52007
1101987853.07416
1101482751.30114
1100977881.09465
1100473242.34835
1099968834.95598
1099464658.81131
1098960713.80816
1098456999.84040
1097953516.80195
1097450264.58679
1096947243.08892
1096444452.20241
1095941891.82138
1095439561.83999
1094937462.15244
1094435592.65300
1093933953.23597
1093432543.79571
1092931364.22663
1092430414.42317
1091929694.27984
1091429203.69119
1090928942.55181
1090428910.75636
1089929108.19952
1089429534.77604
1088930190.38072
1088431074.90839
1087932188.25394
1087433530.31231
1086935100.97849
1086436900.14751
1085938927.71446
1085441183.57445
1084943667.62269
1084446379.75438
1083949319.86482
1083452487.84932
1082955883.60326
1082459507.02207
1081963358.00120
1081467436.43619
1080971742.22259
1080476275.25603
1079981035.43217
1079486022.64673
1078991236.79545
1078496677.77417
1078002345.47872
1077508239.80503
1077014360.64904
1076520707.90676
1076027281.47424
1075534081.24759
1075041107.12295
1074548358.99652
1074055836.76454
1073563540.32332
1073071469.56919
1072579624.39855
1072088004.70783
1071596610.39353
1071105441.35218
1070614497.48038
1070123778.67474
1069633284.83196
1069143015.84876
1068652971.62193
1068163152.04830
1067673557.02473
1067184186.44816
1066695040.21556
1066206118.22395
1065717420.37040
1065228946.55203
1064740696.66600
1064252670.60954
1063764868.27991
1063277289.57442
1062789934.39043
1062302802.62535
1061815894.17664
1061329208.94181
1060842746.81841
1060356507.70404
1059870491.49636
1059384698.09307
1058899127.39191
1058413779.29069
1057928653.68725
1057443750.47943
1056959069.56436
1056474610.83980
1055990374.20386
1055506359.55469
1055022566.79048
1054538995.80947
1054055646.50994
1053572518.79023
1053089612.54869
1052606927.68376
1052124464.09389
1051642221.67760
1051160200.33344
1050678399.96000
1050196820.45593
1049715461.71992
1049234323.65070
1048753406.14706
1048272709.10781
1047792232.43183
1047311976.01802
1046831939.76536
1046352123.57284
1045872527.33951
1045393150.96448
1044913994.34687
1044435057.38587
1043956339.98072
1043477842.03068
1042999563.43508
1042521504.09329
1042043663.90471
1041566042.76880
1041088640.58505
1040611457.25303
1040134492.67231
1039657746.74253
1039181219.36338
1038704910.43457
1038228819.85589
1037752947.52714
1037277293.34819
1036801857.21894
1036326639.03935
1035851638.70941
1035376856.12917
1034902291.19870
1034427943.81815
1033953813.88768
1033479901.30753
1033006205.97796
1032532727.79927
1032059466.67184
1031586422.49605
1031113595.17236
1030640984.60126
1030168590.68329
1029696413.31903
1029224452.40911
1028752707.85420
1028281179.55502
1027809867.41233
1027338771.32694
1026867891.19971
1026397226.93153
1025926778.42334
1025456545.57614
1024986528.29096
1024516726.46887
1024047140.01101
1023577768.81853
1023108612.79266
1022639671.83465
1022170945.84581
1021702434.72748
1021234138.38107
1020766056.70800
1020298189.60977
1019830536.98790
1019363098.74398
1018895874.77961
1018428864.99646
1017962069.29625
1017495487.58073
1017029119.75170
1016562965.71100
1016097025.36053
1015631298.60222
1015165785.33805
1014700485.47004
1014235398.90028
1013770525.53086
1013305865.26397
1012841418.00179
1012377183.64658
1011913162.10064
1011449353.26631
1010985757.04598
1010522373.34207
1010059202.05706
1009596243.09348
1009133496.35390
1008670961.74091
1008208639.15719
1007746528.50543
1007284629.68838
1006822942.60883
1006361467.16963
1005900203.27364
1005439150.82380
1004978309.72309
1004517679.87451
1004057261.18114
1003597053.54608
1003137056.87248
1002677271.06354
1002217696.02251
1001758331.65267
1001299177.85735
1000840234.53994
1000381501.60386
999922978.95257
999464666.48960
999006564.11849
998548671.74286
998090989.26635
997633516.59265
997176253.62551
996719200.26871
996262356.42608
995805722.00149
995349296.89886
994893081.02216
994437074.27540
993981276.56263
993525687.78795
993070307.85551
992615136.66949
992160174.13414
991705420.15372
991250874.63258
990796537.47507
990342408.58562
989888487.86868
989434775.22875
988981270.57040
988527973.79822
988074884.81684
987622003.53096
987169329.84530
986716863.66417
986264604.89180
985812553.43313
985360709.19311
984909072.07677
984457641.98914
984006418.83531
983555402.52044
983104592.94968
982653990.02826
982203593.66144
981753403.75451
981303420.21284
980853642.94179
980404071.84680
979954706.83334
979505547.80692
979056594.67309
978607847.33746
978159305.70565
977710969.68335
977262839.17628
976814914.09020
976367194.33092
975919679.80428
975472370.41619
975025266.07256
974578366.67937
974131672.14263
973685182.36841
973238897.26281
972792816.73196
972346940.68204
971901269.01929
971455801.64997
971010538.48039
970565479.41689
970120624.36589
969675973.23380
969231525.92710
968787282.35232
968343242.41602
967899406.02479
967455773.08529
967012343.50420
966569117.18825
966126094.04420
965683273.97888
965240656.89914
964798242.71187
964356031.32401
963914022.64255
963472216.57450
963030613.02692
962589211.90694
962148013.12169
961707016.57837
961266222.18420
960825629.84646
960385239.47247
959945050.96959
959505064.24521
959065279.20679
958625695.76179
958186313.81775
957747133.28224
957308154.06286
956869376.06728
956430799.20317
955992423.37828
955554248.50039
955116274.47731
954678501.21691
954240928.62710
953803556.61580
953366385.09102
952929413.96079
952492643.13317
952056072.51628
951619702.01827
951183531.54734
950747561.01174
950311790.31973
949876219.37966
949440848.09987
949005676.38878
948570704.15484
948135931.30653
947701357.75240
947266983.40101
946832808.16099
946398831.94099
945965054.64971
945531476.19589
945098096.48833
944664915.43585
944231932.94731
943799148.93163
943366563.29776
942934175.95469
942501986.81147
942069995.77716
941638202.76090
941206607.67183
940775210.41918
940344010.91218
939913009.06012
939482204.77233
939051597.95819
938621188.52710
938190976.38853
937760961.45198
937331143.62698
936901522.82311
936472098.95000
936042871.91732
935613841.63477
935185008.01211
934756370.95912
934327930.38564
933899686.20154
933471638.31675
933043786.64122
932616131.08496
932188671.55800
931761407.97044
931334340.23239
930907468.25404
930480791.94559
930054311.21730
929628025.97946
929201936.14240
928776041.61652
928350342.31222
927924838.13998
927499529.01029
927074414.83371
926649495.52082
926224770.98226
925800241.12869
925375905.87084
924951765.11946
924527818.78535
924104066.77935
923680509.01234
923257145.39525
922833975.83905
922411000.25474
921988218.55337
921565630.64604
921143236.44388
920721035.85805
920299028.79909
919877215.17800
919455594.90611
919034167.89483
918612934.05558
918191893.29984
917771045.53912
917350390.68496
916929928.64896
916509659.34275
916089582.67798
915669698.56637
915250006.91966
914830507.64964
914411200.66812
913992085.88698
913573163.21811
913154432.57345
912735893.86498
912317547.00473
911899391.90474
911481428.47711
911063656.63399
910646076.28754
910228687.34998
909811489.73356
909394483.35058
908977668.11335
908561043.93427
908144610.72572
907728368.40017
907312316.87010
906896456.04803
906480785.84654
906065306.17822
905650016.95572
905234918.09172
904820009.49894
904405291.09015
903990762.77814
903576424.47575
903162276.09586
902748317.55139
902334548.75530
901920969.62057
901507580.06025
901094379.98740
900681369.31514
900268547.95662
899855915.82504
899443472.83361
899031218.89561
898619153.92435
898207277.83317
897795590.53545
897384091.94464
896972781.97418
896561660.53758
896150727.54838
895739982.92017
895329426.56656
894919058.40122
894508878.33783
894098886.29015
893689082.17194
893279465.89703
892870037.37926
892460796.53252
892051743.27077
891642877.50795
891234199.15809
890825708.13524
890417404.35348
890009287.72694
889601358.16979
889193615.59623
888786059.92052
888378691.05693
887971508.91979
887564513.42347
887157704.48235
886751082.01089
886344645.92356
885938396.13488
885532332.55941
885126455.11175
884720763.70653
884315258.25843
883909938.68216
883504804.89247
883099856.80416
882695094.33206
882290517.39104
881886125.89600
881481919.76190
881077898.90373
880674063.23651
880270412.67530
879866947.13521
879463666.53139
879060570.77902
878657659.79332
878254933.48954
877852391.78300
877450034.58903
877047861.82301
876645873.40035
876244069.23652
875842449.24700
875441013.34733
875039761.45309
874638693.47989
874237809.34338
873837108.95925
873436592.24323
873036259.11109
872636109.47863
872236143.26171
871836360.37621
871436760.73806
871037344.26322
870638110.86769
870239060.46751
869840192.97877
869441508.31759
869043006.40013
868644687.14259
868246550.46119
867848596.27223
867450824.49201
867053235.03690
866655827.82328
866258602.76758
865861559.78629
865464698.79591
865068019.71299
864671522.45412
864275206.93594
863879073.07509
863483120.78831
863087349.99232
862691760.60391
862296352.53991
861901125.71718
861506080.05263
861111215.46318
860716531.86583
860322029.17759
859927707.31552
859533566.19672
859139605.73832
858745825.85750
858352226.47101
857958807.49564
857565568.84875
857172510.44771
856779632.20992
856386934.05285
855994415.89398
855602077.65082
855209919.24094
854817940.58194
854426141.59144
854034522.18710
853643082.28665
853251821.80781
852860740.66837
852469838.78613
852079116.07895
851688572.46471
851298207.86134
850908022.18679
850518015.35907
850128187.29619
849738537.91623
849349067.13730
848959774.87753
848570661.05510
848181725.58823
847792968.39517
847404389.39419
847015988.50364
846627765.64185
846239720.72724
845851853.67823
845464164.41329
845076652.85092
844689318.90968
844302162.50812
843915183.56487
843528381.99858
843141757.72794
842755310.67167
842369040.74852
841982947.87730
841597031.97683
841211292.96599
840825730.76367
840440345.28883
840055136.46044
839670104.19751
839285248.41909
838900569.04428
838516065.99219
838131739.18199
837747588.53286
837363613.96405
836979815.39482
836596192.74448
836212745.93237
835829474.87787
835446379.50039
835063459.71938
834680715.45434
834298146.62477
833915753.15025
833533534.95038
833151491.94477
832769624.05312
832387931.19510
832006413.29048
831625070.25903
831243902.02057
830862908.49494
830482089.60203
830101445.26177
829720975.39412
829340679.91907
828960558.75666
828580611.82696
828200839.05007
827821240.34614
827441815.63534
827062564.83790
826683487.87405
826304584.66409
825925855.12835
825547299.18718
825168916.76098
824790707.77019
824412672.13527
824034809.77674
823657120.61512
823279604.57102
822902261.56503
822525091.51781
822148094.35004
821771269.98247
821394618.33583
821018139.33094
820641832.88863
820265698.92975
819889737.37524
819513948.14601
819138331.16307
818762886.34741
818387613.62010
818012512.90221
817637584.11489
817262827.17928
816888242.01658
816513828.54804
816139586.69492
815765516.37852
815391617.52019
815017890.04132
814644333.86330
814270948.90761
813897735.09573
813524692.34917
813151820.58951
812779119.73835
812406589.71731
812034230.44807
811662041.85233
811290023.85184
810918176.36838
810546499.32376
810174992.63984
809803656.23851
809432490.04169
809061493.97134
808690667.94947
808320011.89810
807949525.73931
807579209.39521
807209062.78793
806839085.83967
806469278.47263
806099640.60908
805730172.17129
805360873.08159
804991743.26236
804622782.63598
804253991.12489
803885368.65156
803516915.13850
803148630.50826
802780514.68341
802412567.58658
802044789.14041
801677179.26759
801309737.89086
800942464.93297
800575360.31648
800208423.96365
799841655.79734
799475055.74052
799108623.71616
798742359.64728
798376263.45694
798010335.06822
797644574.40423
797278981.38814
796913555.94313
796548297.99242
796183207.45927
795818284.26697
795453528.33883
795088939.59822
794724517.96853
794360263.37318
793996175.73563
793632254.97937
793268501.02794
792904913.80489
792541493.23381
792178239.23833
791815151.74212
791452230.66887
791089475.94231
790726887.48621
790364465.22437
790002209.08060
789640118.97879
789278194.84283
788916436.59666
788554844.16423
788193417.46956
787832156.43668
787471060.98965
787110131.05259
786749366.54962
786388767.40492
786028333.54270
785668064.88718
785307961.36265
784948022.89341
784588249.40381
784228640.81821
783869197.06102
783509918.05669
783150803.72969
782791854.00454
782433068.80577
782074448.05797
781715991.68574
781357699.61373
780999571.76663
780641608.06914
780283808.44601
779926172.82203
779568701.12200
779211393.27078
778854249.19326
778497268.81434
778140452.05898
777783798.85216
777427309.11891
777070982.78427
776714819.77333
776358820.01121
776002983.42307
775647309.93410
775291799.46951
774936451.95456
774581267.31455
774226245.47479
773871386.36065
773516689.89751
773162156.01080
772807784.62599
772453575.66856
772099529.06404
771745644.73800
771391922.61602
771038362.62374
770684964.68683
770331728.73097
769978654.68190
769625742.46538
769272992.00721
768920403.23323
768567976.06930
768215710.44132
767863606.27522
767511663.49698
767159882.03260
766808261.80811
766456802.74958
766105504.78311
765754367.83485
765403391.83097
765052576.69766
764701922.36118
764351428.74779
764001095.78380
763650923.39555
763300911.50942
762951060.05182
762601368.94918
762251838.12800
761902467.51477
761553257.03604
761204206.61840
760855316.18844
760506585.67283
760158014.99824
759809604.09138
759461352.87900
759113261.28789
758765329.24486
758417556.67676
758069943.51048
757722489.67292
757375195.09105
757028059.69185
756681083.40234
756334266.14957
755987607.86063
755641108.46265
755294767.88276
754948586.04818
754602562.88611
754256698.32381
753910992.28858
753565444.70775
753220055.50866
752874824.61871
752529751.96533
752184837.47598
751840081.07815
751495482.69937
751151042.26720
750806759.70924
750462634.95312
750118667.92651
749774858.55709
749431206.77261
749087712.50082
748744375.66953
748401196.20657
748058174.03980
747715309.09714
747372601.30651
747030050.59588
746687656.89327
746345420.12679
746003340.22452
745661417.11454
745319650.72500
744978040.98405
744636587.81989
744295291.16074
743954150.93486
743613167.07056
743272339.49614
742931668.13997
742591152.93043
742250793.79596
741910590.66500
741570543.46604
741230652.12760
740890916.57824
740551336.74653
740211912.56110
739872643.95059
739533530.84368
739194573.16910
738855770.85559
738517123.83192
738178632.02691
737840295.36941
737502113.78829
737164087.21246
736826215.57086
736488498.79248
736150936.80631
735813529.54139
735476276.92680
735139178.89165
734802235.36506
734465446.27622
734128811.55432
733792331.12859
733456004.92831
733119832.88277
732783814.92131
732447950.97329
732112240.96811
731776684.83520
731441282.50402
731106033.90406
730770938.96486
730435997.61597
730101209.78699
729766575.40753
729432094.40727
729097766.71588
728763592.26310
728429570.97867
728095702.79238
727761987.63406
