-39.09009
-39.09009
-39.09008
-39.09008
-39.09008
-39.09008
-39.09008
-39.09007
-39.09007
-39.09007
-39.09006
-39.09005
-39.09005
-39.09004
-39.09003
-39.09002
-39.09001
-39.09000
-39.08998
-39.08997
-39.08996
-39.08994
-39.08992
-39.08990
-39.08988
-39.08986
-39.08984
-39.08981
-39.08979
-39.08976
-39.08973
-39.08970
-39.08967
-39.08963
-39.08960
-39.08956
-39.08952
-39.08948
-39.08944
-39.08939
-39.08934
-39.08929
-39.08924
-39.08919
-39.08913
-39.08908
-39.08902
-39.08896
-39.08889
-39.08883
-39.08876
-39.08869
-39.08861
-39.08854
-39.08846
-39.08838
-39.08829
-39.08821
-39.08812
-39.08803
-39.08793
-39.08783
-39.08773
-39.08763
-39.08753
-39.08742
-39.08731
-39.08719
-39.08707
-39.08695
-39.08683
-39.08670
-39.08657
-39.08644
-39.08631
-39.08617
-39.08602
-39.08588
-39.08573
-39.08558
-39.08542
-39.08526
-39.08510
-39.08493
-39.08476
-39.08459
-39.08441
-39.08423
-39.08404
-39.08385
-39.08366
-39.08347
-39.08327
-39.08306
-39.08286
-39.08264
-39.08243
-39.08221
-39.08199
-39.08176
-39.08153
-39.08129
-39.08105
-39.08081
-39.08056
-39.08031
-39.08005
-39.07979
-39.07952
-39.07925
-39.07898
-39.07870
-39.07842
-39.07813
-39.07784
-39.07754
-39.07724
-39.07694
-39.07663
-39.07631
-39.07599
-39.07567
-39.07534
-39.07500
-39.07467
-39.07432
-39.07397
-39.07362
-39.07326
-39.07290
-39.07253
-39.07216
-39.07178
-39.07140
-39.07101
-39.07062
-39.07022
-39.06981
-39.06941
-39.06899
-39.06857
-39.06815
-39.06772
-39.06728
-39.06684
-39.06640
-39.06595
-39.06549
-39.06503
-39.06456
-39.06409
-39.06361
-39.06312
-39.06263
-39.06214
-39.06164
-39.06113
-39.06062
-39.06010
-39.05958
-39.05905
-39.05851
-39.05797
-39.05742
-39.05687
-39.05631
-39.05575
-39.05518
-39.05460
-39.05402
-39.05343
-39.05284
-39.05224
-39.05163
-39.05102
-39.05040
-39.04977
-39.04914
-39.04850
-39.04786
-39.04721
-39.04656
-39.04589
-39.04523
-39.04455
-39.04387
-39.04318
-39.04249
-39.04179
-39.04108
-39.04037
-39.03965
-39.03893
-39.03819
-39.03745
-39.03671
-39.03596
-39.03520
-39.03443
-39.03366
-39.03288
-39.03210
-39.03131
-39.03051
-39.02970
-39.02889
-39.02807
-39.02725
-39.02642
-39.02558
-39.02473
-39.02388
-39.02302
-39.02215
-39.02128
-39.02040
-39.01951
-39.01862
-39.01772
-39.01681
-39.01590
-39.01497
-39.01405
-39.01311
-39.01217
-39.01122
-39.01026
-39.00930
-39.00832
-39.00735
-39.00636
-39.00537
-39.00437
-39.00336
-39.00234
-39.00132
-39.00029
-38.99926
-38.99821
-38.99716
-38.99610
-38.99504
-38.99397
-38.99289
-38.99180
-38.99070
-38.98960
-38.98849
-38.98737
-38.98625
-38.98511
-38.98398
-38.98283
-38.98167
-38.98051
-38.97934
-38.97816
-38.97698
-38.97579
-38.97458
-38.97338
-38.97216
-38.97094
-38.96971
-38.96847
-38.96722
-38.96597
-38.96471
-38.96344
-38.96216
-38.96088
-38.95958
-38.95828
-38.95698
-38.95566
-38.95434
-38.95301
-38.95167
-38.95032
-38.94897
-38.94760
-38.94623
-38.94485
-38.94347
-38.94207
-38.94067
-38.93926
-38.93784
-38.93642
-38.93498
-38.93354
-38.93209
-38.93063
-38.92917
-38.92770
-38.92621
-38.92472
-38.92323
-38.92172
-38.92021
-38.91868
-38.91715
-38.91562
-38.91407
-38.91252
-38.91095
-38.90938
-38.90781
-38.90622
-38.90462
-38.90302
-38.90141
-38.89979
-38.89816
-38.89653
-38.89488
-38.89323
-38.89157
-38.88990
-38.88823
-38.88654
-38.88485
-38.88315
-38.88144
-38.87972
-38.87800
-38.87626
-38.87452
-38.87277
-38.87101
-38.86924
-38.86747
-38.86568
-38.86389
-38.86209
-38.86028
-38.85846
-38.85664
-38.85480
-38.85296
-38.85111
-38.84925
-38.84739
-38.84551
-38.84363
-38.84173
-38.83983
-38.83792
-38.83601
-38.83408
-38.83215
-38.83020
-38.82825
-38.82629
-38.82432
-38.82235
-38.82036
-38.81837
-38.81637
-38.81436
-38.81234
-38.81031
-38.80828
-38.80623
-38.80418
-38.80212
-38.80005
-38.79797
-38.79588
-38.79379
-38.79169
-38.78957
-38.78745
-38.78532
-38.78319
-38.78104
-38.77889
-38.77672
-38.77455
-38.77237
-38.77018
-38.76799
-38.76578
-38.76357
-38.76135
-38.75911
-38.75688
-38.75463
-38.75237
-38.75011
-38.74783
-38.74555
-38.74326
-38.74096
-38.73865
-38.73633
-38.73401
-38.73168
-38.72933
-38.72698
-38.72462
-38.72226
-38.71988
-38.71749
-38.71510
-38.71270
-38.71029
-38.70787
-38.70544
-38.70301
-38.70056
-38.69811
-38.69565
-38.69317
-38.69070
-38.68821
-38.68571
-38.68321
-38.68069
-38.67817
-38.67564
-38.67310
-38.67055
-38.66800
-38.66543
-38.66286
-38.66028
-38.65769
-38.65509
-38.65248
-38.64986
-38.64724
-38.64461
-38.64196
-38.63931
-38.63665
-38.63399
-38.63131
-38.62863
-38.62593
-38.62323
-38.62052
-38.61780
-38.61507
-38.61234
-38.60959
-38.60684
-38.60408
-38.60131
-38.59853
-38.59574
-38.59294
-38.59014
-38.58733
-38.58451
-38.58168
-38.57884
-38.57599
-38.57313
-38.57027
-38.56740
-38.56452
-38.56163
-38.55873
-38.55582
-38.55291
-38.54998
-38.54705
-38.54411
-38.54116
-38.53820
-38.53523
-38.53226
-38.52928
-38.52628
-38.52328
-38.52028
-38.51726
-38.51423
-38.51120
-38.50816
-38.50510
-38.50205
-38.49898
-38.49590
-38.49282
-38.48972
-38.48662
-38.48351
-38.48039
-38.47726
-38.47413
-38.47098
-38.46783
-38.46467
-38.46150
-38.45832
-38.45514
-38.45194
-38.44874
-38.44553
-38.44231
-38.43908
-38.43584
-38.43260
-38.42935
-38.42608
-38.42281
-38.41954
-38.41625
-38.41295
-38.40965
-38.40634
-38.40302
-38.39969
-38.39635
-38.39301
-38.38965
-38.38629
-38.38292
-38.37954
-38.37616
-38.37276
-38.36936
-38.36595
-38.36253
-38.35910
-38.35566
-38.35222
-38.34876
-38.34530
-38.34183
-38.33836
-38.33487
-38.33138
-38.32787
-38.32436
-38.32084
-38.31732
-38.31378
-38.31024
-38.30669
-38.30313
-38.29956
-38.29598
-38.29240
-38.28880
-38.28520
-38.28160
-38.27798
-38.27435
-38.27072
-38.26708
-38.26343
-38.25977
-38.25610
-38.25243
-38.24875
-38.24506
-38.24136
-38.23765
-38.23394
-38.23022
-38.22649
-38.22275
-38.21900
-38.21525
-38.21148
-38.20771
-38.20393
-38.20015
-38.19635
-38.19255
-38.18874
-38.18492
-38.18109
-38.17726
-38.17341
-38.16956
-38.16570
-38.16184
-38.15796
-38.15408
-38.15019
-38.14629
-38.14238
-38.13847
-38.13455
-38.13062
-38.12668
-38.12273
-38.11878
-38.11482
-38.11085
-38.10687
-38.10288
-38.09889
-38.09489
-38.09088
-38.08686
-38.08284
-38.07881
-38.07477
-38.07072
-38.06666
-38.06260
-38.05853
-38.05445
-38.05036
-38.04627
-38.04217
-38.03806
-38.03394
-38.02981
-38.02568
-38.02154
-38.01739
-38.01323
-38.00907
-38.00490
-38.00072
-37.99653
-37.99234
-37.98814
-37.98393
-37.97971
-37.97548
-37.97125
-37.96701
-37.96276
-37.95851
-37.95424
-37.94997
-37.94569
-37.94141
-37.93712
-37.93281
-37.92851
-37.92419
-37.91987
-37.91554
-37.91120
-37.90685
-37.90250
-37.89814
-37.89377
-37.88939
-37.88501
-37.88062
-37.87622
-37.87181
-37.86740
-37.86298
-37.85855
-37.85412
-37.84967
-37.84522
-37.84077
-37.83630
-37.83183
-37.82735
-37.82286
-37.81837
-37.81387
-37.80936
-37.80484
-37.80032
-37.79579
-37.79125
-37.78670
-37.78215
-37.77759
-37.77302
-37.76845
-37.76387
-37.75928
-37.75468
-37.75008
-37.74547
-37.74085
-37.73623
-37.73159
-37.72696
-37.72231
-37.71766
-37.71299
-37.70833
-37.70365
-37.69897
-37.69428
-37.68958
-37.68488
-37.68017
-37.67545
-37.67073
-37.66600
-37.66126
-37.65651
-37.65176
-37.64700
-37.64223
-37.63746
-37.63268
-37.62789
-37.62310
-37.61830
-37.61349
-37.60867
-37.60385
-37.59902
-37.59418
-37.58934
-37.58449
-37.57963
-37.57477
-37.56990
-37.56502
-37.56014
-37.55524
-37.55035
-37.54544
-37.54053
-37.53561
-37.53068
-37.52575
-37.52081
-37.51587
-37.51091
-37.50596
-37.50099
-37.49602
-37.49104
-37.48605
-37.48106
-37.47606
-37.47105
-37.46604
-37.46102
-37.45599
-37.45096
-37.44592
-37.44087
-37.43582
-37.43076
-37.42569
-37.42062
-37.41554
-37.41045
-37.40536
-37.40026
-37.39515
-37.39004
-37.38492
-37.37980
-37.37466
-37.36953
-37.36438
-37.35923
-37.35407
-37.34891
-37.34373
-37.33856
-37.33337
-37.32818
-37.32299
-37.31778
-37.31257
-37.30736
-37.30213
-37.29690
-37.29167
-37.28643
-37.28118
-37.27592
-37.27066
-37.26540
-37.26012
-37.25484
-37.24956
-37.24426
-37.23896
-37.23366
-37.22835
-37.22303
-37.21771
-37.21238
-37.20704
-37.20170
-37.19635
-37.19099
-37.18563
-37.18026
-37.17489
-37.16951
-37.16412
-37.15873
-37.15333
-37.14793
-37.14252
-37.13710
-37.13168
-37.12625
-37.12081
-37.11537
-37.10993
-37.10447
-37.09901
-37.09355
-37.08808
-37.08260
-37.07711
-37.07162
-37.06613
-37.06063
-37.05512
-37.04961
-37.04409
-37.03856
-37.03303
-37.02749
-37.02195
-37.01640
-37.01084
-37.00528
-36.99972
-36.99414
-36.98856
-36.98298
-36.97739
-36.97179
-36.96619
-36.96058
-36.95497
-36.94935
-36.94372
-36.93809
-36.93245
-36.92681
-36.92116
-36.91551
-36.90985
-36.90418
-36.89851
-36.89283
-36.88715
-36.88146
-36.87577
-36.87007
-36.86436
-36.85865
-36.85293
-36.84721
-36.84148
-36.83574
-36.83000
-36.82426
-36.81851
-36.81275
-36.80699
-36.80122
-36.79545
-36.78967
-36.78388
-36.77809
-36.77230
-36.76650
-36.76069
-36.75488
-36.74906
-36.74323
-36.73741
-36.73157
-36.72573
-36.71989
-36.71404
-36.70818
-36.70232
-36.69645
-36.69058
-36.68470
-36.67882
-36.67293
-36.66703
-36.66113
-36.65523
-36.64932
-36.64340
-36.63748
-36.63156
-36.62563
-36.61969
-36.61375
-36.60780
-36.60185
-36.59589
-36.58992
-36.58396
-36.57798
-36.57200
-36.56602
-36.56003
-36.55403
-36.54803
-36.54203
-36.53602
-36.53000
-36.52398
-36.51796
-36.51192
-36.50589
-36.49985
-36.49380
-36.48775
-36.48169
-36.47563
-36.46956
-36.46349
-36.45741
-36.45133
-36.44524
-36.43915
-36.43305
-36.42695
-36.42084
-36.41473
-36.40861
-36.40249
-36.39636
-36.39023
-36.38409
-36.37795
-36.37180
-36.36565
-36.35949
-36.35333
-36.34716
-36.34099
-36.33481
-36.32863
-36.32245
-36.31625
-36.31006
-36.30386
-36.29765
-36.29144
-36.28522
-36.27900
-36.27277
-36.26654
-36.26031
-36.25407
-36.24782
-36.24157
-36.23532
-36.22906
-36.22280
-36.21653
-36.21025
-36.20397
-36.19769
-36.19140
-36.18511
-36.17881
-36.17251
-36.16620
-36.15989
-36.15358
-36.14726
-36.14093
-36.13460
-36.12827
-36.12193
-36.11558
-36.10923
-36.10288
-36.09652
-36.09016
-36.08379
-36.07742
-36.07105
-36.06466
-36.05828
-36.05189
-36.04550
-36.03910
-36.03269
-36.02628
-36.01987
-36.01346
-36.00703
-36.00061
-35.99418
-35.98774
-35.98130
-35.97486
-35.96841
-35.96196
-35.95550
-35.94904
-35.94257
-35.93610
-35.92963
-35.92315
-35.91667
-35.91018
-35.90369
-35.89719
-35.89069
-35.88418
-35.87767
-35.87116
-35.86464
-35.85812
-35.85159
-35.84506
-35.83853
-35.83199
-35.82544
-35.81889
-35.81234
-35.80578
-35.79922
-35.79266
-35.78609
-35.77951
-35.77294
-35.76635
-35.75977
-35.75318
-35.74658
-35.73998
-35.73338
-35.72677
-35.72016
-35.71355
-35.70693
-35.70030
-35.69368
-35.68704
-35.68041
-35.67377
-35.66712
-35.66047
-35.65382
-35.64717
-35.64051
-35.63384
-35.62717
-35.62050
-35.61382
-35.60714
-35.60046
-35.59377
-35.58708
-35.58038
-35.57368
-35.56697
-35.56026
-35.55355
-35.54683
-35.54011
-35.53339
-35.52666
-35.51993
-35.51319
-35.50645
-35.49971
-35.49296
-35.48621
-35.47945
-35.47269
-35.46593
-35.45916
-35.45239
-35.44562
-35.43884
-35.43205
-35.42527
-35.41848
-35.41168
-35.40488
-35.39808
-35.39128
-35.38447
-35.37765
-35.37084
-35.36402
-35.35719
-35.35036
-35.34353
-35.33669
-35.32986
-35.32301
-35.31617
-35.30931
-35.30246
-35.29560
-35.28874
-35.28187
-35.27501
-35.26813
-35.26126
-35.25438
-35.24749
-35.24061
-35.23371
-35.22682
-35.21992
-35.21302
-35.20611
-35.19921
-35.19229
-35.18538
-35.17846
-35.17153
-35.16461
-35.15768
-35.15074
-35.14380
-35.13686
-35.12992
-35.12297
-35.11602
-35.10906
-35.10210
-35.09514
-35.08818
-35.08121
-35.07423
-35.06726
-35.06028
-35.05330
-35.04631
-35.03932
-35.03233
-35.02533
-35.01833
-35.01133
-35.00432
-34.99731
-34.99029
-34.98328
-34.97626
-34.96923
-34.96220
-34.95517
-34.94814
-34.94110
-34.93406
-34.92702
-34.91997
-34.91292
-34.90586
-34.89881
-34.89175
-34.88468
-34.87761
-34.87054
-34.86347
-34.85639
-34.84931
-34.84223
-34.83514
-34.82805
-34.82096
-34.81386
-34.80676
-34.79966
-34.79255
-34.78544
-34.77833
-34.77121
-34.76409
-34.75697
-34.74984
-34.74272
-34.73558
-34.72845
-34.72131
-34.71417
-34.70702
-34.69988
-34.69273
-34.68557
-34.67841
-34.67125
-34.66409
-34.65692
-34.64976
-34.64258
-34.63541
-34.62823
-34.62105
-34.61386
-34.60667
-34.59948
-34.59229
-34.58509
-34.57789
-34.57069
-34.56348
-34.55627
-34.54906
-34.54184
-34.53463
-34.52740
-34.52018
-34.51295
-34.50572
-34.49849
-34.49125
-34.48401
-34.47677
-34.46953
-34.46228
-34.45503
-34.44777
-34.44052
-34.43326
-34.42599
-34.41873
-34.41146
-34.40419
-34.39691
-34.38964
-34.38236
-34.37507
-34.36779
-34.36050
-34.35321
-34.34591
-34.33862
-34.33132
-34.32401
-34.31671
-34.30940
-34.30209
-34.29477
-34.28746
-34.28014
-34.27282
-34.26549
-34.25816
-34.25083
-34.24350
-34.23616
-34.22882
-34.22148
-34.21413
-34.20679
-34.19944
-34.19208
-34.18473
-34.17737
-34.17001
-34.16265
-34.15528
-34.14791
-34.14054
-34.13316
-34.12579
-34.11841
-34.11102
-34.10364
-34.09625
-34.08886
-34.08147
-34.07407
-34.06667
-34.05927
-34.05187
-34.04446
-34.03705
-34.02964
-34.02222
-34.01481
-34.00739
-33.99996
-33.99254
-33.98511
-33.97768
-33.97025
-33.96281
-33.95538
-33.94794
-33.94049
-33.93305
-33.92560
-33.91815
-33.91070
-33.90324
-33.89578
-33.88832
-33.88086
-33.87339
-33.86593
-33.85846
-33.85098
-33.84351
-33.83603
-33.82855
-33.82106
-33.81358
-33.80609
-33.79860
-33.79111
-33.78361
-33.77611
-33.76861
-33.76111
-33.75361
-33.74610
-33.73859
-33.73108
-33.72356
-33.71604
-33.70853
-33.70100
-33.69348
-33.68595
-33.67842
-33.67089
-33.66336
-33.65582
-33.64828
-33.64074
-33.63320
-33.62565
-33.61810
-33.61055
-33.60300
-33.59545
-33.58789
-33.58033
-33.57277
-33.56520
-33.55764
-33.55007
-33.54250
-33.53492
-33.52735
-33.51977
-33.51219
-33.50461
-33.49702
-33.48943
-33.48184
-33.47425
-33.46666
-33.45906
-33.45146
-33.44386
-33.43626
-33.42865
-33.42105
-33.41344
-33.40583
-33.39821
-33.39060
-33.38298
-33.37536
-33.36773
-33.36011
-33.35248
-33.34485
-33.33722
-33.32959
-33.32195
-33.31431
-33.30667
-33.29903
-33.29139
-33.28374
-33.27609
-33.26844
-33.26079
-33.25313
-33.24547
-33.23781
-33.23015
-33.22249
-33.21482
-33.20716
-33.19949
-33.19181
-33.18414
-33.17646
-33.16878
-33.16110
-33.15342
-33.14574
-33.13805
-33.13036
-33.12267
-33.11498
-33.10728
-33.09959
-33.09189
-33.08419
-33.07648
-33.06878
-33.06107
-33.05336
-33.04565
-33.03794
-33.03022
-33.02251
-33.01479
-33.00707
-32.99934
-32.99162
-32.98389
-32.97616
-32.96843
-32.96070
-32.95297
-32.94523
-32.93749
-32.92975
-32.92201
-32.91426
-32.90652
-32.89877
-32.89102
-32.88326
-32.87551
-32.86775
-32.86000
-32.85224
-32.84447
-32.83671
-32.82894
-32.82118
-32.81341
-32.80564
-32.79786
-32.79009
-32.78231
-32.77453
-32.76675
-32.75897
-32.75118
-32.74340
-32.73561
-32.72782
-32.72003
-32.71223
-32.70444
-32.69664
-32.68884
-32.68104
-32.67324
-32.66543
-32.65763
-32.64982
-32.64201
-32.63420
-32.62638
-32.61857
-32.61075
-32.60293
-32.59511
-32.58729
-32.57946
-32.57164
-32.56381
-32.55598
-32.54815
-32.54031
-32.53248
-32.52464
-32.51680
-32.50896
-32.50112
-32.49328
-32.48543
-32.47758
-32.46973
-32.46188
-32.45403
-32.44618
-32.43832
-32.43046
-32.42260
-32.41474
-32.40688
-32.39902
-32.39115
-32.38328
-32.37541
-32.36754
-32.35967
-32.35179
-32.34392
-32.33604
-32.32816
-32.32028
-32.31240
-32.30451
-32.29663
-32.28874
-32.28085
-32.27296
-32.26507
-32.25717
-32.24928
-32.24138
-32.23348
-32.22558
-32.21767
-32.20977
-32.20187
-32.19396
-32.18605
-32.17814
-32.17023
-32.16231
-32.15440
-32.14648
-32.13856
-32.13064
-32.12272
-32.11480
-32.10687
-32.09895
-32.09102
-32.08309
-32.07516
-32.06723
-32.05929
-32.05136
-32.04342
-32.03548
-32.02754
-32.01960
-32.01165
-32.00371
-31.99576
-31.98782
-31.97987
-31.97192
-31.96396
-31.95601
-31.94805
-31.94010
-31.93214
-31.92418
-31.91622
-31.90825
-31.90029
-31.89232
-31.88436
-31.87639
-31.86842
-31.86044
-31.85247
-31.84450
-31.83652
-31.82854
-31.82056
-31.81258
-31.80460
-31.79662
-31.78863
-31.78065
-31.77266
-31.76467
-31.75668
-31.74869
-31.74069
-31.73270
-31.72470
-31.71670
-31.70870
-31.70070
-31.69270
-31.68470
-31.67669
-31.66869
-31.66068
-31.65267
-31.64466
-31.63665
-31.62863
-31.62062
-31.61260
-31.60459
-31.59657
-31.58855
-31.58053
-31.57250
-31.56448
-31.55645
-31.54843
-31.54040
-31.53237
-31.52434
-31.51630
-31.50827
-31.50024
-31.49220
-31.48416
-31.47612
-31.46808
-31.46004
-31.45200
-31.44395
-31.43591
-31.42786
-31.41981
-31.41176
-31.40371
-31.39566
-31.38761
-31.37955
-31.37150
-31.36344
-31.35538
-31.34732
-31.33926
-31.33120
-31.32313
-31.31507
-31.30700
-31.29893
-31.29086
-31.28279
-31.27472
-31.26665
-31.25858
-31.25050
-31.24242
-31.23435
-31.22627
-31.21819
-31.21010
-31.20202
-31.19394
-31.18585
-31.17777
-31.16968
-31.16159
-31.15350
-31.14541
-31.13732
-31.12922
-31.12113
-31.11303
-31.10493
-31.09683
-31.08873
-31.08063
-31.07253
-31.06443
-31.05632
-31.04822
-31.04011
-31.03200
-31.02389
-31.01578
-31.00767
-30.99956
-30.99144
-30.98333
-30.97521
-30.96709
-30.95898
-30.95086
-30.94273
-30.93461
-30.92649
-30.91836
-30.91024
-30.90211
-30.89398
-30.88585
-30.87772
-30.86959
-30.86146
-30.85333
-30.84519
-30.83706
-30.82892
-30.82078
-30.81264
-30.80450
-30.79636
-30.78822
-30.78007
-30.77193
-30.76378
-30.75563
-30.74749
-30.73934
-30.73119
-30.72303
-30.71488
-30.70673
-30.69857
-30.69042
-30.68226
-30.67410
-30.66594
-30.65778
-30.64962
-30.64146
-30.63329
-30.62513
-30.61696
-30.60880
-30.60063
-30.59246
-30.58429
-30.57612
-30.56795
-30.55978
-30.55160
-30.54343
-30.53525
-30.52707
-30.51889
-30.51071
-30.50253
-30.49435
-30.48617
-30.47799
-30.46980
-30.46162
-30.45343
-30.44524
-30.43705
-30.42886
-30.42067
-30.41248
-30.40429
-30.39610
-30.38790
-30.37971
-30.37151
-30.36331
-30.35511
-30.34691
-30.33871
-30.33051
-30.32231
-30.31410
-30.30590
-30.29769
-30.28949
-30.28128
-30.27307
-30.26486
-30.25665
-30.24844
-30.24023
-30.23201
-30.22380
-30.21558
-30.20737
-30.19915
-30.19093
-30.18271
-30.17449
-30.16627
-30.15805
-30.14983
-30.14160
-30.13338
-30.12515
-30.11693
-30.10870
-30.10047
-30.09224
-30.08401
-30.07578
-30.06754
-30.05931
-30.05108
-30.04284
-30.03461
-30.02637
-30.01813
-30.00989
-30.00165
-29.99341
-29.98517
-29.97693
-29.96868
-29.96044
-29.95219
-29.94395
-29.93570
-29.92745
-29.91921
-29.91096
-29.90270
-29.89445
-29.88620
-29.87795
-29.86969
-29.86144
-29.85318
-29.84493
-29.83667
-29.82841
-29.82015
-29.81189
-29.80363
-29.79537
-29.78710
-29.77884
-29.77058
-29.76231
-29.75404
-29.74578
-29.73751
-29.72924
-29.72097
-29.71270
-29.70443
-29.69616
-29.68788
-29.67961
-29.67133
-29.66306
-29.65478
-29.64650
-29.63823
-29.62995
-29.62167
-29.61339
-29.60511
-29.59682
-29.58854
-29.58026
-29.57197
-29.56369
-29.55540
-29.54711
-29.53882
-29.53054
-29.52225
-29.51395
-29.50566
-29.49737
-29.48908
-29.48078
-29.47249
-29.46420
-29.45590
-29.44760
-29.43930
-29.43101
-29.42271
-29.41441
-29.40611
-29.39780
-29.38950
-29.38120
-29.37289
-29.36459
-29.35628
-29.34798
-29.33967
-29.33136
-29.32305
-29.31474
-29.30643
-29.29812
-29.28981
-29.28150
-29.27319
-29.26487
-29.25656
-29.24824
-29.23993
-29.23161
-29.22329
-29.21497
-29.20665
-29.19833
-29.19001
-29.18169
-29.17337
-29.16505
-29.15672
-29.14840
-29.14007
-29.13175
-29.12342
-29.11509
-29.10676
-29.09844
-29.09011
-29.08178
-29.07344
-29.06511
-29.05678
-29.04845
-29.04011
-29.03178
-29.02344
-29.01511
-29.00677
-28.99843
-28.99009
-28.98175
-28.97342
-28.96507
-28.95673
-28.94839
-28.94005
-28.93171
-28.92336
-28.91502
-28.90667
-28.89833
-28.88998
-28.88163
-28.87328
-28.86494
-28.85659
-28.84824
-28.83989
-28.83153
-28.82318
-28.81483
-28.80648
-28.79812
-28.78977
-28.78141
-28.77305
-28.76470
-28.75634
-28.74798
-28.73962
-28.73126
-28.72290
-28.71454
-28.70618
-28.69782
-28.68946
-28.68109
-28.67273
-28.66436
-28.65600
-28.64763
-28.63926
-28.63090
-28.62253
-28.61416
-28.60579
-28.59742
-28.58905
-28.58068
-28.57231
-28.56393
-28.55556
-28.54719
-28.53881
-28.53044
-28.52206
-28.51368
-28.50531
-28.49693
-28.48855
-28.48017
-28.47179
-28.46341
-28.45503
-28.44665
-28.43827
-28.42988
-28.42150
-28.41312
-28.40473
-28.39635
-28.38796
-28.37958
-28.37119
-28.36280
-28.35441
-28.34602
-28.33763
-28.32924
-28.32085
-28.31246
-28.30407
-28.29568
-28.28728
-28.27889
-28.27050
-28.26210
-28.25371
-28.24531
-28.23691
-28.22852
-28.22012
-28.21172
-28.20332
-28.19492
-28.18652
-28.17812
-28.16972
-28.16132
-28.15291
-28.14451
-28.13611
-28.12770
-28.11930
-28.11089
-28.10249
-28.09408
-28.08567
-28.07727
-28.06886
-28.06045
-28.05204
-28.04363
-28.03522
-28.02681
-28.01840
-28.00998
-28.00157
-27.99316
-27.98474
-27.97633
-27.96791
-27.95950
-27.95108
-27.94267
-27.93425
-27.92583
-27.91741
-27.90899
-27.90057
-27.89215
-27.88373
-27.87531
-27.86689
-27.85847
-27.85005
-27.84162
-27.83320
-27.82477
-27.81635
-27.80792
-27.79950
-27.79107
-27.78264
-27.77422
-27.76579
-27.75736
-27.74893
-27.74050
-27.73207
-27.72364
-27.71521
-27.70678
-27.69835
-27.68991
-27.68148
-27.67305
-27.66461
-27.65618
-27.64774
-27.63931
-27.63087
-27.62243
-27.61400
-27.60556
-27.59712
-27.58868
-27.58024
-27.57180
-27.56336
-27.55492
-27.54648
-27.53804
-27.52959
-27.52115
-27.51271
-27.50426
-27.49582
-27.48737
-27.47893
-27.47048
-27.46204
-27.45359
-27.44514
-27.43669
-27.42825
-27.41980
-27.41135
-27.40290
-27.39445
-27.38600
-27.37754
-27.36909
-27.36064
-27.35219
-27.34373
-27.33528
-27.32683
-27.31837
-27.30992
-27.30146
-27.29300
-27.28455
-27.27609
-27.26763
-27.25918
-27.25072
-27.24226
-27.23380
-27.22534
-27.21688
-27.20842
-27.19996
-27.19149
-27.18303
-27.17457
-27.16611
-27.15764
-27.14918
-27.14071
-27.13225
-27.12378
-27.11532
-27.10685
-27.09839
-27.08992
-27.08145
-27.07298
-27.06451
-27.05604
-27.04758
-27.03911
-27.03064
-27.02216
-27.01369
-27.00522
-26.99675
-26.98828
-26.97980
-26.97133
-26.96286
-26.95438
-26.94591
-26.93743
-26.92896
-26.92048
-26.91200
-26.90353
-26.89505
-26.88657
-26.87809
-26.86961
-26.86113
-26.85266
-26.84418
-26.83569
-26.82721
-26.81873
-26.81025
-26.80177
-26.79329
-26.78480
-26.77632
-26.76784
-26.75935
-26.75087
-26.74238
-26.73390
-26.72541
-26.71692
-26.70844
-26.69995
-26.69146
-26.68298
-26.67449
-26.66600
-26.65751
-26.64902
-26.64053
-26.63204
-26.62355
-26.61506
-26.60656
-26.59807
-26.58958
-26.58109
-26.57259
-26.56410
-26.55561
-26.54711
-26.53862
-26.53012
-26.52163
-26.51313
-26.50463
-26.49614
-26.48764
-26.47914
-26.47064
-26.46215
-26.45365
-26.44515
-26.43665
-26.42815
-26.41965
-26.41115
-26.40264
-26.39414
-26.38564
-26.37714
-26.36864
-26.36013
-26.35163
-26.34313
-26.33462
-26.32612
-26.31761
-26.30911
-26.30060
-26.29209
-26.28359
-26.27508
-26.26657
-26.25807
-26.24956
-26.24105
-26.23254
-26.22403
-26.21552
-26.20701
-26.19850
-26.18999
-26.18148
-26.17297
-26.16446
-26.15594
-26.14743
-26.13892
-26.13041
-26.12189
-26.11338
-26.10486
-26.09635
-26.08783
-26.07932
-26.07080
-26.06229
-26.05377
-26.04525
-26.03674
-26.02822
-26.01970
-26.01118
-26.00266
-25.99414
-25.98563
-25.97711
-25.96859
-25.96007
-25.95154
-25.94302
-25.93450
-25.92598
-25.91746
-25.90894
-25.90041
-25.89189
-25.88337
-25.87484
-25.86632
-25.85779
-25.84927
-25.84074
-25.83222
-25.82369
-25.81516
-25.80664
-25.79811
-25.78958
-25.78106
-25.77253
-25.76400
-25.75547
-25.74694
-25.73841
-25.72988
-25.72135
-25.71282
-25.70429
-25.69576
-25.68723
-25.67870
-25.67017
-25.66163
-25.65310
-25.64457
-25.63603
-25.62750
-25.61897
-25.61043
-25.60190
-25.59336
-25.58483
-25.57629
-25.56776
-25.55922
-25.55068
-25.54215
-25.53361
-25.52507
-25.51653
-25.50799
-25.49946
-25.49092
-25.48238
-25.47384
-25.46530
-25.45676
-25.44822
-25.43968
-25.43114
-25.42260
-25.41405
-25.40551
-25.39697
-25.38843
-25.37988
-25.37134
-25.36280
-25.35425
-25.34571
-25.33716
-25.32862
-25.32007
-25.31153
-25.30298
-25.29444
-25.28589
-25.27734
-25.26880
-25.26025
-25.25170
-25.24315
-25.23461
-25.22606
-25.21751
-25.20896
-25.20041
-25.19186
-25.18331
-25.17476
-25.16621
-25.15766
-25.14911
-25.14056
-25.13200
-25.12345
-25.11490
-25.10635
-25.09779
-25.08924
-25.08069
-25.07213
-25.06358
-25.05503
-25.04647
-25.03792
-25.02936
-25.02080
-25.01225
-25.00369
-24.99514
-24.98658
-24.97802
-24.96947
-24.96091
-24.95235
-24.94379
-24.93523
-24.92667
-24.91812
-24.90956
-24.90100
-24.89244
-24.88388
-24.87532
-24.86676
-24.85819
-24.84963
-24.84107
-24.83251
-24.82395
-24.81539
-24.80682
-24.79826
-24.78970
-24.78113
-24.77257
-24.76401
-24.75544
-24.74688
-24.73831
-24.72975
-24.72118
-24.71262
-24.70405
-24.69548
-24.68692
-24.67835
-24.66978
-24.66122
-24.65265
-24.64408
-24.63551
-24.62694
-24.61838
-24.60981
-24.60124
-24.59267
-24.58410
-24.57553
-24.56696
-24.55839
-24.54982
-24.54125
-24.53267
-24.52410
-24.51553
-24.50696
-24.49839
-24.48981
-24.48124
-24.47267
-24.46409
-24.45552
-24.44695
-24.43837
-24.42980
-24.42122
-24.41265
-24.40407
-24.39550
-24.38692
-24.37835
-24.36977
-24.36119
-24.35262
-24.34404
-24.33546
-24.32689
-24.31831
-24.30973
-24.30115
-24.29257
-24.28399
-24.27542
-24.26684
-24.25826
-24.24968
-24.24110
-24.23252
-24.22394
-24.21536
-24.20677
-24.19819
-24.18961
-24.18103
-24.17245
-24.16387
-24.15528
-24.14670
-24.13812
-24.12953
-24.12095
-24.11237
-24.10378
-24.09520
-24.08662
-24.07803
-24.06945
-24.06086
-24.05228
-24.04369
-24.03510
-24.02652
-24.01793
-24.00935
-24.00076
-23.99217
-23.98358
-23.97500
-23.96641
-23.95782
-23.94923
-23.94064
-23.93206
-23.92347
-23.91488
-23.90629
-23.89770
-23.88911
-23.88052
-23.87193
-23.86334
-23.85475
-23.84616
-23.83757
-23.82897
-23.82038
-23.81179
-23.80320
-23.79461
-23.78601
-23.77742
-23.76883
-23.76023
-23.75164
-23.74305
-23.73445
-23.72586
-23.71726
-23.70867
-23.70007
-23.69148
-23.68288
-23.67429
-23.66569
-23.65710
-23.64850
-23.63990
-23.63131
-23.62271
-23.61411
-23.60552
-23.59692
-23.58832
-23.57972
-23.57113
-23.56253
-23.55393
-23.54533
-23.53673
-23.52813
-23.51953
-23.51093
-23.50233
-23.49373
-23.48513
-23.47653
-23.46793
-23.45933
-23.45073
-23.44213
-23.43352
-23.42492
-23.41632
-23.40772
-23.39912
-23.39051
-23.38191
-23.37331
-23.36470
-23.35610
-23.34750
-23.33889
-23.33029
-23.32168
-23.31308
-23.30447
-23.29587
-23.28726
-23.27866
-23.27005
-23.26145
-23.25284
-23.24423
-23.23563
-23.22702
-23.21841
-23.20981
-23.20120
-23.19259
-23.18398
-23.17538
-23.16677
-23.15816
-23.14955
-23.14094
-23.13233
-23.12373
-23.11512
-23.10651
-23.09790
-23.08929
-23.08068
-23.07207
-23.06346
-23.05484
-23.04623
-23.03762
-23.02901
-23.02040
-23.01179
-23.00318
-22.99456
-22.98595
-22.97734
-22.96873
-22.96011
-22.95150
-22.94289
-22.93427
-22.92566
-22.91705
-22.90843
-22.89982
-22.89120
-22.88259
-22.87397
-22.86536
-22.85674
-22.84813
-22.83951
-22.83090
-22.82228
-22.81366
-22.80505
-22.79643
-22.78781
-22.77920
-22.77058
-22.76196
-22.75334
-22.74473
-22.73611
-22.72749
-22.71887
-22.71025
-22.70163
-22.69302
-22.68440
-22.67578
-22.66716
-22.65854
-22.64992
-22.64130
-22.63268
-22.62406
-22.61544
-22.60682
-22.59819
-22.58957
-22.58095
-22.57233
-22.56371
-22.55509
-22.54646
-22.53784
-22.52922
-22.52060
-22.51197
-22.50335
-22.49473
-22.48610
-22.47748
-22.46886
-22.46023
-22.45161
-22.44299
-22.43436
-22.42574
-22.41711
-22.40849
-22.39986
-22.39124
-22.38261
-22.37398
-22.36536
-22.35673
-22.34811
-22.33948
-22.33085
-22.32223
-22.31360
-22.30497
-22.29634
-22.28772
-22.27909
-22.27046
-22.26183
-22.25321
-22.24458
-22.23595
-22.22732
-22.21869
-22.21006
-22.20143
-22.19280
-22.18417
-22.17554
-22.16691
-22.15828
-22.14965
-22.14102
-22.13239
-22.12376
-22.11513
-22.10650
-22.09787
-22.08924
-22.08060
-22.07197
-22.06334
-22.05471
-22.04608
-22.03744
-22.02881
-22.02018
-22.01154
-22.00291
-21.99428
-21.98564
-21.97701
-21.96838
-21.95974
-21.95111
-21.94247
-21.93384
-21.92520
-21.91657
-21.90793
-21.89930
-21.89066
-21.88203
-21.87339
-21.86476
-21.85612
-21.84748
-21.83885
-21.83021
-21.82157
-21.81294
-21.80430
-21.79566
-21.78703
-21.77839
-21.76975
-21.76111
-21.75247
-21.74384
-21.73520
-21.72656
-21.71792
-21.70928
-21.70064
-21.69200
-21.68336
-21.67472
-21.66609
-21.65745
-21.64881
-21.64017
-21.63152
-21.62288
-21.61424
-21.60560
-21.59696
-21.58832
-21.57968
-21.57104
-21.56240
-21.55375
-21.54511
-21.53647
-21.52783
-21.51919
-21.51054
-21.50190
-21.49326
-21.48462
-21.47597
-21.46733
-21.45869
-21.45004
-21.44140
-21.43275
-21.42411
-21.41547
-21.40682
-21.39818
-21.38953
-21.38089
-21.37224
-21.36360
-21.35495
-21.34631
-21.33766
-21.32901
-21.32037
-21.31172
-21.30308
-21.29443
-21.28578
-21.27714
-21.26849
-21.25984
-21.25120
-21.24255
-21.23390
-21.22525
-21.21660
-21.20796
-21.19931
-21.19066
-21.18201
-21.17336
-21.16471
-21.15607
-21.14742
-21.13877
-21.13012
-21.12147
-21.11282
-21.10417
-21.09552
-21.08687
-21.07822
-21.06957
-21.06092
-21.05227
-21.04362
-21.03497
-21.02632
-21.01766
-21.00901
-21.00036
-20.99171
-20.98306
-20.97441
-20.96575
-20.95710
-20.94845
-20.93980
-20.93114
-20.92249
-20.91384
-20.90519
-20.89653
-20.88788
-20.87922
-20.87057
-20.86192
-20.85326
-20.84461
-20.83595
-20.82730
-20.81865
-20.80999
-20.80134
-20.79268
-20.78403
-20.77537
-20.76672
-20.75806
-20.74940
-20.74075
-20.73209
-20.72344
-20.71478
-20.70612
-20.69747
-20.68881
-20.68015
-20.67150
-20.66284
-20.65418
-20.64552
-20.63687
-20.62821
-20.61955
-20.61089
-20.60224
-20.59358
-20.58492
-20.57626
-20.56760
-20.55894
-20.55028
-20.54163
-20.53297
-20.52431
-20.51565
-20.50699
-20.49833
-20.48967
-20.48101
-20.47235
-20.46369
-20.45503
-20.44637
-20.43771
-20.42904
-20.42038
-20.41172
-20.40306
-20.39440
-20.38574
-20.37708
-20.36841
-20.35975
-20.35109
-20.34243
-20.33377
-20.32510
-20.31644
-20.30778
-20.29912
-20.29045
-20.28179
-20.27313
-20.26446
-20.25580
-20.24713
-20.23847
-20.22981
-20.22114
-20.21248
-20.20381
-20.19515
-20.18649
-20.17782
-20.16916
-20.16049
-20.15183
-20.14316
-20.13449
-20.12583
-20.11716
-20.10850
-20.09983
-20.09117
-20.08250
-20.07383
-20.06517
-20.05650
-20.04783
-20.03917
-20.03050
-20.02183
-20.01316
-20.00450
-19.99583
-19.98716
-19.97849
-19.96983
-19.96116
-19.95249
-19.94382
-19.93515
-19.92648
-19.91782
-19.90915
-19.90048
-19.89181
-19.88314
-19.87447
-19.86580
-19.85713
-19.84846
-19.83979
-19.83112
-19.82245
-19.81378
-19.80511
-19.79644
-19.78777
-19.77910
-19.77043
-19.76176
-19.75309
-19.74442
-19.73574
-19.72707
-19.71840
-19.70973
-19.70106
-19.69239
-19.68371
-19.67504
-19.66637
-19.65770
-19.64902
-19.64035
-19.63168
-19.62300
-19.61433
-19.60566
-19.59698
-19.58831
-19.57964
-19.57096
-19.56229
-19.55362
-19.54494
-19.53627
-19.52759
-19.51892
-19.51024
-19.50157
-19.49289
-19.48422
-19.47554
-19.46687
-19.45819
-19.44952
-19.44084
-19.43217
-19.42349
-19.41482
-19.40614
-19.39746
-19.38879
-19.38011
-19.37143
-19.36276
-19.35408
-19.34540
-19.33673
-19.32805
-19.31937
-19.31069
-19.30202
-19.29334
-19.28466
-19.27598
-19.26731
-19.25863
-19.24995
-19.24127
-19.23259
-19.22391
-19.21523
-19.20656
-19.19788
-19.18920
-19.18052
-19.17184
-19.16316
-19.15448
-19.14580
-19.13712
-19.12844
-19.11976
-19.11108
-19.10240
-19.09372
-19.08504
-19.07636
-19.06768
-19.05900
-19.05032
-19.04163
-19.03295
-19.02427
-19.01559
-19.00691
-18.99823
-18.98955
-18.98086
-18.97218
-18.96350
-18.95482
-18.94613
-18.93745
-18.92877
-18.92009
-18.91140
-18.90272
-18.89404
-18.88535
-18.87667
-18.86799
-18.85930
-18.85062
-18.84194
-18.83325
-18.82457
-18.81588
-18.80720
-18.79852
-18.78983
-18.78115
-18.77246
-18.76378
-18.75509
-18.74641
-18.73772
-18.72904
-18.72035
-18.71167
-18.70298
-18.69429
-18.68561
-18.67692
-18.66824
-18.65955
-18.65086
-18.64218
-18.63349
-18.62480
-18.61612
-18.60743
-18.59874
-18.59006
-18.58137
-18.57268
-18.56399
-18.55531
-18.54662
-18.53793
-18.52924
-18.52055
-18.51187
-18.50318
-18.49449
-18.48580
-18.47711
-18.46842
-18.45974
-18.45105
-18.44236
-18.43367
-18.42498
-18.41629
-18.40760
-18.39891
-18.39022
-18.38153
-18.37284
-18.36415
-18.35546
-18.34677
-18.33808
-18.32939
-18.32070
-18.31201
-18.30332
-18.29463
-18.28594
-18.27725
-18.26855
-18.25986
-18.25117
-18.24248
-18.23379
-18.22510
-18.21640
-18.20771
-18.19902
-18.19033
-18.18164
-18.17294
-18.16425
-18.15556
-18.14686
-18.13817
-18.12948
-18.12079
-18.11209
-18.10340
-18.09471
-18.08601
-18.07732
-18.06863
-18.05993
-18.05124
-18.04254
-18.03385
-18.02515
-18.01646
-18.00777
-17.99907
-17.99038
-17.98168
-17.97299
-17.96429
-17.95560
-17.94690
-17.93821
-17.92951
-17.92081
-17.91212
-17.90342
-17.89473
-17.88603
-17.87734
-17.86864
-17.85994
-17.85125
-17.84255
-17.83385
-17.82516
-17.81646
-17.80776
-17.79907
-17.79037
-17.78167
-17.77297
-17.76428
-17.75558
-17.74688
-17.73818
-17.72949
-17.72079
-17.71209
-17.70339
-17.69469
-17.68599
-17.67730
-17.66860
-17.65990
-17.65120
-17.64250
-17.63380
-17.62510
-17.61640
-17.60770
-17.59900
-17.59030
-17.58160
-17.57290
-17.56420
-17.55550
-17.54680
-17.53810
-17.52940
-17.52070
-17.51200
-17.50330
-17.49460
-17.48590
-17.47720
-17.46850
-17.45980
-17.45110
-17.44240
-17.43369
-17.42499
-17.41629
-17.40759
-17.39889
-17.39019
-17.38148
-17.37278
-17.36408
-17.35538
-17.34667
-17.33797
-17.32927
-17.32057
-17.31186
-17.30316
-17.29446
-17.28575
-17.27705
-17.26835
-17.25964
-17.25094
-17.24224
-17.23353
-17.22483
-17.21612
-17.20742
-17.19872
-17.19001
-17.18131
-17.17260
-17.16390
-17.15519
-17.14649
-17.13778
-17.12908
-17.12037
-17.11167
-17.10296
-17.09426
-17.08555
-17.07685
-17.06814
-17.05943
-17.05073
-17.04202
-17.03332
-17.02461
-17.01590
-17.00720
-16.99849
-16.98978
-16.98108
-16.97237
-16.96366
-16.95496
-16.94625
-16.93754
-16.92883
-16.92013
-16.91142
-16.90271
-16.89400
-16.88530
-16.87659
-16.86788
-16.85917
-16.85046
-16.84176
-16.83305
-16.82434
-16.81563
-16.80692
-16.79821
-16.78950
-16.78079
-16.77209
-16.76338
-16.75467
-16.74596
-16.73725
-16.72854
-16.71983
-16.71112
-16.70241
-16.69370
-16.68499
-16.67628
-16.66757
-16.65886
-16.65015
-16.64144
-16.63273
-16.62402
-16.61530
-16.60659
-16.59788
-16.58917
-16.58046
-16.57175
-16.56304
-16.55433
-16.54561
-16.53690
-16.52819
-16.51948
-16.51077
-16.50205
-16.49334
-16.48463
-16.47592
-16.46720
-16.45849
-16.44978
-16.44107
-16.43235
-16.42364
-16.41493
-16.40621
-16.39750
-16.38879
-16.38007
-16.37136
-16.36265
-16.35393
-16.34522
-16.33650
-16.32779
-16.31908
-16.31036
-16.30165
-16.29293
-16.28422
-16.27550
-16.26679
-16.25807
-16.24936
-16.24064
-16.23193
-16.22321
-16.21450
-16.20578
-16.19707
-16.18835
-16.17964
-16.17092
-16.16220
-16.15349
-16.14477
-16.13606
-16.12734
-16.11862
-16.10991
-16.10119
-16.09247
-16.08376
-16.07504
-16.06632
-16.05761
-16.04889
-16.04017
-16.03145
-16.02274
-16.01402
-16.00530
-15.99658
-15.98787
-15.97915
-15.97043
-15.96171
-15.95299
-15.94427
-15.93556
-15.92684
-15.91812
-15.90940
-15.90068
-15.89196
-15.88324
-15.87452
-15.86581
-15.85709
-15.84837
-15.83965
-15.83093
-15.82221
-15.81349
-15.80477
-15.79605
-15.78733
-15.77861
-15.76989
-15.76117
-15.75245
-15.74373
-15.73501
-15.72629
-15.71757
-15.70884
-15.70012
-15.69140
-15.68268
-15.67396
-15.66524
-15.65652
-15.64780
-15.63907
-15.63035
-15.62163
-15.61291
-15.60419
-15.59547
-15.58674
-15.57802
-15.56930
-15.56058
-15.55185
-15.54313
-15.53441
-15.52569
-15.51696
-15.50824
-15.49952
-15.49079
-15.48207
-15.47335
-15.46462
-15.45590
-15.44718
-15.43845
-15.42973
-15.42100
-15.41228
-15.40356
-15.39483
-15.38611
-15.37738
-15.36866
-15.35994
-15.35121
-15.34249
-15.33376
-15.32504
-15.31631
-15.30759
-15.29886
-15.29014
-15.28141
-15.27268
-15.26396
-15.25523
-15.24651
-15.23778
-15.22906
-15.22033
-15.21160
-15.20288
-15.19415
-15.18542
-15.17670
-15.16797
-15.15925
-15.15052
-15.14179
-15.13306
-15.12434
-15.11561
-15.10688
-15.09816
-15.08943
-15.08070
-15.07197
-15.06325
-15.05452
-15.04579
-15.03706
-15.02833
-15.01961
-15.01088
-15.00215
-14.99342
-14.98469
-14.97596
-14.96724
-14.95851
-14.94978
-14.94105
-14.93232
-14.92359
-14.91486
-14.90613
-14.89740
-14.88867
-14.87994
-14.87121
-14.86248
-14.85376
-14.84503
-14.83630
-14.82757
-14.81883
-14.81010
-14.80137
-14.79264
-14.78391
-14.77518
-14.76645
-14.75772
-14.74899
-14.74026
-14.73153
-14.72280
-14.71407
-14.70533
-14.69660
-14.68787
-14.67914
-14.67041
-14.66168
-14.65294
-14.64421
-14.63548
-14.62675
-14.61802
-14.60928
-14.60055
-14.59182
-14.58309
-14.57435
-14.56562
-14.55689
-14.54815
-14.53942
-14.53069
-14.52196
-14.51322
-14.50449
-14.49576
-14.48702
-14.47829
-14.46955
-14.46082
-14.45209
-14.44335
-14.43462
-14.42588
-14.41715
-14.40842
-14.39968
-14.39095
-14.38221
-14.37348
-14.36474
-14.35601
-14.34727
-14.33854
-14.32980
-14.32107
-14.31233
-14.30360
-14.29486
-14.28612
-14.27739
-14.26865
-14.25992
-14.25118
-14.24245
-14.23371
-14.22497
-14.21624
-14.20750
-14.19876
-14.19003
-14.18129
-14.17255
-14.16382
-14.15508
-14.14634
-14.13761
-14.12887
-14.12013
-14.11139
-14.10266
-14.09392
-14.08518
-14.07644
-14.06771
-14.05897
-14.05023
-14.04149
-14.03275
-14.02402
-14.01528
-14.00654
-13.99780
-13.98906
-13.98032
-13.97158
-13.96285
-13.95411
-13.94537
-13.93663
-13.92789
-13.91915
-13.91041
-13.90167
-13.89293
-13.88419
-13.87545
-13.86671
-13.85797
-13.84923
-13.84049
-13.83175
-13.82301
-13.81427
-13.80553
-13.79679
-13.78805
-13.77931
-13.77057
-13.76183
-13.75309
-13.74435
-13.73560
-13.72686
-13.71812
-13.70938
-13.70064
-13.69190
-13.68316
-13.67441
-13.66567
-13.65693
-13.64819
-13.63945
-13.63070
-13.62196
-13.61322
-13.60448
-13.59573
-13.58699
-13.57825
-13.56951
-13.56076
-13.55202
-13.54328
-13.53453
-13.52579
-13.51705
-13.50830
-13.49956
-13.49082
-13.48207
-13.47333
-13.46459
-13.45584
-13.44710
-13.43835
-13.42961
-13.42087
-13.41212
-13.40338
-13.39463
-13.38589
-13.37714
-13.36840
-13.35965
-13.35091
-13.34216
-13.33342
-13.32467
-13.31593
-13.30718
-13.29844
-13.28969
-13.28095
-13.27220
-13.26346
-13.25471
-13.24596
-13.23722
-13.22847
-13.21972
-13.21098
-13.20223
-13.19349
-13.18474
-13.17599
-13.16725
-13.15850
-13.14975
-13.14101
-13.13226
-13.12351
-13.11476
-13.10602
-13.09727
-13.08852
-13.07977
-13.07103
-13.06228
-13.05353
-13.04478
-13.03603
-13.02729
-13.01854
-13.00979
-13.00104
-12.99229
-12.98354
-12.97480
-12.96605
-12.95730
-12.94855
-12.93980
-12.93105
-12.92230
-12.91355
-12.90480
-12.89606
-12.88731
-12.87856
-12.86981
-12.86106
-12.85231
-12.84356
-12.83481
-12.82606
-12.81731
-12.80856
-12.79981
-12.79106
-12.78231
-12.77356
-12.76480
-12.75605
-12.74730
-12.73855
-12.72980
-12.72105
-12.71230
-12.70355
-12.69480
-12.68604
-12.67729
-12.66854
-12.65979
-12.65104
-12.64229
-12.63353
-12.62478
-12.61603
-12.60728
-12.59853
-12.58977
-12.58102
-12.57227
-12.56352
-12.55476
-12.54601
-12.53726
-12.52851
-12.51975
-12.51100
-12.50225
-12.49349
-12.48474
-12.47599
-12.46723
-12.45848
-12.44973
-12.44097
-12.43222
-12.42346
-12.41471
-12.40596
-12.39720
-12.38845
-12.37969
-12.37094
-12.36218
-12.35343
-12.34467
-12.33592
-12.32717
-12.31841
-12.30966
-12.30090
-12.29215
-12.28339
-12.27463
-12.26588
-12.25712
-12.24837
-12.23961
-12.23086
-12.22210
-12.21334
-12.20459
-12.19583
-12.18708
-12.17832
-12.16956
-12.16081
-12.15205
-12.14329
-12.13454
-12.12578
-12.11702
-12.10827
-12.09951
-12.09075
-12.08200
-12.07324
-12.06448
-12.05572
-12.04697
-12.03821
-12.02945
-12.02069
-12.01194
-12.00318
-11.99442
-11.98566
-11.97690
-11.96814
-11.95939
-11.95063
-11.94187
-11.93311
-11.92435
-11.91559
-11.90683
-11.89808
-11.88932
-11.88056
-11.87180
-11.86304
-11.85428
-11.84552
-11.83676
-11.82800
-11.81924
-11.81048
-11.80172
-11.79296
-11.78420
-11.77544
-11.76668
-11.75792
-11.74916
-11.74040
-11.73164
-11.72288
-11.71412
-11.70536
-11.69660
-11.68784
-11.67908
-11.67031
-11.66155
-11.65279
-11.64403
-11.63527
-11.62651
-11.61775
-11.60898
-11.60022
-11.59146
-11.58270
-11.57394
-11.56517
-11.55641
-11.54765
-11.53889
-11.53013
-11.52136
-11.51260
-11.50384
-11.49507
-11.48631
-11.47755
-11.46879
-11.46002
-11.45126
-11.44250
-11.43373
-11.42497
-11.41621
-11.40744
-11.39868
-11.38992
-11.38115
-11.37239
-11.36362
-11.35486
-11.34610
-11.33733
-11.32857
-11.31980
-11.31104
-11.30227
-11.29351
-11.28474
-11.27598
-11.26721
-11.25845
-11.24968
-11.24092
-11.23215
-11.22339
-11.21462
-11.20586
-11.19709
-11.18833
-11.17956
-11.17079
-11.16203
-11.15326
-11.14450
-11.13573
-11.12696
-11.11820
-11.10943
-11.10067
-11.09190
-11.08313
-11.07437
-11.06560
-11.05683
-11.04807
-11.03930
-11.03053
-11.02176
-11.01300
-11.00423
-10.99546
-10.98669
-10.97793
-10.96916
-10.96039
-10.95162
-10.94286
-10.93409
-10.92532
-10.91655
-10.90778
-10.89901
-10.89025
-10.88148
-10.87271
-10.86394
-10.85517
-10.84640
-10.83763
-10.82886
-10.82010
-10.81133
-10.80256
-10.79379
-10.78502
-10.77625
-10.76748
-10.75871
-10.74994
-10.74117
-10.73240
-10.72363
-10.71486
-10.70609
-10.69732
-10.68855
-10.67978
-10.67101
-10.66224
-10.65347
-10.64470
-10.63593
-10.62716
-10.61838
-10.60961
-10.60084
-10.59207
-10.58330
-10.57453
-10.56576
-10.55699
-10.54821
-10.53944
-10.53067
-10.52190
-10.51313
-10.50435
-10.49558
-10.48681
-10.47804
-10.46927
-10.46049
-10.45172
-10.44295
-10.43418
-10.42540
-10.41663
-10.40786
-10.39908
-10.39031
-10.38154
-10.37276
-10.36399
-10.35522
-10.34644
-10.33767
-10.32890
-10.32012
-10.31135
-10.30258
-10.29380
-10.28503
-10.27625
-10.26748
-10.25870
-10.24993
-10.24116
-10.23238
-10.22361
-10.21483
-10.20606
-10.19728
-10.18851
-10.17973
-10.17096
-10.16218
-10.15341
-10.14463
-10.13586
-10.12708
-10.11830
-10.10953
-10.10075
-10.09198
-10.08320
-10.07443
-10.06565
-10.05687
-10.04810
-10.03932
-10.03054
-10.02177
-10.01299
-10.00421
-9.99544
-9.98666
-9.97788
-9.96911
-9.96033
-9.95155
-9.94278
-9.93400
-9.92522
-9.91644
-9.90767
-9.89889
-9.89011
-9.88133
-9.87255
-9.86378
-9.85500
-9.84622
-9.83744
-9.82866
-9.81989
-9.81111
-9.80233
-9.79355
-9.78477
-9.77599
-9.76721
-9.75844
-9.74966
-9.74088
-9.73210
-9.72332
-9.71454
-9.70576
-9.69698
-9.68820
-9.67942
-9.67064
-9.66186
-9.65308
-9.64430
-9.63552
-9.62674
-9.61796
-9.60918
-9.60040
-9.59162
-9.58284
-9.57406
-9.56528
-9.55650
-9.54772
-9.53894
-9.53016
-9.52137
-9.51259
-9.50381
-9.49503
-9.48625
-9.47747
-9.46869
-9.45990
-9.45112
-9.44234
-9.43356
-9.42478
-9.41599
-9.40721
-9.39843
-9.38965
-9.38087
-9.37208
-9.36330
-9.35452
-9.34573
-9.33695
-9.32817
-9.31939
-9.31060
-9.30182
-9.29304
-9.28425
-9.27547
-9.26669
-9.25790
-9.24912
-9.24034
-9.23155
-9.22277
-9.21398
-9.20520
-9.19642
-9.18763
-9.17885
-9.17006
-9.16128
-9.15249
-9.14371
-9.13493
-9.12614
-9.11736
-9.10857
-9.09979
-9.09100
-9.08222
-9.07343
-9.06465
-9.05586
-9.04707
-9.03829
-9.02950
-9.02072
-9.01193
-9.00315
-8.99436
-8.98557
-8.97679
-8.96800
-8.95922
-8.95043
-8.94164
-8.93286
-8.92407
-8.91528
-8.90650
-8.89771
-8.88892
-8.88014
-8.87135
-8.86256
-8.85377
-8.84499
-8.83620
-8.82741
-8.81862
-8.80984
-8.80105
-8.79226
-8.78347
-8.77469
-8.76590
-8.75711
-8.74832
-8.73953
-8.73075
-8.72196
-8.71317
-8.70438
-8.69559
-8.68680
-8.67801
-8.66922
-8.66044
-8.65165
-8.64286
-8.63407
-8.62528
-8.61649
-8.60770
-8.59891
-8.59012
-8.58133
-8.57254
-8.56375
-8.55496
-8.54617
-8.53738
-8.52859
-8.51980
-8.51101
-8.50222
-8.49343
-8.48464
-8.47585
-8.46706
-8.45827
-8.44948
-8.44068
-8.43189
-8.42310
-8.41431
-8.40552
-8.39673
-8.38794
-8.37915
-8.37035
-8.36156
-8.35277
-8.34398
-8.33519
-8.32639
-8.31760
-8.30881
-8.30002
-8.29123
-8.28243
-8.27364
-8.26485
-8.25606
-8.24726
-8.23847
-8.22968
-8.22088
-8.21209
-8.20330
-8.19450
-8.18571
-8.17692
-8.16812
-8.15933
-8.15054
-8.14174
-8.13295
-8.12416
-8.11536
-8.10657
-8.09777
-8.08898
-8.08019
-8.07139
-8.06260
-8.05380
-8.04501
-8.03621
-8.02742
-8.01862
-8.00983
-8.00103
-7.99224
-7.98344
-7.97465
-7.96585
-7.95706
-7.94826
-7.93947
-7.93067
-7.92188
-7.91308
-7.90428
-7.89549
-7.88669
-7.87790
-7.86910
-7.86030
-7.85151
-7.84271
-7.83391
-7.82512
-7.81632
-7.80752
-7.79873
-7.78993
-7.78113
-7.77234
-7.76354
-7.75474
-7.74594
-7.73715
-7.72835
-7.71955
-7.71075
-7.70196
-7.69316
-7.68436
-7.67556
-7.66677
-7.65797
-7.64917
-7.64037
-7.63157
-7.62277
-7.61398
-7.60518
-7.59638
-7.58758
-7.57878
-7.56998
-7.56118
-7.55238
-7.54358
-7.53479
-7.52599
-7.51719
-7.50839
-7.49959
-7.49079
-7.48199
-7.47319
-7.46439
-7.45559
-7.44679
-7.43799
-7.42919
-7.42039
-7.41159
-7.40279
-7.39399
-7.38519
-7.37639
-7.36759
-7.35878
-7.34998
-7.34118
-7.33238
-7.32358
-7.31478
-7.30598
-7.29718
-7.28838
-7.27957
-7.27077
-7.26197
-7.25317
-7.24437
-7.23557
-7.22676
-7.21796
-7.20916
-7.20036
-7.19155
-7.18275
-7.17395
-7.16515
-7.15634
-7.14754
-7.13874
-7.12994
-7.12113
-7.11233
-7.10353
-7.09472
-7.08592
-7.07712
-7.06831
-7.05951
-7.05071
-7.04190
-7.03310
-7.02430
-7.01549
-7.00669
-6.99788
-6.98908
-6.98028
-6.97147
-6.96267
-6.95386
-6.94506
-6.93625
-6.92745
-6.91864
-6.90984
-6.90103
-6.89223
-6.88342
-6.87462
-6.86581
-6.85701
-6.84820
-6.83940
-6.83059
-6.82179
-6.81298
-6.80417
-6.79537
-6.78656
-6.77776
-6.76895
-6.76014
-6.75134
-6.74253
-6.73372
-6.72492
-6.71611
-6.70731
-6.69850
-6.68969
-6.68088
-6.67208
-6.66327
-6.65446
-6.64566
-6.63685
-6.62804
-6.61923
-6.61043
-6.60162
-6.59281
-6.58400
-6.57520
-6.56639
-6.55758
-6.54877
-6.53996
-6.53115
-6.52235
-6.51354
-6.50473
-6.49592
-6.48711
-6.47830
-6.46949
-6.46069
-6.45188
-6.44307
-6.43426
-6.42545
-6.41664
-6.40783
-6.39902
-6.39021
-6.38140
-6.37259
-6.36378
-6.35497
-6.34616
-6.33735
-6.32854
-6.31973
-6.31092
-6.30211
-6.29330
-6.28449
-6.27568
-6.26687
-6.25806
-6.24925
-6.24044
-6.23163
-6.22282
-6.21400
-6.20519
-6.19638
-6.18757
-6.17876
-6.16995
-6.16114
-6.15232
-6.14351
-6.13470
-6.12589
-6.11708
-6.10826
-6.09945
-6.09064
-6.08183
-6.07302
-6.06420
-6.05539
-6.04658
-6.03777
-6.02895
-6.02014
-6.01133
-6.00251
-5.99370
-5.98489
-5.97607
-5.96726
-5.95845
-5.94963
-5.94082
-5.93201
-5.92319
-5.91438
-5.90557
-5.89675
-5.88794
-5.87912
-5.87031
-5.86149
-5.85268
-5.84387
-5.83505
-5.82624
-5.81742
-5.80861
-5.79979
-5.79098
-5.78216
-5.77335
-5.76453
-5.75572
-5.74690
-5.73809
-5.72927
-5.72046
-5.71164
-5.70282
-5.69401
-5.68519
-5.67638
-5.66756
-5.65874
-5.64993
-5.64111
-5.63230
-5.62348
-5.61466
-5.60585
-5.59703
-5.58821
-5.57940
-5.57058
-5.56176
-5.55294
-5.54413
-5.53531
-5.52649
-5.51768
-5.50886
-5.50004
-5.49122
-5.48241
-5.47359
-5.46477
-5.45595
-5.44713
-5.43832
-5.42950
-5.42068
-5.41186
-5.40304
-5.39422
-5.38541
-5.37659
-5.36777
-5.35895
-5.35013
-5.34131
-5.33249
-5.32367
-5.31485
-5.30604
-5.29722
-5.28840
-5.27958
-5.27076
-5.26194
-5.25312
-5.24430
-5.23548
-5.22666
-5.21784
-5.20902
-5.20020
-5.19138
-5.18256
-5.17374
-5.16492
-5.15610
-5.14727
-5.13845
-5.12963
-5.12081
-5.11199
-5.10317
-5.09435
-5.08553
-5.07671
-5.06789
-5.05906
-5.05024
-5.04142
-5.03260
-5.02378
-5.01495
-5.00613
-4.99731
-4.98849
-4.97967
-4.97084
-4.96202
-4.95320
-4.94438
-4.93555
-4.92673
-4.91791
-4.90909
-4.90026
-4.89144
-4.88262
-4.87379
-4.86497
-4.85615
-4.84732
-4.83850
-4.82968
-4.82085
-4.81203
-4.80321
-4.79438
-4.78556
-4.77673
-4.76791
-4.75909
-4.75026
-4.74144
-4.73261
-4.72379
-4.71496
-4.70614
-4.69731
-4.68849
-4.67966
-4.67084
-4.66201
-4.65319
-4.64436
-4.63554
-4.62671
-4.61789
-4.60906
-4.60024
-4.59141
-4.58259
-4.57376
-4.56493
-4.55611
-4.54728
-4.53846
-4.52963
-4.52080
-4.51198
-4.50315
-4.49432
-4.48550
-4.47667
-4.46784
-4.45902
-4.45019
-4.44136
-4.43254
-4.42371
-4.41488
-4.40605
-4.39723
-4.38840
-4.37957
-4.37074
-4.36192
-4.35309
-4.34426
-4.33543
-4.32660
-4.31778
-4.30895
-4.30012
-4.29129
-4.28246
-4.27364
-4.26481
-4.25598
-4.24715
-4.23832
-4.22949
-4.22066
-4.21183
-4.20300
-4.19417
-4.18535
-4.17652
-4.16769
-4.15886
-4.15003
-4.14120
-4.13237
-4.12354
-4.11471
-4.10588
-4.09705
-4.08822
-4.07939
-4.07056
-4.06173
-4.05290
-4.04407
-4.03524
-4.02640
-4.01757
-4.00874
-3.99991
-3.99108
-3.98225
-3.97342
-3.96459
-3.95576
-3.94692
-3.93809
-3.92926
-3.92043
-3.91160
-3.90277
-3.89393
-3.88510
-3.87627
-3.86744
-3.85861
-3.84977
-3.84094
-3.83211
-3.82328
-3.81444
-3.80561
-3.79678
-3.78795
-3.77911
-3.77028
-3.76145
-3.75261
-3.74378
-3.73495
-3.72611
-3.71728
-3.70845
-3.69961
-3.69078
-3.68194
-3.67311
-3.66428
-3.65544
-3.64661
-3.63777
-3.62894
-3.62011
-3.61127
-3.60244
-3.59360
-3.58477
-3.57593
-3.56710
-3.55826
-3.54943
-3.54059
-3.53176
-3.52292
-3.51409
-3.50525
-3.49642
-3.48758
-3.47875
-3.46991
-3.46107
-3.45224
-3.44340
-3.43457
-3.42573
-3.41689
-3.40806
-3.39922
-3.39039
-3.38155
-3.37271
-3.36388
-3.35504
-3.34620
-3.33737
-3.32853
-3.31969
-3.31085
-3.30202
-3.29318
-3.28434
-3.27550
-3.26667
-3.25783
-3.24899
-3.24015
-3.23132
-3.22248
-3.21364
-3.20480
-3.19596
-3.18713
-3.17829
-3.16945
-3.16061
-3.15177
-3.14293
-3.13410
-3.12526
-3.11642
-3.10758
-3.09874
-3.08990
-3.08106
-3.07222
-3.06338
-3.05454
-3.04570
-3.03686
-3.02803
-3.01919
-3.01035
-3.00151
-2.99267
-2.98383
-2.97499
-2.96615
-2.95731
-2.94846
-2.93962
-2.93078
-2.92194
-2.91310
-2.90426
-2.89542
-2.88658
-2.87774
-2.86890
-2.86006
-2.85122
-2.84237
-2.83353
-2.82469
-2.81585
-2.80701
-2.79817
-2.78933
-2.78048
-2.77164
-2.76280
-2.75396
-2.74512
-2.73627
-2.72743
-2.71859
-2.70975
-2.70090
-2.69206
-2.68322
-2.67438
-2.66553
-2.65669
-2.64785
-2.63900
-2.63016
-2.62132
-2.61247
-2.60363
-2.59479
-2.58594
-2.57710
-2.56826
-2.55941
-2.55057
-2.54172
-2.53288
-2.52404
-2.51519
-2.50635
-2.49750
-2.48866
-2.47981
-2.47097
-2.46212
-2.45328
-2.44443
-2.43559
-2.42675
-2.41790
-2.40905
-2.40021
-2.39136
-2.38252
-2.37367
-2.36483
-2.35598
-2.34714
-2.33829
-2.32944
-2.32060
-2.31175
-2.30291
-2.29406
-2.28521
-2.27637
-2.26752
-2.25868
-2.24983
-2.24098
-2.23214
-2.22329
-2.21444
-2.20559
-2.19675
-2.18790
-2.17905
-2.17021
-2.16136
-2.15251
-2.14366
-2.13482
-2.12597
-2.11712
-2.10827
-2.09942
