1.00000
0.99881
0.99763
0.99645
0.99527
0.99409
0.99292
0.99175
0.99058
0.98942
0.98826
0.98710
0.98594
0.98479
0.98364
0.98249
0.98135
0.98020
0.97906
0.97793
0.97679
0.97566
0.97453
0.97340
0.97228
0.97116
0.97004
0.96893
0.96781
0.96670
0.96559
0.96449
0.96338
0.96228
0.96119
0.96009
0.95900
0.95791
0.95682
0.95574
0.95465
0.95357
0.95250
0.95142
0.95035
0.94928
0.94821
0.94715
0.94608
0.94502
0.94397
0.94291
0.94186
0.94081
0.93976
0.93871
0.93767
0.93663
0.93559
0.93456
0.93352
0.93249
0.93146
0.93044
0.92941
0.92839
0.92737
0.92635
0.92534
0.92433
0.92332
0.92231
0.92130
0.92030
0.91930
0.91830
0.91730
0.91631
0.91532
0.91433
0.91334
0.91236
0.91137
0.91039
0.90941
0.90844
0.90746
0.90649
0.90552
0.90455
0.90359
0.90263
0.90166
0.90071
0.89975
0.89879
0.89784
0.89689
0.89594
0.89500
0.89405
0.89311
0.89217
0.89123
0.89030
0.88937
0.88843
0.88750
0.88658
0.88565
0.88473
0.88381
0.88289
0.88197
0.88106
0.88014
0.87923
0.87832
0.87742
0.87651
0.87561
0.87471
0.87381
0.87291
0.87202
0.87112
0.87023
0.86934
0.86846
0.86757
0.86669
0.86581
0.86493
0.86405
0.86317
0.86230
0.86143
0.86056
0.85969
0.85882
0.85796
0.85710
0.85624
0.85538
0.85452
0.85367
0.85281
0.85196
0.85111
0.85026
0.84942
0.84858
0.84773
0.84689
0.84605
0.84522
0.84438
0.84355
0.84272
0.84189
0.84106
0.84023
0.83941
0.83859
0.83777
0.83695
0.83613
0.83531
0.83450
0.83369
0.83288
0.83207
0.83126
0.83046
0.82965
0.82885
0.82805
0.82725
0.82646
0.82566
0.82487
0.82407
0.82328
0.82250
0.82171
0.82092
0.82014
0.81936
0.81858
0.81780
0.81702
0.81625
0.81547
0.81470
0.81393
0.81316
0.81239
0.81163
0.81086
0.81010
0.80934
0.80858
0.80782
0.80707
0.80631
0.80556
0.80481
0.80406
0.80331
0.80256
0.80181
0.80107
0.80033
0.79959
0.79885
0.79811
0.79737
0.79664
0.79590
0.79517
0.79444
0.79371
0.79299
0.79226
0.79153
0.79081
0.79009
0.78937
0.78865
0.78793
0.78722
0.78650
0.78579
0.78508
0.78437
0.78366
0.78295
0.78225
0.78154
0.78084
0.78014
0.77944
0.77874
0.77804
0.77734
0.77665
0.77596
0.77526
0.77457
0.77389
0.77320
0.77251
0.77183
0.77114
0.77046
0.76978
0.76910
0.76842
0.76774
0.76707
0.76639
0.76572
0.76505
0.76438
0.76371
0.76304
0.76237
0.76171
0.76105
0.76038
0.75972
0.75906
0.75840
0.75775
0.75709
0.75643
0.75578
0.75513
0.75448
0.75383
0.75318
0.75253
0.75188
0.75124
0.75060
0.74995
0.74931
0.74867
0.74803
0.74740
0.74676
0.74612
0.74549
0.74486
0.74423
0.74360
0.74297
0.74234
0.74171
0.74109
0.74046
0.73984
0.73922
0.73860
0.73798
0.73736
0.73674
0.73612
0.73551
0.73490
0.73428
0.73367
0.73306
0.73245
0.73184
0.73124
0.73063
0.73003
0.72942
0.72882
0.72822
0.72762
0.72702
0.72642
0.72582
0.72523
0.72463
0.72404
0.72345
0.72286
0.72226
0.72168
0.72109
0.72050
0.71991
0.71933
0.71875
0.71816
0.71758
0.71700
0.71642
0.71584
0.71526
0.71469
0.71411
0.71354
0.71296
0.71239
0.71182
0.71125
0.71068
0.71011
0.70955
0.70898
0.70841
0.70785
0.70729
0.70672
0.70616
0.70560
0.70504
0.70449
0.70393
0.70337
0.70282
0.70226
0.70171
0.70116
0.70061
0.70006
0.69951
0.69896
0.69841
0.69786
0.69732
0.69677
0.69623
0.69569
0.69515
0.69461
0.69407
0.69353
0.69299
0.69245
0.69192
0.69138
0.69085
0.69031
0.68978
0.68925
0.68872
0.68819
0.68766
0.68713
0.68661
0.68608
0.68556
0.68503
0.68451
0.68399
0.68346
0.68294
0.68242
0.68191
0.68139
0.68087
0.68035
0.67984
0.67932
0.67881
0.67830
0.67779
0.67728
0.67677
0.67626
0.67575
0.67524
0.67473
0.67423
0.67372
0.67322
0.67272
0.67221
0.67171
0.67121
0.67071
0.67021
0.66971
0.66922
0.66872
0.66823
0.66773
0.66724
0.66674
0.66625
0.66576
0.66527
0.66478
0.66429
0.66380
0.66331
0.66283
0.66234
0.66185
0.66137
0.66089
0.66040
0.65992
0.65944
0.65896
0.65848
0.65800
0.65752
0.65705
0.65657
0.65609
0.65562
0.65514
0.65467
0.65420
0.65373
0.65325
0.65278
0.65231
0.65184
0.65138
0.65091
0.65044
0.64998
0.64951
0.64905
0.64858
0.64812
0.64766
0.64720
0.64673
0.64627
0.64581
0.64536
0.64490
0.64444
0.64398
0.64353
0.64307
0.64262
0.64216
0.64171
0.64126
0.64081
0.64036
0.63991
0.63946
0.63901
0.63856
0.63811
0.63767
0.63722
0.63677
0.63633
0.63589
0.63544
0.63500
0.63456
0.63412
0.63368
0.63324
0.63280
0.63236
0.63192
0.63148
0.63105
0.63061
0.63018
0.62974
0.62931
0.62887
0.62844
0.62801
0.62758
0.62715
0.62672
0.62629
0.62586
0.62543
0.62500
0.62458
0.62415
0.62372
0.62330
0.62288
0.62245
0.62203
0.62161
0.62118
0.62076
0.62034
0.61992
0.61950
0.61908
0.61867
0.61825
0.61783
0.61742
0.61700
0.61659
0.61617
0.61576
0.61534
0.61493
0.61452
0.61411
0.61370
0.61329
0.61288
0.61247
0.61206
0.61165
0.61124
0.61084
0.61043
0.61003
0.60962
0.60922
0.60881
0.60841
0.60801
0.60760
0.60720
0.60680
0.60640
0.60600
0.60560
0.60520
0.60481
0.60441
0.60401
0.60361
0.60322
0.60282
0.60243
0.60203
0.60164
0.60125
0.60086
0.60046
0.60007
0.59968
0.59929
0.59890
0.59851
0.59812
0.59773
0.59735
0.59696
0.59657
0.59619
0.59580
0.59542
0.59503
0.59465
0.59426
0.59388
0.59350
0.59312
0.59274
0.59235
0.59197
0.59159
0.59121
0.59084
0.59046
0.59008
0.58970
0.58933
0.58895
0.58857
0.58820
0.58782
0.58745
0.58708
0.58670
0.58633
0.58596
0.58559
0.58521
0.58484
0.58447
0.58410
0.58373
0.58337
0.58300
0.58263
0.58226
0.58190
0.58153
0.58116
0.58080
0.58043
0.58007
0.57970
0.57934
0.57898
0.57862
0.57825
0.57789
0.57753
0.57717
0.57681
0.57645
0.57609
0.57573
0.57537
0.57502
0.57466
0.57430
0.57394
0.57359
0.57323
0.57288
0.57252
0.57217
0.57181
0.57146
0.57111
0.57076
0.57040
0.57005
0.56970
0.56935
0.56900
0.56865
0.56830
0.56795
0.56760
0.56726
0.56691
0.56656
0.56621
0.56587
0.56552
0.56518
0.56483
0.56449
0.56414
0.56380
0.56346
0.56311
0.56277
0.56243
0.56209
0.56175
0.56140
0.56106
0.56072
0.56038
0.56005
0.55971
0.55937
0.55903
0.55869
0.55836
0.55802
0.55768
0.55735
0.55701
0.55668
0.55634
0.55601
0.55567
0.55534
0.55501
0.55467
0.55434
0.55401
0.55368
0.55335
0.55302
0.55269
0.55236
0.55203
0.55170
0.55137
0.55104
0.55071
0.55039
0.55006
0.54973
0.54941
0.54908
0.54875
0.54843
0.54810
0.54778
0.54746
0.54713
0.54681
0.54649
0.54616
0.54584
0.54552
0.54520
0.54488
0.54456
0.54424
0.54392
0.54360
0.54328
0.54296
0.54264
0.54232
0.54200
0.54169
0.54137
0.54105
0.54074
0.54042
0.54010
0.53979
0.53947
0.53916
0.53885
0.53853
0.53822
0.53790
0.53759
0.53728
0.53697
0.53666
0.53634
0.53603
0.53572
0.53541
0.53510
0.53479
0.53448
0.53417
0.53387
0.53356
0.53325
0.53294
0.53263
0.53233
0.53202
0.53171
0.53141
0.53110
0.53080
0.53049
0.53019
0.52988
0.52958
0.52928
0.52897
0.52867
0.52837
0.52807
0.52776
0.52746
0.52716
0.52686
0.52656
0.52626
0.52596
0.52566
0.52536
0.52506
0.52476
0.52446
0.52417
0.52387
0.52357
0.52327
0.52298
0.52268
0.52238
0.52209
0.52179
0.52150
0.52120
0.52091
0.52061
0.52032
0.52003
0.51973
0.51944
0.51915
0.51885
0.51856
0.51827
0.51798
0.51769
0.51740
0.51711
0.51682
0.51653
0.51624
0.51595
0.51566
0.51537
0.51508
0.51479
0.51450
0.51422
0.51393
0.51364
0.51335
0.51307
0.51278
0.51250
0.51221
0.51192
0.51164
0.51135
0.51107
0.51079
0.51050
0.51022
0.50994
0.50965
0.50937
0.50909
0.50881
0.50852
0.50824
0.50796
0.50768
0.50740
0.50712
0.50684
0.50656
0.50628
0.50600
0.50572
0.50544
0.50516
0.50488
0.50461
0.50433
0.50405
0.50377
0.50350
0.50322
0.50294
0.50267
0.50239
0.50212
0.50184
0.50157
0.50129
0.50102
0.50074
0.50047
0.50019
0.49992
0.49965
0.49938
0.49910
0.49883
0.49856
0.49829
0.49801
0.49774
0.49747
0.49720
0.49693
0.49666
0.49639
0.49612
0.49585
0.49558
0.49531
0.49504
0.49478
0.49451
0.49424
0.49397
0.49370
0.49344
0.49317
0.49290
0.49264
0.49237
0.49210
0.49184
0.49157
0.49131
0.49104
0.49078
0.49051
0.49025
0.48999
0.48972
0.48946
0.48919
0.48893
0.48867
0.48841
0.48814
0.48788
0.48762
0.48736
0.48710
0.48684
0.48658
0.48631
0.48605
0.48579
0.48553
0.48527
0.48501
0.48476
0.48450
0.48424
0.48398
0.48372
0.48346
0.48321
0.48295
0.48269
0.48243
0.48218
0.48192
0.48166
0.48141
0.48115
0.48090
0.48064
0.48038
0.48013
0.47987
0.47962
0.47937
0.47911
0.47886
0.47860
0.47835
0.47810
0.47784
0.47759
0.47734
0.47709
0.47683
0.47658
0.47633
0.47608
0.47583
0.47558
0.47533
0.47507
0.47482
0.47457
0.47432
0.47407
0.47382
0.47358
0.47333
0.47308
0.47283
0.47258
0.47233
0.47208
0.47184
0.47159
0.47134
0.47109
0.47085
0.47060
0.47035
0.47011
0.46986
0.46962
0.46937
0.46912
0.46888
0.46863
0.46839
0.46814
0.46790
0.46765
0.46741
0.46717
0.46692
0.46668
0.46644
0.46619
0.46595
0.46571
0.46547
0.46522
0.46498
0.46474
0.46450
0.46426
0.46402
0.46377
0.46353
0.46329
0.46305
0.46281
0.46257
0.46233
0.46209
0.46185
0.46161
0.46137
0.46114
0.46090
0.46066
0.46042
0.46018
0.45994
0.45971
0.45947
0.45923
0.45899
0.45876
0.45852
0.45828
0.45805
0.45781
0.45758
0.45734
0.45710
0.45687
0.45663
0.45640
0.45616
0.45593
0.45570
0.45546
0.45523
0.45499
0.45476
0.45453
0.45429
0.45406
0.45383
0.45359
0.45336
0.45313
0.45290
0.45266
0.45243
0.45220
0.45197
0.45174
0.45151
0.45128
0.45104
0.45081
0.45058
0.45035
0.45012
0.44989
0.44966
0.44943
0.44921
0.44898
0.44875
0.44852
0.44829
0.44806
0.44783
0.44760
0.44738
0.44715
0.44692
0.44669
0.44647
0.44624
0.44601
0.44579
0.44556
0.44533
0.44511
0.44488
0.44466
0.44443
0.44420
0.44398
0.44375
0.44353
0.44330
0.44308
0.44286
0.44263
0.44241
0.44218
0.44196
0.44174
0.44151
0.44129
0.44107
0.44084
0.44062
0.44040
0.44017
0.43995
0.43973
0.43951
0.43929
0.43907
0.43884
0.43862
0.43840
0.43818
0.43796
0.43774
0.43752
0.43730
0.43708
0.43686
0.43664
0.43642
0.43620
0.43598
0.43576
0.43554
0.43532
0.43510
0.43489
0.43467
0.43445
0.43423
0.43401
0.43380
0.43358
0.43336
0.43314
0.43293
0.43271
0.43249
0.43228
0.43206
0.43184
0.43163
0.43141
0.43120
0.43098
0.43076
0.43055
0.43033
0.43012
0.42990
0.42969
0.42947
0.42926
0.42905
0.42883
0.42862
0.42840
0.42819
0.42798
0.42776
0.42755
0.42734
0.42712
0.42691
0.42670
0.42649
0.42627
0.42606
0.42585
0.42564
0.42543
0.42521
0.42500
0.42479
0.42458
0.42437
0.42416
0.42395
0.42374
0.42353
0.42332
0.42311
0.42290
0.42269
0.42248
0.42227
0.42206
0.42185
0.42164
0.42143
0.42122
0.42101
0.42081
0.42060
0.42039
0.42018
0.41997
0.41977
0.41956
0.41935
0.41914
0.41894
0.41873
0.41852
0.41832
0.41811
0.41790
0.41770
0.41749
0.41728
0.41708
0.41687
0.41667
0.41646
0.41626
0.41605
0.41585
0.41564
0.41544
0.41523
0.41503
0.41482
0.41462
0.41441
0.41421
0.41401
0.41380
0.41360
0.41339
0.41319
0.41299
0.41279
0.41258
0.41238
0.41218
0.41197
0.41177
0.41157
0.41137
0.41117
0.41096
0.41076
0.41056
0.41036
0.41016
0.40996
0.40976
0.40956
0.40935
0.40915
0.40895
0.40875
0.40855
0.40835
0.40815
0.40795
0.40775
0.40755
0.40735
0.40716
0.40696
0.40676
0.40656
0.40636
0.40616
0.40596
0.40576
0.40557
0.40537
0.40517
0.40497
0.40477
0.40458
0.40438
0.40418
0.40398
0.40379
0.40359
0.40339
0.40320
0.40300
0.40280
0.40261
0.40241
0.40222
0.40202
0.40182
0.40163
0.40143
0.40124
0.40104
0.40085
0.40065
0.40046
0.40026
0.40007
0.39987
0.39968
0.39948
0.39929
0.39910
0.39890
0.39871
0.39851
0.39832
0.39813
0.39793
0.39774
0.39755
0.39735
0.39716
0.39697
0.39678
0.39658
0.39639
0.39620
0.39601
0.39582
0.39562
0.39543
0.39524
0.39505
0.39486
0.39467
0.39448
0.39428
0.39409
0.39390
0.39371
0.39352
0.39333
0.39314
0.39295
0.39276
0.39257
0.39238
0.39219
0.39200
0.39181
0.39162
0.39143
0.39124
0.39106
0.39087
0.39068
0.39049
0.39030
0.39011
0.38992
0.38974
0.38955
0.38936
0.38917
0.38898
0.38880
0.38861
0.38842
0.38823
0.38805
0.38786
0.38767
0.38749
0.38730
0.38711
0.38693
0.38674
0.38655
0.38637
0.38618
0.38600
0.38581
0.38562
0.38544
0.38525
0.38507
0.38488
0.38470
0.38451
0.38433
0.38414
0.38396
0.38377
0.38359
0.38340
0.38322
0.38304
0.38285
0.38267
0.38248
0.38230
0.38212
0.38193
0.38175
0.38157
0.38138
0.38120
0.38102
0.38084
0.38065
0.38047
0.38029
0.38011
0.37992
0.37974
0.37956
0.37938
0.37920
0.37901
0.37883
0.37865
0.37847
0.37829
0.37811
0.37793
0.37775
0.37756
0.37738
0.37720
0.37702
0.37684
0.37666
0.37648
0.37630
0.37612
0.37594
0.37576
0.37558
0.37540
0.37522
0.37504
0.37486
0.37469
0.37451
0.37433
0.37415
0.37397
0.37379
0.37361
0.37343
0.37326
0.37308
0.37290
0.37272
0.37254
0.37237
0.37219
0.37201
0.37183
0.37166
0.37148
0.37130
0.37112
0.37095
0.37077
0.37059
0.37042
0.37024
0.37006
0.36989
0.36971
0.36954
0.36936
0.36918
0.36901
0.36883
0.36866
0.36848
0.36831
0.36813
0.36796
0.36778
0.36761
0.36743
0.36726
0.36708
0.36691
0.36673
0.36656
0.36638
0.36621
0.36603
0.36586
0.36569
0.36551
0.36534
0.36517
0.36499
0.36482
0.36464
0.36447
0.36430
0.36413
0.36395
0.36378
0.36361
0.36343
0.36326
0.36309
0.36292
0.36274
0.36257
0.36240
0.36223
0.36206
0.36188
0.36171
0.36154
0.36137
0.36120
0.36103
0.36086
0.36069
0.36051
0.36034
0.36017
0.36000
0.35983
0.35966
0.35949
0.35932
0.35915
0.35898
0.35881
0.35864
0.35847
0.35830
0.35813
0.35796
0.35779
0.35762
0.35745
0.35728
0.35711
0.35695
0.35678
0.35661
0.35644
0.35627
0.35610
0.35593
0.35577
0.35560
0.35543
0.35526
0.35509
0.35492
0.35476
0.35459
0.35442
0.35425
0.35409
0.35392
0.35375
0.35359
0.35342
0.35325
0.35308
0.35292
0.35275
0.35258
0.35242
0.35225
0.35209
0.35192
0.35175
0.35159
0.35142
0.35126
0.35109
0.35092
0.35076
0.35059
0.35043
0.35026
0.35010
0.34993
0.34977
0.34960
0.34944
0.34927
0.34911
0.34894
0.34878
0.34861
0.34845
0.34829
0.34812
0.34796
0.34779
0.34763
0.34747
0.34730
0.34714
0.34697
0.34681
0.34665
0.34648
0.34632
0.34616
0.34600
0.34583
0.34567
0.34551
0.34534
0.34518
0.34502
0.34486
0.34470
0.34453
0.34437
0.34421
0.34405
0.34389
0.34372
0.34356
0.34340
0.34324
0.34308
0.34292
0.34275
0.34259
0.34243
0.34227
0.34211
0.34195
0.34179
0.34163
0.34147
0.34131
0.34115
0.34099
0.34083
0.34067
0.34051
0.34035
0.34019
0.34003
0.33987
0.33971
0.33955
0.33939
0.33923
0.33907
0.33891
0.33875
0.33859
0.33843
0.33828
0.33812
0.33796
0.33780
0.33764
0.33748
0.33732
0.33717
0.33701
0.33685
0.33669
0.33653
0.33638
0.33622
0.33606
0.33590
0.33575
0.33559
0.33543
0.33527
0.33512
0.33496
0.33480
0.33465
0.33449
0.33433
0.33418
0.33402
0.33386
0.33371
0.33355
0.33339
0.33324
0.33308
0.33292
0.33277
0.33261
0.33246
0.33230
0.33215
0.33199
0.33184
0.33168
0.33152
0.33137
0.33121
0.33106
0.33090
0.33075
0.33059
0.33044
0.33029
0.33013
0.32998
0.32982
0.32967
0.32951
0.32936
0.32921
0.32905
0.32890
0.32874
0.32859
0.32844
0.32828
0.32813
0.32798
0.32782
0.32767
0.32752
0.32736
0.32721
0.32706
0.32690
0.32675
0.32660
0.32645
0.32629
0.32614
0.32599
0.32584
0.32568
0.32553
0.32538
0.32523
0.32508
0.32492
0.32477
0.32462
0.32447
0.32432
0.32417
0.32401
0.32386
0.32371
0.32356
0.32341
0.32326
0.32311
0.32296
0.32281
0.32266
0.32251
0.32235
0.32220
0.32205
0.32190
0.32175
0.32160
0.32145
0.32130
0.32115
0.32100
0.32085
0.32070
0.32055
0.32041
0.32026
0.32011
0.31996
0.31981
0.31966
0.31951
0.31936
0.31921
0.31906
0.31891
0.31877
0.31862
0.31847
0.31832
0.31817
0.31802
0.31788
0.31773
0.31758
0.31743
0.31728
0.31714
0.31699
0.31684
0.31669
0.31655
0.31640
0.31625
0.31610
0.31596
0.31581
0.31566
0.31551
0.31537
0.31522
0.31507
0.31493
0.31478
0.31463
0.31449
0.31434
0.31419
0.31405
0.31390
0.31376
0.31361
0.31346
0.31332
0.31317
0.31303
0.31288
0.31274
0.31259
0.31244
0.31230
0.31215
0.31201
0.31186
0.31172
0.31157
0.31143
0.31128
0.31114
0.31099
0.31085
0.31070
0.31056
0.31042
0.31027
0.31013
0.30998
0.30984
0.30969
0.30955
0.30941
0.30926
0.30912
0.30898
0.30883
0.30869
0.30854
0.30840
0.30826
0.30811
0.30797
0.30783
0.30769
0.30754
0.30740
0.30726
0.30711
0.30697
0.30683
0.30669
0.30654
0.30640
0.30626
0.30612
0.30597
0.30583
0.30569
0.30555
0.30541
0.30526
0.30512
0.30498
0.30484
0.30470
0.30456
0.30442
0.30427
0.30413
0.30399
0.30385
0.30371
0.30357
0.30343
0.30329
0.30315
0.30300
0.30286
0.30272
0.30258
0.30244
0.30230
0.30216
0.30202
0.30188
0.30174
0.30160
0.30146
0.30132
0.30118
0.30104
0.30090
0.30076
0.30062
0.30048
0.30034
0.30021
0.30007
0.29993
0.29979
0.29965
0.29951
0.29937
0.29923
0.29909
0.29895
0.29882
0.29868
0.29854
0.29840
0.29826
0.29812
0.29799
0.29785
0.29771
0.29757
0.29743
0.29730
0.29716
0.29702
0.29688
0.29674
0.29661
0.29647
0.29633
0.29619
0.29606
0.29592
0.29578
0.29565
0.29551
0.29537
0.29524
0.29510
0.29496
0.29483
0.29469
0.29455
0.29442
0.29428
0.29414
0.29401
0.29387
0.29373
0.29360
0.29346
0.29333
0.29319
0.29305
0.29292
0.29278
0.29265
0.29251
0.29238
0.29224
0.29211
0.29197
0.29184
0.29170
0.29157
0.29143
0.29130
0.29116
0.29103
0.29089
0.29076
0.29062
0.29049
0.29035
0.29022
0.29008
0.28995
0.28982
0.28968
0.28955
0.28941
0.28928
0.28915
0.28901
0.28888
0.28874
0.28861
0.28848
0.28834
0.28821
0.28808
0.28794
0.28781
0.28768
0.28754
0.28741
0.28728
0.28715
0.28701
0.28688
0.28675
0.28661
0.28648
0.28635
0.28622
0.28608
0.28595
0.28582
0.28569
0.28556
0.28542
0.28529
0.28516
0.28503
0.28490
0.28476
0.28463
0.28450
0.28437
0.28424
0.28411
0.28397
0.28384
0.28371
0.28358
0.28345
0.28332
0.28319
0.28306
0.28293
0.28280
0.28266
0.28253
0.28240
0.28227
0.28214
0.28201
0.28188
0.28175
0.28162
0.28149
0.28136
0.28123
0.28110
0.28097
0.28084
0.28071
0.28058
0.28045
0.28032
0.28019
0.28006
0.27993
0.27980
0.27968
0.27955
0.27942
0.27929
0.27916
0.27903
0.27890
0.27877
0.27864
0.27852
0.27839
0.27826
0.27813
0.27800
0.27787
0.27774
0.27762
0.27749
0.27736
0.27723
0.27710
0.27698
0.27685
0.27672
0.27659
0.27646
0.27634
0.27621
0.27608
0.27595
0.27583
0.27570
0.27557
0.27544
0.27532
0.27519
0.27506
0.27494
0.27481
0.27468
0.27456
0.27443
0.27430
0.27418
0.27405
0.27392
0.27380
0.27367
0.27354
0.27342
0.27329
0.27316
0.27304
0.27291
0.27279
0.27266
0.27254
0.27241
0.27228
0.27216
0.27203
0.27191
0.27178
0.27166
0.27153
0.27141
0.27128
0.27115
0.27103
0.27090
0.27078
0.27065
0.27053
0.27041
0.27028
0.27016
0.27003
0.26991
0.26978
0.26966
0.26953
0.26941
0.26928
0.26916
0.26904
0.26891
0.26879
0.26866
0.26854
0.26842
0.26829
0.26817
0.26804
0.26792
0.26780
0.26767
0.26755
0.26743
0.26730
0.26718
0.26706
0.26693
0.26681
0.26669
0.26657
0.26644
0.26632
0.26620
0.26607
0.26595
0.26583
0.26571
0.26558
0.26546
0.26534
0.26522
0.26509
0.26497
0.26485
0.26473
0.26461
0.26448
0.26436
0.26424
0.26412
0.26400
0.26387
0.26375
0.26363
0.26351
0.26339
0.26327
0.26315
0.26302
0.26290
0.26278
0.26266
0.26254
0.26242
0.26230
0.26218
0.26206
0.26194
0.26181
0.26169
0.26157
0.26145
0.26133
0.26121
0.26109
0.26097
0.26085
0.26073
0.26061
0.26049
0.26037
0.26025
0.26013
0.26001
0.25989
0.25977
0.25965
0.25953
0.25941
0.25929
0.25917
0.25905
0.25893
0.25882
0.25870
0.25858
0.25846
0.25834
0.25822
0.25810
0.25798
0.25786
0.25774
0.25763
0.25751
0.25739
0.25727
0.25715
0.25703
0.25691
0.25680
0.25668
0.25656
0.25644
0.25632
0.25621
0.25609
0.25597
0.25585
0.25573
0.25562
0.25550
0.25538
0.25526
0.25515
0.25503
0.25491
0.25479
0.25468
0.25456
0.25444
0.25432
0.25421
0.25409
0.25397
0.25386
0.25374
0.25362
0.25351
0.25339
0.25327
0.25316
0.25304
0.25292
0.25281
0.25269
0.25257
0.25246
0.25234
0.25223
0.25211
0.25199
0.25188
0.25176
0.25165
0.25153
0.25141
0.25130
0.25118
0.25107
0.25095
0.25084
0.25072
0.25060
0.25049
0.25037
0.25026
0.25014
0.25003
0.24991
0.24980
0.24968
0.24957
0.24945
0.24934
0.24922
0.24911
0.24899
0.24888
0.24877
0.24865
0.24854
0.24842
0.24831
0.24819
0.24808
0.24797
0.24785
0.24774
0.24762
0.24751
0.24740
0.24728
0.24717
0.24705
0.24694
0.24683
0.24671
0.24660
0.24649
0.24637
0.24626
0.24615
0.24603
0.24592
0.24581
0.24569
0.24558
0.24547
0.24535
0.24524
0.24513
0.24502
0.24490
0.24479
0.24468
0.24457
0.24445
0.24434
0.24423
0.24412
0.24400
0.24389
0.24378
0.24367
0.24355
0.24344
0.24333
0.24322
0.24311
0.24300
0.24288
0.24277
0.24266
0.24255
0.24244
0.24233
0.24221
0.24210
0.24199
0.24188
0.24177
0.24166
0.24155
0.24144
0.24132
0.24121
0.24110
0.24099
0.24088
0.24077
0.24066
0.24055
0.24044
0.24033
0.24022
0.24011
0.24000
0.23989
0.23978
0.23966
0.23955
0.23944
0.23933
0.23922
0.23911
0.23900
0.23889
0.23878
0.23867
0.23857
0.23846
0.23835
0.23824
0.23813
0.23802
0.23791
0.23780
0.23769
0.23758
0.23747
0.23736
0.23725
0.23714
0.23703
0.23693
0.23682
0.23671
0.23660
0.23649
0.23638
0.23627
0.23616
0.23606
0.23595
0.23584
0.23573
0.23562
0.23551
0.23540
0.23530
0.23519
0.23508
0.23497
0.23486
0.23476
0.23465
0.23454
0.23443
0.23432
0.23422
0.23411
0.23400
0.23389
0.23379
0.23368
0.23357
0.23346
0.23336
0.23325
0.23314
0.23304
0.23293
0.23282
0.23271
0.23261
0.23250
0.23239
0.23229
0.23218
0.23207
0.23197
0.23186
0.23175
0.23165
0.23154
0.23143
0.23133
0.23122
0.23112
0.23101
0.23090
0.23080
0.23069
0.23059
0.23048
0.23037
0.23027
0.23016
0.23006
0.22995
0.22984
0.22974
0.22963
0.22953
0.22942
0.22932
0.22921
0.22911
0.22900
0.22890
0.22879
0.22869
0.22858
0.22848
0.22837
0.22827
0.22816
0.22806
0.22795
0.22785
0.22774
0.22764
0.22753
0.22743
0.22732
0.22722
0.22711
0.22701
0.22691
0.22680
0.22670
0.22659
0.22649
0.22638
0.22628
0.22618
0.22607
0.22597
0.22587
0.22576
0.22566
0.22555
0.22545
0.22535
0.22524
0.22514
0.22504
0.22493
0.22483
0.22473
0.22462
0.22452
0.22442
0.22431
0.22421
0.22411
0.22401
0.22390
0.22380
0.22370
0.22359
0.22349
0.22339
0.22329
0.22318
0.22308
0.22298
0.22288
0.22277
0.22267
0.22257
0.22247
0.22236
0.22226
0.22216
0.22206
0.22196
0.22185
0.22175
0.22165
0.22155
0.22145
0.22135
0.22124
0.22114
0.22104
0.22094
0.22084
0.22074
0.22063
0.22053
0.22043
0.22033
0.22023
0.22013
0.22003
0.21993
0.21983
0.21972
0.21962
0.21952
0.21942
0.21932
0.21922
0.21912
0.21902
0.21892
0.21882
0.21872
0.21862
0.21852
0.21842
0.21832
0.21822
0.21812
0.21802
0.21792
0.21782
0.21772
0.21762
0.21752
0.21742
0.21732
0.21722
0.21712
0.21702
0.21692
0.21682
0.21672
0.21662
0.21652
0.21642
0.21632
0.21622
0.21612
0.21602
0.21592
0.21582
0.21572
0.21563
0.21553
0.21543
0.21533
0.21523
0.21513
0.21503
0.21493
0.21483
0.21474
0.21464
0.21454
0.21444
0.21434
0.21424
0.21415
0.21405
0.21395
0.21385
0.21375
0.21365
0.21356
0.21346
0.21336
0.21326
0.21316
0.21307
0.21297
0.21287
0.21277
0.21268
0.21258
0.21248
0.21238
0.21229
0.21219
0.21209
0.21199
0.21190
0.21180
0.21170
0.21160
0.21151
0.21141
0.21131
0.21122
0.21112
0.21102
0.21092
0.21083
0.21073
0.21063
0.21054
0.21044
0.21034
0.21025
0.21015
0.21005
0.20996
0.20986
0.20977
0.20967
0.20957
0.20948
0.20938
0.20928
0.20919
0.20909
0.20900
0.20890
0.20880
0.20871
0.20861
0.20852
0.20842
0.20833
0.20823
0.20813
0.20804
0.20794
0.20785
0.20775
0.20766
0.20756
0.20747
0.20737
0.20728
0.20718
0.20709
0.20699
0.20690
0.20680
0.20671
0.20661
0.20652
0.20642
0.20633
0.20623
0.20614
0.20604
0.20595
0.20585
0.20576
0.20567
0.20557
0.20548
0.20538
0.20529
0.20519
0.20510
0.20501
0.20491
0.20482
0.20472
0.20463
0.20454
0.20444
0.20435
0.20425
0.20416
0.20407
0.20397
0.20388
0.20379
0.20369
0.20360
0.20351
0.20341
0.20332
0.20323
0.20313
0.20304
0.20295
0.20285
0.20276
0.20267
0.20257
0.20248
0.20239
0.20229
0.20220
0.20211
0.20202
0.20192
0.20183
0.20174
0.20165
0.20155
0.20146
0.20137
0.20128
0.20118
0.20109
0.20100
0.20091
0.20081
0.20072
0.20063
0.20054
0.20045
0.20035
0.20026
0.20017
0.20008
0.19999
0.19990
0.19980
0.19971
0.19962
0.19953
0.19944
0.19935
0.19925
0.19916
0.19907
0.19898
0.19889
0.19880
0.19871
0.19861
0.19852
0.19843
0.19834
0.19825
0.19816
0.19807
0.19798
0.19789
0.19780
0.19771
0.19761
0.19752
0.19743
0.19734
0.19725
0.19716
0.19707
0.19698
0.19689
0.19680
0.19671
0.19662
0.19653
0.19644
0.19635
0.19626
0.19617
0.19608
0.19599
0.19590
0.19581
0.19572
0.19563
0.19554
0.19545
0.19536
0.19527
0.19518
0.19509
0.19500
0.19491
0.19482
0.19473
0.19464
0.19456
0.19447
0.19438
0.19429
0.19420
0.19411
0.19402
0.19393
0.19384
0.19375
0.19366
0.19358
0.19349
0.19340
0.19331
0.19322
0.19313
0.19304
0.19295
0.19287
0.19278
0.19269
0.19260
0.19251
0.19242
0.19234
0.19225
0.19216
0.19207
0.19198
0.19190
0.19181
0.19172
0.19163
0.19154
0.19146
0.19137
0.19128
0.19119
0.19110
0.19102
0.19093
0.19084
0.19075
0.19067
0.19058
0.19049
0.19040
0.19032
0.19023
0.19014
0.19006
0.18997
0.18988
0.18979
0.18971
0.18962
0.18953
0.18945
0.18936
0.18927
0.18919
0.18910
0.18901
0.18892
0.18884
0.18875
0.18867
0.18858
0.18849
0.18841
0.18832
0.18823
0.18815
0.18806
0.18797
0.18789
0.18780
0.18772
0.18763
0.18754
0.18746
0.18737
0.18729
0.18720
0.18711
0.18703
0.18694
0.18686
0.18677
0.18668
0.18660
0.18651
0.18643
0.18634
0.18626
0.18617
0.18609
0.18600
0.18592
0.18583
0.18574
0.18566
0.18557
0.18549
0.18540
0.18532
0.18523
0.18515
0.18506
0.18498
0.18489
0.18481
0.18473
0.18464
0.18456
0.18447
0.18439
0.18430
0.18422
0.18413
0.18405
0.18396
0.18388
0.18380
0.18371
0.18363
0.18354
0.18346
0.18337
0.18329
0.18321
0.18312
0.18304
0.18295
0.18287
0.18279
0.18270
0.18262
0.18253
0.18245
0.18237
0.18228
0.18220
0.18212
0.18203
0.18195
0.18187
0.18178
0.18170
0.18162
0.18153
0.18145
0.18137
0.18128
0.18120
0.18112
0.18103
0.18095
0.18087
0.18078
0.18070
0.18062
0.18054
0.18045
0.18037
0.18029
0.18021
0.18012
0.18004
0.17996
0.17987
0.17979
0.17971
0.17963
0.17955
0.17946
0.17938
0.17930
0.17922
0.17913
0.17905
0.17897
0.17889
0.17881
0.17872
0.17864
0.17856
0.17848
0.17840
0.17831
0.17823
0.17815
0.17807
0.17799
0.17791
0.17782
0.17774
0.17766
0.17758
0.17750
0.17742
0.17734
0.17725
0.17717
0.17709
0.17701
0.17693
0.17685
0.17677
0.17669
0.17660
0.17652
0.17644
0.17636
0.17628
0.17620
0.17612
0.17604
0.17596
0.17588
0.17580
0.17572
0.17564
0.17555
0.17547
0.17539
0.17531
0.17523
0.17515
0.17507
0.17499
0.17491
0.17483
0.17475
0.17467
0.17459
0.17451
0.17443
0.17435
0.17427
0.17419
0.17411
0.17403
0.17395
0.17387
0.17379
0.17371
0.17363
0.17355
0.17347
0.17339
0.17331
0.17323
0.17316
0.17308
0.17300
0.17292
0.17284
0.17276
0.17268
0.17260
0.17252
0.17244
0.17236
0.17228
0.17221
0.17213
0.17205
0.17197
0.17189
0.17181
0.17173
0.17165
0.17157
0.17150
0.17142
0.17134
0.17126
0.17118
0.17110
0.17102
0.17095
0.17087
0.17079
0.17071
0.17063
0.17055
0.17048
0.17040
0.17032
0.17024
0.17016
0.17009
0.17001
0.16993
0.16985
0.16977
0.16970
0.16962
0.16954
0.16946
0.16939
0.16931
0.16923
0.16915
0.16907
0.16900
0.16892
0.16884
0.16876
0.16869
0.16861
0.16853
0.16846
0.16838
0.16830
0.16822
0.16815
0.16807
0.16799
0.16792
0.16784
0.16776
0.16768
0.16761
0.16753
0.16745
0.16738
0.16730
0.16722
0.16715
0.16707
0.16699
0.16692
0.16684
0.16676
0.16669
0.16661
0.16653
0.16646
0.16638
0.16631
0.16623
0.16615
0.16608
0.16600
0.16593
0.16585
0.16577
0.16570
0.16562
0.16555
0.16547
0.16539
0.16532
0.16524
0.16517
0.16509
0.16501
0.16494
0.16486
0.16479
0.16471
0.16464
0.16456
0.16449
0.16441
0.16433
0.16426
0.16418
0.16411
0.16403
0.16396
0.16388
0.16381
0.16373
0.16366
0.16358
0.16351
0.16343
0.16336
0.16328
0.16321
0.16313
0.16306
0.16298
0.16291
0.16283
0.16276
0.16269
0.16261
0.16254
0.16246
0.16239
0.16231
0.16224
0.16216
0.16209
0.16201
0.16194
0.16187
0.16179
0.16172
0.16164
0.16157
0.16150
0.16142
0.16135
0.16127
0.16120
0.16113
0.16105
0.16098
0.16090
0.16083
0.16076
0.16068
0.16061
0.16054
0.16046
0.16039
0.16032
0.16024
0.16017
0.16009
0.16002
0.15995
0.15987
0.15980
0.15973
0.15965
0.15958
0.15951
0.15944
0.15936
0.15929
0.15922
0.15914
0.15907
0.15900
0.15892
0.15885
0.15878
0.15871
0.15863
0.15856
0.15849
0.15842
0.15834
0.15827
0.15820
0.15812
0.15805
0.15798
0.15791
0.15783
0.15776
0.15769
0.15762
0.15755
0.15747
0.15740
0.15733
0.15726
0.15718
0.15711
0.15704
0.15697
0.15690
0.15682
0.15675
0.15668
0.15661
0.15654
0.15647
0.15639
0.15632
0.15625
0.15618
0.15611
0.15604
0.15596
0.15589
0.15582
0.15575
0.15568
0.15561
0.15554
0.15546
0.15539
0.15532
0.15525
0.15518
0.15511
0.15504
0.15497
0.15490
0.15482
0.15475
0.15468
0.15461
0.15454
0.15447
0.15440
0.15433
0.15426
0.15419
0.15412
0.15405
0.15397
0.15390
0.15383
0.15376
0.15369
0.15362
0.15355
0.15348
0.15341
0.15334
0.15327
0.15320
0.15313
0.15306
0.15299
0.15292
0.15285
0.15278
0.15271
0.15264
0.15257
0.15250
0.15243
0.15236
0.15229
0.15222
0.15215
0.15208
0.15201
0.15194
0.15187
0.15180
0.15173
0.15166
0.15159
0.15152
0.15145
0.15138
0.15131
0.15125
0.15118
0.15111
0.15104
0.15097
0.15090
0.15083
0.15076
0.15069
0.15062
0.15055
0.15048
0.15042
0.15035
0.15028
0.15021
0.15014
0.15007
0.15000
0.14993
0.14986
0.14980
0.14973
0.14966
0.14959
0.14952
0.14945
0.14938
0.14932
0.14925
0.14918
0.14911
0.14904
0.14897
0.14891
0.14884
0.14877
0.14870
0.14863
0.14856
0.14850
0.14843
0.14836
0.14829
0.14822
0.14816
0.14809
0.14802
0.14795
0.14789
0.14782
0.14775
0.14768
0.14761
0.14755
0.14748
0.14741
0.14734
0.14728
0.14721
0.14714
0.14707
0.14701
0.14694
0.14687
0.14680
0.14674
0.14667
0.14660
0.14654
0.14647
0.14640
0.14633
0.14627
0.14620
0.14613
0.14607
0.14600
0.14593
0.14586
0.14580
0.14573
0.14566
0.14560
0.14553
0.14546
0.14540
0.14533
0.14526
0.14520
0.14513
0.14506
0.14500
0.14493
0.14486
0.14480
0.14473
0.14467
0.14460
0.14453
0.14447
0.14440
0.14433
0.14427
0.14420
0.14414
0.14407
0.14400
0.14394
0.14387
0.14381
0.14374
0.14367
0.14361
0.14354
0.14348
0.14341
0.14335
0.14328
0.14321
0.14315
0.14308
0.14302
0.14295
0.14289
0.14282
0.14275
0.14269
0.14262
0.14256
0.14249
0.14243
0.14236
0.14230
0.14223
0.14217
0.14210
0.14204
0.14197
0.14191
0.14184
0.14178
0.14171
0.14165
0.14158
0.14152
0.14145
0.14139
0.14132
0.14126
0.14119
0.14113
0.14106
0.14100
0.14093
0.14087
0.14080
0.14074
0.14068
0.14061
0.14055
0.14048
0.14042
0.14035
0.14029
0.14022
0.14016
0.14010
0.14003
0.13997
0.13990
0.13984
0.13978
0.13971
0.13965
0.13958
0.13952
0.13946
0.13939
0.13933
0.13926
0.13920
0.13914
0.13907
0.13901
0.13894
0.13888
0.13882
0.13875
0.13869
0.13863
0.13856
0.13850
0.13844
0.13837
0.13831
0.13825
0.13818
0.13812
0.13806
0.13799
0.13793
0.13787
0.13780
0.13774
0.13768
0.13761
0.13755
0.13749
0.13742
0.13736
0.13730
0.13724
0.13717
0.13711
0.13705
0.13698
0.13692
0.13686
0.13680
0.13673
0.13667
0.13661
0.13654
0.13648
0.13642
0.13636
0.13629
0.13623
0.13617
0.13611
0.13605
0.13598
0.13592
0.13586
0.13580
0.13573
0.13567
0.13561
0.13555
0.13548
0.13542
0.13536
0.13530
0.13524
0.13517
0.13511
0.13505
0.13499
0.13493
0.13487
0.13480
0.13474
0.13468
0.13462
0.13456
0.13449
0.13443
0.13437
0.13431
0.13425
0.13419
0.13413
0.13406
0.13400
0.13394
0.13388
0.13382
0.13376
0.13370
0.13363
0.13357
0.13351
0.13345
0.13339
0.13333
0.13327
0.13321
0.13314
0.13308
0.13302
0.13296
0.13290
0.13284
0.13278
0.13272
0.13266
0.13260
0.13254
0.13247
0.13241
0.13235
0.13229
0.13223
0.13217
0.13211
0.13205
0.13199
0.13193
0.13187
0.13181
0.13175
0.13169
0.13163
0.13157
0.13151
0.13145
0.13139
0.13133
0.13127
0.13121
0.13115
0.13109
0.13103
0.13097
0.13091
0.13085
0.13079
0.13073
0.13067
0.13061
0.13055
0.13049
0.13043
0.13037
0.13031
0.13025
0.13019
0.13013
0.13007
0.13001
0.12995
0.12989
0.12983
0.12977
0.12971
0.12965
0.12959
0.12953
0.12947
0.12941
0.12935
0.12929
0.12924
0.12918
0.12912
0.12906
0.12900
0.12894
0.12888
0.12882
0.12876
0.12870
0.12864
0.12859
0.12853
0.12847
0.12841
0.12835
0.12829
0.12823
0.12817
0.12811
0.12806
0.12800
0.12794
0.12788
0.12782
0.12776
0.12770
0.12765
0.12759
0.12753
0.12747
0.12741
0.12735
0.12729
0.12724
0.12718
0.12712
0.12706
0.12700
0.12695
0.12689
0.12683
0.12677
0.12671
0.12665
0.12660
0.12654
0.12648
0.12642
0.12636
0.12631
0.12625
0.12619
0.12613
0.12608
0.12602
0.12596
0.12590
0.12584
0.12579
0.12573
0.12567
0.12561
0.12556
0.12550
0.12544
0.12538
0.12533
0.12527
0.12521
0.12515
0.12510
0.12504
0.12498
0.12492
0.12487
0.12481
0.12475
0.12470
0.12464
0.12458
0.12452
0.12447
0.12441
0.12435
0.12430
0.12424
0.12418
0.12412
0.12407
0.12401
0.12395
0.12390
0.12384
0.12378
0.12373
0.12367
0.12361
0.12356
0.12350
0.12344
0.12339
0.12333
0.12327
0.12322
0.12316
0.12310
0.12305
0.12299
0.12294
0.12288
0.12282
0.12277
0.12271
0.12265
0.12260
0.12254
0.12249
0.12243
0.12237
0.12232
0.12226
0.12221
0.12215
0.12209
0.12204
0.12198
0.12193
0.12187
0.12181
0.12176
0.12170
0.12165
0.12159
0.12153
0.12148
0.12142
0.12137
0.12131
0.12126
0.12120
0.12115
0.12109
0.12103
0.12098
0.12092
0.12087
0.12081
0.12076
0.12070
0.12065
0.12059
0.12054
0.12048
0.12043
0.12037
0.12031
0.12026
0.12020
0.12015
0.12009
0.12004
0.11998
0.11993
0.11987
0.11982
0.11976
0.11971
0.11965
0.11960
0.11955
0.11949
0.11944
0.11938
0.11933
0.11927
0.11922
0.11916
0.11911
0.11905
0.11900
0.11894
0.11889
0.11883
0.11878
0.11873
0.11867
0.11862
0.11856
0.11851
0.11845
0.11840
0.11835
0.11829
0.11824
0.11818
0.11813
0.11807
0.11802
0.11797
0.11791
0.11786
0.11780
0.11775
0.11770
0.11764
0.11759
0.11753
0.11748
0.11743
0.11737
0.11732
0.11727
0.11721
0.11716
0.11710
0.11705
0.11700
0.11694
0.11689
0.11684
0.11678
0.11673
0.11668
0.11662
0.11657
0.11651
0.11646
0.11641
0.11635
0.11630
0.11625
0.11619
0.11614
0.11609
0.11604
0.11598
0.11593
0.11588
0.11582
0.11577
0.11572
0.11566
0.11561
0.11556
0.11550
0.11545
0.11540
0.11535
0.11529
0.11524
0.11519
0.11513
0.11508
0.11503
0.11498
0.11492
0.11487
0.11482
0.11477
0.11471
0.11466
0.11461
0.11456
0.11450
0.11445
0.11440
0.11435
0.11429
0.11424
0.11419
0.11414
0.11408
0.11403
0.11398
0.11393
0.11387
0.11382
0.11377
0.11372
0.11367
0.11361
0.11356
0.11351
0.11346
0.11341
0.11335
0.11330
0.11325
0.11320
0.11315
0.11309
0.11304
0.11299
0.11294
0.11289
0.11284
0.11278
0.11273
0.11268
0.11263
0.11258
0.11253
0.11247
0.11242
0.11237
0.11232
0.11227
0.11222
0.11216
0.11211
0.11206
0.11201
0.11196
0.11191
0.11186
0.11181
0.11175
0.11170
0.11165
0.11160
0.11155
0.11150
0.11145
0.11140
0.11134
0.11129
0.11124
0.11119
0.11114
0.11109
0.11104
0.11099
0.11094
0.11089
0.11084
0.11078
0.11073
0.11068
0.11063
0.11058
0.11053
0.11048
0.11043
0.11038
0.11033
0.11028
0.11023
0.11018
0.11013
0.11008
0.11003
0.10998
0.10992
0.10987
0.10982
0.10977
0.10972
0.10967
0.10962
0.10957
0.10952
0.10947
0.10942
0.10937
0.10932
0.10927
0.10922
0.10917
0.10912
0.10907
0.10902
0.10897
0.10892
0.10887
0.10882
0.10877
0.10872
0.10867
0.10862
0.10857
0.10852
0.10847
0.10842
0.10837
0.10832
0.10827
0.10822
0.10817
0.10813
0.10808
0.10803
0.10798
0.10793
0.10788
0.10783
0.10778
0.10773
0.10768
0.10763
0.10758
0.10753
0.10748
0.10743
0.10738
0.10734
0.10729
0.10724
0.10719
0.10714
0.10709
0.10704
0.10699
0.10694
0.10689
0.10684
0.10680
0.10675
0.10670
0.10665
0.10660
0.10655
0.10650
0.10645
0.10640
0.10636
0.10631
0.10626
0.10621
0.10616
0.10611
0.10606
0.10601
0.10597
0.10592
0.10587
0.10582
0.10577
0.10572
0.10567
0.10563
0.10558
0.10553
0.10548
0.10543
0.10538
0.10534
0.10529
0.10524
0.10519
0.10514
0.10510
0.10505
0.10500
0.10495
0.10490
0.10485
0.10481
0.10476
0.10471
0.10466
0.10461
0.10457
0.10452
0.10447
0.10442
0.10437
0.10433
0.10428
0.10423
0.10418
0.10414
0.10409
0.10404
0.10399
0.10395
0.10390
0.10385
0.10380
0.10375
0.10371
0.10366
0.10361
0.10356
0.10352
0.10347
0.10342
0.10337
0.10333
0.10328
0.10323
0.10319
0.10314
0.10309
0.10304
0.10300
0.10295
0.10290
0.10285
0.10281
0.10276
0.10271
0.10267
0.10262
0.10257
0.10253
0.10248
0.10243
0.10238
0.10234
0.10229
0.10224
0.10220
0.10215
0.10210
0.10206
0.10201
0.10196
0.10192
0.10187
0.10182
0.10178
0.10173
0.10168
0.10164
0.10159
0.10154
0.10150
0.10145
0.10140
0.10136
0.10131
0.10126
0.10122
0.10117
0.10112
0.10108
0.10103
0.10099
0.10094
0.10089
0.10085
0.10080
0.10075
0.10071
0.10066
0.10062
0.10057
0.10052
0.10048
0.10043
0.10039
0.10034
0.10029
0.10025
0.10020
0.10016
0.10011
0.10006
0.10002
0.09997
0.09993
0.09988
0.09984
0.09979
0.09974
0.09970
0.09965
0.09961
0.09956
0.09952
0.09947
0.09942
0.09938
0.09933
0.09929
0.09924
0.09920
0.09915
0.09911
0.09906
0.09901
0.09897
0.09892
0.09888
0.09883
0.09879
0.09874
0.09870
0.09865
0.09861
0.09856
0.09852
0.09847
0.09843
0.09838
0.09834
0.09829
0.09825
0.09820
0.09816
0.09811
0.09807
0.09802
0.09798
0.09793
0.09789
0.09784
0.09780
0.09775
0.09771
0.09766
0.09762
0.09757
0.09753
0.09748
0.09744
0.09739
0.09735
0.09730
0.09726
0.09722
0.09717
0.09713
0.09708
0.09704
0.09699
0.09695
0.09690
0.09686
0.09682
0.09677
0.09673
0.09668
0.09664
0.09659
0.09655
0.09650
0.09646
0.09642
0.09637
0.09633
0.09628
0.09624
0.09620
0.09615
0.09611
0.09606
0.09602
0.09598
0.09593
0.09589
0.09584
0.09580
0.09576
0.09571
0.09567
0.09562
0.09558
0.09554
0.09549
0.09545
0.09541
0.09536
0.09532
0.09527
0.09523
0.09519
0.09514
0.09510
0.09506
0.09501
0.09497
0.09493
0.09488
0.09484
0.09479
0.09475
0.09471
0.09466
0.09462
0.09458
0.09453
0.09449
0.09445
0.09440
0.09436
0.09432
0.09427
0.09423
0.09419
0.09415
0.09410
0.09406
0.09402
0.09397
0.09393
0.09389
0.09384
0.09380
0.09376
0.09371
0.09367
0.09363
0.09359
0.09354
0.09350
0.09346
0.09341
0.09337
0.09333
0.09329
0.09324
0.09320
0.09316
0.09311
0.09307
0.09303
0.09299
0.09294
0.09290
0.09286
0.09282
0.09277
0.09273
0.09269
0.09265
0.09260
0.09256
0.09252
0.09248
0.09243
0.09239
0.09235
0.09231
0.09227
0.09222
0.09218
0.09214
0.09210
0.09205
0.09201
0.09197
0.09193
0.09189
0.09184
0.09180
0.09176
0.09172
0.09167
0.09163
0.09159
0.09155
0.09151
0.09146
0.09142
0.09138
0.09134
0.09130
0.09126
0.09121
0.09117
0.09113
0.09109
0.09105
0.09100
0.09096
0.09092
0.09088
0.09084
0.09080
0.09075
0.09071
0.09067
0.09063
0.09059
0.09055
0.09051
0.09046
0.09042
0.09038
0.09034
0.09030
0.09026
0.09022
0.09017
0.09013
0.09009
0.09005
0.09001
0.08997
0.08993
0.08989
0.08984
0.08980
0.08976
0.08972
0.08968
0.08964
0.08960
0.08956
0.08952
0.08947
0.08943
0.08939
0.08935
0.08931
0.08927
0.08923
0.08919
0.08915
0.08911
0.08906
0.08902
0.08898
0.08894
0.08890
0.08886
0.08882
0.08878
0.08874
0.08870
0.08866
0.08862
0.08858
0.08854
0.08850
0.08845
0.08841
0.08837
0.08833
0.08829
0.08825
0.08821
0.08817
0.08813
0.08809
0.08805
0.08801
0.08797
0.08793
0.08789
0.08785
0.08781
0.08777
0.08773
0.08769
0.08765
0.08761
0.08757
0.08753
0.08749
0.08745
0.08741
0.08737
0.08733
0.08729
0.08725
0.08721
0.08717
0.08713
0.08709
0.08705
0.08701
0.08697
0.08693
0.08689
0.08685
0.08681
0.08677
0.08673
0.08669
0.08665
0.08661
0.08657
0.08653
0.08649
0.08645
0.08641
0.08637
0.08633
0.08629
0.08625
0.08621
0.08617
0.08613
0.08609
0.08605
0.08602
0.08598
0.08594
0.08590
0.08586
0.08582
0.08578
0.08574
0.08570
0.08566
0.08562
0.08558
0.08554
0.08550
0.08546
0.08543
0.08539
0.08535
0.08531
0.08527
0.08523
0.08519
0.08515
0.08511
0.08507
0.08503
0.08500
0.08496
0.08492
0.08488
0.08484
0.08480
0.08476
0.08472
0.08468
0.08465
0.08461
0.08457
0.08453
0.08449
0.08445
0.08441
0.08437
0.08434
0.08430
0.08426
0.08422
0.08418
0.08414
0.08410
0.08407
0.08403
0.08399
0.08395
0.08391
0.08387
0.08384
0.08380
0.08376
0.08372
0.08368
0.08364
0.08360
0.08357
0.08353
0.08349
0.08345
0.08341
0.08338
0.08334
0.08330
0.08326
0.08322
0.08318
0.08315
0.08311
0.08307
0.08303
0.08299
0.08296
0.08292
0.08288
0.08284
0.08280
0.08277
0.08273
0.08269
0.08265
0.08261
0.08258
0.08254
0.08250
0.08246
0.08242
0.08239
0.08235
0.08231
0.08227
0.08224
0.08220
0.08216
0.08212
0.08209
0.08205
0.08201
0.08197
0.08194
0.08190
0.08186
0.08182
0.08179
0.08175
0.08171
0.08167
0.08164
0.08160
0.08156
0.08152
0.08149
0.08145
0.08141
0.08137
0.08134
0.08130
0.08126
0.08122
0.08119
0.08115
0.08111
0.08108
0.08104
0.08100
0.08096
0.08093
0.08089
0.08085
0.08082
0.08078
0.08074
0.08070
0.08067
0.08063
0.08059
0.08056
0.08052
0.08048
0.08045
0.08041
0.08037
0.08034
0.08030
0.08026
0.08023
0.08019
0.08015
0.08012
0.08008
0.08004
0.08001
0.07997
0.07993
0.07990
0.07986
0.07982
0.07979
0.07975
0.07971
0.07968
0.07964
0.07960
0.07957
0.07953
0.07949
0.07946
0.07942
0.07938
0.07935
0.07931
0.07927
0.07924
0.07920
0.07917
0.07913
0.07909
0.07906
0.07902
0.07898
0.07895
0.07891
0.07888
0.07884
0.07880
0.07877
0.07873
0.07870
0.07866
0.07862
0.07859
0.07855
0.07852
0.07848
0.07844
0.07841
0.07837
0.07834
0.07830
0.07826
0.07823
0.07819
0.07816
0.07812
0.07808
0.07805
0.07801
0.07798
0.07794
0.07791
0.07787
0.07783
0.07780
0.07776
0.07773
0.07769
0.07766
0.07762
0.07758
0.07755
0.07751
0.07748
0.07744
0.07741
0.07737
0.07734
0.07730
0.07727
0.07723
0.07719
0.07716
0.07712
0.07709
0.07705
0.07702
0.07698
0.07695
0.07691
0.07688
0.07684
0.07681
0.07677
0.07674
0.07670
0.07667
0.07663
0.07660
0.07656
0.07653
0.07649
0.07646
0.07642
0.07638
0.07635
0.07631
0.07628
0.07625
0.07621
0.07618
0.07614
0.07611
0.07607
0.07604
0.07600
0.07597
0.07593
0.07590
0.07586
0.07583
0.07579
0.07576
0.07572
0.07569
0.07565
0.07562
0.07558
0.07555
0.07551
0.07548
0.07545
0.07541
0.07538
0.07534
0.07531
0.07527
0.07524
0.07520
0.07517
0.07513
0.07510
0.07507
0.07503
0.07500
0.07496
0.07493
0.07489
0.07486
0.07483
0.07479
0.07476
0.07472
0.07469
0.07465
0.07462
0.07459
0.07455
0.07452
0.07448
0.07445
0.07441
0.07438
0.07435
0.07431
0.07428
0.07424
0.07421
0.07418
0.07414
0.07411
0.07407
0.07404
0.07401
0.07397
0.07394
0.07390
0.07387
0.07384
0.07380
0.07377
0.07374
0.07370
0.07367
0.07363
0.07360
