-39.09009
-39.08928
-39.08755
-39.08547
-39.08324
-39.08095
-39.07864
-39.07632
-39.07400
-39.07168
-39.06936
-39.06703
-39.06471
-39.06238
-39.06006
-39.05773
-39.05541
-39.05308
-39.05076
-39.04843
-39.04610
-39.04378
-39.04145
-39.03912
-39.03680
-39.03447
-39.03214
-39.02982
-39.02749
-39.02516
-39.02283
-39.02051
-39.01818
-39.01585
-39.01352
-39.01119
-39.00886
-39.00653
-39.00420
-39.00188
-38.99955
-38.99722
-38.99489
-38.99256
-38.99023
-38.98790
-38.98556
-38.98323
-38.98090
-38.97857
-38.97624
-38.97391
-38.97158
-38.96924
-38.96691
-38.96458
-38.96225
-38.95992
-38.95758
-38.95525
-38.95292
-38.95058
-38.94825
-38.94592
-38.94358
-38.94125
-38.93891
-38.93658
-38.93424
-38.93191
-38.92957
-38.92724
-38.92490
-38.92257
-38.92023
-38.91790
-38.91556
-38.91322
-38.91089
-38.90855
-38.90621
-38.90388
-38.90154
-38.89920
-38.89686
-38.89453
-38.89219
-38.88985
-38.88751
-38.88517
-38.88284
-38.88050
-38.87816
-38.87582
-38.87348
-38.87114
-38.86880
-38.86646
-38.86412
-38.86178
-38.85944
-38.85710
-38.85476
-38.85242
-38.85008
-38.84773
-38.84539
-38.84305
-38.84071
-38.83837
-38.83602
-38.83368
-38.83134
-38.82900
-38.82665
-38.82431
-38.82197
-38.81962
-38.81728
-38.81494
-38.81259
-38.81025
-38.80790
-38.80556
-38.80321
-38.80087
-38.79852
-38.79618
-38.79383
-38.79149
-38.78914
-38.78679
-38.78445
-38.78210
-38.77976
-38.77741
-38.77506
-38.77271
-38.77037
-38.76802
-38.76567
-38.76332
-38.76098
-38.75863
-38.75628
-38.75393
-38.75158
-38.74923
-38.74688
-38.74453
-38.74218
-38.73983
-38.73748
-38.73513
-38.73278
-38.73043
-38.72808
-38.72573
-38.72338
-38.72103
-38.71868
-38.71633
-38.71398
-38.71162
-38.70927
-38.70692
-38.70457
-38.70221
-38.69986
-38.69751
-38.69515
-38.69280
-38.69045
-38.68809
-38.68574
-38.68339
-38.68103
-38.67868
-38.67632
-38.67397
-38.67161
-38.66926
-38.66690
-38.66455
-38.66219
-38.65983
-38.65748
-38.65512
-38.65276
-38.65041
-38.64805
-38.64569
-38.64334
-38.64098
-38.63862
-38.63626
-38.63391
-38.63155
-38.62919
-38.62683
-38.62447
-38.62211
-38.61975
-38.61739
-38.61503
-38.61268
-38.61032
-38.60796
-38.60559
-38.60323
-38.60087
-38.59851
-38.59615
-38.59379
-38.59143
-38.58907
-38.58671
-38.58434
-38.58198
-38.57962
-38.57726
-38.57490
-38.57253
-38.57017
-38.56781
-38.56544
-38.56308
-38.56072
-38.55835
-38.55599
-38.55362
-38.55126
-38.54889
-38.54653
-38.54416
-38.54180
-38.53943
-38.53707
-38.53470
-38.53234
-38.52997
-38.52760
-38.52524
-38.52287
-38.52050
-38.51814
-38.51577
-38.51340
-38.51103
-38.50867
-38.50630
-38.50393
-38.50156
-38.49919
-38.49682
-38.49446
-38.49209
-38.48972
-38.48735
-38.48498
-38.48261
-38.48024
-38.47787
-38.47550
-38.47313
-38.47076
-38.46838
-38.46601
-38.46364
-38.46127
-38.45890
-38.45653
-38.45415
-38.45178
-38.44941
-38.44704
-38.44466
-38.44229
-38.43992
-38.43754
-38.43517
-38.43280
-38.43042
-38.42805
-38.42567
-38.42330
-38.42093
-38.41855
-38.41618
-38.41380
-38.41142
-38.40905
-38.40667
-38.40430
-38.40192
-38.39954
-38.39717
-38.39479
-38.39241
-38.39004
-38.38766
-38.38528
-38.38290
-38.38053
-38.37815
-38.37577
-38.37339
-38.37101
-38.36863
-38.36626
-38.36388
-38.36150
-38.35912
-38.35674
-38.35436
-38.35198
-38.34960
-38.34722
-38.34484
-38.34245
-38.34007
-38.33769
-38.33531
-38.33293
-38.33055
-38.32817
-38.32578
-38.32340
-38.32102
-38.31864
-38.31625
-38.31387
-38.31149
-38.30910
-38.30672
-38.30433
-38.30195
-38.29957
-38.29718
-38.29480
-38.29241
-38.29003
-38.28764
-38.28526
-38.28287
-38.28049
-38.27810
-38.27571
-38.27333
-38.27094
-38.26855
-38.26617
-38.26378
-38.26139
-38.25900
-38.25662
-38.25423
-38.25184
-38.24945
-38.24706
-38.24468
-38.24229
-38.23990
-38.23751
-38.23512
-38.23273
-38.23034
-38.22795
-38.22556
-38.22317
-38.22078
-38.21839
-38.21600
-38.21361
-38.21122
-38.20882
-38.20643
-38.20404
-38.20165
-38.19926
-38.19686
-38.19447
-38.19208
-38.18969
-38.18729
-38.18490
-38.18250
-38.18011
-38.17772
-38.17532
-38.17293
-38.17053
-38.16814
-38.16574
-38.16335
-38.16095
-38.15856
-38.15616
-38.15377
-38.15137
-38.14898
-38.14658
-38.14418
-38.14179
-38.13939
-38.13699
-38.13459
-38.13220
-38.12980
-38.12740
-38.12500
-38.12260
-38.12021
-38.11781
-38.11541
-38.11301
-38.11061
-38.10821
-38.10581
-38.10341
-38.10101
-38.09861
-38.09621
-38.09381
-38.09141
-38.08901
-38.08661
-38.08421
-38.08180
-38.07940
-38.07700
-38.07460
-38.07220
-38.06979
-38.06739
-38.06499
-38.06258
-38.06018
-38.05778
-38.05537
-38.05297
-38.05057
-38.04816
-38.04576
-38.04335
-38.04095
-38.03854
-38.03614
-38.03373
-38.03133
-38.02892
-38.02652
-38.02411
-38.02170
-38.01930
-38.01689
-38.01448
-38.01208
-38.00967
-38.00726
-38.00485
-38.00245
-38.00004
-37.99763
-37.99522
-37.99281
-37.99040
-37.98799
-37.98558
-37.98318
-37.98077
-37.97836
-37.97595
-37.97354
-37.97113
-37.96871
-37.96630
-37.96389
-37.96148
-37.95907
-37.95666
-37.95425
-37.95184
-37.94942
-37.94701
-37.94460
-37.94219
-37.93977
-37.93736
-37.93495
-37.93253
-37.93012
-37.92771
-37.92529
-37.92288
-37.92046
-37.91805
-37.91563
-37.91322
-37.91080
-37.90839
-37.90597
-37.90356
-37.90114
-37.89872
-37.89631
-37.89389
-37.89147
-37.88906
-37.88664
-37.88422
-37.88181
-37.87939
-37.87697
-37.87455
-37.87213
-37.86972
-37.86730
-37.86488
-37.86246
-37.86004
-37.85762
-37.85520
-37.85278
-37.85036
-37.84794
-37.84552
-37.84310
-37.84068
-37.83826
-37.83584
-37.83342
-37.83099
-37.82857
-37.82615
-37.82373
-37.82131
-37.81888
-37.81646
-37.81404
-37.81161
-37.80919
-37.80677
-37.80434
-37.80192
-37.79950
-37.79707
-37.79465
-37.79222
-37.78980
-37.78737
-37.78495
-37.78252
-37.78010
-37.77767
-37.77524
-37.77282
-37.77039
-37.76796
-37.76554
-37.76311
-37.76068
-37.75826
-37.75583
-37.75340
-37.75097
-37.74854
-37.74612
-37.74369
-37.74126
-37.73883
-37.73640
-37.73397
-37.73154
-37.72911
-37.72668
-37.72425
-37.72182
-37.71939
-37.71696
-37.71453
-37.71210
-37.70967
-37.70723
-37.70480
-37.70237
-37.69994
-37.69751
-37.69507
-37.69264
-37.69021
-37.68778
-37.68534
-37.68291
-37.68047
-37.67804
-37.67561
-37.67317
-37.67074
-37.66830
-37.66587
-37.66343
-37.66100
-37.65856
-37.65613
-37.65369
-37.65126
-37.64882
-37.64638
-37.64395
-37.64151
-37.63907
-37.63663
-37.63420
-37.63176
-37.62932
-37.62688
-37.62445
-37.62201
-37.61957
-37.61713
-37.61469
-37.61225
-37.60981
-37.60737
-37.60493
-37.60249
-37.60005
-37.59761
-37.59517
-37.59273
-37.59029
-37.58785
-37.58541
-37.58297
-37.58052
-37.57808
-37.57564
-37.57320
-37.57076
-37.56831
-37.56587
-37.56343
-37.56098
-37.55854
-37.55610
-37.55365
-37.55121
-37.54876
-37.54632
-37.54387
-37.54143
-37.53898
-37.53654
-37.53409
-37.53165
-37.52920
-37.52676
-37.52431
-37.52186
-37.51942
-37.51697
-37.51452
-37.51207
-37.50963
-37.50718
-37.50473
-37.50228
-37.49984
-37.49739
-37.49494
-37.49249
-37.49004
-37.48759
-37.48514
-37.48269
-37.48024
-37.47779
-37.47534
-37.47289
-37.47044
-37.46799
-37.46554
-37.46309
-37.46064
-37.45818
-37.45573
-37.45328
-37.45083
-37.44838
-37.44592
-37.44347
-37.44102
-37.43856
-37.43611
-37.43366
-37.43120
-37.42875
-37.42629
-37.42384
-37.42139
-37.41893
-37.41648
-37.41402
-37.41156
-37.40911
-37.40665
-37.40420
-37.40174
-37.39928
-37.39683
-37.39437
-37.39191
-37.38946
-37.38700
-37.38454
-37.38208
-37.37963
-37.37717
-37.37471
-37.37225
-37.36979
-37.36733
-37.36487
-37.36241
-37.35995
-37.35749
-37.35503
-37.35257
-37.35011
-37.34765
-37.34519
-37.34273
-37.34027
-37.33781
-37.33535
-37.33288
-37.33042
-37.32796
-37.32550
-37.32304
-37.32057
-37.31811
-37.31565
-37.31318
-37.31072
-37.30826
-37.30579
-37.30333
-37.30086
-37.29840
-37.29593
-37.29347
-37.29100
-37.28854
-37.28607
-37.28361
-37.28114
-37.27867
-37.27621
-37.27374
-37.27127
-37.26881
-37.26634
-37.26387
-37.26140
-37.25894
-37.25647
-37.25400
-37.25153
-37.24906
-37.24659
-37.24412
-37.24166
-37.23919
-37.23672
-37.23425
-37.23178
-37.22931
-37.22684
-37.22436
-37.22189
-37.21942
-37.21695
-37.21448
-37.21201
-37.20954
-37.20706
-37.20459
-37.20212
-37.19965
-37.19717
-37.19470
-37.19223
-37.18975
-37.18728
-37.18481
-37.18233
-37.17986
-37.17738
-37.17491
-37.17243
-37.16996
-37.16748
-37.16501
-37.16253
-37.16005
-37.15758
-37.15510
-37.15263
-37.15015
-37.14767
-37.14519
-37.14272
-37.14024
-37.13776
-37.13528
-37.13281
-37.13033
-37.12785
-37.12537
-37.12289
-37.12041
-37.11793
-37.11545
-37.11297
-37.11049
-37.10801
-37.10553
-37.10305
-37.10057
-37.09809
-37.09561
-37.09313
-37.09065
-37.08816
-37.08568
-37.08320
-37.08072
-37.07823
-37.07575
-37.07327
-37.07078
-37.06830
-37.06582
-37.06333
-37.06085
-37.05836
-37.05588
-37.05340
-37.05091
-37.04843
-37.04594
-37.04345
-37.04097
-37.03848
-37.03600
-37.03351
-37.03102
-37.02854
-37.02605
-37.02356
-37.02108
-37.01859
-37.01610
-37.01361
-37.01112
-37.00864
-37.00615
-37.00366
-37.00117
-36.99868
-36.99619
-36.99370
-36.99121
-36.98872
-36.98623
-36.98374
-36.98125
-36.97876
-36.97627
-36.97378
-36.97128
-36.96879
-36.96630
-36.96381
-36.96132
-36.95882
-36.95633
-36.95384
-36.95135
-36.94885
-36.94636
-36.94386
-36.94137
-36.93888
-36.93638
-36.93389
-36.93139
-36.92890
-36.92640
-36.92391
-36.92141
-36.91892
-36.91642
-36.91392
-36.91143
-36.90893
-36.90643
-36.90394
-36.90144
-36.89894
-36.89644
-36.89395
-36.89145
-36.88895
-36.88645
-36.88395
-36.88145
-36.87895
-36.87646
-36.87396
-36.87146
-36.86896
-36.86646
-36.86396
-36.86146
-36.85895
-36.85645
-36.85395
-36.85145
-36.84895
-36.84645
-36.84395
-36.84144
-36.83894
-36.83644
-36.83394
-36.83143
-36.82893
-36.82643
-36.82392
-36.82142
-36.81891
-36.81641
-36.81391
-36.81140
-36.80890
-36.80639
-36.80389
-36.80138
-36.79887
-36.79637
-36.79386
-36.79136
-36.78885
-36.78634
-36.78384
-36.78133
-36.77882
-36.77631
-36.77381
-36.77130
-36.76879
-36.76628
-36.76377
-36.76126
-36.75875
-36.75624
-36.75374
-36.75123
-36.74872
-36.74621
-36.74370
-36.74118
-36.73867
-36.73616
-36.73365
-36.73114
-36.72863
-36.72612
-36.72361
-36.72109
-36.71858
-36.71607
-36.71356
-36.71104
-36.70853
-36.70602
-36.70350
-36.70099
-36.69847
-36.69596
-36.69344
-36.69093
-36.68842
-36.68590
-36.68338
-36.68087
-36.67835
-36.67584
-36.67332
-36.67081
-36.66829
-36.66577
-36.66325
-36.66074
-36.65822
-36.65570
-36.65318
-36.65067
-36.64815
-36.64563
-36.64311
-36.64059
-36.63807
-36.63555
-36.63303
-36.63051
-36.62799
-36.62547
-36.62295
-36.62043
-36.61791
-36.61539
-36.61287
-36.61035
-36.60783
-36.60531
-36.60278
-36.60026
-36.59774
-36.59522
-36.59269
-36.59017
-36.58765
-36.58512
-36.58260
-36.58008
-36.57755
-36.57503
-36.57250
-36.56998
-36.56745
-36.56493
-36.56240
-36.55988
-36.55735
-36.55482
-36.55230
-36.54977
-36.54725
-36.54472
-36.54219
-36.53966
-36.53714
-36.53461
-36.53208
-36.52955
-36.52702
-36.52450
-36.52197
-36.51944
-36.51691
-36.51438
-36.51185
-36.50932
-36.50679
-36.50426
-36.50173
-36.49920
-36.49667
-36.49414
-36.49160
-36.48907
-36.48654
-36.48401
-36.48148
-36.47894
-36.47641
-36.47388
-36.47135
-36.46881
-36.46628
-36.46375
-36.46121
-36.45868
-36.45614
-36.45361
-36.45107
-36.44854
-36.44600
-36.44347
-36.44093
-36.43840
-36.43586
-36.43333
-36.43079
-36.42825
-36.42572
-36.42318
-36.42064
-36.41810
-36.41557
-36.41303
-36.41049
-36.40795
-36.40541
-36.40287
-36.40034
-36.39780
-36.39526
-36.39272
-36.39018
-36.38764
-36.38510
-36.38256
-36.38002
-36.37747
-36.37493
-36.37239
-36.36985
-36.36731
-36.36477
-36.36222
-36.35968
-36.35714
-36.35460
-36.35205
-36.34951
-36.34697
-36.34442
-36.34188
-36.33934
-36.33679
-36.33425
-36.33170
-36.32916
-36.32661
-36.32407
-36.32152
-36.31897
-36.31643
-36.31388
-36.31134
-36.30879
-36.30624
-36.30370
-36.30115
-36.29860
-36.29605
-36.29350
-36.29096
-36.28841
-36.28586
-36.28331
-36.28076
-36.27821
-36.27566
-36.27311
-36.27056
-36.26801
-36.26546
-36.26291
-36.26036
-36.25781
-36.25526
-36.25271
-36.25016
-36.24760
-36.24505
-36.24250
-36.23995
-36.23739
-36.23484
-36.23229
-36.22974
-36.22718
-36.22463
-36.22207
-36.21952
-36.21697
-36.21441
-36.21186
-36.20930
-36.20675
-36.20419
-36.20163
-36.19908
-36.19652
-36.19397
-36.19141
-36.18885
-36.18630
-36.18374
-36.18118
-36.17862
-36.17607
-36.17351
-36.17095
-36.16839
-36.16583
-36.16327
-36.16071
-36.15815
-36.15559
-36.15303
-36.15047
-36.14791
-36.14535
-36.14279
-36.14023
-36.13767
-36.13511
-36.13255
-36.12999
-36.12742
-36.12486
-36.12230
-36.11974
-36.11717
-36.11461
-36.11205
-36.10948
-36.10692
-36.10436
-36.10179
-36.09923
-36.09666
-36.09410
-36.09153
-36.08897
-36.08640
-36.08384
-36.08127
-36.07871
-36.07614
-36.07357
-36.07101
-36.06844
-36.06587
-36.06330
-36.06074
-36.05817
-36.05560
-36.05303
-36.05046
-36.04789
-36.04533
-36.04276
-36.04019
-36.03762
-36.03505
-36.03248
-36.02991
-36.02734
-36.02477
-36.02220
-36.01962
-36.01705
-36.01448
-36.01191
-36.00934
-36.00676
-36.00419
-36.00162
-35.99905
-35.99647
-35.99390
-35.99133
-35.98875
-35.98618
-35.98360
-35.98103
-35.97846
-35.97588
-35.97331
-35.97073
-35.96815
-35.96558
-35.96300
-35.96043
-35.95785
-35.95527
-35.95270
-35.95012
-35.94754
-35.94497
-35.94239
-35.93981
-35.93723
-35.93465
-35.93207
-35.92950
-35.92692
-35.92434
-35.92176
-35.91918
-35.91660
-35.91402
-35.91144
-35.90886
-35.90628
-35.90370
-35.90111
-35.89853
-35.89595
-35.89337
-35.89079
-35.88820
-35.88562
-35.88304
-35.88046
-35.87787
-35.87529
-35.87271
-35.87012
-35.86754
-35.86495
-35.86237
-35.85978
-35.85720
-35.85461
-35.85203
-35.84944
-35.84686
-35.84427
-35.84168
-35.83910
-35.83651
-35.83392
-35.83134
-35.82875
-35.82616
-35.82357
-35.82099
-35.81840
-35.81581
-35.81322
-35.81063
-35.80804
-35.80545
-35.80286
-35.80027
-35.79768
-35.79509
-35.79250
-35.78991
-35.78732
-35.78473
-35.78214
-35.77955
-35.77695
-35.77436
-35.77177
-35.76918
-35.76658
-35.76399
-35.76140
-35.75880
-35.75621
-35.75362
-35.75102
-35.74843
-35.74583
-35.74324
-35.74064
-35.73805
-35.73545
-35.73286
-35.73026
-35.72767
-35.72507
-35.72247
-35.71988
-35.71728
-35.71468
-35.71209
-35.70949
-35.70689
-35.70429
-35.70169
-35.69909
-35.69650
-35.69390
-35.69130
-35.68870
-35.68610
-35.68350
-35.68090
-35.67830
-35.67570
-35.67310
-35.67050
-35.66789
-35.66529
-35.66269
-35.66009
-35.65749
-35.65489
-35.65228
-35.64968
-35.64708
-35.64447
-35.64187
-35.63927
-35.63666
-35.63406
-35.63145
-35.62885
-35.62624
-35.62364
-35.62103
-35.61843
-35.61582
-35.61322
-35.61061
-35.60800
-35.60540
-35.60279
-35.60018
-35.59758
-35.59497
-35.59236
-35.58975
-35.58715
-35.58454
-35.58193
-35.57932
-35.57671
-35.57410
-35.57149
-35.56888
-35.56627
-35.56366
-35.56105
-35.55844
-35.55583
-35.55322
-35.55061
-35.54800
-35.54538
-35.54277
-35.54016
-35.53755
-35.53493
-35.53232
-35.52971
-35.52710
-35.52448
-35.52187
-35.51925
-35.51664
-35.51403
-35.51141
-35.50880
-35.50618
-35.50356
-35.50095
-35.49833
-35.49572
-35.49310
-35.49048
-35.48787
-35.48525
-35.48263
-35.48002
-35.47740
-35.47478
-35.47216
-35.46954
-35.46693
-35.46431
-35.46169
-35.45907
-35.45645
-35.45383
-35.45121
-35.44859
-35.44597
-35.44335
-35.44073
-35.43811
-35.43549
-35.43286
-35.43024
-35.42762
-35.42500
-35.42238
-35.41975
-35.41713
-35.41451
-35.41188
-35.40926
-35.40664
-35.40401
-35.40139
-35.39876
-35.39614
-35.39351
-35.39089
-35.38826
-35.38564
-35.38301
-35.38039
-35.37776
-35.37513
-35.37251
-35.36988
-35.36725
-35.36462
-35.36200
-35.35937
-35.35674
-35.35411
-35.35148
-35.34886
-35.34623
-35.34360
-35.34097
-35.33834
-35.33571
-35.33308
-35.33045
-35.32782
-35.32519
-35.32256
-35.31992
-35.31729
-35.31466
-35.31203
-35.30940
-35.30676
-35.30413
-35.30150
-35.29887
-35.29623
-35.29360
-35.29096
-35.28833
-35.28570
-35.28306
-35.28043
-35.27779
-35.27516
-35.27252
-35.26989
-35.26725
-35.26461
-35.26198
-35.25934
-35.25670
-35.25407
-35.25143
-35.24879
-35.24615
-35.24352
-35.24088
-35.23824
-35.23560
-35.23296
-35.23032
-35.22768
-35.22504
-35.22240
-35.21976
-35.21712
-35.21448
-35.21184
-35.20920
-35.20656
-35.20392
-35.20128
-35.19864
-35.19599
-35.19335
-35.19071
-35.18807
-35.18542
-35.18278
-35.18014
-35.17749
-35.17485
-35.17220
-35.16956
-35.16692
-35.16427
-35.16163
-35.15898
-35.15633
-35.15369
-35.15104
-35.14840
-35.14575
-35.14310
-35.14046
-35.13781
-35.13516
-35.13251
-35.12987
-35.12722
-35.12457
-35.12192
-35.11927
-35.11662
-35.11397
-35.11132
-35.10868
-35.10603
-35.10337
-35.10072
-35.09807
-35.09542
-35.09277
-35.09012
-35.08747
-35.08482
-35.08217
-35.07951
-35.07686
-35.07421
-35.07155
-35.06890
-35.06625
-35.06359
-35.06094
-35.05829
-35.05563
-35.05298
-35.05032
-35.04767
-35.04501
-35.04236
-35.03970
-35.03704
-35.03439
-35.03173
-35.02908
-35.02642
-35.02376
-35.02110
-35.01845
-35.01579
-35.01313
-35.01047
-35.00781
-35.00515
-35.00250
-34.99984
-34.99718
-34.99452
-34.99186
-34.98920
-34.98654
-34.98388
-34.98121
-34.97855
-34.97589
-34.97323
-34.97057
-34.96791
-34.96524
-34.96258
-34.95992
-34.95726
-34.95459
-34.95193
-34.94927
-34.94660
-34.94394
-34.94127
-34.93861
-34.93594
-34.93328
-34.93061
-34.92795
-34.92528
-34.92262
-34.91995
-34.91728
-34.91462
-34.91195
-34.90928
-34.90661
-34.90395
-34.90128
-34.89861
-34.89594
-34.89327
-34.89060
-34.88794
-34.88527
-34.88260
-34.87993
-34.87726
-34.87459
-34.87192
-34.86925
-34.86657
-34.86390
-34.86123
-34.85856
-34.85589
-34.85322
-34.85054
-34.84787
-34.84520
-34.84252
-34.83985
-34.83718
-34.83450
-34.83183
-34.82916
-34.82648
-34.82381
-34.82113
-34.81846
-34.81578
-34.81310
-34.81043
-34.80775
-34.80508
-34.80240
-34.79972
-34.79705
-34.79437
-34.79169
-34.78901
-34.78633
-34.78366
-34.78098
-34.77830
-34.77562
-34.77294
-34.77026
-34.76758
-34.76490
-34.76222
-34.75954
-34.75686
-34.75418
-34.75150
-34.74882
-34.74614
-34.74345
-34.74077
-34.73809
-34.73541
-34.73272
-34.73004
-34.72736
-34.72467
-34.72199
-34.71931
-34.71662
-34.71394
-34.71125
-34.70857
-34.70588
-34.70320
-34.70051
-34.69783
-34.69514
-34.69245
-34.68977
-34.68708
-34.68439
-34.68170
-34.67902
-34.67633
-34.67364
-34.67095
-34.66826
-34.66558
-34.66289
-34.66020
-34.65751
-34.65482
-34.65213
-34.64944
-34.64675
-34.64406
-34.64137
-34.63867
-34.63598
-34.63329
-34.63060
-34.62791
-34.62522
-34.62252
-34.61983
-34.61714
-34.61444
-34.61175
-34.60906
-34.60636
-34.60367
-34.60097
-34.59828
-34.59558
-34.59289
-34.59019
-34.58750
-34.58480
-34.58211
-34.57941
-34.57671
-34.57402
-34.57132
-34.56862
-34.56592
-34.56322
-34.56053
-34.55783
-34.55513
-34.55243
-34.54973
-34.54703
-34.54433
-34.54163
-34.53893
-34.53623
-34.53353
-34.53083
-34.52813
-34.52543
-34.52273
-34.52003
-34.51732
-34.51462
-34.51192
-34.50922
-34.50651
-34.50381
-34.50111
-34.49840
-34.49570
-34.49300
-34.49029
-34.48759
-34.48488
-34.48218
-34.47947
-34.47677
-34.47406
-34.47135
-34.46865
-34.46594
-34.46323
-34.46053
-34.45782
-34.45511
-34.45240
-34.44970
-34.44699
-34.44428
-34.44157
-34.43886
-34.43615
-34.43344
-34.43073
-34.42802
-34.42531
-34.42260
-34.41989
-34.41718
-34.41447
-34.41176
-34.40905
-34.40634
-34.40362
-34.40091
-34.39820
-34.39549
-34.39277
-34.39006
-34.38735
-34.38463
-34.38192
-34.37920
-34.37649
-34.37377
-34.37106
-34.36834
-34.36563
-34.36291
-34.36020
-34.35748
-34.35476
-34.35205
-34.34933
-34.34661
-34.34390
-34.34118
-34.33846
-34.33574
-34.33302
-34.33030
-34.32759
-34.32487
-34.32215
-34.31943
-34.31671
-34.31399
-34.31127
-34.30855
-34.30583
-34.30310
-34.30038
-34.29766
-34.29494
-34.29222
-34.28949
-34.28677
-34.28405
-34.28133
-34.27860
-34.27588
-34.27316
-34.27043
-34.26771
-34.26498
-34.26226
-34.25953
-34.25681
-34.25408
-34.25136
-34.24863
-34.24590
-34.24318
-34.24045
-34.23772
-34.23500
-34.23227
-34.22954
-34.22681
-34.22409
-34.22136
-34.21863
-34.21590
-34.21317
-34.21044
-34.20771
-34.20498
-34.20225
-34.19952
-34.19679
-34.19406
-34.19133
-34.18860
-34.18586
-34.18313
-34.18040
-34.17767
-34.17493
-34.17220
-34.16947
-34.16674
-34.16400
-34.16127
-34.15853
-34.15580
-34.15306
-34.15033
-34.14759
-34.14486
-34.14212
-34.13939
-34.13665
-34.13392
-34.13118
-34.12844
-34.12570
-34.12297
-34.12023
-34.11749
-34.11475
-34.11202
-34.10928
-34.10654
-34.10380
-34.10106
-34.09832
-34.09558
-34.09284
-34.09010
-34.08736
-34.08462
-34.08188
-34.07914
-34.07639
-34.07365
-34.07091
-34.06817
-34.06543
-34.06268
-34.05994
-34.05720
-34.05445
-34.05171
-34.04897
-34.04622
-34.04348
-34.04073
-34.03799
-34.03524
-34.03250
-34.02975
-34.02700
-34.02426
-34.02151
-34.01876
-34.01602
-34.01327
-34.01052
-34.00777
-34.00503
-34.00228
-33.99953
-33.99678
-33.99403
-33.99128
-33.98853
-33.98578
-33.98303
-33.98028
-33.97753
-33.97478
-33.97203
-33.96928
-33.96653
-33.96378
-33.96102
-33.95827
-33.95552
-33.95277
-33.95001
-33.94726
-33.94451
-33.94175
-33.93900
-33.93625
-33.93349
-33.93074
-33.92798
-33.92523
-33.92247
-33.91971
-33.91696
-33.91420
-33.91145
-33.90869
-33.90593
-33.90317
-33.90042
-33.89766
-33.89490
-33.89214
-33.88938
-33.88663
-33.88387
-33.88111
-33.87835
-33.87559
-33.87283
-33.87007
-33.86731
-33.86455
-33.86179
-33.85902
-33.85626
-33.85350
-33.85074
-33.84798
-33.84521
-33.84245
-33.83969
-33.83692
-33.83416
-33.83140
-33.82863
-33.82587
-33.82310
-33.82034
-33.81757
-33.81481
-33.81204
-33.80928
-33.80651
-33.80375
-33.80098
-33.79821
-33.79544
-33.79268
-33.78991
-33.78714
-33.78437
-33.78161
-33.77884
-33.77607
-33.77330
-33.77053
-33.76776
-33.76499
-33.76222
-33.75945
-33.75668
-33.75391
-33.75114
-33.74837
-33.74559
-33.74282
-33.74005
-33.73728
-33.73451
-33.73173
-33.72896
-33.72619
-33.72341
-33.72064
-33.71786
-33.71509
-33.71231
-33.70954
-33.70676
-33.70399
-33.70121
-33.69844
-33.69566
-33.69288
-33.69011
-33.68733
-33.68455
-33.68178
-33.67900
-33.67622
-33.67344
-33.67066
-33.66789
-33.66511
-33.66233
-33.65955
-33.65677
-33.65399
-33.65121
-33.64843
-33.64565
-33.64287
-33.64008
-33.63730
-33.63452
-33.63174
-33.62896
-33.62617
-33.62339
-33.62061
-33.61782
-33.61504
-33.61226
-33.60947
-33.60669
-33.60390
-33.60112
-33.59833
-33.59555
-33.59276
-33.58998
-33.58719
-33.58440
-33.58162
-33.57883
-33.57604
-33.57326
-33.57047
-33.56768
-33.56489
-33.56210
-33.55932
-33.55653
-33.55374
-33.55095
-33.54816
-33.54537
-33.54258
-33.53979
-33.53700
-33.53421
-33.53141
-33.52862
-33.52583
-33.52304
-33.52025
-33.51745
-33.51466
-33.51187
-33.50907
-33.50628
-33.50349
-33.50069
-33.49790
-33.49510
-33.49231
-33.48951
-33.48672
-33.48392
-33.48113
-33.47833
-33.47553
-33.47274
-33.46994
-33.46714
-33.46435
-33.46155
-33.45875
-33.45595
-33.45315
-33.45035
-33.44756
-33.44476
-33.44196
-33.43916
-33.43636
-33.43356
-33.43076
-33.42796
-33.42515
-33.42235
-33.41955
-33.41675
-33.41395
-33.41115
-33.40834
-33.40554
-33.40274
-33.39993
-33.39713
-33.39433
-33.39152
-33.38872
-33.38591
-33.38311
-33.38030
-33.37750
-33.37469
-33.37188
-33.36908
-33.36627
-33.36347
-33.36066
-33.35785
-33.35504
-33.35224
-33.34943
-33.34662
-33.34381
-33.34100
-33.33819
-33.33538
-33.33257
-33.32976
-33.32695
-33.32414
-33.32133
-33.31852
-33.31571
-33.31290
-33.31009
-33.30728
-33.30446
-33.30165
-33.29884
-33.29602
-33.29321
-33.29040
-33.28758
-33.28477
-33.28196
-33.27914
-33.27633
-33.27351
-33.27070
-33.26788
-33.26506
-33.26225
-33.25943
-33.25662
-33.25380
-33.25098
-33.24816
-33.24535
-33.24253
-33.23971
-33.23689
-33.23407
-33.23125
-33.22843
-33.22561
-33.22279
-33.21997
-33.21715
-33.21433
-33.21151
-33.20869
-33.20587
-33.20305
-33.20023
-33.19740
-33.19458
-33.19176
-33.18894
-33.18611
-33.18329
-33.18047
-33.17764
-33.17482
-33.17199
-33.16917
-33.16634
-33.16352
-33.16069
-33.15787
-33.15504
-33.15221
-33.14939
-33.14656
-33.14373
-33.14091
-33.13808
-33.13525
-33.13242
-33.12959
-33.12676
-33.12394
-33.12111
-33.11828
-33.11545
-33.11262
-33.10979
-33.10696
-33.10412
-33.10129
-33.09846
-33.09563
-33.09280
-33.08997
-33.08713
-33.08430
-33.08147
-33.07864
-33.07580
-33.07297
-33.07013
-33.06730
-33.06446
-33.06163
-33.05879
-33.05596
-33.05312
-33.05029
-33.04745
-33.04462
-33.04178
-33.03894
-33.03610
-33.03327
-33.03043
-33.02759
-33.02475
-33.02191
-33.01908
-33.01624
-33.01340
-33.01056
-33.00772
-33.00488
-33.00204
-32.99920
-32.99636
-32.99351
-32.99067
-32.98783
-32.98499
-32.98215
-32.97930
-32.97646
-32.97362
-32.97078
-32.96793
-32.96509
-32.96224
-32.95940
-32.95655
-32.95371
-32.95086
-32.94802
-32.94517
-32.94233
-32.93948
-32.93663
-32.93379
-32.93094
-32.92809
-32.92525
-32.92240
-32.91955
-32.91670
-32.91385
-32.91100
-32.90815
-32.90530
-32.90245
-32.89960
-32.89675
-32.89390
-32.89105
-32.88820
-32.88535
-32.88250
-32.87965
-32.87680
-32.87394
-32.87109
-32.86824
-32.86538
-32.86253
-32.85968
-32.85682
-32.85397
-32.85111
-32.84826
-32.84540
-32.84255
-32.83969
-32.83684
-32.83398
-32.83112
-32.82827
-32.82541
-32.82255
-32.81970
-32.81684
-32.81398
-32.81112
-32.80826
-32.80540
-32.80254
-32.79969
-32.79683
-32.79397
-32.79111
-32.78825
-32.78538
-32.78252
-32.77966
-32.77680
-32.77394
-32.77108
-32.76821
-32.76535
-32.76249
-32.75963
-32.75676
-32.75390
-32.75103
-32.74817
-32.74531
-32.74244
-32.73958
-32.73671
-32.73384
-32.73098
-32.72811
-32.72525
-32.72238
-32.71951
-32.71665
-32.71378
-32.71091
-32.70804
-32.70517
-32.70231
-32.69944
-32.69657
-32.69370
-32.69083
-32.68796
-32.68509
-32.68222
-32.67935
-32.67648
-32.67360
-32.67073
-32.66786
-32.66499
-32.66212
-32.65924
-32.65637
-32.65350
-32.65062
-32.64775
-32.64488
-32.64200
-32.63913
-32.63625
-32.63338
-32.63050
-32.62763
-32.62475
-32.62187
-32.61900
-32.61612
-32.61324
-32.61037
-32.60749
-32.60461
-32.60173
-32.59885
-32.59598
-32.59310
-32.59022
-32.58734
-32.58446
-32.58158
-32.57870
-32.57582
-32.57294
-32.57006
-32.56717
-32.56429
-32.56141
-32.55853
-32.55565
-32.55276
-32.54988
-32.54700
-32.54411
-32.54123
-32.53835
-32.53546
-32.53258
-32.52969
-32.52681
-32.52392
-32.52103
-32.51815
-32.51526
-32.51238
-32.50949
-32.50660
-32.50371
-32.50083
-32.49794
-32.49505
-32.49216
-32.48927
-32.48638
-32.48349
-32.48061
-32.47772
-32.47483
-32.47193
-32.46904
-32.46615
-32.46326
-32.46037
-32.45748
-32.45459
-32.45169
-32.44880
-32.44591
-32.44302
-32.44012
-32.43723
-32.43433
-32.43144
-32.42854
-32.42565
-32.42275
-32.41986
-32.41696
-32.41407
-32.41117
-32.40828
-32.40538
-32.40248
-32.39958
-32.39669
-32.39379
-32.39089
-32.38799
-32.38509
-32.38219
-32.37929
-32.37640
-32.37350
-32.37060
-32.36769
-32.36479
-32.36189
-32.35899
-32.35609
-32.35319
-32.35029
-32.34738
-32.34448
-32.34158
-32.33868
-32.33577
-32.33287
-32.32996
-32.32706
-32.32416
-32.32125
-32.31835
-32.31544
-32.31253
-32.30963
-32.30672
-32.30382
-32.30091
-32.29800
-32.29510
-32.29219
-32.28928
-32.28637
-32.28346
-32.28055
-32.27765
-32.27474
-32.27183
-32.26892
-32.26601
-32.26310
-32.26019
-32.25727
-32.25436
-32.25145
-32.24854
-32.24563
-32.24272
-32.23980
-32.23689
-32.23398
-32.23106
-32.22815
-32.22524
-32.22232
-32.21941
-32.21649
-32.21358
-32.21066
-32.20775
-32.20483
-32.20191
-32.19900
-32.19608
-32.19316
-32.19025
-32.18733
-32.18441
-32.18149
-32.17857
-32.17565
-32.17274
-32.16982
-32.16690
-32.16398
-32.16106
-32.15814
-32.15522
-32.15229
-32.14937
-32.14645
-32.14353
-32.14061
-32.13768
-32.13476
-32.13184
-32.12892
-32.12599
-32.12307
-32.12014
-32.11722
-32.11430
-32.11137
-32.10844
-32.10552
-32.10259
-32.09967
-32.09674
-32.09381
-32.09089
-32.08796
-32.08503
-32.08210
-32.07918
-32.07625
-32.07332
-32.07039
-32.06746
-32.06453
-32.06160
-32.05867
-32.05574
-32.05281
-32.04988
-32.04695
-32.04402
-32.04109
-32.03815
-32.03522
-32.03229
-32.02936
-32.02642
-32.02349
-32.02056
-32.01762
-32.01469
-32.01175
-32.00882
-32.00588
-32.00295
-32.00001
-31.99708
-31.99414
-31.99120
-31.98827
-31.98533
-31.98239
-31.97945
-31.97652
-31.97358
-31.97064
-31.96770
-31.96476
-31.96182
-31.95888
-31.95594
-31.95300
-31.95006
-31.94712
-31.94418
-31.94124
-31.93830
-31.93535
-31.93241
-31.92947
-31.92653
-31.92358
-31.92064
-31.91770
-31.91475
-31.91181
-31.90886
-31.90592
-31.90297
-31.90003
-31.89708
-31.89414
-31.89119
-31.88824
-31.88530
-31.88235
-31.87940
-31.87646
-31.87351
-31.87056
-31.86761
-31.86466
-31.86171
-31.85876
-31.85581
-31.85286
-31.84991
-31.84696
-31.84401
-31.84106
-31.83811
-31.83516
-31.83221
-31.82925
-31.82630
-31.82335
-31.82040
-31.81744
-31.81449
-31.81153
-31.80858
-31.80563
-31.80267
-31.79972
-31.79676
-31.79380
-31.79085
-31.78789
-31.78494
-31.78198
-31.77902
-31.77606
-31.77311
-31.77015
-31.76719
-31.76423
-31.76127
-31.75831
-31.75535
-31.75239
-31.74943
-31.74647
-31.74351
-31.74055
-31.73759
-31.73463
-31.73167
-31.72871
-31.72574
-31.72278
-31.71982
-31.71686
-31.71389
-31.71093
-31.70796
-31.70500
-31.70203
-31.69907
-31.69610
-31.69314
-31.69017
-31.68721
-31.68424
-31.68127
-31.67831
-31.67534
-31.67237
-31.66940
-31.66644
-31.66347
-31.66050
-31.65753
-31.65456
-31.65159
-31.64862
-31.64565
-31.64268
-31.63971
-31.63674
-31.63377
-31.63080
-31.62782
-31.62485
-31.62188
-31.61891
-31.61593
-31.61296
-31.60999
-31.60701
-31.60404
-31.60106
-31.59809
-31.59511
-31.59214
-31.58916
-31.58619
-31.58321
-31.58023
-31.57726
-31.57428
-31.57130
-31.56833
-31.56535
-31.56237
-31.55939
-31.55641
-31.55343
-31.55045
-31.54747
-31.54449
-31.54151
-31.53853
-31.53555
-31.53257
-31.52959
-31.52661
-31.52363
-31.52064
-31.51766
-31.51468
-31.51169
-31.50871
-31.50573
-31.50274
-31.49976
-31.49677
-31.49379
-31.49080
-31.48782
-31.48483
-31.48185
-31.47886
-31.47587
-31.47288
-31.46990
-31.46691
-31.46392
-31.46093
-31.45794
-31.45496
-31.45197
-31.44898
-31.44599
-31.44300
-31.44001
-31.43702
-31.43403
-31.43103
-31.42804
-31.42505
-31.42206
-31.41907
-31.41607
-31.41308
-31.41009
-31.40709
-31.40410
-31.40111
-31.39811
-31.39512
-31.39212
-31.38913
-31.38613
-31.38314
-31.38014
-31.37714
-31.37415
-31.37115
-31.36815
-31.36515
-31.36216
-31.35916
-31.35616
-31.35316
-31.35016
-31.34716
-31.34416
-31.34116
-31.33816
-31.33516
-31.33216
-31.32916
-31.32616
-31.32316
-31.32015
-31.31715
-31.31415
-31.31115
-31.30814
-31.30514
-31.30213
-31.29913
-31.29613
-31.29312
-31.29012
-31.28711
-31.28410
-31.28110
-31.27809
-31.27509
-31.27208
-31.26907
-31.26606
-31.26306
-31.26005
-31.25704
-31.25403
-31.25102
-31.24801
-31.24500
-31.24199
-31.23898
-31.23597
-31.23296
-31.22995
-31.22694
-31.22393
-31.22092
-31.21790
-31.21489
-31.21188
-31.20887
-31.20585
-31.20284
-31.19982
-31.19681
-31.19380
-31.19078
-31.18777
-31.18475
-31.18173
-31.17872
-31.17570
-31.17268
-31.16967
-31.16665
-31.16363
-31.16061
-31.15760
-31.15458
-31.15156
-31.14854
-31.14552
-31.14250
-31.13948
-31.13646
-31.13344
-31.13042
-31.12740
-31.12438
-31.12135
-31.11833
-31.11531
-31.11229
-31.10926
-31.10624
-31.10322
-31.10019
-31.09717
-31.09414
-31.09112
-31.08809
-31.08507
-31.08204
-31.07902
-31.07599
-31.07296
-31.06994
-31.06691
-31.06388
-31.06086
-31.05783
-31.05480
-31.05177
-31.04874
-31.04571
-31.04268
-31.03965
-31.03662
-31.03359
-31.03056
-31.02753
-31.02450
-31.02147
-31.01843
-31.01540
-31.01237
-31.00934
-31.00630
-31.00327
-31.00024
-30.99720
-30.99417
-30.99113
-30.98810
-30.98506
-30.98203
-30.97899
-30.97595
-30.97292
-30.96988
-30.96684
-30.96381
-30.96077
-30.95773
-30.95469
-30.95165
-30.94861
-30.94557
-30.94253
-30.93949
-30.93645
-30.93341
-30.93037
-30.92733
-30.92429
-30.92125
-30.91821
-30.91516
-30.91212
-30.90908
-30.90603
-30.90299
-30.89995
-30.89690
-30.89386
-30.89081
-30.88777
-30.88472
-30.88168
-30.87863
-30.87558
-30.87254
-30.86949
-30.86644
-30.86340
-30.86035
-30.85730
-30.85425
-30.85120
-30.84815
-30.84510
-30.84206
-30.83901
-30.83595
-30.83290
-30.82985
-30.82680
-30.82375
-30.82070
-30.81765
-30.81459
-30.81154
-30.80849
-30.80543
-30.80238
-30.79933
-30.79627
-30.79322
-30.79016
-30.78711
-30.78405
-30.78100
-30.77794
-30.77488
-30.77183
-30.76877
-30.76571
-30.76266
-30.75960
-30.75654
-30.75348
-30.75042
-30.74736
-30.74430
-30.74124
-30.73818
-30.73512
-30.73206
-30.72900
-30.72594
-30.72288
-30.71982
-30.71675
-30.71369
-30.71063
-30.70756
-30.70450
-30.70144
-30.69837
-30.69531
-30.69224
-30.68918
-30.68611
-30.68305
-30.67998
-30.67692
-30.67385
-30.67078
-30.66772
-30.66465
-30.66158
-30.65851
-30.65544
-30.65237
-30.64931
-30.64624
-30.64317
-30.64010
-30.63703
-30.63396
-30.63088
-30.62781
-30.62474
-30.62167
-30.61860
-30.61552
-30.61245
-30.60938
-30.60631
-30.60323
-30.60016
-30.59708
-30.59401
-30.59093
-30.58786
-30.58478
-30.58171
-30.57863
-30.57555
-30.57248
-30.56940
-30.56632
-30.56324
-30.56017
-30.55709
-30.55401
-30.55093
-30.54785
-30.54477
-30.54169
-30.53861
-30.53553
-30.53245
-30.52937
-30.52629
-30.52321
-30.52012
-30.51704
-30.51396
-30.51088
-30.50779
-30.50471
-30.50162
-30.49854
-30.49545
-30.49237
-30.48928
-30.48620
-30.48311
-30.48003
-30.47694
-30.47385
-30.47077
-30.46768
-30.46459
-30.46150
-30.45841
-30.45533
-30.45224
-30.44915
-30.44606
-30.44297
-30.43988
-30.43679
-30.43370
-30.43061
-30.42751
-30.42442
-30.42133
-30.41824
-30.41514
-30.41205
-30.40896
-30.40586
-30.40277
-30.39968
-30.39658
-30.39349
-30.39039
-30.38730
-30.38420
-30.38110
-30.37801
-30.37491
-30.37181
-30.36871
-30.36562
-30.36252
-30.35942
-30.35632
-30.35322
-30.35012
-30.34702
-30.34392
-30.34082
-30.33772
-30.33462
-30.33152
-30.32842
-30.32532
-30.32221
-30.31911
-30.31601
-30.31291
-30.30980
-30.30670
-30.30359
-30.30049
-30.29738
-30.29428
-30.29117
-30.28807
-30.28496
-30.28186
-30.27875
-30.27564
-30.27253
-30.26943
-30.26632
-30.26321
-30.26010
-30.25699
-30.25388
-30.25077
-30.24766
-30.24455
-30.24144
-30.23833
-30.23522
-30.23211
-30.22900
-30.22589
-30.22277
-30.21966
-30.21655
-30.21344
-30.21032
-30.20721
-30.20409
-30.20098
-30.19786
-30.19475
-30.19163
-30.18852
-30.18540
-30.18228
-30.17917
-30.17605
-30.17293
-30.16981
-30.16670
-30.16358
-30.16046
-30.15734
-30.15422
-30.15110
-30.14798
-30.14486
-30.14174
-30.13862
-30.13550
-30.13238
-30.12925
-30.12613
-30.12301
-30.11989
-30.11676
-30.11364
-30.11052
-30.10739
-30.10427
-30.10114
-30.09802
-30.09489
-30.09177
-30.08864
-30.08551
-30.08239
-30.07926
-30.07613
-30.07300
-30.06988
-30.06675
-30.06362
-30.06049
-30.05736
-30.05423
-30.05110
-30.04797
-30.04484
-30.04171
-30.03858
-30.03545
-30.03231
-30.02918
-30.02605
-30.02292
-30.01978
-30.01665
-30.01352
-30.01038
-30.00725
-30.00411
-30.00098
-29.99784
-29.99471
-29.99157
-29.98843
-29.98530
-29.98216
-29.97902
-29.97588
-29.97275
-29.96961
-29.96647
-29.96333
-29.96019
-29.95705
-29.95391
-29.95077
-29.94763
-29.94449
-29.94135
-29.93821
-29.93506
-29.93192
-29.92878
-29.92564
-29.92249
-29.91935
-29.91620
-29.91306
-29.90992
-29.90677
-29.90363
-29.90048
-29.89733
-29.89419
-29.89104
-29.88789
-29.88475
-29.88160
-29.87845
-29.87530
-29.87216
-29.86901
-29.86586
-29.86271
-29.85956
-29.85641
-29.85326
-29.85011
-29.84696
-29.84380
-29.84065
-29.83750
-29.83435
-29.83120
-29.82804
-29.82489
-29.82174
-29.81858
-29.81543
-29.81227
-29.80912
-29.80596
-29.80281
-29.79965
-29.79649
-29.79334
-29.79018
-29.78702
-29.78387
-29.78071
-29.77755
-29.77439
-29.77123
-29.76807
-29.76491
-29.76175
-29.75859
-29.75543
-29.75227
-29.74911
-29.74595
-29.74279
-29.73963
-29.73646
-29.73330
-29.73014
-29.72697
-29.72381
-29.72065
-29.71748
-29.71432
-29.71115
-29.70799
-29.70482
-29.70165
-29.69849
-29.69532
-29.69215
-29.68899
-29.68582
-29.68265
-29.67948
-29.67631
-29.67314
-29.66997
-29.66680
-29.66363
-29.66046
-29.65729
-29.65412
-29.65095
-29.64778
-29.64461
-29.64143
-29.63826
-29.63509
-29.63192
-29.62874
-29.62557
-29.62239
-29.61922
-29.61604
-29.61287
-29.60969
-29.60652
-29.60334
-29.60016
-29.59699
-29.59381
-29.59063
-29.58745
-29.58427
-29.58110
-29.57792
-29.57474
-29.57156
-29.56838
-29.56520
-29.56202
-29.55884
-29.55565
-29.55247
-29.54929
-29.54611
-29.54293
-29.53974
-29.53656
-29.53338
-29.53019
-29.52701
-29.52382
-29.52064
-29.51745
-29.51427
-29.51108
-29.50789
-29.50471
-29.50152
-29.49833
-29.49515
-29.49196
-29.48877
-29.48558
-29.48239
-29.47920
-29.47601
-29.47282
-29.46963
-29.46644
-29.46325
-29.46006
-29.45687
-29.45367
-29.45048
-29.44729
-29.44410
-29.44090
-29.43771
-29.43452
-29.43132
-29.42813
-29.42493
-29.42174
-29.41854
-29.41534
-29.41215
-29.40895
-29.40575
-29.40256
-29.39936
-29.39616
-29.39296
-29.38976
-29.38656
-29.38337
-29.38017
-29.37697
-29.37377
-29.37056
-29.36736
-29.36416
-29.36096
-29.35776
-29.35456
-29.35135
-29.34815
-29.34495
-29.34174
-29.33854
-29.33533
-29.33213
-29.32892
-29.32572
-29.32251
-29.31931
-29.31610
-29.31289
-29.30969
-29.30648
-29.30327
-29.30006
-29.29685
-29.29365
-29.29044
-29.28723
-29.28402
-29.28081
-29.27760
-29.27439
-29.27117
-29.26796
-29.26475
-29.26154
-29.25833
-29.25511
-29.25190
-29.24869
-29.24547
-29.24226
-29.23904
-29.23583
-29.23261
-29.22940
-29.22618
-29.22297
-29.21975
-29.21653
-29.21331
-29.21010
-29.20688
-29.20366
-29.20044
-29.19722
-29.19400
-29.19078
-29.18756
-29.18434
-29.18112
-29.17790
-29.17468
-29.17146
-29.16824
-29.16501
-29.16179
-29.15857
-29.15534
-29.15212
-29.14890
-29.14567
-29.14245
-29.13922
-29.13600
-29.13277
-29.12955
-29.12632
-29.12309
-29.11986
-29.11664
-29.11341
-29.11018
-29.10695
-29.10372
-29.10049
-29.09726
-29.09403
-29.09080
-29.08757
-29.08434
-29.08111
-29.07788
-29.07465
-29.07142
-29.06818
-29.06495
-29.06172
-29.05848
-29.05525
-29.05201
-29.04878
-29.04554
-29.04231
-29.03907
-29.03584
-29.03260
-29.02936
-29.02613
-29.02289
-29.01965
-29.01641
-29.01317
-29.00994
-29.00670
-29.00346
-29.00022
-28.99698
-28.99374
-28.99050
-28.98725
-28.98401
-28.98077
-28.97753
-28.97429
-28.97104
-28.96780
-28.96456
-28.96131
-28.95807
-28.95482
-28.95158
-28.94833
-28.94509
-28.94184
-28.93859
-28.93535
-28.93210
-28.92885
-28.92560
-28.92236
-28.91911
-28.91586
-28.91261
-28.90936
-28.90611
-28.90286
-28.89961
-28.89636
-28.89311
-28.88986
-28.88660
-28.88335
-28.88010
-28.87685
-28.87359
-28.87034
-28.86708
-28.86383
-28.86058
-28.85732
-28.85406
-28.85081
-28.84755
-28.84430
-28.84104
-28.83778
-28.83452
-28.83127
-28.82801
-28.82475
-28.82149
-28.81823
-28.81497
-28.81171
-28.80845
-28.80519
-28.80193
-28.79867
-28.79541
-28.79214
-28.78888
-28.78562
-28.78236
-28.77909
-28.77583
-28.77256
-28.76930
-28.76604
-28.76277
-28.75950
-28.75624
-28.75297
-28.74971
-28.74644
-28.74317
-28.73990
-28.73664
-28.73337
-28.73010
-28.72683
-28.72356
-28.72029
-28.71702
-28.71375
-28.71048
-28.70721
-28.70394
-28.70066
-28.69739
-28.69412
-28.69085
-28.68757
-28.68430
-28.68103
-28.67775
-28.67448
-28.67120
-28.66793
-28.66465
-28.66137
-28.65810
-28.65482
-28.65154
-28.64827
-28.64499
-28.64171
-28.63843
-28.63515
-28.63187
-28.62859
-28.62531
-28.62203
-28.61875
-28.61547
-28.61219
-28.60891
-28.60563
-28.60234
-28.59906
-28.59578
-28.59249
-28.58921
-28.58593
-28.58264
-28.57936
-28.57607
-28.57279
-28.56950
-28.56621
-28.56293
-28.55964
-28.55635
-28.55306
-28.54978
-28.54649
-28.54320
-28.53991
-28.53662
-28.53333
-28.53004
-28.52675
-28.52346
-28.52017
-28.51688
-28.51358
-28.51029
-28.50700
-28.50371
-28.50041
-28.49712
-28.49382
-28.49053
-28.48723
-28.48394
-28.48064
-28.47735
-28.47405
-28.47076
-28.46746
-28.46416
-28.46086
-28.45756
-28.45427
-28.45097
-28.44767
-28.44437
-28.44107
-28.43777
-28.43447
-28.43117
-28.42787
-28.42456
-28.42126
-28.41796
-28.41466
-28.41135
-28.40805
-28.40475
-28.40144
-28.39814
-28.39483
-28.39153
-28.38822
-28.38492
-28.38161
-28.37830
-28.37500
-28.37169
-28.36838
-28.36507
-28.36177
-28.35846
-28.35515
-28.35184
-28.34853
-28.34522
-28.34191
-28.33860
-28.33528
-28.33197
-28.32866
-28.32535
-28.32204
-28.31872
-28.31541
-28.31209
-28.30878
-28.30547
-28.30215
-28.29884
-28.29552
-28.29220
-28.28889
-28.28557
-28.28225
-28.27894
-28.27562
-28.27230
-28.26898
-28.26566
-28.26234
-28.25902
-28.25570
-28.25238
-28.24906
-28.24574
-28.24242
-28.23910
-28.23578
-28.23245
-28.22913
-28.22581
-28.22248
-28.21916
-28.21584
-28.21251
-28.20919
-28.20586
-28.20254
-28.19921
-28.19588
-28.19256
-28.18923
-28.18590
-28.18257
-28.17924
-28.17592
-28.17259
-28.16926
-28.16593
-28.16260
-28.15927
-28.15594
-28.15261
-28.14927
-28.14594
-28.14261
-28.13928
-28.13594
-28.13261
-28.12928
-28.12594
-28.12261
-28.11927
-28.11594
-28.11260
-28.10927
-28.10593
-28.10259
-28.09926
-28.09592
-28.09258
-28.08924
-28.08590
-28.08257
-28.07923
-28.07589
-28.07255
-28.06921
-28.06587
-28.06252
-28.05918
-28.05584
-28.05250
-28.04916
-28.04581
-28.04247
-28.03913
-28.03578
-28.03244
-28.02909
-28.02575
-28.02240
-28.01906
-28.01571
-28.01236
-28.00902
-28.00567
-28.00232
-27.99897
-27.99563
-27.99228
-27.98893
-27.98558
-27.98223
-27.97888
-27.97553
-27.97218
-27.96882
-27.96547
-27.96212
-27.95877
-27.95542
-27.95206
-27.94871
-27.94536
-27.94200
-27.93865
-27.93529
-27.93194
-27.92858
-27.92522
-27.92187
-27.91851
-27.91515
-27.91180
-27.90844
-27.90508
-27.90172
-27.89836
-27.89500
-27.89164
-27.88828
-27.88492
-27.88156
-27.87820
-27.87484
-27.87148
-27.86811
-27.86475
-27.86139
-27.85802
-27.85466
-27.85129
-27.84793
-27.84457
-27.84120
-27.83783
-27.83447
-27.83110
-27.82773
-27.82437
-27.82100
-27.81763
-27.81426
-27.81089
-27.80753
-27.80416
-27.80079
-27.79742
-27.79404
-27.79067
-27.78730
-27.78393
-27.78056
-27.77719
-27.77381
-27.77044
-27.76707
-27.76369
-27.76032
-27.75694
-27.75357
-27.75019
-27.74682
-27.74344
-27.74006
-27.73669
-27.73331
-27.72993
-27.72655
-27.72318
-27.71980
-27.71642
-27.71304
-27.70966
-27.70628
-27.70290
-27.69952
-27.69613
-27.69275
-27.68937
-27.68599
-27.68261
-27.67922
-27.67584
-27.67245
-27.66907
-27.66568
-27.66230
-27.65891
-27.65553
-27.65214
-27.64876
-27.64537
-27.64198
-27.63859
-27.63520
-27.63182
-27.62843
-27.62504
-27.62165
-27.61826
-27.61487
-27.61148
-27.60809
-27.60469
-27.60130
-27.59791
-27.59452
-27.59112
-27.58773
-27.58434
-27.58094
-27.57755
-27.57415
-27.57076
-27.56736
-27.56397
-27.56057
-27.55717
-27.55377
-27.55038
-27.54698
-27.54358
-27.54018
-27.53678
-27.53338
-27.52998
-27.52658
-27.52318
-27.51978
-27.51638
-27.51298
-27.50958
-27.50617
-27.50277
-27.49937
-27.49596
-27.49256
-27.48915
-27.48575
-27.48234
-27.47894
-27.47553
-27.47213
-27.46872
-27.46531
-27.46191
-27.45850
-27.45509
-27.45168
-27.44827
-27.44486
-27.44145
-27.43804
-27.43463
-27.43122
-27.42781
-27.42440
-27.42099
-27.41757
-27.41416
-27.41075
-27.40733
-27.40392
-27.40051
-27.39709
-27.39368
-27.39026
-27.38684
-27.38343
-27.38001
-27.37659
-27.37318
-27.36976
-27.36634
-27.36292
-27.35950
-27.35608
-27.35266
-27.34924
-27.34582
-27.34240
-27.33898
-27.33556
-27.33214
-27.32872
-27.32529
-27.32187
-27.31845
-27.31502
-27.31160
-27.30817
-27.30475
-27.30132
-27.29790
-27.29447
-27.29104
-27.28762
-27.28419
-27.28076
-27.27733
-27.27390
-27.27048
-27.26705
-27.26362
-27.26019
-27.25676
-27.25333
-27.24989
-27.24646
-27.24303
-27.23960
-27.23617
-27.23273
-27.22930
-27.22586
-27.22243
-27.21900
-27.21556
-27.21213
-27.20869
-27.20525
-27.20182
-27.19838
-27.19494
-27.19150
-27.18807
-27.18463
-27.18119
-27.17775
-27.17431
-27.17087
-27.16743
-27.16399
-27.16055
-27.15710
-27.15366
-27.15022
-27.14678
-27.14333
-27.13989
-27.13645
-27.13300
-27.12956
-27.12611
-27.12267
-27.11922
-27.11577
-27.11233
-27.10888
-27.10543
-27.10198
-27.09854
-27.09509
-27.09164
-27.08819
-27.08474
-27.08129
-27.07784
-27.07439
-27.07094
-27.06748
-27.06403
-27.06058
-27.05713
-27.05367
-27.05022
-27.04677
-27.04331
-27.03986
-27.03640
-27.03294
-27.02949
-27.02603
-27.02258
-27.01912
-27.01566
-27.01220
-27.00874
-27.00528
-27.00183
-26.99837
-26.99491
-26.99145
-26.98798
-26.98452
-26.98106
-26.97760
-26.97414
-26.97067
-26.96721
-26.96375
-26.96028
-26.95682
-26.95335
-26.94989
-26.94642
-26.94296
-26.93949
-26.93603
-26.93256
-26.92909
-26.92562
-26.92215
-26.91869
-26.91522
-26.91175
-26.90828
-26.90481
-26.90134
-26.89787
-26.89439
-26.89092
-26.88745
-26.88398
-26.88050
-26.87703
-26.87356
-26.87008
-26.86661
-26.86313
-26.85966
-26.85618
-26.85271
-26.84923
-26.84575
-26.84228
-26.83880
-26.83532
-26.83184
-26.82836
-26.82488
-26.82140
-26.81792
-26.81444
-26.81096
-26.80748
-26.80400
-26.80052
-26.79703
-26.79355
-26.79007
-26.78658
-26.78310
-26.77962
-26.77613
-26.77265
-26.76916
-26.76567
-26.76219
-26.75870
-26.75521
-26.75172
-26.74824
-26.74475
-26.74126
-26.73777
-26.73428
-26.73079
-26.72730
-26.72381
-26.72032
-26.71683
-26.71333
-26.70984
-26.70635
-26.70286
-26.69936
-26.69587
-26.69237
-26.68888
-26.68538
-26.68189
-26.67839
-26.67489
-26.67140
-26.66790
-26.66440
-26.66091
-26.65741
-26.65391
-26.65041
-26.64691
-26.64341
-26.63991
-26.63641
-26.63291
-26.62940
-26.62590
-26.62240
-26.61890
-26.61539
-26.61189
-26.60839
-26.60488
-26.60138
-26.59787
-26.59437
-26.59086
-26.58735
-26.58385
-26.58034
-26.57683
-26.57332
-26.56981
-26.56631
-26.56280
-26.55929
-26.55578
-26.55227
-26.54875
-26.54524
-26.54173
-26.53822
-26.53471
-26.53119
-26.52768
-26.52417
-26.52065
-26.51714
-26.51362
-26.51011
-26.50659
-26.50308
-26.49956
-26.49604
-26.49253
-26.48901
-26.48549
-26.48197
-26.47845
-26.47493
-26.47141
-26.46789
-26.46437
-26.46085
-26.45733
-26.45381
-26.45028
-26.44676
-26.44324
-26.43972
-26.43619
-26.43267
-26.42914
-26.42562
-26.42209
-26.41857
-26.41504
-26.41151
-26.40799
-26.40446
-26.40093
-26.39740
-26.39387
-26.39034
-26.38681
-26.38328
-26.37975
-26.37622
-26.37269
-26.36916
-26.36563
-26.36210
-26.35856
-26.35503
-26.35150
-26.34796
-26.34443
-26.34089
-26.33736
-26.33382
-26.33029
-26.32675
-26.32321
-26.31967
-26.31614
-26.31260
-26.30906
-26.30552
-26.30198
-26.29844
-26.29490
-26.29136
-26.28782
-26.28428
-26.28074
-26.27719
-26.27365
-26.27011
-26.26657
-26.26302
-26.25948
-26.25593
-26.25239
-26.24884
-26.24530
-26.24175
-26.23820
-26.23466
-26.23111
-26.22756
-26.22401
-26.22046
-26.21691
-26.21336
-26.20981
-26.20626
-26.20271
-26.19916
-26.19561
-26.19206
-26.18850
-26.18495
-26.18140
-26.17784
-26.17429
-26.17073
-26.16718
-26.16362
-26.16007
-26.15651
-26.15296
-26.14940
-26.14584
-26.14228
-26.13872
-26.13517
-26.13161
-26.12805
-26.12449
-26.12093
-26.11737
-26.11380
-26.11024
-26.10668
-26.10312
-26.09956
-26.09599
-26.09243
-26.08886
-26.08530
-26.08173
-26.07817
-26.07460
-26.07104
-26.06747
-26.06390
-26.06034
-26.05677
-26.05320
-26.04963
-26.04606
-26.04249
-26.03892
-26.03535
-26.03178
-26.02821
-26.02464
-26.02107
-26.01749
-26.01392
-26.01035
-26.00677
-26.00320
-25.99962
-25.99605
-25.99247
-25.98890
-25.98532
-25.98175
-25.97817
-25.97459
-25.97101
-25.96743
-25.96386
-25.96028
-25.95670
-25.95312
-25.94954
-25.94596
-25.94237
-25.93879
-25.93521
-25.93163
-25.92804
-25.92446
-25.92088
-25.91729
-25.91371
-25.91012
-25.90654
-25.90295
-25.89937
-25.89578
-25.89219
-25.88860
-25.88502
-25.88143
-25.87784
-25.87425
-25.87066
-25.86707
-25.86348
-25.85989
-25.85630
-25.85271
-25.84911
-25.84552
-25.84193
-25.83833
-25.83474
-25.83115
-25.82755
-25.82396
-25.82036
-25.81676
-25.81317
-25.80957
-25.80597
-25.80238
-25.79878
-25.79518
-25.79158
-25.78798
-25.78438
-25.78078
-25.77718
-25.77358
-25.76998
-25.76637
-25.76277
-25.75917
-25.75557
-25.75196
-25.74836
-25.74475
-25.74115
-25.73754
-25.73394
-25.73033
-25.72673
-25.72312
-25.71951
-25.71590
-25.71229
-25.70869
-25.70508
-25.70147
-25.69786
-25.69425
-25.69064
-25.68702
-25.68341
-25.67980
-25.67619
-25.67257
-25.66896
-25.66535
-25.66173
-25.65812
-25.65450
-25.65089
-25.64727
-25.64365
-25.64004
-25.63642
-25.63280
-25.62918
-25.62557
-25.62195
-25.61833
-25.61471
-25.61109
-25.60747
-25.60385
-25.60022
-25.59660
-25.59298
-25.58936
-25.58573
-25.58211
-25.57849
-25.57486
-25.57124
-25.56761
-25.56398
-25.56036
-25.55673
-25.55310
-25.54948
-25.54585
-25.54222
-25.53859
-25.53496
-25.53133
-25.52770
-25.52407
-25.52044
-25.51681
-25.51318
-25.50954
-25.50591
-25.50228
-25.49864
-25.49501
-25.49138
-25.48774
-25.48411
-25.48047
-25.47683
-25.47320
-25.46956
-25.46592
-25.46228
-25.45865
-25.45501
-25.45137
-25.44773
-25.44409
-25.44045
-25.43681
-25.43317
-25.42952
-25.42588
-25.42224
-25.41860
-25.41495
-25.41131
-25.40766
-25.40402
-25.40037
-25.39673
-25.39308
-25.38943
-25.38579
-25.38214
-25.37849
-25.37484
-25.37119
-25.36755
-25.36390
-25.36025
-25.35660
-25.35294
-25.34929
-25.34564
-25.34199
-25.33834
-25.33468
-25.33103
-25.32737
-25.32372
-25.32007
-25.31641
-25.31275
-25.30910
-25.30544
-25.30178
-25.29813
-25.29447
-25.29081
-25.28715
-25.28349
-25.27983
-25.27617
-25.27251
-25.26885
-25.26519
-25.26153
-25.25787
-25.25420
-25.25054
-25.24688
-25.24321
-25.23955
-25.23588
-25.23222
-25.22855
-25.22488
-25.22122
-25.21755
-25.21388
-25.21021
-25.20655
-25.20288
-25.19921
-25.19554
-25.19187
-25.18820
-25.18453
-25.18085
-25.17718
-25.17351
-25.16984
-25.16616
-25.16249
-25.15882
-25.15514
-25.15147
-25.14779
-25.14411
-25.14044
-25.13676
-25.13308
-25.12941
-25.12573
-25.12205
-25.11837
-25.11469
-25.11101
-25.10733
-25.10365
-25.09997
-25.09629
-25.09260
-25.08892
-25.08524
-25.08155
-25.07787
-25.07419
-25.07050
-25.06682
-25.06313
-25.05944
-25.05576
-25.05207
-25.04838
-25.04469
-25.04101
-25.03732
-25.03363
-25.02994
-25.02625
-25.02256
-25.01887
-25.01518
-25.01148
-25.00779
-25.00410
-25.00040
-24.99671
-24.99302
-24.98932
-24.98563
-24.98193
-24.97824
-24.97454
-24.97084
-24.96714
-24.96345
-24.95975
-24.95605
-24.95235
-24.94865
-24.94495
-24.94125
-24.93755
-24.93385
-24.93015
-24.92644
-24.92274
-24.91904
-24.91534
-24.91163
-24.90793
-24.90422
-24.90052
-24.89681
-24.89310
-24.88940
-24.88569
-24.88198
-24.87827
-24.87457
-24.87086
-24.86715
-24.86344
-24.85973
-24.85602
-24.85231
-24.84859
-24.84488
-24.84117
-24.83746
-24.83374
-24.83003
-24.82631
-24.82260
-24.81888
-24.81517
-24.81145
-24.80774
-24.80402
-24.80030
-24.79658
-24.79286
-24.78915
-24.78543
-24.78171
-24.77799
-24.77427
-24.77054
-24.76682
-24.76310
-24.75938
-24.75566
-24.75193
-24.74821
-24.74448
-24.74076
-24.73703
-24.73331
-24.72958
-24.72586
-24.72213
-24.71840
-24.71467
-24.71094
-24.70722
-24.70349
-24.69976
-24.69603
-24.69230
-24.68856
-24.68483
-24.68110
-24.67737
-24.67364
-24.66990
-24.66617
-24.66243
-24.65870
-24.65496
-24.65123
-24.64749
-24.64376
-24.64002
-24.63628
-24.63254
-24.62880
-24.62507
-24.62133
-24.61759
-24.61385
-24.61011
-24.60636
-24.60262
-24.59888
-24.59514
-24.59140
-24.58765
-24.58391
-24.58016
-24.57642
-24.57267
-24.56893
-24.56518
-24.56144
-24.55769
-24.55394
-24.55019
-24.54644
-24.54269
-24.53895
-24.53520
-24.53145
-24.52769
-24.52394
-24.52019
-24.51644
-24.51269
-24.50893
-24.50518
-24.50143
-24.49767
-24.49392
-24.49016
-24.48641
-24.48265
-24.47889
-24.47514
-24.47138
-24.46762
-24.46386
-24.46010
-24.45634
-24.45258
-24.44882
-24.44506
-24.44130
-24.43754
-24.43378
-24.43001
-24.42625
-24.42249
-24.41872
-24.41496
-24.41119
-24.40743
-24.40366
-24.39989
-24.39613
-24.39236
-24.38859
-24.38482
-24.38105
-24.37728
-24.37352
-24.36975
-24.36597
-24.36220
-24.35843
-24.35466
-24.35089
-24.34711
-24.34334
-24.33957
-24.33579
-24.33202
-24.32824
-24.32447
-24.32069
-24.31691
-24.31314
-24.30936
-24.30558
-24.30180
-24.29802
-24.29424
-24.29046
-24.28668
-24.28290
-24.27912
-24.27534
-24.27156
-24.26777
-24.26399
-24.26021
-24.25642
-24.25264
-24.24885
-24.24507
-24.24128
-24.23750
-24.23371
-24.22992
-24.22613
-24.22234
-24.21856
-24.21477
-24.21098
-24.20719
-24.20340
-24.19960
-24.19581
-24.19202
-24.18823
-24.18443
-24.18064
-24.17685
-24.17305
-24.16926
-24.16546
-24.16167
-24.15787
-24.15407
-24.15028
-24.14648
-24.14268
-24.13888
-24.13508
-24.13128
-24.12748
-24.12368
-24.11988
-24.11608
-24.11228
-24.10847
-24.10467
-24.10087
-24.09706
-24.09326
-24.08946
-24.08565
-24.08184
-24.07804
-24.07423
-24.07042
-24.06662
-24.06281
-24.05900
-24.05519
-24.05138
-24.04757
-24.04376
-24.03995
-24.03614
-24.03233
-24.02851
-24.02470
-24.02089
-24.01707
-24.01326
-24.00944
-24.00563
-24.00181
-23.99800
-23.99418
-23.99036
-23.98655
-23.98273
-23.97891
-23.97509
-23.97127
-23.96745
-23.96363
-23.95981
-23.95599
-23.95216
-23.94834
-23.94452
-23.94070
-23.93687
-23.93305
-23.92922
-23.92540
-23.92157
-23.91775
-23.91392
-23.91009
-23.90626
-23.90244
-23.89861
-23.89478
-23.89095
-23.88712
-23.88329
-23.87946
-23.87563
-23.87179
-23.86796
-23.86413
-23.86029
-23.85646
-23.85263
-23.84879
-23.84496
-23.84112
-23.83728
-23.83345
-23.82961
-23.82577
-23.82193
-23.81810
-23.81426
-23.81042
-23.80658
-23.80274
-23.79889
-23.79505
-23.79121
-23.78737
-23.78353
-23.77968
-23.77584
-23.77199
-23.76815
-23.76430
-23.76046
-23.75661
-23.75276
-23.74892
-23.74507
-23.74122
-23.73737
-23.73352
-23.72967
-23.72582
-23.72197
-23.71812
-23.71427
-23.71042
-23.70656
-23.70271
-23.69886
-23.69500
-23.69115
-23.68729
-23.68344
-23.67958
-23.67572
-23.67187
-23.66801
-23.66415
-23.66029
-23.65643
-23.65257
-23.64871
-23.64485
-23.64099
-23.63713
-23.63327
-23.62941
-23.62554
-23.62168
-23.61782
-23.61395
-23.61009
-23.60622
-23.60236
-23.59849
-23.59462
-23.59076
-23.58689
-23.58302
-23.57915
-23.57528
-23.57141
-23.56754
-23.56367
-23.55980
-23.55593
-23.55206
-23.54818
-23.54431
-23.54044
-23.53656
-23.53269
-23.52881
-23.52494
-23.52106
-23.51718
-23.51331
-23.50943
-23.50555
-23.50167
-23.49779
-23.49391
-23.49003
-23.48615
-23.48227
-23.47839
-23.47451
-23.47063
-23.46674
-23.46286
-23.45898
-23.45509
-23.45121
-23.44732
-23.44344
-23.43955
-23.43566
-23.43178
-23.42789
-23.42400
-23.42011
-23.41622
-23.41233
-23.40844
-23.40455
-23.40066
-23.39677
-23.39287
-23.38898
-23.38509
-23.38119
-23.37730
-23.37341
-23.36951
-23.36561
-23.36172
-23.35782
-23.35392
-23.35003
-23.34613
-23.34223
-23.33833
-23.33443
-23.33053
-23.32663
-23.32273
-23.31883
-23.31492
-23.31102
-23.30712
-23.30321
-23.29931
-23.29540
-23.29150
-23.28759
-23.28369
-23.27978
-23.27587
-23.27197
-23.26806
-23.26415
-23.26024
-23.25633
-23.25242
-23.24851
-23.24460
-23.24069
-23.23677
-23.23286
-23.22895
-23.22503
-23.22112
-23.21721
-23.21329
-23.20937
-23.20546
-23.20154
-23.19762
-23.19371
-23.18979
-23.18587
-23.18195
-23.17803
-23.17411
-23.17019
-23.16627
-23.16235
-23.15842
-23.15450
-23.15058
-23.14665
-23.14273
-23.13881
-23.13488
-23.13095
-23.12703
-23.12310
-23.11917
-23.11525
-23.11132
-23.10739
-23.10346
-23.09953
-23.09560
-23.09167
-23.08774
-23.08381
-23.07987
-23.07594
-23.07201
-23.06807
-23.06414
-23.06021
-23.05627
-23.05233
-23.04840
-23.04446
-23.04052
-23.03659
-23.03265
-23.02871
-23.02477
-23.02083
-23.01689
-23.01295
-23.00901
-23.00506
-23.00112
-22.99718
-22.99324
-22.98929
-22.98535
-22.98140
-22.97746
-22.97351
-22.96956
-22.96562
-22.96167
-22.95772
-22.95377
-22.94983
-22.94588
-22.94193
-22.93797
-22.93402
-22.93007
-22.92612
-22.92217
-22.91821
-22.91426
-22.91031
-22.90635
-22.90240
-22.89844
-22.89449
-22.89053
-22.88657
-22.88261
-22.87866
-22.87470
-22.87074
-22.86678
-22.86282
-22.85886
-22.85490
-22.85093
-22.84697
-22.84301
-22.83905
-22.83508
-22.83112
-22.82715
-22.82319
-22.81922
-22.81526
-22.81129
-22.80732
-22.80335
-22.79938
-22.79542
-22.79145
-22.78748
-22.78351
-22.77953
-22.77556
-22.77159
-22.76762
-22.76365
-22.75967
-22.75570
-22.75172
-22.74775
-22.74377
-22.73980
-22.73582
-22.73184
-22.72787
-22.72389
-22.71991
-22.71593
-22.71195
-22.70797
-22.70399
-22.70001
-22.69603
-22.69204
-22.68806
-22.68408
-22.68009
-22.67611
-22.67212
-22.66814
-22.66415
-22.66017
-22.65618
-22.65219
-22.64820
-22.64421
-22.64023
-22.63624
-22.63225
-22.62826
-22.62426
-22.62027
-22.61628
-22.61229
-22.60829
-22.60430
-22.60031
-22.59631
-22.59232
-22.58832
-22.58432
-22.58033
-22.57633
-22.57233
-22.56833
-22.56433
-22.56033
-22.55633
-22.55233
-22.54833
-22.54433
-22.54033
-22.53633
-22.53232
-22.52832
-22.52432
-22.52031
-22.51631
-22.51230
-22.50829
-22.50429
-22.50028
-22.49627
-22.49226
-22.48826
-22.48425
-22.48024
-22.47623
-22.47221
-22.46820
-22.46419
-22.46018
-22.45617
-22.45215
-22.44814
-22.44412
-22.44011
-22.43609
-22.43208
-22.42806
-22.42404
-22.42002
-22.41601
-22.41199
-22.40797
-22.40395
-22.39993
-22.39591
-22.39188
-22.38786
-22.38384
-22.37982
-22.37579
-22.37177
-22.36774
-22.36372
-22.35969
-22.35567
-22.35164
-22.34761
-22.34359
-22.33956
-22.33553
-22.33150
-22.32747
-22.32344
-22.31941
-22.31538
-22.31134
-22.30731
-22.30328
-22.29924
-22.29521
-22.29118
-22.28714
-22.28310
-22.27907
-22.27503
-22.27099
-22.26696
-22.26292
-22.25888
-22.25484
-22.25080
-22.24676
-22.24272
-22.23868
-22.23463
-22.23059
-22.22655
-22.22250
-22.21846
-22.21442
-22.21037
-22.20632
-22.20228
-22.19823
-22.19418
-22.19013
-22.18609
-22.18204
-22.17799
-22.17394
-22.16989
-22.16584
-22.16178
-22.15773
-22.15368
-22.14963
-22.14557
-22.14152
-22.13746
-22.13341
-22.12935
-22.12529
-22.12124
-22.11718
-22.11312
-22.10906
-22.10500
-22.10094
-22.09688
-22.09282
-22.08876
-22.08470
-22.08064
-22.07657
-22.07251
-22.06845
-22.06438
-22.06032
-22.05625
-22.05218
-22.04812
-22.04405
-22.03998
-22.03591
-22.03184
-22.02777
-22.02370
-22.01963
-22.01556
-22.01149
-22.00742
-22.00335
-21.99927
-21.99520
-21.99113
-21.98705
-21.98297
-21.97890
-21.97482
-21.97075
-21.96667
-21.96259
-21.95851
-21.95443
-21.95035
-21.94627
-21.94219
-21.93811
-21.93403
-21.92994
-21.92586
-21.92178
-21.91769
-21.91361
-21.90952
-21.90544
-21.90135
-21.89727
-21.89318
-21.88909
-21.88500
-21.88091
-21.87682
-21.87273
-21.86864
-21.86455
-21.86046
-21.85637
-21.85227
-21.84818
-21.84409
-21.83999
-21.83590
-21.83180
-21.82771
-21.82361
-21.81951
-21.81541
-21.81132
-21.80722
-21.80312
-21.79902
-21.79492
-21.79082
-21.78671
-21.78261
-21.77851
-21.77441
-21.77030
-21.76620
-21.76209
-21.75799
-21.75388
-21.74978
-21.74567
-21.74156
-21.73745
-21.73334
-21.72924
-21.72513
-21.72102
-21.71690
-21.71279
-21.70868
-21.70457
-21.70046
-21.69634
-21.69223
-21.68811
-21.68400
-21.67988
-21.67576
-21.67165
-21.66753
-21.66341
-21.65929
-21.65517
-21.65105
-21.64693
-21.64281
-21.63869
-21.63457
-21.63045
-21.62632
-21.62220
-21.61808
-21.61395
-21.60983
-21.60570
-21.60157
-21.59745
-21.59332
-21.58919
-21.58506
-21.58093
-21.57680
-21.57267
-21.56854
-21.56441
-21.56028
-21.55615
-21.55201
-21.54788
-21.54375
-21.53961
-21.53548
-21.53134
-21.52720
-21.52307
-21.51893
-21.51479
-21.51065
-21.50651
-21.50237
-21.49823
-21.49409
-21.48995
-21.48581
-21.48167
-21.47752
-21.47338
-21.46924
-21.46509
-21.46095
-21.45680
-21.45265
-21.44851
-21.44436
-21.44021
-21.43606
-21.43191
-21.42776
-21.42361
-21.41946
-21.41531
-21.41116
-21.40701
-21.40285
-21.39870
-21.39455
-21.39039
-21.38624
-21.38208
-21.37792
-21.37377
-21.36961
-21.36545
-21.36129
-21.35713
-21.35297
-21.34881
-21.34465
-21.34049
-21.33633
-21.33216
-21.32800
-21.32384
-21.31967
-21.31551
-21.31134
-21.30718
-21.30301
-21.29884
-21.29467
-21.29051
-21.28634
-21.28217
-21.27800
-21.27383
-21.26965
-21.26548
-21.26131
-21.25714
-21.25296
-21.24879
-21.24462
-21.24044
-21.23626
-21.23209
-21.22791
-21.22373
-21.21956
-21.21538
-21.21120
-21.20702
-21.20284
-21.19866
-21.19448
-21.19029
-21.18611
-21.18193
-21.17774
-21.17356
-21.16938
-21.16519
-21.16100
-21.15682
-21.15263
-21.14844
-21.14425
-21.14007
-21.13588
-21.13169
-21.12750
-21.12330
-21.11911
-21.11492
-21.11073
-21.10653
-21.10234
-21.09815
-21.09395
-21.08975
-21.08556
-21.08136
-21.07716
-21.07297
-21.06877
-21.06457
-21.06037
-21.05617
-21.05197
-21.04777
-21.04356
-21.03936
-21.03516
-21.03095
-21.02675
-21.02255
-21.01834
-21.01413
-21.00993
-21.00572
-21.00151
-20.99730
-20.99309
-20.98889
-20.98468
-20.98046
-20.97625
-20.97204
-20.96783
-20.96362
-20.95940
-20.95519
-20.95097
-20.94676
-20.94254
-20.93833
-20.93411
-20.92989
-20.92567
-20.92145
-20.91724
-20.91302
-20.90879
-20.90457
-20.90035
-20.89613
-20.89191
-20.88768
-20.88346
-20.87924
-20.87501
-20.87078
-20.86656
-20.86233
-20.85810
-20.85388
-20.84965
-20.84542
-20.84119
-20.83696
-20.83273
-20.82850
-20.82426
-20.82003
-20.81580
-20.81156
-20.80733
-20.80309
-20.79886
-20.79462
-20.79038
-20.78615
-20.78191
-20.77767
-20.77343
-20.76919
-20.76495
-20.76071
-20.75647
-20.75223
-20.74798
-20.74374
-20.73950
-20.73525
-20.73101
-20.72676
-20.72252
-20.71827
-20.71402
-20.70977
-20.70553
-20.70128
-20.69703
-20.69278
-20.68853
-20.68427
-20.68002
-20.67577
-20.67152
-20.66726
-20.66301
-20.65875
-20.65450
-20.65024
-20.64599
-20.64173
-20.63747
-20.63321
-20.62895
-20.62469
-20.62043
-20.61617
-20.61191
-20.60765
-20.60339
-20.59912
-20.59486
-20.59059
-20.58633
-20.58206
-20.57780
-20.57353
-20.56926
-20.56500
-20.56073
-20.55646
-20.55219
-20.54792
-20.54365
-20.53937
-20.53510
-20.53083
-20.52656
-20.52228
-20.51801
-20.51373
-20.50946
-20.50518
-20.50090
-20.49663
-20.49235
-20.48807
-20.48379
-20.47951
-20.47523
-20.47095
-20.46667
-20.46239
-20.45810
-20.45382
-20.44954
-20.44525
-20.44097
-20.43668
-20.43239
-20.42811
-20.42382
-20.41953
-20.41524
-20.41095
-20.40666
-20.40237
-20.39808
-20.39379
-20.38950
-20.38520
-20.38091
-20.37662
-20.37232
-20.36802
-20.36373
-20.35943
-20.35514
-20.35084
-20.34654
-20.34224
-20.33794
-20.33364
-20.32934
-20.32504
-20.32074
-20.31643
-20.31213
-20.30783
-20.30352
-20.29922
-20.29491
-20.29060
-20.28630
-20.28199
-20.27768
-20.27337
-20.26906
-20.26475
-20.26044
-20.25613
-20.25182
-20.24751
-20.24320
-20.23888
-20.23457
-20.23025
-20.22594
-20.22162
-20.21731
-20.21299
-20.20867
-20.20435
-20.20003
-20.19571
-20.19139
-20.18707
-20.18275
-20.17843
-20.17411
-20.16978
-20.16546
-20.16114
-20.15681
-20.15249
-20.14816
-20.14383
-20.13951
-20.13518
-20.13085
-20.12652
-20.12219
-20.11786
-20.11353
-20.10920
-20.10486
-20.10053
-20.09620
-20.09186
-20.08753
-20.08319
-20.07886
-20.07452
-20.07018
-20.06585
-20.06151
-20.05717
-20.05283
-20.04849
-20.04415
-20.03981
-20.03546
-20.03112
-20.02678
-20.02243
-20.01809
-20.01374
-20.00940
-20.00505
-20.00070
-19.99636
-19.99201
-19.98766
-19.98331
-19.97896
-19.97461
-19.97026
-19.96591
-19.96155
-19.95720
-19.95285
-19.94849
-19.94414
-19.93978
-19.93543
-19.93107
-19.92671
-19.92235
-19.91799
-19.91363
-19.90927
-19.90491
-19.90055
-19.89619
-19.89183
-19.88747
-19.88310
-19.87874
-19.87437
-19.87001
-19.86564
-19.86127
-19.85691
-19.85254
-19.84817
-19.84380
-19.83943
-19.83506
-19.83069
-19.82632
-19.82195
-19.81757
-19.81320
-19.80882
-19.80445
-19.80007
-19.79570
-19.79132
-19.78694
-19.78257
-19.77819
-19.77381
-19.76943
-19.76505
-19.76067
-19.75629
-19.75190
-19.74752
-19.74314
-19.73875
-19.73437
-19.72998
-19.72560
-19.72121
-19.71682
-19.71243
-19.70805
-19.70366
-19.69927
-19.69488
-19.69049
-19.68609
-19.68170
-19.67731
-19.67291
-19.66852
-19.66413
-19.65973
-19.65533
-19.65094
-19.64654
-19.64214
-19.63774
-19.63334
-19.62894
-19.62454
-19.62014
-19.61574
-19.61134
-19.60694
-19.60253
-19.59813
-19.59372
-19.58932
-19.58491
-19.58050
-19.57610
-19.57169
-19.56728
-19.56287
-19.55846
-19.55405
-19.54964
-19.54523
-19.54081
-19.53640
-19.53199
-19.52757
-19.52316
-19.51874
-19.51433
-19.50991
-19.50549
-19.50107
-19.49665
-19.49224
-19.48782
-19.48339
-19.47897
-19.47455
-19.47013
-19.46571
-19.46128
-19.45686
-19.45243
-19.44801
-19.44358
-19.43915
-19.43472
-19.43030
-19.42587
-19.42144
-19.41701
-19.41258
-19.40814
-19.40371
-19.39928
-19.39485
-19.39041
-19.38598
-19.38154
-19.37711
-19.37267
-19.36823
-19.36379
-19.35936
-19.35492
-19.35048
-19.34604
-19.34159
-19.33715
-19.33271
-19.32827
-19.32382
-19.31938
-19.31493
-19.31049
-19.30604
-19.30160
-19.29715
-19.29270
-19.28825
-19.28380
-19.27935
-19.27490
-19.27045
-19.26600
-19.26154
-19.25709
-19.25264
-19.24818
-19.24373
-19.23927
-19.23481
-19.23036
-19.22590
-19.22144
-19.21698
-19.21252
-19.20806
-19.20360
-19.19914
-19.19468
-19.19021
-19.18575
-19.18128
-19.17682
-19.17235
-19.16789
-19.16342
-19.15895
-19.15449
-19.15002
-19.14555
-19.14108
-19.13661
-19.13213
-19.12766
-19.12319
-19.11872
-19.11424
-19.10977
-19.10529
-19.10082
-19.09634
-19.09186
-19.08738
-19.08291
-19.07843
-19.07395
-19.06947
-19.06498
-19.06050
-19.05602
-19.05154
-19.04705
-19.04257
-19.03808
-19.03360
-19.02911
-19.02462
-19.02014
-19.01565
-19.01116
-19.00667
-19.00218
-18.99769
-18.99320
-18.98870
-18.98421
-18.97972
-18.97522
-18.97073
-18.96623
-18.96174
-18.95724
-18.95274
-18.94824
-18.94374
-18.93924
-18.93474
-18.93024
-18.92574
-18.92124
-18.91674
-18.91223
-18.90773
-18.90322
-18.89872
-18.89421
-18.88971
-18.88520
-18.88069
-18.87618
-18.87167
-18.86716
-18.86265
-18.85814
-18.85363
-18.84911
-18.84460
-18.84009
-18.83557
-18.83106
-18.82654
-18.82202
-18.81751
-18.81299
-18.80847
-18.80395
-18.79943
-18.79491
-18.79039
-18.78587
-18.78134
-18.77682
-18.77230
-18.76777
-18.76325
-18.75872
-18.75419
-18.74967
-18.74514
-18.74061
-18.73608
-18.73155
-18.72702
-18.72249
-18.71796
-18.71342
-18.70889
-18.70436
-18.69982
-18.69529
-18.69075
-18.68621
-18.68168
-18.67714
-18.67260
-18.66806
-18.66352
-18.65898
-18.65444
-18.64990
-18.64535
-18.64081
-18.63627
-18.63172
-18.62717
-18.62263
-18.61808
-18.61353
-18.60899
-18.60444
-18.59989
-18.59534
-18.59079
-18.58624
-18.58168
-18.57713
-18.57258
-18.56802
-18.56347
-18.55891
-18.55436
-18.54980
-18.54524
-18.54068
-18.53613
-18.53157
-18.52701
-18.52245
-18.51788
-18.51332
-18.50876
-18.50419
-18.49963
-18.49507
-18.49050
-18.48593
-18.48137
-18.47680
-18.47223
-18.46766
-18.46309
-18.45852
-18.45395
-18.44938
-18.44481
-18.44023
-18.43566
-18.43109
-18.42651
-18.42193
-18.41736
-18.41278
-18.40820
-18.40362
-18.39905
-18.39447
-18.38989
-18.38530
-18.38072
-18.37614
-18.37156
-18.36697
-18.36239
-18.35780
-18.35322
-18.34863
-18.34404
-18.33945
-18.33487
-18.33028
-18.32569
-18.32109
-18.31650
-18.31191
-18.30732
-18.30272
-18.29813
-18.29354
-18.28894
-18.28434
-18.27975
-18.27515
-18.27055
-18.26595
-18.26135
-18.25675
-18.25215
-18.24755
-18.24295
-18.23834
-18.23374
-18.22914
-18.22453
-18.21992
-18.21532
-18.21071
-18.20610
-18.20149
-18.19688
-18.19227
-18.18766
-18.18305
-18.17844
-18.17383
-18.16921
-18.16460
-18.15998
-18.15537
-18.15075
-18.14614
-18.14152
-18.13690
-18.13228
-18.12766
-18.12304
-18.11842
-18.11380
-18.10918
-18.10455
-18.09993
-18.09530
-18.09068
-18.08605
-18.08143
-18.07680
-18.07217
-18.06754
-18.06291
-18.05828
-18.05365
-18.04902
-18.04439
-18.03976
-18.03512
-18.03049
-18.02585
-18.02122
-18.01658
-18.01194
-18.00731
-18.00267
-17.99803
-17.99339
-17.98875
-17.98411
-17.97946
-17.97482
-17.97018
-17.96553
-17.96089
-17.95624
-17.95160
-17.94695
-17.94230
-17.93766
-17.93301
-17.92836
-17.92371
-17.91906
-17.91440
-17.90975
-17.90510
-17.90044
-17.89579
-17.89113
-17.88648
-17.88182
-17.87716
-17.87251
-17.86785
-17.86319
-17.85853
-17.85387
-17.84920
-17.84454
-17.83988
-17.83522
-17.83055
-17.82589
-17.82122
-17.81655
-17.81189
-17.80722
-17.80255
-17.79788
-17.79321
-17.78854
-17.78387
-17.77920
-17.77452
-17.76985
-17.76517
-17.76050
-17.75582
-17.75115
-17.74647
-17.74179
-17.73711
-17.73243
-17.72775
-17.72307
-17.71839
-17.71371
-17.70903
-17.70434
-17.69966
-17.69497
-17.69029
-17.68560
-17.68091
-17.67623
-17.67154
-17.66685
-17.66216
-17.65747
-17.65278
-17.64808
-17.64339
-17.63870
-17.63400
-17.62931
-17.62461
-17.61992
-17.61522
-17.61052
-17.60582
-17.60112
-17.59642
-17.59172
-17.58702
-17.58232
-17.57762
-17.57291
-17.56821
-17.56350
-17.55880
-17.55409
-17.54938
-17.54468
-17.53997
-17.53526
-17.53055
-17.52584
-17.52113
-17.51641
-17.51170
-17.50699
-17.50227
-17.49756
-17.49284
-17.48813
-17.48341
-17.47869
-17.47397
-17.46925
-17.46453
-17.45981
-17.45509
-17.45037
-17.44564
-17.44092
-17.43620
-17.43147
-17.42675
-17.42202
-17.41729
-17.41256
-17.40783
-17.40310
-17.39837
-17.39364
-17.38891
-17.38418
-17.37945
-17.37471
-17.36998
-17.36524
-17.36051
-17.35577
-17.35103
-17.34629
-17.34155
-17.33681
-17.33207
-17.32733
-17.32259
-17.31785
-17.31310
-17.30836
-17.30362
-17.29887
-17.29412
-17.28938
-17.28463
-17.27988
-17.27513
-17.27038
-17.26563
-17.26088
-17.25613
-17.25137
-17.24662
-17.24187
-17.23711
-17.23236
-17.22760
-17.22284
-17.21808
-17.21333
-17.20857
-17.20381
-17.19904
-17.19428
-17.18952
-17.18476
-17.17999
-17.17523
-17.17046
-17.16570
-17.16093
-17.15616
-17.15139
-17.14663
-17.14186
-17.13708
-17.13231
-17.12754
-17.12277
-17.11800
-17.11322
-17.10845
-17.10367
-17.09889
-17.09412
-17.08934
-17.08456
-17.07978
-17.07500
-17.07022
-17.06544
-17.06066
-17.05587
-17.05109
-17.04630
-17.04152
-17.03673
-17.03195
-17.02716
-17.02237
-17.01758
-17.01279
-17.00800
-17.00321
-16.99842
-16.99362
-16.98883
-16.98404
-16.97924
-16.97445
-16.96965
-16.96485
-16.96005
-16.95526
-16.95046
-16.94566
-16.94086
-16.93605
-16.93125
-16.92645
-16.92164
-16.91684
-16.91203
-16.90723
-16.90242
-16.89761
-16.89280
-16.88800
-16.88319
-16.87837
-16.87356
-16.86875
-16.86394
-16.85912
-16.85431
-16.84949
-16.84468
-16.83986
-16.83504
-16.83023
-16.82541
-16.82059
-16.81577
-16.81095
-16.80612
-16.80130
-16.79648
-16.79165
-16.78683
-16.78200
-16.77718
-16.77235
-16.76752
-16.76269
-16.75786
-16.75303
-16.74820
-16.74337
-16.73854
-16.73370
-16.72887
-16.72403
-16.71920
-16.71436
-16.70953
-16.70469
-16.69985
-16.69501
-16.69017
-16.68533
-16.68049
-16.67564
-16.67080
-16.66596
-16.66111
-16.65627
-16.65142
-16.64657
-16.64173
-16.63688
-16.63203
-16.62718
-16.62233
-16.61748
-16.61262
-16.60777
-16.60292
-16.59806
-16.59321
-16.58835
-16.58349
-16.57864
-16.57378
-16.56892
-16.56406
-16.55920
-16.55434
-16.54947
-16.54461
-16.53975
-16.53488
-16.53002
-16.52515
-16.52029
-16.51542
-16.51055
-16.50568
-16.50081
-16.49594
-16.49107
-16.48620
-16.48132
-16.47645
-16.47157
-16.46670
-16.46182
-16.45695
-16.45207
-16.44719
-16.44231
-16.43743
-16.43255
-16.42767
-16.42279
-16.41790
-16.41302
-16.40814
-16.40325
-16.39836
-16.39348
-16.38859
-16.38370
-16.37881
-16.37392
-16.36903
-16.36414
-16.35925
-16.35435
-16.34946
-16.34457
-16.33967
-16.33477
-16.32988
-16.32498
-16.32008
-16.31518
-16.31028
-16.30538
-16.30048
-16.29558
-16.29067
-16.28577
-16.28087
-16.27596
-16.27105
-16.26615
-16.26124
-16.25633
-16.25142
-16.24651
-16.24160
-16.23669
-16.23177
-16.22686
-16.22195
-16.21703
-16.21212
-16.20720
-16.20228
-16.19737
-16.19245
-16.18753
-16.18261
-16.17769
-16.17276
-16.16784
-16.16292
-16.15799
-16.15307
-16.14814
-16.14322
-16.13829
-16.13336
-16.12843
-16.12350
-16.11857
-16.11364
-16.10871
-16.10377
-16.09884
-16.09391
-16.08897
-16.08403
-16.07910
-16.07416
-16.06922
-16.06428
-16.05934
-16.05440
-16.04946
-16.04452
-16.03957
-16.03463
-16.02968
-16.02474
-16.01979
-16.01485
-16.00990
-16.00495
-16.00000
-15.99505
-15.99010
-15.98515
-15.98019
-15.97524
-15.97029
-15.96533
-15.96037
-15.95542
-15.95046
-15.94550
-15.94054
-15.93558
-15.93062
-15.92566
-15.92070
-15.91574
-15.91077
-15.90581
-15.90084
-15.89588
-15.89091
-15.88594
-15.88097
-15.87600
-15.87103
-15.86606
-15.86109
-15.85612
-15.85114
-15.84617
-15.84119
-15.83622
-15.83124
-15.82626
-15.82129
-15.81631
-15.81133
-15.80635
-15.80136
-15.79638
-15.79140
-15.78641
-15.78143
-15.77644
-15.77146
-15.76647
-15.76148
-15.75649
-15.75150
-15.74651
-15.74152
-15.73653
-15.73154
-15.72655
-15.72155
-15.71656
-15.71156
-15.70656
-15.70157
-15.69657
-15.69157
-15.68657
-15.68157
-15.67657
-15.67156
-15.66656
-15.66156
-15.65655
-15.65154
-15.64654
-15.64153
-15.63652
-15.63151
-15.62650
-15.62149
-15.61648
-15.61147
-15.60646
-15.60144
-15.59643
-15.59141
-15.58640
-15.58138
-15.57636
-15.57134
-15.56632
-15.56130
-15.55628
-15.55126
-15.54624
-15.54121
-15.53619
-15.53116
-15.52614
-15.52111
-15.51608
-15.51105
-15.50603
-15.50100
-15.49596
-15.49093
-15.48590
-15.48087
-15.47583
-15.47080
-15.46576
-15.46072
-15.45569
-15.45065
-15.44561
-15.44057
-15.43553
-15.43049
-15.42544
-15.42040
-15.41536
-15.41031
-15.40527
-15.40022
-15.39517
-15.39012
-15.38508
-15.38003
-15.37497
-15.36992
-15.36487
-15.35982
-15.35476
-15.34971
-15.34465
-15.33960
-15.33454
-15.32948
-15.32442
-15.31936
-15.31430
-15.30924
-15.30418
-15.29911
-15.29405
-15.28899
-15.28392
-15.27885
-15.27379
-15.26872
-15.26365
-15.25858
-15.25351
-15.24844
-15.24337
-15.23829
-15.23322
-15.22814
-15.22307
-15.21799
-15.21291
-15.20784
-15.20276
-15.19768
-15.19260
-15.18752
-15.18243
-15.17735
-15.17227
-15.16718
-15.16210
-15.15701
-15.15192
-15.14683
-15.14175
-15.13666
-15.13156
-15.12647
-15.12138
-15.11629
-15.11119
-15.10610
-15.10100
-15.09591
-15.09081
-15.08571
-15.08061
-15.07551
-15.07041
-15.06531
-15.06021
-15.05510
-15.05000
-15.04490
-15.03979
-15.03468
-15.02958
-15.02447
-15.01936
-15.01425
-15.00914
-15.00403
-14.99891
-14.99380
-14.98869
-14.98357
-14.97845
-14.97334
-14.96822
-14.96310
-14.95798
-14.95286
-14.94774
-14.94262
-14.93750
-14.93237
-14.92725
-14.92212
-14.91700
-14.91187
-14.90674
-14.90161
-14.89648
-14.89135
-14.88622
-14.88109
-14.87596
-14.87082
-14.86569
-14.86055
-14.85542
-14.85028
-14.84514
-14.84000
-14.83486
-14.82972
-14.82458
-14.81944
-14.81430
-14.80915
-14.80401
-14.79886
-14.79372
-14.78857
-14.78342
-14.77827
-14.77312
-14.76797
-14.76282
-14.75767
-14.75251
-14.74736
-14.74220
-14.73705
-14.73189
-14.72673
-14.72157
-14.71641
-14.71125
-14.70609
-14.70093
-14.69577
-14.69060
-14.68544
-14.68027
-14.67511
-14.66994
-14.66477
-14.65960
-14.65443
-14.64926
-14.64409
-14.63892
-14.63374
-14.62857
-14.62340
-14.61822
-14.61304
-14.60787
-14.60269
-14.59751
-14.59233
-14.58715
-14.58196
-14.57678
-14.57160
-14.56641
-14.56123
-14.55604
-14.55085
-14.54567
-14.54048
-14.53529
-14.53010
-14.52491
-14.51971
-14.51452
-14.50933
-14.50413
-14.49894
-14.49374
-14.48854
-14.48334
-14.47814
-14.47294
-14.46774
-14.46254
-14.45734
-14.45213
-14.44693
-14.44172
-14.43652
-14.43131
-14.42610
-14.42089
-14.41568
-14.41047
-14.40526
-14.40005
-14.39483
-14.38962
-14.38440
-14.37919
-14.37397
-14.36875
-14.36354
-14.35832
-14.35310
-14.34787
-14.34265
-14.33743
-14.33221
-14.32698
-14.32175
-14.31653
-14.31130
-14.30607
-14.30084
-14.29561
-14.29038
-14.28515
-14.27992
-14.27468
-14.26945
-14.26421
-14.25898
-14.25374
-14.24850
-14.24326
-14.23802
-14.23278
-14.22754
-14.22230
-14.21705
-14.21181
-14.20656
-14.20132
-14.19607
-14.19082
-14.18558
-14.18033
-14.17508
-14.16982
-14.16457
-14.15932
-14.15406
-14.14881
-14.14355
-14.13830
-14.13304
-14.12778
-14.12252
-14.11726
-14.11200
-14.10674
-14.10147
-14.09621
-14.09094
-14.08568
-14.08041
-14.07514
-14.06988
-14.06461
-14.05934
-14.05407
-14.04879
-14.04352
-14.03825
-14.03297
-14.02770
-14.02242
-14.01714
-14.01186
-14.00659
-14.00131
-13.99602
-13.99074
-13.98546
-13.98018
-13.97489
-13.96961
-13.96432
-13.95903
-13.95374
-13.94845
-13.94316
-13.93787
-13.93258
-13.92729
-13.92200
-13.91670
-13.91141
-13.90611
-13.90081
-13.89551
-13.89021
-13.88491
-13.87961
-13.87431
-13.86901
-13.86371
-13.85840
-13.85310
-13.84779
-13.84248
-13.83717
-13.83186
-13.82655
-13.82124
-13.81593
-13.81062
-13.80530
-13.79999
-13.79467
-13.78936
-13.78404
-13.77872
-13.77340
-13.76808
-13.76276
-13.75744
-13.75212
-13.74679
-13.74147
-13.73614
-13.73082
-13.72549
-13.72016
-13.71483
-13.70950
-13.70417
-13.69884
-13.69351
-13.68817
-13.68284
-13.67750
-13.67217
-13.66683
-13.66149
-13.65615
-13.65081
-13.64547
-13.64013
-13.63478
-13.62944
-13.62410
-13.61875
-13.61340
-13.60806
-13.60271
-13.59736
-13.59201
-13.58666
-13.58130
-13.57595
-13.57060
-13.56524
-13.55989
-13.55453
-13.54917
-13.54381
-13.53845
-13.53309
-13.52773
-13.52237
-13.51700
-13.51164
-13.50627
-13.50091
-13.49554
-13.49017
-13.48480
-13.47943
-13.47406
-13.46869
-13.46332
-13.45795
-13.45257
-13.44720
-13.44182
-13.43644
-13.43106
-13.42568
-13.42030
-13.41492
-13.40954
-13.40416
-13.39877
-13.39339
-13.38800
-13.38262
-13.37723
-13.37184
-13.36645
-13.36106
-13.35567
-13.35028
-13.34488
-13.33949
-13.33409
-13.32870
-13.32330
-13.31790
-13.31250
-13.30710
-13.30170
-13.29630
-13.29090
-13.28550
-13.28009
-13.27469
-13.26928
-13.26387
-13.25846
-13.25305
-13.24764
-13.24223
-13.23682
-13.23141
-13.22599
-13.22058
-13.21516
-13.20975
-13.20433
-13.19891
-13.19349
-13.18807
-13.18265
-13.17723
-13.17180
-13.16638
-13.16095
-13.15553
-13.15010
-13.14467
-13.13924
-13.13381
-13.12838
-13.12295
-13.11751
-13.11208
-13.10665
-13.10121
-13.09577
-13.09033
-13.08490
-13.07946
-13.07402
-13.06857
-13.06313
-13.05769
-13.05224
-13.04680
-13.04135
-13.03590
-13.03046
-13.02501
-13.01956
-13.01411
-13.00865
-13.00320
-12.99775
-12.99229
-12.98684
-12.98138
-12.97592
-12.97046
-12.96500
-12.95954
-12.95408
-12.94862
-12.94315
-12.93769
-12.93222
-12.92676
-12.92129
-12.91582
-12.91035
-12.90488
-12.89941
-12.89394
-12.88846
-12.88299
-12.87751
-12.87204
-12.86656
-12.86108
-12.85560
-12.85012
-12.84464
-12.83916
-12.83368
-12.82819
-12.82271
-12.81722
-12.81173
-12.80625
-12.80076
-12.79527
-12.78978
-12.78429
-12.77879
-12.77330
-12.76780
-12.76231
-12.75681
-12.75131
-12.74582
-12.74032
-12.73482
-12.72931
-12.72381
-12.71831
-12.71280
-12.70730
-12.70179
-12.69628
-12.69078
-12.68527
-12.67976
-12.67425
-12.66873
-12.66322
-12.65771
-12.65219
-12.64667
-12.64116
-12.63564
-12.63012
-12.62460
-12.61908
-12.61356
-12.60803
-12.60251
-12.59698
-12.59146
-12.58593
-12.58040
-12.57487
-12.56934
-12.56381
-12.55828
-12.55275
-12.54721
-12.54168
-12.53614
-12.53061
-12.52507
-12.51953
-12.51399
-12.50845
-12.50291
-12.49736
-12.49182
-12.48628
-12.48073
-12.47518
-12.46964
-12.46409
-12.45854
-12.45299
-12.44743
-12.44188
-12.43633
-12.43077
-12.42522
-12.41966
-12.41410
-12.40854
-12.40298
-12.39742
-12.39186
-12.38630
-12.38073
-12.37517
-12.36960
-12.36404
-12.35847
-12.35290
-12.34733
-12.34176
-12.33619
-12.33062
-12.32504
-12.31947
-12.31389
-12.30832
-12.30274
-12.29716
-12.29158
-12.28600
-12.28042
-12.27483
-12.26925
-12.26367
-12.25808
-12.25249
-12.24690
-12.24132
-12.23573
-12.23014
-12.22454
-12.21895
-12.21336
-12.20776
-12.20217
-12.19657
-12.19097
-12.18537
-12.17977
-12.17417
-12.16857
-12.16297
-12.15736
-12.15176
-12.14615
-12.14054
-12.13494
-12.12933
-12.12372
-12.11811
-12.11249
-12.10688
-12.10127
-12.09565
-12.09004
-12.08442
-12.07880
-12.07318
-12.06756
-12.06194
-12.05632
-12.05069
-12.04507
-12.03944
-12.03382
-12.02819
-12.02256
-12.01693
-12.01130
-12.00567
-12.00004
-11.99440
-11.98877
-11.98313
-11.97750
-11.97186
-11.96622
-11.96058
-11.95494
-11.94930
-11.94366
-11.93801
-11.93237
-11.92672
-11.92108
-11.91543
-11.90978
-11.90413
-11.89848
-11.89283
-11.88717
-11.88152
-11.87586
-11.87021
-11.86455
-11.85889
-11.85323
-11.84757
-11.84191
-11.83625
-11.83059
-11.82492
-11.81926
-11.81359
-11.80792
-11.80225
-11.79658
-11.79091
-11.78524
-11.77957
-11.77390
-11.76822
-11.76255
-11.75687
-11.75119
-11.74551
-11.73983
-11.73415
-11.72847
-11.72279
-11.71710
-11.71142
-11.70573
-11.70004
-11.69436
-11.68867
-11.68298
-11.67728
-11.67159
-11.66590
-11.66020
-11.65451
-11.64881
-11.64311
-11.63742
-11.63172
-11.62601
-11.62031
-11.61461
-11.60891
-11.60320
-11.59749
-11.59179
-11.58608
-11.58037
-11.57466
-11.56895
-11.56324
-11.55752
-11.55181
-11.54609
-11.54038
-11.53466
-11.52894
-11.52322
-11.51750
-11.51178
-11.50605
-11.50033
-11.49461
-11.48888
-11.48315
-11.47742
-11.47170
-11.46596
-11.46023
-11.45450
-11.44877
-11.44303
-11.43730
-11.43156
-11.42582
-11.42008
-11.41434
-11.40860
-11.40286
-11.39712
-11.39137
-11.38563
-11.37988
-11.37414
-11.36839
-11.36264
-11.35689
-11.35114
-11.34538
-11.33963
-11.33387
-11.32812
-11.32236
-11.31660
-11.31085
-11.30509
-11.29932
-11.29356
-11.28780
-11.28203
-11.27627
-11.27050
-11.26473
-11.25897
-11.25320
-11.24743
-11.24165
-11.23588
-11.23011
-11.22433
-11.21856
-11.21278
-11.20700
-11.20122
-11.19544
-11.18966
-11.18388
-11.17809
-11.17231
-11.16652
-11.16073
-11.15495
-11.14916
-11.14337
-11.13758
-11.13178
-11.12599
-11.12020
-11.11440
-11.10860
-11.10281
-11.09701
-11.09121
-11.08541
-11.07960
-11.07380
-11.06800
-11.06219
-11.05638
-11.05058
-11.04477
-11.03896
-11.03315
-11.02734
-11.02152
-11.01571
-11.00989
-11.00408
-10.99826
-10.99244
-10.98662
-10.98080
-10.97498
-10.96916
-10.96333
-10.95751
-10.95168
-10.94586
-10.94003
-10.93420
-10.92837
-10.92254
-10.91670
-10.91087
-10.90503
-10.89920
-10.89336
-10.88752
-10.88168
-10.87584
-10.87000
-10.86416
-10.85832
-10.85247
-10.84663
-10.84078
-10.83493
-10.82908
-10.82323
-10.81738
-10.81153
-10.80567
-10.79982
-10.79396
-10.78811
-10.78225
-10.77639
-10.77053
-10.76467
-10.75881
-10.75294
-10.74708
-10.74121
-10.73535
-10.72948
-10.72361
-10.71774
-10.71187
-10.70600
-10.70012
-10.69425
-10.68837
-10.68250
-10.67662
-10.67074
-10.66486
-10.65898
-10.65309
-10.64721
-10.64133
-10.63544
-10.62955
-10.62367
-10.61778
-10.61189
-10.60600
-10.60010
-10.59421
-10.58832
-10.58242
-10.57652
-10.57062
-10.56473
-10.55883
-10.55292
-10.54702
-10.54112
-10.53521
-10.52931
-10.52340
-10.51749
-10.51158
-10.50567
-10.49976
-10.49385
-10.48794
-10.48202
-10.47610
-10.47019
-10.46427
-10.45835
-10.45243
-10.44651
-10.44058
-10.43466
-10.42874
-10.42281
-10.41688
-10.41095
-10.40502
-10.39909
-10.39316
-10.38723
-10.38130
-10.37536
-10.36942
-10.36349
-10.35755
-10.35161
-10.34567
-10.33972
-10.33378
-10.32784
-10.32189
-10.31595
-10.31000
-10.30405
-10.29810
-10.29215
-10.28620
-10.28024
-10.27429
-10.26833
-10.26238
-10.25642
-10.25046
-10.24450
-10.23854
-10.23257
-10.22661
-10.22065
-10.21468
-10.20871
-10.20274
-10.19677
-10.19080
-10.18483
-10.17886
-10.17289
-10.16691
-10.16093
-10.15496
-10.14898
-10.14300
-10.13702
-10.13104
-10.12505
-10.11907
-10.11308
-10.10710
-10.10111
-10.09512
-10.08913
-10.08314
-10.07715
-10.07115
-10.06516
-10.05916
-10.05316
-10.04717
-10.04117
-10.03517
-10.02916
-10.02316
-10.01716
-10.01115
-10.00515
-9.99914
-9.99313
-9.98712
-9.98111
-9.97510
-9.96908
-9.96307
-9.95705
-9.95104
-9.94502
-9.93900
-9.93298
-9.92696
-9.92093
-9.91491
-9.90889
-9.90286
-9.89683
-9.89080
-9.88477
-9.87874
-9.87271
-9.86668
-9.86064
-9.85461
-9.84857
-9.84253
-9.83649
-9.83045
-9.82441
-9.81837
-9.81233
-9.80628
-9.80024
-9.79419
-9.78814
-9.78209
-9.77604
-9.76999
-9.76393
-9.75788
-9.75183
-9.74577
-9.73971
-9.73365
-9.72759
-9.72153
-9.71547
-9.70940
-9.70334
-9.69727
-9.69121
-9.68514
-9.67907
-9.67300
-9.66692
-9.66085
-9.65478
-9.64870
-9.64262
-9.63655
-9.63047
-9.62439
-9.61830
-9.61222
-9.60614
-9.60005
-9.59397
-9.58788
-9.58179
-9.57570
-9.56961
-9.56352
-9.55742
-9.55133
-9.54523
-9.53914
-9.53304
-9.52694
-9.52084
-9.51474
-9.50863
-9.50253
-9.49642
-9.49032
-9.48421
-9.47810
-9.47199
-9.46588
-9.45976
-9.45365
-9.44754
-9.44142
-9.43530
-9.42918
-9.42306
-9.41694
-9.41082
-9.40470
-9.39857
-9.39245
-9.38632
-9.38019
-9.37406
-9.36793
-9.36180
-9.35567
-9.34953
-9.34340
-9.33726
-9.33112
-9.32498
-9.31884
-9.31270
-9.30656
-9.30041
-9.29427
-9.28812
-9.28197
-9.27582
-9.26967
-9.26352
-9.25737
-9.25122
-9.24506
-9.23890
-9.23275
-9.22659
-9.22043
-9.21427
-9.20811
-9.20194
-9.19578
-9.18961
-9.18344
-9.17728
-9.17111
-9.16493
-9.15876
-9.15259
-9.14641
-9.14024
-9.13406
-9.12788
-9.12170
-9.11552
-9.10934
-9.10316
-9.09697
-9.09079
-9.08460
-9.07841
-9.07222
-9.06603
-9.05984
-9.05365
-9.04745
-9.04126
-9.03506
-9.02886
-9.02267
-9.01646
-9.01026
-9.00406
-8.99786
-8.99165
-8.98544
-8.97924
-8.97303
-8.96682
-8.96061
-8.95439
-8.94818
-8.94196
-8.93575
-8.92953
-8.92331
-8.91709
-8.91087
-8.90465
-8.89842
-8.89220
-8.88597
-8.87974
-8.87351
-8.86728
-8.86105
-8.85482
-8.84858
-8.84235
-8.83611
-8.82987
-8.82364
-8.81740
-8.81115
-8.80491
-8.79867
-8.79242
-8.78618
-8.77993
-8.77368
-8.76743
-8.76118
-8.75492
-8.74867
-8.74241
-8.73616
-8.72990
-8.72364
-8.71738
-8.71112
-8.70486
-8.69859
-8.69233
-8.68606
-8.67979
-8.67352
-8.66725
-8.66098
-8.65471
-8.64843
-8.64216
-8.63588
-8.62960
-8.62332
-8.61704
-8.61076
-8.60448
-8.59820
-8.59191
-8.58562
-8.57933
-8.57304
-8.56675
-8.56046
-8.55417
-8.54787
-8.54158
-8.53528
-8.52898
-8.52268
-8.51638
-8.51008
-8.50378
-8.49747
-8.49117
-8.48486
-8.47855
-8.47224
-8.46593
-8.45962
-8.45330
-8.44699
-8.44067
-8.43435
-8.42804
-8.42172
-8.41539
-8.40907
-8.40275
-8.39642
-8.39010
-8.38377
-8.37744
-8.37111
-8.36478
-8.35844
-8.35211
-8.34577
-8.33944
-8.33310
-8.32676
-8.32042
-8.31408
-8.30773
-8.30139
-8.29504
-8.28870
-8.28235
-8.27600
-8.26965
-8.26330
-8.25694
-8.25059
-8.24423
-8.23787
-8.23151
-8.22515
-8.21879
-8.21243
-8.20607
-8.19970
-8.19333
-8.18697
-8.18060
-8.17423
-8.16785
-8.16148
-8.15511
-8.14873
-8.14235
-8.13598
-8.12960
-8.12321
-8.11683
-8.11045
-8.10406
-8.09768
-8.09129
-8.08490
-8.07851
-8.07212
-8.06573
-8.05933
-8.05294
-8.04654
-8.04014
-8.03374
-8.02734
-8.02094
-8.01454
-8.00813
-8.00173
-7.99532
-7.98891
-7.98250
-7.97609
-7.96968
-7.96326
-7.95685
-7.95043
-7.94401
-7.93759
-7.93117
-7.92475
-7.91833
-7.91190
-7.90548
-7.89905
-7.89262
-7.88619
-7.87976
-7.87333
-7.86690
-7.86046
-7.85403
-7.84759
-7.84115
-7.83471
-7.82827
-7.82182
-7.81538
-7.80893
-7.80249
-7.79604
-7.78959
-7.78314
-7.77668
-7.77023
-7.76378
-7.75732
-7.75086
-7.74440
-7.73794
-7.73148
-7.72502
-7.71855
-7.71209
-7.70562
-7.69915
-7.69268
-7.68621
-7.67974
-7.67326
-7.66679
-7.66031
-7.65383
-7.64735
-7.64087
-7.63439
-7.62791
-7.62142
-7.61494
-7.60845
-7.60196
-7.59547
-7.58898
-7.58249
-7.57599
-7.56950
-7.56300
-7.55650
-7.55000
-7.54350
-7.53700
-7.53050
-7.52399
-7.51749
-7.51098
-7.50447
-7.49796
-7.49145
-7.48493
-7.47842
-7.47190
-7.46539
-7.45887
-7.45235
-7.44583
-7.43930
-7.43278
-7.42625
-7.41973
-7.41320
-7.40667
-7.40014
-7.39361
-7.38707
-7.38054
-7.37400
-7.36746
-7.36093
-7.35438
-7.34784
-7.34130
-7.33476
-7.32821
-7.32166
-7.31511
-7.30856
-7.30201
-7.29546
-7.28890
-7.28235
-7.27579
-7.26923
-7.26267
-7.25611
-7.24955
-7.24299
-7.23642
-7.22985
-7.22329
-7.21672
-7.21015
-7.20357
-7.19700
-7.19043
-7.18385
-7.17727
-7.17069
-7.16411
-7.15753
-7.15095
-7.14436
-7.13778
-7.13119
-7.12460
-7.11801
-7.11142
-7.10482
-7.09823
-7.09163
-7.08504
-7.07844
-7.07184
-7.06524
-7.05863
-7.05203
-7.04542
-7.03882
-7.03221
-7.02560
-7.01899
-7.01237
-7.00576
-6.99914
-6.99253
-6.98591
-6.97929
-6.97267
-6.96605
-6.95942
-6.95280
-6.94617
-6.93954
-6.93291
-6.92628
-6.91965
-6.91302
-6.90638
-6.89974
-6.89311
-6.88647
-6.87983
-6.87318
-6.86654
-6.85989
-6.85325
-6.84660
-6.83995
-6.83330
-6.82665
-6.81999
-6.81334
-6.80668
-6.80003
-6.79337
-6.78671
-6.78004
-6.77338
-6.76671
-6.76005
-6.75338
-6.74671
-6.74004
-6.73337
-6.72670
-6.72002
-6.71334
-6.70667
-6.69999
-6.69331
-6.68662
-6.67994
-6.67326
-6.66657
-6.65988
-6.65319
-6.64650
-6.63981
-6.63312
-6.62642
-6.61972
-6.61303
-6.60633
-6.59963
-6.59292
-6.58622
-6.57951
-6.57281
-6.56610
-6.55939
-6.55268
-6.54597
-6.53925
-6.53254
-6.52582
-6.51910
-6.51238
-6.50566
-6.49894
-6.49222
-6.48549
-6.47876
-6.47204
-6.46531
-6.45858
-6.45184
-6.44511
-6.43837
-6.43164
-6.42490
-6.41816
-6.41142
-6.40467
-6.39793
-6.39118
-6.38444
-6.37769
-6.37094
-6.36419
-6.35743
-6.35068
-6.34392
-6.33717
-6.33041
-6.32365
-6.31688
-6.31012
-6.30336
-6.29659
-6.28982
-6.28305
-6.27628
-6.26951
-6.26274
-6.25596
-6.24919
-6.24241
-6.23563
-6.22885
-6.22206
-6.21528
-6.20850
-6.20171
-6.19492
-6.18813
-6.18134
-6.17455
-6.16775
-6.16096
-6.15416
-6.14736
-6.14056
-6.13376
-6.12696
-6.12015
-6.11335
-6.10654
-6.09973
-6.09292
-6.08611
-6.07929
-6.07248
-6.06566
-6.05884
-6.05202
-6.04520
-6.03838
-6.03156
-6.02473
-6.01790
-6.01108
-6.00425
-5.99741
-5.99058
-5.98375
-5.97691
-5.97007
-5.96323
-5.95639
-5.94955
-5.94271
-5.93586
-5.92902
-5.92217
-5.91532
-5.90847
-5.90162
-5.89476
-5.88791
-5.88105
-5.87419
-5.86733
-5.86047
-5.85361
-5.84674
-5.83988
-5.83301
-5.82614
-5.81927
-5.81240
-5.80552
-5.79865
-5.79177
-5.78489
-5.77802
-5.77113
-5.76425
-5.75737
-5.75048
-5.74359
-5.73671
-5.72982
-5.72292
-5.71603
-5.70914
-5.70224
-5.69534
-5.68844
-5.68154
-5.67464
-5.66773
-5.66083
-5.65392
-5.64701
-5.64010
-5.63319
-5.62628
-5.61936
-5.61245
-5.60553
-5.59861
-5.59169
-5.58477
-5.57784
-5.57092
-5.56399
-5.55706
-5.55013
-5.54320
-5.53627
-5.52933
-5.52240
-5.51546
-5.50852
-5.50158
-5.49464
-5.48769
-5.48075
-5.47380
-5.46685
-5.45990
-5.45295
-5.44600
-5.43904
-5.43209
-5.42513
-5.41817
-5.41121
-5.40424
-5.39728
-5.39032
-5.38335
-5.37638
-5.36941
-5.36244
-5.35546
-5.34849
-5.34151
-5.33453
-5.32755
-5.32057
-5.31359
-5.30661
-5.29962
-5.29263
-5.28564
-5.27865
-5.27166
-5.26467
-5.25767
-5.25068
-5.24368
-5.23668
-5.22968
-5.22267
-5.21567
-5.20866
-5.20165
-5.19464
-5.18763
-5.18062
-5.17361
-5.16659
-5.15957
-5.15255
-5.14553
-5.13851
-5.13149
-5.12446
-5.11744
-5.11041
-5.10338
-5.09635
-5.08931
-5.08228
-5.07524
-5.06821
-5.06117
-5.05412
-5.04708
-5.04004
-5.03299
-5.02594
-5.01890
-5.01185
-5.00479
-4.99774
-4.99068
-4.98363
-4.97657
-4.96951
-4.96245
-4.95538
-4.94832
-4.94125
-4.93418
-4.92711
-4.92004
-4.91297
-4.90590
-4.89882
-4.89174
-4.88466
-4.87758
-4.87050
-4.86341
-4.85633
-4.84924
-4.84215
-4.83506
-4.82797
-4.82088
-4.81378
-4.80668
-4.79959
-4.79248
-4.78538
-4.77828
-4.77117
-4.76407
-4.75696
-4.74985
-4.74274
-4.73562
-4.72851
-4.72139
-4.71428
-4.70716
-4.70003
-4.69291
-4.68579
-4.67866
-4.67153
-4.66440
-4.65727
-4.65014
-4.64301
-4.63587
-4.62873
-4.62159
-4.61445
-4.60731
-4.60017
-4.59302
-4.58587
-4.57872
-4.57157
-4.56442
-4.55727
-4.55011
-4.54295
-4.53579
-4.52863
-4.52147
-4.51431
-4.50714
-4.49998
-4.49281
-4.48564
-4.47847
-4.47129
-4.46412
-4.45694
-4.44976
-4.44258
-4.43540
-4.42822
-4.42103
-4.41384
-4.40665
-4.39946
-4.39227
-4.38508
-4.37788
-4.37069
-4.36349
-4.35629
-4.34909
-4.34188
-4.33468
-4.32747
-4.32026
-4.31305
-4.30584
-4.29863
-4.29141
-4.28420
-4.27698
-4.26976
-4.26254
-4.25531
-4.24809
-4.24086
-4.23363
-4.22640
-4.21917
-4.21194
-4.20470
-4.19747
-4.19023
-4.18299
-4.17575
-4.16850
-4.16126
-4.15401
-4.14676
-4.13951
-4.13226
-4.12501
-4.11775
-4.11049
-4.10324
-4.09598
-4.08871
-4.08145
-4.07418
-4.06692
-4.05965
-4.05238
-4.04511
-4.03783
-4.03056
-4.02328
-4.01600
-4.00872
-4.00144
-3.99415
-3.98687
-3.97958
-3.97229
-3.96500
-3.95771
-3.95041
-3.94312
-3.93582
-3.92852
-3.92122
-3.91392
-3.90661
-3.89931
-3.89200
-3.88469
-3.87738
-3.87007
-3.86275
-3.85544
-3.84812
-3.84080
-3.83348
-3.82615
-3.81883
-3.81150
-3.80417
-3.79684
-3.78951
-3.78218
-3.77484
-3.76751
-3.76017
-3.75283
-3.74548
-3.73814
-3.73079
-3.72345
-3.71610
-3.70875
-3.70139
-3.69404
-3.68668
-3.67933
-3.67197
-3.66461
-3.65724
-3.64988
-3.64251
-3.63514
-3.62777
-3.62040
-3.61303
-3.60565
-3.59828
-3.59090
-3.58352
-3.57614
-3.56875
-3.56137
-3.55398
-3.54659
-3.53920
-3.53181
-3.52441
-3.51702
-3.50962
-3.50222
-3.49482
-3.48742
-3.48001
-3.47261
-3.46520
-3.45779
-3.45038
-3.44296
-3.43555
-3.42813
-3.42071
-3.41329
-3.40587
-3.39844
-3.39102
-3.38359
-3.37616
-3.36873
-3.36130
-3.35386
-3.34643
-3.33899
-3.33155
-3.32411
-3.31666
-3.30922
-3.30177
-3.29432
-3.28687
-3.27942
-3.27196
-3.26451
-3.25705
-3.24959
-3.24213
-3.23467
-3.22720
-3.21974
-3.21227
-3.20480
-3.19733
-3.18985
-3.18238
-3.17490
-3.16742
-3.15994
-3.15246
-3.14497
-3.13749
-3.13000
-3.12251
-3.11502
-3.10752
-3.10003
-3.09253
-3.08503
-3.07753
-3.07003
-3.06252
-3.05502
-3.04751
-3.04000
-3.03249
-3.02498
-3.01746
-3.00994
-3.00243
-2.99491
-2.98738
-2.97986
-2.97233
-2.96481
-2.95728
-2.94975
-2.94221
-2.93468
-2.92714
-2.91960
-2.91206
-2.90452
-2.89698
-2.88943
-2.88188
-2.87433
-2.86678
-2.85923
-2.85167
-2.84412
-2.83656
-2.82900
-2.82144
-2.81387
-2.80631
-2.79874
-2.79117
-2.78360
-2.77602
-2.76845
-2.76087
-2.75329
-2.74571
-2.73813
-2.73055
-2.72296
-2.71537
-2.70778
-2.70019
-2.69260
-2.68500
-2.67740
-2.66981
-2.66220
-2.65460
-2.64700
-2.63939
-2.63178
-2.62417
-2.61656
-2.60895
-2.60133
-2.59371
-2.58610
-2.57847
-2.57085
-2.56323
-2.55560
-2.54797
-2.54034
-2.53271
-2.52507
-2.51744
-2.50980
-2.50216
-2.49452
-2.48688
-2.47923
-2.47158
-2.46393
-2.45628
-2.44863
-2.44098
-2.43332
-2.42566
-2.41800
-2.41034
-2.40267
-2.39501
-2.38734
-2.37967
-2.37200
-2.36433
-2.35665
-2.34897
-2.34129
-2.33361
-2.32593
-2.31824
-2.31056
-2.30287
-2.29518
-2.28749
-2.27979
-2.27210
-2.26440
-2.25670
-2.24900
-2.24129
-2.23359
-2.22588
-2.21817
-2.21046
-2.20275
-2.19503
-2.18731
-2.17960
-2.17187
-2.16415
-2.15643
-2.14870
-2.14097
-2.13324
-2.12551
-2.11778
-2.11004
-2.10230
-2.09456
-2.08682
-2.07908
-2.07133
-2.06358
-2.05583
-2.04808
-2.04033
-2.03257
-2.02482
-2.01706
-2.00930
-2.00153
-1.99377
-1.98600
-1.97823
-1.97046
-1.96269
-1.95492
-1.94714
-1.93936
-1.93158
-1.92380
-1.91602
-1.90823
-1.90044
-1.89265
-1.88486
-1.87707
-1.86927
-1.86147
-1.85367
-1.84587
-1.83807
-1.83026
-1.82246
-1.81465
-1.80684
-1.79902
-1.79121
-1.78339
-1.77557
-1.76775
-1.75993
-1.75210
-1.74428
-1.73645
-1.72862
-1.72078
-1.71295
-1.70511
-1.69727
-1.68943
-1.68159
-1.67375
-1.66590
-1.65805
-1.65020
-1.64235
-1.63449
-1.62664
-1.61878
-1.61092
-1.60306
-1.59519
-1.58733
-1.57946
-1.57159
-1.56372
-1.55584
-1.54797
-1.54009
-1.53221
-1.52433
-1.51644
-1.50856
-1.50067
-1.49278
-1.48489
-1.47699
-1.46910
-1.46120
-1.45330
-1.44540
-1.43749
-1.42959
-1.42168
-1.41377
-1.40586
-1.39794
-1.39003
-1.38211
-1.37419
-1.36627
-1.35834
-1.35042
-1.34249
-1.33456
-1.32663
-1.31869
-1.31076
-1.30282
-1.29488
-1.28694
-1.27900
-1.27105
-1.26310
-1.25515
-1.24720
-1.23925
-1.23129
-1.22333
-1.21537
-1.20741
-1.19944
-1.19148
-1.18351
-1.17554
-1.16757
-1.15959
-1.15162
-1.14364
-1.13566
-1.12768
-1.11969
-1.11171
-1.10372
-1.09573
-1.08773
-1.07974
-1.07174
-1.06374
-1.05574
-1.04774
-1.03974
-1.03173
-1.02372
-1.01571
-1.00770
-0.99968
-0.99166
-0.98365
-0.97562
-0.96760
-0.95958
-0.95155
-0.94352
-0.93549
-0.92745
-0.91942
-0.91138
-0.90334
-0.89530
-0.88726
-0.87921
-0.87116
-0.86311
-0.85506
-0.84701
-0.83895
-0.83089
-0.82283
-0.81477
-0.80670
-0.79864
-0.79057
-0.78250
-0.77443
-0.76635
-0.75827
-0.75019
-0.74211
-0.73403
-0.72594
-0.71786
-0.70977
-0.70168
-0.69358
-0.68549
-0.67739
-0.66929
-0.66119
-0.65308
-0.64498
-0.63687
-0.62876
-0.62065
-0.61253
-0.60441
-0.59630
-0.58818
-0.58005
-0.57193
-0.56380
-0.55567
-0.54754
-0.53941
-0.53127
-0.52313
-0.51499
-0.50685
-0.49871
-0.49056
-0.48241
-0.47426
-0.46611
-0.45795
-0.44980
-0.44164
-0.43348
-0.42531
-0.41715
-0.40898
-0.40081
-0.39264
-0.38447
-0.37629
-0.36811
-0.35993
-0.35175
-0.34357
-0.33538
-0.32719
-0.31900
-0.31081
-0.30261
-0.29441
-0.28622
-0.27801
-0.26981
-0.26160
-0.25340
-0.24519
-0.23697
-0.22876
-0.22054
-0.21232
-0.20410
-0.19588
-0.18766
-0.17943
-0.17120
-0.16297
-0.15473
-0.14650
-0.13826
-0.13002
-0.12178
-0.11353
-0.10528
-0.09704
-0.08878
-0.08053
-0.07228
-0.06402
-0.05576
-0.04750
-0.03923
-0.03097
-0.02270
-0.01443
-0.00615
0.00212
0.01040
0.01868
0.02696
0.03524
0.04353
0.05182
0.06011
0.06840
0.07670
0.08499
0.09329
0.10159
0.10990
0.11820
0.12651
0.13482
0.14313
0.15145
0.15976
0.16808
0.17640
0.18473
0.19305
0.20138
0.20971
0.21804
0.22638
0.23471
0.24305
0.25139
0.25974
0.26808
0.27643
0.28478
0.29313
0.30149
0.30984
0.31820
0.32656
0.33493
0.34329
0.35166
0.36003
0.36840
0.37678
0.38515
0.39353
0.40191
0.41030
0.41868
0.42707
0.43546
0.44385
0.45225
0.46064
0.46904
0.47744
0.48585
0.49425
0.50266
0.51107
0.51949
0.52790
0.53632
0.54474
0.55316
0.56158
0.57001
0.57844
0.58687
0.59530
0.60373
0.61217
0.62061
0.62905
0.63750
0.64594
0.65439
0.66284
0.67130
0.67975
0.68821
0.69667
0.70513
0.71360
0.72207
0.73054
0.73901
0.74748
0.75596
0.76444
0.77292
0.78140
0.78988
0.79837
0.80686
0.81535
0.82385
0.83235
0.84084
0.84935
0.85785
0.86636
0.87486
0.88337
0.89189
0.90040
0.90892
0.91744
0.92596
0.93449
0.94301
0.95154
0.96007
0.96861
0.97714
0.98568
0.99422
1.00277
1.01131
1.01986
1.02841
1.03696
1.04552
1.05407
1.06263
1.07119
1.07976
1.08832
1.09689
1.10546
1.11404
1.12261
1.13119
1.13977
1.14835
1.15694
1.16553
1.17411
1.18271
1.19130
1.19990
1.20850
1.21710
1.22570
1.23431
1.24292
1.25153
1.26014
1.26876
1.27738
1.28600
1.29462
1.30324
1.31187
1.32050
1.32913
1.33777
1.34640
1.35504
1.36369
1.37233
1.38098
1.38962
1.39828
1.40693
1.41559
1.42424
1.43290
1.44157
1.45023
1.45890
1.46757
1.47624
1.48492
1.49360
1.50228
1.51096
1.51964
1.52833
1.53702
1.54571
1.55441
1.56310
1.57180
1.58050
1.58921
1.59791
1.60662
1.61533
1.62405
1.63276
1.64148
1.65020
1.65892
1.66765
1.67638
1.68511
1.69384
1.70258
1.71132
1.72006
1.72880
1.73754
1.74629
1.75504
1.76379
1.77255
1.78130
1.79006
1.79883
1.80759
1.81636
1.82513
1.83390
1.84267
1.85145
1.86023
1.86901
1.87780
1.88658
1.89537
1.90416
1.91296
1.92175
1.93055
1.93935
1.94816
1.95696
1.96577
1.97458
1.98340
1.99221
2.00103
2.00985
2.01868
2.02750
2.03633
2.04516
2.05400
2.06283
2.07167
2.08051
2.08935
2.09820
2.10705
2.11590
2.12475
2.13361
2.14247
2.15133
2.16019
2.16906
2.17793
2.18680
2.19567
2.20455
2.21342
2.22231
2.23119
2.24008
2.24896
2.25785
2.26675
2.27564
2.28454
2.29344
2.30235
2.31125
2.32016
2.32907
2.33799
2.34690
2.35582
2.36474
2.37367
2.38259
2.39152
2.40045
2.40939
2.41832
2.42726
2.43620
2.44515
2.45409
2.46304
2.47199
2.48095
2.48991
2.49886
2.50783
2.51679
2.52576
2.53473
2.54370
2.55267
2.56165
2.57063
2.57961
2.58860
2.59759
2.60658
2.61557
2.62456
2.63356
2.64256
2.65156
2.66057
2.66958
2.67859
2.68760
2.69662
2.70564
2.71466
2.72368
2.73271
2.74174
2.75077
2.75980
2.76884
2.77788
2.78692
2.79596
2.80501
2.81406
2.82311
2.83216
2.84122
2.85028
2.85934
2.86841
2.87748
2.88655
2.89562
2.90470
2.91377
2.92286
2.93194
2.94102
2.95011
2.95920
2.96830
2.97740
2.98649
2.99560
3.00470
3.01381
3.02292
3.03203
3.04114
3.05026
3.05938
3.06851
3.07763
3.08676
3.09589
3.10502
3.11416
3.12330
3.13244
3.14158
3.15073
3.15988
3.16903
3.17819
3.18734
3.19650
3.20567
3.21483
3.22400
3.23317
3.24235
3.25152
3.26070
3.26988
3.27907
3.28825
3.29744
3.30663
3.31583
3.32503
3.33423
3.34343
3.35264
3.36184
3.37105
3.38027
3.38948
3.39870
3.40793
3.41715
3.42638
3.43561
3.44484
3.45407
3.46331
3.47255
3.48180
3.49104
3.50029
3.50954
3.51880
3.52805
3.53731
3.54658
3.55584
3.56511
3.57438
3.58365
3.59293
3.60221
3.61149
3.62078
3.63006
3.63935
3.64864
3.65794
3.66724
3.67654
3.68584
3.69515
3.70446
3.71377
3.72308
3.73240
3.74172
3.75104
3.76037
3.76970
3.77903
3.78836
3.79770
3.80704
3.81638
3.82573
3.83507
3.84442
3.85378
3.86313
3.87249
3.88185
3.89122
3.90058
3.90995
3.91933
3.92870
3.93808
3.94746
3.95685
3.96623
3.97562
3.98501
3.99441
4.00381
4.01321
4.02261
4.03202
4.04143
4.05084
4.06025
4.06967
4.07909
4.08851
4.09794
4.10737
4.11680
4.12623
4.13567
4.14511
4.15455
4.16400
4.17345
4.18290
4.19235
4.20181
4.21127
4.22073
4.23020
4.23967
4.24914
4.25861
4.26809
4.27757
4.28705
4.29654
4.30603
4.31552
4.32501
4.33451
4.34401
4.35351
4.36302
4.37253
4.38204
4.39155
4.40107
4.41059
4.42011
4.42964
4.43917
4.44870
4.45823
4.46777
4.47731
4.48685
4.49640
4.50595
4.51550
4.52505
