2.79093
2.79073
2.79031
2.78980
2.78927
2.78872
2.78816
2.78761
2.78705
2.78650
2.78594
2.78538
2.78482
2.78427
2.78371
2.78315
2.78259
2.78204
2.78148
2.78092
2.78037
2.77981
2.77925
2.77869
2.77813
2.77758
2.77702
2.77646
2.77590
2.77535
2.77479
2.77423
2.77367
2.77311
2.77256
2.77200
2.77144
2.77088
2.77032
2.76977
2.76921
2.76865
2.76809
2.76753
2.76697
2.76641
2.76586
2.76530
2.76474
2.76418
2.76362
2.76306
2.76250
2.76195
2.76139
2.76083
2.76027
2.75971
2.75915
2.75859
2.75803
2.75747
2.75691
2.75635
2.75580
2.75524
2.75468
2.75412
2.75356
2.75300
2.75244
2.75188
2.75132
2.75076
2.75020
2.74964
2.74908
2.74852
2.74796
2.74740
2.74684
2.74628
2.74572
2.74516
2.74460
2.74404
2.74348
2.74292
2.74236
2.74180
2.74124
2.74068
2.74012
2.73956
2.73900
2.73844
2.73788
2.73731
2.73675
2.73619
2.73563
2.73507
2.73451
2.73395
2.73339
2.73283
2.73227
2.73171
2.73114
2.73058
2.73002
2.72946
2.72890
2.72834
2.72778
2.72722
2.72665
2.72609
2.72553
2.72497
2.72441
2.72385
2.72328
2.72272
2.72216
2.72160
2.72104
2.72048
2.71991
2.71935
2.71879
2.71823
2.71766
2.71710
2.71654
2.71598
2.71542
2.71485
2.71429
2.71373
2.71317
2.71260
2.71204
2.71148
2.71092
2.71035
2.70979
2.70923
2.70866
2.70810
2.70754
2.70698
2.70641
2.70585
2.70529
2.70472
2.70416
2.70360
2.70303
2.70247
2.70191
2.70134
2.70078
2.70022
2.69965
2.69909
2.69853
2.69796
2.69740
2.69684
2.69627
2.69571
2.69514
2.69458
2.69402
2.69345
2.69289
2.69232
2.69176
2.69120
2.69063
2.69007
2.68950
2.68894
2.68837
2.68781
2.68725
2.68668
2.68612
2.68555
2.68499
2.68442
2.68386
2.68329
2.68273
2.68216
2.68160
2.68103
2.68047
2.67990
2.67934
2.67877
2.67821
2.67764
2.67708
2.67651
2.67595
2.67538
2.67482
2.67425
2.67369
2.67312
2.67256
2.67199
2.67142
2.67086
2.67029
2.66973
2.66916
2.66860
2.66803
2.66746
2.66690
2.66633
2.66577
2.66520
2.66463
2.66407
2.66350
2.66294
2.66237
2.66180
2.66124
2.66067
2.66010
2.65954
2.65897
2.65840
2.65784
2.65727
2.65670
2.65614
2.65557
2.65500
2.65444
2.65387
2.65330
2.65274
2.65217
2.65160
2.65103
2.65047
2.64990
2.64933
2.64877
2.64820
2.64763
2.64706
2.64650
2.64593
2.64536
2.64479
2.64423
2.64366
2.64309
2.64252
2.64195
2.64139
2.64082
2.64025
2.63968
2.63911
2.63855
2.63798
2.63741
2.63684
2.63627
2.63570
2.63514
2.63457
2.63400
2.63343
2.63286
2.63229
2.63173
2.63116
2.63059
2.63002
2.62945
2.62888
2.62831
2.62774
2.62718
2.62661
2.62604
2.62547
2.62490
2.62433
2.62376
2.62319
2.62262
2.62205
2.62148
2.62091
2.62034
2.61977
2.61921
2.61864
2.61807
2.61750
2.61693
2.61636
2.61579
2.61522
2.61465
2.61408
2.61351
2.61294
2.61237
2.61180
2.61123
2.61066
2.61009
2.60952
2.60895
2.60838
2.60780
2.60723
2.60666
2.60609
2.60552
2.60495
2.60438
2.60381
2.60324
2.60267
2.60210
2.60153
2.60096
2.60039
2.59981
2.59924
2.59867
2.59810
2.59753
2.59696
2.59639
2.59582
2.59524
2.59467
2.59410
2.59353
2.59296
2.59239
2.59182
2.59124
2.59067
2.59010
2.58953
2.58896
2.58838
2.58781
2.58724
2.58667
2.58610
2.58552
2.58495
2.58438
2.58381
2.58324
2.58266
2.58209
2.58152
2.58095
2.58037
2.57980
2.57923
2.57866
2.57808
2.57751
2.57694
2.57636
2.57579
2.57522
2.57465
2.57407
2.57350
2.57293
2.57235
2.57178
2.57121
2.57063
2.57006
2.56949
2.56891
2.56834
2.56777
2.56719
2.56662
2.56605
2.56547
2.56490
2.56433
2.56375
2.56318
2.56260
2.56203
2.56146
2.56088
2.56031
2.55973
2.55916
2.55859
2.55801
2.55744
2.55686
2.55629
2.55571
2.55514
2.55457
2.55399
2.55342
2.55284
2.55227
2.55169
2.55112
2.55054
2.54997
2.54939
2.54882
2.54824
2.54767
2.54709
2.54652
2.54594
2.54537
2.54479
2.54422
2.54364
2.54307
2.54249
2.54192
2.54134
2.54076
2.54019
2.53961
2.53904
2.53846
2.53789
2.53731
2.53673
2.53616
2.53558
2.53501
2.53443
2.53385
2.53328
2.53270
2.53213
2.53155
2.53097
2.53040
2.52982
2.52924
2.52867
2.52809
2.52751
2.52694
2.52636
2.52578
2.52521
2.52463
2.52405
2.52348
2.52290
2.52232
2.52175
2.52117
2.52059
2.52002
2.51944
2.51886
2.51828
2.51771
2.51713
2.51655
2.51597
2.51540
2.51482
2.51424
2.51366
2.51309
2.51251
2.51193
2.51135
2.51078
2.51020
2.50962
2.50904
2.50846
2.50789
2.50731
2.50673
2.50615
2.50557
2.50499
2.50442
2.50384
2.50326
2.50268
2.50210
2.50152
2.50095
2.50037
2.49979
2.49921
2.49863
2.49805
2.49747
2.49689
2.49632
2.49574
2.49516
2.49458
2.49400
2.49342
2.49284
2.49226
2.49168
2.49110
2.49052
2.48994
2.48936
2.48878
2.48821
2.48763
2.48705
2.48647
2.48589
2.48531
2.48473
2.48415
2.48357
2.48299
2.48241
2.48183
2.48125
2.48067
2.48009
2.47951
2.47893
2.47835
2.47776
2.47718
2.47660
2.47602
2.47544
2.47486
2.47428
2.47370
2.47312
2.47254
2.47196
2.47138
2.47080
2.47022
2.46963
2.46905
2.46847
2.46789
2.46731
2.46673
2.46615
2.46557
2.46499
2.46440
2.46382
2.46324
2.46266
2.46208
2.46150
2.46091
2.46033
2.45975
2.45917
2.45859
2.45801
2.45742
2.45684
2.45626
2.45568
2.45509
2.45451
2.45393
2.45335
2.45277
2.45218
2.45160
2.45102
2.45044
2.44985
2.44927
2.44869
2.44811
2.44752
2.44694
2.44636
2.44577
2.44519
2.44461
2.44403
2.44344
2.44286
2.44228
2.44169
2.44111
2.44053
2.43994
2.43936
2.43878
2.43819
2.43761
2.43703
2.43644
2.43586
2.43528
2.43469
2.43411
2.43352
2.43294
2.43236
2.43177
2.43119
2.43060
2.43002
2.42944
2.42885
2.42827
2.42768
2.42710
2.42651
2.42593
2.42535
2.42476
2.42418
2.42359
2.42301
2.42242
2.42184
2.42125
2.42067
2.42008
2.41950
2.41891
2.41833
2.41774
2.41716
2.41657
2.41599
2.41540
2.41482
2.41423
2.41365
2.41306
2.41248
2.41189
2.41131
2.41072
2.41013
2.40955
2.40896
2.40838
2.40779
2.40721
2.40662
2.40603
2.40545
2.40486
2.40428
2.40369
2.40310
2.40252
2.40193
2.40134
2.40076
2.40017
2.39959
2.39900
2.39841
2.39783
2.39724
2.39665
2.39607
2.39548
2.39489
2.39431
2.39372
2.39313
2.39254
2.39196
2.39137
2.39078
2.39020
2.38961
2.38902
2.38843
2.38785
2.38726
2.38667
2.38608
2.38550
2.38491
2.38432
2.38373
2.38315
2.38256
2.38197
2.38138
2.38079
2.38021
2.37962
2.37903
2.37844
2.37785
2.37727
2.37668
2.37609
2.37550
2.37491
2.37432
2.37374
2.37315
2.37256
2.37197
2.37138
2.37079
2.37020
2.36962
2.36903
2.36844
2.36785
2.36726
2.36667
2.36608
2.36549
2.36490
2.36431
2.36372
2.36314
2.36255
2.36196
2.36137
2.36078
2.36019
2.35960
2.35901
2.35842
2.35783
2.35724
2.35665
2.35606
2.35547
2.35488
2.35429
2.35370
2.35311
2.35252
2.35193
2.35134
2.35075
2.35016
2.34957
2.34898
2.34839
2.34780
2.34721
2.34662
2.34603
2.34543
2.34484
2.34425
2.34366
2.34307
2.34248
2.34189
2.34130
2.34071
2.34012
2.33953
2.33893
2.33834
2.33775
2.33716
2.33657
2.33598
2.33539
2.33479
2.33420
2.33361
2.33302
2.33243
2.33184
2.33124
2.33065
2.33006
2.32947
2.32888
2.32828
2.32769
2.32710
2.32651
2.32592
2.32532
2.32473
2.32414
2.32355
2.32295
2.32236
2.32177
2.32118
2.32058
2.31999
2.31940
2.31881
2.31821
2.31762
2.31703
2.31643
2.31584
2.31525
2.31465
2.31406
2.31347
2.31287
2.31228
2.31169
2.31109
2.31050
2.30991
2.30931
2.30872
2.30813
2.30753
2.30694
2.30635
2.30575
2.30516
2.30456
2.30397
2.30338
2.30278
2.30219
2.30159
2.30100
2.30041
2.29981
2.29922
2.29862
2.29803
2.29743
2.29684
2.29624
2.29565
2.29505
2.29446
2.29387
2.29327
2.29268
2.29208
2.29149
2.29089
2.29030
2.28970
2.28911
2.28851
2.28792
2.28732
2.28672
2.28613
2.28553
2.28494
2.28434
2.28375
2.28315
2.28256
2.28196
2.28136
2.28077
2.28017
2.27958
2.27898
2.27838
2.27779
2.27719
2.27660
2.27600
2.27540
2.27481
2.27421
2.27362
2.27302
2.27242
2.27183
2.27123
2.27063
2.27004
2.26944
2.26884
2.26825
2.26765
2.26705
2.26646
2.26586
2.26526
2.26466
2.26407
2.26347
2.26287
2.26228
2.26168
2.26108
2.26048
2.25989
2.25929
2.25869
2.25809
2.25750
2.25690
2.25630
2.25570
2.25510
2.25451
2.25391
2.25331
2.25271
2.25211
2.25152
2.25092
2.25032
2.24972
2.24912
2.24852
2.24793
2.24733
2.24673
2.24613
2.24553
2.24493
2.24434
2.24374
2.24314
2.24254
2.24194
2.24134
2.24074
2.24014
2.23954
2.23894
2.23835
2.23775
2.23715
2.23655
2.23595
2.23535
2.23475
2.23415
2.23355
2.23295
2.23235
2.23175
2.23115
2.23055
2.22995
2.22935
2.22875
2.22815
2.22755
2.22695
2.22635
2.22575
2.22515
2.22455
2.22395
2.22335
2.22275
2.22215
2.22155
2.22095
2.22035
2.21975
2.21915
2.21855
2.21794
2.21734
2.21674
2.21614
2.21554
2.21494
2.21434
2.21374
2.21314
2.21254
2.21193
2.21133
2.21073
2.21013
2.20953
2.20893
2.20833
2.20772
2.20712
2.20652
2.20592
2.20532
2.20471
2.20411
2.20351
2.20291
2.20231
2.20170
2.20110
2.20050
2.19990
2.19930
2.19869
2.19809
2.19749
2.19689
2.19628
2.19568
2.19508
2.19448
2.19387
2.19327
2.19267
2.19206
2.19146
2.19086
2.19026
2.18965
2.18905
2.18845
2.18784
2.18724
2.18664
2.18603
2.18543
2.18483
2.18422
2.18362
2.18302
2.18241
2.18181
2.18120
2.18060
2.18000
2.17939
2.17879
2.17819
2.17758
2.17698
2.17637
2.17577
2.17516
2.17456
2.17396
2.17335
2.17275
2.17214
2.17154
2.17093
2.17033
2.16972
2.16912
2.16851
2.16791
2.16730
2.16670
2.16609
2.16549
2.16488
2.16428
2.16367
2.16307
2.16246
2.16186
2.16125
2.16065
2.16004
2.15944
2.15883
2.15823
2.15762
2.15701
2.15641
2.15580
2.15520
2.15459
2.15399
2.15338
2.15277
2.15217
2.15156
2.15095
2.15035
2.14974
2.14914
2.14853
2.14792
2.14732
2.14671
2.14610
2.14550
2.14489
2.14428
2.14368
2.14307
2.14246
2.14186
2.14125
2.14064
2.14004
2.13943
2.13882
2.13821
2.13761
2.13700
2.13639
2.13578
2.13518
2.13457
2.13396
2.13335
2.13275
2.13214
2.13153
2.13092
2.13032
2.12971
2.12910
2.12849
2.12788
2.12728
2.12667
2.12606
2.12545
2.12484
2.12423
2.12363
2.12302
2.12241
2.12180
2.12119
2.12058
2.11997
2.11937
2.11876
2.11815
2.11754
2.11693
2.11632
2.11571
2.11510
2.11449
2.11388
2.11328
2.11267
2.11206
2.11145
2.11084
2.11023
2.10962
2.10901
2.10840
2.10779
2.10718
2.10657
2.10596
2.10535
2.10474
2.10413
2.10352
2.10291
2.10230
2.10169
2.10108
2.10047
2.09986
2.09925
2.09864
2.09803
2.09742
2.09681
2.09620
2.09559
2.09498
2.09436
2.09375
2.09314
2.09253
2.09192
2.09131
2.09070
2.09009
2.08948
2.08887
2.08825
2.08764
2.08703
2.08642
2.08581
2.08520
2.08459
2.08397
2.08336
2.08275
2.08214
2.08153
2.08091
2.08030
2.07969
2.07908
2.07847
2.07785
2.07724
2.07663
2.07602
2.07541
2.07479
2.07418
2.07357
2.07296
2.07234
2.07173
2.07112
2.07051
2.06989
2.06928
2.06867
2.06805
2.06744
2.06683
2.06622
2.06560
2.06499
2.06438
2.06376
2.06315
2.06254
2.06192
2.06131
2.06070
2.06008
2.05947
2.05885
2.05824
2.05763
2.05701
2.05640
2.05579
2.05517
2.05456
2.05394
2.05333
2.05271
2.05210
2.05149
2.05087
2.05026
2.04964
2.04903
2.04841
2.04780
2.04719
2.04657
2.04596
2.04534
2.04473
2.04411
2.04350
2.04288
2.04227
2.04165
2.04104
2.04042
2.03981
2.03919
2.03858
2.03796
2.03734
2.03673
2.03611
2.03550
2.03488
2.03427
2.03365
2.03303
2.03242
2.03180
2.03119
2.03057
2.02996
2.02934
2.02872
2.02811
2.02749
2.02687
2.02626
2.02564
2.02503
2.02441
2.02379
2.02318
2.02256
2.02194
2.02133
2.02071
2.02009
2.01947
2.01886
2.01824
2.01762
2.01701
2.01639
2.01577
2.01515
2.01454
2.01392
2.01330
2.01269
2.01207
2.01145
2.01083
2.01022
2.00960
2.00898
2.00836
2.00774
2.00713
2.00651
2.00589
2.00527
2.00465
2.00404
2.00342
2.00280
2.00218
2.00156
2.00094
2.00033
1.99971
1.99909
1.99847
1.99785
1.99723
1.99661
1.99599
1.99538
1.99476
1.99414
1.99352
1.99290
1.99228
1.99166
1.99104
1.99042
1.98980
1.98918
1.98856
1.98795
1.98733
1.98671
1.98609
1.98547
1.98485
1.98423
1.98361
1.98299
1.98237
1.98175
1.98113
1.98051
1.97989
1.97927
1.97865
1.97803
1.97741
1.97679
1.97616
1.97554
1.97492
1.97430
1.97368
1.97306
1.97244
1.97182
1.97120
1.97058
1.96996
1.96934
1.96872
1.96809
1.96747
1.96685
1.96623
1.96561
1.96499
1.96437
1.96374
1.96312
1.96250
1.96188
1.96126
1.96064
1.96001
1.95939
1.95877
1.95815
1.95753
1.95690
1.95628
1.95566
1.95504
1.95442
1.95379
1.95317
1.95255
1.95193
1.95130
1.95068
1.95006
1.94944
1.94881
1.94819
1.94757
1.94694
1.94632
1.94570
1.94508
1.94445
1.94383
1.94321
1.94258
1.94196
1.94134
1.94071
1.94009
1.93947
1.93884
1.93822
1.93759
1.93697
1.93635
1.93572
1.93510
1.93448
1.93385
1.93323
1.93260
1.93198
1.93136
1.93073
1.93011
1.92948
1.92886
1.92823
1.92761
1.92698
1.92636
1.92574
1.92511
1.92449
1.92386
1.92324
1.92261
1.92199
1.92136
1.92074
1.92011
1.91949
1.91886
1.91824
1.91761
1.91698
1.91636
1.91573
1.91511
1.91448
1.91386
1.91323
1.91261
1.91198
1.91135
1.91073
1.91010
1.90948
1.90885
1.90822
1.90760
1.90697
1.90635
1.90572
1.90509
1.90447
1.90384
1.90321
1.90259
1.90196
1.90133
1.90071
1.90008
1.89945
1.89883
1.89820
1.89757
1.89694
1.89632
1.89569
1.89506
1.89444
1.89381
1.89318
1.89255
1.89193
1.89130
1.89067
1.89004
1.88942
1.88879
1.88816
1.88753
1.88690
1.88628
1.88565
1.88502
1.88439
1.88376
1.88314
1.88251
1.88188
1.88125
1.88062
1.87999
1.87937
1.87874
1.87811
1.87748
1.87685
1.87622
1.87559
1.87496
1.87434
1.87371
1.87308
1.87245
1.87182
1.87119
1.87056
1.86993
1.86930
1.86867
1.86804
1.86741
1.86678
1.86615
1.86553
1.86490
1.86427
1.86364
1.86301
1.86238
1.86175
1.86112
1.86049
1.85986
1.85923
1.85860
1.85796
1.85733
1.85670
1.85607
1.85544
1.85481
1.85418
1.85355
1.85292
1.85229
1.85166
1.85103
1.85040
1.84977
1.84913
1.84850
1.84787
1.84724
1.84661
1.84598
1.84535
1.84472
1.84408
1.84345
1.84282
1.84219
1.84156
1.84093
1.84029
1.83966
1.83903
1.83840
1.83777
1.83713
1.83650
1.83587
1.83524
1.83461
1.83397
1.83334
1.83271
1.83208
1.83144
1.83081
1.83018
1.82955
1.82891
1.82828
1.82765
1.82701
1.82638
1.82575
1.82511
1.82448
1.82385
1.82322
1.82258
1.82195
1.82132
1.82068
1.82005
1.81941
1.81878
1.81815
1.81751
1.81688
1.81625
1.81561
1.81498
1.81434
1.81371
1.81308
1.81244
1.81181
1.81117
1.81054
1.80990
1.80927
1.80864
1.80800
1.80737
1.80673
1.80610
1.80546
1.80483
1.80419
1.80356
1.80292
1.80229
1.80165
1.80102
1.80038
1.79975
1.79911
1.79848
1.79784
1.79721
1.79657
1.79594
1.79530
1.79466
1.79403
1.79339
1.79276
1.79212
1.79148
1.79085
1.79021
1.78958
1.78894
1.78830
1.78767
1.78703
1.78640
1.78576
1.78512
1.78449
1.78385
1.78321
1.78258
1.78194
1.78130
1.78067
1.78003
1.77939
1.77876
1.77812
1.77748
1.77684
1.77621
1.77557
1.77493
1.77429
1.77366
1.77302
1.77238
1.77174
1.77111
1.77047
1.76983
1.76919
1.76856
1.76792
1.76728
1.76664
1.76600
1.76537
1.76473
1.76409
1.76345
1.76281
1.76217
1.76154
1.76090
1.76026
1.75962
1.75898
1.75834
1.75770
1.75706
1.75643
1.75579
1.75515
1.75451
1.75387
1.75323
1.75259
1.75195
1.75131
1.75067
1.75003
1.74939
1.74875
1.74812
1.74748
1.74684
1.74620
1.74556
1.74492
1.74428
1.74364
1.74300
1.74236
1.74172
1.74108
1.74044
1.73980
1.73915
1.73851
1.73787
1.73723
1.73659
1.73595
1.73531
1.73467
1.73403
1.73339
1.73275
1.73211
1.73147
1.73083
1.73018
1.72954
1.72890
1.72826
1.72762
1.72698
1.72634
1.72569
1.72505
1.72441
1.72377
1.72313
1.72249
1.72184
1.72120
1.72056
1.71992
1.71928
1.71863
1.71799
1.71735
1.71671
1.71607
1.71542
1.71478
1.71414
1.71350
1.71285
1.71221
1.71157
1.71092
1.71028
1.70964
1.70900
1.70835
1.70771
1.70707
1.70642
1.70578
1.70514
1.70449
1.70385
1.70321
1.70256
1.70192
1.70128
1.70063
1.69999
1.69934
1.69870
1.69806
1.69741
1.69677
1.69613
1.69548
1.69484
1.69419
1.69355
1.69290
1.69226
1.69162
1.69097
1.69033
1.68968
1.68904
1.68839
1.68775
1.68710
1.68646
1.68581
1.68517
1.68452
1.68388
1.68323
1.68259
1.68194
1.68130
1.68065
1.68001
1.67936
1.67871
1.67807
1.67742
1.67678
1.67613
1.67549
1.67484
1.67419
1.67355
1.67290
1.67226
1.67161
1.67096
1.67032
1.66967
1.66902
1.66838
1.66773
1.66709
1.66644
1.66579
1.66515
1.66450
1.66385
1.66320
1.66256
1.66191
1.66126
1.66062
1.65997
1.65932
1.65868
1.65803
1.65738
1.65673
1.65609
1.65544
1.65479
1.65414
1.65350
1.65285
1.65220
1.65155
1.65090
1.65026
1.64961
1.64896
1.64831
1.64766
1.64701
1.64637
1.64572
1.64507
1.64442
1.64377
1.64312
1.64248
1.64183
1.64118
1.64053
1.63988
1.63923
1.63858
1.63793
1.63728
1.63663
1.63599
1.63534
1.63469
1.63404
1.63339
1.63274
1.63209
1.63144
1.63079
1.63014
1.62949
1.62884
1.62819
1.62754
1.62689
1.62624
1.62559
1.62494
1.62429
1.62364
1.62299
1.62234
1.62169
1.62104
1.62039
1.61974
1.61909
1.61843
1.61778
1.61713
1.61648
1.61583
1.61518
1.61453
1.61388
1.61323
1.61258
1.61192
1.61127
1.61062
1.60997
1.60932
1.60867
1.60802
1.60736
1.60671
1.60606
1.60541
1.60476
1.60410
1.60345
1.60280
1.60215
1.60150
1.60084
1.60019
1.59954
1.59889
1.59823
1.59758
1.59693
1.59628
1.59562
1.59497
1.59432
1.59366
1.59301
1.59236
1.59171
1.59105
1.59040
1.58975
1.58909
1.58844
1.58779
1.58713
1.58648
1.58583
1.58517
1.58452
1.58386
1.58321
1.58256
1.58190
1.58125
1.58059
1.57994
1.57929
1.57863
1.57798
1.57732
1.57667
1.57601
1.57536
1.57471
1.57405
1.57340
1.57274
1.57209
1.57143
1.57078
1.57012
1.56947
1.56881
1.56816
1.56750
1.56685
1.56619
1.56554
1.56488
1.56422
1.56357
1.56291
1.56226
1.56160
1.56095
1.56029
1.55963
1.55898
1.55832
1.55767
1.55701
1.55635
1.55570
1.55504
1.55439
1.55373
1.55307
1.55242
1.55176
1.55110
1.55045
1.54979
1.54913
1.54848
1.54782
1.54716
1.54651
1.54585
1.54519
1.54453
1.54388
1.54322
1.54256
1.54190
1.54125
1.54059
1.53993
1.53927
1.53862
1.53796
1.53730
1.53664
1.53599
1.53533
1.53467
1.53401
1.53335
1.53269
1.53204
1.53138
1.53072
1.53006
1.52940
1.52874
1.52809
1.52743
1.52677
1.52611
1.52545
1.52479
1.52413
1.52347
1.52281
1.52216
1.52150
1.52084
1.52018
1.51952
1.51886
1.51820
1.51754
1.51688
1.51622
1.51556
1.51490
1.51424
1.51358
1.51292
1.51226
1.51160
1.51094
1.51028
1.50962
1.50896
1.50830
1.50764
1.50698
1.50632
1.50566
1.50500
1.50434
1.50368
1.50301
1.50235
1.50169
1.50103
1.50037
1.49971
1.49905
1.49839
1.49773
1.49706
1.49640
1.49574
1.49508
1.49442
1.49376
1.49310
1.49243
1.49177
1.49111
1.49045
1.48979
1.48912
1.48846
1.48780
1.48714
1.48647
1.48581
1.48515
1.48449
1.48383
1.48316
1.48250
1.48184
1.48117
1.48051
1.47985
1.47919
1.47852
1.47786
1.47720
1.47653
1.47587
1.47521
1.47454
1.47388
1.47322
1.47255
1.47189
1.47123
1.47056
1.46990
1.46923
1.46857
1.46791
1.46724
1.46658
1.46591
1.46525
1.46459
1.46392
1.46326
1.46259
1.46193
1.46126
1.46060
1.45994
1.45927
1.45861
1.45794
1.45728
1.45661
1.45595
1.45528
1.45462
1.45395
1.45329
1.45262
1.45195
1.45129
1.45062
1.44996
1.44929
1.44863
1.44796
1.44730
1.44663
1.44596
1.44530
1.44463
1.44397
1.44330
1.44263
1.44197
1.44130
1.44063
1.43997
1.43930
1.43864
1.43797
1.43730
1.43664
1.43597
1.43530
1.43464
1.43397
1.43330
1.43263
1.43197
1.43130
1.43063
1.42997
1.42930
1.42863
1.42796
1.42730
1.42663
1.42596
1.42529
1.42462
1.42396
1.42329
1.42262
1.42195
1.42128
1.42062
1.41995
1.41928
1.41861
1.41794
1.41728
1.41661
1.41594
1.41527
1.41460
1.41393
1.41326
1.41259
1.41193
1.41126
1.41059
1.40992
1.40925
1.40858
1.40791
1.40724
1.40657
1.40590
1.40523
1.40456
1.40389
1.40322
1.40255
1.40188
1.40122
1.40055
1.39988
1.39921
1.39854
1.39786
1.39719
1.39652
1.39585
1.39518
1.39451
1.39384
1.39317
1.39250
1.39183
1.39116
1.39049
1.38982
1.38915
1.38848
1.38781
1.38713
1.38646
1.38579
1.38512
1.38445
1.38378
1.38311
1.38243
1.38176
1.38109
1.38042
1.37975
1.37908
1.37840
1.37773
1.37706
1.37639
1.37572
1.37504
1.37437
1.37370
1.37303
1.37235
1.37168
1.37101
1.37034
1.36966
1.36899
1.36832
1.36765
1.36697
1.36630
1.36563
1.36495
1.36428
1.36361
1.36293
1.36226
1.36159
1.36091
1.36024
1.35957
1.35889
1.35822
1.35755
1.35687
1.35620
1.35552
1.35485
1.35418
1.35350
1.35283
1.35215
1.35148
1.35080
1.35013
1.34946
1.34878
1.34811
1.34743
1.34676
1.34608
1.34541
1.34473
1.34406
1.34338
1.34271
1.34203
1.34136
1.34068
1.34001
1.33933
1.33866
1.33798
1.33730
1.33663
1.33595
1.33528
1.33460
1.33393
1.33325
1.33257
1.33190
1.33122
1.33054
1.32987
1.32919
1.32852
1.32784
1.32716
1.32649
1.32581
1.32513
1.32446
1.32378
1.32310
1.32243
1.32175
1.32107
1.32039
1.31972
1.31904
1.31836
1.31769
1.31701
1.31633
1.31565
1.31498
1.31430
1.31362
1.31294
1.31226
1.31159
1.31091
1.31023
1.30955
1.30887
1.30820
1.30752
1.30684
1.30616
1.30548
1.30480
1.30413
1.30345
1.30277
1.30209
1.30141
1.30073
1.30005
1.29937
1.29869
1.29802
1.29734
1.29666
1.29598
1.29530
1.29462
1.29394
1.29326
1.29258
1.29190
1.29122
1.29054
1.28986
1.28918
1.28850
1.28782
1.28714
1.28646
1.28578
1.28510
1.28442
1.28374
1.28306
1.28238
1.28170
1.28102
1.28034
1.27966
1.27897
1.27829
1.27761
1.27693
1.27625
1.27557
1.27489
1.27421
1.27353
1.27284
1.27216
1.27148
1.27080
1.27012
1.26944
1.26875
1.26807
1.26739
1.26671
1.26603
1.26534
1.26466
1.26398
1.26330
1.26262
1.26193
1.26125
1.26057
1.25989
1.25920
1.25852
1.25784
1.25715
1.25647
1.25579
1.25511
1.25442
1.25374
1.25306
1.25237
1.25169
1.25101
1.25032
1.24964
1.24896
1.24827
1.24759
1.24690
1.24622
1.24554
1.24485
1.24417
1.24348
1.24280
1.24212
1.24143
1.24075
1.24006
1.23938
1.23869
1.23801
1.23733
1.23664
1.23596
1.23527
1.23459
1.23390
1.23322
1.23253
1.23185
1.23116
1.23048
1.22979
1.22910
1.22842
1.22773
1.22705
1.22636
1.22568
1.22499
1.22431
1.22362
1.22293
1.22225
1.22156
1.22087
1.22019
1.21950
1.21882
1.21813
1.21744
1.21676
1.21607
1.21538
1.21470
1.21401
1.21332
1.21264
1.21195
1.21126
1.21058
1.20989
1.20920
1.20851
1.20783
1.20714
1.20645
1.20576
1.20508
1.20439
1.20370
1.20301
1.20233
1.20164
1.20095
1.20026
1.19957
1.19888
1.19820
1.19751
1.19682
1.19613
1.19544
1.19475
1.19407
1.19338
1.19269
1.19200
1.19131
1.19062
1.18993
1.18924
1.18855
1.18787
1.18718
1.18649
1.18580
1.18511
1.18442
1.18373
1.18304
1.18235
1.18166
1.18097
1.18028
1.17959
1.17890
1.17821
1.17752
1.17683
1.17614
1.17545
1.17476
1.17407
1.17338
1.17269
1.17200
1.17131
1.17062
1.16992
1.16923
1.16854
1.16785
1.16716
1.16647
1.16578
1.16509
1.16440
1.16370
1.16301
1.16232
1.16163
1.16094
1.16025
1.15955
1.15886
1.15817
1.15748
1.15679
1.15609
1.15540
1.15471
1.15402
1.15333
1.15263
1.15194
1.15125
1.15056
1.14986
1.14917
1.14848
1.14778
1.14709
1.14640
1.14571
1.14501
1.14432
1.14363
1.14293
1.14224
1.14155
1.14085
1.14016
1.13947
1.13877
1.13808
1.13738
1.13669
1.13600
1.13530
1.13461
1.13391
1.13322
1.13253
1.13183
1.13114
1.13044
1.12975
1.12905
1.12836
1.12766
1.12697
1.12627
1.12558
1.12488
1.12419
1.12349
1.12280
1.12210
1.12141
1.12071
1.12002
1.11932
1.11863
1.11793
1.11724
1.11654
1.11584
1.11515
1.11445
1.11376
1.11306
1.11236
1.11167
1.11097
1.11027
1.10958
1.10888
1.10819
1.10749
1.10679
1.10610
1.10540
1.10470
1.10400
1.10331
1.10261
1.10191
1.10122
1.10052
1.09982
1.09912
1.09843
1.09773
1.09703
1.09633
1.09564
1.09494
1.09424
1.09354
1.09285
1.09215
1.09145
1.09075
1.09005
1.08935
1.08866
1.08796
1.08726
1.08656
1.08586
1.08516
1.08446
1.08377
1.08307
1.08237
1.08167
1.08097
1.08027
1.07957
1.07887
1.07817
1.07747
1.07677
1.07607
1.07538
1.07468
1.07398
1.07328
1.07258
1.07188
1.07118
1.07048
1.06978
1.06908
1.06838
1.06768
1.06697
1.06627
1.06557
1.06487
1.06417
1.06347
1.06277
1.06207
1.06137
1.06067
1.05997
1.05927
1.05857
1.05786
1.05716
1.05646
1.05576
1.05506
1.05436
1.05366
1.05295
1.05225
1.05155
1.05085
1.05015
1.04944
1.04874
1.04804
1.04734
1.04664
1.04593
1.04523
1.04453
1.04383
1.04312
1.04242
1.04172
1.04102
1.04031
1.03961
1.03891
1.03820
1.03750
1.03680
1.03609
1.03539
1.03469
1.03398
1.03328
1.03258
1.03187
1.03117
1.03047
1.02976
1.02906
1.02835
1.02765
1.02695
1.02624
1.02554
1.02483
1.02413
1.02342
1.02272
1.02201
1.02131
1.02061
1.01990
1.01920
1.01849
1.01779
1.01708
1.01638
1.01567
1.01497
1.01426
1.01355
1.01285
1.01214
1.01144
1.01073
1.01003
1.00932
1.00862
1.00791
1.00720
1.00650
1.00579
1.00508
1.00438
1.00367
1.00297
1.00226
1.00155
1.00085
1.00014
0.99943
0.99873
0.99802
0.99731
0.99661
0.99590
0.99519
0.99448
0.99378
0.99307
0.99236
0.99166
0.99095
0.99024
0.98953
0.98882
0.98812
0.98741
0.98670
0.98599
0.98529
0.98458
0.98387
0.98316
0.98245
0.98174
0.98104
0.98033
0.97962
0.97891
0.97820
0.97749
0.97678
0.97607
0.97537
0.97466
0.97395
0.97324
0.97253
0.97182
0.97111
0.97040
0.96969
0.96898
0.96827
0.96756
0.96685
0.96614
0.96543
0.96472
0.96401
0.96330
0.96259
0.96188
0.96117
0.96046
0.95975
0.95904
0.95833
0.95762
0.95691
0.95620
0.95549
0.95478
0.95407
0.95335
0.95264
0.95193
0.95122
0.95051
0.94980
0.94909
0.94837
0.94766
0.94695
0.94624
0.94553
0.94482
0.94410
0.94339
0.94268
0.94197
0.94126
0.94054
0.93983
0.93912
0.93841
0.93769
0.93698
0.93627
0.93556
0.93484
0.93413
0.93342
0.93270
0.93199
0.93128
0.93056
0.92985
0.92914
0.92842
0.92771
0.92700
0.92628
0.92557
0.92486
0.92414
0.92343
0.92271
0.92200
0.92129
0.92057
0.91986
0.91914
0.91843
0.91772
0.91700
0.91629
0.91557
0.91486
0.91414
0.91343
0.91271
0.91200
0.91128
0.91057
0.90985
0.90914
0.90842
0.90771
0.90699
0.90627
0.90556
0.90484
0.90413
0.90341
0.90270
0.90198
0.90126
0.90055
0.89983
0.89912
0.89840
0.89768
0.89697
0.89625
0.89553
0.89482
0.89410
0.89338
0.89267
0.89195
0.89123
0.89052
0.88980
0.88908
0.88836
0.88765
0.88693
0.88621
0.88549
0.88478
0.88406
0.88334
0.88262
0.88191
0.88119
0.88047
0.87975
0.87903
0.87832
0.87760
0.87688
0.87616
0.87544
0.87472
0.87400
0.87329
0.87257
0.87185
0.87113
0.87041
0.86969
0.86897
0.86825
0.86753
0.86682
0.86610
0.86538
0.86466
0.86394
0.86322
0.86250
0.86178
0.86106
0.86034
0.85962
0.85890
0.85818
0.85746
0.85674
0.85602
0.85530
0.85458
0.85386
0.85314
0.85241
0.85169
0.85097
0.85025
0.84953
0.84881
0.84809
0.84737
0.84665
0.84593
0.84520
0.84448
0.84376
0.84304
0.84232
0.84160
0.84087
0.84015
0.83943
0.83871
0.83799
0.83726
0.83654
0.83582
0.83510
0.83437
0.83365
0.83293
0.83221
0.83148
0.83076
0.83004
0.82932
0.82859
0.82787
0.82715
0.82642
0.82570
0.82498
0.82425
0.82353
0.82281
0.82208
0.82136
0.82064
0.81991
0.81919
0.81846
0.81774
0.81702
0.81629
0.81557
0.81484
0.81412
0.81339
0.81267
0.81194
0.81122
0.81050
0.80977
0.80905
0.80832
0.80760
0.80687
0.80615
0.80542
0.80470
0.80397
0.80324
0.80252
0.80179
0.80107
0.80034
0.79962
0.79889
0.79816
0.79744
0.79671
0.79599
0.79526
0.79453
0.79381
0.79308
0.79235
0.79163
0.79090
0.79017
0.78945
0.78872
0.78799
0.78727
0.78654
0.78581
0.78509
0.78436
0.78363
0.78290
0.78218
0.78145
0.78072
0.77999
0.77927
0.77854
0.77781
0.77708
0.77635
0.77563
0.77490
0.77417
0.77344
0.77271
0.77198
0.77126
0.77053
0.76980
0.76907
0.76834
0.76761
0.76688
0.76615
0.76543
0.76470
0.76397
0.76324
0.76251
0.76178
0.76105
0.76032
0.75959
0.75886
0.75813
0.75740
0.75667
0.75594
0.75521
0.75448
0.75375
0.75302
0.75229
0.75156
0.75083
0.75010
0.74937
0.74864
0.74791
0.74717
0.74644
0.74571
0.74498
0.74425
0.74352
0.74279
0.74206
0.74133
0.74059
0.73986
0.73913
0.73840
0.73767
0.73693
0.73620
0.73547
0.73474
0.73401
0.73327
0.73254
0.73181
0.73108
0.73034
0.72961
0.72888
0.72815
0.72741
0.72668
0.72595
0.72522
0.72448
0.72375
0.72302
0.72228
0.72155
0.72082
0.72008
0.71935
0.71861
0.71788
0.71715
0.71641
0.71568
0.71495
0.71421
0.71348
0.71274
0.71201
0.71127
0.71054
0.70981
0.70907
0.70834
0.70760
0.70687
0.70613
0.70540
0.70466
0.70393
0.70319
0.70246
0.70172
0.70099
0.70025
0.69951
0.69878
0.69804
0.69731
0.69657
0.69584
0.69510
0.69436
0.69363
0.69289
0.69216
0.69142
0.69068
0.68995
0.68921
0.68847
0.68774
0.68700
0.68626
0.68553
0.68479
0.68405
0.68331
0.68258
0.68184
0.68110
0.68037
0.67963
0.67889
0.67815
0.67742
0.67668
0.67594
0.67520
0.67446
0.67373
0.67299
0.67225
0.67151
0.67077
0.67003
0.66930
0.66856
0.66782
0.66708
0.66634
0.66560
0.66486
0.66412
0.66338
0.66265
0.66191
0.66117
0.66043
0.65969
0.65895
0.65821
0.65747
0.65673
0.65599
0.65525
0.65451
0.65377
0.65303
0.65229
0.65155
0.65081
0.65007
0.64933
0.64859
0.64785
0.64711
0.64637
0.64563
0.64488
0.64414
0.64340
0.64266
0.64192
0.64118
0.64044
0.63970
0.63895
0.63821
0.63747
0.63673
0.63599
0.63525
0.63450
0.63376
0.63302
0.63228
0.63154
0.63079
0.63005
0.62931
0.62857
0.62782
0.62708
0.62634
0.62559
0.62485
0.62411
0.62337
0.62262
0.62188
0.62114
0.62039
0.61965
0.61891
0.61816
0.61742
0.61668
0.61593
0.61519
0.61444
0.61370
0.61296
0.61221
0.61147
0.61072
0.60998
0.60923
0.60849
0.60775
0.60700
0.60626
0.60551
0.60477
0.60402
0.60328
0.60253
0.60179
0.60104
0.60030
0.59955
0.59880
0.59806
0.59731
0.59657
0.59582
0.59508
0.59433
0.59358
0.59284
0.59209
0.59135
0.59060
0.58985
0.58911
0.58836
0.58761
0.58687
0.58612
0.58537
0.58463
0.58388
0.58313
0.58239
0.58164
0.58089
0.58014
0.57940
0.57865
0.57790
0.57715
0.57641
0.57566
0.57491
0.57416
0.57341
0.57267
0.57192
0.57117
0.57042
0.56967
0.56892
0.56818
0.56743
0.56668
0.56593
0.56518
0.56443
0.56368
0.56293
0.56219
0.56144
0.56069
0.55994
0.55919
0.55844
0.55769
0.55694
0.55619
0.55544
0.55469
0.55394
0.55319
0.55244
0.55169
0.55094
0.55019
0.54944
0.54869
0.54794
0.54719
0.54644
0.54569
0.54493
0.54418
0.54343
0.54268
0.54193
0.54118
0.54043
0.53968
0.53893
0.53817
0.53742
0.53667
0.53592
0.53517
0.53441
0.53366
0.53291
0.53216
0.53141
0.53065
0.52990
0.52915
0.52840
0.52764
0.52689
0.52614
0.52539
0.52463
0.52388
0.52313
0.52237
0.52162
0.52087
0.52011
0.51936
0.51861
0.51785
0.51710
0.51635
0.51559
0.51484
0.51408
0.51333
0.51258
0.51182
0.51107
0.51031
0.50956
0.50881
0.50805
0.50730
0.50654
0.50579
0.50503
0.50428
0.50352
0.50277
0.50201
0.50126
0.50050
0.49975
0.49899
0.49823
0.49748
0.49672
0.49597
0.49521
0.49446
0.49370
0.49294
0.49219
0.49143
0.49068
0.48992
0.48916
0.48841
0.48765
0.48689
0.48614
0.48538
0.48462
0.48386
0.48311
0.48235
0.48159
0.48084
0.48008
0.47932
0.47856
0.47781
0.47705
0.47629
0.47553
0.47478
0.47402
0.47326
0.47250
0.47174
0.47098
0.47023
0.46947
0.46871
0.46795
0.46719
0.46643
0.46567
0.46492
0.46416
0.46340
0.46264
0.46188
0.46112
0.46036
0.45960
0.45884
0.45808
0.45732
0.45656
0.45580
0.45504
0.45428
0.45352
0.45276
0.45200
0.45124
0.45048
0.44972
0.44896
0.44820
0.44744
0.44668
0.44592
0.44516
0.44440
0.44363
0.44287
0.44211
0.44135
0.44059
0.43983
0.43907
0.43831
0.43754
0.43678
0.43602
0.43526
0.43450
0.43373
0.43297
0.43221
0.43145
0.43068
0.42992
0.42916
0.42840
0.42763
0.42687
0.42611
0.42535
0.42458
0.42382
0.42306
0.42229
0.42153
0.42077
0.42000
0.41924
0.41848
0.41771
0.41695
0.41619
0.41542
0.41466
0.41389
0.41313
0.41236
0.41160
0.41084
0.41007
0.40931
0.40854
0.40778
0.40701
0.40625
0.40548
0.40472
0.40395
0.40319
0.40242
0.40166
0.40089
0.40013
0.39936
0.39860
0.39783
0.39706
0.39630
0.39553
0.39477
0.39400
0.39323
0.39247
0.39170
0.39093
0.39017
0.38940
0.38863
0.38787
0.38710
0.38633
0.38557
0.38480
0.38403
0.38327
0.38250
0.38173
0.38096
0.38020
0.37943
0.37866
0.37789
0.37713
0.37636
0.37559
0.37482
0.37405
0.37328
0.37252
0.37175
0.37098
0.37021
0.36944
0.36867
0.36790
0.36714
0.36637
0.36560
0.36483
0.36406
0.36329
0.36252
0.36175
0.36098
0.36021
0.35944
0.35867
0.35790
0.35713
0.35636
0.35559
0.35482
0.35405
0.35328
0.35251
0.35174
0.35097
0.35020
0.34943
0.34866
0.34789
0.34712
0.34635
0.34558
0.34480
0.34403
0.34326
0.34249
0.34172
0.34095
0.34018
0.33940
0.33863
0.33786
0.33709
0.33632
0.33554
0.33477
0.33400
0.33323
0.33246
0.33168
0.33091
0.33014
0.32936
0.32859
0.32782
0.32705
0.32627
0.32550
0.32473
0.32395
0.32318
0.32241
0.32163
0.32086
0.32009
0.31931
0.31854
0.31776
0.31699
0.31622
0.31544
0.31467
0.31389
0.31312
0.31234
0.31157
0.31079
0.31002
0.30925
0.30847
0.30770
0.30692
0.30615
0.30537
0.30459
0.30382
0.30304
0.30227
0.30149
0.30072
0.29994
0.29917
0.29839
0.29761
0.29684
0.29606
0.29528
0.29451
0.29373
0.29296
0.29218
0.29140
0.29063
0.28985
0.28907
0.28829
0.28752
0.28674
0.28596
0.28519
0.28441
0.28363
0.28285
0.28208
0.28130
0.28052
0.27974
0.27896
0.27819
0.27741
0.27663
0.27585
0.27507
0.27430
0.27352
0.27274
0.27196
0.27118
0.27040
0.26962
0.26884
0.26806
0.26729
0.26651
0.26573
0.26495
0.26417
0.26339
0.26261
0.26183
0.26105
0.26027
0.25949
0.25871
0.25793
0.25715
0.25637
0.25559
0.25481
0.25403
0.25325
0.25247
0.25169
0.25090
0.25012
0.24934
0.24856
0.24778
0.24700
0.24622
0.24544
0.24465
0.24387
0.24309
0.24231
0.24153
0.24075
0.23996
0.23918
0.23840
0.23762
0.23683
0.23605
0.23527
0.23449
0.23370
0.23292
0.23214
0.23136
0.23057
0.22979
0.22901
0.22822
0.22744
0.22666
0.22587
0.22509
0.22431
0.22352
0.22274
0.22195
0.22117
0.22039
0.21960
0.21882
0.21803
0.21725
0.21646
0.21568
0.21490
0.21411
0.21333
0.21254
0.21176
0.21097
0.21019
0.20940
0.20862
0.20783
0.20704
0.20626
0.20547
0.20469
0.20390
0.20312
0.20233
0.20154
0.20076
0.19997
0.19919
0.19840
0.19761
0.19683
0.19604
0.19525
0.19447
0.19368
0.19289
0.19211
0.19132
0.19053
0.18974
0.18896
0.18817
0.18738
0.18659
0.18581
0.18502
0.18423
0.18344
0.18265
0.18187
0.18108
0.18029
0.17950
0.17871
0.17792
0.17714
0.17635
0.17556
0.17477
0.17398
0.17319
0.17240
0.17161
0.17082
0.17004
0.16925
0.16846
0.16767
0.16688
0.16609
0.16530
0.16451
0.16372
0.16293
0.16214
0.16135
0.16056
0.15977
0.15898
0.15818
0.15739
0.15660
0.15581
0.15502
0.15423
0.15344
0.15265
0.15186
0.15107
0.15027
0.14948
0.14869
0.14790
0.14711
0.14632
0.14552
0.14473
0.14394
0.14315
0.14236
0.14156
0.14077
0.13998
0.13919
0.13839
0.13760
0.13681
0.13601
0.13522
0.13443
0.13364
0.13284
0.13205
0.13126
0.13046
0.12967
0.12887
0.12808
0.12729
0.12649
0.12570
0.12490
0.12411
0.12332
0.12252
0.12173
0.12093
0.12014
0.11934
0.11855
0.11775
0.11696
0.11616
0.11537
0.11457
0.11378
0.11298
0.11219
0.11139
0.11060
0.10980
0.10900
0.10821
0.10741
0.10662
0.10582
0.10502
0.10423
0.10343
0.10264
0.10184
0.10104
0.10025
0.09945
0.09865
0.09785
0.09706
0.09626
0.09546
0.09467
0.09387
0.09307
0.09227
0.09148
0.09068
0.08988
0.08908
0.08828
0.08749
0.08669
0.08589
0.08509
0.08429
0.08349
0.08270
0.08190
0.08110
0.08030
0.07950
0.07870
0.07790
0.07710
0.07630
0.07550
0.07471
0.07391
0.07311
0.07231
0.07151
0.07071
0.06991
0.06911
0.06831
0.06751
0.06671
0.06591
0.06511
0.06430
0.06350
0.06270
0.06190
0.06110
0.06030
0.05950
0.05870
0.05790
0.05710
0.05629
0.05549
0.05469
0.05389
0.05309
0.05229
0.05148
0.05068
0.04988
0.04908
0.04828
0.04747
0.04667
0.04587
0.04507
0.04426
0.04346
0.04266
0.04185
0.04105
0.04025
0.03944
0.03864
0.03784
0.03703
0.03623
0.03543
0.03462
0.03382
0.03302
0.03221
0.03141
0.03060
0.02980
0.02900
0.02819
0.02739
0.02658
0.02578
0.02497
0.02417
0.02336
0.02256
0.02175
0.02095
0.02014
0.01934
0.01853
0.01773
0.01692
0.01611
0.01531
0.01450
0.01370
0.01289
0.01208
0.01128
0.01047
0.00966
0.00886
0.00805
0.00725
0.00644
0.00563
0.00482
0.00402
0.00321
0.00240
0.00160
0.00079
-0.00002
-0.00083
-0.00163
-0.00244
-0.00325
-0.00406
-0.00487
-0.00567
-0.00648
-0.00729
-0.00810
-0.00891
-0.00972
-0.01052
-0.01133
-0.01214
-0.01295
-0.01376
-0.01457
-0.01538
-0.01619
-0.01700
-0.01780
-0.01861
-0.01942
-0.02023
-0.02104
-0.02185
-0.02266
-0.02347
-0.02428
-0.02509
-0.02590
-0.02671
-0.02752
-0.02833
-0.02915
-0.02996
-0.03077
-0.03158
-0.03239
-0.03320
-0.03401
-0.03482
-0.03563
-0.03644
-0.03726
-0.03807
-0.03888
-0.03969
-0.04050
-0.04131
-0.04213
-0.04294
-0.04375
-0.04456
-0.04538
-0.04619
-0.04700
-0.04781
-0.04863
-0.04944
-0.05025
-0.05106
-0.05188
-0.05269
-0.05350
-0.05432
-0.05513
-0.05594
-0.05676
-0.05757
-0.05839
-0.05920
-0.06001
-0.06083
-0.06164
-0.06246
-0.06327
-0.06408
-0.06490
-0.06571
-0.06653
-0.06734
-0.06816
-0.06897
-0.06979
-0.07060
-0.07142
-0.07223
-0.07305
-0.07386
-0.07468
-0.07550
-0.07631
-0.07713
-0.07794
-0.07876
-0.07957
-0.08039
-0.08121
-0.08202
-0.08284
-0.08366
-0.08447
-0.08529
-0.08611
-0.08692
-0.08774
-0.08856
-0.08937
-0.09019
-0.09101
-0.09183
-0.09264
-0.09346
-0.09428
-0.09510
-0.09591
-0.09673
-0.09755
-0.09837
-0.09919
-0.10001
-0.10082
-0.10164
-0.10246
-0.10328
-0.10410
-0.10492
-0.10574
-0.10656
-0.10737
-0.10819
-0.10901
-0.10983
-0.11065
-0.11147
-0.11229
-0.11311
-0.11393
-0.11475
-0.11557
-0.11639
-0.11721
-0.11803
-0.11885
-0.11967
-0.12049
-0.12131
-0.12213
-0.12295
-0.12378
-0.12460
-0.12542
-0.12624
-0.12706
-0.12788
-0.12870
-0.12952
-0.13035
-0.13117
-0.13199
-0.13281
-0.13363
-0.13446
-0.13528
-0.13610
-0.13692
-0.13774
-0.13857
-0.13939
-0.14021
-0.14103
-0.14186
-0.14268
-0.14350
-0.14433
-0.14515
-0.14597
-0.14680
-0.14762
-0.14844
-0.14927
-0.15009
-0.15092
-0.15174
-0.15256
-0.15339
-0.15421
-0.15504
-0.15586
-0.15669
-0.15751
-0.15833
-0.15916
-0.15998
-0.16081
-0.16163
-0.16246
-0.16328
-0.16411
-0.16494
-0.16576
-0.16659
-0.16741
-0.16824
-0.16906
-0.16989
-0.17072
-0.17154
-0.17237
-0.17319
-0.17402
-0.17485
-0.17567
-0.17650
-0.17733
-0.17815
-0.17898
-0.17981
-0.18064
-0.18146
-0.18229
-0.18312
-0.18395
-0.18477
-0.18560
-0.18643
-0.18726
-0.18808
-0.18891
-0.18974
-0.19057
-0.19140
-0.19223
-0.19305
-0.19388
-0.19471
-0.19554
-0.19637
-0.19720
-0.19803
-0.19886
-0.19969
-0.20051
-0.20134
-0.20217
-0.20300
-0.20383
-0.20466
-0.20549
-0.20632
-0.20715
-0.20798
-0.20881
-0.20964
-0.21047
-0.21130
-0.21214
-0.21297
-0.21380
-0.21463
-0.21546
-0.21629
-0.21712
-0.21795
-0.21878
-0.21962
-0.22045
-0.22128
-0.22211
-0.22294
-0.22377
-0.22461
-0.22544
-0.22627
-0.22710
-0.22793
-0.22877
-0.22960
-0.23043
-0.23127
-0.23210
-0.23293
-0.23376
-0.23460
-0.23543
-0.23626
-0.23710
-0.23793
-0.23876
-0.23960
-0.24043
-0.24127
-0.24210
-0.24293
-0.24377
-0.24460
-0.24544
-0.24627
-0.24711
-0.24794
-0.24877
-0.24961
-0.25044
-0.25128
-0.25211
-0.25295
-0.25379
-0.25462
-0.25546
-0.25629
-0.25713
-0.25796
-0.25880
-0.25963
-0.26047
-0.26131
-0.26214
-0.26298
-0.26382
-0.26465
-0.26549
-0.26633
-0.26716
-0.26800
-0.26884
-0.26967
-0.27051
-0.27135
-0.27218
-0.27302
-0.27386
-0.27470
-0.27553
-0.27637
-0.27721
-0.27805
-0.27889
-0.27972
-0.28056
-0.28140
-0.28224
-0.28308
-0.28392
-0.28476
-0.28559
-0.28643
-0.28727
-0.28811
-0.28895
-0.28979
-0.29063
-0.29147
-0.29231
-0.29315
-0.29399
-0.29483
-0.29567
-0.29651
-0.29735
-0.29819
-0.29903
-0.29987
-0.30071
-0.30155
-0.30239
-0.30323
-0.30407
-0.30491
-0.30575
-0.30660
-0.30744
-0.30828
-0.30912
-0.30996
-0.31080
-0.31164
-0.31249
-0.31333
-0.31417
-0.31501
-0.31585
-0.31670
-0.31754
-0.31838
-0.31922
-0.32007
-0.32091
-0.32175
-0.32260
-0.32344
-0.32428
-0.32513
-0.32597
-0.32681
-0.32766
-0.32850
-0.32934
-0.33019
-0.33103
-0.33187
-0.33272
-0.33356
-0.33441
-0.33525
-0.33610
-0.33694
-0.33779
-0.33863
-0.33948
-0.34032
-0.34117
-0.34201
-0.34286
-0.34370
-0.34455
-0.34539
-0.34624
-0.34708
-0.34793
-0.34878
-0.34962
-0.35047
-0.35131
-0.35216
-0.35301
-0.35385
-0.35470
-0.35555
-0.35639
-0.35724
-0.35809
-0.35893
-0.35978
-0.36063
-0.36148
-0.36232
-0.36317
-0.36402
-0.36487
-0.36571
-0.36656
-0.36741
-0.36826
-0.36911
-0.36995
-0.37080
-0.37165
-0.37250
-0.37335
-0.37420
-0.37505
-0.37590
-0.37674
-0.37759
-0.37844
-0.37929
-0.38014
-0.38099
-0.38184
-0.38269
-0.38354
-0.38439
-0.38524
-0.38609
-0.38694
-0.38779
-0.38864
-0.38949
-0.39034
-0.39119
-0.39204
-0.39290
-0.39375
-0.39460
-0.39545
-0.39630
-0.39715
-0.39800
-0.39885
-0.39971
-0.40056
-0.40141
-0.40226
-0.40311
-0.40397
-0.40482
-0.40567
-0.40652
-0.40738
-0.40823
-0.40908
-0.40993
-0.41079
-0.41164
-0.41249
-0.41335
-0.41420
-0.41505
-0.41591
-0.41676
-0.41761
-0.41847
-0.41932
-0.42018
-0.42103
-0.42188
-0.42274
-0.42359
-0.42445
-0.42530
-0.42616
-0.42701
-0.42787
-0.42872
-0.42958
-0.43043
-0.43129
-0.43214
-0.43300
-0.43385
-0.43471
-0.43557
-0.43642
-0.43728
-0.43813
-0.43899
-0.43985
-0.44070
-0.44156
-0.44241
-0.44327
-0.44413
-0.44499
-0.44584
-0.44670
-0.44756
-0.44841
-0.44927
-0.45013
-0.45099
-0.45184
-0.45270
-0.45356
-0.45442
-0.45528
-0.45613
-0.45699
-0.45785
-0.45871
-0.45957
-0.46043
-0.46128
-0.46214
-0.46300
-0.46386
-0.46472
-0.46558
-0.46644
-0.46730
-0.46816
-0.46902
-0.46988
-0.47074
-0.47160
-0.47246
-0.47332
-0.47418
-0.47504
-0.47590
-0.47676
-0.47762
-0.47848
-0.47934
-0.48020
-0.48106
-0.48192
-0.48278
-0.48365
-0.48451
-0.48537
-0.48623
-0.48709
-0.48795
-0.48882
-0.48968
-0.49054
-0.49140
-0.49226
-0.49313
-0.49399
-0.49485
-0.49571
-0.49658
-0.49744
-0.49830
-0.49917
-0.50003
-0.50089
-0.50176
-0.50262
-0.50348
-0.50435
-0.50521
-0.50607
-0.50694
-0.50780
-0.50867
-0.50953
-0.51039
-0.51126
-0.51212
-0.51299
-0.51385
-0.51472
-0.51558
-0.51645
-0.51731
-0.51818
-0.51904
-0.51991
-0.52077
-0.52164
-0.52251
-0.52337
-0.52424
-0.52510
-0.52597
-0.52684
-0.52770
-0.52857
-0.52944
-0.53030
-0.53117
-0.53204
-0.53290
-0.53377
-0.53464
-0.53550
-0.53637
-0.53724
-0.53811
-0.53897
-0.53984
-0.54071
-0.54158
-0.54245
-0.54331
-0.54418
-0.54505
-0.54592
-0.54679
-0.54766
-0.54853
-0.54939
-0.55026
-0.55113
-0.55200
-0.55287
-0.55374
-0.55461
-0.55548
-0.55635
-0.55722
-0.55809
-0.55896
-0.55983
-0.56070
-0.56157
-0.56244
-0.56331
-0.56418
-0.56505
-0.56592
-0.56679
-0.56766
-0.56854
-0.56941
-0.57028
-0.57115
-0.57202
-0.57289
-0.57376
-0.57464
-0.57551
-0.57638
-0.57725
-0.57812
-0.57900
-0.57987
-0.58074
-0.58161
-0.58249
-0.58336
-0.58423
-0.58511
-0.58598
-0.58685
-0.58773
-0.58860
-0.58947
-0.59035
-0.59122
-0.59209
-0.59297
-0.59384
-0.59472
-0.59559
-0.59646
-0.59734
-0.59821
-0.59909
-0.59996
-0.60084
-0.60171
-0.60259
-0.60346
-0.60434
-0.60521
-0.60609
-0.60697
-0.60784
-0.60872
-0.60959
-0.61047
-0.61134
-0.61222
-0.61310
-0.61397
-0.61485
-0.61573
-0.61660
-0.61748
-0.61836
-0.61923
-0.62011
-0.62099
-0.62187
-0.62274
-0.62362
-0.62450
-0.62538
-0.62625
-0.62713
-0.62801
-0.62889
-0.62977
-0.63064
-0.63152
-0.63240
-0.63328
-0.63416
-0.63504
-0.63592
-0.63680
-0.63768
-0.63855
-0.63943
-0.64031
-0.64119
-0.64207
-0.64295
-0.64383
-0.64471
-0.64559
-0.64647
-0.64735
-0.64823
-0.64911
-0.64999
-0.65088
-0.65176
-0.65264
-0.65352
-0.65440
-0.65528
-0.65616
-0.65704
-0.65793
-0.65881
-0.65969
-0.66057
-0.66145
-0.66233
-0.66322
-0.66410
-0.66498
-0.66586
-0.66675
-0.66763
-0.66851
-0.66939
-0.67028
-0.67116
-0.67204
-0.67293
-0.67381
-0.67469
-0.67558
-0.67646
-0.67735
-0.67823
-0.67911
-0.68000
-0.68088
-0.68177
-0.68265
-0.68354
-0.68442
-0.68531
-0.68619
-0.68708
-0.68796
-0.68885
-0.68973
-0.69062
-0.69150
-0.69239
-0.69327
-0.69416
-0.69504
-0.69593
-0.69682
-0.69770
-0.69859
-0.69948
-0.70036
-0.70125
-0.70214
-0.70302
-0.70391
-0.70480
-0.70568
-0.70657
-0.70746
-0.70835
-0.70923
-0.71012
-0.71101
-0.71190
-0.71279
-0.71367
-0.71456
-0.71545
-0.71634
-0.71723
-0.71812
-0.71900
-0.71989
-0.72078
-0.72167
-0.72256
-0.72345
-0.72434
-0.72523
-0.72612
-0.72701
-0.72790
-0.72879
-0.72968
-0.73057
-0.73146
-0.73235
-0.73324
-0.73413
-0.73502
-0.73591
-0.73680
-0.73769
-0.73858
-0.73948
-0.74037
-0.74126
-0.74215
-0.74304
-0.74393
-0.74483
-0.74572
-0.74661
-0.74750
-0.74839
-0.74929
-0.75018
-0.75107
-0.75196
-0.75286
-0.75375
-0.75464
-0.75554
-0.75643
-0.75732
-0.75822
-0.75911
-0.76000
-0.76090
-0.76179
-0.76268
-0.76358
-0.76447
-0.76537
-0.76626
-0.76716
-0.76805
-0.76895
-0.76984
-0.77074
-0.77163
-0.77253
-0.77342
-0.77432
-0.77521
-0.77611
-0.77700
-0.77790
-0.77879
-0.77969
-0.78059
-0.78148
-0.78238
-0.78328
-0.78417
-0.78507
-0.78597
-0.78686
-0.78776
-0.78866
-0.78955
-0.79045
-0.79135
-0.79225
-0.79314
-0.79404
-0.79494
-0.79584
-0.79674
-0.79763
-0.79853
-0.79943
-0.80033
-0.80123
-0.80213
-0.80302
-0.80392
-0.80482
-0.80572
-0.80662
-0.80752
-0.80842
-0.80932
-0.81022
-0.81112
-0.81202
-0.81292
-0.81382
-0.81472
-0.81562
-0.81652
-0.81742
-0.81832
-0.81922
-0.82012
-0.82102
-0.82192
-0.82283
-0.82373
-0.82463
-0.82553
-0.82643
-0.82733
-0.82824
-0.82914
-0.83004
-0.83094
-0.83184
-0.83275
-0.83365
-0.83455
-0.83545
-0.83636
-0.83726
-0.83816
-0.83907
-0.83997
-0.84087
-0.84178
-0.84268
-0.84358
-0.84449
-0.84539
-0.84629
-0.84720
-0.84810
-0.84901
-0.84991
-0.85082
-0.85172
-0.85263
-0.85353
-0.85444
-0.85534
-0.85625
-0.85715
-0.85806
-0.85896
-0.85987
-0.86077
-0.86168
-0.86259
-0.86349
-0.86440
-0.86530
-0.86621
-0.86712
-0.86802
-0.86893
-0.86984
-0.87074
-0.87165
-0.87256
-0.87347
-0.87437
-0.87528
-0.87619
-0.87710
-0.87800
-0.87891
-0.87982
-0.88073
-0.88164
-0.88255
-0.88345
-0.88436
-0.88527
-0.88618
-0.88709
-0.88800
-0.88891
-0.88982
-0.89073
-0.89164
-0.89255
-0.89345
-0.89436
-0.89527
-0.89618
-0.89709
-0.89801
-0.89892
-0.89983
-0.90074
-0.90165
-0.90256
-0.90347
-0.90438
-0.90529
-0.90620
-0.90711
-0.90803
-0.90894
-0.90985
-0.91076
-0.91167
-0.91258
-0.91350
-0.91441
-0.91532
-0.91623
-0.91715
-0.91806
-0.91897
-0.91989
-0.92080
-0.92171
-0.92262
-0.92354
-0.92445
-0.92537
-0.92628
-0.92719
-0.92811
-0.92902
-0.92993
-0.93085
-0.93176
-0.93268
-0.93359
-0.93451
-0.93542
-0.93634
-0.93725
-0.93817
-0.93908
-0.94000
-0.94091
-0.94183
-0.94274
-0.94366
-0.94458
-0.94549
-0.94641
-0.94733
-0.94824
-0.94916
-0.95007
-0.95099
-0.95191
-0.95283
-0.95374
-0.95466
-0.95558
-0.95649
-0.95741
-0.95833
-0.95925
-0.96017
-0.96108
-0.96200
-0.96292
-0.96384
-0.96476
-0.96567
-0.96659
-0.96751
-0.96843
-0.96935
-0.97027
-0.97119
-0.97211
-0.97303
-0.97395
-0.97487
-0.97579
-0.97671
-0.97763
-0.97855
-0.97947
-0.98039
-0.98131
-0.98223
-0.98315
-0.98407
-0.98499
-0.98591
-0.98683
-0.98775
-0.98868
-0.98960
-0.99052
-0.99144
-0.99236
-0.99328
-0.99421
-0.99513
-0.99605
-0.99697
-0.99789
-0.99882
-0.99974
-1.00066
-1.00159
-1.00251
-1.00343
-1.00436
-1.00528
-1.00620
-1.00713
-1.00805
-1.00897
-1.00990
-1.01082
-1.01175
-1.01267
-1.01359
-1.01452
-1.01544
-1.01637
-1.01729
-1.01822
-1.01914
-1.02007
-1.02099
-1.02192
-1.02285
-1.02377
-1.02470
-1.02562
-1.02655
-1.02748
-1.02840
-1.02933
-1.03025
-1.03118
-1.03211
-1.03303
-1.03396
-1.03489
-1.03582
-1.03674
-1.03767
-1.03860
-1.03953
-1.04045
-1.04138
-1.04231
-1.04324
-1.04417
-1.04509
-1.04602
-1.04695
-1.04788
-1.04881
-1.04974
-1.05067
-1.05160
-1.05252
-1.05345
-1.05438
-1.05531
-1.05624
-1.05717
-1.05810
-1.05903
-1.05996
-1.06089
-1.06182
-1.06275
-1.06369
-1.06462
-1.06555
-1.06648
-1.06741
-1.06834
-1.06927
-1.07020
-1.07113
-1.07207
-1.07300
-1.07393
-1.07486
-1.07579
-1.07673
-1.07766
-1.07859
-1.07952
-1.08046
-1.08139
-1.08232
-1.08326
-1.08419
-1.08512
-1.08606
-1.08699
-1.08792
-1.08886
-1.08979
-1.09072
-1.09166
-1.09259
-1.09353
-1.09446
-1.09540
-1.09633
-1.09727
-1.09820
-1.09914
-1.10007
-1.10101
-1.10194
-1.10288
-1.10381
-1.10475
-1.10568
-1.10662
-1.10756
-1.10849
-1.10943
-1.11037
-1.11130
-1.11224
-1.11318
-1.11411
-1.11505
-1.11599
-1.11692
-1.11786
-1.11880
-1.11974
-1.12067
-1.12161
-1.12255
-1.12349
-1.12443
-1.12536
-1.12630
-1.12724
-1.12818
-1.12912
-1.13006
-1.13100
-1.13194
-1.13288
-1.13382
-1.13475
-1.13569
-1.13663
-1.13757
-1.13851
-1.13945
-1.14039
-1.14133
-1.14228
-1.14322
-1.14416
-1.14510
-1.14604
-1.14698
-1.14792
-1.14886
-1.14980
-1.15074
-1.15169
-1.15263
-1.15357
-1.15451
-1.15545
-1.15640
-1.15734
-1.15828
-1.15922
-1.16017
-1.16111
-1.16205
-1.16300
-1.16394
-1.16488
-1.16583
-1.16677
-1.16771
-1.16866
-1.16960
-1.17054
-1.17149
-1.17243
-1.17338
-1.17432
-1.17527
-1.17621
-1.17716
-1.17810
-1.17905
-1.17999
-1.18094
-1.18188
-1.18283
-1.18377
-1.18472
-1.18566
-1.18661
-1.18756
-1.18850
-1.18945
-1.19040
-1.19134
-1.19229
-1.19324
-1.19418
-1.19513
-1.19608
-1.19703
-1.19797
-1.19892
-1.19987
-1.20082
-1.20176
-1.20271
-1.20366
-1.20461
-1.20556
-1.20651
-1.20745
-1.20840
-1.20935
-1.21030
-1.21125
-1.21220
-1.21315
-1.21410
-1.21505
-1.21600
-1.21695
-1.21790
-1.21885
-1.21980
-1.22075
-1.22170
-1.22265
-1.22360
-1.22455
-1.22550
-1.22645
-1.22740
-1.22836
-1.22931
-1.23026
-1.23121
-1.23216
-1.23311
-1.23407
-1.23502
-1.23597
-1.23692
-1.23788
-1.23883
-1.23978
-1.24073
-1.24169
-1.24264
-1.24359
-1.24455
-1.24550
-1.24645
-1.24741
-1.24836
-1.24932
-1.25027
-1.25122
-1.25218
-1.25313
-1.25409
-1.25504
-1.25600
-1.25695
-1.25791
-1.25886
-1.25982
-1.26077
-1.26173
-1.26269
-1.26364
-1.26460
-1.26555
-1.26651
-1.26747
-1.26842
-1.26938
-1.27034
-1.27129
-1.27225
-1.27321
-1.27416
-1.27512
-1.27608
-1.27704
-1.27799
-1.27895
-1.27991
-1.28087
-1.28182
-1.28278
-1.28374
-1.28470
-1.28566
-1.28662
-1.28758
-1.28854
-1.28949
-1.29045
-1.29141
-1.29237
-1.29333
-1.29429
-1.29525
-1.29621
-1.29717
-1.29813
-1.29909
-1.30005
-1.30101
-1.30197
-1.30294
-1.30390
-1.30486
-1.30582
-1.30678
-1.30774
-1.30870
-1.30967
-1.31063
-1.31159
-1.31255
-1.31351
-1.31448
-1.31544
-1.31640
-1.31736
-1.31833
-1.31929
-1.32025
-1.32122
-1.32218
-1.32314
-1.32411
-1.32507
-1.32603
-1.32700
-1.32796
-1.32893
-1.32989
-1.33085
-1.33182
-1.33278
-1.33375
-1.33471
-1.33568
-1.33664
-1.33761
-1.33857
-1.33954
-1.34051
-1.34147
-1.34244
-1.34340
-1.34437
-1.34534
-1.34630
-1.34727
-1.34824
-1.34920
-1.35017
-1.35114
-1.35210
-1.35307
-1.35404
-1.35501
-1.35597
-1.35694
-1.35791
-1.35888
-1.35985
-1.36081
-1.36178
-1.36275
-1.36372
-1.36469
-1.36566
-1.36663
-1.36760
-1.36857
-1.36954
-1.37050
-1.37147
-1.37244
-1.37341
-1.37438
-1.37535
-1.37632
-1.37730
-1.37827
-1.37924
-1.38021
-1.38118
-1.38215
-1.38312
-1.38409
-1.38506
-1.38604
-1.38701
-1.38798
-1.38895
-1.38992
-1.39089
-1.39187
-1.39284
-1.39381
-1.39479
-1.39576
-1.39673
-1.39770
-1.39868
-1.39965
-1.40062
-1.40160
-1.40257
-1.40355
-1.40452
-1.40549
-1.40647
-1.40744
-1.40842
-1.40939
-1.41037
-1.41134
-1.41232
-1.41329
-1.41427
-1.41524
-1.41622
-1.41719
-1.41817
-1.41914
-1.42012
-1.42110
-1.42207
-1.42305
-1.42403
-1.42500
-1.42598
-1.42696
-1.42793
-1.42891
-1.42989
-1.43087
-1.43184
-1.43282
-1.43380
-1.43478
-1.43575
-1.43673
-1.43771
-1.43869
-1.43967
-1.44065
-1.44163
-1.44260
-1.44358
-1.44456
-1.44554
-1.44652
-1.44750
-1.44848
-1.44946
-1.45044
-1.45142
-1.45240
-1.45338
-1.45436
-1.45534
-1.45632
-1.45730
-1.45829
-1.45927
-1.46025
-1.46123
-1.46221
-1.46319
-1.46417
-1.46516
-1.46614
-1.46712
-1.46810
-1.46909
-1.47007
-1.47105
-1.47203
-1.47302
-1.47400
-1.47498
-1.47597
-1.47695
-1.47793
-1.47892
-1.47990
-1.48088
-1.48187
-1.48285
-1.48384
-1.48482
-1.48581
-1.48679
-1.48778
-1.48876
-1.48975
-1.49073
-1.49172
-1.49270
-1.49369
-1.49467
-1.49566
-1.49665
-1.49763
-1.49862
-1.49960
-1.50059
-1.50158
-1.50256
-1.50355
-1.50454
-1.50553
-1.50651
-1.50750
-1.50849
-1.50948
-1.51046
-1.51145
-1.51244
-1.51343
-1.51442
-1.51541
-1.51639
-1.51738
-1.51837
-1.51936
-1.52035
-1.52134
-1.52233
-1.52332
-1.52431
-1.52530
-1.52629
-1.52728
-1.52827
-1.52926
-1.53025
-1.53124
-1.53223
-1.53322
-1.53421
-1.53520
-1.53619
-1.53719
-1.53818
-1.53917
-1.54016
-1.54115
-1.54215
-1.54314
-1.54413
-1.54512
-1.54612
-1.54711
-1.54810
-1.54909
-1.55009
-1.55108
-1.55207
-1.55307
-1.55406
-1.55505
-1.55605
-1.55704
-1.55804
-1.55903
-1.56003
-1.56102
-1.56201
-1.56301
-1.56400
-1.56500
-1.56599
-1.56699
-1.56799
-1.56898
-1.56998
-1.57097
-1.57197
-1.57297
-1.57396
-1.57496
-1.57595
-1.57695
-1.57795
-1.57894
-1.57994
-1.58094
-1.58194
-1.58293
-1.58393
-1.58493
-1.58593
-1.58693
-1.58792
-1.58892
-1.58992
-1.59092
-1.59192
-1.59292
-1.59392
-1.59491
-1.59591
-1.59691
-1.59791
-1.59891
-1.59991
-1.60091
-1.60191
-1.60291
-1.60391
-1.60491
-1.60591
-1.60691
-1.60791
-1.60892
-1.60992
-1.61092
-1.61192
-1.61292
-1.61392
-1.61492
-1.61593
-1.61693
-1.61793
-1.61893
-1.61994
-1.62094
-1.62194
-1.62294
-1.62395
-1.62495
-1.62595
-1.62696
-1.62796
-1.62896
-1.62997
-1.63097
-1.63197
-1.63298
-1.63398
-1.63499
-1.63599
-1.63700
-1.63800
-1.63901
-1.64001
-1.64102
-1.64202
-1.64303
-1.64403
-1.64504
-1.64605
-1.64705
-1.64806
-1.64906
-1.65007
-1.65108
-1.65208
-1.65309
-1.65410
-1.65511
-1.65611
-1.65712
-1.65813
-1.65914
-1.66014
-1.66115
-1.66216
-1.66317
-1.66418
-1.66518
-1.66619
-1.66720
-1.66821
-1.66922
-1.67023
-1.67124
-1.67225
-1.67326
-1.67427
-1.67528
-1.67629
-1.67730
-1.67831
-1.67932
-1.68033
-1.68134
-1.68235
-1.68336
-1.68437
-1.68538
-1.68639
-1.68741
-1.68842
-1.68943
-1.69044
-1.69145
-1.69247
-1.69348
-1.69449
-1.69550
-1.69652
-1.69753
-1.69854
-1.69956
-1.70057
-1.70158
-1.70260
-1.70361
-1.70462
-1.70564
-1.70665
-1.70767
-1.70868
-1.70969
-1.71071
-1.71172
-1.71274
-1.71375
-1.71477
-1.71578
-1.71680
-1.71782
-1.71883
-1.71985
-1.72086
-1.72188
-1.72290
-1.72391
-1.72493
-1.72595
-1.72696
-1.72798
-1.72900
-1.73001
-1.73103
-1.73205
-1.73307
-1.73408
-1.73510
-1.73612
-1.73714
-1.73816
-1.73918
-1.74019
-1.74121
-1.74223
-1.74325
-1.74427
-1.74529
-1.74631
-1.74733
-1.74835
-1.74937
-1.75039
-1.75141
-1.75243
-1.75345
-1.75447
-1.75549
-1.75651
-1.75753
-1.75855
-1.75958
-1.76060
-1.76162
-1.76264
-1.76366
-1.76468
-1.76571
-1.76673
-1.76775
-1.76877
-1.76980
-1.77082
-1.77184
-1.77287
-1.77389
-1.77491
-1.77594
-1.77696
-1.77798
-1.77901
-1.78003
-1.78106
-1.78208
-1.78310
-1.78413
-1.78515
-1.78618
-1.78720
-1.78823
-1.78926
-1.79028
-1.79131
-1.79233
-1.79336
-1.79438
-1.79541
-1.79644
-1.79746
-1.79849
-1.79952
-1.80054
-1.80157
-1.80260
-1.80363
-1.80465
-1.80568
-1.80671
-1.80774
-1.80876
-1.80979
-1.81082
-1.81185
-1.81288
-1.81391
-1.81494
-1.81596
-1.81699
-1.81802
-1.81905
-1.82008
-1.82111
-1.82214
-1.82317
-1.82420
-1.82523
-1.82626
-1.82729
-1.82832
-1.82935
-1.83039
-1.83142
-1.83245
-1.83348
-1.83451
-1.83554
-1.83658
-1.83761
-1.83864
-1.83967
-1.84070
-1.84174
-1.84277
-1.84380
-1.84484
-1.84587
-1.84690
-1.84794
-1.84897
-1.85000
-1.85104
-1.85207
-1.85310
-1.85414
-1.85517
-1.85621
-1.85724
-1.85828
-1.85931
-1.86035
-1.86138
-1.86242
-1.86345
-1.86449
-1.86553
-1.86656
-1.86760
-1.86863
-1.86967
-1.87071
-1.87174
-1.87278
-1.87382
-1.87486
-1.87589
-1.87693
-1.87797
-1.87901
-1.88004
-1.88108
-1.88212
-1.88316
-1.88420
-1.88524
-1.88627
-1.88731
-1.88835
-1.88939
-1.89043
-1.89147
-1.89251
-1.89355
-1.89459
-1.89563
-1.89667
-1.89771
-1.89875
-1.89979
-1.90083
-1.90187
-1.90291
-1.90395
-1.90500
-1.90604
-1.90708
-1.90812
-1.90916
-1.91021
-1.91125
-1.91229
-1.91333
-1.91438
-1.91542
-1.91646
-1.91750
-1.91855
-1.91959
-1.92063
-1.92168
-1.92272
-1.92377
-1.92481
-1.92585
-1.92690
-1.92794
-1.92899
-1.93003
-1.93108
-1.93212
-1.93317
-1.93421
-1.93526
-1.93630
-1.93735
-1.93840
-1.93944
-1.94049
-1.94154
-1.94258
-1.94363
-1.94468
-1.94572
-1.94677
-1.94782
-1.94887
-1.94991
-1.95096
-1.95201
-1.95306
-1.95410
-1.95515
-1.95620
-1.95725
-1.95830
-1.95935
-1.96040
-1.96145
-1.96250
-1.96355
-1.96460
-1.96564
-1.96669
-1.96775
-1.96880
-1.96985
-1.97090
-1.97195
-1.97300
-1.97405
-1.97510
-1.97615
-1.97720
-1.97825
-1.97931
-1.98036
-1.98141
-1.98246
-1.98351
-1.98457
-1.98562
-1.98667
-1.98773
-1.98878
-1.98983
-1.99089
-1.99194
-1.99299
-1.99405
-1.99510
-1.99615
-1.99721
-1.99826
-1.99932
-2.00037
-2.00143
-2.00248
-2.00354
-2.00459
-2.00565
-2.00670
-2.00776
-2.00882
-2.00987
-2.01093
-2.01198
-2.01304
-2.01410
-2.01515
-2.01621
-2.01727
-2.01833
-2.01938
-2.02044
-2.02150
-2.02256
-2.02361
-2.02467
-2.02573
-2.02679
-2.02785
-2.02891
-2.02997
-2.03102
-2.03208
-2.03314
-2.03420
-2.03526
-2.03632
-2.03738
-2.03844
-2.03950
-2.04056
-2.04162
-2.04268
-2.04375
-2.04481
-2.04587
-2.04693
-2.04799
-2.04905
-2.05011
-2.05118
-2.05224
-2.05330
-2.05436
-2.05542
-2.05649
-2.05755
-2.05861
-2.05968
-2.06074
-2.06180
-2.06287
-2.06393
-2.06499
-2.06606
-2.06712
-2.06819
-2.06925
-2.07032
-2.07138
-2.07245
-2.07351
-2.07458
-2.07564
-2.07671
-2.07777
-2.07884
-2.07990
-2.08097
-2.08204
-2.08310
-2.08417
-2.08524
-2.08630
-2.08737
-2.08844
-2.08951
-2.09057
-2.09164
-2.09271
-2.09378
-2.09484
-2.09591
-2.09698
-2.09805
-2.09912
-2.10019
-2.10126
-2.10233
-2.10339
-2.10446
-2.10553
-2.10660
-2.10767
-2.10874
-2.10981
-2.11088
-2.11196
-2.11303
-2.11410
-2.11517
-2.11624
-2.11731
-2.11838
-2.11945
-2.12053
-2.12160
-2.12267
-2.12374
-2.12481
-2.12589
-2.12696
-2.12803
-2.12911
-2.13018
-2.13125
-2.13233
-2.13340
-2.13447
-2.13555
-2.13662
-2.13770
-2.13877
-2.13984
-2.14092
-2.14199
-2.14307
-2.14414
-2.14522
-2.14629
-2.14737
-2.14845
-2.14952
-2.15060
-2.15167
-2.15275
-2.15383
-2.15490
-2.15598
-2.15706
-2.15814
-2.15921
-2.16029
-2.16137
-2.16245
-2.16352
-2.16460
-2.16568
-2.16676
-2.16784
-2.16892
-2.17000
-2.17107
-2.17215
-2.17323
-2.17431
-2.17539
-2.17647
-2.17755
-2.17863
-2.17971
-2.18079
-2.18187
-2.18295
-2.18404
-2.18512
-2.18620
-2.18728
-2.18836
-2.18944
-2.19052
-2.19161
-2.19269
-2.19377
-2.19485
-2.19594
-2.19702
-2.19810
-2.19919
-2.20027
-2.20135
-2.20244
-2.20352
-2.20460
-2.20569
-2.20677
-2.20786
-2.20894
-2.21003
-2.21111
-2.21220
-2.21328
-2.21437
-2.21545
-2.21654
-2.21762
-2.21871
-2.21979
-2.22088
-2.22197
-2.22305
-2.22414
-2.22523
-2.22631
-2.22740
-2.22849
-2.22958
-2.23066
-2.23175
-2.23284
-2.23393
-2.23502
-2.23611
-2.23719
-2.23828
-2.23937
-2.24046
-2.24155
-2.24264
-2.24373
-2.24482
-2.24591
-2.24700
-2.24809
-2.24918
-2.25027
-2.25136
-2.25245
-2.25354
-2.25463
-2.25573
-2.25682
-2.25791
-2.25900
-2.26009
-2.26118
-2.26228
-2.26337
-2.26446
-2.26556
-2.26665
-2.26774
-2.26883
-2.26993
-2.27102
-2.27212
-2.27321
-2.27430
-2.27540
-2.27649
-2.27759
-2.27868
-2.27978
-2.28087
-2.28197
-2.28306
-2.28416
-2.28525
-2.28635
-2.28744
-2.28854
-2.28964
-2.29073
-2.29183
-2.29293
-2.29402
-2.29512
-2.29622
-2.29732
-2.29841
-2.29951
-2.30061
-2.30171
-2.30281
-2.30390
-2.30500
-2.30610
-2.30720
-2.30830
-2.30940
-2.31050
-2.31160
-2.31270
-2.31380
-2.31490
-2.31600
-2.31710
-2.31820
-2.31930
-2.32040
-2.32150
-2.32260
-2.32370
-2.32480
-2.32591
-2.32701
-2.32811
-2.32921
-2.33031
-2.33142
-2.33252
-2.33362
-2.33473
-2.33583
-2.33693
-2.33803
-2.33914
-2.34024
-2.34135
-2.34245
-2.34355
-2.34466
-2.34576
-2.34687
-2.34797
-2.34908
-2.35018
-2.35129
-2.35239
-2.35350
-2.35461
-2.35571
-2.35682
-2.35792
-2.35903
-2.36014
-2.36124
-2.36235
-2.36346
-2.36457
-2.36567
-2.36678
-2.36789
-2.36900
-2.37011
-2.37121
-2.37232
-2.37343
-2.37454
-2.37565
-2.37676
-2.37787
-2.37898
-2.38009
-2.38120
-2.38231
-2.38342
-2.38453
-2.38564
-2.38675
-2.38786
-2.38897
-2.39008
-2.39119
-2.39230
-2.39342
-2.39453
-2.39564
-2.39675
-2.39786
-2.39898
-2.40009
-2.40120
-2.40231
-2.40343
-2.40454
-2.40565
-2.40677
-2.40788
-2.40900
-2.41011
-2.41122
-2.41234
-2.41345
-2.41457
-2.41568
-2.41680
-2.41791
-2.41903
-2.42014
-2.42126
-2.42238
-2.42349
-2.42461
-2.42573
-2.42684
-2.42796
-2.42908
-2.43019
-2.43131
-2.43243
-2.43354
-2.43466
-2.43578
-2.43690
-2.43802
-2.43914
-2.44025
-2.44137
-2.44249
-2.44361
-2.44473
-2.44585
-2.44697
-2.44809
-2.44921
-2.45033
-2.45145
-2.45257
-2.45369
-2.45481
-2.45593
-2.45705
-2.45818
-2.45930
-2.46042
-2.46154
-2.46266
-2.46378
-2.46491
-2.46603
-2.46715
-2.46827
-2.46940
-2.47052
-2.47164
-2.47277
-2.47389
-2.47501
-2.47614
-2.47726
-2.47839
-2.47951
-2.48064
-2.48176
-2.48289
-2.48401
-2.48514
-2.48626
-2.48739
-2.48851
-2.48964
-2.49077
-2.49189
-2.49302
-2.49415
-2.49527
-2.49640
-2.49753
-2.49865
-2.49978
-2.50091
-2.50204
-2.50317
-2.50429
-2.50542
-2.50655
-2.50768
-2.50881
-2.50994
-2.51107
-2.51220
-2.51333
-2.51446
-2.51559
-2.51672
-2.51785
-2.51898
-2.52011
-2.52124
-2.52237
-2.52350
-2.52463
-2.52576
-2.52689
-2.52803
-2.52916
-2.53029
-2.53142
-2.53256
-2.53369
-2.53482
-2.53595
-2.53709
-2.53822
-2.53935
-2.54049
-2.54162
-2.54276
-2.54389
-2.54502
-2.54616
-2.54729
-2.54843
-2.54956
-2.55070
-2.55183
-2.55297
-2.55411
-2.55524
-2.55638
-2.55751
-2.55865
-2.55979
-2.56092
-2.56206
-2.56320
-2.56434
-2.56547
-2.56661
-2.56775
-2.56889
-2.57003
-2.57116
-2.57230
-2.57344
-2.57458
-2.57572
-2.57686
-2.57800
-2.57914
-2.58028
-2.58142
-2.58256
-2.58370
-2.58484
-2.58598
-2.58712
-2.58826
-2.58940
-2.59054
-2.59168
-2.59283
-2.59397
-2.59511
-2.59625
-2.59739
-2.59854
-2.59968
-2.60082
-2.60197
-2.60311
-2.60425
-2.60540
-2.60654
-2.60768
-2.60883
-2.60997
-2.61112
-2.61226
-2.61341
-2.61455
-2.61570
-2.61684
-2.61799
-2.61913
-2.62028
-2.62143
-2.62257
-2.62372
-2.62486
-2.62601
-2.62716
-2.62831
-2.62945
-2.63060
-2.63175
-2.63290
-2.63404
-2.63519
-2.63634
-2.63749
-2.63864
-2.63979
-2.64094
-2.64208
-2.64323
-2.64438
-2.64553
-2.64668
-2.64783
-2.64898
-2.65013
-2.65128
-2.65244
-2.65359
-2.65474
-2.65589
-2.65704
-2.65819
-2.65934
-2.66050
-2.66165
-2.66280
-2.66395
-2.66511
-2.66626
-2.66741
-2.66857
-2.66972
-2.67087
-2.67203
-2.67318
-2.67433
-2.67549
-2.67664
-2.67780
-2.67895
-2.68011
-2.68126
-2.68242
-2.68357
-2.68473
-2.68589
-2.68704
-2.68820
-2.68936
-2.69051
-2.69167
-2.69283
-2.69398
-2.69514
-2.69630
-2.69746
-2.69861
-2.69977
-2.70093
-2.70209
-2.70325
-2.70441
-2.70557
-2.70673
-2.70788
-2.70904
-2.71020
-2.71136
-2.71252
-2.71368
-2.71484
-2.71601
-2.71717
-2.71833
-2.71949
-2.72065
-2.72181
-2.72297
-2.72414
-2.72530
-2.72646
-2.72762
-2.72878
-2.72995
-2.73111
-2.73227
-2.73344
-2.73460
-2.73576
-2.73693
-2.73809
-2.73926
-2.74042
-2.74159
-2.74275
-2.74392
-2.74508
-2.74625
-2.74741
-2.74858
-2.74974
-2.75091
-2.75208
-2.75324
-2.75441
-2.75558
-2.75674
-2.75791
-2.75908
-2.76024
-2.76141
-2.76258
-2.76375
-2.76492
-2.76608
-2.76725
-2.76842
-2.76959
-2.77076
-2.77193
-2.77310
-2.77427
-2.77544
-2.77661
-2.77778
-2.77895
-2.78012
-2.78129
-2.78246
-2.78363
-2.78481
-2.78598
-2.78715
-2.78832
-2.78949
-2.79066
-2.79184
-2.79301
-2.79418
-2.79536
-2.79653
-2.79770
-2.79888
-2.80005
-2.80122
-2.80240
-2.80357
-2.80475
-2.80592
-2.80710
-2.80827
-2.80945
-2.81062
-2.81180
-2.81297
-2.81415
-2.81533
-2.81650
-2.81768
-2.81886
-2.82003
-2.82121
-2.82239
-2.82356
-2.82474
-2.82592
-2.82710
-2.82828
-2.82945
-2.83063
-2.83181
-2.83299
-2.83417
-2.83535
-2.83653
-2.83771
-2.83889
-2.84007
-2.84125
-2.84243
-2.84361
-2.84479
-2.84597
-2.84715
-2.84833
-2.84952
-2.85070
-2.85188
-2.85306
-2.85424
-2.85543
-2.85661
-2.85779
-2.85897
-2.86016
-2.86134
-2.86253
-2.86371
-2.86489
-2.86608
-2.86726
-2.86845
-2.86963
-2.87082
-2.87200
-2.87319
-2.87437
-2.87556
-2.87674
-2.87793
-2.87912
-2.88030
-2.88149
-2.88268
-2.88386
-2.88505
-2.88624
-2.88742
-2.88861
-2.88980
-2.89099
-2.89218
-2.89337
-2.89455
-2.89574
-2.89693
-2.89812
-2.89931
-2.90050
-2.90169
-2.90288
-2.90407
-2.90526
-2.90645
-2.90764
-2.90883
-2.91002
-2.91122
-2.91241
-2.91360
-2.91479
-2.91598
-2.91718
-2.91837
-2.91956
-2.92075
-2.92195
-2.92314
-2.92433
-2.92553
-2.92672
-2.92792
-2.92911
-2.93030
-2.93150
-2.93269
-2.93389
-2.93508
-2.93628
-2.93747
-2.93867
-2.93987
-2.94106
-2.94226
-2.94346
-2.94465
-2.94585
-2.94705
-2.94824
-2.94944
-2.95064
-2.95184
-2.95303
-2.95423
-2.95543
-2.95663
-2.95783
-2.95903
-2.96023
-2.96143
-2.96263
-2.96383
-2.96503
-2.96623
-2.96743
-2.96863
-2.96983
-2.97103
-2.97223
-2.97343
-2.97463
-2.97583
-2.97704
-2.97824
-2.97944
-2.98064
-2.98185
-2.98305
-2.98425
-2.98545
-2.98666
-2.98786
-2.98907
-2.99027
-2.99147
-2.99268
-2.99388
-2.99509
-2.99629
-2.99750
-2.99870
-2.99991
-3.00111
-3.00232
-3.00353
-3.00473
-3.00594
-3.00715
-3.00835
-3.00956
-3.01077
-3.01198
-3.01318
-3.01439
-3.01560
-3.01681
-3.01802
-3.01922
-3.02043
-3.02164
-3.02285
-3.02406
-3.02527
-3.02648
-3.02769
-3.02890
-3.03011
-3.03132
-3.03253
-3.03374
-3.03496
-3.03617
-3.03738
-3.03859
-3.03980
-3.04101
-3.04223
-3.04344
-3.04465
-3.04587
-3.04708
-3.04829
-3.04951
-3.05072
-3.05193
-3.05315
-3.05436
-3.05558
-3.05679
-3.05801
-3.05922
-3.06044
-3.06165
-3.06287
-3.06408
-3.06530
-3.06652
-3.06773
-3.06895
-3.07017
-3.07139
-3.07260
-3.07382
-3.07504
-3.07626
-3.07747
-3.07869
-3.07991
-3.08113
-3.08235
-3.08357
-3.08479
-3.08601
-3.08723
-3.08845
-3.08967
-3.09089
-3.09211
-3.09333
-3.09455
-3.09577
-3.09699
-3.09821
-3.09943
-3.10066
-3.10188
-3.10310
-3.10432
-3.10555
-3.10677
-3.10799
-3.10922
-3.11044
-3.11166
-3.11289
-3.11411
-3.11534
-3.11656
-3.11779
-3.11901
-3.12024
-3.12146
-3.12269
-3.12391
-3.12514
-3.12636
-3.12759
-3.12882
-3.13004
-3.13127
-3.13250
-3.13373
-3.13495
-3.13618
-3.13741
-3.13864
-3.13987
-3.14109
-3.14232
-3.14355
-3.14478
-3.14601
-3.14724
-3.14847
-3.14970
-3.15093
-3.15216
-3.15339
-3.15462
-3.15585
-3.15708
-3.15832
-3.15955
-3.16078
-3.16201
-3.16324
-3.16448
-3.16571
-3.16694
-3.16817
-3.16941
-3.17064
-3.17187
-3.17311
-3.17434
-3.17558
-3.17681
-3.17805
-3.17928
-3.18052
-3.18175
-3.18299
-3.18422
-3.18546
-3.18669
-3.18793
-3.18917
-3.19040
-3.19164
-3.19288
-3.19412
-3.19535
-3.19659
-3.19783
-3.19907
-3.20030
-3.20154
-3.20278
-3.20402
-3.20526
-3.20650
-3.20774
-3.20898
-3.21022
-3.21146
-3.21270
-3.21394
-3.21518
-3.21642
-3.21766
-3.21890
-3.22015
-3.22139
-3.22263
-3.22387
-3.22512
-3.22636
-3.22760
-3.22884
-3.23009
-3.23133
-3.23257
-3.23382
-3.23506
-3.23631
-3.23755
-3.23880
-3.24004
-3.24129
-3.24253
-3.24378
-3.24502
-3.24627
-3.24752
-3.24876
-3.25001
-3.25126
-3.25250
-3.25375
-3.25500
-3.25624
-3.25749
-3.25874
-3.25999
-3.26124
-3.26249
-3.26373
-3.26498
-3.26623
-3.26748
-3.26873
-3.26998
-3.27123
-3.27248
-3.27373
-3.27498
-3.27624
-3.27749
-3.27874
-3.27999
-3.28124
-3.28249
-3.28375
-3.28500
-3.28625
-3.28750
-3.28876
-3.29001
-3.29126
-3.29252
-3.29377
-3.29503
-3.29628
-3.29753
-3.29879
-3.30004
-3.30130
-3.30256
-3.30381
-3.30507
-3.30632
-3.30758
-3.30884
-3.31009
-3.31135
-3.31261
-3.31386
-3.31512
-3.31638
-3.31764
-3.31889
-3.32015
-3.32141
-3.32267
-3.32393
-3.32519
-3.32645
-3.32771
-3.32897
-3.33023
-3.33149
-3.33275
-3.33401
-3.33527
-3.33653
-3.33779
-3.33905
-3.34032
-3.34158
-3.34284
-3.34410
-3.34537
-3.34663
-3.34789
-3.34915
-3.35042
-3.35168
-3.35295
-3.35421
-3.35547
-3.35674
-3.35800
-3.35927
-3.36053
-3.36180
-3.36307
-3.36433
-3.36560
-3.36686
-3.36813
-3.36940
-3.37066
-3.37193
-3.37320
-3.37447
-3.37573
-3.37700
-3.37827
-3.37954
-3.38081
-3.38208
-3.38334
-3.38461
-3.38588
-3.38715
-3.38842
-3.38969
-3.39096
-3.39223
-3.39350
-3.39478
-3.39605
-3.39732
-3.39859
-3.39986
-3.40113
-3.40241
-3.40368
-3.40495
-3.40622
-3.40750
-3.40877
-3.41004
-3.41132
-3.41259
-3.41387
-3.41514
-3.41642
-3.41769
-3.41897
-3.42024
-3.42152
-3.42279
-3.42407
-3.42535
-3.42662
-3.42790
-3.42918
-3.43045
-3.43173
-3.43301
-3.43428
-3.43556
-3.43684
-3.43812
-3.43940
-3.44068
-3.44196
-3.44324
-3.44451
-3.44579
-3.44707
-3.44835
-3.44964
-3.45092
-3.45220
-3.45348
-3.45476
-3.45604
-3.45732
-3.45860
-3.45989
-3.46117
-3.46245
-3.46373
-3.46502
-3.46630
-3.46758
-3.46887
-3.47015
-3.47144
-3.47272
-3.47400
-3.47529
-3.47657
-3.47786
-3.47914
-3.48043
-3.48172
-3.48300
-3.48429
-3.48558
-3.48686
-3.48815
-3.48944
-3.49072
-3.49201
-3.49330
-3.49459
-3.49588
-3.49716
-3.49845
-3.49974
-3.50103
-3.50232
-3.50361
-3.50490
-3.50619
-3.50748
-3.50877
-3.51006
-3.51135
-3.51264
-3.51394
-3.51523
-3.51652
-3.51781
-3.51910
-3.52040
-3.52169
-3.52298
-3.52428
-3.52557
-3.52686
-3.52816
-3.52945
-3.53075
-3.53204
-3.53333
-3.53463
-3.53592
-3.53722
-3.53852
-3.53981
-3.54111
-3.54240
-3.54370
-3.54500
-3.54630
-3.54759
-3.54889
-3.55019
-3.55149
-3.55278
-3.55408
-3.55538
-3.55668
-3.55798
-3.55928
-3.56058
-3.56188
-3.56318
-3.56448
-3.56578
-3.56708
-3.56838
-3.56968
-3.57098
-3.57228
-3.57359
-3.57489
-3.57619
-3.57749
-3.57880
-3.58010
-3.58140
-3.58270
-3.58401
-3.58531
-3.58662
-3.58792
-3.58923
-3.59053
-3.59183
-3.59314
-3.59445
-3.59575
-3.59706
-3.59836
-3.59967
-3.60098
-3.60228
-3.60359
-3.60490
-3.60620
-3.60751
-3.60882
-3.61013
-3.61144
-3.61275
-3.61405
-3.61536
-3.61667
-3.61798
-3.61929
-3.62060
-3.62191
-3.62322
-3.62453
-3.62584
-3.62716
-3.62847
-3.62978
-3.63109
-3.63240
-3.63372
-3.63503
-3.63634
-3.63765
-3.63897
-3.64028
-3.64159
-3.64291
-3.64422
-3.64554
-3.64685
-3.64817
-3.64948
-3.65080
-3.65211
-3.65343
-3.65474
-3.65606
-3.65738
-3.65869
-3.66001
-3.66133
-3.66265
-3.66396
-3.66528
-3.66660
-3.66792
-3.66924
-3.67055
-3.67187
-3.67319
-3.67451
-3.67583
-3.67715
-3.67847
-3.67979
-3.68111
-3.68243
-3.68376
-3.68508
-3.68640
-3.68772
-3.68904
-3.69037
-3.69169
-3.69301
-3.69433
-3.69566
-3.69698
-3.69830
-3.69963
-3.70095
-3.70228
-3.70360
-3.70493
-3.70625
-3.70758
-3.70890
-3.71023
-3.71155
-3.71288
-3.71421
-3.71553
-3.71686
-3.71819
-3.71952
-3.72084
-3.72217
-3.72350
-3.72483
-3.72616
-3.72749
-3.72881
-3.73014
-3.73147
-3.73280
-3.73413
-3.73546
-3.73679
-3.73813
-3.73946
-3.74079
-3.74212
-3.74345
-3.74478
-3.74612
-3.74745
-3.74878
-3.75011
-3.75145
-3.75278
-3.75411
-3.75545
-3.75678
-3.75812
-3.75945
-3.76079
-3.76212
-3.76346
-3.76479
-3.76613
-3.76746
-3.76880
-3.77014
-3.77147
-3.77281
-3.77415
-3.77548
-3.77682
-3.77816
-3.77950
-3.78084
-3.78218
-3.78351
-3.78485
-3.78619
-3.78753
-3.78887
-3.79021
-3.79155
-3.79289
-3.79423
-3.79558
-3.79692
-3.79826
-3.79960
-3.80094
-3.80228
-3.80363
-3.80497
-3.80631
-3.80766
-3.80900
-3.81034
-3.81169
-3.81303
-3.81438
-3.81572
-3.81707
-3.81841
-3.81976
-3.82110
-3.82245
-3.82379
-3.82514
-3.82649
-3.82783
-3.82918
-3.83053
-3.83188
-3.83322
-3.83457
-3.83592
-3.83727
-3.83862
-3.83997
-3.84132
-3.84267
-3.84402
-3.84537
-3.84672
-3.84807
-3.84942
-3.85077
-3.85212
-3.85347
-3.85482
-3.85618
-3.85753
-3.85888
-3.86023
-3.86159
-3.86294
-3.86429
-3.86565
-3.86700
-3.86835
-3.86971
-3.87106
-3.87242
-3.87377
-3.87513
-3.87649
-3.87784
-3.87920
-3.88055
-3.88191
-3.88327
-3.88462
-3.88598
-3.88734
-3.88870
-3.89006
-3.89141
-3.89277
-3.89413
-3.89549
-3.89685
-3.89821
-3.89957
-3.90093
-3.90229
-3.90365
-3.90501
-3.90637
-3.90773
-3.90910
-3.91046
-3.91182
-3.91318
-3.91455
-3.91591
-3.91727
-3.91863
-3.92000
-3.92136
-3.92273
-3.92409
-3.92546
-3.92682
-3.92819
-3.92955
-3.93092
-3.93228
-3.93365
-3.93501
-3.93638
-3.93775
-3.93911
-3.94048
-3.94185
-3.94322
-3.94459
-3.94595
-3.94732
-3.94869
-3.95006
-3.95143
-3.95280
-3.95417
-3.95554
-3.95691
-3.95828
-3.95965
-3.96102
-3.96239
-3.96377
-3.96514
-3.96651
-3.96788
-3.96926
-3.97063
-3.97200
-3.97337
-3.97475
-3.97612
-3.97750
-3.97887
-3.98025
-3.98162
-3.98300
-3.98437
-3.98575
-3.98712
-3.98850
-3.98988
-3.99125
-3.99263
-3.99401
-3.99538
-3.99676
-3.99814
-3.99952
-4.00090
-4.00227
-4.00365
-4.00503
-4.00641
-4.00779
-4.00917
-4.01055
-4.01193
-4.01331
-4.01469
-4.01608
-4.01746
-4.01884
-4.02022
-4.02160
-4.02299
-4.02437
-4.02575
-4.02714
-4.02852
-4.02990
-4.03129
-4.03267
-4.03406
-4.03544
-4.03683
-4.03821
-4.03960
-4.04098
-4.04237
-4.04376
-4.04514
-4.04653
-4.04792
-4.04930
-4.05069
-4.05208
-4.05347
-4.05486
-4.05624
-4.05763
-4.05902
-4.06041
-4.06180
-4.06319
-4.06458
-4.06597
-4.06736
-4.06875
-4.07015
-4.07154
-4.07293
-4.07432
-4.07571
-4.07711
-4.07850
-4.07989
-4.08129
-4.08268
-4.08407
-4.08547
-4.08686
-4.08826
-4.08965
-4.09105
-4.09244
-4.09384
-4.09523
-4.09663
-4.09803
-4.09942
-4.10082
-4.10222
-4.10362
-4.10501
-4.10641
-4.10781
-4.10921
-4.11061
-4.11201
-4.11341
-4.11481
-4.11621
-4.11761
-4.11901
-4.12041
-4.12181
-4.12321
-4.12461
-4.12601
-4.12742
-4.12882
-4.13022
-4.13162
-4.13303
-4.13443
-4.13583
-4.13724
-4.13864
-4.14005
-4.14145
-4.14285
-4.14426
-4.14567
-4.14707
-4.14848
-4.14988
-4.15129
-4.15270
-4.15410
-4.15551
-4.15692
-4.15833
-4.15973
-4.16114
-4.16255
-4.16396
-4.16537
-4.16678
-4.16819
-4.16960
-4.17101
-4.17242
-4.17383
-4.17524
-4.17665
-4.17806
-4.17948
-4.18089
-4.18230
-4.18371
-4.18513
-4.18654
-4.18795
-4.18937
-4.19078
-4.19220
-4.19361
-4.19502
-4.19644
-4.19785
-4.19927
-4.20069
-4.20210
-4.20352
-4.20494
-4.20635
-4.20777
-4.20919
-4.21060
-4.21202
-4.21344
-4.21486
-4.21628
-4.21770
-4.21912
-4.22054
-4.22196
-4.22338
-4.22480
-4.22622
-4.22764
-4.22906
-4.23048
-4.23190
-4.23333
-4.23475
-4.23617
-4.23759
-4.23902
-4.24044
-4.24186
-4.24329
-4.24471
-4.24614
-4.24756
-4.24899
-4.25041
-4.25184
-4.25326
-4.25469
-4.25612
-4.25754
-4.25897
-4.26040
-4.26182
-4.26325
-4.26468
-4.26611
-4.26754
-4.26897
-4.27040
-4.27182
-4.27325
-4.27468
-4.27611
-4.27754
-4.27898
-4.28041
-4.28184
-4.28327
-4.28470
-4.28613
-4.28757
-4.28900
-4.29043
-4.29187
-4.29330
-4.29473
-4.29617
-4.29760
-4.29904
-4.30047
-4.30191
-4.30334
-4.30478
-4.30621
-4.30765
-4.30909
-4.31052
-4.31196
-4.31340
-4.31484
-4.31627
-4.31771
-4.31915
-4.32059
-4.32203
-4.32347
-4.32491
-4.32635
-4.32779
-4.32923
-4.33067
-4.33211
-4.33355
-4.33499
-4.33643
-4.33788
-4.33932
-4.34076
-4.34220
-4.34365
-4.34509
-4.34653
-4.34798
-4.34942
-4.35087
-4.35231
-4.35376
-4.35520
-4.35665
-4.35810
-4.35954
-4.36099
-4.36243
-4.36388
-4.36533
-4.36678
-4.36823
-4.36967
-4.37112
-4.37257
-4.37402
-4.37547
-4.37692
-4.37837
-4.37982
-4.38127
-4.38272
-4.38417
-4.38562
-4.38708
-4.38853
-4.38998
-4.39143
-4.39288
-4.39434
-4.39579
-4.39724
-4.39870
-4.40015
-4.40161
-4.40306
-4.40452
-4.40597
-4.40743
-4.40888
-4.41034
-4.41180
-4.41325
-4.41471
-4.41617
-4.41763
-4.41908
-4.42054
-4.42200
-4.42346
-4.42492
-4.42638
-4.42784
-4.42930
-4.43076
-4.43222
-4.43368
-4.43514
-4.43660
-4.43806
-4.43952
-4.44099
-4.44245
-4.44391
-4.44537
-4.44684
-4.44830
-4.44977
-4.45123
-4.45269
-4.45416
-4.45562
-4.45709
-4.45856
-4.46002
-4.46149
-4.46295
-4.46442
-4.46589
-4.46736
-4.46882
-4.47029
-4.47176
-4.47323
-4.47470
-4.47617
-4.47763
-4.47910
-4.48057
-4.48204
-4.48352
-4.48499
-4.48646
-4.48793
-4.48940
-4.49087
-4.49234
-4.49382
-4.49529
-4.49676
-4.49824
-4.49971
-4.50118
-4.50266
-4.50413
-4.50561
-4.50708
-4.50856
-4.51003
-4.51151
-4.51299
-4.51446
-4.51594
-4.51742
-4.51890
-4.52037
-4.52185
-4.52333
-4.52481
-4.52629
-4.52777
-4.52925
-4.53073
-4.53221
-4.53369
-4.53517
-4.53665
-4.53813
-4.53961
-4.54109
-4.54258
-4.54406
-4.54554
-4.54702
-4.54851
-4.54999
-4.55148
-4.55296
-4.55444
-4.55593
-4.55741
-4.55890
-4.56039
-4.56187
-4.56336
-4.56485
-4.56633
-4.56782
-4.56931
-4.57080
-4.57228
-4.57377
-4.57526
-4.57675
-4.57824
-4.57973
-4.58122
-4.58271
-4.58420
-4.58569
-4.58718
-4.58867
-4.59016
-4.59166
-4.59315
-4.59464
-4.59613
-4.59763
-4.59912
-4.60061
-4.60211
-4.60360
-4.60510
-4.60659
-4.60809
-4.60958
-4.61108
-4.61258
-4.61407
-4.61557
-4.61707
-4.61856
-4.62006
-4.62156
-4.62306
-4.62456
-4.62606
-4.62755
-4.62905
-4.63055
-4.63205
-4.63355
-4.63506
-4.63656
-4.63806
-4.63956
-4.64106
-4.64256
-4.64407
-4.64557
-4.64707
-4.64858
-4.65008
-4.65158
-4.65309
-4.65459
-4.65610
-4.65760
-4.65911
-4.66061
-4.66212
-4.66363
-4.66513
-4.66664
-4.66815
-4.66966
-4.67116
-4.67267
-4.67418
-4.67569
-4.67720
-4.67871
-4.68022
-4.68173
-4.68324
-4.68475
-4.68626
-4.68777
-4.68928
-4.69080
-4.69231
-4.69382
-4.69533
-4.69685
-4.69836
-4.69987
-4.70139
-4.70290
-4.70442
-4.70593
-4.70745
-4.70896
-4.71048
-4.71200
-4.71351
-4.71503
-4.71655
-4.71806
-4.71958
-4.72110
-4.72262
-4.72414
-4.72566
-4.72718
-4.72869
-4.73021
-4.73173
-4.73326
-4.73478
-4.73630
-4.73782
-4.73934
-4.74086
-4.74239
-4.74391
-4.74543
-4.74696
-4.74848
-4.75000
-4.75153
-4.75305
-4.75458
-4.75610
-4.75763
-4.75915
-4.76068
-4.76221
-4.76373
-4.76526
-4.76679
-4.76832
-4.76984
-4.77137
-4.77290
-4.77443
-4.77596
-4.77749
-4.77902
-4.78055
-4.78208
-4.78361
-4.78514
-4.78667
-4.78820
-4.78974
-4.79127
-4.79280
-4.79434
-4.79587
-4.79740
-4.79894
-4.80047
-4.80201
-4.80354
-4.80508
-4.80661
-4.80815
-4.80968
-4.81122
-4.81276
-4.81429
-4.81583
-4.81737
-4.81891
-4.82045
-4.82199
-4.82352
-4.82506
-4.82660
-4.82814
-4.82968
-4.83123
-4.83277
-4.83431
-4.83585
-4.83739
-4.83893
-4.84048
-4.84202
-4.84356
-4.84511
-4.84665
-4.84819
-4.84974
-4.85128
-4.85283
-4.85437
-4.85592
-4.85747
-4.85901
-4.86056
-4.86211
-4.86365
-4.86520
-4.86675
-4.86830
-4.86985
-4.87140
-4.87294
-4.87449
-4.87604
-4.87759
-4.87915
-4.88070
-4.88225
-4.88380
-4.88535
-4.88690
-4.88846
-4.89001
-4.89156
-4.89312
-4.89467
-4.89622
-4.89778
-4.89933
-4.90089
-4.90244
-4.90400
-4.90556
-4.90711
-4.90867
-4.91023
-4.91178
-4.91334
-4.91490
-4.91646
-4.91802
-4.91958
-4.92114
-4.92269
-4.92425
-4.92582
-4.92738
-4.92894
-4.93050
-4.93206
-4.93362
-4.93518
-4.93675
-4.93831
-4.93987
-4.94144
-4.94300
-4.94457
-4.94613
-4.94769
-4.94926
-4.95083
-4.95239
-4.95396
-4.95552
-4.95709
-4.95866
-4.96023
-4.96179
-4.96336
-4.96493
-4.96650
-4.96807
-4.96964
-4.97121
-4.97278
-4.97435
-4.97592
-4.97749
-4.97906
-4.98063
-4.98221
-4.98378
-4.98535
-4.98693
-4.98850
-4.99007
-4.99165
-4.99322
-4.99480
-4.99637
-4.99795
-4.99952
-5.00110
-5.00268
-5.00425
-5.00583
-5.00741
-5.00899
-5.01056
-5.01214
-5.01372
-5.01530
-5.01688
-5.01846
-5.02004
-5.02162
-5.02320
-5.02478
-5.02636
-5.02795
-5.02953
-5.03111
-5.03269
-5.03428
-5.03586
-5.03744
-5.03903
-5.04061
-5.04220
-5.04378
-5.04537
-5.04695
-5.04854
-5.05013
-5.05171
-5.05330
-5.05489
-5.05648
-5.05807
-5.05965
-5.06124
-5.06283
-5.06442
-5.06601
-5.06760
-5.06919
-5.07078
-5.07238
-5.07397
-5.07556
-5.07715
-5.07874
-5.08034
-5.08193
-5.08352
-5.08512
-5.08671
-5.08831
-5.08990
-5.09150
-5.09309
-5.09469
-5.09629
-5.09788
-5.09948
-5.10108
-5.10268
-5.10427
-5.10587
-5.10747
-5.10907
-5.11067
-5.11227
-5.11387
-5.11547
-5.11707
-5.11867
-5.12027
-5.12188
-5.12348
-5.12508
-5.12668
-5.12829
-5.12989
-5.13150
-5.13310
-5.13470
-5.13631
-5.13791
-5.13952
-5.14113
-5.14273
-5.14434
-5.14595
-5.14755
-5.14916
-5.15077
-5.15238
-5.15399
-5.15560
-5.15721
-5.15882
-5.16043
-5.16204
-5.16365
-5.16526
-5.16687
-5.16848
-5.17010
-5.17171
-5.17332
-5.17493
-5.17655
-5.17816
-5.17978
-5.18139
-5.18301
-5.18462
-5.18624
-5.18785
-5.18947
-5.19109
-5.19270
-5.19432
-5.19594
-5.19756
-5.19918
-5.20080
-5.20242
-5.20403
-5.20565
-5.20728
-5.20890
-5.21052
-5.21214
-5.21376
-5.21538
-5.21700
-5.21863
-5.22025
-5.22187
-5.22350
-5.22512
-5.22675
-5.22837
-5.23000
-5.23162
-5.23325
-5.23488
-5.23650
-5.23813
-5.23976
-5.24138
-5.24301
-5.24464
-5.24627
-5.24790
-5.24953
-5.25116
-5.25279
-5.25442
-5.25605
-5.25768
-5.25931
-5.26095
-5.26258
-5.26421
-5.26584
-5.26748
-5.26911
-5.27075
-5.27238
-5.27402
-5.27565
-5.27729
-5.27892
-5.28056
-5.28220
-5.28383
-5.28547
-5.28711
-5.28875
-5.29039
-5.29202
-5.29366
-5.29530
-5.29694
-5.29858
-5.30022
-5.30187
-5.30351
-5.30515
-5.30679
-5.30843
-5.31008
-5.31172
-5.31336
-5.31501
-5.31665
-5.31830
-5.31994
-5.32159
-5.32323
-5.32488
-5.32652
-5.32817
-5.32982
-5.33147
-5.33311
-5.33476
-5.33641
-5.33806
-5.33971
-5.34136
-5.34301
-5.34466
-5.34631
-5.34796
-5.34961
-5.35127
-5.35292
-5.35457
-5.35622
-5.35788
-5.35953
-5.36119
-5.36284
-5.36449
-5.36615
-5.36781
-5.36946
-5.37112
-5.37278
-5.37443
-5.37609
-5.37775
-5.37941
-5.38106
-5.38272
-5.38438
-5.38604
-5.38770
-5.38936
-5.39102
-5.39268
-5.39435
-5.39601
-5.39767
-5.39933
-5.40100
-5.40266
-5.40432
-5.40599
-5.40765
-5.40932
-5.41098
-5.41265
-5.41431
-5.41598
-5.41765
-5.41931
-5.42098
-5.42265
-5.42432
-5.42599
-5.42766
-5.42932
-5.43099
-5.43266
-5.43434
-5.43601
-5.43768
-5.43935
-5.44102
-5.44269
-5.44437
-5.44604
-5.44771
-5.44939
-5.45106
-5.45274
-5.45441
-5.45609
-5.45776
-5.45944
-5.46111
-5.46279
-5.46447
-5.46615
-5.46782
-5.46950
-5.47118
-5.47286
-5.47454
-5.47622
-5.47790
-5.47958
-5.48126
-5.48294
-5.48462
-5.48631
-5.48799
-5.48967
-5.49136
-5.49304
-5.49472
-5.49641
-5.49809
-5.49978
-5.50146
-5.50315
-5.50484
-5.50652
-5.50821
-5.50990
-5.51159
-5.51327
-5.51496
-5.51665
-5.51834
-5.52003
-5.52172
-5.52341
-5.52510
-5.52679
-5.52849
-5.53018
-5.53187
-5.53356
-5.53526
-5.53695
-5.53864
-5.54034
-5.54203
-5.54373
-5.54542
-5.54712
-5.54882
-5.55051
-5.55221
-5.55391
-5.55560
-5.55730
-5.55900
-5.56070
-5.56240
-5.56410
-5.56580
-5.56750
-5.56920
-5.57090
-5.57261
-5.57431
-5.57601
-5.57771
-5.57942
-5.58112
-5.58282
-5.58453
-5.58623
-5.58794
-5.58964
-5.59135
-5.59306
-5.59476
-5.59647
-5.59818
-5.59989
-5.60159
-5.60330
-5.60501
-5.60672
-5.60843
-5.61014
-5.61185
-5.61356
-5.61528
-5.61699
-5.61870
-5.62041
-5.62213
-5.62384
-5.62555
-5.62727
-5.62898
-5.63070
-5.63241
-5.63413
-5.63585
-5.63756
-5.63928
-5.64100
-5.64271
-5.64443
-5.64615
-5.64787
-5.64959
-5.65131
-5.65303
-5.65475
-5.65647
-5.65819
-5.65991
-5.66164
-5.66336
-5.66508
-5.66681
-5.66853
-5.67025
-5.67198
-5.67370
-5.67543
-5.67715
-5.67888
-5.68061
-5.68233
-5.68406
-5.68579
-5.68752
-5.68925
-5.69098
-5.69270
-5.69443
-5.69616
-5.69790
-5.69963
-5.70136
-5.70309
-5.70482
-5.70655
-5.70829
-5.71002
-5.71175
-5.71349
-5.71522
-5.71696
-5.71869
-5.72043
-5.72217
-5.72390
-5.72564
-5.72738
-5.72911
-5.73085
-5.73259
-5.73433
-5.73607
-5.73781
-5.73955
-5.74129
-5.74303
-5.74477
-5.74652
-5.74826
-5.75000
-5.75174
-5.75349
-5.75523
-5.75698
-5.75872
-5.76047
-5.76221
-5.76396
-5.76570
-5.76745
-5.76920
-5.77095
-5.77269
-5.77444
-5.77619
-5.77794
-5.77969
-5.78144
-5.78319
-5.78494
-5.78669
-5.78845
-5.79020
-5.79195
-5.79370
-5.79546
-5.79721
-5.79896
-5.80072
-5.80247
-5.80423
-5.80599
-5.80774
-5.80950
-5.81126
-5.81301
-5.81477
-5.81653
-5.81829
-5.82005
-5.82181
-5.82357
-5.82533
-5.82709
-5.82885
-5.83061
-5.83237
-5.83414
-5.83590
-5.83766
-5.83943
-5.84119
-5.84295
-5.84472
-5.84649
-5.84825
-5.85002
-5.85178
-5.85355
-5.85532
-5.85709
-5.85886
-5.86062
-5.86239
-5.86416
-5.86593
-5.86770
-5.86947
-5.87125
-5.87302
-5.87479
-5.87656
-5.87834
-5.88011
-5.88188
-5.88366
-5.88543
-5.88721
-5.88898
-5.89076
-5.89253
-5.89431
-5.89609
-5.89787
-5.89964
-5.90142
-5.90320
-5.90498
-5.90676
-5.90854
-5.91032
-5.91210
-5.91388
-5.91567
-5.91745
-5.91923
-5.92101
-5.92280
-5.92458
-5.92637
-5.92815
-5.92994
-5.93172
-5.93351
-5.93530
-5.93708
-5.93887
-5.94066
-5.94245
-5.94424
-5.94602
-5.94781
-5.94960
-5.95139
-5.95319
-5.95498
-5.95677
-5.95856
-5.96035
-5.96215
-5.96394
-5.96573
-5.96753
-5.96932
-5.97112
-5.97291
-5.97471
-5.97651
-5.97830
-5.98010
-5.98190
-5.98370
-5.98550
-5.98730
-5.98909
-5.99089
-5.99270
-5.99450
-5.99630
-5.99810
-5.99990
-6.00170
-6.00351
-6.00531
-6.00711
-6.00892
-6.01072
-6.01253
-6.01433
-6.01614
-6.01795
-6.01975
-6.02156
-6.02337
-6.02518
-6.02699
-6.02880
-6.03061
-6.03242
-6.03423
-6.03604
-6.03785
-6.03966
-6.04147
-6.04329
-6.04510
-6.04691
-6.04873
-6.05054
-6.05236
-6.05417
-6.05599
-6.05780
-6.05962
-6.06144
-6.06325
-6.06507
-6.06689
-6.06871
-6.07053
-6.07235
-6.07417
-6.07599
-6.07781
-6.07963
-6.08145
-6.08328
-6.08510
-6.08692
-6.08875
-6.09057
-6.09240
-6.09422
-6.09605
-6.09787
-6.09970
-6.10153
-6.10335
-6.10518
-6.10701
-6.10884
-6.11067
-6.11250
-6.11433
-6.11616
-6.11799
-6.11982
-6.12165
-6.12348
-6.12532
-6.12715
-6.12898
-6.13082
-6.13265
-6.13449
-6.13632
-6.13816
-6.14000
-6.14183
-6.14367
-6.14551
-6.14735
-6.14918
-6.15102
-6.15286
-6.15470
-6.15654
-6.15838
-6.16023
-6.16207
-6.16391
-6.16575
-6.16760
-6.16944
-6.17128
-6.17313
-6.17497
-6.17682
-6.17866
-6.18051
-6.18236
-6.18420
-6.18605
-6.18790
-6.18975
-6.19160
-6.19345
-6.19530
-6.19715
-6.19900
-6.20085
-6.20270
-6.20456
-6.20641
-6.20826
-6.21012
-6.21197
-6.21382
-6.21568
-6.21754
-6.21939
-6.22125
-6.22310
-6.22496
-6.22682
-6.22868
-6.23054
-6.23240
-6.23426
-6.23612
-6.23798
-6.23984
-6.24170
-6.24356
-6.24542
-6.24729
-6.24915
-6.25102
-6.25288
-6.25474
-6.25661
-6.25848
-6.26034
-6.26221
-6.26408
-6.26594
-6.26781
-6.26968
-6.27155
-6.27342
-6.27529
-6.27716
-6.27903
-6.28090
-6.28277
-6.28465
-6.28652
-6.28839
-6.29027
-6.29214
-6.29402
-6.29589
-6.29777
-6.29964
-6.30152
-6.30340
-6.30527
-6.30715
-6.30903
-6.31091
-6.31279
-6.31467
-6.31655
-6.31843
-6.32031
-6.32219
-6.32408
-6.32596
-6.32784
-6.32973
-6.33161
-6.33349
-6.33538
-6.33727
-6.33915
-6.34104
-6.34293
-6.34481
-6.34670
-6.34859
-6.35048
-6.35237
-6.35426
-6.35615
-6.35804
-6.35993
-6.36182
-6.36372
-6.36561
-6.36750
-6.36940
-6.37129
-6.37318
-6.37508
-6.37698
-6.37887
-6.38077
-6.38267
-6.38456
-6.38646
-6.38836
-6.39026
-6.39216
-6.39406
-6.39596
-6.39786
-6.39976
-6.40166
-6.40357
-6.40547
-6.40737
-6.40928
-6.41118
-6.41309
-6.41499
-6.41690
-6.41880
-6.42071
-6.42262
-6.42453
-6.42643
-6.42834
-6.43025
-6.43216
-6.43407
-6.43598
-6.43790
-6.43981
-6.44172
-6.44363
-6.44555
-6.44746
-6.44937
-6.45129
-6.45320
-6.45512
-6.45704
-6.45895
-6.46087
-6.46279
-6.46471
-6.46662
-6.46854
-6.47046
-6.47238
-6.47430
-6.47623
-6.47815
-6.48007
-6.48199
-6.48391
-6.48584
-6.48776
-6.48969
-6.49161
-6.49354
-6.49546
-6.49739
-6.49932
-6.50125
-6.50317
-6.50510
-6.50703
-6.50896
-6.51089
-6.51282
-6.51475
-6.51668
-6.51862
-6.52055
-6.52248
-6.52442
-6.52635
-6.52829
-6.53022
-6.53216
-6.53409
-6.53603
-6.53797
-6.53990
-6.54184
-6.54378
-6.54572
-6.54766
-6.54960
-6.55154
-6.55348
-6.55542
-6.55737
-6.55931
-6.56125
-6.56320
-6.56514
-6.56708
-6.56903
-6.57098
-6.57292
-6.57487
-6.57682
-6.57876
-6.58071
-6.58266
-6.58461
-6.58656
-6.58851
-6.59046
-6.59241
-6.59436
-6.59632
-6.59827
-6.60022
-6.60218
-6.60413
-6.60609
-6.60804
-6.61000
-6.61195
-6.61391
-6.61587
-6.61783
-6.61979
-6.62174
-6.62370
-6.62566
-6.62763
-6.62959
-6.63155
-6.63351
-6.63547
-6.63744
-6.63940
-6.64136
-6.64333
-6.64529
-6.64726
-6.64923
-6.65119
-6.65316
-6.65513
-6.65710
-6.65907
-6.66104
-6.66301
-6.66498
-6.66695
-6.66892
-6.67089
-6.67286
-6.67484
-6.67681
-6.67878
-6.68076
-6.68273
-6.68471
-6.68669
-6.68866
-6.69064
-6.69262
-6.69460
-6.69657
-6.69855
-6.70053
-6.70251
-6.70450
-6.70648
-6.70846
-6.71044
-6.71242
-6.71441
-6.71639
-6.71838
-6.72036
-6.72235
-6.72433
-6.72632
-6.72831
-6.73030
-6.73228
-6.73427
-6.73626
-6.73825
-6.74024
-6.74223
-6.74423
-6.74622
-6.74821
-6.75020
-6.75220
-6.75419
-6.75619
-6.75818
-6.76018
-6.76217
-6.76417
-6.76617
-6.76817
-6.77017
-6.77216
-6.77416
-6.77616
-6.77816
-6.78017
-6.78217
-6.78417
-6.78617
-6.78818
-6.79018
-6.79218
-6.79419
-6.79620
-6.79820
-6.80021
-6.80221
-6.80422
-6.80623
-6.80824
-6.81025
-6.81226
-6.81427
-6.81628
-6.81829
-6.82030
-6.82232
-6.82433
-6.82634
-6.82836
-6.83037
-6.83239
-6.83440
-6.83642
-6.83844
-6.84045
-6.84247
-6.84449
-6.84651
-6.84853
-6.85055
-6.85257
-6.85459
-6.85661
-6.85864
-6.86066
-6.86268
-6.86471
-6.86673
-6.86876
-6.87078
-6.87281
-6.87484
-6.87686
-6.87889
-6.88092
-6.88295
-6.88498
-6.88701
-6.88904
-6.89107
-6.89310
-6.89513
-6.89717
-6.89920
-6.90123
-6.90327
-6.90530
-6.90734
-6.90938
-6.91141
-6.91345
-6.91549
-6.91753
-6.91957
-6.92161
-6.92365
-6.92569
-6.92773
-6.92977
-6.93181
-6.93385
-6.93590
-6.93794
-6.93999
-6.94203
-6.94408
-6.94612
-6.94817
-6.95022
-6.95227
-6.95431
-6.95636
-6.95841
-6.96046
-6.96251
-6.96457
-6.96662
-6.96867
-6.97072
-6.97278
-6.97483
-6.97689
-6.97894
-6.98100
-6.98305
-6.98511
-6.98717
-6.98923
-6.99129
-6.99335
-6.99541
-6.99747
-6.99953
-7.00159
-7.00365
-7.00571
-7.00778
-7.00984
-7.01191
-7.01397
-7.01604
-7.01810
-7.02017
-7.02224
-7.02430
-7.02637
-7.02844
-7.03051
-7.03258
-7.03465
-7.03672
-7.03880
-7.04087
-7.04294
-7.04502
-7.04709
-7.04916
-7.05124
-7.05332
-7.05539
-7.05747
-7.05955
-7.06163
-7.06370
-7.06578
-7.06786
-7.06994
-7.07203
-7.07411
-7.07619
-7.07827
-7.08036
-7.08244
-7.08453
-7.08661
-7.08870
-7.09078
-7.09287
-7.09496
-7.09705
-7.09913
-7.10122
-7.10331
-7.10540
-7.10750
-7.10959
-7.11168
-7.11377
-7.11587
-7.11796
-7.12006
-7.12215
-7.12425
-7.12634
-7.12844
-7.13054
-7.13264
-7.13474
-7.13683
-7.13893
-7.14104
-7.14314
-7.14524
-7.14734
-7.14944
-7.15155
-7.15365
-7.15576
-7.15786
-7.15997
-7.16207
-7.16418
-7.16629
-7.16840
-7.17051
-7.17262
-7.17473
-7.17684
-7.17895
-7.18106
-7.18317
-7.18529
-7.18740
-7.18951
-7.19163
-7.19374
-7.19586
-7.19798
-7.20009
-7.20221
-7.20433
-7.20645
-7.20857
-7.21069
-7.21281
-7.21493
-7.21705
-7.21918
-7.22130
-7.22343
-7.22555
-7.22767
-7.22980
-7.23193
-7.23405
-7.23618
-7.23831
-7.24044
-7.24257
-7.24470
-7.24683
-7.24896
-7.25109
-7.25322
-7.25536
-7.25749
-7.25963
-7.26176
-7.26390
-7.26603
-7.26817
-7.27031
-7.27245
-7.27458
-7.27672
-7.27886
-7.28100
-7.28314
-7.28529
-7.28743
-7.28957
-7.29172
-7.29386
-7.29600
-7.29815
-7.30030
-7.30244
-7.30459
-7.30674
-7.30889
-7.31104
-7.31319
-7.31534
-7.31749
-7.31964
-7.32179
-7.32394
-7.32610
-7.32825
-7.33041
-7.33256
-7.33472
-7.33687
-7.33903
-7.34119
-7.34335
-7.34551
-7.34767
-7.34983
-7.35199
-7.35415
-7.35631
-7.35847
-7.36064
-7.36280
-7.36497
-7.36713
-7.36930
-7.37147
-7.37363
-7.37580
-7.37797
-7.38014
-7.38231
-7.38448
