1.00000
0.99993
0.99985
0.99978
0.99970
0.99963
0.99955
0.99947
0.99940
0.99932
0.99925
0.99917
0.99910
0.99902
0.99895
0.99887
0.99880
0.99872
0.99865
0.99857
0.99850
0.99842
0.99835
0.99827
0.99820
0.99812
0.99805
0.99797
0.99790
0.99782
0.99775
0.99767
0.99760
0.99752
0.99745
0.99737
0.99730
0.99722
0.99715
0.99707
0.99700
0.99692
0.99685
0.99677
0.99670
0.99662
0.99655
0.99647
0.99640
0.99632
0.99625
0.99617
0.99610
0.99602
0.99595
0.99587
0.99580
0.99572
0.99565
0.99557
0.99550
0.99542
0.99535
0.99527
0.99520
0.99512
0.99505
0.99497
0.99490
0.99482
0.99475
0.99467
0.99460
0.99452
0.99445
0.99437
0.99430
0.99422
0.99415
0.99407
0.99400
0.99392
0.99385
0.99377
0.99370
0.99362
0.99355
0.99347
0.99340
0.99332
0.99325
0.99317
0.99310
0.99302
0.99295
0.99287
0.99280
0.99272
0.99265
0.99257
0.99250
0.99242
0.99235
0.99227
0.99220
0.99212
0.99205
0.99197
0.99190
0.99182
0.99175
0.99167
0.99160
0.99152
0.99145
0.99137
0.99130
0.99122
0.99115
0.99107
0.99100
0.99092
0.99085
0.99077
0.99070
0.99062
0.99055
0.99047
0.99040
0.99032
0.99025
0.99017
0.99010
0.99002
0.98995
0.98987
0.98980
0.98972
0.98965
0.98957
0.98950
0.98942
0.98935
0.98927
0.98920
0.98912
0.98905
0.98897
0.98890
0.98882
0.98875
0.98867
0.98860
0.98852
0.98845
0.98837
0.98830
0.98822
0.98815
0.98807
0.98800
0.98792
0.98785
0.98777
0.98770
0.98762
0.98755
0.98747
0.98740
0.98732
0.98725
0.98717
0.98710
0.98702
0.98695
0.98687
0.98680
0.98672
0.98665
0.98657
0.98650
0.98642
0.98635
0.98627
0.98620
0.98612
0.98605
0.98597
0.98590
0.98582
0.98575
0.98567
0.98560
0.98552
0.98545
0.98537
0.98530
0.98522
0.98515
0.98507
0.98500
0.98492
0.98485
0.98477
0.98470
0.98462
0.98455
0.98447
0.98440
0.98432
0.98425
0.98417
0.98410
0.98402
0.98395
0.98387
0.98380
0.98372
0.98365
0.98357
0.98350
0.98342
0.98335
0.98327
0.98320
0.98312
0.98305
0.98297
0.98290
0.98282
0.98275
0.98267
0.98260
0.98252
0.98245
0.98237
0.98230
0.98222
0.98215
0.98207
0.98200
0.98192
0.98185
0.98177
0.98170
0.98162
0.98155
0.98147
0.98140
0.98132
0.98125
0.98117
0.98110
0.98102
0.98095
0.98087
0.98080
0.98072
0.98065
0.98057
0.98050
0.98042
0.98035
0.98027
0.98020
0.98012
0.98005
0.97997
0.97990
0.97982
0.97975
0.97967
0.97960
0.97952
0.97945
0.97937
0.97930
0.97922
0.97915
0.97907
0.97900
0.97892
0.97885
0.97877
0.97870
0.97862
0.97855
0.97847
0.97840
0.97832
0.97825
0.97817
0.97810
0.97802
0.97795
0.97787
0.97780
0.97772
0.97765
0.97757
0.97750
0.97742
0.97735
0.97727
0.97720
0.97712
0.97705
0.97697
0.97690
0.97682
0.97675
0.97667
0.97660
0.97652
0.97645
0.97637
0.97630
0.97622
0.97615
0.97607
0.97600
0.97592
0.97585
0.97577
0.97570
0.97562
0.97555
0.97547
0.97540
0.97532
0.97525
0.97517
0.97510
0.97502
0.97495
0.97487
0.97480
0.97472
0.97465
0.97457
0.97450
0.97442
0.97435
0.97427
0.97420
0.97412
0.97405
0.97397
0.97390
0.97382
0.97375
0.97367
0.97360
0.97352
0.97345
0.97337
0.97330
0.97322
0.97315
0.97307
0.97300
0.97292
0.97285
0.97277
0.97270
0.97262
0.97255
0.97247
0.97240
0.97232
0.97225
0.97217
0.97210
0.97202
0.97195
0.97187
0.97180
0.97172
0.97165
0.97157
0.97150
0.97142
0.97135
0.97127
0.97120
0.97112
0.97105
0.97097
0.97090
0.97082
0.97075
0.97067
0.97060
0.97052
0.97045
0.97037
0.97030
0.97022
0.97015
0.97007
0.97000
0.96992
0.96985
0.96977
0.96970
0.96962
0.96955
0.96947
0.96940
0.96932
0.96925
0.96917
0.96910
0.96902
0.96895
0.96887
0.96880
0.96872
0.96865
0.96857
0.96850
0.96842
0.96835
0.96827
0.96820
0.96812
0.96805
0.96797
0.96790
0.96782
0.96775
0.96767
0.96760
0.96752
0.96745
0.96737
0.96730
0.96722
0.96715
0.96707
0.96700
0.96692
0.96685
0.96677
0.96670
0.96662
0.96655
0.96647
0.96640
0.96632
0.96625
0.96617
0.96610
0.96602
0.96595
0.96587
0.96580
0.96572
0.96565
0.96557
0.96550
0.96542
0.96535
0.96527
0.96520
0.96512
0.96505
0.96497
0.96490
0.96482
0.96475
0.96467
0.96460
0.96452
0.96445
0.96437
0.96430
0.96422
0.96415
0.96407
0.96400
0.96392
0.96385
0.96377
0.96370
0.96362
0.96355
0.96347
0.96340
0.96332
0.96325
0.96317
0.96310
0.96302
0.96295
0.96287
0.96280
0.96272
0.96265
0.96257
0.96250
0.96242
0.96235
0.96227
0.96220
0.96212
0.96205
0.96197
0.96190
0.96182
0.96175
0.96167
0.96160
0.96152
0.96145
0.96137
0.96130
0.96122
0.96115
0.96107
0.96100
0.96092
0.96085
0.96077
0.96070
0.96062
0.96055
0.96047
0.96040
0.96032
0.96025
0.96017
0.96010
0.96002
0.95995
0.95987
0.95980
0.95972
0.95965
0.95957
0.95950
0.95942
0.95935
0.95927
0.95920
0.95912
0.95905
0.95897
0.95890
0.95882
0.95875
0.95867
0.95860
0.95852
0.95845
0.95837
0.95830
0.95822
0.95815
0.95807
0.95800
0.95792
0.95785
0.95777
0.95770
0.95762
0.95755
0.95747
0.95740
0.95732
0.95725
0.95717
0.95710
0.95702
0.95695
0.95687
0.95680
0.95672
0.95665
0.95657
0.95650
0.95642
0.95635
0.95627
0.95620
0.95612
0.95605
0.95597
0.95590
0.95582
0.95575
0.95567
0.95560
0.95552
0.95545
0.95537
0.95530
0.95522
0.95515
0.95507
0.95500
0.95492
0.95485
0.95477
0.95470
0.95462
0.95455
0.95447
0.95440
0.95432
0.95425
0.95417
0.95410
0.95402
0.95395
0.95387
0.95380
0.95372
0.95365
0.95357
0.95350
0.95342
0.95335
0.95327
0.95320
0.95312
0.95305
0.95297
0.95290
0.95282
0.95275
0.95267
0.95260
0.95252
0.95245
0.95237
0.95230
0.95222
0.95215
0.95207
0.95200
0.95192
0.95185
0.95177
0.95170
0.95162
0.95155
0.95147
0.95140
0.95132
0.95125
0.95117
0.95110
0.95102
0.95095
0.95087
0.95080
0.95072
0.95065
0.95057
0.95050
0.95042
0.95035
0.95027
0.95020
0.95012
0.95005
0.94997
0.94990
0.94982
0.94975
0.94967
0.94960
0.94952
0.94945
0.94937
0.94930
0.94922
0.94915
0.94907
0.94900
0.94892
0.94885
0.94877
0.94870
0.94862
0.94855
0.94847
0.94840
0.94832
0.94825
0.94817
0.94810
0.94802
0.94795
0.94787
0.94780
0.94772
0.94765
0.94757
0.94750
0.94742
0.94735
0.94727
0.94720
0.94712
0.94705
0.94697
0.94690
0.94682
0.94675
0.94667
0.94660
0.94652
0.94645
0.94637
0.94630
0.94622
0.94615
0.94607
0.94600
0.94592
0.94585
0.94577
0.94570
0.94562
0.94555
0.94547
0.94540
0.94532
0.94525
0.94517
0.94510
0.94502
0.94495
0.94487
0.94480
0.94472
0.94465
0.94457
0.94450
0.94442
0.94435
0.94427
0.94420
0.94412
0.94405
0.94397
0.94390
0.94382
0.94375
0.94367
0.94360
0.94352
0.94345
0.94337
0.94330
0.94322
0.94315
0.94307
0.94300
0.94292
0.94285
0.94277
0.94270
0.94262
0.94255
0.94247
0.94240
0.94232
0.94225
0.94217
0.94210
0.94202
0.94195
0.94187
0.94180
0.94172
0.94165
0.94157
0.94150
0.94142
0.94135
0.94127
0.94120
0.94112
0.94105
0.94097
0.94090
0.94082
0.94075
0.94067
0.94060
0.94052
0.94045
0.94037
0.94030
0.94022
0.94015
0.94007
0.94000
0.93992
0.93985
0.93977
0.93970
0.93962
0.93955
0.93947
0.93940
0.93932
0.93925
0.93917
0.93910
0.93902
0.93895
0.93887
0.93880
0.93872
0.93865
0.93857
0.93850
0.93842
0.93835
0.93827
0.93820
0.93812
0.93805
0.93797
0.93790
0.93782
0.93775
0.93767
0.93760
0.93752
0.93745
0.93737
0.93730
0.93722
0.93715
0.93707
0.93700
0.93692
0.93685
0.93677
0.93670
0.93662
0.93655
0.93647
0.93640
0.93632
0.93625
0.93617
0.93610
0.93602
0.93595
0.93587
0.93580
0.93572
0.93565
0.93557
0.93550
0.93542
0.93535
0.93527
0.93520
0.93512
0.93505
0.93497
0.93490
0.93482
0.93475
0.93467
0.93460
0.93452
0.93445
0.93437
0.93430
0.93422
0.93415
0.93407
0.93400
0.93392
0.93385
0.93377
0.93370
0.93362
0.93355
0.93347
0.93340
0.93332
0.93325
0.93317
0.93310
0.93302
0.93295
0.93287
0.93280
0.93272
0.93265
0.93257
0.93250
0.93242
0.93235
0.93227
0.93220
0.93212
0.93205
0.93197
0.93190
0.93182
0.93175
0.93167
0.93160
0.93152
0.93145
0.93137
0.93130
0.93122
0.93115
0.93107
0.93100
0.93092
0.93085
0.93077
0.93070
0.93062
0.93055
0.93047
0.93040
0.93032
0.93025
0.93017
0.93010
0.93002
0.92995
0.92987
0.92980
0.92972
0.92965
0.92957
0.92950
0.92942
0.92935
0.92927
0.92920
0.92912
0.92905
0.92897
0.92890
0.92882
0.92875
0.92867
0.92860
0.92852
0.92845
0.92837
0.92829
0.92822
0.92814
0.92807
0.92799
0.92792
0.92784
0.92777
0.92769
0.92762
0.92754
0.92747
0.92739
0.92732
0.92724
0.92717
0.92709
0.92702
0.92694
0.92687
0.92679
0.92672
0.92664
0.92657
0.92649
0.92642
0.92634
0.92627
0.92619
0.92612
0.92604
0.92597
0.92589
0.92582
0.92574
0.92567
0.92559
0.92552
0.92544
0.92537
0.92529
0.92522
0.92514
0.92507
0.92499
0.92492
0.92484
0.92477
0.92469
0.92462
0.92454
0.92447
0.92439
0.92432
0.92424
0.92417
0.92409
0.92402
0.92394
0.92387
0.92379
0.92372
0.92364
0.92357
0.92349
0.92342
0.92334
0.92327
0.92319
0.92312
0.92304
0.92297
0.92289
0.92282
0.92274
0.92267
0.92259
0.92252
0.92244
0.92237
0.92229
0.92222
0.92214
0.92207
0.92199
0.92192
0.92184
0.92177
0.92169
0.92162
0.92154
0.92147
0.92139
0.92132
0.92124
0.92117
0.92109
0.92102
0.92094
0.92087
0.92079
0.92072
0.92064
0.92057
0.92049
0.92042
0.92034
0.92027
0.92019
0.92012
0.92004
0.91997
0.91989
0.91982
0.91974
0.91967
0.91959
0.91952
0.91944
0.91937
0.91929
0.91922
0.91914
0.91907
0.91899
0.91892
0.91884
0.91877
0.91869
0.91862
0.91854
0.91847
0.91839
0.91832
0.91824
0.91817
0.91809
0.91802
0.91794
0.91787
0.91779
0.91772
0.91764
0.91757
0.91749
0.91742
0.91734
0.91727
0.91719
0.91712
0.91704
0.91697
0.91689
0.91682
0.91674
0.91667
0.91659
0.91652
0.91644
0.91637
0.91629
0.91622
0.91614
0.91607
0.91599
0.91592
0.91584
0.91577
0.91569
0.91562
0.91554
0.91547
0.91539
0.91532
0.91524
0.91517
0.91509
0.91502
0.91494
0.91487
0.91479
0.91472
0.91464
0.91457
0.91449
0.91442
0.91434
0.91427
0.91419
0.91412
0.91404
0.91397
0.91389
0.91382
0.91374
0.91367
0.91359
0.91352
0.91344
0.91337
0.91329
0.91322
0.91314
0.91307
0.91299
0.91292
0.91284
0.91277
0.91269
0.91262
0.91254
0.91247
0.91239
0.91232
0.91224
0.91217
0.91209
0.91202
0.91194
0.91187
0.91179
0.91172
0.91164
0.91157
0.91149
0.91142
0.91134
0.91127
0.91119
0.91112
0.91104
0.91097
0.91089
0.91082
0.91074
0.91067
0.91059
0.91052
0.91044
0.91037
0.91029
0.91022
0.91014
0.91007
0.90999
0.90992
0.90984
0.90977
0.90969
0.90962
0.90954
0.90947
0.90939
0.90932
0.90924
0.90917
0.90909
0.90902
0.90894
0.90887
0.90879
0.90872
0.90864
0.90857
0.90849
0.90842
0.90834
0.90827
0.90819
0.90812
0.90804
0.90797
0.90789
0.90782
0.90774
0.90767
0.90759
0.90752
0.90744
0.90737
0.90729
0.90722
0.90714
0.90707
0.90699
0.90692
0.90684
0.90677
0.90669
0.90662
0.90654
0.90647
0.90639
0.90632
0.90624
0.90617
0.90609
0.90602
0.90594
0.90587
0.90579
0.90572
0.90564
0.90557
0.90549
0.90542
0.90534
0.90527
0.90519
0.90512
0.90504
0.90497
0.90489
0.90482
0.90474
0.90467
0.90459
0.90452
0.90444
0.90437
0.90429
0.90422
0.90414
0.90407
0.90399
0.90392
0.90384
0.90377
0.90369
0.90362
0.90354
0.90347
0.90339
0.90332
0.90324
0.90317
0.90309
0.90302
0.90294
0.90287
0.90279
0.90272
0.90264
0.90257
0.90249
0.90242
0.90234
0.90227
0.90219
0.90212
0.90204
0.90197
0.90189
0.90182
0.90174
0.90167
0.90159
0.90152
0.90144
0.90137
0.90129
0.90122
0.90114
0.90107
0.90099
0.90092
0.90084
0.90077
0.90069
0.90062
0.90054
0.90047
0.90039
0.90032
0.90024
0.90017
0.90009
0.90002
0.89994
0.89987
0.89979
0.89972
0.89964
0.89957
0.89949
0.89942
0.89934
0.89927
0.89919
0.89912
0.89904
0.89897
0.89889
0.89882
0.89874
0.89867
0.89859
0.89852
0.89844
0.89837
0.89829
0.89822
0.89814
0.89807
0.89799
0.89792
0.89784
0.89777
0.89769
0.89762
0.89754
0.89747
0.89739
0.89732
0.89724
0.89717
0.89709
0.89702
0.89694
0.89687
0.89679
0.89672
0.89664
0.89657
0.89649
0.89642
0.89634
0.89627
0.89619
0.89612
0.89604
0.89597
0.89589
0.89582
0.89574
0.89567
0.89559
0.89552
0.89544
0.89537
0.89529
0.89522
0.89514
0.89507
0.89499
0.89492
0.89484
0.89477
0.89469
0.89462
0.89454
0.89447
0.89439
0.89432
0.89424
0.89417
0.89409
0.89402
0.89394
0.89387
0.89379
0.89372
0.89364
0.89357
0.89349
0.89342
0.89334
0.89327
0.89319
0.89312
0.89304
0.89297
0.89289
0.89282
0.89274
0.89267
0.89259
0.89252
0.89244
0.89237
0.89229
0.89222
0.89214
0.89207
0.89199
0.89192
0.89184
0.89177
0.89169
0.89162
0.89154
0.89147
0.89139
0.89132
0.89124
0.89117
0.89109
0.89102
0.89094
0.89087
0.89079
0.89072
0.89064
0.89057
0.89049
0.89042
0.89034
0.89027
0.89019
0.89012
0.89004
0.88997
0.88989
0.88982
0.88974
0.88967
0.88959
0.88952
0.88944
0.88937
0.88929
0.88922
0.88914
0.88907
0.88899
0.88892
0.88884
0.88877
0.88869
0.88862
0.88854
0.88847
0.88839
0.88832
0.88824
0.88817
0.88809
0.88802
0.88794
0.88787
0.88779
0.88772
0.88764
0.88757
0.88749
0.88742
0.88734
0.88727
0.88719
0.88712
0.88704
0.88697
0.88689
0.88682
0.88674
0.88667
0.88659
0.88652
0.88644
0.88637
0.88629
0.88622
0.88614
0.88607
0.88599
0.88592
0.88584
0.88577
0.88569
0.88562
0.88554
0.88547
0.88539
0.88532
0.88524
0.88517
0.88509
0.88502
0.88494
0.88487
0.88479
0.88472
0.88464
0.88457
0.88449
0.88442
0.88434
0.88427
0.88419
0.88412
0.88404
0.88397
0.88389
0.88382
0.88374
0.88367
0.88359
0.88352
0.88344
0.88337
0.88329
0.88322
0.88314
0.88307
0.88299
0.88292
0.88284
0.88277
0.88269
0.88262
0.88254
0.88247
0.88239
0.88232
0.88224
0.88217
0.88209
0.88202
0.88194
0.88187
0.88179
0.88172
0.88164
0.88157
0.88149
0.88142
0.88134
0.88127
0.88119
0.88112
0.88104
0.88097
0.88089
0.88082
0.88074
0.88067
0.88059
0.88052
0.88044
0.88037
0.88029
0.88022
0.88014
0.88007
0.87999
0.87992
0.87984
0.87977
0.87969
0.87962
0.87954
0.87947
0.87939
0.87932
0.87924
0.87917
0.87909
0.87902
0.87894
0.87887
0.87879
0.87872
0.87864
0.87857
0.87849
0.87842
0.87834
0.87827
0.87819
0.87812
0.87804
0.87797
0.87789
0.87782
0.87774
0.87767
0.87759
0.87752
0.87744
0.87737
0.87729
0.87722
0.87714
0.87707
0.87699
0.87692
0.87684
0.87677
0.87669
0.87662
0.87654
0.87647
0.87639
0.87632
0.87624
0.87617
0.87609
0.87602
0.87594
0.87587
0.87579
0.87572
0.87564
0.87557
0.87549
0.87542
0.87534
0.87527
0.87519
0.87512
0.87504
0.87497
0.87489
0.87482
0.87474
0.87467
0.87459
0.87452
0.87444
0.87437
0.87429
0.87422
0.87414
0.87407
0.87399
0.87392
0.87384
0.87377
0.87369
0.87362
0.87354
0.87347
0.87339
0.87332
0.87324
0.87317
0.87309
0.87302
0.87294
0.87287
0.87279
0.87272
0.87264
0.87257
0.87249
0.87242
0.87234
0.87227
0.87219
0.87212
0.87204
0.87197
0.87189
0.87182
0.87174
0.87167
0.87159
0.87152
0.87144
0.87137
0.87129
0.87122
0.87114
0.87107
0.87099
0.87092
0.87084
0.87077
0.87069
0.87062
0.87054
0.87047
0.87039
0.87032
0.87024
0.87017
0.87009
0.87002
0.86994
0.86987
0.86979
0.86972
0.86964
0.86957
0.86949
0.86942
0.86934
0.86927
0.86919
0.86912
0.86904
0.86897
0.86889
0.86882
0.86874
0.86867
0.86859
0.86852
0.86844
0.86837
0.86829
0.86822
0.86814
0.86807
0.86799
0.86792
0.86784
0.86777
0.86769
0.86762
0.86754
0.86747
0.86739
0.86732
0.86724
0.86717
0.86709
0.86702
0.86694
0.86687
0.86679
0.86672
0.86664
0.86657
0.86649
0.86642
0.86634
0.86627
0.86619
0.86612
0.86604
0.86597
0.86589
0.86582
0.86574
0.86567
0.86559
0.86552
0.86544
0.86537
0.86529
0.86522
0.86514
0.86507
0.86499
0.86492
0.86484
0.86477
0.86469
0.86462
0.86454
0.86447
0.86439
0.86432
0.86424
0.86417
0.86409
0.86402
0.86394
0.86387
0.86379
0.86372
0.86364
0.86357
0.86349
0.86342
0.86334
0.86327
0.86319
0.86312
0.86304
0.86297
0.86289
0.86282
0.86274
0.86267
0.86259
0.86252
0.86244
0.86237
0.86229
0.86222
0.86214
0.86207
0.86199
0.86192
0.86184
0.86177
0.86169
0.86162
0.86154
0.86147
0.86139
0.86132
0.86124
0.86117
0.86109
0.86102
0.86094
0.86087
0.86079
0.86072
0.86064
0.86057
0.86049
0.86042
0.86034
0.86027
0.86019
0.86012
0.86004
0.85997
0.85989
0.85982
0.85974
0.85967
0.85959
0.85952
0.85944
0.85937
0.85929
0.85922
0.85914
0.85907
0.85899
0.85892
0.85884
0.85877
0.85869
0.85862
0.85854
0.85847
0.85839
0.85832
0.85824
0.85817
0.85809
0.85802
0.85794
0.85787
0.85779
0.85772
0.85764
0.85757
0.85749
0.85742
0.85734
0.85727
0.85719
0.85712
0.85704
0.85697
0.85689
0.85682
0.85674
0.85667
0.85659
0.85652
0.85644
0.85637
0.85629
0.85622
0.85614
0.85607
0.85599
0.85592
0.85584
0.85577
0.85569
0.85562
0.85554
0.85547
0.85539
0.85532
0.85524
0.85517
0.85509
0.85502
0.85494
0.85487
0.85479
0.85472
0.85464
0.85457
0.85449
0.85442
0.85434
0.85427
0.85419
0.85412
0.85404
0.85397
0.85389
0.85382
0.85374
0.85367
0.85359
0.85352
0.85344
0.85337
0.85329
0.85322
0.85314
0.85307
0.85299
0.85292
0.85284
0.85277
0.85269
0.85262
0.85254
0.85247
0.85239
0.85232
0.85224
0.85217
0.85209
0.85202
0.85194
0.85187
0.85179
0.85172
0.85164
0.85157
0.85149
0.85142
0.85134
0.85127
0.85119
0.85112
0.85104
0.85097
0.85089
0.85082
0.85074
0.85067
0.85059
0.85052
0.85044
0.85037
0.85029
0.85022
0.85014
0.85007
0.84999
0.84992
0.84984
0.84977
0.84969
0.84962
0.84954
0.84947
0.84939
0.84932
0.84924
0.84917
0.84909
0.84902
0.84894
0.84887
0.84879
0.84872
0.84864
0.84857
0.84849
0.84842
0.84834
0.84827
0.84819
0.84812
0.84804
0.84797
0.84789
0.84782
0.84774
0.84767
0.84759
0.84752
0.84744
0.84737
0.84729
0.84722
0.84714
0.84707
0.84699
0.84692
0.84684
0.84677
0.84669
0.84662
0.84654
0.84647
0.84639
0.84632
0.84624
0.84617
0.84609
0.84602
0.84594
0.84587
0.84579
0.84572
0.84564
0.84557
0.84549
0.84542
0.84534
0.84527
0.84519
0.84512
0.84504
0.84497
0.84489
0.84482
0.84474
0.84467
0.84459
0.84452
0.84444
0.84437
0.84429
0.84422
0.84414
0.84407
0.84399
0.84392
0.84384
0.84377
0.84369
0.84362
0.84354
0.84347
0.84339
0.84332
0.84324
0.84317
0.84309
0.84302
0.84294
0.84287
0.84279
0.84272
0.84264
0.84257
0.84249
0.84242
0.84234
0.84227
0.84219
0.84212
0.84204
0.84197
0.84189
0.84182
0.84174
0.84167
0.84159
0.84152
0.84144
0.84137
0.84129
0.84122
0.84114
0.84107
0.84099
0.84092
0.84084
0.84077
0.84069
0.84062
0.84054
0.84047
0.84039
0.84032
0.84024
0.84017
0.84009
0.84002
0.83994
0.83987
0.83979
0.83972
0.83964
0.83957
0.83949
0.83942
0.83934
0.83927
0.83919
0.83912
0.83904
0.83897
0.83889
0.83882
0.83874
0.83867
0.83859
0.83852
0.83844
0.83837
0.83829
0.83822
0.83814
0.83807
0.83799
0.83792
0.83784
0.83777
0.83769
0.83762
0.83754
0.83747
0.83739
0.83732
0.83724
0.83717
0.83709
0.83702
0.83694
0.83687
0.83679
0.83672
0.83664
0.83657
0.83649
0.83642
0.83634
0.83627
0.83619
0.83612
0.83604
0.83597
0.83589
0.83582
0.83574
0.83567
0.83559
0.83552
0.83544
0.83537
0.83529
0.83522
0.83514
0.83507
0.83499
0.83492
0.83484
0.83477
0.83469
0.83462
0.83454
0.83447
0.83439
0.83432
0.83424
0.83417
0.83409
0.83402
0.83394
0.83387
0.83379
0.83372
0.83364
0.83357
0.83349
0.83342
0.83334
0.83327
0.83319
0.83312
0.83304
0.83297
0.83289
0.83282
0.83274
0.83267
0.83259
0.83252
0.83244
0.83237
0.83229
0.83222
0.83214
0.83207
0.83199
0.83192
0.83184
0.83177
0.83169
0.83162
0.83154
0.83147
0.83139
0.83132
0.83124
0.83117
0.83109
0.83102
0.83094
0.83087
0.83079
0.83072
0.83064
0.83057
0.83049
0.83042
0.83034
0.83027
0.83019
0.83012
0.83004
0.82997
0.82989
0.82982
0.82974
0.82967
0.82959
0.82952
0.82944
0.82937
0.82929
0.82922
0.82914
0.82907
0.82899
0.82892
0.82884
0.82877
0.82869
0.82862
0.82854
0.82847
0.82839
0.82832
0.82824
0.82817
0.82809
0.82802
0.82794
0.82787
0.82779
0.82772
0.82764
0.82757
0.82749
0.82742
0.82734
0.82727
0.82719
0.82712
0.82704
0.82697
0.82689
0.82682
0.82674
0.82667
0.82659
0.82652
0.82644
0.82637
0.82629
0.82622
0.82614
0.82607
0.82599
0.82592
0.82584
0.82577
0.82569
0.82562
0.82554
0.82547
0.82539
0.82532
0.82524
0.82517
0.82509
0.82502
0.82494
0.82487
0.82479
0.82472
0.82464
0.82457
0.82449
0.82442
0.82434
0.82427
0.82419
0.82412
0.82404
0.82397
0.82389
0.82382
0.82374
0.82367
0.82359
0.82352
0.82344
0.82337
0.82329
0.82322
0.82314
0.82307
0.82299
0.82292
0.82284
0.82277
0.82269
0.82262
0.82254
0.82247
0.82239
0.82232
0.82224
0.82217
0.82209
0.82202
0.82194
0.82187
0.82179
0.82172
0.82164
0.82157
0.82149
0.82142
0.82134
0.82127
0.82119
0.82112
0.82104
0.82097
0.82089
0.82082
0.82074
0.82067
0.82059
0.82052
0.82044
0.82037
0.82029
0.82022
0.82014
0.82007
0.81999
0.81992
0.81984
0.81977
0.81969
0.81962
0.81954
0.81947
0.81939
0.81932
0.81924
0.81917
0.81909
0.81902
0.81894
0.81887
0.81879
0.81872
0.81864
0.81857
0.81849
0.81842
0.81834
0.81827
0.81819
0.81812
0.81804
0.81797
0.81789
0.81782
0.81774
0.81767
0.81759
0.81752
0.81744
0.81737
0.81729
0.81722
0.81714
0.81707
0.81699
0.81692
0.81684
0.81677
0.81669
0.81662
0.81654
0.81647
0.81639
0.81632
0.81624
0.81617
0.81609
0.81602
0.81594
0.81587
0.81579
0.81572
0.81564
0.81557
0.81549
0.81542
0.81534
0.81527
0.81519
0.81512
0.81504
0.81497
0.81489
0.81482
0.81474
0.81467
0.81459
0.81452
0.81444
0.81437
0.81429
0.81422
0.81414
0.81407
0.81399
0.81392
0.81384
0.81377
0.81369
0.81362
0.81354
0.81347
0.81339
0.81332
0.81324
0.81317
0.81309
0.81302
0.81294
0.81287
0.81279
0.81272
0.81264
0.81257
0.81249
0.81242
0.81234
0.81227
0.81219
0.81212
0.81204
0.81197
0.81189
0.81182
0.81174
0.81167
0.81159
0.81152
0.81144
0.81137
0.81129
0.81122
0.81114
0.81107
0.81099
0.81092
0.81084
0.81077
0.81069
0.81062
0.81054
0.81047
0.81039
0.81032
0.81024
0.81017
0.81009
0.81002
0.80994
0.80987
0.80979
0.80972
0.80964
0.80957
0.80949
0.80942
0.80934
0.80927
0.80919
0.80912
0.80904
0.80897
0.80889
0.80882
0.80874
0.80867
0.80859
0.80852
0.80844
0.80837
0.80829
0.80822
0.80814
0.80807
0.80799
0.80792
0.80784
0.80777
0.80769
0.80762
0.80754
0.80747
0.80739
0.80732
0.80724
0.80717
0.80709
0.80702
0.80694
0.80687
0.80679
0.80672
0.80664
0.80657
0.80649
0.80642
0.80634
0.80627
0.80619
0.80612
0.80604
0.80597
0.80589
0.80582
0.80574
0.80567
0.80559
0.80552
0.80544
0.80537
0.80529
0.80522
0.80514
0.80507
0.80499
0.80492
0.80484
0.80477
0.80469
0.80462
0.80454
0.80447
0.80439
0.80432
0.80424
0.80417
0.80409
0.80402
0.80394
0.80387
0.80379
0.80372
0.80364
0.80357
0.80349
0.80342
0.80334
0.80327
0.80319
0.80312
0.80304
0.80297
0.80289
0.80282
0.80274
0.80267
0.80259
0.80252
0.80244
0.80237
0.80229
0.80222
0.80214
0.80207
0.80199
0.80192
0.80184
0.80177
0.80169
0.80162
0.80154
0.80147
0.80139
0.80132
0.80124
0.80117
0.80109
0.80102
0.80094
0.80087
0.80079
0.80072
0.80064
0.80057
0.80049
0.80042
0.80034
0.80027
0.80019
0.80012
0.80004
0.79997
0.79989
0.79982
0.79974
0.79967
0.79959
0.79952
0.79944
0.79937
0.79929
0.79922
0.79914
0.79907
0.79899
0.79892
0.79884
0.79877
0.79869
0.79862
0.79854
0.79847
0.79839
0.79832
0.79824
0.79817
0.79809
0.79802
0.79794
0.79787
0.79779
0.79772
0.79764
0.79757
0.79749
0.79742
0.79734
0.79727
0.79719
0.79712
0.79704
0.79697
0.79689
0.79682
0.79674
0.79667
0.79659
0.79652
0.79644
0.79637
0.79629
0.79622
0.79614
0.79607
0.79599
0.79592
0.79584
0.79577
0.79569
0.79562
0.79554
0.79547
0.79539
0.79532
0.79524
0.79517
0.79509
0.79502
0.79494
0.79487
0.79479
0.79472
0.79464
0.79457
0.79449
0.79442
0.79434
0.79427
0.79419
0.79412
0.79404
0.79397
0.79389
0.79382
0.79374
0.79367
0.79359
0.79352
0.79344
0.79337
0.79329
0.79322
0.79314
0.79307
0.79299
0.79292
0.79284
0.79277
0.79269
0.79262
0.79254
0.79247
0.79239
0.79232
0.79224
0.79217
0.79209
0.79202
0.79194
0.79187
0.79179
0.79172
0.79164
0.79157
0.79149
0.79142
0.79134
0.79127
0.79119
0.79112
0.79104
0.79097
0.79089
0.79082
0.79074
0.79067
0.79059
0.79052
0.79044
0.79037
0.79029
0.79022
0.79014
0.79007
0.78999
0.78992
0.78984
0.78977
0.78969
0.78962
0.78954
0.78947
0.78939
0.78932
0.78924
0.78917
0.78909
0.78902
0.78894
0.78887
0.78879
0.78872
0.78864
0.78857
0.78849
0.78842
0.78834
0.78827
0.78819
0.78812
0.78804
0.78797
0.78789
0.78782
0.78774
0.78767
0.78759
0.78752
0.78744
0.78737
0.78729
0.78722
0.78714
0.78707
0.78699
0.78692
0.78684
0.78677
0.78669
0.78662
0.78654
0.78647
0.78639
0.78632
0.78624
0.78617
0.78609
0.78602
0.78594
0.78587
0.78579
0.78572
0.78564
0.78557
0.78549
0.78542
0.78534
0.78527
0.78519
0.78512
0.78504
0.78497
0.78489
0.78482
0.78474
0.78467
0.78459
0.78452
0.78444
0.78437
0.78429
0.78422
0.78414
0.78407
0.78399
0.78392
0.78384
0.78377
0.78369
0.78362
0.78354
0.78347
0.78339
0.78332
0.78324
0.78317
0.78309
0.78302
0.78294
0.78287
0.78279
0.78272
0.78264
0.78257
0.78249
0.78242
0.78234
0.78227
0.78219
0.78212
0.78204
0.78197
0.78189
0.78182
0.78174
0.78167
0.78159
0.78152
0.78144
0.78137
0.78129
0.78122
0.78114
0.78107
0.78099
0.78092
0.78084
0.78077
0.78069
0.78062
0.78054
0.78047
0.78039
0.78032
0.78024
0.78017
0.78009
0.78002
0.77994
0.77987
0.77979
0.77972
0.77964
0.77957
0.77949
0.77942
0.77934
0.77927
0.77919
0.77912
0.77904
0.77897
0.77889
0.77882
0.77874
0.77867
0.77859
0.77852
0.77844
0.77837
0.77829
0.77822
0.77814
0.77807
0.77799
0.77792
0.77784
0.77777
0.77769
0.77762
0.77754
0.77747
0.77739
0.77732
0.77724
0.77717
0.77709
0.77702
0.77694
0.77687
0.77679
0.77672
0.77664
0.77657
0.77649
0.77642
0.77634
0.77627
0.77619
0.77612
0.77604
0.77597
0.77589
0.77582
0.77574
0.77567
0.77559
0.77552
0.77544
0.77537
0.77529
0.77522
0.77514
0.77507
0.77499
0.77492
0.77484
0.77477
0.77469
0.77462
0.77454
0.77447
0.77439
0.77432
0.77424
0.77417
0.77409
0.77402
0.77394
0.77387
0.77379
0.77372
0.77364
0.77357
0.77349
0.77342
0.77334
0.77327
0.77319
0.77312
0.77304
0.77297
0.77289
0.77282
0.77274
0.77267
0.77259
0.77252
0.77244
0.77237
0.77229
0.77222
0.77214
0.77207
0.77199
0.77192
0.77184
0.77177
0.77169
0.77162
0.77154
0.77147
0.77139
0.77132
0.77124
0.77117
0.77109
0.77102
0.77094
0.77087
0.77079
0.77072
0.77064
0.77057
0.77049
0.77042
0.77034
0.77027
0.77019
0.77012
0.77004
0.76997
0.76989
0.76982
0.76974
0.76967
0.76959
0.76952
0.76944
0.76937
0.76929
0.76922
0.76914
0.76907
0.76899
0.76892
0.76884
0.76877
0.76869
0.76862
0.76854
0.76847
0.76839
0.76832
0.76824
0.76817
0.76809
0.76802
0.76794
0.76787
0.76779
0.76772
0.76764
0.76757
0.76749
0.76742
0.76734
0.76727
0.76719
0.76712
0.76704
0.76697
0.76689
0.76682
0.76674
0.76667
0.76659
0.76652
0.76644
0.76637
0.76629
0.76622
0.76614
0.76607
0.76599
0.76592
0.76584
0.76577
0.76569
0.76562
0.76554
0.76547
0.76539
0.76532
0.76524
0.76517
0.76509
0.76502
0.76494
0.76487
0.76479
0.76472
0.76464
0.76457
0.76449
0.76442
0.76434
0.76427
0.76419
0.76412
0.76404
0.76397
0.76389
0.76382
0.76374
0.76367
0.76359
0.76352
0.76344
0.76337
0.76329
0.76322
0.76314
0.76307
0.76299
0.76292
0.76284
0.76277
0.76269
0.76262
0.76254
0.76247
0.76239
0.76232
0.76224
0.76217
0.76209
0.76202
0.76194
0.76187
0.76179
0.76172
0.76164
0.76157
0.76149
0.76142
0.76134
0.76127
0.76119
0.76112
0.76104
0.76097
0.76089
0.76082
0.76074
0.76067
0.76059
0.76052
0.76044
0.76037
0.76029
0.76022
0.76014
0.76007
0.75999
0.75992
0.75984
0.75977
0.75969
0.75962
0.75954
0.75947
0.75939
0.75932
0.75924
0.75917
0.75909
0.75902
0.75894
0.75887
0.75879
0.75872
0.75864
0.75857
0.75849
0.75842
0.75834
0.75827
0.75819
0.75812
0.75804
0.75797
0.75789
0.75782
0.75774
0.75767
0.75759
0.75752
0.75744
0.75737
0.75729
0.75722
0.75714
0.75707
0.75699
0.75692
0.75684
0.75677
0.75669
0.75662
0.75654
0.75647
0.75639
0.75632
0.75624
0.75617
0.75609
0.75602
0.75594
0.75587
0.75579
0.75572
0.75564
0.75557
0.75549
0.75542
0.75534
0.75527
0.75519
0.75512
0.75504
0.75497
0.75489
0.75482
0.75474
0.75467
0.75459
0.75452
0.75444
0.75437
0.75429
0.75422
0.75414
0.75407
0.75399
0.75392
0.75384
0.75377
0.75369
0.75362
0.75354
0.75347
0.75339
0.75332
0.75324
0.75317
0.75309
0.75302
0.75294
0.75287
0.75279
0.75272
0.75264
0.75257
0.75249
0.75242
0.75234
0.75227
0.75219
0.75212
0.75204
0.75197
0.75189
0.75182
0.75174
0.75167
0.75159
0.75152
0.75144
0.75137
0.75129
0.75122
0.75115
0.75107
0.75100
0.75092
0.75085
0.75077
0.75070
0.75062
0.75055
0.75047
0.75040
0.75032
0.75025
0.75017
0.75010
0.75002
0.74995
0.74987
0.74980
0.74972
0.74965
0.74957
0.74950
0.74942
0.74935
0.74927
0.74920
0.74912
0.74905
0.74897
0.74890
0.74882
0.74875
0.74867
0.74860
0.74852
0.74845
0.74837
0.74830
0.74822
0.74815
0.74807
0.74800
0.74792
0.74785
0.74777
0.74770
0.74762
0.74755
0.74747
0.74740
0.74732
0.74725
0.74717
0.74710
0.74702
0.74695
0.74687
0.74680
0.74672
0.74665
0.74657
0.74650
0.74642
0.74635
0.74627
0.74620
0.74612
0.74605
0.74597
0.74590
0.74582
0.74575
0.74567
0.74560
0.74552
0.74545
0.74537
0.74530
0.74522
0.74515
0.74507
0.74500
0.74492
0.74485
0.74477
0.74470
0.74462
0.74455
0.74447
0.74440
0.74432
0.74425
0.74417
0.74410
0.74402
0.74395
0.74387
0.74380
0.74372
0.74365
0.74357
0.74350
0.74342
0.74335
0.74327
0.74320
0.74312
0.74305
0.74297
0.74290
0.74282
0.74275
0.74267
0.74260
0.74252
0.74245
0.74237
0.74230
0.74222
0.74215
0.74207
0.74200
0.74192
0.74185
0.74177
0.74170
0.74162
0.74155
0.74147
0.74140
0.74132
0.74125
0.74117
0.74110
0.74102
0.74095
0.74087
0.74080
0.74072
0.74065
0.74057
0.74050
0.74042
0.74035
0.74027
0.74020
0.74012
0.74005
0.73997
0.73990
0.73982
0.73975
0.73967
0.73960
0.73952
0.73945
0.73937
0.73930
0.73922
0.73915
0.73907
0.73900
0.73892
0.73885
0.73877
0.73870
0.73862
0.73855
0.73847
0.73840
0.73832
0.73825
0.73817
0.73810
0.73802
0.73795
0.73787
0.73780
0.73772
0.73765
0.73757
0.73750
0.73742
0.73735
0.73727
0.73720
0.73712
0.73705
0.73697
0.73690
0.73682
0.73675
0.73667
0.73660
0.73652
0.73645
0.73637
0.73630
0.73622
0.73615
0.73607
0.73600
0.73592
0.73585
0.73577
0.73570
0.73562
0.73555
0.73547
0.73540
0.73532
0.73525
0.73517
0.73510
0.73502
0.73495
0.73487
0.73480
0.73472
0.73465
0.73457
0.73450
0.73442
0.73435
0.73427
0.73420
0.73412
0.73405
0.73397
0.73390
0.73382
0.73375
0.73367
0.73360
0.73352
0.73345
0.73337
0.73330
0.73322
0.73315
0.73307
0.73300
0.73292
0.73285
0.73277
0.73270
0.73262
0.73255
0.73247
0.73240
0.73232
0.73225
0.73217
0.73210
0.73202
0.73195
0.73187
0.73180
0.73172
0.73165
0.73157
0.73150
0.73142
0.73135
0.73127
0.73120
0.73112
0.73105
0.73097
0.73090
0.73082
0.73075
0.73067
0.73060
0.73052
0.73045
0.73037
0.73030
0.73022
0.73015
0.73007
0.73000
0.72992
0.72985
0.72977
0.72970
0.72962
0.72955
0.72947
0.72940
0.72932
0.72925
0.72917
0.72910
0.72902
0.72895
0.72887
0.72880
0.72872
0.72865
0.72857
0.72850
0.72842
0.72835
0.72827
0.72820
0.72812
0.72805
0.72797
0.72790
0.72782
0.72775
0.72767
0.72760
0.72752
0.72745
0.72737
0.72730
0.72722
0.72715
0.72707
0.72700
0.72692
0.72685
0.72677
0.72670
0.72662
0.72655
0.72647
0.72640
0.72632
0.72625
0.72617
0.72610
0.72602
0.72595
0.72587
0.72580
0.72572
0.72565
0.72557
0.72550
0.72542
0.72535
0.72527
0.72520
0.72512
0.72505
0.72497
0.72490
0.72482
0.72475
0.72467
0.72460
0.72452
0.72445
0.72437
0.72430
0.72422
0.72415
0.72407
0.72400
0.72392
0.72385
0.72377
0.72370
0.72362
0.72355
0.72347
0.72340
0.72332
0.72325
0.72317
0.72310
0.72302
0.72295
0.72287
0.72280
0.72272
0.72265
0.72257
0.72250
0.72242
0.72235
0.72227
0.72220
0.72212
0.72205
0.72197
0.72190
0.72182
0.72175
0.72167
0.72160
0.72152
0.72145
0.72137
0.72130
0.72122
0.72115
0.72107
0.72100
0.72092
0.72085
0.72077
0.72070
0.72062
0.72055
0.72047
0.72040
0.72032
0.72025
0.72017
0.72010
0.72002
0.71995
0.71987
0.71980
0.71972
0.71965
0.71957
0.71950
0.71942
0.71935
0.71927
0.71920
0.71912
0.71905
0.71897
0.71890
0.71882
0.71875
0.71867
0.71860
0.71852
0.71845
0.71837
0.71830
0.71822
0.71815
0.71807
0.71800
0.71792
0.71785
0.71777
0.71770
0.71762
0.71755
0.71747
0.71740
0.71732
0.71725
0.71717
0.71710
0.71702
0.71695
0.71687
0.71680
0.71672
0.71665
0.71657
0.71650
0.71642
0.71635
0.71627
0.71620
0.71612
0.71605
0.71597
0.71590
0.71582
0.71575
0.71567
0.71560
0.71552
0.71545
0.71537
0.71530
0.71522
0.71515
0.71507
0.71500
0.71492
0.71485
0.71477
0.71470
0.71462
0.71455
0.71447
0.71440
0.71432
0.71425
0.71417
0.71410
0.71402
0.71395
0.71387
0.71380
0.71372
0.71365
0.71357
0.71350
0.71342
0.71335
0.71327
0.71320
0.71312
0.71305
0.71297
0.71290
0.71282
0.71275
0.71267
0.71260
0.71252
0.71245
0.71237
0.71230
0.71222
0.71215
0.71207
0.71200
0.71192
0.71185
0.71177
0.71170
0.71162
0.71155
0.71147
0.71140
0.71132
0.71125
0.71117
0.71110
0.71102
0.71095
0.71087
0.71080
0.71072
0.71065
0.71057
0.71050
0.71042
0.71035
0.71027
0.71020
0.71012
0.71005
0.70997
0.70990
0.70982
0.70975
0.70967
0.70960
0.70952
0.70945
0.70937
0.70930
0.70922
0.70915
0.70907
0.70900
0.70892
0.70885
0.70877
0.70870
0.70862
0.70855
0.70847
0.70840
0.70832
0.70825
0.70817
0.70810
0.70802
0.70795
0.70787
0.70780
0.70772
0.70765
0.70757
0.70750
0.70742
0.70735
0.70727
0.70720
0.70712
0.70705
0.70697
0.70690
0.70682
0.70675
0.70667
0.70660
0.70652
0.70645
0.70637
0.70630
0.70622
0.70615
0.70607
0.70600
0.70592
0.70585
0.70577
0.70570
0.70562
0.70555
0.70547
0.70540
0.70532
0.70525
0.70517
0.70510
0.70502
0.70495
0.70487
0.70480
0.70472
0.70465
0.70457
0.70450
0.70442
0.70435
0.70427
0.70420
0.70412
0.70405
0.70397
0.70390
0.70382
0.70375
0.70367
0.70360
0.70352
0.70345
0.70337
0.70330
0.70322
0.70315
0.70307
0.70300
0.70292
0.70285
0.70277
0.70270
0.70262
0.70255
0.70247
0.70240
0.70232
0.70225
0.70217
0.70210
0.70202
0.70195
0.70187
0.70180
0.70172
0.70165
0.70157
0.70150
0.70142
0.70135
0.70127
0.70120
0.70112
0.70105
0.70097
0.70090
0.70082
0.70075
0.70067
0.70060
0.70052
0.70045
0.70037
0.70030
0.70022
0.70015
0.70007
0.70000
0.69992
0.69985
0.69977
0.69970
0.69962
0.69955
0.69947
0.69940
0.69932
0.69925
0.69917
0.69910
0.69902
0.69895
0.69887
0.69880
0.69872
0.69865
0.69857
0.69850
0.69842
0.69835
0.69827
0.69820
0.69812
0.69805
0.69797
0.69790
0.69782
0.69775
0.69767
0.69760
0.69752
0.69745
0.69737
0.69730
0.69722
0.69715
0.69707
0.69700
0.69692
0.69685
0.69677
0.69670
0.69662
0.69655
0.69647
0.69640
0.69632
0.69625
0.69617
0.69610
0.69602
0.69595
0.69587
0.69580
0.69572
0.69565
0.69557
0.69550
0.69542
0.69535
0.69527
0.69520
0.69512
0.69505
0.69497
0.69490
0.69482
0.69475
0.69467
0.69460
0.69452
0.69445
0.69437
0.69430
0.69422
0.69415
0.69407
0.69400
0.69392
0.69385
0.69377
0.69370
0.69362
0.69355
0.69347
0.69340
0.69332
0.69325
0.69317
0.69310
0.69302
0.69295
0.69287
0.69280
0.69272
0.69265
0.69257
0.69250
0.69242
0.69235
0.69227
0.69220
0.69212
0.69205
0.69197
0.69190
0.69182
0.69175
0.69167
0.69160
0.69152
0.69145
0.69137
0.69130
0.69122
0.69115
0.69107
0.69100
0.69092
0.69085
0.69077
0.69070
0.69062
0.69055
0.69047
0.69040
0.69032
0.69025
0.69017
0.69010
0.69002
0.68995
0.68987
0.68980
0.68972
0.68965
0.68957
0.68950
0.68942
0.68935
0.68927
0.68920
0.68912
0.68905
0.68897
0.68890
0.68882
0.68875
0.68867
0.68860
0.68852
0.68845
0.68837
0.68830
0.68822
0.68815
0.68807
0.68800
0.68792
0.68785
0.68777
0.68770
0.68762
0.68755
0.68748
0.68740
0.68733
0.68725
0.68718
0.68710
0.68703
0.68695
0.68688
0.68680
0.68673
0.68665
0.68658
0.68650
0.68643
0.68635
0.68628
0.68620
0.68613
0.68605
0.68598
0.68590
0.68583
0.68575
0.68568
0.68560
0.68553
0.68545
0.68538
0.68530
0.68523
0.68515
0.68508
0.68500
0.68493
0.68485
0.68478
0.68470
0.68463
0.68455
0.68448
0.68440
0.68433
0.68425
0.68418
0.68410
0.68403
0.68395
0.68388
0.68380
0.68373
0.68365
0.68358
0.68350
0.68343
0.68335
0.68328
0.68320
0.68313
0.68305
0.68298
0.68290
0.68283
0.68275
0.68268
0.68260
0.68253
0.68245
0.68238
0.68230
0.68223
0.68215
0.68208
0.68200
0.68193
0.68185
0.68178
0.68170
0.68163
0.68155
0.68148
0.68140
0.68133
0.68125
0.68118
0.68110
0.68103
0.68095
0.68088
0.68080
0.68073
0.68065
0.68058
0.68050
0.68043
0.68035
0.68028
0.68020
0.68013
0.68005
0.67998
0.67990
0.67983
0.67975
0.67968
0.67960
0.67953
0.67945
0.67938
0.67930
0.67923
0.67915
0.67908
0.67900
0.67893
0.67885
0.67878
0.67870
0.67863
0.67855
0.67848
0.67840
0.67833
0.67825
0.67818
0.67810
0.67803
0.67795
0.67788
0.67780
0.67773
0.67765
0.67758
0.67750
0.67743
0.67735
0.67728
0.67720
0.67713
0.67705
0.67698
0.67690
0.67683
0.67675
0.67668
0.67660
0.67653
0.67645
0.67638
0.67630
0.67623
0.67615
0.67608
0.67600
0.67593
0.67585
0.67578
0.67570
0.67563
0.67555
0.67548
0.67540
0.67533
0.67525
0.67518
0.67510
0.67503
0.67495
0.67488
0.67480
0.67473
0.67465
0.67458
0.67450
0.67443
0.67435
0.67428
0.67420
0.67413
0.67405
0.67398
0.67390
0.67383
0.67375
0.67368
0.67360
0.67353
0.67345
0.67338
0.67330
0.67323
0.67315
0.67308
0.67300
0.67293
0.67285
0.67278
0.67270
0.67263
0.67255
0.67248
0.67240
0.67233
0.67225
0.67218
0.67210
0.67203
0.67195
0.67188
0.67180
0.67173
0.67165
0.67158
0.67150
0.67143
0.67135
0.67128
0.67120
0.67113
0.67105
0.67098
0.67090
0.67083
0.67075
0.67068
0.67060
0.67053
0.67045
0.67038
0.67030
0.67023
0.67015
0.67008
0.67000
0.66993
0.66985
0.66978
0.66970
0.66963
0.66955
0.66948
0.66940
0.66933
0.66925
0.66918
0.66910
0.66903
0.66895
0.66888
0.66880
0.66873
0.66865
0.66858
0.66850
0.66843
0.66835
0.66828
0.66820
0.66813
0.66805
0.66798
0.66790
0.66783
0.66775
0.66768
0.66760
0.66753
0.66745
0.66738
0.66730
0.66723
0.66715
0.66708
0.66700
0.66693
0.66685
0.66678
0.66670
0.66663
0.66655
0.66648
0.66640
0.66633
0.66625
0.66618
0.66610
0.66603
0.66595
0.66588
0.66580
0.66573
0.66565
0.66558
0.66550
0.66543
0.66535
0.66528
0.66520
0.66513
0.66505
0.66498
0.66490
0.66483
0.66475
0.66468
0.66460
0.66453
0.66445
0.66438
0.66430
0.66423
0.66415
0.66408
0.66400
0.66393
0.66385
0.66378
0.66370
0.66363
0.66355
0.66348
0.66340
0.66333
0.66325
0.66318
0.66310
0.66303
0.66295
0.66288
0.66280
0.66273
0.66265
0.66258
0.66250
0.66243
0.66235
0.66228
0.66220
0.66213
0.66205
0.66198
0.66190
0.66183
0.66175
0.66168
0.66160
0.66153
0.66145
0.66138
0.66130
0.66123
0.66115
0.66108
0.66100
0.66093
0.66085
0.66078
0.66070
0.66063
0.66055
0.66048
0.66040
0.66033
0.66025
0.66018
0.66010
0.66003
0.65995
0.65988
0.65980
0.65973
0.65965
0.65958
0.65950
0.65943
0.65935
0.65928
0.65920
0.65913
0.65905
0.65898
0.65890
0.65883
0.65875
0.65868
0.65860
0.65853
0.65845
0.65838
0.65830
0.65823
0.65815
0.65808
0.65800
0.65793
0.65785
0.65778
0.65770
0.65763
0.65755
0.65748
0.65740
0.65733
0.65725
0.65718
0.65710
0.65703
0.65695
0.65688
0.65680
0.65673
0.65665
0.65658
0.65650
0.65643
0.65635
0.65628
0.65620
0.65613
0.65605
0.65598
0.65590
0.65583
0.65575
0.65568
0.65560
0.65553
0.65545
0.65538
0.65530
0.65523
0.65515
0.65508
0.65500
0.65493
0.65485
0.65478
0.65470
0.65463
0.65455
0.65448
0.65440
0.65433
0.65425
0.65418
0.65410
0.65403
0.65395
0.65388
0.65380
0.65373
0.65365
0.65358
0.65350
0.65343
0.65335
0.65328
0.65320
0.65313
0.65305
0.65298
0.65290
0.65283
0.65275
0.65268
0.65260
0.65253
0.65245
0.65238
0.65230
0.65223
0.65215
0.65208
0.65200
0.65193
0.65185
0.65178
0.65170
0.65163
0.65155
0.65148
0.65140
0.65133
0.65125
0.65118
0.65110
0.65103
0.65095
0.65088
0.65080
0.65073
0.65065
0.65058
0.65050
0.65043
0.65035
0.65028
0.65020
0.65013
0.65005
0.64998
0.64990
0.64983
0.64975
0.64968
0.64960
0.64953
0.64945
0.64938
0.64930
0.64923
0.64915
0.64908
0.64900
0.64893
0.64885
0.64878
0.64870
0.64863
0.64855
0.64848
0.64840
0.64833
0.64825
0.64818
0.64810
0.64803
0.64795
0.64788
0.64780
0.64773
0.64765
0.64758
0.64750
0.64743
0.64735
0.64728
0.64720
0.64713
0.64705
0.64698
0.64690
0.64683
0.64675
0.64668
0.64660
0.64653
0.64645
0.64638
0.64630
0.64623
0.64615
0.64608
0.64600
0.64593
0.64585
0.64578
0.64570
0.64563
0.64555
0.64548
0.64540
0.64533
0.64525
0.64518
0.64511
0.64503
0.64496
0.64488
0.64481
0.64473
0.64466
0.64458
0.64451
0.64443
0.64436
0.64428
0.64421
0.64413
0.64406
0.64398
0.64391
0.64383
0.64376
0.64368
0.64361
0.64353
0.64346
0.64338
0.64331
0.64323
0.64316
0.64308
0.64301
0.64293
0.64286
0.64278
0.64271
0.64263
0.64256
0.64248
0.64241
0.64233
0.64226
0.64218
0.64211
0.64203
0.64196
0.64188
0.64181
0.64173
0.64166
0.64158
0.64151
0.64143
0.64136
0.64128
0.64121
0.64113
0.64106
0.64098
0.64091
0.64083
0.64076
0.64068
0.64061
0.64053
0.64046
0.64038
0.64031
0.64023
0.64016
0.64008
0.64001
0.63993
0.63986
0.63978
0.63971
0.63963
0.63956
0.63948
0.63941
0.63933
0.63926
0.63918
0.63911
0.63903
0.63896
0.63888
0.63881
0.63873
0.63866
0.63858
0.63851
0.63843
0.63836
0.63828
0.63821
0.63813
0.63806
0.63798
0.63791
0.63783
0.63776
0.63768
0.63761
0.63753
0.63746
0.63738
0.63731
0.63723
0.63716
0.63708
0.63701
0.63693
0.63686
0.63678
0.63671
0.63663
0.63656
0.63648
0.63641
0.63633
0.63626
0.63618
0.63611
0.63603
0.63596
0.63588
0.63581
0.63573
0.63566
0.63558
0.63551
0.63543
0.63536
0.63528
0.63521
0.63513
0.63506
0.63498
0.63491
0.63483
0.63476
0.63468
0.63461
0.63453
0.63446
0.63438
0.63431
0.63423
0.63416
0.63408
0.63401
0.63393
0.63386
0.63378
0.63371
0.63363
0.63356
0.63348
0.63341
0.63333
0.63326
0.63318
0.63311
0.63303
0.63296
0.63288
0.63281
0.63273
0.63266
0.63258
0.63251
0.63243
0.63236
0.63228
0.63221
0.63213
0.63206
0.63198
0.63191
0.63183
0.63176
0.63168
0.63161
0.63153
0.63146
0.63138
0.63131
0.63123
0.63116
0.63108
0.63101
0.63093
0.63086
0.63078
0.63071
0.63063
0.63056
0.63048
0.63041
0.63033
0.63026
0.63018
0.63011
0.63003
0.62996
0.62988
0.62981
0.62973
0.62966
0.62958
0.62951
0.62943
0.62936
0.62928
0.62921
0.62913
0.62906
0.62898
0.62891
0.62883
0.62876
0.62868
0.62861
0.62853
0.62846
0.62838
0.62831
0.62823
0.62816
0.62808
0.62801
0.62793
0.62786
0.62778
0.62771
0.62763
0.62756
0.62748
0.62741
0.62733
0.62726
0.62718
0.62711
0.62703
0.62696
0.62688
0.62681
0.62673
0.62666
0.62658
0.62651
0.62643
0.62636
0.62628
0.62621
0.62613
0.62606
0.62598
0.62591
0.62583
0.62576
0.62568
0.62561
0.62553
0.62546
0.62538
0.62531
0.62523
0.62516
0.62508
0.62501
0.62493
0.62486
0.62478
0.62471
0.62463
0.62456
0.62448
0.62441
0.62433
0.62426
0.62418
0.62411
0.62403
0.62396
0.62388
0.62381
0.62373
0.62366
0.62358
0.62351
0.62343
0.62336
0.62328
0.62321
0.62313
0.62306
0.62298
0.62291
0.62283
0.62276
0.62268
0.62261
0.62253
0.62246
0.62238
0.62231
0.62223
0.62216
0.62208
0.62201
0.62193
0.62186
0.62178
0.62171
0.62163
0.62156
0.62148
0.62141
0.62133
0.62126
0.62118
0.62111
0.62103
0.62096
0.62088
0.62081
0.62073
0.62066
0.62058
0.62051
0.62043
0.62036
0.62028
0.62021
0.62013
0.62006
0.61998
0.61991
0.61983
0.61976
0.61968
0.61961
0.61953
0.61946
0.61938
0.61931
0.61923
0.61916
0.61908
0.61901
0.61893
0.61886
0.61878
0.61871
0.61863
0.61856
0.61848
0.61841
0.61833
0.61826
0.61818
0.61811
0.61803
0.61796
0.61788
0.61781
0.61773
0.61766
0.61758
0.61751
0.61743
0.61736
0.61728
0.61721
0.61713
0.61706
0.61698
0.61691
0.61683
0.61676
0.61668
0.61661
0.61653
0.61646
0.61638
0.61631
0.61623
0.61616
0.61608
0.61601
0.61593
0.61586
0.61578
0.61571
0.61563
0.61556
0.61548
0.61541
0.61533
0.61526
0.61518
0.61511
0.61503
0.61496
0.61488
0.61481
0.61473
0.61466
0.61458
0.61451
0.61443
0.61436
0.61428
0.61421
0.61413
0.61406
0.61398
0.61391
0.61383
0.61376
0.61368
0.61361
0.61353
0.61346
0.61338
0.61331
0.61323
0.61316
0.61308
0.61301
0.61293
0.61286
0.61278
0.61271
0.61263
0.61256
0.61248
0.61241
0.61233
0.61226
0.61218
0.61211
0.61203
0.61196
0.61188
0.61181
0.61173
0.61166
0.61159
0.61151
0.61144
0.61136
0.61129
0.61121
0.61114
0.61106
0.61099
0.61091
0.61084
0.61076
0.61069
0.61061
0.61054
0.61046
0.61039
0.61031
0.61024
0.61016
0.61009
0.61001
0.60994
0.60986
0.60979
0.60971
0.60964
0.60956
0.60949
0.60941
0.60934
0.60926
0.60919
0.60911
0.60904
0.60896
0.60889
0.60881
0.60874
0.60866
0.60859
0.60851
0.60844
0.60836
0.60829
0.60821
0.60814
0.60806
0.60799
0.60791
0.60784
0.60776
0.60769
0.60761
0.60754
0.60746
0.60739
0.60731
0.60724
0.60716
0.60709
0.60701
0.60694
0.60686
0.60679
0.60671
0.60664
0.60656
0.60649
0.60641
0.60634
0.60626
0.60619
0.60611
0.60604
0.60596
0.60589
0.60581
0.60574
0.60566
0.60559
0.60551
0.60544
0.60536
0.60529
0.60521
0.60514
0.60506
0.60499
0.60491
0.60484
0.60476
0.60469
0.60461
0.60454
0.60446
0.60439
0.60431
0.60424
0.60416
0.60409
0.60401
0.60394
0.60386
0.60379
0.60371
0.60364
0.60356
0.60349
0.60341
0.60334
0.60326
0.60319
0.60311
0.60304
0.60296
0.60289
0.60281
0.60274
0.60266
0.60259
0.60251
0.60244
0.60236
0.60229
0.60221
0.60214
0.60206
0.60199
0.60191
0.60184
0.60176
0.60169
0.60161
0.60154
0.60146
0.60139
0.60131
0.60124
0.60116
0.60109
0.60101
0.60094
0.60086
0.60079
0.60071
0.60064
0.60056
0.60049
0.60041
0.60034
0.60026
0.60019
0.60011
0.60004
0.59996
0.59989
0.59981
0.59974
0.59966
0.59959
0.59951
0.59944
0.59936
0.59929
0.59921
0.59914
0.59906
0.59899
0.59891
0.59884
0.59876
0.59869
0.59861
0.59854
0.59846
0.59839
0.59831
0.59824
0.59816
0.59809
0.59801
0.59794
0.59786
0.59779
0.59771
0.59764
0.59756
0.59749
0.59741
0.59734
0.59726
0.59719
0.59711
0.59704
0.59696
0.59689
0.59681
0.59674
0.59666
0.59659
0.59651
0.59644
0.59636
0.59629
0.59621
0.59614
0.59606
0.59599
0.59591
0.59584
0.59576
0.59569
0.59561
0.59554
0.59546
0.59539
0.59531
0.59524
0.59516
0.59509
0.59501
0.59494
0.59486
0.59479
0.59471
0.59464
0.59456
0.59449
0.59441
0.59434
0.59426
0.59419
0.59411
0.59404
0.59396
0.59389
0.59381
0.59374
0.59366
0.59359
0.59351
0.59344
0.59336
0.59329
0.59321
0.59314
0.59306
0.59299
0.59291
0.59284
0.59276
0.59269
0.59261
0.59254
0.59246
0.59239
0.59231
0.59224
0.59216
0.59209
0.59201
0.59194
0.59186
0.59179
0.59171
0.59164
0.59156
0.59149
0.59141
0.59134
0.59126
0.59119
0.59111
0.59104
0.59096
0.59089
0.59081
0.59074
0.59066
0.59059
0.59051
0.59044
0.59036
0.59029
0.59021
0.59014
0.59006
0.58999
0.58991
0.58984
0.58976
0.58969
0.58961
0.58954
0.58946
0.58939
0.58931
0.58924
0.58916
0.58909
0.58901
0.58894
0.58886
0.58879
0.58871
0.58864
0.58856
0.58849
0.58841
0.58834
0.58826
0.58819
0.58811
0.58804
0.58796
0.58789
0.58781
0.58774
0.58766
0.58759
0.58751
0.58744
0.58736
0.58729
0.58721
0.58714
0.58706
0.58699
0.58691
0.58684
0.58676
0.58669
0.58661
0.58654
0.58646
0.58639
0.58631
0.58624
0.58616
0.58609
0.58601
0.58594
0.58586
0.58579
0.58571
0.58564
0.58556
0.58549
0.58541
0.58534
0.58526
0.58519
0.58511
0.58504
0.58496
0.58489
0.58481
0.58474
0.58466
0.58459
0.58451
0.58444
0.58436
0.58429
0.58421
0.58414
0.58406
0.58399
0.58391
0.58384
0.58376
0.58369
0.58361
0.58354
0.58346
0.58339
0.58331
0.58324
0.58316
0.58309
0.58302
0.58294
0.58287
0.58279
0.58272
0.58264
0.58257
0.58249
0.58242
0.58234
0.58227
0.58219
0.58212
0.58204
0.58197
0.58189
0.58182
0.58174
0.58167
0.58159
0.58152
0.58144
0.58137
0.58129
0.58122
0.58114
0.58107
0.58099
0.58092
0.58084
0.58077
0.58069
0.58062
0.58054
0.58047
0.58039
0.58032
0.58024
0.58017
0.58009
0.58002
0.57994
0.57987
0.57979
0.57972
0.57964
0.57957
0.57949
0.57942
0.57934
0.57927
0.57919
0.57912
0.57904
0.57897
0.57889
0.57882
0.57874
0.57867
0.57859
0.57852
0.57844
0.57837
0.57829
0.57822
0.57814
0.57807
0.57799
0.57792
0.57784
0.57777
0.57769
0.57762
0.57754
0.57747
0.57739
0.57732
0.57724
0.57717
0.57709
0.57702
0.57694
0.57687
0.57679
0.57672
0.57664
0.57657
0.57649
0.57642
0.57634
0.57627
0.57619
0.57612
0.57604
0.57597
0.57589
0.57582
0.57574
0.57567
0.57559
0.57552
0.57544
0.57537
0.57529
0.57522
0.57514
0.57507
0.57499
0.57492
0.57484
0.57477
0.57469
0.57462
0.57454
0.57447
0.57439
0.57432
0.57424
0.57417
0.57409
0.57402
0.57394
0.57387
0.57379
0.57372
0.57364
0.57357
0.57349
0.57342
0.57334
0.57327
0.57319
0.57312
0.57304
0.57297
0.57289
0.57282
0.57274
0.57267
0.57259
0.57252
0.57244
0.57237
0.57229
0.57222
0.57214
0.57207
0.57199
0.57192
0.57184
0.57177
0.57169
0.57162
0.57154
0.57147
0.57139
0.57132
0.57124
0.57117
0.57109
0.57102
0.57094
0.57087
0.57079
0.57072
0.57064
0.57057
0.57049
0.57042
0.57034
0.57027
0.57019
0.57012
0.57004
0.56997
0.56989
0.56982
0.56974
0.56967
0.56959
0.56952
0.56944
0.56937
0.56929
0.56922
0.56914
0.56907
0.56899
0.56892
0.56884
0.56877
0.56869
0.56862
0.56854
0.56847
0.56839
0.56832
0.56824
0.56817
0.56809
0.56802
0.56794
0.56787
0.56779
0.56772
0.56764
0.56757
0.56749
0.56742
0.56734
0.56727
0.56719
0.56712
0.56704
0.56697
0.56689
0.56682
0.56674
0.56667
0.56659
0.56652
0.56644
0.56637
0.56629
0.56622
0.56614
0.56607
0.56599
0.56592
0.56584
0.56577
0.56569
0.56562
0.56554
0.56547
0.56539
0.56532
0.56524
0.56517
0.56509
0.56502
0.56494
0.56487
0.56479
0.56472
0.56464
0.56457
0.56449
0.56442
0.56434
0.56427
0.56419
0.56412
0.56404
0.56397
0.56389
0.56382
0.56374
0.56367
0.56359
0.56352
0.56344
0.56337
0.56329
0.56322
0.56314
0.56307
0.56299
0.56292
0.56284
0.56277
0.56269
0.56262
0.56254
0.56247
0.56239
0.56232
0.56224
0.56217
0.56209
0.56202
0.56194
0.56187
0.56179
0.56172
0.56164
0.56157
0.56149
0.56142
0.56134
0.56127
0.56119
0.56112
0.56104
0.56097
0.56089
0.56082
0.56074
0.56067
0.56059
0.56052
0.56044
0.56037
0.56029
0.56022
0.56014
0.56007
0.55999
0.55992
0.55984
0.55977
0.55969
0.55962
0.55954
0.55947
0.55939
0.55932
0.55924
0.55917
0.55909
0.55902
0.55894
0.55887
0.55879
0.55872
0.55864
0.55857
0.55849
0.55842
0.55834
0.55827
0.55819
0.55812
0.55805
0.55797
0.55790
0.55782
0.55775
0.55767
0.55760
0.55752
0.55745
0.55737
0.55730
0.55722
0.55715
0.55707
0.55700
0.55692
0.55685
0.55677
0.55670
0.55662
0.55655
0.55647
0.55640
0.55632
0.55625
0.55617
0.55610
0.55602
0.55595
0.55587
0.55580
0.55572
0.55565
0.55557
0.55550
0.55542
0.55535
0.55527
0.55520
0.55512
0.55505
0.55497
0.55490
0.55482
0.55475
0.55467
0.55460
0.55452
0.55445
0.55437
0.55430
0.55422
0.55415
0.55407
0.55400
0.55392
0.55385
0.55377
0.55370
0.55362
0.55355
0.55347
0.55340
0.55332
0.55325
0.55317
0.55310
0.55302
0.55295
0.55287
0.55280
0.55272
0.55265
0.55257
0.55250
0.55242
0.55235
0.55227
0.55220
0.55212
0.55205
0.55197
0.55190
0.55182
0.55175
0.55167
0.55160
0.55152
0.55145
0.55137
0.55130
0.55122
0.55115
0.55107
0.55100
0.55092
0.55085
0.55077
0.55070
0.55062
0.55055
0.55047
0.55040
0.55032
0.55025
0.55017
0.55010
0.55002
0.54995
0.54987
0.54980
0.54972
0.54965
0.54957
0.54950
0.54942
0.54935
0.54927
0.54920
0.54912
0.54905
0.54897
0.54890
0.54882
0.54875
0.54867
0.54860
0.54852
0.54845
0.54837
0.54830
0.54822
0.54815
0.54807
0.54800
0.54792
0.54785
0.54777
0.54770
0.54762
0.54755
0.54747
0.54740
0.54732
0.54725
0.54717
0.54710
0.54702
0.54695
0.54687
0.54680
0.54672
0.54665
0.54657
0.54650
0.54642
0.54635
0.54627
0.54620
0.54612
0.54605
0.54597
0.54590
0.54582
0.54575
0.54567
0.54560
0.54552
0.54545
0.54537
0.54530
0.54522
0.54515
0.54507
0.54500
0.54492
0.54485
0.54477
0.54470
0.54462
0.54455
0.54447
0.54440
0.54432
0.54425
0.54417
0.54410
0.54402
0.54395
0.54387
0.54380
0.54372
0.54365
0.54357
0.54350
0.54342
0.54335
0.54327
0.54320
0.54312
0.54305
0.54297
0.54290
0.54282
0.54275
0.54267
0.54260
0.54252
0.54245
0.54237
0.54230
0.54222
0.54215
0.54207
0.54200
0.54192
0.54185
0.54177
0.54170
0.54162
0.54155
0.54147
0.54140
0.54132
0.54125
0.54117
0.54110
0.54102
0.54095
0.54087
0.54080
0.54072
0.54065
0.54057
0.54050
0.54042
0.54035
0.54027
0.54020
0.54012
0.54005
0.53997
0.53990
0.53982
0.53975
0.53967
0.53960
0.53952
0.53945
0.53937
0.53930
0.53922
0.53915
0.53907
0.53900
0.53892
0.53885
0.53877
0.53870
0.53862
0.53855
0.53847
0.53840
0.53832
0.53825
0.53817
0.53810
0.53802
0.53795
0.53787
0.53780
0.53772
0.53765
0.53757
0.53750
0.53742
0.53735
0.53727
0.53720
0.53712
0.53705
0.53697
0.53690
0.53682
0.53675
0.53667
0.53660
0.53652
0.53645
0.53637
0.53630
0.53622
0.53615
0.53607
0.53600
0.53592
0.53585
0.53577
0.53570
0.53563
0.53555
0.53548
0.53540
0.53533
0.53525
0.53518
0.53510
0.53503
0.53495
0.53488
0.53480
0.53473
0.53465
0.53458
0.53450
0.53443
0.53435
0.53428
0.53420
0.53413
0.53405
0.53398
0.53390
0.53383
0.53375
0.53368
0.53360
0.53353
0.53345
0.53338
0.53330
0.53323
0.53315
0.53308
0.53300
0.53293
0.53285
0.53278
0.53270
0.53263
0.53255
0.53248
0.53240
0.53233
0.53225
0.53218
0.53210
0.53203
0.53195
0.53188
0.53180
0.53173
0.53165
0.53158
0.53150
0.53143
0.53135
0.53128
0.53120
0.53113
0.53105
0.53098
0.53090
0.53083
0.53075
0.53068
0.53060
0.53053
0.53045
0.53038
0.53030
0.53023
0.53015
0.53008
0.53000
0.52993
0.52985
0.52978
0.52970
0.52963
0.52955
0.52948
0.52940
0.52933
0.52925
0.52918
0.52910
0.52903
0.52895
0.52888
0.52880
0.52873
0.52865
0.52858
0.52850
0.52843
0.52835
0.52828
0.52820
0.52813
0.52805
0.52798
0.52790
0.52783
0.52775
0.52768
0.52760
0.52753
0.52745
0.52738
0.52730
0.52723
0.52715
0.52708
0.52700
0.52693
0.52685
0.52678
0.52670
0.52663
0.52655
0.52648
0.52640
0.52633
0.52625
0.52618
0.52610
0.52603
0.52595
0.52588
0.52580
0.52573
0.52565
0.52558
0.52550
0.52543
0.52535
0.52528
0.52520
0.52513
0.52505
0.52498
0.52490
0.52483
0.52475
0.52468
0.52460
0.52453
0.52445
0.52438
0.52430
0.52423
0.52415
0.52408
0.52400
0.52393
0.52385
0.52378
0.52370
0.52363
0.52355
0.52348
0.52340
0.52333
0.52325
0.52318
0.52310
0.52303
0.52295
0.52288
0.52280
0.52273
0.52265
0.52258
0.52250
0.52243
0.52235
0.52228
0.52220
0.52213
0.52205
0.52198
0.52190
0.52183
0.52175
0.52168
0.52160
0.52153
0.52145
0.52138
0.52130
0.52123
0.52115
0.52108
0.52100
0.52093
0.52085
0.52078
0.52070
0.52063
0.52055
0.52048
0.52040
0.52033
0.52025
0.52018
0.52010
0.52003
0.51995
0.51988
0.51980
0.51973
0.51965
0.51958
0.51950
0.51943
0.51935
0.51928
0.51920
0.51913
0.51905
0.51898
0.51890
0.51883
0.51875
0.51868
0.51860
0.51853
0.51845
0.51838
0.51830
0.51823
0.51815
0.51808
0.51800
0.51793
0.51785
0.51778
0.51770
0.51763
0.51755
0.51748
0.51740
0.51733
0.51725
0.51718
0.51710
0.51703
0.51695
0.51688
0.51680
0.51673
0.51665
0.51658
0.51650
0.51643
0.51635
0.51628
0.51620
0.51613
0.51605
0.51598
0.51590
0.51583
0.51575
0.51568
0.51560
0.51553
0.51545
0.51538
0.51530
0.51523
0.51516
0.51508
0.51501
0.51493
0.51486
0.51478
0.51471
0.51463
0.51456
0.51448
0.51441
0.51433
0.51426
0.51418
0.51411
0.51403
0.51396
0.51388
0.51381
0.51373
0.51366
0.51358
0.51351
0.51343
0.51336
0.51328
0.51321
0.51313
0.51306
0.51298
0.51291
0.51283
0.51276
0.51268
0.51261
0.51253
0.51246
0.51238
0.51231
0.51223
0.51216
0.51208
0.51201
0.51193
0.51186
0.51178
0.51171
0.51163
0.51156
0.51148
0.51141
0.51133
0.51126
0.51118
0.51111
0.51103
0.51096
0.51088
0.51081
0.51073
0.51066
0.51058
0.51051
0.51043
0.51036
0.51028
0.51021
0.51013
0.51006
0.50998
0.50991
0.50983
0.50976
0.50968
0.50961
0.50953
0.50946
0.50938
0.50931
0.50923
0.50916
0.50908
0.50901
0.50893
0.50886
0.50878
0.50871
0.50863
0.50856
0.50848
0.50841
0.50833
0.50826
0.50818
0.50811
0.50803
0.50796
0.50788
0.50781
0.50773
0.50766
0.50758
0.50751
0.50743
0.50736
0.50728
0.50721
0.50713
0.50706
0.50698
0.50691
0.50683
0.50676
0.50668
0.50661
0.50653
0.50646
0.50638
0.50631
0.50623
0.50616
0.50608
0.50601
0.50593
0.50586
0.50578
0.50571
0.50563
0.50556
0.50548
0.50541
0.50533
0.50526
0.50518
0.50511
0.50503
0.50496
0.50488
0.50481
0.50473
0.50466
0.50458
0.50451
0.50443
0.50436
0.50428
0.50421
0.50413
0.50406
0.50398
0.50391
0.50383
0.50376
0.50368
0.50361
0.50353
0.50346
0.50338
0.50331
0.50323
0.50316
0.50308
0.50301
0.50293
0.50286
0.50278
0.50271
0.50263
0.50256
0.50248
0.50241
0.50233
0.50226
0.50218
0.50211
0.50203
0.50196
0.50188
0.50181
0.50173
0.50166
0.50158
0.50151
0.50143
0.50136
0.50128
0.50121
0.50113
0.50106
0.50098
0.50091
0.50083
0.50076
0.50068
0.50061
0.50053
0.50046
0.50038
0.50031
0.50023
0.50016
0.50008
0.50001
0.49993
0.49986
0.49978
0.49971
0.49963
0.49956
0.49948
0.49941
0.49933
0.49926
0.49918
0.49911
0.49903
0.49896
0.49888
0.49881
0.49873
0.49866
0.49858
0.49851
0.49843
0.49836
0.49828
0.49821
0.49813
0.49806
0.49798
0.49791
0.49783
0.49776
0.49768
0.49761
0.49753
0.49746
0.49738
0.49731
0.49723
0.49716
0.49708
0.49701
0.49693
0.49686
0.49678
0.49671
0.49663
0.49656
0.49648
0.49641
0.49633
0.49626
0.49619
0.49611
0.49604
0.49596
0.49589
0.49581
0.49574
0.49566
0.49559
0.49551
0.49544
0.49536
0.49529
0.49521
0.49514
0.49506
0.49499
0.49491
0.49484
0.49476
0.49469
0.49461
0.49454
0.49446
0.49439
0.49431
0.49424
0.49416
0.49409
0.49401
0.49394
0.49386
0.49379
0.49371
0.49364
0.49356
0.49349
0.49341
0.49334
0.49326
0.49319
0.49311
0.49304
0.49296
0.49289
0.49281
0.49274
0.49266
0.49259
0.49251
0.49244
0.49236
0.49229
0.49221
0.49214
0.49206
0.49199
0.49191
0.49184
0.49176
0.49169
0.49161
0.49154
0.49146
0.49139
0.49131
0.49124
0.49116
0.49109
0.49101
0.49094
0.49086
0.49079
0.49071
0.49064
0.49056
0.49049
0.49041
0.49034
0.49026
0.49019
0.49011
0.49004
0.48996
0.48989
0.48981
0.48974
0.48966
0.48959
0.48951
0.48944
0.48936
0.48929
0.48921
0.48914
0.48906
0.48899
0.48891
0.48884
0.48876
0.48869
0.48861
0.48854
0.48846
0.48839
0.48831
0.48824
0.48816
0.48809
0.48801
0.48794
0.48786
0.48779
0.48771
0.48764
0.48756
0.48749
0.48741
0.48734
0.48726
0.48719
0.48711
0.48704
0.48696
0.48689
0.48681
0.48674
0.48666
0.48659
0.48651
0.48644
0.48636
0.48629
0.48621
0.48614
0.48606
0.48599
0.48591
0.48584
0.48576
0.48569
0.48561
0.48554
0.48546
0.48539
0.48531
0.48524
0.48516
0.48509
0.48501
0.48494
0.48486
0.48479
0.48471
0.48464
0.48456
0.48449
0.48441
0.48434
0.48426
0.48419
0.48411
0.48404
0.48396
0.48389
0.48381
0.48374
0.48366
0.48359
0.48351
0.48344
0.48336
0.48329
0.48321
0.48314
0.48306
0.48299
0.48291
0.48284
0.48276
0.48269
0.48261
0.48254
0.48246
0.48239
0.48231
0.48224
0.48216
0.48209
0.48201
0.48194
0.48186
0.48179
0.48171
0.48164
0.48156
0.48149
0.48141
0.48134
0.48126
0.48119
0.48111
0.48104
0.48096
0.48089
0.48081
0.48074
0.48066
0.48059
0.48051
0.48044
0.48036
0.48029
0.48021
0.48014
0.48006
0.47999
0.47991
0.47984
0.47976
0.47969
0.47961
0.47954
0.47946
0.47939
0.47931
0.47924
0.47916
0.47909
0.47901
0.47894
0.47886
0.47879
0.47872
0.47864
0.47857
0.47849
0.47842
0.47834
0.47827
0.47819
0.47812
0.47804
0.47797
0.47789
0.47782
0.47774
0.47767
0.47759
0.47752
0.47744
0.47737
0.47729
0.47722
0.47714
0.47707
0.47699
0.47692
0.47684
0.47677
0.47669
0.47662
0.47654
0.47647
0.47639
0.47632
0.47624
0.47617
0.47609
0.47602
0.47594
0.47587
0.47579
0.47572
0.47564
0.47557
0.47549
0.47542
0.47534
0.47527
0.47519
0.47512
0.47504
0.47497
0.47489
0.47482
0.47474
0.47467
0.47459
0.47452
0.47444
0.47437
0.47429
0.47422
0.47414
0.47407
0.47399
0.47392
0.47384
0.47377
0.47369
0.47362
0.47354
0.47347
0.47339
0.47332
0.47324
0.47317
0.47309
0.47302
0.47294
0.47287
0.47279
0.47272
0.47264
0.47257
0.47249
0.47242
0.47234
0.47227
0.47219
0.47212
0.47204
0.47197
0.47189
0.47182
0.47174
0.47167
0.47159
0.47152
0.47144
0.47137
0.47129
0.47122
0.47114
0.47107
0.47099
0.47092
0.47084
0.47077
0.47069
0.47062
0.47054
0.47047
0.47039
0.47032
0.47024
0.47017
0.47009
0.47002
0.46994
0.46987
0.46979
0.46972
0.46964
0.46957
0.46949
0.46942
0.46934
0.46927
0.46919
0.46912
0.46904
0.46897
0.46889
0.46882
0.46874
0.46867
0.46859
0.46852
0.46844
0.46837
0.46829
0.46822
0.46814
0.46807
0.46799
0.46792
0.46784
0.46777
0.46769
0.46762
0.46754
0.46747
0.46739
0.46732
0.46724
0.46717
0.46709
0.46702
0.46694
0.46687
0.46679
0.46672
0.46664
0.46657
0.46649
0.46642
0.46634
0.46627
0.46619
0.46612
0.46604
0.46597
0.46589
0.46582
0.46574
0.46567
0.46559
0.46552
0.46544
0.46537
0.46529
0.46522
0.46514
0.46507
0.46499
0.46492
0.46484
0.46477
0.46469
0.46462
0.46454
0.46447
0.46439
0.46432
0.46424
0.46417
0.46409
0.46402
0.46394
0.46387
0.46379
0.46372
0.46364
0.46357
0.46349
0.46342
0.46334
0.46327
0.46319
0.46312
0.46304
0.46297
0.46289
0.46282
0.46274
0.46267
0.46259
0.46252
0.46244
0.46237
0.46230
0.46222
0.46215
0.46207
0.46200
0.46192
0.46185
0.46177
0.46170
0.46162
0.46155
0.46147
0.46140
0.46132
0.46125
0.46117
0.46110
0.46102
0.46095
0.46087
0.46080
0.46072
0.46065
0.46057
0.46050
0.46042
0.46035
0.46027
0.46020
0.46012
0.46005
0.45997
0.45990
0.45982
0.45975
0.45967
0.45960
0.45952
0.45945
0.45937
0.45930
0.45922
0.45915
0.45907
0.45900
0.45892
0.45885
0.45877
0.45870
0.45862
0.45855
0.45847
0.45840
0.45832
0.45825
0.45817
0.45810
0.45802
0.45795
0.45787
0.45780
0.45772
0.45765
0.45757
0.45750
0.45742
0.45735
0.45727
0.45720
0.45712
0.45705
0.45697
0.45690
0.45682
0.45675
0.45667
0.45660
0.45652
0.45645
0.45637
0.45630
0.45622
0.45615
0.45607
0.45600
0.45592
0.45585
0.45577
0.45570
0.45562
0.45555
0.45547
0.45540
0.45532
0.45525
0.45517
0.45510
0.45502
0.45495
0.45487
0.45480
0.45472
0.45465
0.45457
0.45450
0.45442
0.45435
0.45427
0.45420
0.45412
0.45405
0.45397
0.45390
0.45382
0.45375
0.45367
0.45360
0.45352
0.45345
0.45337
0.45330
0.45322
0.45315
0.45307
0.45300
0.45292
0.45285
0.45277
0.45270
0.45262
0.45255
0.45247
0.45240
0.45232
0.45225
0.45217
0.45210
0.45202
0.45195
0.45187
0.45180
0.45172
0.45165
0.45157
0.45150
0.45142
0.45135
0.45127
0.45120
0.45112
0.45105
0.45097
0.45090
0.45082
0.45075
0.45067
0.45060
0.45052
0.45045
0.45037
0.45030
0.45022
0.45015
0.45007
0.45000
0.44992
0.44985
0.44977
0.44970
0.44962
0.44955
0.44947
0.44940
0.44932
0.44925
0.44917
0.44910
0.44902
0.44895
0.44887
0.44880
0.44872
0.44865
0.44857
0.44850
0.44842
0.44835
0.44827
0.44820
0.44812
0.44805
0.44797
0.44790
0.44782
0.44775
0.44767
0.44760
0.44752
0.44745
0.44737
0.44730
0.44722
0.44715
0.44707
0.44700
0.44692
0.44685
0.44678
0.44670
0.44663
0.44655
0.44648
0.44640
0.44633
0.44625
0.44618
0.44610
0.44603
0.44595
0.44588
0.44580
0.44573
0.44565
0.44558
0.44550
0.44543
0.44535
0.44528
0.44520
0.44513
0.44505
0.44498
0.44490
0.44483
0.44475
0.44468
0.44460
0.44453
0.44445
0.44438
0.44430
0.44423
0.44415
0.44408
0.44400
0.44393
0.44385
0.44378
0.44370
0.44363
0.44355
0.44348
0.44340
0.44333
0.44325
0.44318
0.44310
0.44303
0.44295
0.44288
0.44280
0.44273
0.44265
0.44258
0.44250
0.44243
0.44235
0.44228
0.44220
0.44213
0.44205
0.44198
0.44190
0.44183
0.44175
0.44168
0.44160
0.44153
0.44145
0.44138
0.44130
0.44123
0.44115
0.44108
0.44100
0.44093
0.44085
0.44078
0.44070
0.44063
0.44055
0.44048
0.44040
0.44033
0.44025
0.44018
0.44010
0.44003
0.43995
0.43988
0.43980
0.43973
0.43965
0.43958
0.43950
0.43943
0.43935
0.43928
0.43920
0.43913
0.43905
0.43898
0.43890
0.43883
0.43875
0.43868
0.43860
0.43853
0.43845
0.43838
0.43830
0.43823
0.43815
0.43808
0.43800
0.43793
0.43785
0.43778
0.43770
0.43763
0.43755
0.43748
0.43740
0.43733
0.43725
0.43718
0.43710
0.43703
0.43695
0.43688
0.43680
0.43673
0.43665
0.43658
0.43650
0.43643
0.43635
0.43628
0.43620
0.43613
0.43605
0.43598
0.43590
0.43583
0.43575
0.43568
0.43560
0.43553
0.43545
0.43538
0.43530
0.43523
0.43515
0.43508
0.43500
0.43493
0.43485
0.43478
0.43470
0.43463
0.43455
0.43448
0.43440
0.43433
0.43425
0.43418
0.43410
0.43403
0.43395
0.43388
0.43380
0.43373
0.43365
0.43358
0.43350
0.43343
0.43335
0.43328
0.43320
0.43313
0.43305
0.43298
0.43290
0.43283
0.43275
0.43268
0.43260
0.43253
0.43245
0.43238
0.43230
0.43223
0.43216
0.43208
0.43201
0.43193
0.43186
0.43178
0.43171
0.43163
0.43156
0.43148
0.43141
0.43133
0.43126
0.43118
0.43111
0.43103
0.43096
0.43088
0.43081
0.43073
0.43066
0.43058
0.43051
0.43043
0.43036
0.43028
0.43021
0.43013
0.43006
0.42998
0.42991
0.42983
0.42976
0.42968
0.42961
0.42953
0.42946
0.42938
0.42931
0.42923
0.42916
0.42908
0.42901
0.42893
0.42886
0.42878
0.42871
0.42863
0.42856
0.42848
0.42841
0.42833
0.42826
0.42818
0.42811
0.42803
0.42796
0.42788
0.42781
0.42773
0.42766
0.42758
0.42751
0.42743
0.42736
0.42728
0.42721
0.42713
0.42706
0.42698
0.42691
0.42683
0.42676
0.42668
0.42661
0.42653
0.42646
0.42638
0.42631
0.42623
0.42616
0.42608
0.42601
0.42593
0.42586
0.42578
0.42571
0.42563
0.42556
0.42548
0.42541
0.42533
0.42526
0.42518
0.42511
0.42503
0.42496
0.42488
0.42481
0.42473
0.42466
0.42458
0.42451
0.42443
0.42436
0.42428
0.42421
0.42413
0.42406
0.42398
0.42391
0.42383
0.42376
0.42368
0.42361
0.42353
0.42346
0.42338
0.42331
0.42323
0.42316
0.42308
0.42301
0.42293
0.42286
0.42278
0.42271
0.42263
0.42256
0.42248
0.42241
0.42233
0.42226
0.42218
0.42211
0.42203
0.42196
0.42188
0.42181
0.42173
0.42166
0.42158
0.42151
0.42143
0.42136
0.42128
0.42121
0.42113
0.42106
0.42098
0.42091
0.42083
0.42076
0.42068
0.42061
0.42053
0.42046
0.42038
0.42031
0.42023
0.42016
0.42008
0.42001
0.41993
0.41986
0.41978
0.41971
0.41963
0.41956
0.41948
0.41941
0.41933
0.41926
0.41918
0.41911
0.41903
0.41896
0.41888
0.41881
0.41873
0.41866
0.41858
0.41851
0.41843
0.41836
0.41829
0.41821
0.41814
0.41806
0.41799
0.41791
0.41784
0.41776
0.41769
0.41761
0.41754
0.41746
0.41739
0.41731
0.41724
0.41716
0.41709
0.41701
0.41694
0.41686
0.41679
0.41671
0.41664
0.41656
0.41649
0.41641
0.41634
0.41626
0.41619
0.41611
0.41604
0.41596
0.41589
0.41581
0.41574
0.41566
0.41559
0.41551
0.41544
0.41536
0.41529
0.41521
0.41514
0.41506
0.41499
0.41491
0.41484
0.41476
0.41469
0.41461
0.41454
0.41446
0.41439
0.41431
0.41424
0.41416
0.41409
0.41401
0.41394
0.41386
0.41379
0.41371
0.41364
0.41356
0.41349
0.41341
0.41334
0.41326
0.41319
0.41311
0.41304
0.41296
0.41289
0.41281
0.41274
0.41266
0.41259
0.41251
0.41244
0.41236
0.41229
0.41221
0.41214
0.41206
0.41199
0.41191
0.41184
0.41176
0.41169
0.41161
0.41154
0.41146
0.41139
0.41131
0.41124
0.41116
0.41109
0.41101
0.41094
0.41086
0.41079
0.41071
0.41064
0.41056
0.41049
0.41041
0.41034
0.41026
0.41019
0.41011
0.41004
0.40996
0.40989
0.40981
0.40974
0.40966
0.40959
0.40951
0.40944
0.40936
0.40929
0.40921
0.40914
0.40906
0.40899
0.40891
0.40884
0.40876
0.40869
0.40861
0.40854
0.40846
0.40839
0.40831
0.40824
0.40816
0.40809
0.40801
0.40794
0.40786
0.40779
0.40771
0.40764
0.40756
0.40749
0.40741
0.40734
0.40726
0.40719
0.40711
0.40704
0.40696
0.40689
0.40681
0.40674
0.40666
0.40659
0.40651
0.40644
0.40636
0.40629
0.40621
0.40614
0.40606
0.40599
0.40591
0.40584
0.40576
0.40569
0.40561
0.40554
0.40546
0.40539
0.40531
0.40524
0.40516
0.40509
0.40502
0.40494
0.40487
0.40479
0.40472
0.40464
0.40457
0.40449
0.40442
0.40434
0.40427
0.40419
0.40412
0.40404
0.40397
0.40389
0.40382
0.40374
0.40367
0.40359
0.40352
0.40344
0.40337
0.40329
0.40322
0.40314
0.40307
0.40299
0.40292
0.40284
0.40277
0.40269
0.40262
0.40254
0.40247
0.40239
0.40232
0.40224
0.40217
0.40209
0.40202
0.40194
0.40187
0.40179
0.40172
0.40164
0.40157
0.40149
0.40142
0.40134
0.40127
0.40119
0.40112
0.40104
0.40097
0.40089
0.40082
0.40074
0.40067
0.40059
0.40052
0.40044
0.40037
0.40029
0.40022
0.40014
0.40007
0.39999
0.39992
0.39984
0.39977
0.39969
0.39962
0.39954
0.39947
0.39939
0.39932
0.39924
0.39917
0.39909
0.39902
0.39894
0.39887
0.39879
0.39872
0.39864
0.39857
0.39849
0.39842
0.39834
0.39827
0.39819
0.39812
0.39804
0.39797
0.39789
0.39782
0.39774
0.39767
0.39759
0.39752
0.39744
0.39737
0.39729
0.39722
0.39714
0.39707
0.39699
0.39692
0.39684
0.39677
0.39669
0.39662
0.39654
0.39647
0.39639
0.39632
0.39624
0.39617
0.39609
0.39602
0.39594
0.39587
0.39579
0.39572
0.39564
0.39557
0.39549
0.39542
0.39534
0.39527
0.39519
0.39512
0.39504
0.39497
0.39489
0.39482
0.39474
0.39467
0.39459
0.39452
0.39444
0.39437
0.39429
0.39422
0.39414
0.39407
0.39399
0.39392
0.39384
0.39377
0.39369
0.39362
0.39354
0.39347
0.39339
0.39332
0.39324
0.39317
0.39309
0.39302
0.39294
0.39287
0.39279
0.39272
0.39264
0.39257
0.39249
0.39242
0.39235
0.39227
0.39220
0.39212
0.39205
0.39197
0.39190
0.39182
0.39175
0.39167
0.39160
0.39152
0.39145
0.39137
0.39130
0.39122
0.39115
0.39107
0.39100
0.39092
0.39085
0.39077
0.39070
0.39062
0.39055
0.39047
0.39040
0.39032
0.39025
0.39017
0.39010
0.39002
0.38995
0.38987
0.38980
0.38972
0.38965
0.38957
0.38950
0.38942
0.38935
0.38927
0.38920
0.38912
0.38905
0.38897
0.38890
0.38882
0.38875
0.38867
0.38860
0.38852
0.38845
0.38837
0.38830
0.38822
0.38815
0.38807
0.38800
0.38792
0.38785
0.38777
0.38770
0.38762
0.38755
0.38747
0.38740
0.38732
0.38725
0.38717
0.38710
0.38702
0.38695
0.38687
0.38680
0.38672
0.38665
0.38657
0.38650
0.38642
0.38635
0.38627
0.38620
0.38612
0.38605
0.38597
0.38590
0.38582
0.38575
0.38567
0.38560
0.38552
0.38545
0.38537
0.38530
0.38522
0.38515
0.38507
0.38500
0.38492
0.38485
0.38477
0.38470
0.38462
0.38455
0.38447
0.38440
0.38432
0.38425
0.38417
0.38410
0.38402
0.38395
0.38387
0.38380
0.38372
0.38365
0.38357
0.38350
0.38342
0.38335
0.38327
0.38320
0.38312
0.38305
0.38297
0.38290
0.38282
0.38275
0.38267
0.38260
0.38252
0.38245
0.38237
0.38230
0.38222
0.38215
0.38207
0.38200
0.38192
0.38185
0.38177
0.38170
0.38162
0.38155
0.38147
0.38140
0.38132
0.38125
0.38117
0.38110
0.38102
0.38095
0.38087
0.38080
0.38072
0.38065
0.38057
0.38050
0.38042
0.38035
0.38028
0.38020
0.38013
0.38005
0.37998
0.37990
0.37983
0.37975
0.37968
0.37960
0.37953
0.37945
0.37938
0.37930
0.37923
0.37915
0.37908
0.37900
0.37893
0.37885
0.37878
0.37870
0.37863
0.37855
0.37848
0.37840
0.37833
0.37825
0.37818
0.37810
0.37803
0.37795
0.37788
0.37780
0.37773
0.37765
0.37758
0.37750
0.37743
0.37735
0.37728
0.37720
0.37713
0.37705
0.37698
0.37690
0.37683
0.37675
0.37668
0.37660
0.37653
0.37645
0.37638
0.37630
0.37623
0.37615
0.37608
0.37600
0.37593
0.37585
0.37578
0.37570
0.37563
0.37555
0.37548
0.37540
0.37533
0.37525
0.37518
0.37510
0.37503
0.37495
0.37488
0.37480
0.37473
0.37465
0.37458
0.37450
0.37443
0.37435
0.37428
0.37420
0.37413
0.37405
0.37398
0.37390
0.37383
0.37375
0.37368
0.37360
0.37353
0.37345
0.37338
0.37330
0.37323
0.37315
0.37308
0.37300
0.37293
0.37285
0.37278
0.37270
0.37263
0.37255
0.37248
0.37240
0.37233
0.37225
0.37218
0.37210
0.37203
0.37195
0.37188
0.37180
0.37173
0.37165
0.37158
0.37150
0.37143
0.37135
0.37128
0.37120
0.37113
0.37105
0.37098
0.37090
0.37083
0.37075
0.37068
0.37060
0.37053
0.37045
0.37038
0.37030
0.37023
0.37015
0.37008
0.37000
0.36993
0.36985
0.36978
0.36970
0.36963
0.36955
0.36948
0.36940
0.36933
0.36925
0.36918
0.36910
0.36903
0.36895
0.36888
0.36880
0.36873
0.36866
0.36858
0.36851
0.36843
0.36836
0.36828
0.36821
0.36813
0.36806
0.36798
0.36791
0.36783
0.36776
0.36768
0.36761
0.36753
0.36746
0.36738
0.36731
0.36723
0.36716
0.36708
0.36701
0.36693
0.36686
0.36678
0.36671
0.36663
0.36656
0.36648
0.36641
0.36633
0.36626
0.36618
0.36611
0.36603
0.36596
0.36588
0.36581
0.36573
0.36566
0.36558
0.36551
0.36543
0.36536
0.36528
0.36521
0.36513
0.36506
0.36498
0.36491
0.36483
0.36476
0.36468
0.36461
0.36453
0.36446
0.36438
0.36431
0.36423
0.36416
0.36408
0.36401
0.36393
0.36386
0.36378
0.36371
0.36363
0.36356
0.36348
0.36341
0.36333
0.36326
0.36318
0.36311
0.36303
0.36296
0.36288
0.36281
0.36273
0.36266
0.36258
0.36251
0.36243
0.36236
0.36228
0.36221
0.36213
0.36206
0.36198
0.36191
0.36183
0.36176
0.36168
0.36161
0.36153
0.36146
0.36138
0.36131
0.36123
0.36116
0.36108
0.36101
0.36093
0.36086
0.36078
0.36071
0.36063
0.36056
0.36048
0.36041
0.36033
0.36026
0.36018
0.36011
0.36003
0.35996
0.35988
0.35981
0.35973
0.35966
0.35958
0.35951
0.35943
0.35936
0.35928
0.35921
0.35913
0.35906
0.35898
0.35891
0.35883
0.35876
0.35868
0.35861
0.35853
0.35846
0.35838
0.35831
0.35823
0.35816
0.35808
0.35801
0.35793
0.35786
0.35778
0.35771
0.35763
0.35756
0.35749
0.35741
0.35734
0.35726
0.35719
0.35711
0.35704
0.35696
0.35689
0.35681
0.35674
0.35666
0.35659
0.35651
0.35644
0.35636
0.35629
0.35621
0.35614
0.35606
0.35599
0.35591
0.35584
0.35576
0.35569
0.35561
0.35554
0.35546
0.35539
0.35531
0.35524
0.35516
0.35509
0.35501
0.35494
0.35486
0.35479
0.35471
0.35464
0.35456
0.35449
0.35441
0.35434
0.35426
0.35419
0.35411
0.35404
0.35396
0.35389
0.35381
0.35374
0.35366
0.35359
0.35351
0.35344
0.35336
0.35329
0.35321
0.35314
0.35306
0.35299
0.35291
0.35284
0.35276
0.35269
0.35261
0.35254
0.35246
0.35239
0.35231
0.35224
0.35216
0.35209
0.35201
0.35194
0.35186
0.35179
0.35171
0.35164
0.35156
0.35149
0.35141
0.35134
0.35126
0.35119
0.35111
0.35104
0.35096
0.35089
0.35081
0.35074
0.35066
0.35059
0.35051
0.35044
0.35036
0.35029
0.35021
0.35014
0.35006
0.34999
0.34991
0.34984
0.34976
0.34969
0.34961
0.34954
0.34946
0.34939
0.34931
0.34924
0.34916
0.34909
0.34901
0.34894
0.34886
0.34879
0.34871
0.34864
0.34856
0.34849
0.34841
0.34834
0.34826
0.34819
0.34811
0.34804
0.34796
0.34789
0.34781
0.34774
0.34766
0.34759
0.34751
0.34744
0.34736
0.34729
0.34721
0.34714
0.34706
0.34699
0.34691
0.34684
0.34677
0.34669
0.34662
0.34654
0.34647
0.34639
0.34632
0.34624
0.34617
0.34609
0.34602
0.34594
0.34587
0.34579
0.34572
0.34564
0.34557
0.34549
0.34542
0.34534
0.34527
0.34519
0.34512
0.34504
0.34497
0.34489
0.34482
0.34474
0.34467
0.34459
0.34452
0.34444
0.34437
0.34429
0.34422
0.34414
0.34407
0.34399
0.34392
0.34384
0.34377
0.34369
0.34362
0.34354
0.34347
0.34339
0.34332
0.34324
0.34317
0.34309
0.34302
0.34294
0.34287
0.34279
0.34272
0.34264
0.34257
0.34249
0.34242
0.34234
0.34227
0.34219
0.34212
0.34204
0.34197
0.34189
0.34182
0.34174
0.34167
0.34159
0.34152
0.34144
0.34137
0.34129
0.34122
0.34114
0.34107
0.34099
0.34092
0.34084
0.34077
0.34069
0.34062
0.34054
0.34047
0.34039
0.34032
0.34024
0.34017
0.34009
0.34002
0.33994
0.33987
0.33979
0.33972
0.33964
0.33957
0.33949
0.33942
0.33934
0.33927
0.33919
0.33912
0.33904
0.33897
0.33889
0.33882
0.33874
0.33867
0.33859
0.33852
0.33844
0.33837
0.33829
0.33822
0.33814
0.33807
0.33799
0.33792
0.33784
0.33777
0.33769
0.33762
0.33754
0.33747
0.33739
0.33732
0.33724
0.33717
0.33709
0.33702
0.33694
0.33687
0.33679
0.33672
0.33664
0.33657
0.33650
0.33642
0.33635
0.33627
0.33620
0.33612
0.33605
0.33597
0.33590
0.33582
0.33575
0.33567
0.33560
0.33552
0.33545
0.33537
0.33530
0.33522
0.33515
0.33507
0.33500
0.33492
0.33485
0.33477
0.33470
0.33462
0.33455
0.33447
0.33440
0.33432
0.33425
0.33417
0.33410
0.33402
0.33395
0.33387
0.33380
0.33372
0.33365
0.33357
0.33350
0.33342
0.33335
0.33327
0.33320
0.33312
0.33305
0.33297
0.33290
0.33282
0.33275
0.33267
0.33260
0.33252
0.33245
0.33237
0.33230
0.33222
0.33215
0.33207
0.33200
0.33192
0.33185
0.33177
0.33170
0.33162
0.33155
0.33147
0.33140
0.33132
0.33125
0.33117
0.33110
0.33102
0.33095
0.33087
0.33080
0.33072
0.33065
0.33057
0.33050
0.33042
0.33035
0.33027
0.33020
0.33012
0.33005
0.32997
0.32990
0.32982
0.32975
0.32967
0.32960
0.32952
0.32945
0.32937
0.32930
0.32922
0.32915
0.32907
0.32900
0.32892
0.32885
0.32877
0.32870
0.32862
0.32855
0.32847
0.32840
0.32832
0.32825
0.32817
0.32810
0.32802
0.32795
0.32787
0.32780
0.32772
0.32765
0.32757
0.32750
0.32742
0.32735
0.32727
0.32720
0.32712
0.32705
0.32697
0.32690
0.32682
0.32675
0.32667
0.32660
0.32653
0.32645
0.32638
0.32630
0.32623
0.32615
0.32608
0.32600
0.32593
0.32585
0.32578
0.32570
0.32563
0.32555
0.32548
0.32540
0.32533
0.32525
0.32518
0.32510
0.32503
0.32495
0.32488
0.32480
0.32473
0.32465
0.32458
0.32450
0.32443
0.32435
0.32428
0.32420
0.32413
0.32405
0.32398
0.32390
0.32383
0.32375
0.32368
0.32360
0.32353
0.32345
0.32338
0.32330
0.32323
0.32315
0.32308
0.32300
0.32293
0.32285
0.32278
0.32270
0.32263
0.32255
0.32248
0.32240
0.32233
0.32225
0.32218
0.32210
0.32203
0.32195
0.32188
0.32180
0.32173
0.32165
0.32158
0.32150
0.32143
0.32135
0.32128
0.32120
0.32113
0.32105
0.32098
0.32090
0.32083
0.32075
0.32068
0.32060
0.32053
0.32045
0.32038
0.32030
0.32023
0.32015
0.32008
0.32000
0.31993
0.31985
0.31978
0.31970
0.31963
0.31955
0.31948
0.31940
0.31933
0.31925
0.31918
0.31910
0.31903
0.31895
0.31888
0.31880
0.31873
0.31865
0.31858
0.31850
0.31843
0.31835
0.31828
0.31820
0.31813
0.31805
0.31798
0.31790
0.31783
0.31775
0.31768
0.31760
0.31753
0.31745
0.31738
0.31730
0.31723
0.31715
0.31708
0.31700
0.31693
0.31686
0.31678
0.31671
0.31663
0.31656
0.31648
0.31641
0.31633
0.31626
0.31618
0.31611
0.31603
0.31596
0.31588
0.31581
0.31573
0.31566
0.31558
0.31551
0.31543
0.31536
0.31528
0.31521
0.31513
0.31506
0.31498
0.31491
0.31483
0.31476
0.31468
0.31461
0.31453
0.31446
0.31438
0.31431
0.31423
0.31416
0.31408
0.31401
0.31393
0.31386
0.31378
0.31371
0.31363
0.31356
0.31348
0.31341
0.31333
0.31326
0.31318
0.31311
0.31303
0.31296
0.31288
0.31281
0.31273
0.31266
0.31258
0.31251
0.31243
0.31236
0.31228
0.31221
0.31213
0.31206
0.31198
0.31191
0.31183
0.31176
0.31168
0.31161
0.31153
0.31146
0.31138
0.31131
0.31123
0.31116
0.31108
0.31101
0.31093
0.31086
0.31078
0.31071
0.31063
0.31056
0.31048
0.31041
0.31033
0.31026
0.31018
0.31011
0.31003
0.30996
0.30988
0.30981
0.30973
0.30966
0.30958
0.30951
0.30943
0.30936
0.30928
0.30921
0.30913
0.30906
0.30898
0.30891
0.30883
0.30876
0.30868
0.30861
0.30853
0.30846
0.30838
0.30831
0.30823
0.30816
0.30808
0.30801
0.30793
0.30786
0.30778
0.30771
0.30763
0.30756
0.30749
0.30741
0.30734
0.30726
0.30719
0.30711
0.30704
0.30696
0.30689
0.30681
0.30674
0.30666
0.30659
0.30651
0.30644
0.30636
0.30629
0.30621
0.30614
0.30606
0.30599
0.30591
0.30584
0.30576
0.30569
0.30561
0.30554
0.30546
0.30539
0.30531
0.30524
0.30516
0.30509
0.30501
0.30494
0.30486
0.30479
0.30471
0.30464
0.30456
0.30449
0.30441
0.30434
0.30426
0.30419
0.30411
0.30404
0.30396
0.30389
0.30381
0.30374
0.30366
0.30359
0.30351
0.30344
0.30336
0.30329
0.30321
0.30314
0.30306
0.30299
0.30291
0.30284
0.30276
0.30269
0.30261
0.30254
0.30246
0.30239
0.30231
0.30224
0.30216
0.30209
0.30201
0.30194
0.30186
0.30179
0.30171
0.30164
0.30156
0.30149
0.30141
0.30134
0.30126
0.30119
0.30111
0.30104
0.30096
0.30089
0.30081
0.30074
0.30066
0.30059
0.30051
0.30044
0.30036
0.30029
0.30021
0.30014
0.30006
0.29999
0.29991
0.29984
0.29976
0.29969
0.29961
0.29954
0.29946
0.29939
0.29931
0.29924
0.29916
0.29909
0.29901
0.29894
0.29886
0.29879
0.29871
0.29864
0.29856
0.29849
0.29842
0.29834
0.29827
0.29819
0.29812
0.29804
0.29797
0.29789
0.29782
0.29774
0.29767
0.29759
0.29752
0.29744
0.29737
0.29729
0.29722
0.29714
0.29707
0.29699
0.29692
0.29684
0.29677
0.29669
0.29662
0.29654
0.29647
0.29639
0.29632
0.29624
0.29617
0.29609
0.29602
0.29594
0.29587
0.29579
0.29572
0.29564
0.29557
0.29549
0.29542
0.29534
0.29527
0.29519
0.29512
0.29504
0.29497
0.29489
0.29482
0.29474
0.29467
0.29459
0.29452
0.29444
0.29437
0.29429
0.29422
0.29414
0.29407
0.29399
0.29392
0.29384
0.29377
0.29369
0.29362
0.29354
0.29347
0.29339
0.29332
0.29324
0.29317
0.29309
0.29302
0.29294
0.29287
0.29279
0.29272
0.29264
0.29257
0.29249
0.29242
0.29234
0.29227
0.29219
0.29212
0.29204
0.29197
0.29189
0.29182
0.29174
0.29167
0.29159
0.29152
0.29144
0.29137
0.29129
0.29122
0.29114
0.29107
0.29099
0.29092
0.29084
0.29077
0.29069
0.29062
0.29054
0.29047
0.29039
0.29032
0.29024
0.29017
0.29009
0.29002
0.28994
0.28987
0.28979
0.28972
0.28965
0.28957
0.28950
0.28942
0.28935
0.28927
0.28920
0.28912
0.28905
0.28897
0.28890
0.28882
0.28875
0.28867
0.28860
0.28852
0.28845
0.28837
0.28830
0.28822
0.28815
0.28807
0.28800
0.28792
0.28785
0.28777
0.28770
0.28762
0.28755
0.28747
0.28740
0.28732
0.28725
0.28717
0.28710
0.28702
0.28695
0.28687
0.28680
0.28672
0.28665
0.28657
0.28650
0.28642
0.28635
0.28627
0.28620
0.28612
0.28605
0.28597
0.28590
0.28582
0.28575
0.28567
0.28560
0.28552
0.28545
0.28537
0.28530
0.28522
0.28515
0.28507
0.28500
0.28492
0.28485
0.28477
0.28470
0.28462
0.28455
0.28447
0.28440
0.28432
0.28425
0.28417
0.28410
0.28402
0.28395
0.28387
0.28380
0.28372
0.28365
0.28357
0.28350
0.28342
0.28335
0.28327
0.28320
0.28312
0.28305
0.28297
0.28290
0.28282
0.28275
0.28267
0.28260
0.28252
0.28245
0.28237
0.28230
0.28222
0.28215
0.28207
0.28200
0.28192
0.28185
0.28177
0.28170
0.28162
0.28155
0.28147
0.28140
0.28132
0.28125
0.28118
0.28110
0.28103
0.28095
0.28088
0.28080
0.28073
0.28065
0.28058
0.28050
0.28043
0.28035
0.28028
0.28020
0.28013
0.28005
0.27998
0.27990
0.27983
0.27975
0.27968
0.27960
0.27953
0.27945
0.27938
0.27930
0.27923
0.27915
0.27908
0.27900
0.27893
0.27885
0.27878
0.27870
0.27863
0.27855
0.27848
0.27840
0.27833
0.27825
0.27818
0.27810
0.27803
0.27795
0.27788
0.27780
0.27773
0.27765
0.27758
0.27750
0.27743
0.27735
0.27728
0.27720
0.27713
0.27705
0.27698
0.27690
0.27683
0.27675
0.27668
0.27660
0.27653
0.27645
0.27638
0.27630
0.27623
0.27615
0.27608
0.27600
0.27593
0.27585
0.27578
0.27570
0.27563
0.27555
0.27548
0.27540
0.27533
0.27525
0.27518
0.27510
0.27503
0.27495
0.27488
0.27480
0.27473
0.27465
0.27458
0.27450
0.27443
0.27435
0.27428
0.27420
0.27413
0.27405
0.27398
0.27390
0.27383
0.27375
0.27368
0.27360
0.27353
0.27345
0.27338
0.27330
0.27323
0.27315
0.27308
0.27300
0.27293
0.27286
0.27278
0.27271
0.27263
0.27256
0.27248
0.27241
0.27233
0.27226
0.27218
0.27211
0.27203
0.27196
0.27188
0.27181
0.27173
0.27166
0.27158
0.27151
0.27143
0.27136
0.27128
0.27121
0.27113
0.27106
0.27098
0.27091
0.27083
0.27076
0.27068
0.27061
0.27053
0.27046
0.27038
0.27031
0.27023
0.27016
0.27008
0.27001
0.26993
0.26986
0.26978
0.26971
0.26963
0.26956
0.26948
0.26941
0.26933
0.26926
0.26918
0.26911
0.26903
0.26896
0.26888
0.26881
0.26873
0.26866
0.26858
0.26851
0.26843
0.26836
0.26828
0.26821
0.26813
0.26806
0.26798
0.26791
0.26783
0.26776
0.26768
0.26761
0.26753
0.26746
0.26738
0.26731
0.26723
0.26716
0.26708
0.26701
0.26693
0.26686
0.26678
0.26671
0.26663
0.26656
0.26648
0.26641
0.26633
0.26626
0.26618
0.26611
0.26603
0.26596
0.26588
0.26581
0.26573
0.26566
0.26558
0.26551
0.26543
0.26536
0.26528
0.26521
0.26513
0.26506
0.26498
0.26491
0.26484
0.26476
0.26469
0.26461
0.26454
0.26446
0.26439
0.26431
0.26424
0.26416
0.26409
0.26401
0.26394
0.26386
0.26379
0.26371
0.26364
0.26356
0.26349
0.26341
0.26334
0.26326
0.26319
0.26311
0.26304
0.26296
0.26289
0.26281
0.26274
0.26266
0.26259
0.26251
0.26244
0.26236
0.26229
0.26221
0.26214
0.26206
0.26199
0.26191
0.26184
0.26176
0.26169
0.26161
0.26154
0.26146
0.26139
0.26131
0.26124
0.26116
0.26109
0.26101
0.26094
0.26086
0.26079
0.26071
0.26064
0.26056
0.26049
0.26041
0.26034
0.26026
0.26019
0.26011
0.26004
0.25996
0.25989
0.25981
0.25974
0.25966
0.25959
0.25951
0.25944
0.25936
0.25929
0.25921
0.25914
0.25906
0.25899
0.25891
0.25884
0.25876
0.25869
0.25861
0.25854
0.25846
0.25839
0.25831
0.25824
0.25816
0.25809
0.25801
0.25794
0.25786
0.25779
0.25771
0.25764
0.25756
0.25749
0.25741
0.25734
0.25726
0.25719
0.25711
0.25704
0.25697
0.25689
0.25682
0.25674
0.25667
0.25659
0.25652
0.25644
0.25637
0.25629
0.25622
0.25614
0.25607
0.25599
0.25592
0.25584
0.25577
0.25569
0.25562
0.25554
0.25547
0.25539
0.25532
0.25524
0.25517
0.25509
0.25502
0.25494
0.25487
0.25479
0.25472
0.25464
0.25457
0.25449
0.25442
0.25434
0.25427
0.25419
0.25412
0.25404
0.25397
0.25389
0.25382
0.25374
0.25367
0.25359
0.25352
0.25344
0.25337
0.25329
0.25322
0.25314
0.25307
0.25299
0.25292
0.25284
0.25277
0.25269
0.25262
0.25254
0.25247
0.25239
0.25232
0.25224
0.25217
0.25209
0.25202
0.25194
0.25187
0.25179
0.25172
0.25164
0.25157
0.25149
0.25142
0.25134
0.25127
0.25119
0.25112
0.25104
0.25097
0.25089
0.25082
0.25074
0.25067
0.25059
0.25052
0.25044
0.25037
0.25029
0.25022
