1.00000
0.99763
0.99527
0.99292
0.99058
0.98826
0.98594
0.98364
0.98135
0.97907
0.97679
0.97453
0.97228
0.97005
0.96782
0.96560
0.96339
0.96120
0.95901
0.95683
0.95467
0.95251
0.95037
0.94823
0.94611
0.94399
0.94189
0.93979
0.93770
0.93563
0.93356
0.93151
0.92946
0.92742
0.92539
0.92338
0.92137
0.91937
0.91738
0.91540
0.91343
0.91146
0.90951
0.90757
0.90563
0.90370
0.90179
0.89988
0.89798
0.89609
0.89421
0.89233
0.89047
0.88861
0.88676
0.88493
0.88309
0.88127
0.87946
0.87765
0.87586
0.87407
0.87229
0.87051
0.86875
0.86699
0.86524
0.86350
0.86177
0.86005
0.85833
0.85662
0.85492
0.85323
0.85154
0.84986
0.84819
0.84653
0.84487
0.84323
0.84158
0.83995
0.83833
0.83671
0.83510
0.83349
0.83190
0.83031
0.82872
0.82715
0.82558
0.82402
0.82246
0.82092
0.81938
0.81784
0.81632
0.81480
0.81328
0.81178
0.81028
0.80878
0.80730
0.80582
0.80434
0.80288
0.80141
0.79996
0.79851
0.79707
0.79564
0.79421
0.79279
0.79137
0.78996
0.78856
0.78716
0.78577
0.78438
0.78300
0.78163
0.78026
0.77890
0.77754
0.77619
0.77485
0.77351
0.77218
0.77085
0.76953
0.76822
0.76691
0.76560
0.76430
0.76301
0.76172
0.76044
0.75917
0.75790
0.75663
0.75537
0.75412
0.75287
0.75162
0.75039
0.74915
0.74792
0.74670
0.74548
0.74427
0.74306
0.74186
0.74066
0.73947
0.73828
0.73710
0.73592
0.73475
0.73358
0.73242
0.73126
0.73011
0.72896
0.72782
0.72668
0.72555
0.72442
0.72329
0.72217
0.72106
0.71995
0.71884
0.71774
0.71664
0.71555
0.71446
0.71338
0.71230
0.71123
0.71016
0.70909
0.70803
0.70697
0.70592
0.70487
0.70382
0.70278
0.70175
0.70072
0.69969
0.69866
0.69765
0.69663
0.69562
0.69461
0.69361
0.69261
0.69161
0.69062
0.68964
0.68865
0.68767
0.68670
0.68573
0.68476
0.68379
0.68283
0.68188
0.68092
0.67998
0.67903
0.67809
0.67715
0.67622
0.67529
0.67436
0.67344
0.67252
0.67160
0.67069
0.66978
0.66887
0.66797
0.66707
0.66618
0.66529
0.66440
0.66351
0.66263
0.66175
0.66088
0.66001
0.65914
0.65828
0.65741
0.65656
0.65570
0.65485
0.65400
0.65316
0.65231
0.65147
0.65064
0.64981
0.64898
0.64815
0.64733
0.64651
0.64569
0.64487
0.64406
0.64326
0.64245
0.64165
0.64085
0.64005
0.63926
0.63847
0.63768
0.63690
0.63611
0.63534
0.63456
0.63379
0.63302
0.63225
0.63148
0.63072
0.62996
0.62920
0.62845
0.62770
0.62695
0.62620
0.62546
0.62472
0.62398
0.62325
0.62251
0.62178
0.62106
0.62033
0.61961
0.61889
0.61817
0.61746
0.61675
0.61604
0.61533
0.61462
0.61392
0.61322
0.61252
0.61183
0.61113
0.61044
0.60976
0.60907
0.60839
0.60771
0.60703
0.60635
0.60568
0.60501
0.60434
0.60367
0.60300
0.60234
0.60168
0.60102
0.60037
0.59971
0.59906
0.59841
0.59777
0.59712
0.59648
0.59584
0.59520
0.59456
0.59393
0.59329
0.59266
0.59204
0.59141
0.59079
0.59016
0.58954
0.58893
0.58831
0.58770
0.58708
0.58647
0.58586
0.58526
0.58465
0.58405
0.58345
0.58285
0.58226
0.58166
0.58107
0.58048
0.57989
0.57930
0.57872
0.57813
0.57755
0.57697
0.57639
0.57582
0.57524
0.57467
0.57410
0.57353
0.57296
0.57240
0.57183
0.57127
0.57071
0.57015
0.56960
0.56904
0.56849
0.56794
0.56739
0.56684
0.56629
0.56574
0.56520
0.56466
0.56412
0.56358
0.56304
0.56251
0.56197
0.56144
0.56091
0.56038
0.55985
0.55933
0.55880
0.55828
0.55776
0.55724
0.55672
0.55620
0.55569
0.55517
0.55466
0.55415
0.55364
0.55313
0.55262
0.55212
0.55162
0.55111
0.55061
0.55011
0.54961
0.54912
0.54862
0.54813
0.54764
0.54714
0.54665
0.54617
0.54568
0.54519
0.54471
0.54423
0.54374
0.54326
0.54278
0.54231
0.54183
0.54135
0.54088
0.54041
0.53994
0.53947
0.53900
0.53853
0.53806
0.53760
0.53713
0.53667
0.53621
0.53575
0.53529
0.53483
0.53438
0.53392
0.53347
0.53301
0.53256
0.53211
0.53166
0.53121
0.53077
0.53032
0.52988
0.52943
0.52899
0.52855
0.52811
0.52767
0.52723
0.52679
0.52636
0.52592
0.52549
0.52506
0.52463
0.52420
0.52377
0.52334
0.52291
0.52248
0.52206
0.52163
0.52121
0.52079
0.52037
0.51995
0.51953
0.51911
0.51869
0.51828
0.51786
0.51745
0.51704
0.51662
0.51621
0.51580
0.51539
0.51499
0.51458
0.51417
0.51377
0.51336
0.51296
0.51256
0.51216
0.51176
0.51136
0.51096
0.51056
0.51016
0.50977
0.50937
0.50898
0.50859
0.50819
0.50780
0.50741
0.50702
0.50663
0.50624
0.50586
0.50547
0.50509
0.50470
0.50432
0.50393
0.50355
0.50317
0.50279
0.50241
0.50203
0.50166
0.50128
0.50090
0.50053
0.50015
0.49978
0.49941
0.49903
0.49866
0.49829
0.49792
0.49755
0.49719
0.49682
0.49645
0.49609
0.49572
0.49536
0.49499
0.49463
0.49427
0.49391
0.49355
0.49319
0.49283
0.49247
0.49211
0.49175
0.49140
0.49104
0.49069
0.49033
0.48998
0.48963
0.48927
0.48892
0.48857
0.48822
0.48787
0.48753
0.48718
0.48683
0.48648
0.48614
0.48579
0.48545
0.48510
0.48476
0.48442
0.48408
0.48374
0.48340
0.48306
0.48272
0.48238
0.48204
0.48170
0.48137
0.48103
0.48070
0.48036
0.48003
0.47969
0.47936
0.47903
0.47870
0.47836
0.47803
0.47770
0.47738
0.47705
0.47672
0.47639
0.47606
0.47574
0.47541
0.47509
0.47476
0.47444
0.47412
0.47379
0.47347
0.47315
0.47283
0.47251
0.47219
0.47187
0.47155
0.47123
0.47091
0.47060
0.47028
0.46996
0.46965
0.46933
0.46902
0.46870
0.46839
0.46808
0.46777
0.46745
0.46714
0.46683
0.46652
0.46621
0.46590
0.46559
0.46529
0.46498
0.46467
0.46436
0.46406
0.46375
0.46345
0.46314
0.46284
0.46253
0.46223
0.46193
0.46163
0.46132
0.46102
0.46072
0.46042
0.46012
0.45982
0.45952
0.45922
0.45893
0.45863
0.45833
0.45804
0.45774
0.45744
0.45715
0.45685
0.45656
0.45627
0.45597
0.45568
0.45539
0.45509
0.45480
0.45451
0.45422
0.45393
0.45364
0.45335
0.45306
0.45277
0.45248
0.45220
0.45191
0.45162
0.45134
0.45105
0.45076
0.45048
0.45019
0.44991
0.44963
0.44934
0.44906
0.44878
0.44849
0.44821
0.44793
0.44765
0.44737
0.44709
0.44681
0.44653
0.44625
0.44597
0.44569
0.44541
0.44514
0.44486
0.44458
0.44430
0.44403
0.44375
0.44348
0.44320
0.44293
0.44265
0.44238
0.44211
0.44183
0.44156
0.44129
0.44102
0.44074
0.44047
0.44020
0.43993
0.43966
0.43939
0.43912
0.43885
0.43858
0.43831
0.43805
0.43778
0.43751
0.43724
0.43698
0.43671
0.43644
0.43618
0.43591
0.43565
0.43538
0.43512
0.43485
0.43459
0.43433
0.43406
0.43380
0.43354
0.43328
0.43301
0.43275
0.43249
0.43223
0.43197
0.43171
0.43145
0.43119
0.43093
0.43067
0.43041
0.43015
0.42990
0.42964
0.42938
0.42912
0.42887
0.42861
0.42835
0.42810
0.42784
0.42759
0.42733
0.42708
0.42682
0.42657
0.42632
0.42606
0.42581
0.42556
0.42530
0.42505
0.42480
0.42455
0.42430
0.42404
0.42379
0.42354
0.42329
0.42304
0.42279
0.42254
0.42229
0.42205
0.42180
0.42155
0.42130
0.42105
0.42080
0.42056
0.42031
0.42006
0.41982
0.41957
0.41932
0.41908
0.41883
0.41859
0.41834
0.41810
0.41785
0.41761
0.41737
0.41712
0.41688
0.41664
0.41639
0.41615
0.41591
0.41567
0.41543
0.41518
0.41494
0.41470
0.41446
0.41422
0.41398
0.41374
0.41350
0.41326
0.41302
0.41278
0.41254
0.41230
0.41207
0.41183
0.41159
0.41135
0.41112
0.41088
0.41064
0.41041
0.41017
0.40993
0.40970
0.40946
0.40923
0.40899
0.40876
0.40852
0.40829
0.40805
0.40782
0.40758
0.40735
0.40712
0.40688
0.40665
0.40642
0.40619
0.40595
0.40572
0.40549
0.40526
0.40503
0.40480
0.40456
0.40433
0.40410
0.40387
0.40364
0.40341
0.40318
0.40295
0.40272
0.40250
0.40227
0.40204
0.40181
0.40158
0.40135
0.40113
0.40090
0.40067
0.40044
0.40022
0.39999
0.39976
0.39954
0.39931
0.39909
0.39886
0.39864
0.39841
0.39819
0.39796
0.39774
0.39751
0.39729
0.39706
0.39684
0.39662
0.39639
0.39617
0.39595
0.39572
0.39550
0.39528
0.39506
0.39483
0.39461
0.39439
0.39417
0.39395
0.39373
0.39351
0.39329
0.39306
0.39284
0.39262
0.39240
0.39218
0.39197
0.39175
0.39153
0.39131
0.39109
0.39087
0.39065
0.39043
0.39022
0.39000
0.38978
0.38956
0.38935
0.38913
0.38891
0.38869
0.38848
0.38826
0.38804
0.38783
0.38761
0.38740
0.38718
0.38697
0.38675
0.38654
0.38632
0.38611
0.38589
0.38568
0.38546
0.38525
0.38504
0.38482
0.38461
0.38440
0.38418
0.38397
0.38376
0.38354
0.38333
0.38312
0.38291
0.38270
0.38248
0.38227
0.38206
0.38185
0.38164
0.38143
0.38122
0.38101
0.38080
0.38059
0.38038
0.38017
0.37996
0.37975
0.37954
0.37933
0.37912
0.37891
0.37870
0.37849
0.37828
0.37808
0.37787
0.37766
0.37745
0.37724
0.37704
0.37683
0.37662
0.37642
0.37621
0.37600
0.37580
0.37559
0.37538
0.37518
0.37497
0.37477
0.37456
0.37435
0.37415
0.37394
0.37374
0.37353
0.37333
0.37312
0.37292
0.37272
0.37251
0.37231
0.37210
0.37190
0.37170
0.37149
0.37129
0.37109
0.37089
0.37068
0.37048
0.37028
0.37008
0.36987
0.36967
0.36947
0.36927
0.36907
0.36886
0.36866
0.36846
0.36826
0.36806
0.36786
0.36766
0.36746
0.36726
0.36706
0.36686
0.36666
0.36646
0.36626
0.36606
0.36586
0.36566
0.36546
0.36526
0.36507
0.36487
0.36467
0.36447
0.36427
0.36407
0.36388
0.36368
0.36348
0.36328
0.36309
0.36289
0.36269
0.36249
0.36230
0.36210
0.36191
0.36171
0.36151
0.36132
0.36112
0.36092
0.36073
0.36053
0.36034
0.36014
0.35995
0.35975
0.35956
0.35936
0.35917
0.35897
0.35878
0.35859
0.35839
0.35820
0.35800
0.35781
0.35762
0.35742
0.35723
0.35704
0.35684
0.35665
0.35646
0.35627
0.35607
0.35588
0.35569
0.35550
0.35530
0.35511
0.35492
0.35473
0.35454
0.35435
0.35415
0.35396
0.35377
0.35358
0.35339
0.35320
0.35301
0.35282
0.35263
0.35244
0.35225
0.35206
0.35187
0.35168
0.35149
0.35130
0.35111
0.35092
0.35073
0.35055
0.35036
0.35017
0.34998
0.34979
0.34960
0.34942
0.34923
0.34904
0.34885
0.34866
0.34848
0.34829
0.34810
0.34791
0.34773
0.34754
0.34735
0.34717
0.34698
0.34679
0.34661
0.34642
0.34624
0.34605
0.34586
0.34568
0.34549
0.34531
0.34512
0.34494
0.34475
0.34457
0.34438
0.34420
0.34401
0.34383
0.34364
0.34346
0.34327
0.34309
0.34291
0.34272
0.34254
0.34236
0.34217
0.34199
0.34181
0.34162
0.34144
0.34126
0.34107
0.34089
0.34071
0.34053
0.34034
0.34016
0.33998
0.33980
0.33962
0.33943
0.33925
0.33907
0.33889
0.33871
0.33853
0.33834
0.33816
0.33798
0.33780
0.33762
0.33744
0.33726
0.33708
0.33690
0.33672
0.33654
0.33636
0.33618
0.33600
0.33582
0.33564
0.33546
0.33528
0.33510
0.33492
0.33475
0.33457
0.33439
0.33421
0.33403
0.33385
0.33367
0.33350
0.33332
0.33314
0.33296
0.33279
0.33261
0.33243
0.33225
0.33208
0.33190
0.33172
0.33154
0.33137
0.33119
0.33101
0.33084
0.33066
0.33048
0.33031
0.33013
0.32996
0.32978
0.32960
0.32943
0.32925
0.32908
0.32890
0.32873
0.32855
0.32838
0.32820
0.32803
0.32785
0.32768
0.32750
0.32733
0.32715
0.32698
0.32681
0.32663
0.32646
0.32628
0.32611
0.32594
0.32576
0.32559
0.32542
0.32524
0.32507
0.32490
0.32472
0.32455
0.32438
0.32421
0.32403
0.32386
0.32369
0.32352
0.32334
0.32317
0.32300
0.32283
0.32266
0.32249
0.32231
0.32214
0.32197
0.32180
0.32163
0.32146
0.32129
0.32112
0.32095
0.32078
0.32060
0.32043
0.32026
0.32009
0.31992
0.31975
0.31958
0.31941
0.31924
0.31907
0.31891
0.31874
0.31857
0.31840
0.31823
0.31806
0.31789
0.31772
0.31755
0.31738
0.31722
0.31705
0.31688
0.31671
0.31654
0.31637
0.31621
0.31604
0.31587
0.31570
0.31554
0.31537
0.31520
0.31503
0.31487
0.31470
0.31453
0.31437
0.31420
0.31403
0.31387
0.31370
0.31353
0.31337
0.31320
0.31303
0.31287
0.31270
0.31254
0.31237
0.31220
0.31204
0.31187
0.31171
0.31154
0.31138
0.31121
0.31105
0.31088
0.31072
0.31055
0.31039
0.31022
0.31006
0.30990
0.30973
0.30957
0.30940
0.30924
0.30908
0.30891
0.30875
0.30858
0.30842
0.30826
0.30809
0.30793
0.30777
0.30760
0.30744
0.30728
0.30712
0.30695
0.30679
0.30663
0.30647
0.30630
0.30614
0.30598
0.30582
0.30565
0.30549
0.30533
0.30517
0.30501
0.30485
0.30469
0.30452
0.30436
0.30420
0.30404
0.30388
0.30372
0.30356
0.30340
0.30324
0.30308
0.30292
0.30276
0.30260
0.30243
0.30227
0.30211
0.30196
0.30180
0.30164
0.30148
0.30132
0.30116
0.30100
0.30084
0.30068
0.30052
0.30036
0.30020
0.30004
0.29988
0.29973
0.29957
0.29941
0.29925
0.29909
0.29893
0.29878
0.29862
0.29846
0.29830
0.29814
0.29799
0.29783
0.29767
0.29751
0.29736
0.29720
0.29704
0.29689
0.29673
0.29657
0.29642
0.29626
0.29610
0.29595
0.29579
0.29563
0.29548
0.29532
0.29516
0.29501
0.29485
0.29470
0.29454
0.29438
0.29423
0.29407
0.29392
0.29376
0.29361
0.29345
0.29330
0.29314
0.29299
0.29283
0.29268
0.29252
0.29237
0.29221
0.29206
0.29191
0.29175
0.29160
0.29144
0.29129
0.29114
0.29098
0.29083
0.29067
0.29052
0.29037
0.29021
0.29006
0.28991
0.28975
0.28960
0.28945
0.28930
0.28914
0.28899
0.28884
0.28868
0.28853
0.28838
0.28823
0.28808
0.28792
0.28777
0.28762
0.28747
0.28732
0.28716
0.28701
0.28686
0.28671
0.28656
0.28641
0.28626
0.28610
0.28595
0.28580
0.28565
0.28550
0.28535
0.28520
0.28505
0.28490
0.28475
0.28460
0.28445
0.28430
0.28415
0.28400
0.28385
0.28370
0.28355
0.28340
0.28325
0.28310
0.28295
0.28280
0.28265
0.28250
0.28235
0.28220
0.28205
0.28191
0.28176
0.28161
0.28146
0.28131
0.28116
0.28101
0.28087
0.28072
0.28057
0.28042
0.28027
0.28013
0.27998
0.27983
0.27968
0.27953
0.27939
0.27924
0.27909
0.27895
0.27880
0.27865
0.27850
0.27836
0.27821
0.27806
0.27792
0.27777
0.27762
0.27748
0.27733
0.27718
0.27704
0.27689
0.27675
0.27660
0.27645
0.27631
0.27616
0.27602
0.27587
0.27573
0.27558
0.27544
0.27529
0.27515
0.27500
0.27485
0.27471
0.27457
0.27442
0.27428
0.27413
0.27399
0.27384
0.27370
0.27355
0.27341
0.27326
0.27312
0.27298
0.27283
0.27269
0.27255
0.27240
0.27226
0.27211
0.27197
0.27183
0.27168
0.27154
0.27140
0.27125
0.27111
0.27097
0.27083
0.27068
0.27054
0.27040
0.27026
0.27011
0.26997
0.26983
0.26969
0.26954
0.26940
0.26926
0.26912
0.26898
0.26883
0.26869
0.26855
0.26841
0.26827
0.26813
0.26798
0.26784
0.26770
0.26756
0.26742
0.26728
0.26714
0.26700
0.26686
0.26672
0.26658
0.26643
0.26629
0.26615
0.26601
0.26587
0.26573
0.26559
0.26545
0.26531
0.26517
0.26503
0.26489
0.26475
0.26462
0.26448
0.26434
0.26420
0.26406
0.26392
0.26378
0.26364
0.26350
0.26336
0.26322
0.26309
0.26295
0.26281
0.26267
0.26253
0.26239
0.26225
0.26212
0.26198
0.26184
0.26170
0.26156
0.26143
0.26129
0.26115
0.26101
0.26088
0.26074
0.26060
0.26046
0.26033
0.26019
0.26005
0.25992
0.25978
0.25964
0.25951
0.25937
0.25923
0.25910
0.25896
0.25882
0.25869
0.25855
0.25841
0.25828
0.25814
0.25801
0.25787
0.25773
0.25760
0.25746
0.25733
0.25719
0.25706
0.25692
0.25678
0.25665
0.25651
0.25638
0.25624
0.25611
0.25597
0.25584
0.25570
0.25557
0.25544
0.25530
0.25517
0.25503
0.25490
0.25476
0.25463
0.25449
0.25436
0.25423
0.25409
0.25396
0.25383
0.25369
0.25356
0.25342
0.25329
0.25316
0.25302
0.25289
0.25276
0.25262
0.25249
0.25236
0.25223
0.25209
0.25196
0.25183
0.25169
0.25156
0.25143
0.25130
0.25116
0.25103
0.25090
0.25077
0.25064
0.25050
0.25037
0.25024
0.25011
0.24998
0.24985
0.24971
0.24958
0.24945
0.24932
0.24919
0.24906
0.24893
0.24879
0.24866
0.24853
0.24840
0.24827
0.24814
0.24801
0.24788
0.24775
0.24762
0.24749
0.24736
0.24723
0.24710
0.24697
0.24684
0.24671
0.24658
0.24645
0.24632
0.24619
0.24606
0.24593
0.24580
0.24567
0.24554
0.24541
0.24528
0.24515
0.24502
0.24489
0.24477
0.24464
0.24451
0.24438
0.24425
0.24412
0.24399
0.24386
0.24374
0.24361
0.24348
0.24335
0.24322
0.24310
0.24297
0.24284
0.24271
0.24258
0.24246
0.24233
0.24220
0.24207
0.24195
0.24182
0.24169
0.24156
0.24144
0.24131
0.24118
0.24106
0.24093
0.24080
0.24068
0.24055
0.24042
0.24030
0.24017
0.24004
0.23992
0.23979
0.23966
0.23954
0.23941
0.23929
0.23916
0.23903
0.23891
0.23878
0.23866
0.23853
0.23840
0.23828
0.23815
0.23803
0.23790
0.23778
0.23765
0.23753
0.23740
0.23728
0.23715
0.23703
0.23690
0.23678
0.23665
0.23653
0.23640
0.23628
0.23616
0.23603
0.23591
0.23578
0.23566
0.23553
0.23541
0.23529
0.23516
0.23504
0.23492
0.23479
0.23467
0.23454
0.23442
0.23430
0.23417
0.23405
0.23393
0.23381
0.23368
0.23356
0.23344
0.23331
0.23319
0.23307
0.23294
0.23282
0.23270
0.23258
0.23245
0.23233
0.23221
0.23209
0.23197
0.23184
0.23172
0.23160
0.23148
0.23136
0.23123
0.23111
0.23099
0.23087
0.23075
0.23063
0.23050
0.23038
0.23026
0.23014
0.23002
0.22990
0.22978
0.22966
0.22954
0.22942
0.22929
0.22917
0.22905
0.22893
0.22881
0.22869
0.22857
0.22845
0.22833
0.22821
0.22809
0.22797
0.22785
0.22773
0.22761
0.22749
0.22737
0.22725
0.22713
0.22701
0.22689
0.22677
0.22665
0.22653
0.22642
0.22630
0.22618
0.22606
0.22594
0.22582
0.22570
0.22558
0.22546
0.22535
0.22523
0.22511
0.22499
0.22487
0.22475
0.22463
0.22452
0.22440
0.22428
0.22416
0.22404
0.22393
0.22381
0.22369
0.22357
0.22346
0.22334
0.22322
0.22310
0.22299
0.22287
0.22275
0.22263
0.22252
0.22240
0.22228
0.22217
0.22205
0.22193
0.22181
0.22170
0.22158
0.22146
0.22135
0.22123
0.22112
0.22100
0.22088
0.22077
0.22065
0.22053
0.22042
0.22030
0.22019
0.22007
0.21995
0.21984
0.21972
0.21961
0.21949
0.21938
0.21926
0.21915
0.21903
0.21891
0.21880
0.21868
0.21857
0.21845
0.21834
0.21822
0.21811
0.21799
0.21788
0.21777
0.21765
0.21754
0.21742
0.21731
0.21719
0.21708
0.21696
0.21685
0.21674
0.21662
0.21651
0.21639
0.21628
0.21617
0.21605
0.21594
0.21583
0.21571
0.21560
0.21549
0.21537
0.21526
0.21515
0.21503
0.21492
0.21481
0.21469
0.21458
0.21447
0.21435
0.21424
0.21413
0.21402
0.21390
0.21379
0.21368
0.21357
0.21345
0.21334
0.21323
0.21312
0.21300
0.21289
0.21278
0.21267
0.21256
0.21244
0.21233
0.21222
0.21211
0.21200
0.21189
0.21177
0.21166
0.21155
0.21144
0.21133
0.21122
0.21111
0.21100
0.21088
0.21077
0.21066
0.21055
0.21044
0.21033
0.21022
0.21011
0.21000
0.20989
0.20978
0.20967
0.20956
0.20945
0.20934
0.20923
0.20912
0.20901
0.20890
0.20879
0.20868
0.20857
0.20846
0.20835
0.20824
0.20813
0.20802
0.20791
0.20780
0.20769
0.20758
0.20747
0.20736
0.20725
0.20714
0.20704
0.20693
0.20682
0.20671
0.20660
0.20649
0.20638
0.20627
0.20617
0.20606
0.20595
0.20584
0.20573
0.20562
0.20552
0.20541
0.20530
0.20519
0.20508
0.20498
0.20487
0.20476
0.20465
0.20454
0.20444
0.20433
0.20422
0.20411
0.20401
0.20390
0.20379
0.20368
0.20358
0.20347
0.20336
0.20326
0.20315
0.20304
0.20294
0.20283
0.20272
0.20262
0.20251
0.20240
0.20230
0.20219
0.20208
0.20198
0.20187
0.20176
0.20166
0.20155
0.20145
0.20134
0.20123
0.20113
0.20102
0.20092
0.20081
0.20071
0.20060
0.20049
0.20039
0.20028
0.20018
0.20007
0.19997
0.19986
0.19976
0.19965
0.19955
0.19944
0.19934
0.19923
0.19913
0.19902
0.19892
0.19881
0.19871
0.19860
0.19850
0.19839
0.19829
0.19819
0.19808
0.19798
0.19787
0.19777
0.19767
0.19756
0.19746
0.19735
0.19725
0.19715
0.19704
0.19694
0.19683
0.19673
0.19663
0.19652
0.19642
0.19632
0.19621
0.19611
0.19601
0.19590
0.19580
0.19570
0.19560
0.19549
0.19539
0.19529
0.19518
0.19508
0.19498
0.19488
0.19477
0.19467
0.19457
0.19447
0.19436
0.19426
0.19416
0.19406
0.19396
0.19385
0.19375
0.19365
0.19355
0.19345
0.19334
0.19324
0.19314
0.19304
0.19294
0.19284
0.19273
0.19263
0.19253
0.19243
0.19233
0.19223
0.19213
0.19203
0.19192
0.19182
0.19172
0.19162
0.19152
0.19142
0.19132
0.19122
0.19112
0.19102
0.19092
0.19082
0.19072
0.19062
0.19052
0.19042
0.19032
0.19022
0.19012
0.19002
0.18992
0.18982
0.18972
0.18962
0.18952
0.18942
0.18932
0.18922
0.18912
0.18902
0.18892
0.18882
0.18872
0.18862
0.18852
0.18842
0.18832
0.18822
0.18812
0.18803
0.18793
0.18783
0.18773
0.18763
0.18753
0.18743
0.18733
0.18724
0.18714
0.18704
0.18694
0.18684
0.18674
0.18665
0.18655
0.18645
0.18635
0.18625
0.18615
0.18606
0.18596
0.18586
0.18576
0.18567
0.18557
0.18547
0.18537
0.18528
0.18518
0.18508
0.18498
0.18489
0.18479
0.18469
0.18459
0.18450
0.18440
0.18430
0.18421
0.18411
0.18401
0.18392
0.18382
0.18372
0.18363
0.18353
0.18343
0.18334
0.18324
0.18314
0.18305
0.18295
0.18285
0.18276
0.18266
0.18257
0.18247
0.18237
0.18228
0.18218
0.18209
0.18199
0.18189
0.18180
0.18170
0.18161
0.18151
0.18142
0.18132
0.18123
0.18113
0.18103
0.18094
0.18084
0.18075
0.18065
0.18056
0.18046
0.18037
0.18027
0.18018
0.18008
0.17999
0.17989
0.17980
0.17971
0.17961
0.17952
0.17942
0.17933
0.17923
0.17914
0.17904
0.17895
0.17886
0.17876
0.17867
0.17857
0.17848
0.17839
0.17829
0.17820
0.17810
0.17801
0.17792
0.17782
0.17773
0.17764
0.17754
0.17745
0.17736
0.17726
0.17717
0.17708
0.17698
0.17689
0.17680
0.17670
0.17661
0.17652
0.17643
0.17633
0.17624
0.17615
0.17605
0.17596
0.17587
0.17578
0.17568
0.17559
0.17550
0.17541
0.17532
0.17522
0.17513
0.17504
0.17495
0.17485
0.17476
0.17467
0.17458
0.17449
0.17440
0.17430
0.17421
0.17412
0.17403
0.17394
0.17385
0.17375
0.17366
0.17357
0.17348
0.17339
0.17330
0.17321
0.17311
0.17302
0.17293
0.17284
0.17275
0.17266
0.17257
0.17248
0.17239
0.17230
0.17221
0.17212
0.17203
0.17193
0.17184
0.17175
0.17166
0.17157
0.17148
0.17139
0.17130
0.17121
0.17112
0.17103
0.17094
0.17085
0.17076
0.17067
0.17058
0.17049
0.17040
0.17031
0.17022
0.17013
0.17005
0.16996
0.16987
0.16978
0.16969
0.16960
0.16951
0.16942
0.16933
0.16924
0.16915
0.16906
0.16897
0.16889
0.16880
0.16871
0.16862
0.16853
0.16844
0.16835
0.16826
0.16818
0.16809
0.16800
0.16791
0.16782
0.16773
0.16765
0.16756
0.16747
0.16738
0.16729
0.16721
0.16712
0.16703
0.16694
0.16685
0.16677
0.16668
0.16659
0.16650
0.16642
0.16633
0.16624
0.16615
0.16607
0.16598
0.16589
0.16580
0.16572
0.16563
0.16554
0.16545
0.16537
0.16528
0.16519
0.16511
0.16502
0.16493
0.16485
0.16476
0.16467
0.16459
0.16450
0.16441
0.16433
0.16424
0.16415
0.16407
0.16398
0.16390
0.16381
0.16372
0.16364
0.16355
0.16346
0.16338
0.16329
0.16321
0.16312
0.16303
0.16295
0.16286
0.16278
0.16269
0.16261
0.16252
0.16244
0.16235
0.16226
0.16218
0.16209
0.16201
0.16192
0.16184
0.16175
0.16167
0.16158
0.16150
0.16141
0.16133
0.16124
0.16116
0.16107
0.16099
0.16090
0.16082
0.16073
0.16065
0.16057
0.16048
0.16040
0.16031
0.16023
0.16014
0.16006
0.15998
0.15989
0.15981
0.15972
0.15964
0.15955
0.15947
0.15939
0.15930
0.15922
0.15914
0.15905
0.15897
0.15888
0.15880
0.15872
0.15863
0.15855
0.15847
0.15838
0.15830
0.15822
0.15813
0.15805
0.15797
0.15788
0.15780
0.15772
0.15764
0.15755
0.15747
0.15739
0.15730
0.15722
0.15714
0.15706
0.15697
0.15689
0.15681
0.15673
0.15664
0.15656
0.15648
0.15640
0.15631
0.15623
0.15615
0.15607
0.15598
0.15590
0.15582
0.15574
0.15566
0.15558
0.15549
0.15541
0.15533
0.15525
0.15517
0.15508
0.15500
0.15492
0.15484
0.15476
0.15468
0.15460
0.15451
0.15443
0.15435
0.15427
0.15419
0.15411
0.15403
0.15395
0.15387
0.15378
0.15370
0.15362
0.15354
0.15346
0.15338
0.15330
0.15322
0.15314
0.15306
0.15298
0.15290
0.15282
0.15274
0.15266
0.15258
0.15249
0.15241
0.15233
0.15225
0.15217
0.15209
0.15201
0.15193
0.15185
0.15177
0.15169
0.15161
0.15153
0.15146
0.15138
0.15130
0.15122
0.15114
0.15106
0.15098
0.15090
0.15082
0.15074
0.15066
0.15058
0.15050
0.15042
0.15034
0.15026
0.15019
0.15011
0.15003
0.14995
0.14987
0.14979
0.14971
0.14963
0.14955
0.14948
0.14940
0.14932
0.14924
0.14916
0.14908
0.14900
0.14893
0.14885
0.14877
0.14869
0.14861
0.14853
0.14846
0.14838
0.14830
0.14822
0.14814
0.14807
0.14799
0.14791
0.14783
0.14776
0.14768
0.14760
0.14752
0.14744
0.14737
0.14729
0.14721
0.14713
0.14706
0.14698
0.14690
0.14683
0.14675
0.14667
0.14659
0.14652
0.14644
0.14636
0.14629
0.14621
0.14613
0.14605
0.14598
0.14590
0.14582
0.14575
0.14567
0.14559
0.14552
0.14544
0.14536
0.14529
0.14521
0.14514
0.14506
0.14498
0.14491
0.14483
0.14475
0.14468
0.14460
0.14453
0.14445
0.14437
0.14430
0.14422
0.14415
0.14407
0.14399
0.14392
0.14384
0.14377
0.14369
0.14362
0.14354
0.14346
0.14339
0.14331
0.14324
0.14316
0.14309
0.14301
0.14294
0.14286
0.14279
0.14271
0.14264
0.14256
0.14249
0.14241
0.14234
0.14226
0.14219
0.14211
0.14204
0.14196
0.14189
0.14181
0.14174
0.14166
0.14159
0.14151
0.14144
0.14137
0.14129
0.14122
0.14114
0.14107
0.14099
0.14092
0.14085
0.14077
0.14070
0.14062
0.14055
0.14048
0.14040
0.14033
0.14025
0.14018
0.14011
0.14003
0.13996
0.13989
0.13981
0.13974
0.13967
0.13959
0.13952
0.13945
0.13937
0.13930
0.13923
0.13915
0.13908
0.13901
0.13893
0.13886
0.13879
0.13871
0.13864
0.13857
0.13849
0.13842
0.13835
0.13828
0.13820
0.13813
0.13806
0.13799
0.13791
0.13784
0.13777
0.13770
0.13762
0.13755
0.13748
0.13741
0.13733
0.13726
0.13719
0.13712
0.13704
0.13697
0.13690
0.13683
0.13676
0.13668
0.13661
0.13654
0.13647
0.13640
0.13633
0.13625
0.13618
0.13611
0.13604
0.13597
0.13590
0.13582
0.13575
0.13568
0.13561
0.13554
0.13547
0.13540
0.13532
0.13525
0.13518
0.13511
0.13504
0.13497
0.13490
0.13483
0.13476
0.13469
0.13461
0.13454
0.13447
0.13440
0.13433
0.13426
0.13419
0.13412
0.13405
0.13398
0.13391
0.13384
0.13377
0.13370
0.13363
0.13356
0.13349
0.13342
0.13335
0.13327
0.13320
0.13313
0.13306
0.13299
0.13292
0.13285
0.13278
0.13272
0.13265
0.13258
0.13251
0.13244
0.13237
0.13230
0.13223
0.13216
0.13209
0.13202
0.13195
0.13188
0.13181
0.13174
0.13167
0.13160
0.13153
0.13146
0.13139
0.13133
0.13126
0.13119
0.13112
0.13105
0.13098
0.13091
0.13084
0.13077
0.13071
0.13064
0.13057
0.13050
0.13043
0.13036
0.13029
0.13022
0.13016
0.13009
0.13002
0.12995
0.12988
0.12981
0.12975
0.12968
0.12961
0.12954
0.12947
0.12940
0.12934
0.12927
0.12920
0.12913
0.12906
0.12900
0.12893
0.12886
0.12879
0.12873
0.12866
0.12859
0.12852
0.12845
0.12839
0.12832
0.12825
0.12818
0.12812
0.12805
0.12798
0.12792
0.12785
0.12778
0.12771
0.12765
0.12758
0.12751
0.12744
0.12738
0.12731
0.12724
0.12718
0.12711
0.12704
0.12698
0.12691
0.12684
0.12678
0.12671
0.12664
0.12658
0.12651
0.12644
0.12638
0.12631
0.12624
0.12618
0.12611
0.12604
0.12598
0.12591
0.12585
0.12578
0.12571
0.12565
0.12558
0.12551
0.12545
0.12538
0.12532
0.12525
0.12519
0.12512
0.12505
0.12499
0.12492
0.12486
0.12479
0.12472
0.12466
0.12459
0.12453
0.12446
0.12440
0.12433
0.12427
0.12420
0.12414
0.12407
0.12400
0.12394
0.12387
0.12381
0.12374
0.12368
0.12361
0.12355
0.12348
0.12342
0.12335
0.12329
0.12322
0.12316
0.12309
0.12303
0.12297
0.12290
0.12284
0.12277
0.12271
0.12264
0.12258
0.12251
0.12245
0.12238
0.12232
0.12226
0.12219
0.12213
0.12206
0.12200
0.12193
0.12187
0.12181
0.12174
0.12168
0.12161
0.12155
0.12149
0.12142
0.12136
0.12129
0.12123
0.12117
0.12110
0.12104
0.12098
0.12091
0.12085
0.12078
0.12072
0.12066
0.12059
0.12053
0.12047
0.12040
0.12034
0.12028
0.12021
0.12015
0.12009
0.12002
0.11996
0.11990
0.11983
0.11977
0.11971
0.11965
0.11958
0.11952
0.11946
0.11939
0.11933
0.11927
0.11921
0.11914
0.11908
0.11902
0.11896
0.11889
0.11883
0.11877
0.11871
0.11864
0.11858
0.11852
0.11846
0.11839
0.11833
0.11827
0.11821
0.11814
0.11808
0.11802
0.11796
0.11790
0.11783
0.11777
0.11771
0.11765
0.11759
0.11752
0.11746
0.11740
0.11734
0.11728
0.11722
0.11715
0.11709
0.11703
0.11697
0.11691
0.11685
0.11678
0.11672
0.11666
0.11660
0.11654
0.11648
0.11642
0.11636
0.11629
0.11623
0.11617
0.11611
0.11605
0.11599
0.11593
0.11587
0.11581
0.11574
0.11568
0.11562
0.11556
0.11550
0.11544
0.11538
0.11532
0.11526
0.11520
0.11514
0.11508
0.11502
0.11496
0.11489
0.11483
0.11477
0.11471
0.11465
0.11459
0.11453
0.11447
0.11441
0.11435
0.11429
0.11423
0.11417
0.11411
0.11405
0.11399
0.11393
0.11387
0.11381
0.11375
0.11369
0.11363
0.11357
0.11351
0.11345
0.11339
0.11333
0.11327
0.11321
0.11315
0.11310
0.11304
0.11298
0.11292
0.11286
0.11280
0.11274
0.11268
0.11262
0.11256
0.11250
0.11244
0.11238
0.11232
0.11227
0.11221
0.11215
0.11209
0.11203
0.11197
0.11191
0.11185
0.11179
0.11173
0.11168
0.11162
0.11156
0.11150
0.11144
0.11138
0.11132
0.11127
0.11121
0.11115
0.11109
0.11103
0.11097
0.11091
0.11086
0.11080
0.11074
0.11068
0.11062
0.11056
0.11051
0.11045
0.11039
0.11033
0.11027
0.11022
0.11016
0.11010
0.11004
0.10998
0.10993
0.10987
0.10981
0.10975
0.10970
0.10964
0.10958
0.10952
0.10946
0.10941
0.10935
0.10929
0.10923
0.10918
0.10912
0.10906
0.10900
0.10895
0.10889
0.10883
0.10878
0.10872
0.10866
0.10860
0.10855
0.10849
0.10843
0.10838
0.10832
0.10826
0.10820
0.10815
0.10809
0.10803
0.10798
0.10792
0.10786
0.10781
0.10775
0.10769
0.10764
0.10758
0.10752
0.10747
0.10741
0.10735
0.10730
0.10724
0.10718
0.10713
0.10707
0.10702
0.10696
0.10690
0.10685
0.10679
0.10673
0.10668
0.10662
0.10657
0.10651
0.10645
0.10640
0.10634
0.10629
0.10623
0.10617
0.10612
0.10606
0.10601
0.10595
0.10590
0.10584
0.10578
0.10573
0.10567
0.10562
0.10556
0.10551
0.10545
0.10539
0.10534
0.10528
0.10523
0.10517
0.10512
0.10506
0.10501
0.10495
0.10490
0.10484
0.10479
0.10473
0.10468
0.10462
0.10457
0.10451
0.10446
0.10440
0.10435
0.10429
0.10424
0.10418
0.10413
0.10407
0.10402
0.10396
0.10391
0.10385
0.10380
0.10374
0.10369
0.10363
0.10358
0.10353
0.10347
0.10342
0.10336
0.10331
0.10325
0.10320
0.10315
0.10309
0.10304
0.10298
0.10293
0.10287
0.10282
0.10277
0.10271
0.10266
0.10260
0.10255
0.10250
0.10244
0.10239
0.10233
0.10228
0.10223
0.10217
0.10212
0.10207
0.10201
0.10196
0.10190
0.10185
0.10180
0.10174
0.10169
0.10164
0.10158
0.10153
0.10148
0.10142
0.10137
0.10132
0.10126
0.10121
0.10116
0.10110
0.10105
0.10100
0.10094
0.10089
0.10084
0.10078
0.10073
0.10068
0.10063
0.10057
0.10052
0.10047
0.10041
0.10036
0.10031
0.10026
0.10020
0.10015
0.10010
0.10004
0.09999
0.09994
0.09989
0.09983
0.09978
0.09973
0.09968
0.09962
0.09957
0.09952
0.09947
0.09941
0.09936
0.09931
0.09926
0.09921
0.09915
0.09910
0.09905
0.09900
0.09895
0.09889
0.09884
0.09879
0.09874
0.09869
0.09863
0.09858
0.09853
0.09848
0.09843
0.09837
0.09832
0.09827
0.09822
0.09817
0.09812
0.09806
0.09801
0.09796
0.09791
0.09786
0.09781
0.09775
0.09770
0.09765
0.09760
0.09755
0.09750
0.09745
0.09740
0.09734
0.09729
0.09724
0.09719
0.09714
0.09709
0.09704
0.09699
0.09694
0.09688
0.09683
0.09678
0.09673
0.09668
0.09663
0.09658
0.09653
0.09648
0.09643
0.09638
0.09633
0.09627
0.09622
0.09617
0.09612
0.09607
0.09602
0.09597
0.09592
0.09587
0.09582
0.09577
0.09572
0.09567
0.09562
0.09557
0.09552
0.09547
0.09542
0.09537
0.09532
0.09527
0.09522
0.09517
0.09512
0.09507
0.09502
0.09497
0.09492
0.09487
0.09482
0.09477
0.09472
0.09467
0.09462
0.09457
0.09452
0.09447
0.09442
0.09437
0.09432
0.09427
0.09422
0.09417
0.09412
0.09407
0.09402
0.09397
0.09392
0.09387
0.09382
0.09377
0.09372
0.09368
0.09363
0.09358
0.09353
0.09348
0.09343
0.09338
0.09333
0.09328
0.09323
0.09318
0.09313
0.09309
0.09304
0.09299
0.09294
0.09289
0.09284
0.09279
0.09274
0.09269
0.09265
0.09260
0.09255
0.09250
0.09245
0.09240
0.09235
0.09231
0.09226
0.09221
0.09216
0.09211
0.09206
0.09201
0.09197
0.09192
0.09187
0.09182
0.09177
0.09172
0.09168
0.09163
0.09158
0.09153
0.09148
0.09144
0.09139
0.09134
0.09129
0.09124
0.09120
0.09115
0.09110
0.09105
0.09100
0.09096
0.09091
0.09086
0.09081
0.09076
0.09072
0.09067
0.09062
0.09057
0.09053
0.09048
0.09043
0.09038
0.09034
0.09029
0.09024
0.09019
0.09015
0.09010
0.09005
0.09000
0.08996
0.08991
0.08986
0.08981
0.08977
0.08972
0.08967
0.08963
0.08958
0.08953
0.08948
0.08944
0.08939
0.08934
0.08930
0.08925
0.08920
0.08915
0.08911
0.08906
0.08901
0.08897
0.08892
0.08887
0.08883
0.08878
0.08873
0.08869
0.08864
0.08859
0.08855
0.08850
0.08845
0.08841
0.08836
0.08831
0.08827
0.08822
0.08817
0.08813
0.08808
0.08804
0.08799
0.08794
0.08790
0.08785
0.08780
0.08776
0.08771
0.08767
0.08762
0.08757
0.08753
0.08748
0.08744
0.08739
0.08734
0.08730
0.08725
0.08721
0.08716
0.08711
0.08707
0.08702
0.08698
0.08693
0.08689
0.08684
0.08679
0.08675
0.08670
0.08666
0.08661
0.08657
0.08652
0.08647
0.08643
0.08638
0.08634
0.08629
0.08625
0.08620
0.08616
0.08611
0.08607
0.08602
0.08598
0.08593
0.08589
0.08584
0.08579
0.08575
0.08570
0.08566
0.08561
0.08557
0.08552
0.08548
0.08543
0.08539
0.08534
0.08530
0.08525
0.08521
0.08516
0.08512
0.08508
0.08503
0.08499
0.08494
0.08490
0.08485
0.08481
0.08476
0.08472
0.08467
0.08463
0.08458
0.08454
0.08450
0.08445
0.08441
0.08436
0.08432
0.08427
0.08423
0.08418
0.08414
0.08410
0.08405
0.08401
0.08396
0.08392
0.08388
0.08383
0.08379
0.08374
0.08370
0.08365
0.08361
0.08357
0.08352
0.08348
0.08343
0.08339
0.08335
0.08330
0.08326
0.08322
0.08317
0.08313
0.08308
0.08304
0.08300
0.08295
0.08291
0.08287
0.08282
0.08278
0.08274
0.08269
0.08265
0.08260
0.08256
0.08252
0.08247
0.08243
0.08239
0.08234
0.08230
0.08226
0.08221
0.08217
0.08213
0.08208
0.08204
0.08200
0.08196
0.08191
0.08187
0.08183
0.08178
0.08174
0.08170
0.08165
0.08161
0.08157
0.08153
0.08148
0.08144
0.08140
0.08135
0.08131
0.08127
0.08123
0.08118
0.08114
0.08110
0.08105
0.08101
0.08097
0.08093
0.08088
0.08084
0.08080
0.08076
0.08071
0.08067
0.08063
0.08059
0.08054
0.08050
0.08046
0.08042
0.08038
0.08033
0.08029
0.08025
0.08021
0.08016
0.08012
0.08008
0.08004
0.08000
0.07995
0.07991
0.07987
0.07983
0.07979
0.07974
0.07970
0.07966
0.07962
0.07958
0.07953
0.07949
0.07945
0.07941
0.07937
0.07932
0.07928
0.07924
0.07920
0.07916
0.07912
0.07907
0.07903
0.07899
0.07895
0.07891
0.07887
0.07883
0.07878
0.07874
0.07870
0.07866
0.07862
0.07858
0.07854
0.07849
0.07845
0.07841
0.07837
0.07833
0.07829
0.07825
0.07821
0.07816
0.07812
0.07808
0.07804
0.07800
0.07796
0.07792
0.07788
0.07784
0.07780
0.07775
0.07771
0.07767
0.07763
0.07759
0.07755
0.07751
0.07747
0.07743
0.07739
0.07735
0.07731
0.07726
0.07722
0.07718
0.07714
0.07710
0.07706
0.07702
0.07698
0.07694
0.07690
0.07686
0.07682
0.07678
0.07674
0.07670
0.07666
0.07662
0.07658
0.07654
0.07650
0.07646
0.07642
0.07638
0.07634
0.07629
0.07625
0.07621
0.07617
0.07613
0.07609
0.07605
0.07601
0.07597
0.07593
0.07589
0.07585
0.07581
0.07577
0.07573
0.07570
0.07566
0.07562
0.07558
0.07554
0.07550
0.07546
0.07542
0.07538
0.07534
0.07530
0.07526
0.07522
0.07518
0.07514
0.07510
0.07506
0.07502
0.07498
0.07494
0.07490
0.07486
0.07482
0.07478
0.07475
0.07471
0.07467
0.07463
0.07459
0.07455
0.07451
0.07447
0.07443
0.07439
0.07435
0.07431
0.07427
0.07424
0.07420
0.07416
0.07412
0.07408
0.07404
0.07400
0.07396
0.07392
0.07388
0.07385
0.07381
0.07377
0.07373
0.07369
0.07365
0.07361
0.07357
0.07354
0.07350
0.07346
0.07342
0.07338
0.07334
0.07330
0.07327
0.07323
0.07319
0.07315
0.07311
0.07307
0.07303
0.07300
0.07296
0.07292
0.07288
0.07284
0.07280
0.07277
0.07273
0.07269
0.07265
0.07261
0.07257
0.07254
0.07250
0.07246
0.07242
0.07238
0.07235
0.07231
0.07227
0.07223
0.07219
0.07216
0.07212
0.07208
0.07204
0.07200
0.07197
0.07193
0.07189
0.07185
0.07181
0.07178
0.07174
0.07170
0.07166
0.07163
0.07159
0.07155
0.07151
0.07148
0.07144
0.07140
0.07136
0.07133
0.07129
0.07125
0.07121
0.07118
0.07114
0.07110
0.07106
0.07103
0.07099
0.07095
0.07091
0.07088
0.07084
0.07080
0.07076
0.07073
0.07069
0.07065
0.07062
0.07058
0.07054
0.07050
0.07047
0.07043
0.07039
0.07036
0.07032
0.07028
0.07024
0.07021
0.07017
0.07013
0.07010
0.07006
0.07002
0.06999
0.06995
0.06991
0.06988
0.06984
0.06980
0.06977
0.06973
0.06969
0.06966
0.06962
0.06958
0.06955
0.06951
0.06947
0.06944
0.06940
0.06936
0.06933
0.06929
0.06925
0.06922
0.06918
0.06914
0.06911
0.06907
0.06904
0.06900
0.06896
0.06893
0.06889
0.06885
0.06882
0.06878
0.06875
0.06871
0.06867
0.06864
0.06860
0.06856
0.06853
0.06849
0.06846
0.06842
0.06838
0.06835
0.06831
0.06828
0.06824
0.06821
0.06817
0.06813
0.06810
0.06806
0.06803
0.06799
0.06795
0.06792
0.06788
0.06785
0.06781
0.06778
0.06774
0.06770
0.06767
0.06763
0.06760
0.06756
0.06753
0.06749
0.06746
0.06742
0.06738
0.06735
0.06731
0.06728
0.06724
0.06721
0.06717
0.06714
0.06710
0.06707
0.06703
0.06700
0.06696
0.06693
0.06689
0.06685
0.06682
0.06678
0.06675
0.06671
0.06668
0.06664
0.06661
0.06657
0.06654
0.06650
0.06647
0.06643
0.06640
0.06636
0.06633
0.06629
0.06626
0.06622
0.06619
0.06615
0.06612
0.06609
0.06605
0.06602
0.06598
0.06595
0.06591
0.06588
0.06584
0.06581
0.06577
0.06574
0.06570
0.06567
0.06563
0.06560
0.06557
0.06553
0.06550
0.06546
0.06543
0.06539
0.06536
0.06532
0.06529
0.06526
0.06522
0.06519
0.06515
0.06512
0.06508
0.06505
0.06502
0.06498
0.06495
0.06491
0.06488
0.06485
0.06481
0.06478
0.06474
0.06471
0.06467
0.06464
0.06461
0.06457
0.06454
0.06450
0.06447
0.06444
0.06440
0.06437
0.06434
0.06430
0.06427
0.06423
0.06420
0.06417
0.06413
0.06410
0.06406
0.06403
0.06400
0.06396
0.06393
0.06390
0.06386
0.06383
0.06380
0.06376
0.06373
0.06370
0.06366
0.06363
0.06359
0.06356
0.06353
0.06349
0.06346
0.06343
0.06339
0.06336
0.06333
0.06329
0.06326
0.06323
0.06319
0.06316
0.06313
0.06309
0.06306
0.06303
0.06300
0.06296
0.06293
0.06290
0.06286
0.06283
0.06280
0.06276
0.06273
0.06270
0.06266
0.06263
0.06260
0.06257
0.06253
0.06250
0.06247
0.06243
0.06240
0.06237
0.06234
0.06230
0.06227
0.06224
0.06220
0.06217
0.06214
0.06211
0.06207
0.06204
0.06201
0.06198
0.06194
0.06191
0.06188
0.06185
0.06181
0.06178
0.06175
0.06172
0.06168
0.06165
0.06162
0.06159
0.06155
0.06152
0.06149
0.06146
0.06142
0.06139
0.06136
0.06133
0.06129
0.06126
0.06123
0.06120
0.06117
0.06113
0.06110
0.06107
0.06104
0.06101
0.06097
0.06094
0.06091
0.06088
0.06084
0.06081
0.06078
0.06075
0.06072
0.06068
0.06065
0.06062
0.06059
0.06056
0.06053
0.06049
0.06046
0.06043
0.06040
0.06037
0.06033
0.06030
0.06027
0.06024
0.06021
0.06018
0.06014
0.06011
0.06008
0.06005
0.06002
0.05999
0.05995
0.05992
0.05989
0.05986
0.05983
0.05980
0.05977
0.05973
0.05970
0.05967
0.05964
0.05961
0.05958
0.05955
0.05951
0.05948
0.05945
0.05942
0.05939
0.05936
0.05933
0.05930
0.05926
0.05923
0.05920
0.05917
0.05914
0.05911
0.05908
0.05905
0.05902
0.05898
0.05895
0.05892
0.05889
0.05886
0.05883
0.05880
0.05877
0.05874
0.05871
0.05868
0.05864
0.05861
0.05858
0.05855
0.05852
0.05849
0.05846
0.05843
0.05840
0.05837
0.05834
0.05831
0.05828
0.05824
0.05821
0.05818
0.05815
0.05812
0.05809
0.05806
0.05803
0.05800
0.05797
0.05794
0.05791
0.05788
0.05785
0.05782
0.05779
0.05776
0.05773
0.05770
0.05767
0.05763
0.05760
0.05757
0.05754
0.05751
0.05748
0.05745
0.05742
0.05739
0.05736
0.05733
0.05730
0.05727
0.05724
0.05721
0.05718
0.05715
0.05712
0.05709
0.05706
0.05703
0.05700
0.05697
0.05694
0.05691
0.05688
0.05685
0.05682
0.05679
0.05676
0.05673
0.05670
0.05667
0.05664
0.05661
0.05658
0.05655
0.05652
0.05649
0.05646
0.05643
0.05640
0.05637
0.05635
0.05632
0.05629
0.05626
0.05623
0.05620
0.05617
0.05614
0.05611
0.05608
0.05605
0.05602
0.05599
0.05596
0.05593
0.05590
0.05587
0.05584
0.05581
0.05578
0.05576
0.05573
0.05570
0.05567
0.05564
0.05561
0.05558
0.05555
0.05552
0.05549
0.05546
0.05543
0.05540
0.05538
0.05535
0.05532
0.05529
0.05526
0.05523
0.05520
0.05517
0.05514
0.05511
0.05508
0.05506
0.05503
0.05500
0.05497
0.05494
0.05491
0.05488
0.05485
0.05482
0.05480
0.05477
0.05474
0.05471
0.05468
0.05465
0.05462
0.05459
0.05457
0.05454
0.05451
0.05448
0.05445
0.05442
0.05439
0.05436
0.05434
0.05431
0.05428
0.05425
0.05422
0.05419
0.05416
0.05414
0.05411
0.05408
0.05405
0.05402
0.05399
0.05397
0.05394
0.05391
0.05388
0.05385
0.05382
0.05380
0.05377
0.05374
0.05371
0.05368
0.05365
0.05363
0.05360
0.05357
0.05354
0.05351
0.05348
0.05346
0.05343
0.05340
0.05337
0.05334
0.05332
0.05329
0.05326
0.05323
0.05320
0.05318
0.05315
0.05312
0.05309
0.05306
0.05304
0.05301
0.05298
0.05295
0.05292
0.05290
0.05287
0.05284
0.05281
0.05279
0.05276
0.05273
0.05270
0.05267
0.05265
0.05262
0.05259
0.05256
0.05254
0.05251
0.05248
0.05245
0.05243
0.05240
0.05237
0.05234
0.05232
0.05229
0.05226
0.05223
0.05221
0.05218
0.05215
0.05212
0.05210
0.05207
0.05204
0.05201
0.05199
0.05196
0.05193
0.05190
0.05188
0.05185
0.05182
0.05180
0.05177
0.05174
0.05171
0.05169
0.05166
0.05163
0.05160
0.05158
0.05155
0.05152
0.05150
0.05147
0.05144
0.05142
0.05139
0.05136
0.05133
0.05131
0.05128
0.05125
0.05123
0.05120
0.05117
0.05115
0.05112
0.05109
0.05106
0.05104
0.05101
0.05098
0.05096
0.05093
0.05090
0.05088
0.05085
0.05082
0.05080
0.05077
0.05074
0.05072
0.05069
0.05066
0.05064
0.05061
0.05058
0.05056
0.05053
0.05050
0.05048
0.05045
0.05042
0.05040
0.05037
0.05034
0.05032
0.05029
0.05026
0.05024
0.05021
0.05019
0.05016
0.05013
0.05011
0.05008
0.05005
0.05003
0.05000
0.04997
0.04995
0.04992
0.04990
0.04987
0.04984
0.04982
0.04979
0.04976
0.04974
0.04971
0.04969
0.04966
0.04963
0.04961
0.04958
0.04956
0.04953
0.04950
0.04948
0.04945
0.04943
0.04940
0.04937
0.04935
0.04932
0.04930
0.04927
0.04924
0.04922
0.04919
0.04917
0.04914
0.04911
0.04909
0.04906
0.04904
0.04901
0.04899
0.04896
0.04893
0.04891
0.04888
0.04886
0.04883
0.04881
0.04878
0.04875
0.04873
0.04870
0.04868
0.04865
0.04863
0.04860
0.04857
0.04855
0.04852
0.04850
0.04847
0.04845
0.04842
0.04840
0.04837
0.04835
0.04832
0.04829
0.04827
0.04824
0.04822
0.04819
0.04817
0.04814
0.04812
0.04809
0.04807
0.04804
0.04802
0.04799
0.04796
0.04794
0.04791
0.04789
0.04786
0.04784
0.04781
0.04779
0.04776
0.04774
0.04771
0.04769
0.04766
0.04764
0.04761
0.04759
0.04756
0.04754
0.04751
0.04749
0.04746
0.04744
0.04741
0.04739
0.04736
0.04734
0.04731
0.04729
0.04726
0.04724
0.04721
0.04719
0.04716
0.04714
0.04711
0.04709
0.04706
0.04704
0.04702
0.04699
0.04697
0.04694
0.04692
0.04689
0.04687
0.04684
0.04682
0.04679
0.04677
0.04674
0.04672
0.04669
0.04667
0.04665
0.04662
0.04660
0.04657
0.04655
0.04652
0.04650
0.04647
0.04645
0.04643
0.04640
0.04638
0.04635
0.04633
0.04630
0.04628
0.04625
0.04623
0.04621
0.04618
0.04616
0.04613
0.04611
0.04608
0.04606
0.04604
0.04601
0.04599
0.04596
0.04594
0.04592
0.04589
0.04587
0.04584
0.04582
0.04579
0.04577
0.04575
0.04572
0.04570
0.04567
0.04565
0.04563
0.04560
0.04558
0.04555
0.04553
0.04551
0.04548
0.04546
0.04543
0.04541
0.04539
0.04536
0.04534
0.04531
0.04529
0.04527
0.04524
0.04522
0.04520
0.04517
0.04515
0.04512
0.04510
