1.00000
0.99993
0.99985
0.99978
0.99970
0.99963
0.99955
0.99948
0.99940
0.99933
0.99925
0.99918
0.99910
0.99903
0.99895
0.99888
0.99880
0.99873
0.99865
0.99858
0.99850
0.99843
0.99835
0.99828
0.99820
0.99813
0.99805
0.99798
0.99790
0.99783
0.99775
0.99768
0.99760
0.99753
0.99745
0.99738
0.99730
0.99723
0.99715
0.99708
0.99700
0.99693
0.99685
0.99678
0.99670
0.99663
0.99655
0.99648
0.99640
0.99633
0.99625
0.99618
0.99610
0.99603
0.99595
0.99588
0.99580
0.99573
0.99565
0.99558
0.99550
0.99543
0.99535
0.99528
0.99520
0.99513
0.99505
0.99498
0.99490
0.99483
0.99475
0.99468
0.99460
0.99453
0.99445
0.99438
0.99430
0.99423
0.99415
0.99408
0.99400
0.99393
0.99385
0.99377
0.99370
0.99362
0.99355
0.99347
0.99340
0.99332
0.99325
0.99317
0.99310
0.99302
0.99295
0.99287
0.99280
0.99272
0.99265
0.99257
0.99250
0.99242
0.99235
0.99227
0.99220
0.99212
0.99205
0.99197
0.99190
0.99182
0.99175
0.99167
0.99160
0.99152
0.99145
0.99137
0.99130
0.99122
0.99115
0.99107
0.99100
0.99092
0.99085
0.99077
0.99070
0.99062
0.99055
0.99047
0.99040
0.99032
0.99025
0.99017
0.99010
0.99002
0.98995
0.98987
0.98980
0.98972
0.98965
0.98957
0.98950
0.98942
0.98935
0.98927
0.98920
0.98912
0.98905
0.98897
0.98890
0.98882
0.98875
0.98867
0.98860
0.98852
0.98845
0.98837
0.98830
0.98822
0.98815
0.98807
0.98800
0.98792
0.98785
0.98777
0.98770
0.98762
0.98755
0.98747
0.98740
0.98732
0.98725
0.98717
0.98710
0.98702
0.98695
0.98687
0.98680
0.98672
0.98665
0.98657
0.98650
0.98642
0.98635
0.98627
0.98620
0.98612
0.98605
0.98597
0.98590
0.98582
0.98575
0.98567
0.98560
0.98552
0.98545
0.98537
0.98530
0.98522
0.98515
0.98507
0.98500
0.98492
0.98485
0.98477
0.98470
0.98462
0.98455
0.98447
0.98440
0.98432
0.98425
0.98417
0.98410
0.98402
0.98395
0.98387
0.98380
0.98372
0.98365
0.98357
0.98350
0.98342
0.98335
0.98327
0.98320
0.98312
0.98305
0.98297
0.98290
0.98282
0.98275
0.98267
0.98260
0.98252
0.98245
0.98237
0.98230
0.98222
0.98215
0.98207
0.98200
0.98192
0.98185
0.98177
0.98170
0.98162
0.98155
0.98147
0.98140
0.98132
0.98125
0.98117
0.98110
0.98102
0.98095
0.98087
0.98080
0.98072
0.98065
0.98057
0.98050
0.98042
0.98035
0.98027
0.98020
0.98012
0.98005
0.97997
0.97990
0.97982
0.97975
0.97967
0.97960
0.97952
0.97945
0.97937
0.97930
0.97922
0.97915
0.97907
0.97900
0.97892
0.97885
0.97877
0.97870
0.97862
0.97855
0.97847
0.97840
0.97832
0.97825
0.97817
0.97810
0.97802
0.97795
0.97787
0.97780
0.97772
0.97765
0.97757
0.97750
0.97742
0.97735
0.97727
0.97720
0.97712
0.97705
0.97697
0.97690
0.97682
0.97675
0.97667
0.97660
0.97652
0.97645
0.97637
0.97630
0.97622
0.97615
0.97607
0.97600
0.97592
0.97585
0.97577
0.97570
0.97562
0.97555
0.97547
0.97540
0.97532
0.97525
0.97517
0.97510
0.97502
0.97495
0.97487
0.97480
0.97472
0.97465
0.97457
0.97450
0.97442
0.97435
0.97427
0.97420
0.97412
0.97405
0.97397
0.97390
0.97382
0.97375
0.97367
0.97360
0.97352
0.97345
0.97337
0.97330
0.97322
0.97315
0.97307
0.97300
0.97292
0.97285
0.97277
0.97270
0.97262
0.97255
0.97247
0.97240
0.97232
0.97225
0.97217
0.97210
0.97202
0.97195
0.97187
0.97180
0.97172
0.97165
0.97157
0.97150
0.97142
0.97135
0.97127
0.97120
0.97112
0.97105
0.97097
0.97090
0.97082
0.97075
0.97067
0.97060
0.97052
0.97045
0.97037
0.97030
0.97022
0.97015
0.97007
0.97000
0.96992
0.96985
0.96977
0.96970
0.96962
0.96955
0.96947
0.96940
0.96932
0.96925
0.96917
0.96910
0.96902
0.96895
0.96887
0.96880
0.96872
0.96865
0.96857
0.96850
0.96842
0.96835
0.96827
0.96820
0.96812
0.96805
0.96797
0.96790
0.96782
0.96775
0.96767
0.96760
0.96752
0.96745
0.96737
0.96730
0.96722
0.96715
0.96707
0.96700
0.96692
0.96685
0.96677
0.96670
0.96662
0.96655
0.96647
0.96640
0.96632
0.96625
0.96617
0.96610
0.96602
0.96595
0.96587
0.96580
0.96572
0.96565
0.96557
0.96550
0.96542
0.96535
0.96527
0.96520
0.96512
0.96505
0.96497
0.96490
0.96482
0.96475
0.96467
0.96460
0.96452
0.96445
0.96437
0.96430
0.96422
0.96415
0.96407
0.96400
0.96392
0.96385
0.96377
0.96370
0.96362
0.96355
0.96347
0.96340
0.96332
0.96325
0.96317
0.96310
0.96302
0.96295
0.96287
0.96280
0.96272
0.96265
0.96257
0.96250
0.96242
0.96235
0.96227
0.96220
0.96212
0.96205
0.96197
0.96190
0.96182
0.96175
0.96167
0.96160
0.96152
0.96145
0.96137
0.96130
0.96122
0.96115
0.96107
0.96100
0.96092
0.96085
0.96077
0.96070
0.96062
0.96055
0.96047
0.96040
0.96032
0.96025
0.96017
0.96010
0.96002
0.95995
0.95987
0.95980
0.95972
0.95965
0.95957
0.95950
0.95942
0.95935
0.95927
0.95920
0.95912
0.95905
0.95897
0.95890
0.95882
0.95875
0.95867
0.95860
0.95852
0.95845
0.95837
0.95830
0.95822
0.95815
0.95807
0.95800
0.95792
0.95785
0.95777
0.95770
0.95762
0.95755
0.95747
0.95740
0.95732
0.95725
0.95717
0.95710
0.95702
0.95695
0.95687
0.95680
0.95672
0.95665
0.95657
0.95650
0.95642
0.95635
0.95627
0.95620
0.95612
0.95605
0.95597
0.95590
0.95582
0.95575
0.95567
0.95560
0.95552
0.95545
0.95537
0.95530
0.95522
0.95515
0.95507
0.95500
0.95492
0.95485
0.95477
0.95470
0.95462
0.95455
0.95447
0.95440
0.95432
0.95425
0.95417
0.95410
0.95402
0.95395
0.95387
0.95380
0.95372
0.95365
0.95357
0.95350
0.95342
0.95335
0.95327
0.95320
0.95312
0.95305
0.95297
0.95290
0.95282
0.95275
0.95267
0.95260
0.95252
0.95245
0.95237
0.95230
0.95222
0.95215
0.95207
0.95200
0.95192
0.95185
0.95177
0.95170
0.95162
0.95155
0.95147
0.95140
0.95132
0.95125
0.95117
0.95110
0.95102
0.95095
0.95087
0.95080
0.95072
0.95065
0.95057
0.95050
0.95042
0.95035
0.95027
0.95020
0.95012
0.95005
0.94997
0.94990
0.94982
0.94975
0.94967
0.94960
0.94952
0.94945
0.94937
0.94930
0.94922
0.94915
0.94907
0.94900
0.94892
0.94885
0.94877
0.94870
0.94862
0.94855
0.94847
0.94840
0.94832
0.94825
0.94817
0.94810
0.94802
0.94795
0.94787
0.94780
0.94772
0.94765
0.94757
0.94750
0.94742
0.94735
0.94727
0.94720
0.94712
0.94705
0.94697
0.94690
0.94682
0.94675
0.94667
0.94660
0.94652
0.94645
0.94637
0.94630
0.94622
0.94615
0.94607
0.94600
0.94592
0.94585
0.94577
0.94570
0.94562
0.94555
0.94547
0.94540
0.94532
0.94525
0.94517
0.94510
0.94502
0.94495
0.94487
0.94480
0.94472
0.94465
0.94457
0.94450
0.94442
0.94435
0.94427
0.94420
0.94412
0.94405
0.94397
0.94390
0.94382
0.94375
0.94367
0.94360
0.94352
0.94345
0.94337
0.94330
0.94322
0.94315
0.94307
0.94300
0.94292
0.94285
0.94277
0.94270
0.94262
0.94255
0.94247
0.94240
0.94232
0.94225
0.94217
0.94210
0.94202
0.94195
0.94187
0.94180
0.94172
0.94165
0.94157
0.94150
0.94142
0.94135
0.94127
0.94120
0.94112
0.94105
0.94097
0.94090
0.94082
0.94075
0.94067
0.94060
0.94052
0.94045
0.94037
0.94030
0.94022
0.94015
0.94007
0.94000
0.93992
0.93985
0.93977
0.93970
0.93962
0.93955
0.93947
0.93940
0.93932
0.93925
0.93917
0.93910
0.93902
0.93895
0.93887
0.93880
0.93872
0.93865
0.93857
0.93850
0.93842
0.93835
0.93827
0.93820
0.93812
0.93805
0.93797
0.93790
0.93782
0.93775
0.93767
0.93760
0.93752
0.93745
0.93737
0.93730
0.93722
0.93715
0.93707
0.93700
0.93692
0.93685
0.93677
0.93670
0.93662
0.93655
0.93647
0.93640
0.93632
0.93625
0.93617
0.93610
0.93602
0.93595
0.93587
0.93580
0.93572
0.93565
0.93557
0.93550
0.93542
0.93535
0.93527
0.93520
0.93512
0.93505
0.93497
0.93490
0.93482
0.93475
0.93467
0.93460
0.93452
0.93445
0.93437
0.93430
0.93422
0.93415
0.93407
0.93400
0.93392
0.93385
0.93377
0.93370
0.93362
0.93355
0.93347
0.93340
0.93332
0.93325
0.93317
0.93310
0.93302
0.93295
0.93287
0.93280
0.93272
0.93265
0.93257
0.93250
0.93242
0.93235
0.93227
0.93220
0.93212
0.93205
0.93197
0.93190
0.93182
0.93175
0.93167
0.93160
0.93152
0.93145
0.93137
0.93130
0.93122
0.93115
0.93107
0.93100
0.93092
0.93085
0.93077
0.93070
0.93062
0.93055
0.93047
0.93040
0.93032
0.93025
0.93017
0.93010
0.93002
0.92995
0.92987
0.92980
0.92972
0.92965
0.92957
0.92950
0.92942
0.92935
0.92927
0.92920
0.92912
0.92905
0.92897
0.92890
0.92882
0.92875
0.92867
0.92860
0.92852
0.92845
0.92837
0.92830
0.92822
0.92815
0.92807
0.92800
0.92792
0.92785
0.92777
0.92770
0.92762
0.92755
0.92747
0.92740
0.92732
0.92725
0.92717
0.92710
0.92702
0.92695
0.92687
0.92680
0.92672
0.92665
0.92657
0.92650
0.92642
0.92635
0.92627
0.92620
0.92612
0.92605
0.92597
0.92590
0.92582
0.92575
0.92567
0.92560
0.92552
0.92545
0.92537
0.92530
0.92522
0.92515
0.92507
0.92500
0.92492
0.92485
0.92477
0.92470
0.92462
0.92455
0.92447
0.92440
0.92432
0.92425
0.92417
0.92410
0.92402
0.92395
0.92387
0.92380
0.92372
0.92365
0.92357
0.92350
0.92342
0.92335
0.92327
0.92320
0.92312
0.92305
0.92297
0.92290
0.92282
0.92275
0.92267
0.92260
0.92252
0.92245
0.92237
0.92230
0.92222
0.92215
0.92207
0.92200
0.92192
0.92185
0.92177
0.92170
0.92162
0.92155
0.92147
0.92140
0.92132
0.92125
0.92117
0.92110
0.92102
0.92095
0.92087
0.92080
0.92072
0.92065
0.92057
0.92050
0.92042
0.92035
0.92027
0.92020
0.92012
0.92005
0.91997
0.91990
0.91982
0.91975
0.91967
0.91960
0.91952
0.91945
0.91937
0.91930
0.91922
0.91915
0.91907
0.91900
0.91892
0.91885
0.91877
0.91870
0.91862
0.91855
0.91847
0.91840
0.91832
0.91825
0.91817
0.91810
0.91802
0.91795
0.91787
0.91780
0.91772
0.91765
0.91757
0.91750
0.91742
0.91735
0.91727
0.91720
0.91712
0.91705
0.91697
0.91690
0.91682
0.91675
0.91667
0.91660
0.91652
0.91645
0.91637
0.91630
0.91622
0.91615
0.91607
0.91600
0.91592
0.91585
0.91577
0.91570
0.91562
0.91555
0.91547
0.91540
0.91532
0.91525
0.91517
0.91510
0.91502
0.91495
0.91487
0.91480
0.91472
0.91465
0.91457
0.91450
0.91442
0.91435
0.91427
0.91420
0.91412
0.91405
0.91397
0.91390
0.91382
0.91375
0.91367
0.91360
0.91352
0.91345
0.91337
0.91330
0.91322
0.91315
0.91307
0.91300
0.91292
0.91285
0.91277
0.91270
0.91262
0.91255
0.91247
0.91240
0.91232
0.91225
0.91217
0.91210
0.91202
0.91195
0.91187
0.91180
0.91172
0.91165
0.91157
0.91150
0.91142
0.91135
0.91127
0.91120
0.91112
0.91105
0.91097
0.91090
0.91082
0.91075
0.91067
0.91060
0.91052
0.91045
0.91037
0.91030
0.91022
0.91015
0.91007
0.91000
0.90992
0.90985
0.90977
0.90970
0.90962
0.90955
0.90947
0.90940
0.90932
0.90925
0.90917
0.90910
0.90902
0.90895
0.90887
0.90880
0.90872
0.90865
0.90857
0.90850
0.90842
0.90835
0.90827
0.90820
0.90812
0.90805
0.90797
0.90790
0.90782
0.90775
0.90767
0.90760
0.90752
0.90745
0.90737
0.90730
0.90722
0.90715
0.90707
0.90700
0.90692
0.90685
0.90677
0.90670
0.90662
0.90655
0.90647
0.90640
0.90632
0.90625
0.90617
0.90610
0.90602
0.90595
0.90587
0.90580
0.90572
0.90565
0.90557
0.90550
0.90542
0.90535
0.90527
0.90520
0.90512
0.90505
0.90497
0.90490
0.90482
0.90475
0.90467
0.90460
0.90452
0.90445
0.90437
0.90430
0.90422
0.90415
0.90407
0.90400
0.90392
0.90385
0.90377
0.90370
0.90362
0.90355
0.90347
0.90340
0.90332
0.90325
0.90317
0.90310
0.90302
0.90295
0.90287
0.90280
0.90272
0.90265
0.90257
0.90250
0.90242
0.90235
0.90227
0.90220
0.90212
0.90205
0.90197
0.90190
0.90182
0.90175
0.90167
0.90160
0.90152
0.90145
0.90137
0.90130
0.90122
0.90115
0.90107
0.90100
0.90092
0.90085
0.90077
0.90070
0.90062
0.90055
0.90047
0.90040
0.90032
0.90025
0.90017
0.90010
0.90002
0.89995
0.89987
0.89980
0.89972
0.89965
0.89957
0.89950
0.89942
0.89935
0.89927
0.89920
0.89912
0.89905
0.89897
0.89890
0.89882
0.89875
0.89867
0.89860
0.89852
0.89845
0.89837
0.89830
0.89822
0.89815
0.89807
0.89800
0.89792
0.89785
0.89777
0.89770
0.89762
0.89755
0.89747
0.89740
0.89732
0.89725
0.89717
0.89710
0.89702
0.89695
0.89687
0.89680
0.89672
0.89665
0.89657
0.89650
0.89642
0.89635
0.89627
0.89620
0.89612
0.89605
0.89597
0.89590
0.89582
0.89575
0.89567
0.89560
0.89552
0.89545
0.89537
0.89530
0.89522
0.89515
0.89507
0.89500
0.89492
0.89485
0.89477
0.89470
0.89462
0.89455
0.89447
0.89440
0.89432
0.89425
0.89417
0.89410
0.89402
0.89395
0.89387
0.89380
0.89372
0.89365
0.89357
0.89350
0.89342
0.89335
0.89327
0.89320
0.89312
0.89305
0.89297
0.89290
0.89282
0.89275
0.89267
0.89260
0.89252
0.89245
0.89237
0.89230
0.89222
0.89215
0.89207
0.89200
0.89192
0.89185
0.89177
0.89170
0.89162
0.89155
0.89147
0.89140
0.89132
0.89125
0.89117
0.89110
0.89102
0.89095
0.89087
0.89080
0.89072
0.89065
0.89057
0.89050
0.89042
0.89035
0.89027
0.89020
0.89012
0.89005
0.88997
0.88990
0.88982
0.88975
0.88967
0.88960
0.88952
0.88945
0.88937
0.88930
0.88922
0.88915
0.88907
0.88900
0.88892
0.88885
0.88877
0.88870
0.88862
0.88855
0.88847
0.88840
0.88832
0.88825
0.88817
0.88810
0.88802
0.88795
0.88787
0.88780
0.88772
0.88765
0.88757
0.88750
0.88742
0.88735
0.88727
0.88720
0.88712
0.88705
0.88697
0.88690
0.88682
0.88675
0.88667
0.88660
0.88652
0.88645
0.88637
0.88630
0.88622
0.88615
0.88607
0.88600
0.88592
0.88585
0.88577
0.88570
0.88562
0.88555
0.88547
0.88540
0.88532
0.88525
0.88517
0.88510
0.88502
0.88495
0.88487
0.88480
0.88472
0.88465
0.88457
0.88450
0.88442
0.88435
0.88427
0.88420
0.88412
0.88405
0.88397
0.88390
0.88382
0.88375
0.88367
0.88360
0.88352
0.88345
0.88337
0.88330
0.88322
0.88315
0.88307
0.88300
0.88292
0.88285
0.88277
0.88270
0.88262
0.88255
0.88247
0.88240
0.88232
0.88225
0.88217
0.88210
0.88202
0.88195
0.88187
0.88180
0.88172
0.88165
0.88157
0.88150
0.88142
0.88135
0.88127
0.88120
0.88112
0.88105
0.88097
0.88090
0.88082
0.88075
0.88067
0.88060
0.88052
0.88045
0.88037
0.88030
0.88022
0.88015
0.88007
0.88000
0.87992
0.87985
0.87977
0.87970
0.87962
0.87955
0.87947
0.87940
0.87932
0.87925
0.87917
0.87910
0.87902
0.87895
0.87887
0.87880
0.87872
0.87865
0.87857
0.87850
0.87842
0.87835
0.87827
0.87820
0.87812
0.87805
0.87797
0.87790
0.87782
0.87775
0.87767
0.87760
0.87752
0.87745
0.87737
0.87730
0.87722
0.87715
0.87707
0.87700
0.87692
0.87685
0.87677
0.87670
0.87662
0.87655
0.87647
0.87640
0.87632
0.87625
0.87617
0.87610
0.87602
0.87595
0.87587
0.87580
0.87572
0.87565
0.87557
0.87550
0.87542
0.87535
0.87527
0.87520
0.87512
0.87505
0.87497
0.87490
0.87482
0.87475
0.87467
0.87460
0.87452
0.87445
0.87437
0.87430
0.87422
0.87415
0.87407
0.87400
0.87392
0.87385
0.87377
0.87370
0.87362
0.87355
0.87347
0.87340
0.87332
0.87325
0.87317
0.87310
0.87302
0.87295
0.87287
0.87280
0.87272
0.87265
0.87257
0.87250
0.87242
0.87235
0.87227
0.87220
0.87212
0.87205
0.87197
0.87190
0.87182
0.87175
0.87167
0.87160
0.87152
0.87145
0.87137
0.87130
0.87122
0.87115
0.87107
0.87100
0.87092
0.87085
0.87077
0.87070
0.87062
0.87055
0.87047
0.87040
0.87032
0.87025
0.87017
0.87010
0.87002
0.86995
0.86987
0.86980
0.86972
0.86965
0.86957
0.86950
0.86942
0.86935
0.86927
0.86920
0.86912
0.86905
0.86897
0.86890
0.86882
0.86875
0.86867
0.86860
0.86852
0.86845
0.86837
0.86830
0.86822
0.86815
0.86807
0.86800
0.86792
0.86785
0.86777
0.86770
0.86762
0.86755
0.86747
0.86740
0.86732
0.86725
0.86717
0.86710
0.86702
0.86695
0.86687
0.86680
0.86672
0.86665
0.86657
0.86650
0.86642
0.86635
0.86627
0.86620
0.86612
0.86605
0.86597
0.86590
0.86582
0.86575
0.86567
0.86560
0.86552
0.86545
0.86537
0.86530
0.86522
0.86515
0.86507
0.86500
0.86492
0.86485
0.86477
0.86470
0.86462
0.86455
0.86447
0.86440
0.86432
0.86425
0.86417
0.86410
0.86402
0.86395
0.86387
0.86380
0.86372
0.86365
0.86357
0.86350
0.86342
0.86335
0.86327
0.86320
0.86312
0.86305
0.86297
0.86290
0.86282
0.86275
0.86267
0.86260
0.86252
0.86245
0.86237
0.86230
0.86222
0.86215
0.86207
0.86200
0.86192
0.86185
0.86177
0.86170
0.86162
0.86155
0.86147
0.86140
0.86132
0.86125
0.86117
0.86110
0.86102
0.86095
0.86087
0.86080
0.86072
0.86065
0.86057
0.86050
0.86042
0.86035
0.86027
0.86020
0.86012
0.86005
0.85997
0.85990
0.85982
0.85975
0.85967
0.85960
0.85952
0.85945
0.85937
0.85930
0.85922
0.85915
0.85907
0.85900
0.85892
0.85885
0.85877
0.85870
0.85862
0.85855
0.85847
0.85840
0.85832
0.85825
0.85817
0.85810
0.85802
0.85795
0.85787
0.85780
0.85772
0.85765
0.85757
0.85750
0.85742
0.85735
0.85727
0.85720
0.85712
0.85705
0.85697
0.85690
0.85682
0.85675
0.85667
0.85660
0.85652
0.85645
0.85637
0.85630
0.85622
0.85615
0.85607
0.85600
0.85592
0.85585
0.85577
0.85570
0.85562
0.85555
0.85547
0.85540
0.85532
0.85525
0.85517
0.85510
0.85502
0.85495
0.85487
0.85480
0.85472
0.85465
0.85457
0.85450
0.85442
0.85435
0.85427
0.85420
0.85412
0.85405
0.85397
0.85390
0.85382
0.85375
0.85367
0.85360
0.85352
0.85345
0.85337
0.85330
0.85322
0.85315
0.85307
0.85300
0.85292
0.85285
0.85277
0.85270
0.85262
0.85255
0.85247
0.85240
0.85232
0.85225
0.85217
0.85210
0.85202
0.85195
0.85187
0.85180
0.85172
0.85165
0.85157
0.85150
0.85142
0.85135
0.85127
0.85120
0.85112
0.85105
0.85097
0.85090
0.85082
0.85075
0.85067
0.85060
0.85052
0.85045
0.85037
0.85030
0.85022
0.85015
0.85007
0.85000
0.84992
0.84985
0.84977
0.84970
0.84962
0.84955
0.84947
0.84940
0.84932
0.84925
0.84917
0.84910
0.84902
0.84895
0.84887
0.84880
0.84872
0.84865
0.84857
0.84850
0.84842
0.84835
0.84827
0.84820
0.84812
0.84805
0.84797
0.84790
0.84782
0.84775
0.84767
0.84760
0.84752
0.84745
0.84737
0.84730
0.84722
0.84715
0.84707
0.84700
0.84692
0.84685
0.84677
0.84670
0.84662
0.84655
0.84647
0.84640
0.84632
0.84625
0.84617
0.84610
0.84602
0.84595
0.84587
0.84580
0.84572
0.84565
0.84557
0.84550
0.84542
0.84535
0.84527
0.84520
0.84512
0.84505
0.84497
0.84490
0.84482
0.84475
0.84467
0.84460
0.84452
0.84445
0.84437
0.84430
0.84422
0.84415
0.84407
0.84400
0.84392
0.84385
0.84377
0.84370
0.84362
0.84355
0.84347
0.84340
0.84332
0.84325
0.84317
0.84310
0.84302
0.84295
0.84287
0.84280
0.84272
0.84265
0.84257
0.84250
0.84242
0.84235
0.84227
0.84220
0.84212
0.84205
0.84197
0.84190
0.84182
0.84175
0.84167
0.84160
0.84152
0.84145
0.84137
0.84130
0.84122
0.84115
0.84107
0.84100
0.84092
0.84085
0.84077
0.84070
0.84062
0.84055
0.84047
0.84040
0.84032
0.84025
0.84017
0.84010
0.84002
0.83995
0.83987
0.83980
0.83972
0.83965
0.83957
0.83950
0.83942
0.83935
0.83927
0.83920
0.83912
0.83905
0.83897
0.83890
0.83882
0.83875
0.83867
0.83860
0.83852
0.83845
0.83837
0.83830
0.83822
0.83815
0.83807
0.83800
0.83792
0.83785
0.83777
0.83770
0.83762
0.83755
0.83747
0.83740
0.83732
0.83725
0.83717
0.83710
0.83702
0.83695
0.83687
0.83680
0.83672
0.83665
0.83658
0.83650
0.83643
0.83635
0.83628
0.83620
0.83613
0.83605
0.83598
0.83590
0.83583
0.83575
0.83568
0.83560
0.83553
0.83545
0.83538
0.83530
0.83523
0.83515
0.83508
0.83500
0.83493
0.83485
0.83478
0.83470
0.83463
0.83455
0.83448
0.83440
0.83433
0.83425
0.83418
0.83410
0.83403
0.83395
0.83388
0.83380
0.83373
0.83365
0.83358
0.83350
0.83343
0.83335
0.83328
0.83320
0.83313
0.83305
0.83298
0.83290
0.83283
0.83275
0.83268
0.83260
0.83253
0.83245
0.83238
0.83230
0.83223
0.83215
0.83208
0.83200
0.83193
0.83185
0.83178
0.83170
0.83163
0.83155
0.83148
0.83140
0.83133
0.83125
0.83118
0.83110
0.83103
0.83095
0.83088
0.83080
0.83073
0.83065
0.83058
0.83050
0.83043
0.83035
0.83028
0.83020
0.83013
0.83005
0.82998
0.82990
0.82983
0.82975
0.82968
0.82960
0.82953
0.82945
0.82938
0.82930
0.82923
0.82915
0.82908
0.82900
0.82893
0.82885
0.82878
0.82870
0.82863
0.82855
0.82848
0.82840
0.82833
0.82825
0.82818
0.82810
0.82803
0.82795
0.82788
0.82780
0.82773
0.82765
0.82758
0.82750
0.82743
0.82735
0.82728
0.82720
0.82713
0.82705
0.82698
0.82690
0.82683
0.82675
0.82668
0.82660
0.82653
0.82645
0.82638
0.82630
0.82623
0.82615
0.82608
0.82600
0.82593
0.82585
0.82578
0.82570
0.82563
0.82555
0.82548
0.82540
0.82533
0.82525
0.82518
0.82510
0.82503
0.82495
0.82488
0.82480
0.82473
0.82465
0.82458
0.82450
0.82443
0.82435
0.82428
0.82420
0.82413
0.82405
0.82398
0.82390
0.82383
0.82375
0.82368
0.82360
0.82353
0.82345
0.82338
0.82330
0.82323
0.82315
0.82308
0.82300
0.82293
0.82285
0.82278
0.82270
0.82263
0.82255
0.82248
0.82240
0.82233
0.82225
0.82218
0.82210
0.82203
0.82195
0.82188
0.82180
0.82173
0.82165
0.82158
0.82150
0.82143
0.82135
0.82128
0.82120
0.82113
0.82105
0.82098
0.82090
0.82083
0.82075
0.82068
0.82060
0.82053
0.82045
0.82038
0.82030
0.82023
0.82015
0.82008
0.82000
0.81993
0.81985
0.81978
0.81970
0.81963
0.81955
0.81948
0.81940
0.81933
0.81925
0.81918
0.81910
0.81903
0.81895
0.81888
0.81880
0.81873
0.81865
0.81858
0.81850
0.81843
0.81835
0.81828
0.81820
0.81813
0.81805
0.81798
0.81790
0.81783
0.81775
0.81768
0.81760
0.81753
0.81745
0.81738
0.81730
0.81723
0.81715
0.81708
0.81700
0.81693
0.81685
0.81678
0.81670
0.81663
0.81655
0.81648
0.81640
0.81633
0.81625
0.81618
0.81610
0.81603
0.81595
0.81588
0.81580
0.81573
0.81565
0.81558
0.81550
0.81543
0.81535
0.81528
0.81520
0.81513
0.81505
0.81498
0.81490
0.81483
0.81475
0.81468
0.81460
0.81453
0.81445
0.81438
0.81430
0.81423
0.81415
0.81408
0.81400
0.81393
0.81385
0.81378
0.81370
0.81363
0.81355
0.81348
0.81340
0.81333
0.81325
0.81318
0.81310
0.81303
0.81295
0.81288
0.81280
0.81273
0.81265
0.81258
0.81250
0.81243
0.81235
0.81228
0.81220
0.81213
0.81205
0.81198
0.81190
0.81183
0.81175
0.81168
0.81160
0.81153
0.81145
0.81138
0.81130
0.81123
0.81115
0.81108
0.81100
0.81093
0.81085
0.81078
0.81070
0.81063
0.81055
0.81048
0.81040
0.81033
0.81025
0.81018
0.81010
0.81003
0.80995
0.80988
0.80980
0.80973
0.80965
0.80958
0.80950
0.80943
0.80935
0.80928
0.80920
0.80913
0.80905
0.80898
0.80890
0.80883
0.80875
0.80868
0.80860
0.80853
0.80845
0.80838
0.80830
0.80823
0.80815
0.80808
0.80800
0.80793
0.80785
0.80778
0.80770
0.80763
0.80755
0.80748
0.80740
0.80733
0.80725
0.80718
0.80710
0.80703
0.80695
0.80688
0.80680
0.80673
0.80665
0.80658
0.80650
0.80643
0.80635
0.80628
0.80620
0.80613
0.80605
0.80598
0.80590
0.80583
0.80575
0.80568
0.80560
0.80553
0.80545
0.80538
0.80530
0.80523
0.80515
0.80508
0.80500
0.80493
0.80485
0.80478
0.80470
0.80463
0.80455
0.80448
0.80440
0.80433
0.80425
0.80418
0.80410
0.80403
0.80395
0.80388
0.80380
0.80373
0.80365
0.80358
0.80350
0.80343
0.80335
0.80328
0.80320
0.80313
0.80305
0.80298
0.80290
0.80283
0.80275
0.80268
0.80260
0.80253
0.80245
0.80238
0.80230
0.80223
0.80215
0.80208
0.80200
0.80193
0.80185
0.80178
0.80170
0.80163
0.80155
0.80148
0.80140
0.80133
0.80125
0.80118
0.80110
0.80103
0.80095
0.80088
0.80080
0.80073
0.80065
0.80058
0.80050
0.80043
0.80035
0.80028
0.80020
0.80013
0.80005
0.79998
0.79990
0.79983
0.79975
0.79968
0.79960
0.79953
0.79945
0.79938
0.79930
0.79923
0.79915
0.79908
0.79900
0.79893
0.79885
0.79878
0.79870
0.79863
0.79855
0.79848
0.79840
0.79833
0.79825
0.79818
0.79810
0.79803
0.79795
0.79788
0.79780
0.79773
0.79765
0.79758
0.79750
0.79743
0.79735
0.79728
0.79720
0.79713
0.79705
0.79698
0.79690
0.79683
0.79675
0.79668
0.79660
0.79653
0.79645
0.79638
0.79630
0.79623
0.79615
0.79608
0.79600
0.79593
0.79585
0.79578
0.79570
0.79563
0.79555
0.79548
0.79540
0.79533
0.79525
0.79518
0.79510
0.79503
0.79495
0.79488
0.79480
0.79473
0.79465
0.79458
0.79450
0.79443
0.79435
0.79428
0.79420
0.79413
0.79405
0.79398
0.79390
0.79383
0.79375
0.79368
0.79360
0.79353
0.79345
0.79338
0.79330
0.79323
0.79315
0.79308
0.79300
0.79293
0.79285
0.79278
0.79270
0.79263
0.79255
0.79248
0.79240
0.79233
0.79225
0.79218
0.79210
0.79203
0.79195
0.79188
0.79180
0.79173
0.79165
0.79158
0.79150
0.79143
0.79135
0.79128
0.79120
0.79113
0.79105
0.79098
0.79090
0.79083
0.79075
0.79068
0.79060
0.79053
0.79045
0.79038
0.79030
0.79023
0.79015
0.79008
0.79000
0.78993
0.78985
0.78978
0.78970
0.78963
0.78955
0.78948
0.78940
0.78933
0.78925
0.78918
0.78910
0.78903
0.78895
0.78888
0.78880
0.78873
0.78865
0.78858
0.78850
0.78843
0.78835
0.78828
0.78820
0.78813
0.78805
0.78798
0.78790
0.78783
0.78775
0.78768
0.78760
0.78753
0.78745
0.78738
0.78730
0.78723
0.78715
0.78708
0.78700
0.78693
0.78685
0.78678
0.78670
0.78663
0.78655
0.78648
0.78640
0.78633
0.78625
0.78618
0.78610
0.78603
0.78595
0.78588
0.78580
0.78573
0.78565
0.78558
0.78550
0.78543
0.78535
0.78528
0.78520
0.78513
0.78505
0.78498
0.78490
0.78483
0.78475
0.78468
0.78460
0.78453
0.78445
0.78438
0.78430
0.78423
0.78415
0.78408
0.78400
0.78393
0.78385
0.78378
0.78370
0.78363
0.78355
0.78348
0.78340
0.78333
0.78325
0.78318
0.78310
0.78303
0.78295
0.78288
0.78280
0.78273
0.78265
0.78258
0.78250
0.78243
0.78235
0.78228
0.78220
0.78213
0.78205
0.78198
0.78190
0.78183
0.78175
0.78168
0.78160
0.78153
0.78145
0.78138
0.78130
0.78123
0.78115
0.78108
0.78100
0.78093
0.78085
0.78078
0.78070
0.78063
0.78055
0.78048
0.78040
0.78033
0.78025
0.78018
0.78010
0.78003
0.77995
0.77988
0.77980
0.77973
0.77965
0.77958
0.77950
0.77943
0.77935
0.77928
0.77920
0.77913
0.77905
0.77898
0.77890
0.77883
0.77875
0.77868
0.77860
0.77853
0.77845
0.77838
0.77830
0.77823
0.77815
0.77808
0.77800
0.77793
0.77785
0.77778
0.77770
0.77763
0.77755
0.77748
0.77740
0.77733
0.77725
0.77718
0.77710
0.77703
0.77695
0.77688
0.77680
0.77673
0.77665
0.77658
0.77650
0.77643
0.77635
0.77628
0.77620
0.77613
0.77605
0.77598
0.77590
0.77583
0.77575
0.77568
0.77560
0.77553
0.77545
0.77538
0.77530
0.77523
0.77515
0.77508
0.77500
0.77493
0.77485
0.77478
0.77470
0.77463
0.77455
0.77448
0.77440
0.77433
0.77425
0.77418
0.77410
0.77403
0.77395
0.77388
0.77380
0.77373
0.77365
0.77358
0.77350
0.77343
0.77335
0.77328
0.77320
0.77313
0.77305
0.77298
0.77290
0.77283
0.77275
0.77268
0.77260
0.77253
0.77245
0.77238
0.77230
0.77223
0.77215
0.77208
0.77200
0.77193
0.77185
0.77178
0.77170
0.77163
0.77155
0.77148
0.77140
0.77133
0.77125
0.77118
0.77110
0.77103
0.77095
0.77088
0.77080
0.77073
0.77065
0.77058
0.77050
0.77043
0.77035
0.77028
0.77020
0.77013
0.77005
0.76998
0.76990
0.76983
0.76975
0.76968
0.76960
0.76953
0.76945
0.76938
0.76930
0.76923
0.76915
0.76908
0.76900
0.76893
0.76885
0.76878
0.76870
0.76863
0.76855
0.76848
0.76840
0.76833
0.76825
0.76818
0.76810
0.76803
0.76795
0.76788
0.76780
0.76773
0.76765
0.76758
0.76750
0.76743
0.76735
0.76728
0.76720
0.76713
0.76705
0.76698
0.76690
0.76683
0.76675
0.76668
0.76660
0.76653
0.76645
0.76638
0.76630
0.76623
0.76615
0.76608
0.76600
0.76593
0.76585
0.76578
0.76570
0.76563
0.76555
0.76548
0.76540
0.76533
0.76525
0.76518
0.76510
0.76503
0.76495
0.76488
0.76480
0.76473
0.76465
0.76458
0.76450
0.76443
0.76435
0.76428
0.76420
0.76413
0.76405
0.76398
0.76390
0.76383
0.76375
0.76368
0.76360
0.76353
0.76345
0.76338
0.76330
0.76323
0.76315
0.76308
0.76300
0.76293
0.76285
0.76278
0.76270
0.76263
0.76255
0.76248
0.76240
0.76233
0.76225
0.76218
0.76210
0.76203
0.76195
0.76188
0.76180
0.76173
0.76165
0.76158
0.76150
0.76143
0.76135
0.76128
0.76120
0.76113
0.76105
0.76098
0.76090
0.76083
0.76075
0.76068
0.76060
0.76053
0.76045
0.76038
0.76030
0.76023
0.76015
0.76008
0.76000
0.75993
0.75985
0.75978
0.75970
0.75963
0.75955
0.75948
0.75940
0.75933
0.75925
0.75918
0.75910
0.75903
0.75895
0.75888
0.75880
0.75873
0.75865
0.75858
0.75850
0.75843
0.75836
0.75828
0.75821
0.75813
0.75806
0.75798
0.75791
0.75783
0.75776
0.75768
0.75761
0.75753
0.75746
0.75738
0.75731
0.75723
0.75716
0.75708
0.75701
0.75693
0.75686
0.75678
0.75671
0.75663
0.75656
0.75648
0.75641
0.75633
0.75626
0.75618
0.75611
0.75603
0.75596
0.75588
0.75581
0.75573
0.75566
0.75558
0.75551
0.75543
0.75536
0.75528
0.75521
0.75513
0.75506
0.75498
0.75491
0.75483
0.75476
0.75468
0.75461
0.75453
0.75446
0.75438
0.75431
0.75423
0.75416
0.75408
0.75401
0.75393
0.75386
0.75378
0.75371
0.75363
0.75356
0.75348
0.75341
0.75333
0.75326
0.75318
0.75311
0.75303
0.75296
0.75288
0.75281
0.75273
0.75266
0.75258
0.75251
0.75243
0.75236
0.75228
0.75221
0.75213
0.75206
0.75198
0.75191
0.75183
0.75176
0.75168
0.75161
0.75153
0.75146
0.75138
0.75131
0.75123
0.75116
0.75108
0.75101
0.75093
0.75086
0.75078
0.75071
0.75063
0.75056
0.75048
0.75041
0.75033
0.75026
0.75018
0.75011
0.75003
0.74996
0.74988
0.74981
0.74973
0.74966
0.74958
0.74951
0.74943
0.74936
0.74928
0.74921
0.74913
0.74906
0.74898
0.74891
0.74883
0.74876
0.74868
0.74861
0.74853
0.74846
0.74838
0.74831
0.74823
0.74816
0.74808
0.74801
0.74793
0.74786
0.74778
0.74771
0.74763
0.74756
0.74748
0.74741
0.74733
0.74726
0.74718
0.74711
0.74703
0.74696
0.74688
0.74681
0.74673
0.74666
0.74658
0.74651
0.74643
0.74636
0.74628
0.74621
0.74613
0.74606
0.74598
0.74591
0.74583
0.74576
0.74568
0.74561
0.74553
0.74546
0.74538
0.74531
0.74523
0.74516
0.74508
0.74501
0.74493
0.74486
0.74478
0.74471
0.74463
0.74456
0.74448
0.74441
0.74433
0.74426
0.74418
0.74411
0.74403
0.74396
0.74388
0.74381
0.74373
0.74366
0.74358
0.74351
0.74343
0.74336
0.74328
0.74321
0.74313
0.74306
0.74298
0.74291
0.74283
0.74276
0.74268
0.74261
0.74253
0.74246
0.74238
0.74231
0.74223
0.74216
0.74208
0.74201
0.74193
0.74186
0.74178
0.74171
0.74163
0.74156
0.74148
0.74141
0.74133
0.74126
0.74118
0.74111
0.74103
0.74096
0.74088
0.74081
0.74073
0.74066
0.74058
0.74051
0.74043
0.74036
0.74028
0.74021
0.74013
0.74006
0.73998
0.73991
0.73983
0.73976
0.73968
0.73961
0.73953
0.73946
0.73938
0.73931
0.73923
0.73916
0.73908
0.73901
0.73893
0.73886
0.73878
0.73871
0.73863
0.73856
0.73848
0.73841
0.73833
0.73826
0.73818
0.73811
0.73803
0.73796
0.73788
0.73781
0.73773
0.73766
0.73758
0.73751
0.73743
0.73736
0.73728
0.73721
0.73713
0.73706
0.73698
0.73691
0.73683
0.73676
0.73668
0.73661
0.73653
0.73646
0.73638
0.73631
0.73623
0.73616
0.73608
0.73601
0.73593
0.73586
0.73578
0.73571
0.73563
0.73556
0.73548
0.73541
0.73533
0.73526
0.73518
0.73511
0.73503
0.73496
0.73488
0.73481
0.73473
0.73466
0.73458
0.73451
0.73443
0.73436
0.73428
0.73421
0.73413
0.73406
0.73398
0.73391
0.73383
0.73376
0.73368
0.73361
0.73353
0.73346
0.73338
0.73331
0.73323
0.73316
0.73308
0.73301
0.73293
0.73286
0.73278
0.73271
0.73263
0.73256
0.73248
0.73241
0.73233
0.73226
0.73218
0.73211
0.73203
0.73196
0.73188
0.73181
0.73173
0.73166
0.73158
0.73151
0.73143
0.73136
0.73128
0.73121
0.73113
0.73106
0.73098
0.73091
0.73083
0.73076
0.73068
0.73061
0.73053
0.73046
0.73038
0.73031
0.73023
0.73016
0.73008
0.73001
0.72993
0.72986
0.72978
0.72971
0.72963
0.72956
0.72948
0.72941
0.72933
0.72926
0.72918
0.72911
0.72903
0.72896
0.72888
0.72881
0.72873
0.72866
0.72858
0.72851
0.72843
0.72836
0.72828
0.72821
0.72813
0.72806
0.72798
0.72791
0.72783
0.72776
0.72768
0.72761
0.72753
0.72746
0.72738
0.72731
0.72723
0.72716
0.72708
0.72701
0.72693
0.72686
0.72678
0.72671
0.72663
0.72656
0.72648
0.72641
0.72633
0.72626
0.72618
0.72611
0.72603
0.72596
0.72588
0.72581
0.72573
0.72566
0.72558
0.72551
0.72543
0.72536
0.72528
0.72521
0.72513
0.72506
0.72498
0.72491
0.72483
0.72476
0.72468
0.72461
0.72453
0.72446
0.72438
0.72431
0.72423
0.72416
0.72408
0.72401
0.72393
0.72386
0.72378
0.72371
0.72363
0.72356
0.72348
0.72341
0.72333
0.72326
0.72318
0.72311
0.72303
0.72296
0.72288
0.72281
0.72273
0.72266
0.72258
0.72251
0.72243
0.72236
0.72228
0.72221
0.72213
0.72206
0.72198
0.72191
0.72183
0.72176
0.72168
0.72161
0.72153
0.72146
0.72138
0.72131
0.72123
0.72116
0.72108
0.72101
0.72093
0.72086
0.72078
0.72071
0.72063
0.72056
0.72048
0.72041
0.72033
0.72026
0.72018
0.72011
0.72003
0.71996
0.71988
0.71981
0.71973
0.71966
0.71958
0.71951
0.71943
0.71936
0.71928
0.71921
0.71913
0.71906
0.71898
0.71891
0.71883
0.71876
0.71868
0.71861
0.71853
0.71846
0.71838
0.71831
0.71823
0.71816
0.71808
0.71801
0.71793
0.71786
0.71778
0.71771
0.71763
0.71756
0.71748
0.71741
0.71733
0.71726
0.71718
0.71711
0.71703
0.71696
0.71688
0.71681
0.71673
0.71666
0.71658
0.71651
0.71643
0.71636
0.71628
0.71621
0.71613
0.71606
0.71598
0.71591
0.71583
0.71576
0.71568
0.71561
0.71553
0.71546
0.71538
0.71531
0.71523
0.71516
0.71508
0.71501
0.71493
0.71486
0.71478
0.71471
0.71463
0.71456
0.71448
0.71441
0.71433
0.71426
0.71418
0.71411
0.71403
0.71396
0.71388
0.71381
0.71373
0.71366
0.71358
0.71351
0.71343
0.71336
0.71328
0.71321
0.71313
0.71306
0.71298
0.71291
0.71283
0.71276
0.71268
0.71261
0.71253
0.71246
0.71238
0.71231
0.71223
0.71216
0.71208
0.71201
0.71193
0.71186
0.71178
0.71171
0.71163
0.71156
0.71148
0.71141
0.71133
0.71126
0.71118
0.71111
0.71103
0.71096
0.71088
0.71081
0.71073
0.71066
0.71058
0.71051
0.71043
0.71036
0.71028
0.71021
0.71013
0.71006
0.70998
0.70991
0.70984
0.70976
0.70969
0.70961
0.70954
0.70946
0.70939
0.70931
0.70924
0.70916
0.70909
0.70901
0.70894
0.70886
0.70879
0.70871
0.70864
0.70856
0.70849
0.70841
0.70834
0.70826
0.70819
0.70811
0.70804
0.70796
0.70789
0.70781
0.70774
0.70766
0.70759
0.70751
0.70744
0.70736
0.70729
0.70721
0.70714
0.70706
0.70699
0.70691
0.70684
0.70676
0.70669
0.70661
0.70654
0.70646
0.70639
0.70631
0.70624
0.70616
0.70609
0.70601
0.70594
0.70586
0.70579
0.70571
0.70564
0.70556
0.70549
0.70541
0.70534
0.70526
0.70519
0.70511
0.70504
0.70496
0.70489
0.70481
0.70474
0.70466
0.70459
0.70451
0.70444
0.70436
0.70429
0.70421
0.70414
0.70406
0.70399
0.70391
0.70384
0.70376
0.70369
0.70361
0.70354
0.70346
0.70339
0.70331
0.70324
0.70316
0.70309
0.70301
0.70294
0.70286
0.70279
0.70271
0.70264
0.70256
0.70249
0.70241
0.70234
0.70226
0.70219
0.70211
0.70204
0.70196
0.70189
0.70181
0.70174
0.70166
0.70159
0.70151
0.70144
0.70136
0.70129
0.70121
0.70114
0.70106
0.70099
0.70091
0.70084
0.70076
0.70069
0.70061
0.70054
0.70046
0.70039
0.70031
0.70024
0.70016
0.70009
0.70001
0.69994
0.69986
0.69979
0.69971
0.69964
0.69956
0.69949
0.69941
0.69934
0.69926
0.69919
0.69911
0.69904
0.69896
0.69889
0.69881
0.69874
0.69866
0.69859
0.69851
0.69844
0.69836
0.69829
0.69821
0.69814
0.69806
0.69799
0.69791
0.69784
0.69776
0.69769
0.69761
0.69754
0.69746
0.69739
0.69731
0.69724
0.69716
0.69709
0.69701
0.69694
0.69686
0.69679
0.69671
0.69664
0.69656
0.69649
0.69641
0.69634
0.69626
0.69619
0.69611
0.69604
0.69596
0.69589
0.69581
0.69574
0.69566
0.69559
0.69551
0.69544
0.69536
0.69529
0.69521
0.69514
0.69506
0.69499
0.69491
0.69484
0.69476
0.69469
0.69461
0.69454
0.69446
0.69439
0.69431
0.69424
0.69416
0.69409
0.69401
0.69394
0.69386
0.69379
0.69371
0.69364
0.69356
0.69349
0.69341
0.69334
0.69326
0.69319
0.69311
0.69304
0.69296
0.69289
0.69281
0.69274
0.69266
0.69259
0.69251
0.69244
0.69236
0.69229
0.69221
0.69214
0.69206
0.69199
0.69191
0.69184
0.69176
0.69169
0.69161
0.69154
0.69146
0.69139
0.69131
0.69124
0.69116
0.69109
0.69101
0.69094
0.69086
0.69079
0.69071
0.69064
0.69056
0.69049
0.69041
0.69034
0.69026
0.69019
0.69011
0.69004
0.68996
0.68989
0.68981
0.68974
0.68966
0.68959
0.68951
0.68944
0.68936
0.68929
0.68921
0.68914
0.68906
0.68899
0.68891
0.68884
0.68876
0.68869
0.68861
0.68854
0.68846
0.68839
0.68831
0.68824
0.68816
0.68809
0.68801
0.68794
0.68786
0.68779
0.68771
0.68764
0.68756
0.68749
0.68741
0.68734
0.68726
0.68719
0.68711
0.68704
0.68696
0.68689
0.68681
0.68674
0.68666
0.68659
0.68651
0.68644
0.68636
0.68629
0.68621
0.68614
0.68606
0.68599
0.68591
0.68584
0.68576
0.68569
0.68561
0.68554
0.68546
0.68539
0.68531
0.68524
0.68516
0.68509
0.68501
0.68494
0.68486
0.68479
0.68471
0.68464
0.68456
0.68449
0.68441
0.68434
0.68426
0.68419
0.68411
0.68404
0.68396
0.68389
0.68381
0.68374
0.68366
0.68359
0.68351
0.68344
0.68336
0.68329
0.68321
0.68314
0.68306
0.68299
0.68291
0.68284
0.68276
0.68269
0.68261
0.68254
0.68246
0.68239
0.68231
0.68224
0.68216
0.68209
0.68201
0.68194
0.68186
0.68179
0.68171
0.68164
0.68156
0.68149
0.68141
0.68134
0.68126
0.68119
0.68111
0.68104
0.68096
0.68089
0.68081
0.68074
0.68066
0.68059
0.68051
0.68044
0.68036
0.68029
0.68021
0.68014
0.68006
0.67999
0.67991
0.67984
0.67976
0.67969
0.67961
0.67954
0.67946
0.67939
0.67931
0.67924
0.67916
0.67909
0.67901
0.67894
0.67886
0.67879
0.67871
0.67864
0.67856
0.67849
0.67841
0.67834
0.67826
0.67819
0.67811
0.67804
0.67796
0.67789
0.67781
0.67774
0.67766
0.67759
0.67751
0.67744
0.67736
0.67729
0.67721
0.67714
0.67706
0.67699
0.67691
0.67684
0.67676
0.67669
0.67661
0.67654
0.67646
0.67639
0.67631
0.67624
0.67616
0.67609
0.67601
0.67594
0.67586
0.67579
0.67571
0.67564
0.67556
0.67549
0.67541
0.67534
0.67526
0.67519
0.67511
0.67504
0.67496
0.67489
0.67481
0.67474
0.67466
0.67459
0.67451
0.67444
0.67436
0.67429
0.67421
0.67414
0.67406
0.67399
0.67391
0.67384
0.67376
0.67369
0.67361
0.67354
0.67346
0.67339
0.67331
0.67324
0.67316
0.67309
0.67301
0.67294
0.67286
0.67279
0.67271
0.67264
0.67256
0.67249
0.67241
0.67234
0.67226
0.67219
0.67211
0.67204
0.67197
0.67189
0.67182
0.67174
0.67167
0.67159
0.67152
0.67144
0.67137
0.67129
0.67122
0.67114
0.67107
0.67099
0.67092
0.67084
0.67077
0.67069
0.67062
0.67054
0.67047
0.67039
0.67032
0.67024
0.67017
0.67009
0.67002
0.66994
0.66987
0.66979
0.66972
0.66964
0.66957
0.66949
0.66942
0.66934
0.66927
0.66919
0.66912
0.66904
0.66897
0.66889
0.66882
0.66874
0.66867
0.66859
0.66852
0.66844
0.66837
0.66829
0.66822
0.66814
0.66807
0.66799
0.66792
0.66784
0.66777
0.66769
0.66762
0.66754
0.66747
0.66739
0.66732
0.66724
0.66717
0.66709
0.66702
0.66694
0.66687
0.66679
0.66672
0.66664
0.66657
0.66649
0.66642
0.66634
0.66627
0.66619
0.66612
0.66604
0.66597
0.66589
0.66582
0.66574
0.66567
0.66559
0.66552
0.66544
0.66537
0.66529
0.66522
0.66514
0.66507
0.66499
0.66492
0.66484
0.66477
0.66469
0.66462
0.66454
0.66447
0.66439
0.66432
0.66424
0.66417
0.66409
0.66402
0.66394
0.66387
0.66379
0.66372
0.66364
0.66357
0.66349
0.66342
0.66334
0.66327
0.66319
0.66312
0.66304
0.66297
0.66289
0.66282
0.66274
0.66267
0.66259
0.66252
0.66244
0.66237
0.66229
0.66222
0.66214
0.66207
0.66199
0.66192
0.66184
0.66177
0.66169
0.66162
0.66154
0.66147
0.66139
0.66132
0.66124
0.66117
0.66109
0.66102
0.66094
0.66087
0.66079
0.66072
0.66064
0.66057
0.66049
0.66042
0.66034
0.66027
0.66019
0.66012
0.66004
0.65997
0.65989
0.65982
0.65974
0.65967
0.65959
0.65952
0.65944
0.65937
0.65929
0.65922
0.65914
0.65907
0.65899
0.65892
0.65884
0.65877
0.65869
0.65862
0.65854
0.65847
0.65839
0.65832
0.65824
0.65817
0.65809
0.65802
0.65794
0.65787
0.65779
0.65772
0.65764
0.65757
0.65749
0.65742
0.65734
0.65727
0.65719
0.65712
0.65704
0.65697
0.65689
0.65682
0.65674
0.65667
0.65659
0.65652
0.65644
0.65637
0.65629
0.65622
0.65614
0.65607
0.65599
0.65592
0.65584
0.65577
0.65569
0.65562
0.65554
0.65547
0.65539
0.65532
0.65524
0.65517
0.65509
0.65502
0.65494
0.65487
0.65479
0.65472
0.65464
0.65457
0.65449
0.65442
0.65434
0.65427
0.65419
0.65412
0.65404
0.65397
0.65389
0.65382
0.65374
0.65367
0.65359
0.65352
0.65344
0.65337
0.65329
0.65322
0.65314
0.65307
0.65299
0.65292
0.65284
0.65277
0.65269
0.65262
0.65254
0.65247
0.65239
0.65232
0.65224
0.65217
0.65209
0.65202
0.65194
0.65187
0.65179
0.65172
0.65164
0.65157
0.65149
0.65142
0.65134
0.65127
0.65119
0.65112
0.65104
0.65097
0.65089
0.65082
0.65074
0.65067
0.65059
0.65052
0.65044
0.65037
0.65029
0.65022
0.65014
0.65007
0.64999
0.64992
0.64984
0.64977
0.64969
0.64962
0.64954
0.64947
0.64939
0.64932
0.64924
0.64917
0.64909
0.64902
0.64894
0.64887
0.64879
0.64872
0.64864
0.64857
0.64849
0.64842
0.64834
0.64827
0.64819
0.64812
0.64804
0.64797
0.64789
0.64782
0.64774
0.64767
0.64759
0.64752
0.64744
0.64737
0.64729
0.64722
0.64714
0.64707
0.64699
0.64692
0.64684
0.64677
0.64669
0.64662
0.64654
0.64647
0.64639
0.64632
0.64624
0.64617
0.64609
0.64602
0.64594
0.64587
0.64579
0.64572
0.64564
0.64557
0.64549
0.64542
0.64534
0.64527
0.64519
0.64512
0.64504
0.64497
0.64489
0.64482
0.64474
0.64467
0.64459
0.64452
0.64444
0.64437
0.64429
0.64422
0.64414
0.64407
0.64399
0.64392
0.64384
0.64377
0.64369
0.64362
0.64354
0.64347
0.64339
0.64332
0.64324
0.64317
0.64309
0.64302
0.64294
0.64287
0.64279
0.64272
0.64264
0.64257
0.64249
0.64242
0.64234
0.64227
0.64219
0.64212
0.64204
0.64197
0.64189
0.64182
0.64174
0.64167
0.64159
0.64152
0.64144
0.64137
0.64129
0.64122
0.64114
0.64107
0.64099
0.64092
0.64084
0.64077
0.64069
0.64062
0.64054
0.64047
0.64039
0.64032
0.64024
0.64017
0.64010
0.64002
0.63995
0.63987
0.63980
0.63972
0.63965
0.63957
0.63950
0.63942
0.63935
0.63927
0.63920
0.63912
0.63905
0.63897
0.63890
0.63882
0.63875
0.63867
0.63860
0.63852
0.63845
0.63837
0.63830
0.63822
0.63815
0.63807
0.63800
0.63792
0.63785
0.63777
0.63770
0.63762
0.63755
0.63747
0.63740
0.63732
0.63725
0.63717
0.63710
0.63702
0.63695
0.63687
0.63680
0.63672
0.63665
0.63657
0.63650
0.63642
0.63635
0.63627
0.63620
0.63612
0.63605
0.63597
0.63590
0.63582
0.63575
0.63567
0.63560
0.63552
0.63545
0.63537
0.63530
0.63522
0.63515
0.63507
0.63500
0.63492
0.63485
0.63477
0.63470
0.63462
0.63455
0.63447
0.63440
0.63432
0.63425
0.63417
0.63410
0.63402
0.63395
0.63387
0.63380
0.63372
0.63365
0.63357
0.63350
0.63342
0.63335
0.63327
0.63320
0.63312
0.63305
0.63297
0.63290
0.63282
0.63275
0.63267
0.63260
0.63252
0.63245
0.63237
0.63230
0.63222
0.63215
0.63207
0.63200
0.63192
0.63185
0.63177
0.63170
0.63162
0.63155
0.63147
0.63140
0.63132
0.63125
0.63117
0.63110
0.63102
0.63095
0.63087
0.63080
0.63072
0.63065
0.63057
0.63050
0.63042
0.63035
0.63027
0.63020
0.63012
0.63005
0.62997
0.62990
0.62982
0.62975
0.62967
0.62960
0.62952
0.62945
0.62937
0.62930
0.62922
0.62915
0.62907
0.62900
0.62892
0.62885
0.62877
0.62870
0.62862
0.62855
0.62847
0.62840
0.62832
0.62825
0.62817
0.62810
0.62802
0.62795
0.62787
0.62780
0.62772
0.62765
0.62757
0.62750
0.62742
0.62735
0.62727
0.62720
0.62712
0.62705
0.62697
0.62690
0.62682
0.62675
0.62667
0.62660
0.62652
0.62645
0.62637
0.62630
0.62622
0.62615
0.62607
0.62600
0.62592
0.62585
0.62577
0.62570
0.62562
0.62555
0.62547
0.62540
0.62532
0.62525
0.62517
0.62510
0.62502
0.62495
0.62487
0.62480
0.62472
0.62465
0.62457
0.62450
0.62442
0.62435
0.62427
0.62420
0.62412
0.62405
0.62397
0.62390
0.62382
0.62375
0.62367
0.62360
0.62352
0.62345
0.62337
0.62330
0.62322
0.62315
0.62307
0.62300
0.62292
0.62285
0.62277
0.62270
0.62262
0.62255
0.62247
0.62240
0.62232
0.62225
0.62217
0.62210
0.62202
0.62195
0.62187
0.62180
0.62172
0.62165
0.62157
0.62150
0.62142
0.62135
0.62127
0.62120
0.62112
0.62105
0.62097
0.62090
0.62082
0.62075
0.62067
0.62060
0.62052
0.62045
0.62037
0.62030
0.62022
0.62015
0.62007
0.62000
0.61992
0.61985
0.61977
0.61970
0.61962
0.61955
0.61947
0.61940
0.61932
0.61925
0.61917
0.61910
0.61902
0.61895
0.61887
0.61880
0.61872
0.61865
0.61857
0.61850
0.61842
0.61835
0.61827
0.61820
0.61812
0.61805
0.61797
0.61790
0.61782
0.61775
0.61767
0.61760
0.61752
0.61745
0.61737
0.61730
0.61722
0.61715
0.61707
0.61700
0.61692
0.61685
0.61677
0.61670
0.61662
0.61655
0.61647
0.61640
0.61632
0.61625
0.61617
0.61610
0.61602
0.61595
0.61587
0.61580
0.61572
0.61565
0.61557
0.61550
0.61542
0.61535
0.61527
0.61520
0.61512
0.61505
0.61497
0.61490
0.61482
0.61475
0.61467
0.61460
0.61452
0.61445
0.61437
0.61430
0.61422
0.61415
0.61407
0.61400
0.61392
0.61385
0.61377
0.61370
0.61362
0.61355
0.61347
0.61340
0.61332
0.61325
0.61317
0.61310
0.61302
0.61295
0.61287
0.61280
0.61272
0.61265
0.61257
0.61250
0.61242
0.61235
0.61228
0.61220
0.61213
0.61205
0.61198
0.61190
0.61183
0.61175
0.61168
0.61160
0.61153
0.61145
0.61138
0.61130
0.61123
0.61115
0.61108
0.61100
0.61093
0.61085
0.61078
0.61070
0.61063
0.61055
0.61048
0.61040
0.61033
0.61025
0.61018
0.61010
0.61003
0.60995
0.60988
0.60980
0.60973
0.60965
0.60958
0.60950
0.60943
0.60935
0.60928
0.60920
0.60913
0.60905
0.60898
0.60890
0.60883
0.60875
0.60868
0.60860
0.60853
0.60845
0.60838
0.60830
0.60823
0.60815
0.60808
0.60800
0.60793
0.60785
0.60778
0.60770
0.60763
0.60755
0.60748
0.60740
0.60733
0.60725
0.60718
0.60710
0.60703
0.60695
0.60688
0.60680
0.60673
0.60665
0.60658
0.60650
0.60643
0.60635
0.60628
0.60620
0.60613
0.60605
0.60598
0.60590
0.60583
0.60575
0.60568
0.60560
0.60553
0.60545
0.60538
0.60530
0.60523
0.60515
0.60508
0.60500
0.60493
0.60485
0.60478
0.60470
0.60463
0.60455
0.60448
0.60440
0.60433
0.60425
0.60418
0.60410
0.60403
0.60395
0.60388
0.60380
0.60373
0.60365
0.60358
0.60350
0.60343
0.60335
0.60328
0.60320
0.60313
0.60305
0.60298
0.60290
0.60283
0.60275
0.60268
0.60260
0.60253
0.60245
0.60238
0.60230
0.60223
0.60215
0.60208
0.60200
0.60193
0.60185
0.60178
0.60170
0.60163
0.60155
0.60148
0.60140
0.60133
0.60125
0.60118
0.60110
0.60103
0.60095
0.60088
0.60080
0.60073
0.60065
0.60058
0.60050
0.60043
0.60035
0.60028
0.60020
0.60013
0.60005
0.59998
0.59990
0.59983
0.59975
0.59968
0.59960
0.59953
0.59945
0.59938
0.59930
0.59923
0.59915
0.59908
0.59900
0.59893
0.59885
0.59878
0.59870
0.59863
0.59855
0.59848
0.59840
0.59833
0.59825
0.59818
0.59810
0.59803
0.59795
0.59788
0.59780
0.59773
0.59765
0.59758
0.59750
0.59743
0.59735
0.59728
0.59720
0.59713
0.59705
0.59698
0.59690
0.59683
0.59675
0.59668
0.59660
0.59653
0.59645
0.59638
0.59630
0.59623
0.59615
0.59608
0.59600
0.59593
0.59585
0.59578
0.59570
0.59563
0.59555
0.59548
0.59540
0.59533
0.59525
0.59518
0.59510
0.59503
0.59495
0.59488
0.59480
0.59473
0.59465
0.59458
0.59450
0.59443
0.59435
0.59428
0.59420
0.59413
0.59405
0.59398
0.59390
0.59383
0.59375
0.59368
0.59360
0.59353
0.59345
0.59338
0.59330
0.59323
0.59315
0.59308
0.59300
0.59293
0.59285
0.59278
0.59270
0.59263
0.59255
0.59248
0.59240
0.59233
0.59225
0.59218
0.59210
0.59203
0.59195
0.59188
0.59180
0.59173
0.59165
0.59158
0.59150
0.59143
0.59135
0.59128
0.59120
0.59113
0.59105
0.59098
0.59090
0.59083
0.59075
0.59068
0.59060
0.59053
0.59045
0.59038
0.59030
0.59023
0.59015
0.59008
0.59000
0.58993
0.58985
0.58978
0.58970
0.58963
0.58955
0.58948
0.58940
0.58933
0.58925
0.58918
0.58910
0.58903
0.58895
0.58888
0.58880
0.58873
0.58865
0.58858
0.58850
0.58843
0.58835
0.58828
0.58820
0.58813
0.58805
0.58798
0.58790
0.58783
0.58775
0.58768
0.58760
0.58753
0.58745
0.58738
0.58731
0.58723
0.58716
0.58708
0.58701
0.58693
0.58686
0.58678
0.58671
0.58663
0.58656
0.58648
0.58641
0.58633
0.58626
0.58618
0.58611
0.58603
0.58596
0.58588
0.58581
0.58573
0.58566
0.58558
0.58551
0.58543
0.58536
0.58528
0.58521
0.58513
0.58506
0.58498
0.58491
0.58483
0.58476
0.58468
0.58461
0.58453
0.58446
0.58438
0.58431
0.58423
0.58416
0.58408
0.58401
0.58393
0.58386
0.58378
0.58371
0.58363
0.58356
0.58348
0.58341
0.58333
0.58326
0.58318
0.58311
0.58303
0.58296
0.58288
0.58281
0.58273
0.58266
0.58258
0.58251
0.58243
0.58236
0.58228
0.58221
0.58213
0.58206
0.58198
0.58191
0.58183
0.58176
0.58168
0.58161
0.58153
0.58146
0.58138
0.58131
0.58123
0.58116
0.58108
0.58101
0.58093
0.58086
0.58078
0.58071
0.58063
0.58056
0.58048
0.58041
0.58033
0.58026
0.58018
0.58011
0.58003
0.57996
0.57988
0.57981
0.57973
0.57966
0.57958
0.57951
0.57943
0.57936
0.57928
0.57921
0.57913
0.57906
0.57898
0.57891
0.57883
0.57876
0.57868
0.57861
0.57853
0.57846
0.57838
0.57831
0.57823
0.57816
0.57808
0.57801
0.57793
0.57786
0.57778
0.57771
0.57763
0.57756
0.57748
0.57741
0.57733
0.57726
0.57718
0.57711
0.57703
0.57696
0.57688
0.57681
0.57673
0.57666
0.57658
0.57651
0.57643
0.57636
0.57628
0.57621
0.57613
0.57606
0.57598
0.57591
0.57583
0.57576
0.57568
0.57561
0.57553
0.57546
0.57538
0.57531
0.57523
0.57516
0.57508
0.57501
0.57493
0.57486
0.57478
0.57471
0.57463
0.57456
0.57448
0.57441
0.57433
0.57426
0.57418
0.57411
0.57403
0.57396
0.57388
0.57381
0.57373
0.57366
0.57358
0.57351
0.57343
0.57336
0.57328
0.57321
0.57313
0.57306
0.57298
0.57291
0.57283
0.57276
0.57268
0.57261
0.57253
0.57246
0.57238
0.57231
0.57223
0.57216
0.57208
0.57201
0.57193
0.57186
0.57178
0.57171
0.57163
0.57156
0.57148
0.57141
0.57133
0.57126
0.57118
0.57111
0.57103
0.57096
0.57088
0.57081
0.57073
0.57066
0.57058
0.57051
0.57043
0.57036
0.57028
0.57021
0.57013
0.57006
0.56998
0.56991
0.56983
0.56976
0.56968
0.56961
0.56953
0.56946
0.56938
0.56931
0.56923
0.56916
0.56908
0.56901
0.56893
0.56886
0.56878
0.56871
0.56863
0.56856
0.56848
0.56841
0.56833
0.56826
0.56818
0.56811
0.56803
0.56796
0.56788
0.56781
0.56773
0.56766
0.56758
0.56751
0.56743
0.56736
0.56728
0.56721
0.56713
0.56706
0.56698
0.56691
0.56683
0.56676
0.56668
0.56661
0.56653
0.56646
0.56638
0.56631
0.56623
0.56616
0.56608
0.56601
0.56593
0.56586
0.56578
0.56571
0.56563
0.56556
0.56548
0.56541
0.56533
0.56526
0.56518
0.56511
0.56503
0.56496
0.56488
0.56481
0.56473
0.56466
0.56459
0.56451
0.56444
0.56436
0.56429
0.56421
0.56414
0.56406
0.56399
0.56391
0.56384
0.56376
0.56369
0.56361
0.56354
0.56346
0.56339
0.56331
0.56324
0.56316
0.56309
0.56301
0.56294
0.56286
0.56279
0.56271
0.56264
0.56256
0.56249
0.56241
0.56234
0.56226
0.56219
0.56211
0.56204
0.56196
0.56189
0.56181
0.56174
0.56166
0.56159
0.56151
0.56144
0.56136
0.56129
0.56121
0.56114
0.56106
0.56099
0.56091
0.56084
0.56076
0.56069
0.56061
0.56054
0.56046
0.56039
0.56031
0.56024
0.56016
0.56009
0.56001
0.55994
0.55986
0.55979
0.55971
0.55964
0.55956
0.55949
0.55941
0.55934
0.55926
0.55919
0.55911
0.55904
0.55896
0.55889
0.55881
0.55874
0.55866
0.55859
0.55851
0.55844
0.55836
0.55829
0.55821
0.55814
0.55806
0.55799
0.55791
0.55784
0.55776
0.55769
0.55761
0.55754
0.55746
0.55739
0.55731
0.55724
0.55716
0.55709
0.55701
0.55694
0.55686
0.55679
0.55671
0.55664
0.55656
0.55649
0.55641
0.55634
0.55626
0.55619
0.55611
0.55604
0.55596
0.55589
0.55581
0.55574
0.55566
0.55559
0.55551
0.55544
0.55536
0.55529
0.55521
0.55514
0.55506
0.55499
0.55491
0.55484
0.55476
0.55469
0.55461
0.55454
0.55446
0.55439
0.55431
0.55424
0.55416
0.55409
0.55401
0.55394
0.55386
0.55379
0.55371
0.55364
0.55356
0.55349
0.55341
0.55334
0.55326
0.55319
0.55311
0.55304
0.55296
0.55289
0.55281
0.55274
0.55266
0.55259
0.55251
0.55244
0.55236
0.55229
0.55221
0.55214
0.55206
0.55199
0.55191
0.55184
0.55176
0.55169
0.55161
0.55154
0.55146
0.55139
0.55131
0.55124
0.55116
0.55109
0.55101
0.55094
0.55086
0.55079
0.55071
0.55064
0.55056
0.55049
0.55041
0.55034
0.55026
0.55019
0.55011
0.55004
0.54996
0.54989
0.54981
0.54974
0.54966
0.54959
0.54951
0.54944
0.54936
0.54929
0.54921
0.54914
0.54906
0.54899
0.54891
0.54884
0.54876
0.54869
0.54861
0.54854
0.54846
0.54839
0.54831
0.54824
0.54816
0.54809
0.54801
0.54794
0.54786
0.54779
0.54771
0.54764
0.54756
0.54749
0.54741
0.54734
0.54726
0.54719
0.54711
0.54704
0.54696
0.54689
0.54681
0.54674
0.54666
0.54659
0.54651
0.54644
0.54636
0.54629
0.54621
0.54614
0.54606
0.54599
0.54591
0.54584
0.54576
0.54569
0.54561
0.54554
0.54546
0.54539
0.54531
0.54524
0.54516
0.54509
0.54501
0.54494
0.54486
0.54479
0.54471
0.54464
0.54456
0.54449
0.54441
0.54434
0.54426
0.54419
0.54411
0.54404
0.54396
0.54389
0.54381
0.54374
0.54367
0.54359
0.54352
0.54344
0.54337
0.54329
0.54322
0.54314
0.54307
0.54299
0.54292
0.54284
0.54277
0.54269
0.54262
0.54254
0.54247
0.54239
0.54232
0.54224
0.54217
0.54209
0.54202
0.54194
0.54187
0.54179
0.54172
0.54164
0.54157
0.54149
0.54142
0.54134
0.54127
0.54119
0.54112
0.54104
0.54097
0.54089
0.54082
0.54074
0.54067
0.54059
0.54052
0.54044
0.54037
0.54029
0.54022
0.54014
0.54007
0.53999
0.53992
0.53984
0.53977
0.53969
0.53962
0.53954
0.53947
0.53939
0.53932
0.53924
0.53917
0.53909
0.53902
0.53894
0.53887
0.53879
0.53872
0.53864
0.53857
0.53849
0.53842
0.53834
0.53827
0.53819
0.53812
0.53804
0.53797
0.53789
0.53782
0.53774
0.53767
0.53759
0.53752
0.53744
0.53737
0.53729
0.53722
0.53714
0.53707
0.53699
0.53692
0.53684
0.53677
0.53669
0.53662
0.53654
0.53647
0.53639
0.53632
0.53624
0.53617
0.53609
0.53602
0.53594
0.53587
0.53579
0.53572
0.53564
0.53557
0.53549
0.53542
0.53534
0.53527
0.53519
0.53512
0.53504
0.53497
0.53489
0.53482
0.53474
0.53467
0.53459
0.53452
0.53444
0.53437
0.53429
0.53422
0.53414
0.53407
0.53399
0.53392
0.53384
0.53377
0.53369
0.53362
0.53354
0.53347
0.53339
0.53332
0.53324
0.53317
0.53309
0.53302
0.53294
0.53287
0.53279
0.53272
0.53264
0.53257
0.53249
0.53242
0.53234
0.53227
0.53219
0.53212
0.53204
0.53197
0.53189
0.53182
0.53174
0.53167
0.53159
0.53152
0.53144
0.53137
0.53129
0.53122
0.53114
0.53107
0.53099
0.53092
0.53084
0.53077
0.53069
0.53062
0.53054
0.53047
0.53039
0.53032
0.53024
0.53017
0.53009
0.53002
0.52994
0.52987
0.52979
0.52972
0.52964
0.52957
0.52949
0.52942
0.52934
0.52927
0.52919
0.52912
0.52904
0.52897
0.52889
0.52882
0.52874
0.52867
0.52859
0.52852
0.52844
0.52837
0.52829
0.52822
0.52814
0.52807
0.52799
0.52792
0.52784
0.52777
0.52769
0.52762
0.52754
0.52747
0.52739
0.52732
0.52724
0.52717
0.52709
0.52702
0.52694
0.52687
0.52679
0.52672
0.52664
0.52657
0.52649
0.52642
0.52634
0.52627
0.52619
0.52612
0.52604
0.52597
0.52589
0.52582
0.52574
0.52567
0.52559
0.52552
0.52544
0.52537
0.52529
0.52522
0.52514
0.52507
0.52499
0.52492
0.52484
0.52477
0.52469
0.52462
0.52454
0.52447
0.52439
0.52432
0.52425
0.52417
0.52410
0.52402
0.52395
0.52387
0.52380
0.52372
0.52365
0.52357
0.52350
0.52342
0.52335
0.52327
0.52320
0.52312
0.52305
0.52297
0.52290
0.52282
0.52275
0.52267
0.52260
0.52252
0.52245
0.52237
0.52230
0.52222
0.52215
0.52207
0.52200
0.52192
0.52185
0.52177
0.52170
0.52162
0.52155
0.52147
0.52140
0.52132
0.52125
0.52117
0.52110
0.52102
0.52095
0.52087
0.52080
0.52072
0.52065
0.52057
0.52050
0.52042
0.52035
0.52027
0.52020
0.52012
0.52005
0.51997
0.51990
0.51982
0.51975
0.51967
0.51960
0.51952
0.51945
0.51937
0.51930
0.51922
0.51915
0.51907
0.51900
0.51892
0.51885
0.51877
0.51870
0.51862
0.51855
0.51847
0.51840
0.51832
0.51825
0.51817
0.51810
0.51802
0.51795
0.51787
0.51780
0.51772
0.51765
0.51757
0.51750
0.51742
0.51735
0.51727
0.51720
0.51712
0.51705
0.51697
0.51690
0.51682
0.51675
0.51667
0.51660
0.51652
0.51645
0.51637
0.51630
0.51622
0.51615
0.51607
0.51600
0.51592
0.51585
0.51577
0.51570
0.51562
0.51555
0.51547
0.51540
0.51532
0.51525
0.51517
0.51510
0.51502
0.51495
0.51487
0.51480
0.51472
0.51465
0.51457
0.51450
0.51442
0.51435
0.51427
0.51420
0.51412
0.51405
0.51397
0.51390
0.51382
0.51375
0.51367
0.51360
0.51352
0.51345
0.51337
0.51330
0.51322
0.51315
0.51307
0.51300
0.51292
0.51285
0.51277
0.51270
0.51262
0.51255
0.51247
0.51240
0.51232
0.51225
0.51217
0.51210
0.51202
0.51195
0.51187
0.51180
0.51172
0.51165
0.51157
0.51150
0.51142
0.51135
0.51127
0.51120
0.51112
0.51105
0.51097
0.51090
0.51082
0.51075
0.51067
0.51060
0.51052
0.51045
0.51037
0.51030
0.51022
0.51015
0.51007
0.51000
0.50992
0.50985
0.50977
0.50970
0.50962
0.50955
0.50947
0.50940
0.50932
0.50925
0.50917
0.50910
0.50902
0.50895
0.50887
0.50880
0.50872
0.50865
0.50857
0.50850
0.50842
0.50835
0.50827
0.50820
0.50812
0.50805
0.50797
0.50790
0.50782
0.50775
0.50767
0.50760
0.50752
0.50745
0.50737
0.50730
0.50722
0.50715
0.50707
0.50700
0.50692
0.50685
0.50677
0.50670
0.50662
0.50655
0.50647
0.50640
0.50632
0.50625
0.50618
0.50610
0.50603
0.50595
0.50588
0.50580
0.50573
0.50565
0.50558
0.50550
0.50543
0.50535
0.50528
0.50520
0.50513
0.50505
0.50498
0.50490
0.50483
0.50475
0.50468
0.50460
0.50453
0.50445
0.50438
0.50430
0.50423
0.50415
0.50408
0.50400
0.50393
0.50385
0.50378
0.50370
0.50363
0.50355
0.50348
0.50340
0.50333
0.50325
0.50318
0.50310
0.50303
0.50295
0.50288
0.50280
0.50273
0.50265
0.50258
0.50250
0.50243
0.50235
0.50228
0.50220
0.50213
0.50205
0.50198
0.50190
0.50183
0.50175
0.50168
0.50160
0.50153
0.50145
0.50138
0.50130
0.50123
0.50115
0.50108
0.50100
0.50093
0.50085
0.50078
0.50070
0.50063
0.50055
0.50048
0.50040
0.50033
0.50025
0.50018
0.50010
0.50003
0.49995
0.49988
0.49980
0.49973
0.49965
0.49958
0.49950
0.49943
0.49935
0.49928
0.49920
0.49913
0.49905
0.49898
0.49890
0.49883
0.49875
0.49868
0.49860
0.49853
0.49845
0.49838
0.49830
0.49823
0.49815
0.49808
0.49800
0.49793
0.49785
0.49778
0.49770
0.49763
0.49755
0.49748
0.49740
0.49733
0.49725
0.49718
0.49710
0.49703
0.49695
0.49688
0.49680
0.49673
0.49665
0.49658
0.49650
0.49643
0.49635
0.49628
0.49620
0.49613
0.49605
0.49598
0.49590
0.49583
0.49575
0.49568
0.49560
0.49553
0.49545
0.49538
0.49530
0.49523
0.49515
0.49508
0.49500
0.49493
0.49485
0.49478
0.49470
0.49463
0.49455
0.49448
0.49440
0.49433
0.49425
0.49418
0.49410
0.49403
0.49395
0.49388
0.49380
0.49373
0.49365
0.49358
0.49350
0.49343
0.49335
0.49328
0.49320
0.49313
0.49305
0.49298
0.49290
0.49283
0.49275
0.49268
0.49260
0.49253
0.49245
0.49238
0.49230
0.49223
0.49215
0.49208
0.49200
0.49193
0.49185
0.49178
0.49170
0.49163
0.49155
0.49148
0.49140
0.49133
0.49125
0.49118
0.49110
0.49103
0.49095
0.49088
0.49080
0.49073
0.49065
0.49058
0.49050
0.49043
0.49035
0.49028
0.49020
0.49013
0.49005
0.48998
0.48990
0.48983
0.48975
0.48968
0.48960
0.48953
0.48945
0.48938
0.48930
0.48923
0.48915
0.48908
0.48901
0.48893
0.48886
0.48878
0.48871
0.48863
0.48856
0.48848
0.48841
0.48833
0.48826
0.48818
0.48811
0.48803
0.48796
0.48788
0.48781
0.48773
0.48766
0.48758
0.48751
0.48743
0.48736
0.48728
0.48721
0.48713
0.48706
0.48698
0.48691
0.48683
0.48676
0.48668
0.48661
0.48653
0.48646
0.48638
0.48631
0.48623
0.48616
0.48608
0.48601
0.48593
0.48586
0.48578
0.48571
0.48563
0.48556
0.48548
0.48541
0.48533
0.48526
0.48518
0.48511
0.48503
0.48496
0.48488
0.48481
0.48473
0.48466
0.48458
0.48451
0.48443
0.48436
0.48428
0.48421
0.48413
0.48406
0.48398
0.48391
0.48383
0.48376
0.48368
0.48361
0.48353
0.48346
0.48338
0.48331
0.48323
0.48316
0.48308
0.48301
0.48293
0.48286
0.48278
0.48271
0.48263
0.48256
0.48248
0.48241
0.48233
0.48226
0.48218
0.48211
0.48203
0.48196
0.48188
0.48181
0.48173
0.48166
0.48158
0.48151
0.48143
0.48136
0.48128
0.48121
0.48113
0.48106
0.48098
0.48091
0.48083
0.48076
0.48068
0.48061
0.48053
0.48046
0.48038
0.48031
0.48023
0.48016
0.48008
0.48001
0.47993
0.47986
0.47978
0.47971
0.47963
0.47956
0.47948
0.47941
0.47933
0.47926
0.47918
0.47911
0.47903
0.47896
0.47888
0.47881
0.47873
0.47866
0.47858
0.47851
0.47843
0.47836
0.47828
0.47821
0.47813
0.47806
0.47798
0.47791
0.47783
0.47776
0.47768
0.47761
0.47753
0.47746
0.47738
0.47731
0.47723
0.47716
0.47708
0.47701
0.47693
0.47686
0.47678
0.47671
0.47663
0.47656
0.47648
0.47641
0.47633
0.47626
0.47618
0.47611
0.47603
0.47596
0.47588
0.47581
0.47573
0.47566
0.47558
0.47551
0.47543
0.47536
0.47528
0.47521
0.47513
0.47506
0.47498
0.47491
0.47483
0.47476
0.47468
0.47461
0.47453
0.47446
0.47438
0.47431
0.47423
0.47416
0.47408
0.47401
0.47393
0.47386
0.47378
0.47371
0.47363
0.47356
0.47348
0.47341
0.47333
0.47326
0.47318
0.47311
0.47303
0.47296
0.47289
0.47281
0.47274
0.47266
0.47259
0.47251
0.47244
0.47236
0.47229
0.47221
0.47214
0.47206
0.47199
0.47191
0.47184
0.47176
0.47169
0.47161
0.47154
0.47146
0.47139
0.47131
0.47124
0.47116
0.47109
0.47101
0.47094
0.47086
0.47079
0.47071
0.47064
0.47056
0.47049
0.47041
0.47034
0.47026
0.47019
0.47011
0.47004
0.46996
0.46989
0.46981
0.46974
0.46966
0.46959
0.46951
0.46944
0.46936
0.46929
0.46921
0.46914
0.46906
0.46899
0.46891
0.46884
0.46876
0.46869
0.46861
0.46854
0.46846
0.46839
0.46831
0.46824
0.46816
0.46809
0.46801
0.46794
0.46786
0.46779
0.46771
0.46764
0.46756
0.46749
0.46741
0.46734
0.46726
0.46719
0.46711
0.46704
0.46696
0.46689
0.46681
0.46674
0.46666
0.46659
0.46651
0.46644
0.46636
0.46629
0.46621
0.46614
0.46606
0.46599
0.46591
0.46584
0.46576
0.46569
0.46561
0.46554
0.46546
0.46539
0.46531
0.46524
0.46516
0.46509
0.46501
0.46494
0.46486
0.46479
0.46471
0.46464
0.46456
0.46449
0.46441
0.46434
0.46426
0.46419
0.46411
0.46404
0.46396
0.46389
0.46381
0.46374
0.46366
0.46359
0.46351
0.46344
0.46336
0.46329
0.46321
0.46314
0.46306
0.46299
0.46291
0.46284
0.46276
0.46269
0.46261
0.46254
0.46246
0.46239
0.46231
0.46224
0.46216
0.46209
0.46201
0.46194
0.46186
0.46179
0.46171
0.46164
0.46156
0.46149
0.46141
0.46134
0.46126
0.46119
0.46111
0.46104
0.46096
0.46089
0.46081
0.46074
0.46066
0.46059
0.46051
0.46044
0.46036
0.46029
0.46021
0.46014
0.46006
0.45999
0.45991
0.45984
0.45976
0.45969
0.45961
0.45954
0.45946
0.45939
0.45931
0.45924
0.45916
0.45909
0.45901
0.45894
0.45886
0.45879
0.45871
0.45864
0.45856
0.45849
0.45841
0.45834
0.45826
0.45819
0.45811
0.45804
0.45796
0.45789
0.45781
0.45774
0.45767
0.45759
0.45752
0.45744
0.45737
0.45729
0.45722
0.45714
0.45707
0.45699
0.45692
0.45684
0.45677
0.45669
0.45662
0.45654
0.45647
0.45639
0.45632
0.45624
0.45617
0.45609
0.45602
0.45594
0.45587
0.45579
0.45572
0.45564
0.45557
0.45549
0.45542
0.45534
0.45527
0.45519
0.45512
0.45504
0.45497
0.45489
0.45482
0.45474
0.45467
0.45459
0.45452
0.45444
0.45437
0.45429
0.45422
0.45414
0.45407
0.45399
0.45392
0.45384
0.45377
0.45369
0.45362
0.45354
0.45347
0.45339
0.45332
0.45324
0.45317
0.45309
0.45302
0.45294
0.45287
0.45279
0.45272
0.45264
0.45257
0.45249
0.45242
0.45234
0.45227
0.45219
0.45212
0.45204
0.45197
0.45189
0.45182
0.45174
0.45167
0.45159
0.45152
0.45144
0.45137
0.45129
0.45122
0.45114
0.45107
0.45099
0.45092
0.45084
0.45077
0.45069
0.45062
0.45054
0.45047
0.45039
0.45032
0.45024
0.45017
0.45009
0.45002
0.44994
0.44987
0.44979
0.44972
0.44964
0.44957
0.44949
0.44942
0.44934
0.44927
0.44919
0.44912
0.44904
0.44897
0.44889
0.44882
0.44874
0.44867
0.44859
0.44852
0.44844
0.44837
0.44829
0.44822
0.44814
0.44807
0.44799
0.44792
0.44784
0.44777
0.44769
0.44762
0.44754
0.44747
0.44739
0.44732
0.44724
0.44717
0.44709
0.44702
0.44694
0.44687
0.44679
0.44672
0.44664
0.44657
0.44649
0.44642
0.44634
0.44627
0.44619
0.44612
0.44604
0.44597
0.44589
0.44582
0.44574
0.44567
0.44559
0.44552
0.44544
0.44537
0.44529
0.44522
0.44514
0.44507
0.44499
0.44492
0.44484
0.44477
0.44469
0.44462
0.44454
0.44447
0.44439
0.44432
0.44424
0.44417
0.44409
0.44402
0.44394
0.44387
0.44379
0.44372
0.44364
0.44357
0.44349
0.44342
0.44334
0.44327
0.44319
0.44312
0.44305
0.44297
0.44290
0.44282
0.44275
0.44267
0.44260
0.44252
0.44245
0.44237
0.44230
0.44222
0.44215
0.44207
0.44200
0.44192
0.44185
0.44177
0.44170
0.44162
0.44155
0.44147
0.44140
0.44132
0.44125
0.44117
0.44110
0.44102
0.44095
0.44087
0.44080
0.44072
0.44065
0.44057
0.44050
0.44042
0.44035
0.44027
0.44020
0.44012
0.44005
0.43997
0.43990
0.43982
0.43975
0.43967
0.43960
0.43952
0.43945
0.43937
0.43930
0.43922
0.43915
0.43907
0.43900
0.43892
0.43885
0.43877
0.43870
0.43862
0.43855
0.43847
0.43840
0.43832
0.43825
0.43817
0.43810
0.43802
0.43795
0.43787
0.43780
0.43772
0.43765
0.43757
0.43750
0.43742
0.43735
0.43727
0.43720
0.43712
0.43705
0.43697
0.43690
0.43682
0.43675
0.43667
0.43660
0.43652
0.43645
0.43637
0.43630
0.43622
0.43615
0.43607
0.43600
0.43592
0.43585
0.43577
0.43570
0.43562
0.43555
0.43547
0.43540
0.43532
0.43525
0.43517
0.43510
0.43502
0.43495
0.43487
0.43480
0.43472
0.43465
0.43457
0.43450
0.43442
0.43435
0.43427
0.43420
0.43412
0.43405
0.43397
0.43390
0.43382
0.43375
0.43367
0.43360
0.43352
0.43345
0.43337
0.43330
0.43322
0.43315
0.43307
0.43300
0.43292
0.43285
0.43277
0.43270
0.43262
0.43255
0.43247
0.43240
0.43232
0.43225
0.43217
0.43210
0.43202
0.43195
0.43187
0.43180
0.43172
0.43165
0.43157
0.43150
0.43142
0.43135
0.43127
0.43120
0.43112
0.43105
0.43097
0.43090
0.43082
0.43075
0.43067
0.43060
0.43052
0.43045
0.43037
0.43030
0.43022
0.43015
0.43007
0.43000
0.42992
0.42985
0.42977
0.42970
0.42962
0.42955
0.42947
0.42940
0.42932
0.42925
0.42918
0.42910
0.42903
0.42895
0.42888
0.42880
0.42873
0.42865
0.42858
0.42850
0.42843
0.42835
0.42828
0.42820
0.42813
0.42805
0.42798
0.42790
0.42783
0.42775
0.42768
0.42760
0.42753
0.42745
0.42738
0.42730
0.42723
0.42715
0.42708
0.42700
0.42693
0.42685
0.42678
0.42670
0.42663
0.42655
0.42648
0.42640
0.42633
0.42625
0.42618
0.42610
0.42603
0.42595
0.42588
0.42580
0.42573
0.42565
0.42558
0.42550
0.42543
0.42535
0.42528
0.42520
0.42513
0.42505
0.42498
0.42490
0.42483
0.42475
0.42468
0.42460
0.42453
0.42445
0.42438
0.42430
0.42423
0.42415
0.42408
0.42400
0.42393
0.42385
0.42378
0.42370
0.42363
0.42355
0.42348
0.42340
0.42333
0.42325
0.42318
0.42310
0.42303
0.42295
0.42288
0.42280
0.42273
0.42265
0.42258
0.42250
0.42243
0.42235
0.42228
0.42220
0.42213
0.42205
0.42198
0.42190
0.42183
0.42175
0.42168
0.42160
0.42153
0.42145
0.42138
0.42130
0.42123
0.42115
0.42108
0.42100
0.42093
0.42085
0.42078
0.42070
0.42063
0.42055
0.42048
0.42040
0.42033
0.42025
0.42018
0.42010
0.42003
0.41995
0.41988
0.41980
0.41973
0.41965
0.41958
0.41950
0.41943
0.41935
0.41928
0.41920
0.41913
0.41905
0.41898
0.41890
0.41883
0.41875
0.41868
0.41860
0.41853
0.41845
0.41838
0.41830
0.41823
0.41815
0.41808
0.41800
0.41793
0.41785
0.41778
0.41770
0.41763
0.41755
0.41748
0.41740
0.41733
0.41725
0.41718
0.41710
0.41703
0.41695
0.41688
0.41680
0.41673
0.41665
0.41658
0.41650
0.41643
0.41635
0.41628
0.41620
0.41613
0.41605
0.41598
0.41590
0.41583
0.41576
0.41568
0.41561
0.41553
0.41546
0.41538
0.41531
0.41523
0.41516
0.41508
0.41501
0.41493
0.41486
0.41478
0.41471
0.41463
0.41456
0.41448
0.41441
0.41433
0.41426
0.41418
0.41411
0.41403
0.41396
0.41388
0.41381
0.41373
0.41366
0.41358
0.41351
0.41343
0.41336
0.41328
0.41321
0.41313
0.41306
0.41298
0.41291
0.41283
0.41276
0.41268
0.41261
0.41253
0.41246
0.41238
0.41231
0.41223
0.41216
0.41208
0.41201
0.41193
0.41186
0.41178
0.41171
0.41163
0.41156
0.41148
0.41141
0.41133
0.41126
0.41118
0.41111
0.41103
0.41096
0.41088
0.41081
0.41073
0.41066
0.41058
0.41051
0.41043
0.41036
0.41028
0.41021
0.41013
0.41006
0.40998
0.40991
0.40983
0.40976
0.40968
0.40961
0.40953
0.40946
0.40938
0.40931
0.40923
0.40916
0.40908
0.40901
0.40893
0.40886
0.40878
0.40871
0.40863
0.40856
0.40848
0.40841
0.40833
0.40826
0.40818
0.40811
0.40803
0.40796
0.40788
0.40781
0.40773
0.40766
0.40758
0.40751
0.40743
0.40736
0.40728
0.40721
0.40713
0.40706
0.40698
0.40691
0.40683
0.40676
0.40668
0.40661
0.40653
0.40646
0.40638
0.40631
0.40623
0.40616
0.40608
0.40601
0.40593
0.40586
0.40578
0.40571
0.40563
0.40556
0.40548
0.40541
0.40533
0.40526
0.40518
0.40511
0.40503
0.40496
0.40488
0.40481
0.40473
0.40466
0.40458
0.40451
0.40443
0.40436
0.40428
0.40421
0.40413
0.40406
0.40398
0.40391
0.40383
0.40376
0.40368
0.40361
0.40353
0.40346
0.40338
0.40331
0.40323
0.40316
0.40309
0.40301
0.40294
0.40286
0.40279
0.40271
0.40264
0.40256
0.40249
0.40241
0.40234
0.40226
0.40219
0.40211
0.40204
0.40196
0.40189
0.40181
0.40174
0.40166
0.40159
0.40151
0.40144
0.40136
0.40129
0.40121
0.40114
0.40106
0.40099
0.40091
0.40084
0.40076
0.40069
0.40061
0.40054
0.40046
0.40039
0.40031
0.40024
0.40016
0.40009
0.40001
0.39994
0.39986
0.39979
0.39971
0.39964
0.39956
0.39949
0.39941
0.39934
0.39926
0.39919
0.39911
0.39904
0.39896
0.39889
0.39881
0.39874
0.39866
0.39859
0.39851
0.39844
0.39836
0.39829
0.39821
0.39814
0.39806
0.39799
0.39791
0.39784
0.39776
0.39769
0.39761
0.39754
0.39746
0.39739
0.39731
0.39724
0.39716
0.39709
0.39701
0.39694
0.39686
0.39679
0.39671
0.39664
0.39656
0.39649
0.39641
0.39634
0.39626
0.39619
0.39611
0.39604
0.39596
0.39589
0.39581
0.39574
0.39566
0.39559
0.39551
0.39544
0.39536
0.39529
0.39521
0.39514
0.39506
0.39499
0.39491
0.39484
0.39476
0.39469
0.39461
0.39454
0.39446
0.39439
0.39431
0.39424
0.39416
0.39409
0.39401
0.39394
0.39386
0.39379
0.39371
0.39364
0.39356
0.39349
0.39341
0.39334
0.39326
0.39319
0.39311
0.39304
0.39296
0.39289
0.39281
0.39274
0.39266
0.39259
0.39251
0.39244
0.39236
0.39229
0.39221
0.39214
0.39206
0.39199
0.39191
0.39184
0.39176
0.39169
0.39161
0.39154
0.39146
0.39139
0.39131
0.39124
0.39116
0.39109
0.39101
0.39094
0.39086
0.39079
0.39072
0.39064
0.39057
0.39049
0.39042
0.39034
0.39027
0.39019
0.39012
0.39004
0.38997
0.38989
0.38982
0.38974
0.38967
0.38959
0.38952
0.38944
0.38937
0.38929
0.38922
0.38914
0.38907
0.38899
0.38892
0.38884
0.38877
0.38869
0.38862
0.38854
0.38847
0.38839
0.38832
0.38824
0.38817
0.38809
0.38802
0.38794
0.38787
0.38779
0.38772
0.38764
0.38757
0.38749
0.38742
0.38734
0.38727
0.38719
0.38712
0.38704
0.38697
0.38689
0.38682
0.38674
0.38667
0.38659
0.38652
0.38644
0.38637
0.38629
0.38622
0.38614
0.38607
0.38599
0.38592
0.38584
0.38577
0.38569
0.38562
0.38554
0.38547
0.38539
0.38532
0.38524
0.38517
0.38509
0.38502
0.38494
0.38487
0.38479
0.38472
0.38464
0.38457
0.38449
0.38442
0.38434
0.38427
0.38419
0.38412
0.38404
0.38397
0.38389
0.38382
0.38374
0.38367
0.38359
0.38352
0.38344
0.38337
0.38329
0.38322
0.38314
0.38307
0.38299
0.38292
0.38284
0.38277
0.38269
0.38262
0.38254
0.38247
0.38239
0.38232
0.38224
0.38217
0.38209
0.38202
0.38194
0.38187
0.38179
0.38172
0.38164
0.38157
0.38149
0.38142
0.38134
0.38127
0.38119
0.38112
0.38104
0.38097
0.38089
0.38082
0.38074
0.38067
0.38059
0.38052
0.38044
0.38037
0.38029
0.38022
0.38014
0.38007
0.37999
0.37992
0.37984
0.37977
0.37969
0.37962
0.37954
0.37947
0.37939
0.37932
0.37924
0.37917
0.37909
0.37902
0.37895
0.37887
0.37880
0.37872
0.37865
0.37857
0.37850
0.37842
0.37835
0.37827
0.37820
0.37812
0.37805
0.37797
0.37790
0.37782
0.37775
0.37767
0.37760
0.37752
0.37745
0.37737
0.37730
0.37722
0.37715
0.37707
0.37700
0.37692
0.37685
0.37677
0.37670
0.37662
0.37655
0.37647
0.37640
0.37632
0.37625
0.37617
0.37610
0.37602
0.37595
0.37587
0.37580
0.37572
0.37565
0.37557
0.37550
0.37542
0.37535
0.37527
0.37520
0.37512
0.37505
0.37497
0.37490
0.37482
0.37475
0.37467
0.37460
0.37452
0.37445
0.37437
0.37430
0.37422
0.37415
0.37407
0.37400
0.37392
0.37385
0.37377
0.37370
0.37362
0.37355
0.37347
0.37340
0.37332
0.37325
0.37317
0.37310
0.37302
0.37295
0.37287
0.37280
0.37272
0.37265
0.37257
0.37250
0.37242
0.37235
0.37227
0.37220
0.37212
0.37205
0.37197
0.37190
0.37182
0.37175
0.37167
0.37160
0.37152
0.37145
0.37137
0.37130
0.37122
0.37115
0.37107
0.37100
0.37092
0.37085
0.37077
0.37070
0.37062
0.37055
0.37047
0.37040
0.37032
0.37025
0.37017
0.37010
0.37002
0.36995
0.36987
0.36980
0.36972
0.36965
0.36957
0.36950
0.36942
0.36935
0.36927
0.36920
0.36912
0.36905
0.36897
0.36890
0.36882
0.36875
0.36867
0.36860
0.36852
0.36845
0.36837
0.36830
0.36822
0.36815
0.36807
0.36800
0.36792
0.36785
0.36777
0.36770
0.36763
0.36755
0.36748
0.36740
0.36733
0.36725
0.36718
0.36710
0.36703
0.36695
0.36688
0.36680
0.36673
0.36665
0.36658
0.36650
0.36643
0.36635
0.36628
0.36620
0.36613
0.36605
0.36598
0.36590
0.36583
0.36575
0.36568
0.36560
0.36553
0.36545
0.36538
0.36530
0.36523
0.36515
0.36508
0.36500
0.36493
0.36485
0.36478
0.36470
0.36463
0.36455
0.36448
0.36440
0.36433
0.36425
0.36418
0.36410
0.36403
0.36395
0.36388
0.36380
0.36373
0.36365
0.36358
0.36350
0.36343
0.36335
0.36328
0.36320
0.36313
0.36305
0.36298
0.36290
0.36283
0.36275
0.36268
0.36260
0.36253
0.36245
0.36238
0.36230
0.36223
0.36215
0.36208
0.36200
0.36193
0.36185
0.36178
0.36170
0.36163
0.36155
0.36148
0.36140
0.36133
0.36125
0.36118
0.36110
0.36103
0.36095
0.36088
0.36080
0.36073
0.36065
0.36058
0.36050
0.36043
0.36035
0.36028
0.36020
0.36013
0.36005
0.35998
0.35990
0.35983
0.35975
0.35968
0.35960
0.35953
0.35945
0.35938
0.35930
0.35923
0.35915
0.35908
0.35900
0.35893
0.35885
0.35878
0.35870
0.35863
0.35855
0.35848
0.35840
0.35833
0.35825
0.35818
0.35810
0.35803
0.35795
0.35788
0.35780
0.35773
0.35765
0.35758
0.35750
0.35743
0.35735
0.35728
0.35720
0.35713
0.35705
0.35698
0.35690
0.35683
0.35675
0.35668
0.35661
0.35653
0.35646
0.35638
0.35631
0.35623
0.35616
0.35608
0.35601
0.35593
0.35586
0.35578
0.35571
0.35563
0.35556
0.35548
0.35541
0.35533
0.35526
0.35518
0.35511
0.35503
0.35496
0.35488
0.35481
0.35473
0.35466
0.35458
0.35451
0.35443
0.35436
0.35428
0.35421
0.35413
0.35406
0.35398
0.35391
0.35383
0.35376
0.35368
0.35361
0.35353
0.35346
0.35338
0.35331
0.35323
0.35316
0.35308
0.35301
0.35293
0.35286
0.35278
0.35271
0.35263
0.35256
0.35248
0.35241
0.35233
0.35226
0.35218
0.35211
0.35203
0.35196
0.35188
0.35181
0.35173
0.35166
0.35158
0.35151
0.35143
0.35136
0.35128
0.35121
0.35113
0.35106
0.35098
0.35091
0.35083
0.35076
0.35068
0.35061
0.35053
0.35046
0.35038
0.35031
0.35023
0.35016
0.35008
0.35001
0.34993
0.34986
0.34978
0.34971
0.34963
0.34956
0.34948
0.34941
0.34933
0.34926
0.34918
0.34911
0.34903
0.34896
0.34888
0.34881
0.34873
0.34866
0.34858
0.34851
0.34843
0.34836
0.34828
0.34821
0.34813
0.34806
0.34798
0.34791
0.34783
0.34776
0.34768
0.34761
0.34753
0.34746
0.34738
0.34731
0.34723
0.34716
0.34708
0.34701
0.34693
0.34686
0.34678
0.34671
0.34663
0.34656
0.34648
0.34641
0.34633
0.34626
0.34618
0.34611
0.34604
0.34596
0.34589
0.34581
0.34574
0.34566
0.34559
0.34551
0.34544
0.34536
0.34529
0.34521
0.34514
0.34506
0.34499
0.34491
0.34484
0.34476
0.34469
0.34461
0.34454
0.34446
0.34439
0.34431
0.34424
0.34416
0.34409
0.34401
0.34394
0.34386
0.34379
0.34371
0.34364
0.34356
0.34349
0.34341
0.34334
0.34326
0.34319
0.34311
0.34304
0.34296
0.34289
0.34281
0.34274
0.34266
0.34259
0.34251
0.34244
0.34236
0.34229
0.34221
0.34214
0.34206
0.34199
0.34191
0.34184
0.34176
0.34169
0.34161
0.34154
0.34146
0.34139
0.34131
0.34124
0.34116
0.34109
0.34101
0.34094
0.34086
0.34079
0.34071
0.34064
0.34056
0.34049
0.34041
0.34034
0.34026
0.34019
0.34011
0.34004
0.33996
0.33989
0.33981
0.33974
0.33966
0.33959
0.33951
0.33944
0.33936
0.33929
0.33921
0.33914
0.33906
0.33899
0.33891
0.33884
0.33876
0.33869
0.33861
0.33854
0.33846
0.33839
0.33831
0.33824
0.33816
0.33809
0.33801
0.33794
0.33786
0.33779
0.33771
0.33764
0.33756
0.33749
0.33741
0.33734
0.33726
0.33719
0.33711
0.33704
0.33696
0.33689
0.33681
0.33674
0.33666
0.33659
0.33651
0.33644
0.33636
0.33629
0.33621
0.33614
0.33606
0.33599
0.33591
0.33584
0.33577
0.33569
0.33562
0.33554
0.33547
0.33539
0.33532
0.33524
0.33517
0.33509
0.33502
0.33494
0.33487
0.33479
0.33472
0.33464
0.33457
0.33449
0.33442
0.33434
0.33427
0.33419
0.33412
0.33404
0.33397
0.33389
0.33382
0.33374
0.33367
0.33359
0.33352
0.33344
0.33337
0.33329
0.33322
0.33314
0.33307
0.33299
0.33292
0.33284
0.33277
0.33269
0.33262
0.33254
0.33247
0.33239
0.33232
0.33224
0.33217
0.33209
0.33202
0.33194
0.33187
0.33179
0.33172
0.33164
0.33157
0.33149
0.33142
0.33134
0.33127
0.33119
0.33112
0.33104
0.33097
0.33089
0.33082
0.33074
0.33067
0.33059
0.33052
0.33044
0.33037
0.33029
0.33022
0.33014
0.33007
0.32999
0.32992
0.32984
0.32977
0.32969
0.32962
0.32954
0.32947
0.32939
0.32932
0.32924
0.32917
0.32909
0.32902
0.32894
0.32887
0.32879
0.32872
0.32864
0.32857
0.32849
0.32842
0.32834
0.32827
0.32819
0.32812
0.32804
0.32797
0.32789
0.32782
0.32774
0.32767
0.32759
0.32752
0.32744
0.32737
0.32729
0.32722
0.32714
0.32707
0.32699
0.32692
0.32684
0.32677
0.32669
0.32662
0.32654
0.32647
0.32639
0.32632
0.32624
0.32617
0.32609
0.32602
0.32594
0.32587
0.32580
0.32572
0.32565
0.32557
0.32550
0.32542
0.32535
0.32527
0.32520
0.32512
0.32505
0.32497
0.32490
0.32482
0.32475
0.32467
0.32460
0.32452
0.32445
0.32437
0.32430
0.32422
0.32415
0.32407
0.32400
0.32392
0.32385
0.32377
0.32370
0.32362
0.32355
0.32347
0.32340
0.32332
0.32325
0.32317
0.32310
0.32302
0.32295
0.32287
0.32280
0.32272
0.32265
0.32257
0.32250
0.32242
0.32235
0.32227
0.32220
0.32212
0.32205
0.32197
0.32190
0.32182
0.32175
0.32167
0.32160
0.32152
0.32145
0.32137
0.32130
0.32122
0.32115
0.32107
0.32100
0.32092
0.32085
0.32077
0.32070
0.32062
0.32055
0.32047
0.32040
0.32032
0.32025
0.32017
0.32010
0.32002
0.31995
0.31987
0.31980
0.31972
0.31965
0.31957
0.31950
0.31942
0.31935
0.31927
0.31920
0.31912
0.31905
0.31897
0.31890
0.31882
0.31875
0.31867
0.31860
0.31852
0.31845
0.31837
0.31830
0.31822
0.31815
0.31807
0.31800
0.31792
0.31785
0.31777
0.31770
0.31762
0.31755
0.31747
0.31740
0.31732
0.31725
0.31717
0.31710
0.31702
0.31695
0.31687
0.31680
0.31672
0.31665
0.31657
0.31650
0.31642
0.31635
0.31627
0.31620
0.31613
0.31605
0.31598
0.31590
0.31583
0.31575
0.31568
0.31560
0.31553
0.31545
0.31538
0.31530
0.31523
0.31515
0.31508
0.31500
0.31493
0.31485
0.31478
0.31470
0.31463
0.31455
0.31448
0.31440
0.31433
0.31425
0.31418
0.31410
0.31403
0.31395
0.31388
0.31380
0.31373
0.31365
0.31358
0.31350
0.31343
0.31335
0.31328
0.31320
0.31313
0.31305
0.31298
0.31290
0.31283
0.31275
0.31268
0.31260
0.31253
0.31245
0.31238
0.31230
0.31223
0.31215
0.31208
0.31200
0.31193
0.31185
0.31178
0.31170
0.31163
0.31155
0.31148
0.31140
0.31133
0.31125
0.31118
0.31110
0.31103
0.31095
0.31088
0.31080
0.31073
0.31065
0.31058
0.31050
0.31043
0.31035
0.31028
0.31020
0.31013
0.31005
0.30998
0.30990
0.30983
0.30975
0.30968
0.30960
0.30953
0.30945
0.30938
0.30930
0.30923
0.30915
0.30908
0.30900
0.30893
0.30885
0.30878
0.30870
0.30863
0.30855
0.30848
0.30840
0.30833
0.30825
0.30818
0.30810
0.30803
0.30795
0.30788
0.30780
0.30773
0.30765
0.30758
0.30750
0.30743
0.30735
0.30728
0.30720
0.30713
0.30705
0.30698
0.30690
0.30683
0.30676
0.30668
0.30661
0.30653
0.30646
0.30638
0.30631
0.30623
0.30616
0.30608
0.30601
0.30593
0.30586
0.30578
0.30571
0.30563
0.30556
0.30548
0.30541
0.30533
0.30526
0.30518
0.30511
0.30503
0.30496
0.30488
0.30481
0.30473
0.30466
0.30458
0.30451
0.30443
0.30436
0.30428
0.30421
0.30413
0.30406
0.30398
0.30391
0.30383
0.30376
0.30368
0.30361
0.30353
0.30346
0.30338
0.30331
0.30323
0.30316
0.30308
0.30301
0.30293
0.30286
0.30278
0.30271
0.30263
0.30256
0.30248
0.30241
0.30233
0.30226
0.30218
0.30211
0.30203
0.30196
0.30188
0.30181
0.30173
0.30166
0.30158
0.30151
0.30143
0.30136
0.30128
0.30121
0.30113
0.30106
0.30098
0.30091
0.30083
0.30076
0.30068
0.30061
0.30053
0.30046
0.30038
0.30031
0.30023
0.30016
0.30008
0.30001
0.29993
0.29986
0.29978
0.29971
0.29963
0.29956
0.29948
0.29941
0.29933
0.29926
0.29918
0.29911
0.29903
0.29896
0.29888
0.29881
0.29873
0.29866
0.29858
0.29851
0.29843
0.29836
0.29828
0.29821
0.29813
0.29806
0.29798
0.29791
0.29783
0.29776
0.29769
0.29761
0.29754
0.29746
0.29739
0.29731
0.29724
0.29716
0.29709
0.29701
0.29694
0.29686
0.29679
0.29671
0.29664
0.29656
0.29649
0.29641
0.29634
0.29626
0.29619
0.29611
0.29604
0.29596
0.29589
0.29581
0.29574
0.29566
0.29559
0.29551
0.29544
0.29536
0.29529
0.29521
0.29514
0.29506
0.29499
0.29491
0.29484
0.29476
0.29469
0.29461
0.29454
0.29446
0.29439
0.29431
0.29424
0.29416
0.29409
0.29401
0.29394
0.29386
0.29379
0.29371
0.29364
0.29356
0.29349
0.29341
0.29334
0.29326
0.29319
0.29311
0.29304
0.29296
0.29289
0.29281
0.29274
0.29266
0.29259
0.29251
0.29244
0.29236
0.29229
0.29221
0.29214
0.29206
0.29199
0.29191
0.29184
0.29176
0.29169
0.29161
0.29154
0.29146
0.29139
0.29131
0.29124
0.29116
0.29109
0.29101
0.29094
0.29086
0.29079
0.29071
0.29064
0.29056
0.29049
0.29041
0.29034
0.29026
0.29019
0.29011
0.29004
0.28996
0.28989
0.28981
0.28974
0.28966
0.28959
0.28951
0.28944
0.28936
0.28929
0.28921
0.28914
0.28906
0.28899
0.28892
0.28884
0.28877
0.28869
0.28862
0.28854
0.28847
0.28839
0.28832
0.28824
0.28817
0.28809
0.28802
0.28794
0.28787
0.28779
0.28772
0.28764
0.28757
0.28749
0.28742
0.28734
0.28727
0.28719
0.28712
0.28704
0.28697
0.28689
0.28682
0.28674
0.28667
0.28659
0.28652
0.28644
0.28637
0.28629
0.28622
0.28614
0.28607
0.28599
0.28592
0.28584
0.28577
0.28569
0.28562
0.28554
0.28547
0.28539
0.28532
0.28524
0.28517
0.28509
0.28502
0.28494
0.28487
0.28479
0.28472
0.28464
0.28457
0.28449
0.28442
0.28434
0.28427
0.28419
0.28412
0.28404
0.28397
0.28389
0.28382
0.28374
0.28367
0.28359
0.28352
0.28344
0.28337
0.28329
0.28322
0.28314
0.28307
0.28299
0.28292
0.28284
0.28277
0.28269
0.28262
0.28254
0.28247
0.28239
0.28232
0.28224
0.28217
0.28209
0.28202
0.28194
0.28187
0.28179
0.28172
0.28164
0.28157
0.28149
0.28142
0.28134
0.28127
0.28119
0.28112
0.28104
0.28097
0.28089
0.28082
0.28074
0.28067
0.28059
0.28052
0.28044
0.28037
0.28030
0.28022
0.28015
0.28007
0.28000
0.27992
0.27985
0.27977
0.27970
0.27962
0.27955
0.27947
0.27940
0.27932
0.27925
0.27917
0.27910
0.27902
0.27895
0.27887
0.27880
0.27872
0.27865
0.27857
0.27850
0.27842
0.27835
0.27827
0.27820
0.27812
0.27805
0.27797
0.27790
0.27782
0.27775
0.27767
0.27760
0.27752
0.27745
0.27737
0.27730
0.27722
0.27715
0.27707
0.27700
0.27692
0.27685
0.27677
0.27670
0.27662
0.27655
0.27647
0.27640
0.27632
0.27625
0.27617
0.27610
0.27602
0.27595
0.27587
0.27580
0.27572
0.27565
0.27557
0.27550
0.27542
0.27535
0.27527
0.27520
0.27512
0.27505
0.27497
0.27490
0.27482
0.27475
0.27467
0.27460
0.27452
0.27445
0.27437
0.27430
0.27422
0.27415
0.27407
0.27400
0.27392
0.27385
0.27377
0.27370
0.27362
0.27355
0.27347
0.27340
0.27332
0.27325
0.27317
0.27310
0.27302
0.27295
0.27287
0.27280
0.27272
0.27265
0.27257
0.27250
0.27242
0.27235
0.27227
0.27220
0.27212
0.27205
0.27198
0.27190
0.27183
0.27175
0.27168
0.27160
0.27153
0.27145
0.27138
0.27130
0.27123
0.27115
0.27108
0.27100
0.27093
0.27085
0.27078
0.27070
0.27063
0.27055
0.27048
0.27040
0.27033
0.27025
0.27018
0.27010
0.27003
0.26995
0.26988
0.26980
0.26973
0.26965
0.26958
0.26950
0.26943
0.26935
0.26928
0.26920
0.26913
0.26905
0.26898
0.26890
0.26883
0.26875
0.26868
0.26860
0.26853
0.26845
0.26838
0.26830
0.26823
0.26815
0.26808
0.26800
0.26793
0.26785
0.26778
0.26770
0.26763
0.26755
0.26748
0.26740
0.26733
0.26725
0.26718
0.26710
0.26703
0.26695
0.26688
0.26680
0.26673
0.26665
0.26658
0.26650
0.26643
0.26635
0.26628
0.26620
0.26613
0.26605
0.26598
0.26590
0.26583
0.26575
0.26568
0.26560
0.26553
0.26545
0.26538
0.26530
0.26523
0.26515
0.26508
0.26500
0.26493
0.26485
0.26478
0.26470
0.26463
0.26455
0.26448
0.26440
0.26433
0.26425
0.26418
0.26410
0.26403
0.26395
0.26388
0.26381
0.26373
0.26366
0.26358
0.26351
0.26343
0.26336
0.26328
0.26321
0.26313
0.26306
0.26298
0.26291
0.26283
0.26276
0.26268
0.26261
0.26253
0.26246
0.26238
0.26231
0.26223
0.26216
0.26208
0.26201
0.26193
0.26186
0.26178
0.26171
0.26163
0.26156
0.26148
0.26141
0.26133
0.26126
0.26118
0.26111
0.26103
0.26096
0.26088
0.26081
0.26073
0.26066
0.26058
0.26051
0.26043
0.26036
0.26028
0.26021
0.26013
0.26006
0.25998
0.25991
0.25983
0.25976
0.25968
0.25961
0.25953
0.25946
0.25938
0.25931
0.25923
0.25916
0.25908
0.25901
0.25893
0.25886
0.25878
0.25871
0.25863
0.25856
0.25848
0.25841
0.25833
0.25826
0.25818
0.25811
0.25803
0.25796
0.25788
0.25781
0.25773
0.25766
0.25758
0.25751
0.25743
0.25736
0.25728
0.25721
0.25713
0.25706
0.25698
0.25691
0.25683
0.25676
0.25668
0.25661
0.25653
0.25646
0.25638
0.25631
0.25623
0.25616
0.25608
0.25601
0.25594
0.25586
0.25579
0.25571
0.25564
0.25556
0.25549
0.25541
0.25534
0.25526
0.25519
0.25511
0.25504
0.25496
0.25489
0.25481
0.25474
0.25466
0.25459
0.25451
0.25444
0.25436
0.25429
0.25421
0.25414
0.25406
0.25399
0.25391
0.25384
0.25376
0.25369
0.25361
0.25354
0.25346
0.25339
0.25331
0.25324
0.25316
0.25309
0.25301
0.25294
0.25286
0.25279
0.25271
0.25264
0.25256
0.25249
0.25241
0.25234
0.25226
0.25219
0.25211
0.25204
0.25196
0.25189
0.25181
0.25174
0.25166
0.25159
0.25151
0.25144
0.25136
0.25129
0.25121
0.25114
0.25106
0.25099
0.25091
0.25084
0.25076
0.25069
0.25061
0.25054
0.25046
0.25039
0.25031
0.25024
