-153.96496
-153.95331
-153.93498
-153.91598
-153.89692
-153.87785
-153.85877
-153.83970
-153.82062
-153.80154
-153.78246
-153.76337
-153.74429
-153.72520
-153.70611
-153.68702
-153.66792
-153.64883
-153.62973
-153.61063
-153.59153
-153.57243
-153.55333
-153.53422
-153.51511
-153.49600
-153.47689
-153.45778
-153.43866
-153.41954
-153.40043
-153.38130
-153.36218
-153.34306
-153.32393
-153.30480
-153.28567
-153.26654
-153.24740
-153.22827
-153.20913
-153.18999
-153.17085
-153.15171
-153.13256
-153.11341
-153.09426
-153.07511
-153.05596
-153.03681
-153.01765
-152.99849
-152.97933
-152.96017
-152.94101
-152.92184
-152.90267
-152.88350
-152.86433
-152.84516
-152.82598
-152.80681
-152.78763
-152.76845
-152.74926
-152.73008
-152.71089
-152.69170
-152.67251
-152.65332
-152.63413
-152.61493
-152.59573
-152.57654
-152.55733
-152.53813
-152.51893
-152.49972
-152.48051
-152.46130
-152.44209
-152.42287
-152.40365
-152.38444
-152.36522
-152.34599
-152.32677
-152.30754
-152.28832
-152.26909
-152.24986
-152.23062
-152.21139
-152.19215
-152.17291
-152.15367
-152.13443
-152.11518
-152.09594
-152.07669
-152.05744
-152.03819
-152.01893
-151.99968
-151.98042
-151.96116
-151.94190
-151.92263
-151.90337
-151.88410
-151.86483
-151.84556
-151.82629
-151.80701
-151.78774
-151.76846
-151.74918
-151.72990
-151.71061
-151.69132
-151.67204
-151.65275
-151.63346
-151.61416
-151.59487
-151.57557
-151.55627
-151.53697
-151.51766
-151.49836
-151.47905
-151.45974
-151.44043
-151.42112
-151.40181
-151.38249
-151.36317
-151.34385
-151.32453
-151.30521
-151.28588
-151.26655
-151.24722
-151.22789
-151.20856
-151.18922
-151.16988
-151.15055
-151.13120
-151.11186
-151.09252
-151.07317
-151.05382
-151.03447
-151.01512
-150.99576
-150.97641
-150.95705
-150.93769
-150.91833
-150.89896
-150.87960
-150.86023
-150.84086
-150.82149
-150.80211
-150.78274
-150.76336
-150.74398
-150.72460
-150.70522
-150.68583
-150.66645
-150.64706
-150.62767
-150.60828
-150.58888
-150.56949
-150.55009
-150.53069
-150.51128
-150.49188
-150.47248
-150.45307
-150.43366
-150.41425
-150.39483
-150.37542
-150.35600
-150.33658
-150.31716
-150.29774
-150.27831
-150.25888
-150.23946
-150.22003
-150.20059
-150.18116
-150.16172
-150.14228
-150.12284
-150.10340
-150.08396
-150.06451
-150.04506
-150.02561
-150.00616
-149.98671
-149.96725
-149.94779
-149.92833
-149.90887
-149.88941
-149.86994
-149.85048
-149.83101
-149.81154
-149.79206
-149.77259
-149.75311
-149.73363
-149.71415
-149.69467
-149.67519
-149.65570
-149.63621
-149.61672
-149.59723
-149.57774
-149.55824
-149.53874
-149.51924
-149.49974
-149.48024
-149.46073
-149.44122
-149.42171
-149.40220
-149.38269
-149.36317
-149.34366
-149.32414
-149.30462
-149.28509
-149.26557
-149.24604
-149.22651
-149.20698
-149.18745
-149.16791
-149.14838
-149.12884
-149.10930
-149.08976
-149.07021
-149.05067
-149.03112
-149.01157
-148.99202
-148.97246
-148.95291
-148.93335
-148.91379
-148.89423
-148.87466
-148.85510
-148.83553
-148.81596
-148.79639
-148.77682
-148.75724
-148.73766
-148.71808
-148.69850
-148.67892
-148.65933
-148.63975
-148.62016
-148.60057
-148.58098
-148.56138
-148.54178
-148.52219
-148.50258
-148.48298
-148.46338
-148.44377
-148.42416
-148.40455
-148.38494
-148.36533
-148.34571
-148.32609
-148.30647
-148.28685
-148.26723
-148.24760
-148.22797
-148.20834
-148.18871
-148.16908
-148.14944
-148.12980
-148.11017
-148.09052
-148.07088
-148.05123
-148.03159
-148.01194
-147.99229
-147.97263
-147.95298
-147.93332
-147.91366
-147.89400
-147.87434
-147.85467
-147.83501
-147.81534
-147.79567
-147.77599
-147.75632
-147.73664
-147.71696
-147.69728
-147.67760
-147.65792
-147.63823
-147.61854
-147.59885
-147.57916
-147.55947
-147.53977
-147.52007
-147.50037
-147.48067
-147.46096
-147.44126
-147.42155
-147.40184
-147.38213
-147.36241
-147.34270
-147.32298
-147.30326
-147.28354
-147.26382
-147.24409
-147.22436
-147.20463
-147.18490
-147.16517
-147.14543
-147.12569
-147.10595
-147.08621
-147.06647
-147.04672
-147.02698
-147.00723
-146.98748
-146.96772
-146.94797
-146.92821
-146.90845
-146.88869
-146.86893
-146.84916
-146.82939
-146.80963
-146.78985
-146.77008
-146.75031
-146.73053
-146.71075
-146.69097
-146.67119
-146.65140
-146.63162
-146.61183
-146.59204
-146.57224
-146.55245
-146.53265
-146.51285
-146.49305
-146.47325
-146.45344
-146.43364
-146.41383
-146.39402
-146.37421
-146.35439
-146.33458
-146.31476
-146.29494
-146.27511
-146.25529
-146.23546
-146.21563
-146.19580
-146.17597
-146.15614
-146.13630
-146.11646
-146.09662
-146.07678
-146.05694
-146.03709
-146.01724
-145.99739
-145.97754
-145.95768
-145.93783
-145.91797
-145.89811
-145.87825
-145.85838
-145.83852
-145.81865
-145.79878
-145.77891
-145.75903
-145.73915
-145.71928
-145.69940
-145.67951
-145.65963
-145.63974
-145.61986
-145.59997
-145.58007
-145.56018
-145.54028
-145.52038
-145.50048
-145.48058
-145.46068
-145.44077
-145.42086
-145.40095
-145.38104
-145.36113
-145.34121
-145.32129
-145.30137
-145.28145
-145.26153
-145.24160
-145.22167
-145.20174
-145.18181
-145.16188
-145.14194
-145.12200
-145.10206
-145.08212
-145.06218
-145.04223
-145.02228
-145.00233
-144.98238
-144.96242
-144.94247
-144.92251
-144.90255
-144.88259
-144.86262
-144.84266
-144.82269
-144.80272
-144.78275
-144.76277
-144.74280
-144.72282
-144.70284
-144.68285
-144.66287
-144.64288
-144.62290
-144.60291
-144.58291
-144.56292
-144.54292
-144.52292
-144.50292
-144.48292
-144.46292
-144.44291
-144.42290
-144.40289
-144.38288
-144.36286
-144.34285
-144.32283
-144.30281
-144.28278
-144.26276
-144.24273
-144.22270
-144.20267
-144.18264
-144.16261
-144.14257
-144.12253
-144.10249
-144.08245
-144.06240
-144.04236
-144.02231
-144.00226
-143.98220
-143.96215
-143.94209
-143.92203
-143.90197
-143.88191
-143.86184
-143.84177
-143.82171
-143.80163
-143.78156
-143.76149
-143.74141
-143.72133
-143.70125
-143.68116
-143.66108
-143.64099
-143.62090
-143.60081
-143.58072
-143.56062
-143.54052
-143.52042
-143.50032
-143.48022
-143.46011
-143.44000
-143.41989
-143.39978
-143.37967
-143.35955
-143.33943
-143.31932
-143.29919
-143.27907
-143.25894
-143.23881
-143.21868
-143.19855
-143.17842
-143.15828
-143.13814
-143.11800
-143.09786
-143.07772
-143.05757
-143.03742
-143.01727
-142.99712
-142.97696
-142.95681
-142.93665
-142.91649
-142.89632
-142.87616
-142.85599
-142.83582
-142.81565
-142.79548
-142.77530
-142.75513
-142.73495
-142.71477
-142.69458
-142.67440
-142.65421
-142.63402
-142.61383
-142.59363
-142.57344
-142.55324
-142.53304
-142.51284
-142.49264
-142.47243
-142.45222
-142.43201
-142.41180
-142.39159
-142.37137
-142.35115
-142.33093
-142.31071
-142.29048
-142.27026
-142.25003
-142.22980
-142.20957
-142.18933
-142.16910
-142.14886
-142.12862
-142.10837
-142.08813
-142.06788
-142.04763
-142.02738
-142.00713
-141.98687
-141.96662
-141.94636
-141.92609
-141.90583
-141.88557
-141.86530
-141.84503
-141.82476
-141.80448
-141.78421
-141.76393
-141.74365
-141.72337
-141.70308
-141.68280
-141.66251
-141.64222
-141.62193
-141.60163
-141.58133
-141.56104
-141.54073
-141.52043
-141.50013
-141.47982
-141.45951
-141.43920
-141.41889
-141.39857
-141.37825
-141.35794
-141.33761
-141.31729
-141.29697
-141.27664
-141.25631
-141.23598
-141.21564
-141.19531
-141.17497
-141.15463
-141.13429
-141.11394
-141.09360
-141.07325
-141.05290
-141.03254
-141.01219
-140.99183
-140.97147
-140.95111
-140.93075
-140.91039
-140.89002
-140.86965
-140.84928
-140.82890
-140.80853
-140.78815
-140.76777
-140.74739
-140.72701
-140.70662
-140.68623
-140.66584
-140.64545
-140.62506
-140.60466
-140.58426
-140.56386
-140.54346
-140.52305
-140.50265
-140.48224
-140.46183
-140.44141
-140.42100
-140.40058
-140.38016
-140.35974
-140.33932
-140.31889
-140.29847
-140.27804
-140.25760
-140.23717
-140.21673
-140.19630
-140.17586
-140.15541
-140.13497
-140.11452
-140.09407
-140.07362
-140.05317
-140.03272
-140.01226
-139.99180
-139.97134
-139.95088
-139.93041
-139.90994
-139.88947
-139.86900
-139.84853
-139.82805
-139.80757
-139.78709
-139.76661
-139.74613
-139.72564
-139.70515
-139.68466
-139.66417
-139.64368
-139.62318
-139.60268
-139.58218
-139.56168
-139.54117
-139.52066
-139.50015
-139.47964
-139.45913
-139.43861
-139.41809
-139.39757
-139.37705
-139.35653
-139.33600
-139.31547
-139.29494
-139.27441
-139.25387
-139.23334
-139.21280
-139.19226
-139.17171
-139.15117
-139.13062
-139.11007
-139.08952
-139.06897
-139.04841
-139.02785
-139.00729
-138.98673
-138.96617
-138.94560
-138.92503
-138.90446
-138.88389
-138.86331
-138.84273
-138.82216
-138.80157
-138.78099
-138.76040
-138.73982
-138.71923
-138.69864
-138.67804
-138.65744
-138.63685
-138.61625
-138.59564
-138.57504
-138.55443
-138.53382
-138.51321
-138.49260
-138.47198
-138.45137
-138.43075
-138.41012
-138.38950
-138.36887
-138.34825
-138.32762
-138.30698
-138.28635
-138.26571
-138.24507
-138.22443
-138.20379
-138.18315
-138.16250
-138.14185
-138.12120
-138.10054
-138.07989
-138.05923
-138.03857
-138.01791
-137.99724
-137.97658
-137.95591
-137.93524
-137.91456
-137.89389
-137.87321
-137.85253
-137.83185
-137.81117
-137.79048
-137.76979
-137.74910
-137.72841
-137.70772
-137.68702
-137.66632
-137.64562
-137.62492
-137.60421
-137.58351
-137.56280
-137.54209
-137.52137
-137.50066
-137.47994
-137.45922
-137.43850
-137.41777
-137.39705
-137.37632
-137.35559
-137.33485
-137.31412
-137.29338
-137.27264
-137.25190
-137.23116
-137.21041
-137.18966
-137.16891
-137.14816
-137.12741
-137.10665
-137.08589
-137.06513
-137.04437
-137.02360
-137.00284
-136.98207
-136.96130
-136.94052
-136.91975
-136.89897
-136.87819
-136.85740
-136.83662
-136.81583
-136.79504
-136.77425
-136.75346
-136.73267
-136.71187
-136.69107
-136.67027
-136.64946
-136.62866
-136.60785
-136.58704
-136.56622
-136.54541
-136.52459
-136.50377
-136.48295
-136.46213
-136.44130
-136.42048
-136.39965
-136.37881
-136.35798
-136.33714
-136.31630
-136.29546
-136.27462
-136.25378
-136.23293
-136.21208
-136.19123
-136.17037
-136.14952
-136.12866
-136.10780
-136.08694
-136.06607
-136.04521
-136.02434
-136.00347
-135.98259
-135.96172
-135.94084
-135.91996
-135.89908
-135.87819
-135.85731
-135.83642
-135.81553
-135.79463
-135.77374
-135.75284
-135.73194
-135.71104
-135.69014
-135.66923
-135.64832
-135.62741
-135.60650
-135.58559
-135.56467
-135.54375
-135.52283
-135.50191
-135.48098
-135.46005
-135.43912
-135.41819
-135.39726
-135.37632
-135.35538
-135.33444
-135.31350
-135.29255
-135.27160
-135.25065
-135.22970
-135.20875
-135.18779
-135.16683
-135.14587
-135.12491
-135.10394
-135.08298
-135.06201
-135.04104
-135.02006
-134.99909
-134.97811
-134.95713
-134.93615
-134.91516
-134.89417
-134.87319
-134.85219
-134.83120
-134.81021
-134.78921
-134.76821
-134.74721
-134.72620
-134.70519
-134.68419
-134.66317
-134.64216
-134.62115
-134.60013
-134.57911
-134.55809
-134.53706
-134.51604
-134.49501
-134.47398
-134.45294
-134.43191
-134.41087
-134.38983
-134.36879
-134.34774
-134.32670
-134.30565
-134.28460
-134.26355
-134.24249
-134.22143
-134.20037
-134.17931
-134.15825
-134.13718
-134.11611
-134.09504
-134.07397
-134.05290
-134.03182
-134.01074
-133.98966
-133.96857
-133.94749
-133.92640
-133.90531
-133.88422
-133.86312
-133.84202
-133.82092
-133.79982
-133.77872
-133.75761
-133.73650
-133.71539
-133.69428
-133.67317
-133.65205
-133.63093
-133.60981
-133.58869
-133.56756
-133.54643
-133.52530
-133.50417
-133.48303
-133.46190
-133.44076
-133.41962
-133.39847
-133.37733
-133.35618
-133.33503
-133.31387
-133.29272
-133.27156
-133.25040
-133.22924
-133.20808
-133.18691
-133.16574
-133.14457
-133.12340
-133.10223
-133.08105
-133.05987
-133.03869
-133.01750
-132.99632
-132.97513
-132.95394
-132.93275
-132.91155
-132.89035
-132.86915
-132.84795
-132.82675
-132.80554
-132.78433
-132.76312
-132.74191
-132.72070
-132.69948
-132.67826
-132.65704
-132.63581
-132.61459
-132.59336
-132.57213
-132.55089
-132.52966
-132.50842
-132.48718
-132.46594
-132.44470
-132.42345
-132.40220
-132.38095
-132.35970
-132.33844
-132.31718
-132.29592
-132.27466
-132.25340
-132.23213
-132.21086
-132.18959
-132.16832
-132.14704
-132.12576
-132.10448
-132.08320
-132.06192
-132.04063
-132.01934
-131.99805
-131.97675
-131.95546
-131.93416
-131.91286
-131.89156
-131.87025
-131.84895
-131.82764
-131.80632
-131.78501
-131.76369
-131.74238
-131.72105
-131.69973
-131.67841
-131.65708
-131.63575
-131.61442
-131.59308
-131.57175
-131.55041
-131.52907
-131.50772
-131.48638
-131.46503
-131.44368
-131.42233
-131.40097
-131.37962
-131.35826
-131.33690
-131.31553
-131.29417
-131.27280
-131.25143
-131.23006
-131.20868
-131.18730
-131.16592
-131.14454
-131.12316
-131.10177
-131.08038
-131.05899
-131.03760
-131.01620
-130.99481
-130.97341
-130.95200
-130.93060
-130.90919
-130.88778
-130.86637
-130.84496
-130.82354
-130.80212
-130.78070
-130.75928
-130.73786
-130.71643
-130.69500
-130.67357
-130.65213
-130.63070
-130.60926
-130.58782
-130.56637
-130.54493
-130.52348
-130.50203
-130.48058
-130.45912
-130.43767
-130.41621
-130.39475
-130.37328
-130.35182
-130.33035
-130.30888
-130.28741
-130.26593
-130.24445
-130.22297
-130.20149
-130.18001
-130.15852
-130.13703
-130.11554
-130.09405
-130.07255
-130.05105
-130.02955
-130.00805
-129.98655
-129.96504
-129.94353
-129.92202
-129.90050
-129.87899
-129.85747
-129.83595
-129.81442
-129.79290
-129.77137
-129.74984
-129.72831
-129.70677
-129.68524
-129.66370
-129.64216
-129.62061
-129.59907
-129.57752
-129.55597
-129.53441
-129.51286
-129.49130
-129.46974
-129.44818
-129.42661
-129.40505
-129.38348
-129.36191
-129.34033
-129.31876
-129.29718
-129.27560
-129.25401
-129.23243
-129.21084
-129.18925
-129.16766
-129.14606
-129.12447
-129.10287
-129.08127
-129.05966
-129.03806
-129.01645
-128.99484
-128.97322
-128.95161
-128.92999
-128.90837
-128.88675
-128.86512
-128.84350
-128.82187
-128.80024
-128.77860
-128.75697
-128.73533
-128.71369
-128.69204
-128.67040
-128.64875
-128.62710
-128.60545
-128.58379
-128.56214
-128.54048
-128.51881
-128.49715
-128.47548
-128.45382
-128.43214
-128.41047
-128.38880
-128.36712
-128.34544
-128.32375
-128.30207
-128.28038
-128.25869
-128.23700
-128.21531
-128.19361
-128.17191
-128.15021
-128.12851
-128.10680
-128.08509
-128.06338
-128.04167
-128.01995
-127.99824
-127.97652
-127.95479
-127.93307
-127.91134
-127.88961
-127.86788
-127.84615
-127.82441
-127.80267
-127.78093
-127.75919
-127.73744
-127.71570
-127.69395
-127.67219
-127.65044
-127.62868
-127.60692
-127.58516
-127.56340
-127.54163
-127.51986
-127.49809
-127.47632
-127.45454
-127.43276
-127.41098
-127.38920
-127.36741
-127.34562
-127.32383
-127.30204
-127.28025
-127.25845
-127.23665
-127.21485
-127.19305
-127.17124
-127.14943
-127.12762
-127.10581
-127.08399
-127.06217
-127.04035
-127.01853
-126.99670
-126.97487
-126.95305
-126.93121
-126.90938
-126.88754
-126.86570
-126.84386
-126.82202
-126.80017
-126.77832
-126.75647
-126.73462
-126.71276
-126.69090
-126.66904
-126.64718
-126.62531
-126.60345
-126.58158
-126.55970
-126.53783
-126.51595
-126.49407
-126.47219
-126.45031
-126.42842
-126.40653
-126.38464
-126.36275
-126.34085
-126.31895
-126.29705
-126.27515
-126.25324
-126.23133
-126.20942
-126.18751
-126.16560
-126.14368
-126.12176
-126.09984
-126.07791
-126.05599
-126.03406
-126.01213
-125.99019
-125.96826
-125.94632
-125.92438
-125.90243
-125.88049
-125.85854
-125.83659
-125.81463
-125.79268
-125.77072
-125.74876
-125.72680
-125.70483
-125.68287
-125.66090
-125.63893
-125.61695
-125.59497
-125.57300
-125.55101
-125.52903
-125.50704
-125.48506
-125.46306
-125.44107
-125.41908
-125.39708
-125.37508
-125.35307
-125.33107
-125.30906
-125.28705
-125.26504
-125.24302
-125.22101
-125.19899
-125.17696
-125.15494
-125.13291
-125.11088
-125.08885
-125.06682
-125.04478
-125.02274
-125.00070
-124.97866
-124.95661
-124.93456
-124.91251
-124.89046
-124.86841
-124.84635
-124.82429
-124.80222
-124.78016
-124.75809
-124.73602
-124.71395
-124.69188
-124.66980
-124.64772
-124.62564
-124.60355
-124.58147
-124.55938
-124.53729
-124.51519
-124.49309
-124.47100
-124.44890
-124.42679
-124.40469
-124.38258
-124.36047
-124.33835
-124.31624
-124.29412
-124.27200
-124.24988
-124.22775
-124.20562
-124.18349
-124.16136
-124.13923
-124.11709
-124.09495
-124.07281
-124.05066
-124.02852
-124.00637
-123.98422
-123.96206
-123.93990
-123.91775
-123.89558
-123.87342
-123.85125
-123.82909
-123.80691
-123.78474
-123.76257
-123.74039
-123.71821
-123.69602
-123.67384
-123.65165
-123.62946
-123.60727
-123.58507
-123.56287
-123.54067
-123.51847
-123.49627
-123.47406
-123.45185
-123.42964
-123.40742
-123.38520
-123.36299
-123.34076
-123.31854
-123.29631
-123.27408
-123.25185
-123.22962
-123.20738
-123.18514
-123.16290
-123.14066
-123.11841
-123.09616
-123.07391
-123.05166
-123.02940
-123.00714
-122.98488
-122.96262
-122.94035
-122.91808
-122.89581
-122.87354
-122.85127
-122.82899
-122.80671
-122.78442
-122.76214
-122.73985
-122.71756
-122.69527
-122.67297
-122.65068
-122.62838
-122.60607
-122.58377
-122.56146
-122.53915
-122.51684
-122.49453
-122.47221
-122.44989
-122.42757
-122.40524
-122.38292
-122.36059
-122.33826
-122.31592
-122.29359
-122.27125
-122.24890
-122.22656
-122.20421
-122.18187
-122.15951
-122.13716
-122.11480
-122.09245
-122.07008
-122.04772
-122.02536
-122.00299
-121.98062
-121.95824
-121.93587
-121.91349
-121.89111
-121.86872
-121.84634
-121.82395
-121.80156
-121.77917
-121.75677
-121.73437
-121.71197
-121.68957
-121.66716
-121.64476
-121.62235
-121.59993
-121.57752
-121.55510
-121.53268
-121.51026
-121.48783
-121.46541
-121.44298
-121.42054
-121.39811
-121.37567
-121.35323
-121.33079
-121.30834
-121.28590
-121.26345
-121.24099
-121.21854
-121.19608
-121.17362
-121.15116
-121.12870
-121.10623
-121.08376
-121.06129
-121.03881
-121.01634
-120.99386
-120.97137
-120.94889
-120.92640
-120.90391
-120.88142
-120.85893
-120.83643
-120.81393
-120.79143
-120.76892
-120.74642
-120.72391
-120.70140
-120.67888
-120.65637
-120.63385
-120.61133
-120.58880
-120.56627
-120.54375
-120.52121
-120.49868
-120.47614
-120.45360
-120.43106
-120.40852
-120.38597
-120.36342
-120.34087
-120.31832
-120.29576
-120.27320
-120.25064
-120.22808
-120.20551
-120.18294
-120.16037
-120.13779
-120.11522
-120.09264
-120.07006
-120.04747
-120.02489
-120.00230
-119.97971
-119.95711
-119.93452
-119.91192
-119.88932
-119.86671
-119.84411
-119.82150
-119.79888
-119.77627
-119.75365
-119.73103
-119.70841
-119.68579
-119.66316
-119.64053
-119.61790
-119.59527
-119.57263
-119.54999
-119.52735
-119.50471
-119.48206
-119.45941
-119.43676
-119.41411
-119.39145
-119.36879
-119.34613
-119.32346
-119.30080
-119.27813
-119.25546
-119.23278
-119.21010
-119.18743
-119.16474
-119.14206
-119.11937
-119.09668
-119.07399
-119.05130
-119.02860
-119.00590
-118.98320
-118.96049
-118.93779
-118.91508
-118.89237
-118.86965
-118.84693
-118.82421
-118.80149
-118.77877
-118.75604
-118.73331
-118.71058
-118.68784
-118.66511
-118.64237
-118.61962
-118.59688
-118.57413
-118.55138
-118.52863
-118.50587
-118.48312
-118.46036
-118.43759
-118.41483
-118.39206
-118.36929
-118.34652
-118.32374
-118.30096
-118.27818
-118.25540
-118.23262
-118.20983
-118.18704
-118.16424
-118.14145
-118.11865
-118.09585
-118.07305
-118.05024
-118.02743
-118.00462
-117.98181
-117.95899
-117.93617
-117.91335
-117.89053
-117.86770
-117.84488
-117.82204
-117.79921
-117.77637
-117.75353
-117.73069
-117.70785
-117.68500
-117.66215
-117.63930
-117.61645
-117.59359
-117.57073
-117.54787
-117.52501
-117.50214
-117.47927
-117.45640
-117.43352
-117.41065
-117.38777
-117.36488
-117.34200
-117.31911
-117.29622
-117.27333
-117.25043
-117.22754
-117.20464
-117.18173
-117.15883
-117.13592
-117.11301
-117.09010
-117.06718
-117.04426
-117.02134
-116.99842
-116.97549
-116.95257
-116.92963
-116.90670
-116.88377
-116.86083
-116.83789
-116.81494
-116.79200
-116.76905
-116.74609
-116.72314
-116.70018
-116.67723
-116.65426
-116.63130
-116.60833
-116.58536
-116.56239
-116.53942
-116.51644
-116.49346
-116.47048
-116.44749
-116.42450
-116.40151
-116.37852
-116.35553
-116.33253
-116.30953
-116.28652
-116.26352
-116.24051
-116.21750
-116.19449
-116.17147
-116.14845
-116.12543
-116.10241
-116.07938
-116.05635
-116.03332
-116.01029
-115.98725
-115.96421
-115.94117
-115.91813
-115.89508
-115.87203
-115.84898
-115.82592
-115.80287
-115.77981
-115.75674
-115.73368
-115.71061
-115.68754
-115.66447
-115.64139
-115.61831
-115.59523
-115.57215
-115.54906
-115.52598
-115.50288
-115.47979
-115.45669
-115.43360
-115.41049
-115.38739
-115.36428
-115.34117
-115.31806
-115.29495
-115.27183
-115.24871
-115.22559
-115.20246
-115.17934
-115.15621
-115.13307
-115.10994
-115.08680
-115.06366
-115.04052
-115.01737
-114.99422
-114.97107
-114.94792
-114.92476
-114.90160
-114.87844
-114.85528
-114.83211
-114.80894
-114.78577
-114.76260
-114.73942
-114.71624
-114.69306
-114.66987
-114.64668
-114.62349
-114.60030
-114.57711
-114.55391
-114.53071
-114.50750
-114.48430
-114.46109
-114.43788
-114.41466
-114.39145
-114.36823
-114.34501
-114.32178
-114.29856
-114.27533
-114.25210
-114.22886
-114.20562
-114.18238
-114.15914
-114.13590
-114.11265
-114.08940
-114.06614
-114.04289
-114.01963
-113.99637
-113.97310
-113.94984
-113.92657
-113.90330
-113.88002
-113.85675
-113.83347
-113.81019
-113.78690
-113.76361
-113.74032
-113.71703
-113.69374
-113.67044
-113.64714
-113.62383
-113.60053
-113.57722
-113.55391
-113.53059
-113.50728
-113.48396
-113.46064
-113.43731
-113.41399
-113.39066
-113.36732
-113.34399
-113.32065
-113.29731
-113.27397
-113.25062
-113.22727
-113.20392
-113.18057
-113.15721
-113.13385
-113.11049
-113.08713
-113.06376
-113.04039
-113.01702
-112.99365
-112.97027
-112.94689
-112.92351
-112.90012
-112.87673
-112.85334
-112.82995
-112.80655
-112.78315
-112.75975
-112.73635
-112.71294
-112.68953
-112.66612
-112.64271
-112.61929
-112.59587
-112.57245
-112.54902
-112.52559
-112.50216
-112.47873
-112.45529
-112.43186
-112.40841
-112.38497
-112.36152
-112.33807
-112.31462
-112.29117
-112.26771
-112.24425
-112.22079
-112.19732
-112.17385
-112.15038
-112.12691
-112.10343
-112.07996
-112.05647
-112.03299
-112.00950
-111.98601
-111.96252
-111.93903
-111.91553
-111.89203
-111.86853
-111.84502
-111.82151
-111.79800
-111.77449
-111.75097
-111.72745
-111.70393
-111.68041
-111.65688
-111.63335
-111.60982
-111.58628
-111.56275
-111.53921
-111.51566
-111.49212
-111.46857
-111.44502
-111.42146
-111.39791
-111.37435
-111.35079
-111.32722
-111.30365
-111.28008
-111.25651
-111.23294
-111.20936
-111.18578
-111.16219
-111.13861
-111.11502
-111.09143
-111.06783
-111.04424
-111.02064
-110.99703
-110.97343
-110.94982
-110.92621
-110.90260
-110.87898
-110.85536
-110.83174
-110.80812
-110.78449
-110.76086
-110.73723
-110.71360
-110.68996
-110.66632
-110.64267
-110.61903
-110.59538
-110.57173
-110.54808
-110.52442
-110.50076
-110.47710
-110.45343
-110.42977
-110.40610
-110.38242
-110.35875
-110.33507
-110.31139
-110.28771
-110.26402
-110.24033
-110.21664
-110.19294
-110.16925
-110.14555
-110.12184
-110.09814
-110.07443
-110.05072
-110.02701
-110.00329
-109.97957
-109.95585
-109.93212
-109.90840
-109.88467
-109.86094
-109.83720
-109.81346
-109.78972
-109.76598
-109.74223
-109.71848
-109.69473
-109.67098
-109.64722
-109.62346
-109.59970
-109.57593
-109.55216
-109.52839
-109.50462
-109.48084
-109.45706
-109.43328
-109.40950
-109.38571
-109.36192
-109.33813
-109.31433
-109.29053
-109.26673
-109.24293
-109.21912
-109.19531
-109.17150
-109.14769
-109.12387
-109.10005
-109.07622
-109.05240
-109.02857
-109.00474
-108.98091
-108.95707
-108.93323
-108.90939
-108.88554
-108.86169
-108.83784
-108.81399
-108.79013
-108.76628
-108.74241
-108.71855
-108.69468
-108.67081
-108.64694
-108.62307
-108.59919
-108.57531
-108.55142
-108.52754
-108.50365
-108.47976
-108.45586
-108.43197
-108.40807
-108.38416
-108.36026
-108.33635
-108.31244
-108.28852
-108.26461
-108.24069
-108.21677
-108.19284
-108.16891
-108.14498
-108.12105
-108.09711
-108.07317
-108.04923
-108.02529
-108.00134
-107.97739
-107.95344
-107.92948
-107.90553
-107.88156
-107.85760
-107.83363
-107.80967
-107.78569
-107.76172
-107.73774
-107.71376
-107.68978
-107.66579
-107.64180
-107.61781
-107.59382
-107.56982
-107.54582
-107.52182
-107.49781
-107.47380
-107.44979
-107.42578
-107.40176
-107.37774
-107.35372
-107.32970
-107.30567
-107.28164
-107.25760
-107.23357
-107.20953
-107.18549
-107.16144
-107.13740
-107.11335
-107.08929
-107.06524
-107.04118
-107.01712
-106.99305
-106.96899
-106.94492
-106.92085
-106.89677
-106.87269
-106.84861
-106.82453
-106.80044
-106.77635
-106.75226
-106.72817
-106.70407
-106.67997
-106.65587
-106.63176
-106.60765
-106.58354
-106.55943
-106.53531
-106.51119
-106.48707
-106.46294
-106.43881
-106.41468
-106.39055
-106.36641
-106.34227
-106.31813
-106.29398
-106.26983
-106.24568
-106.22153
-106.19737
-106.17321
-106.14905
-106.12489
-106.10072
-106.07655
-106.05237
-106.02820
-106.00402
-105.97984
-105.95565
-105.93146
-105.90727
-105.88308
-105.85889
-105.83469
-105.81048
-105.78628
-105.76207
-105.73786
-105.71365
-105.68943
-105.66522
-105.64099
-105.61677
-105.59254
-105.56831
-105.54408
-105.51985
-105.49561
-105.47137
-105.44712
-105.42287
-105.39862
-105.37437
-105.35012
-105.32586
-105.30160
-105.27733
-105.25307
-105.22880
-105.20453
-105.18025
-105.15597
-105.13169
-105.10741
-105.08312
-105.05883
-105.03454
-105.01024
-104.98595
-104.96165
-104.93734
-104.91303
-104.88873
-104.86441
-104.84010
-104.81578
-104.79146
-104.76714
-104.74281
-104.71848
-104.69415
-104.66981
-104.64548
-104.62114
-104.59679
-104.57245
-104.54810
-104.52374
-104.49939
-104.47503
-104.45067
-104.42631
-104.40194
-104.37757
-104.35320
-104.32882
-104.30445
-104.28007
-104.25568
-104.23130
-104.20691
-104.18251
-104.15812
-104.13372
-104.10932
-104.08492
-104.06051
-104.03610
-104.01169
-103.98727
-103.96286
-103.93844
-103.91401
-103.88959
-103.86516
-103.84072
-103.81629
-103.79185
-103.76741
-103.74297
-103.71852
-103.69407
-103.66962
-103.64516
-103.62070
-103.59624
-103.57178
-103.54731
-103.52284
-103.49837
-103.47390
-103.44942
-103.42494
-103.40045
-103.37597
-103.35148
-103.32698
-103.30249
-103.27799
-103.25349
-103.22898
-103.20448
-103.17997
-103.15545
-103.13094
-103.10642
-103.08190
-103.05737
-103.03285
-103.00832
-102.98378
-102.95925
-102.93471
-102.91017
-102.88562
-102.86107
-102.83652
-102.81197
-102.78741
-102.76285
-102.73829
-102.71373
-102.68916
-102.66459
-102.64002
-102.61544
-102.59086
-102.56628
-102.54169
-102.51710
-102.49251
-102.46792
-102.44332
-102.41872
-102.39412
-102.36951
-102.34490
-102.32029
-102.29568
-102.27106
-102.24644
-102.22182
-102.19719
-102.17256
-102.14793
-102.12330
-102.09866
-102.07402
-102.04938
-102.02473
-102.00008
-101.97543
-101.95077
-101.92611
-101.90145
-101.87679
-101.85212
-101.82745
-101.80278
-101.77811
-101.75343
-101.72875
-101.70406
-101.67937
-101.65468
-101.62999
-101.60529
-101.58060
-101.55589
-101.53119
-101.50648
-101.48177
-101.45706
-101.43234
-101.40762
-101.38290
-101.35817
-101.33345
-101.30871
-101.28398
-101.25924
-101.23450
-101.20976
-101.18501
-101.16027
-101.13551
-101.11076
-101.08600
-101.06124
-101.03648
-101.01171
-100.98694
-100.96217
-100.93739
-100.91262
-100.88783
-100.86305
-100.83826
-100.81347
-100.78868
-100.76388
-100.73909
-100.71428
-100.68948
-100.66467
-100.63986
-100.61505
-100.59023
-100.56541
-100.54059
-100.51576
-100.49094
-100.46610
-100.44127
-100.41643
-100.39159
-100.36675
-100.34190
-100.31705
-100.29220
-100.26735
-100.24249
-100.21763
-100.19276
-100.16790
-100.14303
-100.11816
-100.09328
-100.06840
-100.04352
-100.01864
-99.99375
-99.96886
-99.94396
-99.91907
-99.89417
-99.86927
-99.84436
-99.81945
-99.79454
-99.76963
-99.74471
-99.71979
-99.69487
-99.66994
-99.64501
-99.62008
-99.59514
-99.57021
-99.54526
-99.52032
-99.49537
-99.47042
-99.44547
-99.42051
-99.39556
-99.37059
-99.34563
-99.32066
-99.29569
-99.27072
-99.24574
-99.22076
-99.19578
-99.17079
-99.14580
-99.12081
-99.09582
-99.07082
-99.04582
-99.02081
-98.99581
-98.97080
-98.94578
-98.92077
-98.89575
-98.87073
-98.84570
-98.82068
-98.79565
-98.77061
-98.74558
-98.72054
-98.69549
-98.67045
-98.64540
-98.62035
-98.59529
-98.57024
-98.54517
-98.52011
-98.49504
-98.46997
-98.44490
-98.41983
-98.39475
-98.36967
-98.34458
-98.31949
-98.29440
-98.26931
-98.24421
-98.21911
-98.19401
-98.16890
-98.14380
-98.11868
-98.09357
-98.06845
-98.04333
-98.01821
-97.99308
-97.96795
-97.94282
-97.91768
-97.89254
-97.86740
-97.84225
-97.81711
-97.79196
-97.76680
-97.74164
-97.71648
-97.69132
-97.66616
-97.64099
-97.61581
-97.59064
-97.56546
-97.54028
-97.51510
-97.48991
-97.46472
-97.43952
-97.41433
-97.38913
-97.36393
-97.33872
-97.31351
-97.28830
-97.26309
-97.23787
-97.21265
-97.18742
-97.16220
-97.13697
-97.11173
-97.08650
-97.06126
-97.03602
-97.01077
-96.98552
-96.96027
-96.93502
-96.90976
-96.88450
-96.85924
-96.83397
-96.80870
-96.78343
-96.75815
-96.73288
-96.70759
-96.68231
-96.65702
-96.63173
-96.60644
-96.58114
-96.55584
-96.53054
-96.50523
-96.47992
-96.45461
-96.42930
-96.40398
-96.37866
-96.35333
-96.32800
-96.30267
-96.27734
-96.25200
-96.22666
-96.20132
-96.17598
-96.15063
-96.12528
-96.09992
-96.07456
-96.04920
-96.02384
-95.99847
-95.97310
-95.94773
-95.92235
-95.89697
-95.87159
-95.84620
-95.82081
-95.79542
-95.77003
-95.74463
-95.71923
-95.69382
-95.66842
-95.64301
-95.61759
-95.59218
-95.56676
-95.54133
-95.51591
-95.49048
-95.46505
-95.43961
-95.41418
-95.38873
-95.36329
-95.33784
-95.31239
-95.28694
-95.26148
-95.23602
-95.21056
-95.18509
-95.15963
-95.13415
-95.10868
-95.08320
-95.05772
-95.03224
-95.00675
-94.98126
-94.95576
-94.93027
-94.90477
-94.87926
-94.85376
-94.82825
-94.80274
-94.77722
-94.75170
-94.72618
-94.70066
-94.67513
-94.64960
-94.62407
-94.59853
-94.57299
-94.54744
-94.52190
-94.49635
-94.47080
-94.44524
-94.41968
-94.39412
-94.36856
-94.34299
-94.31742
-94.29184
-94.26626
-94.24068
-94.21510
-94.18951
-94.16392
-94.13833
-94.11273
-94.08714
-94.06153
-94.03593
-94.01032
-93.98471
-93.95909
-93.93347
-93.90785
-93.88223
-93.85660
-93.83097
-93.80534
-93.77970
-93.75406
-93.72842
-93.70277
-93.67712
-93.65147
-93.62582
-93.60016
-93.57450
-93.54883
-93.52316
-93.49749
-93.47182
-93.44614
-93.42046
-93.39478
-93.36909
-93.34340
-93.31771
-93.29201
-93.26631
-93.24061
-93.21490
-93.18919
-93.16348
-93.13777
-93.11205
-93.08633
-93.06060
-93.03488
-93.00914
-92.98341
-92.95767
-92.93193
-92.90619
-92.88044
-92.85469
-92.82894
-92.80318
-92.77743
-92.75166
-92.72590
-92.70013
-92.67436
-92.64858
-92.62280
-92.59702
-92.57124
-92.54545
-92.51966
-92.49387
-92.46807
-92.44227
-92.41647
-92.39066
-92.36485
-92.33904
-92.31322
-92.28740
-92.26158
-92.23576
-92.20993
-92.18409
-92.15826
-92.13242
-92.10658
-92.08074
-92.05489
-92.02904
-92.00318
-91.97733
-91.95147
-91.92560
-91.89974
-91.87387
-91.84799
-91.82212
-91.79624
-91.77035
-91.74447
-91.71858
-91.69269
-91.66679
-91.64089
-91.61499
-91.58909
-91.56318
-91.53727
-91.51135
-91.48544
-91.45952
-91.43359
-91.40766
-91.38173
-91.35580
-91.32986
-91.30392
-91.27798
-91.25203
-91.22608
-91.20013
-91.17418
-91.14822
-91.12225
-91.09629
-91.07032
-91.04435
-91.01837
-90.99240
-90.96641
-90.94043
-90.91444
-90.88845
-90.86246
-90.83646
-90.81046
-90.78445
-90.75845
-90.73244
-90.70642
-90.68041
-90.65439
-90.62836
-90.60234
-90.57631
-90.55027
-90.52424
-90.49820
-90.47216
-90.44611
-90.42006
-90.39401
-90.36795
-90.34190
-90.31583
-90.28977
-90.26370
-90.23763
-90.21156
-90.18548
-90.15940
-90.13331
-90.10723
-90.08113
-90.05504
-90.02894
-90.00284
-89.97674
-89.95063
-89.92452
-89.89841
-89.87229
-89.84617
-89.82005
-89.79392
-89.76779
-89.74166
-89.71553
-89.68939
-89.66324
-89.63710
-89.61095
-89.58480
-89.55864
-89.53248
-89.50632
-89.48016
-89.45399
-89.42782
-89.40164
-89.37546
-89.34928
-89.32310
-89.29691
-89.27072
-89.24452
-89.21833
-89.19213
-89.16592
-89.13972
-89.11350
-89.08729
-89.06107
-89.03485
-89.00863
-88.98240
-88.95617
-88.92994
-88.90370
-88.87746
-88.85122
-88.82497
-88.79872
-88.77247
-88.74622
-88.71996
-88.69369
-88.66743
-88.64116
-88.61489
-88.58861
-88.56233
-88.53605
-88.50976
-88.48348
-88.45718
-88.43089
-88.40459
-88.37829
-88.35198
-88.32567
-88.29936
-88.27305
-88.24673
-88.22041
-88.19408
-88.16776
-88.14142
-88.11509
-88.08875
-88.06241
-88.03607
-88.00972
-87.98337
-87.95701
-87.93066
-87.90430
-87.87793
-87.85156
-87.82519
-87.79882
-87.77244
-87.74606
-87.71968
-87.69329
-87.66690
-87.64051
-87.61411
-87.58771
-87.56131
-87.53490
-87.50849
-87.48208
-87.45566
-87.42924
-87.40281
-87.37639
-87.34996
-87.32353
-87.29709
-87.27065
-87.24421
-87.21776
-87.19131
-87.16486
-87.13840
-87.11194
-87.08548
-87.05901
-87.03254
-87.00607
-86.97959
-86.95311
-86.92663
-86.90014
-86.87365
-86.84716
-86.82067
-86.79417
-86.76766
-86.74116
-86.71465
-86.68814
-86.66162
-86.63510
-86.60858
-86.58205
-86.55552
-86.52899
-86.50245
-86.47592
-86.44937
-86.42283
-86.39628
-86.36972
-86.34317
-86.31661
-86.29005
-86.26348
-86.23691
-86.21034
-86.18376
-86.15719
-86.13060
-86.10402
-86.07743
-86.05084
-86.02424
-85.99764
-85.97104
-85.94443
-85.91782
-85.89121
-85.86459
-85.83798
-85.81135
-85.78473
-85.75810
-85.73147
-85.70483
-85.67819
-85.65155
-85.62490
-85.59825
-85.57160
-85.54494
-85.51828
-85.49162
-85.46496
-85.43829
-85.41161
-85.38494
-85.35826
-85.33158
-85.30489
-85.27820
-85.25151
-85.22481
-85.19811
-85.17141
-85.14470
-85.11799
-85.09128
-85.06456
-85.03784
-85.01112
-84.98439
-84.95766
-84.93093
-84.90419
-84.87745
-84.85071
-84.82396
-84.79721
-84.77046
-84.74370
-84.71694
-84.69018
-84.66341
-84.63664
-84.60987
-84.58309
-84.55631
-84.52953
-84.50274
-84.47595
-84.44916
-84.42236
-84.39556
-84.36875
-84.34195
-84.31514
-84.28832
-84.26150
-84.23468
-84.20786
-84.18103
-84.15420
-84.12736
-84.10053
-84.07369
-84.04684
-84.01999
-83.99314
-83.96629
-83.93943
-83.91257
-83.88570
-83.85883
-83.83196
-83.80509
-83.77821
-83.75133
-83.72444
-83.69755
-83.67066
-83.64376
-83.61686
-83.58996
-83.56306
-83.53615
-83.50923
-83.48232
-83.45540
-83.42847
-83.40155
-83.37462
-83.34769
-83.32075
-83.29381
-83.26687
-83.23992
-83.21297
-83.18602
-83.15906
-83.13210
-83.10513
-83.07817
-83.05120
-83.02422
-82.99724
-82.97026
-82.94328
-82.91629
-82.88930
-82.86231
-82.83531
-82.80831
-82.78130
-82.75429
-82.72728
-82.70027
-82.67325
-82.64622
-82.61920
-82.59217
-82.56514
-82.53810
-82.51106
-82.48402
-82.45697
-82.42992
-82.40287
-82.37581
-82.34876
-82.32169
-82.29462
-82.26755
-82.24048
-82.21340
-82.18632
-82.15924
-82.13215
-82.10506
-82.07797
-82.05087
-82.02377
-81.99666
-81.96956
-81.94244
-81.91533
-81.88821
-81.86109
-81.83396
-81.80683
-81.77970
-81.75257
-81.72543
-81.69828
-81.67114
-81.64399
-81.61684
-81.58968
-81.56252
-81.53536
-81.50819
-81.48102
-81.45384
-81.42667
-81.39949
-81.37230
-81.34511
-81.31792
-81.29073
-81.26353
-81.23633
-81.20912
-81.18192
-81.15470
-81.12749
-81.10027
-81.07305
-81.04582
-81.01859
-80.99136
-80.96412
-80.93688
-80.90964
-80.88239
-80.85514
-80.82789
-80.80063
-80.77337
-80.74611
-80.71884
-80.69157
-80.66429
-80.63702
-80.60973
-80.58245
-80.55516
-80.52787
-80.50057
-80.47327
-80.44597
-80.41867
-80.39136
-80.36404
-80.33673
-80.30941
-80.28208
-80.25476
-80.22743
-80.20009
-80.17275
-80.14541
-80.11807
-80.09072
-80.06337
-80.03601
-80.00865
-79.98129
-79.95393
-79.92656
-79.89919
-79.87181
-79.84443
-79.81705
-79.78966
-79.76227
-79.73488
-79.70748
-79.68008
-79.65267
-79.62527
-79.59786
-79.57044
-79.54302
-79.51560
-79.48817
-79.46075
-79.43331
-79.40588
-79.37844
-79.35100
-79.32355
-79.29610
-79.26865
-79.24119
-79.21373
-79.18626
-79.15880
-79.13132
-79.10385
-79.07637
-79.04889
-79.02140
-78.99392
-78.96642
-78.93893
-78.91143
-78.88392
-78.85642
-78.82891
-78.80139
-78.77388
-78.74636
-78.71883
-78.69130
-78.66377
-78.63624
-78.60870
-78.58116
-78.55361
-78.52606
-78.49851
-78.47095
-78.44339
-78.41583
-78.38826
-78.36069
-78.33312
-78.30554
-78.27796
-78.25038
-78.22279
-78.19520
-78.16760
-78.14000
-78.11240
-78.08479
-78.05718
-78.02957
-78.00195
-77.97433
-77.94671
-77.91908
-77.89145
-77.86382
-77.83618
-77.80854
-77.78089
-77.75324
-77.72559
-77.69794
-77.67028
-77.64261
-77.61495
-77.58728
-77.55960
-77.53192
-77.50424
-77.47656
-77.44887
-77.42118
-77.39348
-77.36579
-77.33808
-77.31038
-77.28267
-77.25495
-77.22724
-77.19952
-77.17179
-77.14406
-77.11633
-77.08860
-77.06086
-77.03312
-77.00537
-76.97762
-76.94987
-76.92211
-76.89435
-76.86659
-76.83882
-76.81105
-76.78328
-76.75550
-76.72772
-76.69993
-76.67214
-76.64435
-76.61656
-76.58876
-76.56095
-76.53315
-76.50534
-76.47752
-76.44970
-76.42188
-76.39406
-76.36623
-76.33840
-76.31056
-76.28272
-76.25488
-76.22703
-76.19918
-76.17133
-76.14347
-76.11561
-76.08775
-76.05988
-76.03201
-76.00413
-75.97625
-75.94837
-75.92048
-75.89259
-75.86470
-75.83680
-75.80890
-75.78100
-75.75309
-75.72518
-75.69726
-75.66934
-75.64142
-75.61349
-75.58556
-75.55763
-75.52969
-75.50175
-75.47381
-75.44586
-75.41791
-75.38995
-75.36199
-75.33403
-75.30606
-75.27809
-75.25012
-75.22214
-75.19416
-75.16617
-75.13819
-75.11019
-75.08220
-75.05420
-75.02620
-74.99819
-74.97018
-74.94217
-74.91415
-74.88613
-74.85810
-74.83007
-74.80204
-74.77401
-74.74597
-74.71792
-74.68988
-74.66183
-74.63377
-74.60571
-74.57765
-74.54959
-74.52152
-74.49345
-74.46537
-74.43729
-74.40921
-74.38112
-74.35303
-74.32493
-74.29683
-74.26873
-74.24063
-74.21252
-74.18441
-74.15629
-74.12817
-74.10004
-74.07192
-74.04379
-74.01565
-73.98751
-73.95937
-73.93122
-73.90307
-73.87492
-73.84676
-73.81860
-73.79044
-73.76227
-73.73410
-73.70592
-73.67774
-73.64956
-73.62137
-73.59318
-73.56499
-73.53679
-73.50859
-73.48038
-73.45217
-73.42396
-73.39575
-73.36753
-73.33930
-73.31107
-73.28284
-73.25461
-73.22637
-73.19813
-73.16988
-73.14163
-73.11338
-73.08512
-73.05686
-73.02860
-73.00033
-72.97206
-72.94378
-72.91550
-72.88722
-72.85893
-72.83064
-72.80235
-72.77405
-72.74575
-72.71744
-72.68913
-72.66082
-72.63250
-72.60418
-72.57586
-72.54753
-72.51920
-72.49086
-72.46252
-72.43418
-72.40584
-72.37749
-72.34913
-72.32077
-72.29241
-72.26405
-72.23568
-72.20731
-72.17893
-72.15055
-72.12217
-72.09378
-72.06539
-72.03699
-72.00859
-71.98019
-71.95178
-71.92337
-71.89496
-71.86654
-71.83812
-71.80970
-71.78127
-71.75283
-71.72440
-71.69596
-71.66751
-71.63907
-71.61062
-71.58216
-71.55370
-71.52524
-71.49677
-71.46830
-71.43983
-71.41135
-71.38287
-71.35438
-71.32589
-71.29740
-71.26891
-71.24041
-71.21190
-71.18339
-71.15488
-71.12637
-71.09785
-71.06932
-71.04080
-71.01227
-70.98373
-70.95519
-70.92665
-70.89811
-70.86956
-70.84100
-70.81245
-70.78389
-70.75532
-70.72675
-70.69818
-70.66961
-70.64103
-70.61244
-70.58386
-70.55527
-70.52667
-70.49807
-70.46947
-70.44086
-70.41225
-70.38364
-70.35502
-70.32640
-70.29778
-70.26915
-70.24051
-70.21188
-70.18324
-70.15459
-70.12594
-70.09729
-70.06864
-70.03998
-70.01131
-69.98265
-69.95398
-69.92530
-69.89662
-69.86794
-69.83926
-69.81057
-69.78187
-69.75317
-69.72447
-69.69577
-69.66706
-69.63835
-69.60963
-69.58091
-69.55218
-69.52346
-69.49472
-69.46599
-69.43725
-69.40851
-69.37976
-69.35101
-69.32225
-69.29349
-69.26473
-69.23597
-69.20720
-69.17842
-69.14964
-69.12086
-69.09208
-69.06329
-69.03449
-69.00570
-68.97690
-68.94809
-68.91928
-68.89047
-68.86165
-68.83283
-68.80401
-68.77518
-68.74635
-68.71751
-68.68868
-68.65983
-68.63099
-68.60213
-68.57328
-68.54442
-68.51556
-68.48669
-68.45782
-68.42895
-68.40007
-68.37119
-68.34230
-68.31341
-68.28452
-68.25562
-68.22672
-68.19782
-68.16891
-68.14000
-68.11108
-68.08216
-68.05323
-68.02431
-67.99537
-67.96644
-67.93750
-67.90856
-67.87961
-67.85066
-67.82170
-67.79274
-67.76378
-67.73481
-67.70584
-67.67687
-67.64789
-67.61891
-67.58992
-67.56093
-67.53194
-67.50294
-67.47394
-67.44493
-67.41592
-67.38691
-67.35789
-67.32887
-67.29984
-67.27081
-67.24178
-67.21275
-67.18370
-67.15466
-67.12561
-67.09656
-67.06750
-67.03844
-67.00938
-66.98031
-66.95124
-66.92216
-66.89308
-66.86400
-66.83491
-66.80582
-66.77672
-66.74763
-66.71852
-66.68942
-66.66030
-66.63119
-66.60207
-66.57295
-66.54382
-66.51469
-66.48556
-66.45642
-66.42727
-66.39813
-66.36898
-66.33982
-66.31067
-66.28150
-66.25234
-66.22317
-66.19399
-66.16482
-66.13564
-66.10645
-66.07726
-66.04807
-66.01887
-65.98967
-65.96046
-65.93125
-65.90204
-65.87282
-65.84360
-65.81438
-65.78515
-65.75592
-65.72668
-65.69744
-65.66819
-65.63895
-65.60969
-65.58044
-65.55118
-65.52191
-65.49264
-65.46337
-65.43409
-65.40481
-65.37553
-65.34624
-65.31695
-65.28765
-65.25835
-65.22905
-65.19974
-65.17043
-65.14111
-65.11180
-65.08247
-65.05314
-65.02381
-64.99448
-64.96514
-64.93579
-64.90645
-64.87709
-64.84774
-64.81838
-64.78902
-64.75965
-64.73028
-64.70090
-64.67152
-64.64214
-64.61275
-64.58336
-64.55397
-64.52457
-64.49516
-64.46576
-64.43634
-64.40693
-64.37751
-64.34809
-64.31866
-64.28923
-64.25979
-64.23035
-64.20091
-64.17146
-64.14201
-64.11256
-64.08310
-64.05364
-64.02417
-63.99470
-63.96522
-63.93574
-63.90626
-63.87677
-63.84728
-63.81779
-63.78829
-63.75878
-63.72928
-63.69977
-63.67025
-63.64073
-63.61121
-63.58168
-63.55215
-63.52262
-63.49308
-63.46353
-63.43399
-63.40444
-63.37488
-63.34532
-63.31576
-63.28619
-63.25662
-63.22704
-63.19746
-63.16788
-63.13829
-63.10870
-63.07911
-63.04951
-63.01990
-62.99029
-62.96068
-62.93107
-62.90145
-62.87182
-62.84220
-62.81256
-62.78293
-62.75329
-62.72364
-62.69400
-62.66434
-62.63469
-62.60503
-62.57536
-62.54570
-62.51602
-62.48635
-62.45667
-62.42698
-62.39729
-62.36760
-62.33791
-62.30820
-62.27850
-62.24879
-62.21908
-62.18936
-62.15964
-62.12992
-62.10019
-62.07045
-62.04072
-62.01098
-61.98123
-61.95148
-61.92173
-61.89197
-61.86221
-61.83244
-61.80267
-61.77290
-61.74312
-61.71334
-61.68355
-61.65376
-61.62397
-61.59417
-61.56437
-61.53456
-61.50475
-61.47494
-61.44512
-61.41530
-61.38547
-61.35564
-61.32580
-61.29596
-61.26612
-61.23627
-61.20642
-61.17657
-61.14671
-61.11684
-61.08698
-61.05710
-61.02723
-60.99735
-60.96746
-60.93758
-60.90768
-60.87779
-60.84789
-60.81798
-60.78807
-60.75816
-60.72824
-60.69832
-60.66840
-60.63847
-60.60853
-60.57860
-60.54866
-60.51871
-60.48876
-60.45881
-60.42885
-60.39889
-60.36892
-60.33895
-60.30897
-60.27900
-60.24901
-60.21903
-60.18904
-60.15904
-60.12904
-60.09904
-60.06903
-60.03902
-60.00900
-59.97898
-59.94896
-59.91893
-59.88890
-59.85886
-59.82882
-59.79878
-59.76873
-59.73867
-59.70862
-59.67856
-59.64849
-59.61842
-59.58835
-59.55827
-59.52819
-59.49810
-59.46801
-59.43792
-59.40782
-59.37772
-59.34761
-59.31750
-59.28738
-59.25726
-59.22714
-59.19701
-59.16688
-59.13674
-59.10660
-59.07646
-59.04631
-59.01616
-58.98600
-58.95584
-58.92567
-58.89551
-58.86533
-58.83515
-58.80497
-58.77479
-58.74460
-58.71440
-58.68420
-58.65400
-58.62379
-58.59358
-58.56337
-58.53315
-58.50292
-58.47270
-58.44246
-58.41223
-58.38199
-58.35174
-58.32149
-58.29124
-58.26098
-58.23072
-58.20046
-58.17019
-58.13991
-58.10964
-58.07935
-58.04907
-58.01878
-57.98848
-57.95818
-57.92788
-57.89757
-57.86726
-57.83694
-57.80662
-57.77630
-57.74597
-57.71564
-57.68530
-57.65496
-57.62462
-57.59427
-57.56391
-57.53355
-57.50319
-57.47283
-57.44245
-57.41208
-57.38170
-57.35132
-57.32093
-57.29054
-57.26014
-57.22974
-57.19934
-57.16893
-57.13852
-57.10810
-57.07768
-57.04725
-57.01682
-56.98639
-56.95595
-56.92551
-56.89506
-56.86461
-56.83415
-56.80370
-56.77323
-56.74276
-56.71229
-56.68182
-56.65133
-56.62085
-56.59036
-56.55987
-56.52937
-56.49887
-56.46836
-56.43785
-56.40734
-56.37682
-56.34629
-56.31577
-56.28524
-56.25470
-56.22416
-56.19361
-56.16307
-56.13251
-56.10196
-56.07139
-56.04083
-56.01026
-55.97968
-55.94911
-55.91852
-55.88794
-55.85734
-55.82675
-55.79615
-55.76554
-55.73494
-55.70432
-55.67371
-55.64308
-55.61246
-55.58183
-55.55120
-55.52056
-55.48991
-55.45927
-55.42862
-55.39796
-55.36730
-55.33664
-55.30597
-55.27529
-55.24462
-55.21394
-55.18325
-55.15256
-55.12187
-55.09117
-55.06047
-55.02976
-54.99905
-54.96833
-54.93761
-54.90689
-54.87616
-54.84543
-54.81469
-54.78395
-54.75320
-54.72245
-54.69170
-54.66094
-54.63017
-54.59941
-54.56863
-54.53786
-54.50708
-54.47629
-54.44550
-54.41471
-54.38391
-54.35311
-54.32231
-54.29149
-54.26068
-54.22986
-54.19904
-54.16821
-54.13738
-54.10654
-54.07570
-54.04485
-54.01400
-53.98315
-53.95229
-53.92143
-53.89056
-53.85969
-53.82881
-53.79793
-53.76705
-53.73616
-53.70527
-53.67437
-53.64347
-53.61256
-53.58165
-53.55074
-53.51982
-53.48890
-53.45797
-53.42704
-53.39610
-53.36516
-53.33421
-53.30326
-53.27231
-53.24135
-53.21039
-53.17942
-53.14845
-53.11747
-53.08649
-53.05551
-53.02452
-52.99353
-52.96253
-52.93153
-52.90052
-52.86951
-52.83849
-52.80747
-52.77645
-52.74542
-52.71439
-52.68335
-52.65231
-52.62126
-52.59021
-52.55916
-52.52810
-52.49704
-52.46597
-52.43490
-52.40382
-52.37274
-52.34165
-52.31056
-52.27947
-52.24837
-52.21727
-52.18616
-52.15505
-52.12393
-52.09281
-52.06169
-52.03056
-51.99942
-51.96829
-51.93714
-51.90600
-51.87485
-51.84369
-51.81253
-51.78136
-51.75020
-51.71902
-51.68784
-51.65666
-51.62547
-51.59428
-51.56309
-51.53189
-51.50068
-51.46947
-51.43826
-51.40704
-51.37582
-51.34459
-51.31336
-51.28213
-51.25089
-51.21964
-51.18840
-51.15714
-51.12588
-51.09462
-51.06336
-51.03208
-51.00081
-50.96953
-50.93825
-50.90696
-50.87566
-50.84437
-50.81306
-50.78176
-50.75045
-50.71913
-50.68781
-50.65649
-50.62516
-50.59382
-50.56249
-50.53114
-50.49980
-50.46845
-50.43709
-50.40573
-50.37437
-50.34300
-50.31162
-50.28025
-50.24886
-50.21748
-50.18609
-50.15469
-50.12329
-50.09189
-50.06048
-50.02906
-49.99764
-49.96622
-49.93479
-49.90336
-49.87193
-49.84049
-49.80904
-49.77759
-49.74614
-49.71468
-49.68322
-49.65175
-49.62028
-49.58880
-49.55732
-49.52583
-49.49434
-49.46285
-49.43135
-49.39985
-49.36834
-49.33683
-49.30531
-49.27379
-49.24226
-49.21073
-49.17920
-49.14766
-49.11611
-49.08456
-49.05301
-49.02145
-48.98989
-48.95833
-48.92675
-48.89518
-48.86360
-48.83201
-48.80042
-48.76883
-48.73723
-48.70563
-48.67402
-48.64241
-48.61079
-48.57917
-48.54755
-48.51592
-48.48428
-48.45265
-48.42100
-48.38935
-48.35770
-48.32604
-48.29438
-48.26272
-48.23105
-48.19937
-48.16769
-48.13601
-48.10432
-48.07262
-48.04093
-48.00922
-47.97752
-47.94580
-47.91409
-47.88237
-47.85064
-47.81891
-47.78718
-47.75544
-47.72369
-47.69195
-47.66019
-47.62844
-47.59667
-47.56491
-47.53314
-47.50136
-47.46958
-47.43780
-47.40601
-47.37421
-47.34242
-47.31061
-47.27881
-47.24699
-47.21518
-47.18336
-47.15153
-47.11970
-47.08786
-47.05602
-47.02418
-46.99233
-46.96048
-46.92862
-46.89676
-46.86489
-46.83302
-46.80114
-46.76926
-46.73738
-46.70549
-46.67359
-46.64169
-46.60979
-46.57788
-46.54597
-46.51405
-46.48213
-46.45020
-46.41827
-46.38633
-46.35439
-46.32245
-46.29049
-46.25854
-46.22658
-46.19462
-46.16265
-46.13068
-46.09870
-46.06672
-46.03473
-46.00274
-45.97074
-45.93874
-45.90673
-45.87472
-45.84271
-45.81069
-45.77867
-45.74664
-45.71460
-45.68257
-45.65052
-45.61848
-45.58643
-45.55437
-45.52231
-45.49024
-45.45817
-45.42610
-45.39402
-45.36193
-45.32984
-45.29775
-45.26565
-45.23355
-45.20144
-45.16933
-45.13721
-45.10509
-45.07296
-45.04083
-45.00870
-44.97656
-44.94441
-44.91226
-44.88011
-44.84795
-44.81579
-44.78362
-44.75145
-44.71927
-44.68709
-44.65490
-44.62271
-44.59051
-44.55831
-44.52611
-44.49390
-44.46168
-44.42946
-44.39724
-44.36501
-44.33277
-44.30054
-44.26829
-44.23605
-44.20379
-44.17154
-44.13927
-44.10701
-44.07474
-44.04246
-44.01018
-43.97789
-43.94560
-43.91331
-43.88101
-43.84871
-43.81640
-43.78408
-43.75177
-43.71944
-43.68712
-43.65478
-43.62245
-43.59010
-43.55776
-43.52541
-43.49305
-43.46069
-43.42833
-43.39595
-43.36358
-43.33120
-43.29882
-43.26643
-43.23403
-43.20164
-43.16923
-43.13682
-43.10441
-43.07199
-43.03957
-43.00715
-42.97471
-42.94228
-42.90984
-42.87739
-42.84494
-42.81249
-42.78003
-42.74756
-42.71509
-42.68262
-42.65014
-42.61765
-42.58517
-42.55267
-42.52017
-42.48767
-42.45516
-42.42265
-42.39014
-42.35761
-42.32509
-42.29256
-42.26002
-42.22748
-42.19493
-42.16238
-42.12983
-42.09727
-42.06470
-42.03213
-41.99956
-41.96698
-41.93440
-41.90181
-41.86921
-41.83662
-41.80401
-41.77141
-41.73879
-41.70618
-41.67355
-41.64093
-41.60830
-41.57566
-41.54302
-41.51037
-41.47772
-41.44507
-41.41241
-41.37974
-41.34707
-41.31440
-41.28172
-41.24903
-41.21634
-41.18365
-41.15095
-41.11825
-41.08554
-41.05283
-41.02011
-40.98738
-40.95466
-40.92192
-40.88919
-40.85645
-40.82370
-40.79095
-40.75819
-40.72543
-40.69266
-40.65989
-40.62712
-40.59434
-40.56155
-40.52876
-40.49596
-40.46316
-40.43036
-40.39755
-40.36474
-40.33192
-40.29909
-40.26626
-40.23343
-40.20059
-40.16775
-40.13490
-40.10205
-40.06919
-40.03632
-40.00346
-39.97058
-39.93771
-39.90482
-39.87194
-39.83905
-39.80615
-39.77325
-39.74034
-39.70743
-39.67451
-39.64159
-39.60866
-39.57573
-39.54280
-39.50986
-39.47691
-39.44396
-39.41101
-39.37805
-39.34508
-39.31211
-39.27914
-39.24616
-39.21317
-39.18018
-39.14719
-39.11419
-39.08119
-39.04818
-39.01516
-38.98214
-38.94912
-38.91609
-38.88306
-38.85002
-38.81698
-38.78393
-38.75088
-38.71782
-38.68475
-38.65169
-38.61861
-38.58554
-38.55245
-38.51937
-38.48628
-38.45318
-38.42008
-38.38697
-38.35386
-38.32074
-38.28762
-38.25449
-38.22136
-38.18822
-38.15508
-38.12194
-38.08878
-38.05563
-38.02247
-37.98930
-37.95613
-37.92295
-37.88977
-37.85659
-37.82340
-37.79020
-37.75700
-37.72380
-37.69059
-37.65737
-37.62415
-37.59092
-37.55769
-37.52446
-37.49122
-37.45797
-37.42472
-37.39147
-37.35821
-37.32494
-37.29167
-37.25840
-37.22512
-37.19184
-37.15855
-37.12525
-37.09195
-37.05865
-37.02534
-36.99202
-36.95870
-36.92538
-36.89205
-36.85872
-36.82538
-36.79203
-36.75868
-36.72533
-36.69197
-36.65861
-36.62524
-36.59186
-36.55848
-36.52510
-36.49171
-36.45832
-36.42492
-36.39151
-36.35810
-36.32469
-36.29127
-36.25785
-36.22442
-36.19098
-36.15754
-36.12410
-36.09065
-36.05720
-36.02374
-35.99027
-35.95680
-35.92333
-35.88985
-35.85637
-35.82288
-35.78938
-35.75588
-35.72238
-35.68887
-35.65536
-35.62184
-35.58831
-35.55478
-35.52125
-35.48771
-35.45417
-35.42062
-35.38706
-35.35350
-35.31994
-35.28637
-35.25279
-35.21921
-35.18563
-35.15204
-35.11845
-35.08485
-35.05124
-35.01763
-34.98402
-34.95040
-34.91677
-34.88314
-34.84951
-34.81587
-34.78222
-34.74857
-34.71492
-34.68126
-34.64759
-34.61392
-34.58024
-34.54656
-34.51288
-34.47919
-34.44549
-34.41179
-34.37808
-34.34437
-34.31066
-34.27694
-34.24321
-34.20948
-34.17574
-34.14200
-34.10825
-34.07450
-34.04075
-34.00698
-33.97322
-33.93944
-33.90567
-33.87189
-33.83810
-33.80431
-33.77051
-33.73671
-33.70290
-33.66909
-33.63527
-33.60144
-33.56762
-33.53378
-33.49994
-33.46610
-33.43225
-33.39840
-33.36454
-33.33068
-33.29681
-33.26293
-33.22905
-33.19517
-33.16128
-33.12739
-33.09349
-33.05958
-33.02567
-32.99176
-32.95784
-32.92391
-32.88998
-32.85605
-32.82211
-32.78816
-32.75421
-32.72025
-32.68629
-32.65232
-32.61835
-32.58438
-32.55039
-32.51641
-32.48242
-32.44842
-32.41442
-32.38041
-32.34640
-32.31238
-32.27836
-32.24433
-32.21029
-32.17626
-32.14221
-32.10816
-32.07411
-32.04005
-32.00599
-31.97192
-31.93784
-31.90376
-31.86968
-31.83559
-31.80149
-31.76739
-31.73328
-31.69917
-31.66506
-31.63094
-31.59681
-31.56268
-31.52854
-31.49440
-31.46025
-31.42610
-31.39194
-31.35778
-31.32361
-31.28944
-31.25526
-31.22108
-31.18689
-31.15269
-31.11850
-31.08429
-31.05008
-31.01587
-30.98165
-30.94742
-30.91319
-30.87896
-30.84472
-30.81047
-30.77622
-30.74196
-30.70770
-30.67343
-30.63916
-30.60488
-30.57060
-30.53631
-30.50202
-30.46772
-30.43342
-30.39911
-30.36480
-30.33048
-30.29615
-30.26182
-30.22749
-30.19315
-30.15880
-30.12445
-30.09010
-30.05574
-30.02137
-29.98700
-29.95262
-29.91824
-29.88385
-29.84946
-29.81506
-29.78066
-29.74625
-29.71184
-29.67742
-29.64299
-29.60856
-29.57413
-29.53969
-29.50524
-29.47079
-29.43634
-29.40188
-29.36741
-29.33294
-29.29846
-29.26398
-29.22949
-29.19500
-29.16050
-29.12600
-29.09149
-29.05698
-29.02246
-28.98793
-28.95340
-28.91887
-28.88433
-28.84978
-28.81523
-28.78067
-28.74611
-28.71155
-28.67697
-28.64240
-28.60781
-28.57323
-28.53863
-28.50403
-28.46943
-28.43482
-28.40021
-28.36559
-28.33096
-28.29633
-28.26169
-28.22705
-28.19241
-28.15776
-28.12310
-28.08844
-28.05377
-28.01909
-27.98442
-27.94973
-27.91504
-27.88035
-27.84565
-27.81094
-27.77623
-27.74152
-27.70680
-27.67207
-27.63734
-27.60260
-27.56786
-27.53311
-27.49836
-27.46360
-27.42883
-27.39407
-27.35929
-27.32451
-27.28972
-27.25493
-27.22014
-27.18534
-27.15053
-27.11572
-27.08090
-27.04608
-27.01125
-26.97641
-26.94158
-26.90673
-26.87188
-26.83703
-26.80217
-26.76730
-26.73243
-26.69755
-26.66267
-26.62778
-26.59289
-26.55799
-26.52309
-26.48818
-26.45326
-26.41834
-26.38342
-26.34849
-26.31355
-26.27861
-26.24366
-26.20871
-26.17375
-26.13879
-26.10382
-26.06885
-26.03387
-25.99888
-25.96389
-25.92890
-25.89390
-25.85889
-25.82388
-25.78886
-25.75384
-25.71881
-25.68377
-25.64874
-25.61369
-25.57864
-25.54359
-25.50853
-25.47346
-25.43839
-25.40331
-25.36823
-25.33314
-25.29805
-25.26295
-25.22784
-25.19273
-25.15762
-25.12250
-25.08737
-25.05224
-25.01710
-24.98196
-24.94681
-24.91166
-24.87650
-24.84134
-24.80617
-24.77099
-24.73581
-24.70062
-24.66543
-24.63023
-24.59503
-24.55982
-24.52461
-24.48939
-24.45417
-24.41894
-24.38370
-24.34846
-24.31321
-24.27796
-24.24270
-24.20744
-24.17217
-24.13690
-24.10162
-24.06633
-24.03104
-23.99575
-23.96045
-23.92514
-23.88983
-23.85451
-23.81918
-23.78386
-23.74852
-23.71318
-23.67784
-23.64248
-23.60713
-23.57177
-23.53640
-23.50102
-23.46565
-23.43026
-23.39487
-23.35948
-23.32408
-23.28867
-23.25326
-23.21784
-23.18242
-23.14699
-23.11156
-23.07612
-23.04067
-23.00522
-22.96976
-22.93430
-22.89883
-22.86336
-22.82788
-22.79240
-22.75691
-22.72141
-22.68591
-22.65041
-22.61490
-22.57938
-22.54386
-22.50833
-22.47279
-22.43725
-22.40171
-22.36616
-22.33060
-22.29504
-22.25947
-22.22390
-22.18832
-22.15274
-22.11715
-22.08155
-22.04595
-22.01034
-21.97473
-21.93912
-21.90349
-21.86786
-21.83223
-21.79659
-21.76094
-21.72529
-21.68963
-21.65397
-21.61830
-21.58263
-21.54695
-21.51127
-21.47558
-21.43988
-21.40418
-21.36847
-21.33276
-21.29704
-21.26132
-21.22559
-21.18985
-21.15411
-21.11836
-21.08261
-21.04685
-21.01109
-20.97532
-20.93954
-20.90376
-20.86798
-20.83219
-20.79639
-20.76059
-20.72478
-20.68896
-20.65314
-20.61732
-20.58149
-20.54565
-20.50981
-20.47396
-20.43810
-20.40225
-20.36638
-20.33051
-20.29463
-20.25875
-20.22286
-20.18697
-20.15107
-20.11517
-20.07925
-20.04334
-20.00742
-19.97149
-19.93556
-19.89962
-19.86367
-19.82772
-19.79177
-19.75580
-19.71984
-19.68386
-19.64789
-19.61190
-19.57591
-19.53992
-19.50391
-19.46791
-19.43189
-19.39588
-19.35985
-19.32382
-19.28779
-19.25174
-19.21570
-19.17964
-19.14359
-19.10752
-19.07145
-19.03538
-18.99929
-18.96321
-18.92711
-18.89102
-18.85491
-18.81880
-18.78269
-18.74656
-18.71044
-18.67430
-18.63817
-18.60202
-18.56587
-18.52971
-18.49355
-18.45739
-18.42121
-18.38503
-18.34885
-18.31266
-18.27646
-18.24026
-18.20405
-18.16784
-18.13162
-18.09540
-18.05917
-18.02293
-17.98669
-17.95044
-17.91418
-17.87793
-17.84166
-17.80539
-17.76911
-17.73283
-17.69654
-17.66025
-17.62395
-17.58764
-17.55133
-17.51501
-17.47869
-17.44236
-17.40603
-17.36969
-17.33334
-17.29699
-17.26063
-17.22427
-17.18790
-17.15152
-17.11514
-17.07875
-17.04236
-17.00596
-16.96956
-16.93315
-16.89673
-16.86031
-16.82388
-16.78745
-16.75101
-16.71457
-16.67811
-16.64166
-16.60520
-16.56873
-16.53225
-16.49577
-16.45929
-16.42280
-16.38630
-16.34979
-16.31329
-16.27677
-16.24025
-16.20372
-16.16719
-16.13065
-16.09411
-16.05756
-16.02100
-15.98444
-15.94787
-15.91130
-15.87472
-15.83813
-15.80154
-15.76495
-15.72834
-15.69174
-15.65512
-15.61850
-15.58187
-15.54524
-15.50860
-15.47196
-15.43531
-15.39865
-15.36199
-15.32533
-15.28865
-15.25197
-15.21529
-15.17860
-15.14190
-15.10520
-15.06849
-15.03177
-14.99505
-14.95833
-14.92160
-14.88486
-14.84811
-14.81136
-14.77461
-14.73784
-14.70108
-14.66430
-14.62752
-14.59074
-14.55395
-14.51715
-14.48035
-14.44354
-14.40672
-14.36990
-14.33307
-14.29624
-14.25940
-14.22256
-14.18571
-14.14885
-14.11199
-14.07512
-14.03824
-14.00136
-13.96448
-13.92759
-13.89069
-13.85378
-13.81687
-13.77996
-13.74304
-13.70611
-13.66917
-13.63223
-13.59529
-13.55834
-13.52138
-13.48441
-13.44744
-13.41047
-13.37349
-13.33650
-13.29951
-13.26251
-13.22550
-13.18849
-13.15147
-13.11445
-13.07742
-13.04038
-13.00334
-12.96629
-12.92924
-12.89218
-12.85511
-12.81804
-12.78097
-12.74388
-12.70679
-12.66970
-12.63259
-12.59549
-12.55837
-12.52125
-12.48413
-12.44700
-12.40986
-12.37272
-12.33557
-12.29841
-12.26125
-12.22408
-12.18691
-12.14973
-12.11254
-12.07535
-12.03815
-12.00095
-11.96374
-11.92652
-11.88930
-11.85207
-11.81484
-11.77760
-11.74035
-11.70310
-11.66584
-11.62858
-11.59130
-11.55403
-11.51675
-11.47946
-11.44216
-11.40486
-11.36755
-11.33024
-11.29292
-11.25560
-11.21827
-11.18093
-11.14359
-11.10624
-11.06888
-11.03152
-10.99415
-10.95678
-10.91940
-10.88201
-10.84462
-10.80722
-10.76982
-10.73241
-10.69499
-10.65757
-10.62014
-10.58270
-10.54526
-10.50782
-10.47036
-10.43291
-10.39544
-10.35797
-10.32049
-10.28301
-10.24552
-10.20802
-10.17052
-10.13301
-10.09550
-10.05798
-10.02045
-9.98292
-9.94538
-9.90783
-9.87028
-9.83273
-9.79516
-9.75759
-9.72002
-9.68244
-9.64485
-9.60725
-9.56965
-9.53205
-9.49444
-9.45682
-9.41919
-9.38156
-9.34392
-9.30628
-9.26863
-9.23098
-9.19331
-9.15565
-9.11797
-9.08029
-9.04260
-9.00491
-8.96721
-8.92951
-8.89180
-8.85408
-8.81636
-8.77863
-8.74089
-8.70315
-8.66540
-8.62764
-8.58988
-8.55212
-8.51434
-8.47656
-8.43878
-8.40099
-8.36319
-8.32538
-8.28757
-8.24976
-8.21193
-8.17411
-8.13627
-8.09843
-8.06058
-8.02273
-7.98487
-7.94700
-7.90913
-7.87125
-7.83336
-7.79547
-7.75758
-7.71967
-7.68176
-7.64384
-7.60592
-7.56799
-7.53006
-7.49212
-7.45417
-7.41622
-7.37826
-7.34029
-7.30232
-7.26434
-7.22635
-7.18836
-7.15036
-7.11236
-7.07435
-7.03633
-6.99831
-6.96028
-6.92225
-6.88420
-6.84616
-6.80810
-6.77004
-6.73198
-6.69390
-6.65582
-6.61774
-6.57965
-6.54155
-6.50344
-6.46533
-6.42722
-6.38909
-6.35096
-6.31283
-6.27468
-6.23654
-6.19838
-6.16022
-6.12205
-6.08388
-6.04570
-6.00751
-5.96932
-5.93112
-5.89291
-5.85470
-5.81648
-5.77826
-5.74003
-5.70179
-5.66355
-5.62530
-5.58704
-5.54878
-5.51051
-5.47224
-5.43395
-5.39567
-5.35737
-5.31907
-5.28076
-5.24245
-5.20413
-5.16580
-5.12747
-5.08913
-5.05079
-5.01244
-4.97408
-4.93571
-4.89734
-4.85897
-4.82058
-4.78219
-4.74380
-4.70539
-4.66699
-4.62857
-4.59015
-4.55172
-4.51329
-4.47484
-4.43640
-4.39794
-4.35948
-4.32102
-4.28254
-4.24406
-4.20558
-4.16709
-4.12859
-4.09008
-4.05157
-4.01305
-3.97453
-3.93600
-3.89746
-3.85892
-3.82037
-3.78181
-3.74325
-3.70468
-3.66610
-3.62752
-3.58893
-3.55034
-3.51174
-3.47313
-3.43451
-3.39589
-3.35727
-3.31863
-3.27999
-3.24135
-3.20269
-3.16403
-3.12537
-3.08669
-3.04801
-3.00933
-2.97064
-2.93194
-2.89323
-2.85452
-2.81581
-2.77708
-2.73835
-2.69961
-2.66087
-2.62212
-2.58336
-2.54460
-2.50583
-2.46705
-2.42827
-2.38948
-2.35069
-2.31188
-2.27307
-2.23426
-2.19544
-2.15661
-2.11777
-2.07893
-2.04009
-2.00123
-1.96237
-1.92350
-1.88463
-1.84575
-1.80686
-1.76797
-1.72907
-1.69016
-1.65125
-1.61233
-1.57340
-1.53447
-1.49553
-1.45658
-1.41763
-1.37867
-1.33971
-1.30074
-1.26176
-1.22277
-1.18378
-1.14478
-1.10578
-1.06677
-1.02775
-0.98872
-0.94969
-0.91066
-0.87161
-0.83256
-0.79350
-0.75444
-0.71537
-0.67629
-0.63721
-0.59812
-0.55902
-0.51992
-0.48081
-0.44169
-0.40257
-0.36344
-0.32430
-0.28516
-0.24601
-0.20685
-0.16769
-0.12852
-0.08934
-0.05016
-0.01097
0.02823
0.06743
0.10664
0.14585
0.18508
0.22430
0.26354
0.30278
0.34203
0.38129
0.42055
0.45982
0.49909
0.53838
0.57767
0.61696
0.65626
0.69557
0.73489
0.77421
0.81354
0.85287
0.89222
0.93157
0.97092
1.01028
1.04965
1.08903
1.12841
1.16780
1.20719
1.24660
1.28601
1.32542
1.36484
1.40427
1.44371
1.48315
1.52260
1.56206
1.60152
1.64099
1.68046
1.71995
1.75943
1.79893
1.83843
1.87794
1.91746
1.95698
1.99651
2.03605
2.07559
2.11514
2.15470
2.19426
2.23383
2.27341
2.31299
2.35258
2.39218
2.43178
2.47139
2.51101
2.55063
2.59026
2.62990
2.66954
2.70920
2.74885
2.78852
2.82819
2.86787
2.90755
2.94724
2.98694
3.02665
3.06636
3.10608
3.14580
3.18553
3.22527
3.26502
3.30477
3.34453
3.38430
3.42407
3.46385
3.50364
3.54343
3.58323
3.62304
3.66285
3.70267
3.74250
3.78233
3.82217
3.86202
3.90188
3.94174
3.98161
4.02148
4.06136
4.10125
4.14115
4.18105
4.22096
4.26087
4.30080
4.34073
4.38066
4.42061
4.46056
4.50051
4.54048
4.58045
4.62043
4.66041
4.70040
4.74040
4.78041
4.82042
4.86044
4.90046
4.94050
4.98054
5.02058
5.06063
5.10069
5.14076
5.18084
5.22092
5.26100
5.30110
5.34120
5.38131
5.42142
5.46155
5.50168
5.54181
5.58195
5.62210
5.66226
5.70242
5.74259
5.78277
5.82296
5.86315
5.90335
5.94355
5.98376
6.02398
6.06421
6.10444
6.14468
6.18493
6.22518
6.26544
6.30571
6.34598
6.38626
6.42655
6.46685
6.50715
6.54746
6.58778
6.62810
6.66843
6.70877
6.74911
6.78946
6.82982
6.87019
6.91056
6.95094
6.99132
7.03171
7.07211
7.11252
7.15294
7.19336
7.23378
7.27422
7.31466
7.35511
7.39557
7.43603
7.47650
7.51698
7.55746
7.59795
7.63845
7.67895
7.71946
7.75998
7.80051
7.84104
7.88158
7.92213
7.96268
8.00324
8.04381
8.08439
8.12497
8.16556
8.20616
8.24676
8.28737
8.32799
8.36861
8.40924
8.44988
8.49053
8.53118
8.57184
8.61251
8.65318
8.69386
8.73455
8.77525
8.81595
8.85666
8.89737
8.93810
8.97883
9.01957
9.06031
9.10106
9.14182
9.18259
9.22336
9.26414
9.30493
9.34572
9.38652
9.42733
9.46815
9.50897
9.54980
9.59064
9.63148
9.67233
9.71319
9.75406
9.79493
9.83581
9.87670
9.91759
9.95849
9.99940
10.04032
10.08124
10.12217
10.16311
10.20405
10.24500
10.28596
10.32693
10.36790
10.40888
10.44987
10.49086
10.53186
10.57287
10.61389
10.65491
10.69594
10.73698
10.77802
10.81907
10.86013
10.90120
10.94227
10.98335
11.02444
11.06554
11.10664
11.14775
11.18886
11.22999
11.27112
11.31226
11.35340
11.39455
11.43571
11.47688
11.51806
11.55924
11.60043
11.64162
11.68282
11.72404
11.76525
11.80648
11.84771
11.88895
11.93020
11.97145
12.01271
12.05398
12.09525
12.13654
12.17783
12.21912
12.26043
12.30174
12.34306
12.38439
12.42572
12.46706
12.50841
12.54977
12.59113
12.63250
12.67388
12.71526
12.75665
12.79805
12.83946
12.88087
12.92229
12.96372
13.00516
13.04660
13.08805
13.12951
13.17097
13.21245
13.25393
13.29541
13.33691
13.37841
13.41992
13.46143
13.50296
13.54449
13.58603
13.62757
13.66912
13.71069
13.75225
13.79383
13.83541
13.87700
13.91860
13.96020
14.00181
14.04343
14.08506
14.12669
14.16833
14.20998
14.25164
14.29330
14.33497
14.37665
14.41834
14.46003
14.50173
14.54344
14.58515
14.62687
14.66860
14.71034
14.75209
14.79384
14.83560
14.87736
14.91914
14.96092
15.00271
15.04451
15.08631
15.12812
15.16994
15.21177
15.25360
15.29544
15.33729
15.37914
15.42101
15.46288
15.50476
15.54664
15.58854
15.63044
15.67234
15.71426
15.75618
15.79811
15.84005
15.88200
15.92395
15.96591
16.00788
16.04985
16.09184
16.13383
16.17582
16.21783
16.25984
16.30186
16.34389
16.38592
16.42797
16.47002
16.51207
16.55414
16.59621
16.63829
16.68038
16.72247
16.76458
16.80669
16.84880
16.89093
16.93306
16.97520
17.01735
17.05951
17.10167
17.14384
17.18602
17.22820
17.27040
17.31260
17.35480
17.39702
17.43924
17.48147
17.52371
17.56596
17.60821
17.65047
17.69274
17.73502
17.77730
17.81959
17.86189
17.90420
17.94651
17.98883
18.03116
18.07350
18.11584
18.15819
18.20055
18.24292
18.28530
18.32768
18.37007
18.41247
18.45487
18.49728
18.53970
18.58213
18.62457
18.66701
18.70946
18.75192
18.79439
18.83686
18.87934
18.92183
18.96433
19.00683
19.04934
19.09186
19.13439
19.17692
19.21947
19.26202
19.30457
19.34714
19.38971
19.43229
19.47488
19.51748
19.56008
19.60269
19.64531
19.68794
19.73057
19.77322
19.81587
19.85852
19.90119
19.94386
19.98654
20.02923
20.07193
20.11463
20.15734
20.20006
20.24279
20.28552
20.32827
20.37102
20.41377
20.45654
20.49931
20.54209
20.58488
20.62768
20.67048
20.71329
20.75611
20.79894
20.84178
20.88462
20.92747
20.97033
21.01319
21.05607
21.09895
21.14184
21.18474
21.22764
21.27055
21.31347
21.35640
21.39934
21.44228
21.48523
21.52819
21.57116
21.61414
21.65712
21.70011
21.74311
21.78611
21.82913
21.87215
21.91518
21.95822
22.00126
22.04432
22.08738
22.13044
22.17352
22.21661
22.25970
22.30280
22.34591
22.38902
22.43214
22.47528
22.51841
22.56156
22.60472
22.64788
22.69105
22.73423
22.77741
22.82061
22.86381
22.90702
22.95024
22.99346
23.03670
23.07994
23.12319
23.16645
23.20971
23.25298
23.29626
23.33955
23.38285
23.42615
23.46947
23.51279
23.55611
23.59945
23.64279
23.68615
23.72951
23.77287
23.81625
23.85963
23.90302
23.94642
23.98983
24.03325
24.07667
24.12010
24.16354
24.20699
24.25044
24.29391
24.33738
24.38086
24.42434
24.46784
24.51134
24.55485
24.59837
24.64190
24.68543
24.72897
24.77252
24.81608
24.85965
24.90322
24.94681
24.99040
25.03399
25.07760
25.12122
25.16484
25.20847
25.25211
25.29575
25.33941
25.38307
25.42674
25.47042
25.51411
25.55780
25.60150
25.64521
25.68893
25.73266
25.77639
25.82014
25.86389
25.90765
25.95141
25.99519
26.03897
26.08276
26.12656
26.17037
26.21418
26.25801
26.30184
26.34568
26.38952
26.43338
26.47724
26.52112
26.56500
26.60888
26.65278
26.69668
26.74060
26.78452
26.82844
26.87238
26.91632
26.96028
27.00424
27.04821
27.09218
27.13617
27.18016
27.22416
27.26817
27.31219
27.35622
27.40025
27.44429
27.48834
27.53240
27.57647
27.62054
27.66463
27.70872
27.75281
27.79692
27.84104
27.88516
27.92929
27.97343
28.01758
28.06174
28.10590
28.15007
28.19425
28.23844
28.28264
28.32685
28.37106
28.41528
28.45951
28.50375
28.54800
28.59225
28.63651
28.68078
28.72506
28.76935
28.81365
28.85795
28.90226
28.94658
28.99091
29.03525
29.07959
29.12395
29.16831
29.21268
29.25705
29.30144
29.34584
29.39024
29.43465
29.47907
29.52350
29.56793
29.61238
29.65683
29.70129
29.74576
29.79023
29.83472
29.87921
29.92371
29.96823
30.01274
30.05727
30.10181
30.14635
30.19090
30.23546
30.28003
30.32461
30.36919
30.41378
30.45839
30.50300
30.54761
30.59224
30.63687
30.68152
30.72617
30.77083
30.81550
30.86017
30.90486
30.94955
30.99425
31.03896
31.08368
31.12841
31.17314
31.21789
31.26264
31.30740
31.35217
31.39695
31.44173
31.48652
31.53133
31.57614
31.62096
31.66578
31.71062
31.75546
31.80032
31.84518
31.89005
31.93492
31.97981
32.02470
32.06961
32.11452
32.15944
32.20437
32.24930
32.29425
32.33920
32.38416
32.42913
32.47411
32.51910
32.56410
32.60910
32.65411
32.69913
32.74416
32.78920
32.83425
32.87930
32.92437
32.96944
33.01452
33.05961
33.10471
33.14981
33.19493
33.24005
33.28518
33.33032
33.37547
33.42062
33.46579
33.51096
33.55615
33.60134
33.64654
33.69174
33.73696
33.78219
33.82742
33.87266
33.91791
33.96317
34.00844
34.05371
34.09900
34.14429
34.18959
34.23491
34.28022
34.32555
34.37089
34.41623
34.46159
34.50695
34.55232
34.59770
34.64308
34.68848
34.73388
34.77930
34.82472
34.87015
34.91559
34.96104
35.00649
35.05196
35.09743
35.14291
35.18840
35.23390
35.27941
35.32493
35.37045
35.41599
35.46153
35.50708
35.55264
35.59821
35.64379
35.68937
35.73497
35.78057
35.82618
35.87180
35.91743
35.96307
36.00871
36.05437
36.10003
36.14570
36.19139
36.23708
36.28277
36.32848
36.37420
36.41992
36.46565
36.51140
36.55715
36.60291
36.64867
36.69445
36.74024
36.78603
36.83183
36.87764
36.92346
36.96929
37.01513
37.06098
37.10683
37.15270
37.19857
37.24445
37.29034
37.33624
37.38215
37.42806
37.47399
37.51992
37.56587
37.61182
37.65778
37.70375
37.74972
37.79571
37.84171
37.88771
37.93372
37.97974
38.02578
38.07181
38.11786
38.16392
38.20999
38.25606
38.30214
38.34824
38.39434
38.44045
38.48657
38.53269
38.57883
38.62497
38.67113
38.71729
38.76346
38.80964
38.85583
38.90203
38.94824
38.99445
39.04068
39.08691
39.13316
39.17941
39.22567
39.27194
39.31821
39.36450
39.41080
39.45710
39.50342
39.54974
39.59607
39.64241
39.68876
39.73512
39.78148
39.82786
39.87424
39.92064
39.96704
40.01345
40.05987
40.10630
40.15274
40.19919
40.24565
40.29211
40.33858
40.38507
40.43156
40.47806
40.52457
40.57109
40.61762
40.66416
40.71070
40.75726
40.80382
40.85039
40.89697
40.94357
40.99017
41.03677
41.08339
41.13002
41.17665
41.22330
41.26995
41.31662
41.36329
41.40997
41.45666
41.50336
41.55006
41.59678
41.64351
41.69024
41.73699
41.78374
41.83050
41.87727
41.92405
41.97084
42.01764
42.06445
42.11126
42.15809
42.20493
42.25177
42.29862
42.34548
42.39235
42.43923
42.48612
42.53302
42.57993
42.62685
42.67377
42.72071
42.76765
42.81460
42.86156
42.90853
42.95552
43.00250
43.04950
43.09651
43.14353
43.19055
43.23759
43.28463
43.33168
43.37875
43.42582
43.47290
43.51999
43.56709
43.61420
43.66131
43.70844
43.75558
43.80272
43.84988
43.89704
43.94421
43.99139
44.03858
44.08578
44.13299
44.18021
44.22744
44.27468
44.32192
44.36918
44.41644
44.46371
44.51100
44.55829
44.60559
44.65290
44.70022
44.74755
44.79489
44.84224
44.88959
44.93696
44.98433
45.03172
45.07911
45.12652
45.17393
45.22135
45.26878
45.31622
45.36367
45.41113
45.45860
45.50607
45.55356
45.60106
45.64856
45.69608
45.74360
45.79113
45.83868
45.88623
45.93379
45.98136
46.02894
46.07653
46.12413
46.17174
46.21935
46.26698
46.31461
46.36226
46.40991
46.45758
46.50525
46.55293
46.60063
46.64833
46.69604
46.74376
46.79149
46.83923
46.88697
46.93473
46.98250
47.03028
47.07806
47.12586
47.17366
47.22147
47.26930
47.31713
47.36497
47.41282
47.46069
47.50856
47.55644
47.60433
47.65222
47.70013
47.74805
47.79598
47.84391
47.89186
47.93982
47.98778
48.03576
48.08374
48.13173
48.17974
48.22775
48.27577
48.32380
48.37184
48.41989
48.46795
48.51602
48.56410
48.61219
48.66029
48.70839
48.75651
48.80464
48.85277
48.90092
48.94907
48.99724
49.04541
49.09359
49.14179
49.18999
49.23820
49.28642
49.33465
49.38290
49.43115
49.47941
49.52768
49.57595
49.62424
49.67254
49.72085
49.76917
49.81749
49.86583
49.91418
49.96253
50.01090
50.05927
50.10766
50.15605
50.20445
50.25287
50.30129
50.34972
50.39817
50.44662
50.49508
50.54355
50.59203
50.64052
50.68902
50.73753
50.78605
50.83458
50.88312
50.93167
50.98022
51.02879
51.07737
51.12596
51.17455
51.22316
51.27178
51.32040
51.36904
51.41768
51.46634
51.51500
51.56368
51.61236
51.66105
51.70976
51.75847
51.80719
51.85593
51.90467
51.95342
52.00218
52.05096
52.09974
52.14853
52.19733
52.24614
52.29496
52.34379
52.39263
52.44148
52.49034
52.53921
52.58809
52.63698
52.68587
52.73478
52.78370
52.83263
52.88157
52.93051
52.97947
53.02844
53.07742
53.12640
53.17540
53.22441
53.27342
53.32245
53.37149
53.42053
53.46959
53.51865
53.56773
53.61681
53.66591
53.71501
53.76413
53.81325
53.86239
53.91153
53.96069
54.00985
54.05902
54.10821
54.15740
54.20661
54.25582
54.30504
54.35428
54.40352
54.45277
54.50204
54.55131
54.60059
54.64989
54.69919
54.74850
54.79783
54.84716
54.89650
54.94585
54.99522
55.04459
55.09397
55.14336
55.19277
55.24218
55.29160
55.34103
55.39048
55.43993
55.48939
55.53886
55.58835
55.63784
55.68734
55.73685
55.78638
55.83591
55.88545
55.93500
55.98456
56.03414
56.08372
56.13331
56.18291
56.23253
56.28215
56.33178
56.38143
56.43108
56.48074
56.53041
56.58010
56.62979
56.67949
56.72921
56.77893
56.82866
56.87841
56.92816
56.97792
57.02770
57.07748
57.12728
57.17708
57.22689
57.27672
57.32655
57.37640
57.42625
57.47612
57.52599
57.57588
57.62577
57.67568
57.72559
57.77552
57.82545
57.87540
57.92536
57.97532
58.02530
58.07529
58.12528
58.17529
58.22531
58.27533
58.32537
58.37542
58.42548
58.47555
58.52563
58.57571
58.62581
58.67592
58.72604
58.77617
58.82631
58.87646
58.92662
58.97679
59.02697
59.07716
59.12736
59.17758
59.22780
59.27803
59.32827
59.37853
59.42879
59.47906
59.52935
59.57964
59.62994
59.68026
59.73058
59.78092
59.83126
59.88162
59.93198
59.98236
60.03275
60.08314
60.13355
60.18397
60.23440
60.28483
60.33528
60.38574
60.43621
60.48669
60.53718
60.58768
60.63819
60.68871
60.73924
60.78979
60.84034
60.89090
60.94147
60.99206
61.04265
61.09325
61.14387
61.19449
61.24513
61.29577
61.34643
61.39710
61.44777
61.49846
61.54916
61.59987
61.65059
61.70132
61.75206
61.80281
61.85357
61.90434
61.95512
62.00591
62.05671
62.10753
62.15835
62.20918
62.26003
62.31088
62.36175
62.41262
62.46351
62.51441
62.56532
62.61623
62.66716
62.71810
62.76905
62.82001
62.87098
62.92196
62.97295
63.02396
63.07497
63.12599
63.17703
63.22807
63.27913
63.33019
63.38127
63.43235
63.48345
63.53456
63.58568
63.63681
63.68794
63.73910
63.79026
63.84143
63.89261
63.94380
63.99501
64.04622
64.09744
64.14868
64.19992
64.25118
64.30245
64.35373
64.40501
64.45631
64.50762
64.55894
64.61027
64.66162
64.71297
64.76433
64.81571
64.86709
64.91848
64.96989
65.02131
65.07273
65.12417
65.17562
65.22708
65.27855
65.33003
65.38152
65.43302
65.48454
65.53606
65.58760
65.63914
65.69070
65.74226
65.79384
65.84543
65.89703
65.94864
66.00026
66.05189
66.10353
66.15518
66.20685
66.25852
66.31021
66.36190
66.41361
66.46533
66.51706
66.56880
66.62055
66.67231
66.72408
66.77586
66.82765
66.87946
66.93127
66.98310
67.03494
67.08678
67.13864
67.19051
67.24239
67.29428
67.34618
67.39810
67.45002
67.50196
67.55390
67.60586
67.65783
67.70980
67.76179
67.81379
67.86580
67.91783
67.96986
68.02190
68.07396
68.12602
68.17810
68.23019
68.28229
68.33439
68.38651
68.43865
68.49079
68.54294
68.59511
68.64728
68.69947
68.75166
68.80387
68.85609
68.90832
68.96056
69.01282
69.06508
69.11735
69.16964
69.22193
69.27424
69.32656
69.37889
69.43123
69.48358
69.53594
69.58832
69.64070
69.69310
69.74550
69.79792
69.85035
69.90279
69.95524
70.00770
70.06018
70.11266
70.16516
70.21766
70.27018
70.32271
70.37525
70.42780
70.48036
70.53293
70.58552
70.63811
70.69072
70.74334
70.79597
70.84861
70.90126
70.95392
71.00659
71.05928
71.11197
71.16468
71.21740
71.27013
71.32287
71.37562
71.42838
71.48116
71.53394
71.58674
71.63955
71.69237
71.74520
71.79804
71.85089
71.90376
71.95663
72.00952
72.06241
72.11532
72.16824
72.22118
72.27412
72.32707
72.38004
72.43301
72.48600
72.53900
72.59201
72.64503
72.69807
72.75111
72.80417
72.85723
72.91031
72.96340
73.01650
73.06961
73.12274
73.17587
73.22902
73.28217
73.33534
73.38852
73.44172
73.49492
73.54813
73.60136
73.65460
73.70784
73.76110
73.81438
73.86766
73.92095
73.97426
74.02757
74.08090
74.13424
74.18759
74.24096
74.29433
74.34771
74.40111
74.45452
74.50794
74.56137
74.61481
74.66827
74.72173
74.77521
74.82870
74.88220
74.93571
74.98923
75.04277
75.09631
75.14987
75.20344
75.25702
75.31061
75.36421
75.41783
75.47146
75.52509
75.57874
75.63240
75.68608
75.73976
75.79346
75.84716
75.90088
75.95461
76.00835
76.06211
76.11587
76.16965
76.22344
76.27724
76.33105
76.38487
76.43871
76.49255
76.54641
76.60028
76.65416
76.70805
76.76196
76.81587
76.86980
76.92374
76.97769
77.03165
77.08563
77.13962
77.19361
77.24762
77.30164
77.35567
77.40972
77.46377
77.51784
77.57192
77.62601
77.68012
77.73423
77.78836
77.84249
77.89664
77.95080
78.00498
78.05916
78.11336
78.16757
78.22179
78.27602
78.33026
78.38452
78.43878
78.49306
78.54735
78.60166
78.65597
78.71030
78.76463
78.81898
78.87335
78.92772
78.98210
79.03650
79.09091
79.14533
79.19976
79.25421
79.30866
79.36313
79.41761
79.47210
79.52660
79.58112
79.63565
79.69019
79.74474
79.79930
79.85387
79.90846
79.96306
80.01767
80.07229
80.12693
80.18157
80.23623
80.29090
80.34558
80.40027
80.45498
80.50970
80.56443
80.61917
80.67392
80.72869
80.78346
80.83825
80.89306
80.94787
81.00269
81.05753
81.11238
81.16724
81.22212
81.27700
81.33190
81.38681
81.44173
81.49666
81.55161
81.60656
81.66153
81.71652
81.77151
81.82651
81.88153
81.93656
81.99160
82.04666
82.10172
82.15680
82.21189
82.26699
82.32211
82.37723
82.43237
82.48752
82.54269
82.59786
82.65305
82.70825
82.76346
82.81868
82.87392
82.92916
82.98442
83.03970
83.09498
83.15028
83.20559
83.26091
83.31624
83.37158
83.42694
83.48231
83.53769
83.59309
83.64849
83.70391
83.75934
83.81478
83.87024
83.92570
83.98118
84.03667
84.09218
84.14770
84.20322
84.25876
84.31432
84.36988
84.42546
84.48105
84.53665
84.59226
84.64789
84.70353
84.75918
84.81484
84.87052
84.92621
84.98191
85.03762
85.09335
85.14908
85.20483
85.26060
85.31637
85.37216
85.42796
85.48377
85.53959
85.59543
85.65128
85.70714
85.76301
85.81890
85.87480
85.93071
85.98663
86.04256
86.09851
86.15447
86.21045
86.26643
86.32243
86.37844
86.43446
86.49050
86.54654
86.60260
86.65868
86.71476
86.77086
86.82697
86.88309
86.93922
86.99537
87.05153
87.10770
87.16389
87.22009
87.27630
87.33252
87.38875
87.44500
87.50126
87.55753
87.61382
87.67012
87.72643
87.78275
87.83908
87.89543
87.95179
88.00817
88.06455
88.12095
88.17736
88.23378
88.29022
88.34667
88.40313
88.45960
88.51609
88.57259
88.62910
88.68563
88.74216
88.79871
88.85527
88.91185
88.96844
89.02504
89.08165
89.13828
89.19492
89.25157
89.30823
89.36491
89.42160
89.47830
89.53501
89.59174
89.64848
89.70524
89.76200
89.81878
89.87557
89.93237
89.98919
90.04602
90.10286
90.15972
90.21659
90.27347
90.33036
90.38727
90.44419
90.50112
90.55806
90.61502
90.67199
90.72897
90.78597
90.84298
90.90000
90.95703
91.01408
91.07114
91.12822
91.18530
91.24240
91.29951
91.35664
91.41377
91.47092
91.52809
91.58526
91.64245
91.69966
91.75687
91.81410
91.87134
91.92859
91.98586
92.04314
92.10043
92.15774
92.21506
92.27239
92.32973
92.38709
92.44446
92.50184
92.55924
92.61665
92.67407
92.73151
92.78896
92.84642
92.90389
92.96138
93.01888
93.07639
93.13392
93.19146
93.24901
93.30658
93.36416
93.42175
93.47935
93.53697
93.59460
93.65225
93.70991
93.76758
93.82526
93.88296
93.94067
93.99839
94.05612
94.11387
94.17164
94.22941
94.28720
94.34500
94.40282
94.46065
94.51849
94.57634
94.63421
94.69209
94.74998
94.80789
94.86581
94.92375
94.98169
95.03965
95.09763
95.15561
95.21361
95.27163
95.32965
95.38769
95.44574
95.50381
95.56189
95.61998
95.67809
95.73621
95.79434
95.85249
95.91064
95.96882
96.02700
96.08520
96.14341
96.20164
96.25988
96.31813
96.37640
96.43468
96.49297
96.55127
96.60959
96.66793
96.72627
96.78463
96.84300
96.90139
96.95979
97.01820
97.07663
97.13507
97.19352
97.25199
97.31047
97.36896
97.42747
97.48599
97.54452
97.60307
97.66163
97.72020
97.77879
97.83739
97.89601
97.95464
98.01328
98.07193
98.13060
98.18928
98.24798
98.30669
98.36541
98.42415
98.48290
98.54166
98.60044
98.65923
98.71803
98.77685
98.83568
98.89452
98.95338
99.01225
99.07114
99.13004
99.18895
99.24788
99.30682
99.36577
99.42474
99.48372
99.54271
99.60172
99.66074
99.71978
99.77883
99.83789
99.89697
99.95606
100.01516
100.07428
100.13341
100.19255
100.25171
100.31088
100.37007
100.42927
100.48848
100.54771
100.60695
100.66620
100.72547
100.78476
100.84405
100.90336
100.96268
101.02202
101.08137
101.14074
101.20012
101.25951
101.31891
101.37833
101.43777
101.49722
101.55668
101.61615
101.67564
101.73515
101.79466
101.85419
101.91374
101.97330
102.03287
102.09245
102.15205
102.21167
102.27130
102.33094
102.39059
102.45026
102.50995
102.56965
102.62936
102.68908
102.74882
102.80857
102.86834
102.92812
102.98792
103.04773
103.10755
103.16739
103.22724
103.28710
103.34698
103.40688
103.46678
103.52671
103.58664
103.64659
103.70655
103.76653
103.82652
103.88653
103.94655
104.00658
104.06663
104.12669
104.18677
104.24685
104.30696
104.36708
104.42721
104.48736
104.54752
104.60769
104.66788
104.72808
104.78830
104.84853
104.90878
104.96904
105.02931
105.08960
105.14990
105.21021
105.27054
105.33089
105.39125
105.45162
105.51201
105.57241
105.63283
105.69326
105.75370
105.81416
105.87463
105.93512
105.99562
106.05613
106.11666
106.17721
106.23777
106.29834
106.35893
106.41953
106.48014
106.54077
106.60142
106.66207
106.72275
106.78343
106.84413
106.90485
106.96558
107.02633
107.08708
107.14786
107.20865
107.26945
107.33026
107.39109
107.45194
107.51280
107.57367
107.63456
107.69546
107.75638
107.81731
107.87826
107.93922
108.00020
108.06119
108.12219
108.18321
108.24424
108.30529
108.36635
108.42743
108.48852
108.54962
108.61074
108.67188
108.73303
108.79419
108.85537
108.91656
108.97777
109.03899
109.10023
109.16148
109.22274
109.28402
109.34532
109.40663
109.46795
109.52929
109.59064
109.65201
109.71339
109.77479
109.83620
109.89763
109.95907
110.02053
110.08200
110.14348
110.20498
110.26650
110.32803
110.38957
110.45113
110.51270
110.57429
110.63589
110.69751
110.75914
110.82079
110.88245
110.94413
111.00582
111.06752
111.12924
111.19098
111.25273
111.31450
111.37628
111.43807
111.49988
111.56170
111.62354
111.68540
111.74727
111.80915
111.87105
111.93296
111.99489
112.05683
112.11879
112.18076
112.24275
112.30475
112.36677
112.42880
112.49085
112.55291
112.61499
112.67708
112.73919
112.80131
112.86345
112.92560
112.98777
113.04995
113.11215
113.17436
113.23658
113.29883
113.36108
113.42336
113.48564
113.54794
113.61026
113.67259
113.73494
113.79730
113.85968
113.92207
113.98448
114.04690
114.10934
114.17179
114.23426
114.29674
114.35924
114.42175
114.48428
114.54682
114.60938
114.67195
114.73454
114.79715
114.85976
114.92240
114.98505
115.04771
115.11039
115.17309
115.23580
115.29852
115.36126
115.42402
115.48679
115.54957
115.61237
115.67519
115.73802
115.80087
115.86373
115.92661
115.98950
116.05241
116.11533
116.17827
116.24123
116.30419
116.36718
116.43018
116.49319
116.55622
116.61927
116.68233
116.74541
116.80850
116.87161
116.93473
116.99787
117.06102
117.12419
117.18737
117.25057
117.31379
117.37702
117.44027
117.50353
117.56680
117.63010
117.69340
117.75673
117.82007
117.88342
117.94679
118.01018
118.07358
118.13699
118.20042
118.26387
118.32733
118.39081
118.45431
118.51782
118.58134
118.64488
118.70844
118.77201
118.83560
118.89920
118.96282
119.02645
119.09010
119.15377
119.21745
119.28114
119.34485
119.40858
119.47232
119.53608
119.59986
119.66365
119.72745
119.79128
119.85511
119.91897
119.98283
120.04672
120.11062
120.17454
120.23847
120.30241
120.36638
120.43036
120.49435
120.55836
120.62239
120.68643
120.75049
120.81456
120.87865
120.94275
121.00687
121.07101
121.13516
121.19933
121.26351
121.32771
121.39193
121.45616
121.52041
121.58467
121.64895
121.71325
121.77756
121.84188
121.90623
121.97059
122.03496
122.09935
122.16376
122.22818
122.29262
122.35707
122.42154
122.48603
122.55053
122.61505
122.67958
122.74413
122.80870
122.87328
122.93788
123.00249
123.06712
123.13177
123.19643
123.26111
123.32580
123.39051
123.45524
123.51998
123.58474
123.64952
123.71431
123.77911
123.84394
123.90878
123.97363
124.03850
124.10339
124.16829
124.23321
124.29815
124.36310
124.42807
124.49306
124.55806
124.62307
124.68811
124.75316
124.81822
124.88330
124.94840
125.01352
125.07865
125.14379
125.20896
125.27414
125.33933
125.40454
125.46977
125.53502
125.60028
125.66555
125.73085
125.79616
125.86148
125.92682
125.99218
126.05756
126.12295
126.18836
126.25378
126.31922
126.38468
126.45015
126.51564
126.58115
126.64667
126.71221
126.77777
126.84334
126.90893
126.97453
127.04015
127.10579
127.17144
127.23712
127.30280
127.36851
127.43423
127.49996
127.56572
127.63149
127.69727
127.76308
127.82890
127.89473
127.96058
128.02645
128.09234
128.15824
128.22416
128.29010
128.35605
128.42202
128.48800
128.55400
128.62002
128.68606
128.75211
128.81818
128.88426
128.95037
129.01649
129.08262
129.14877
129.21494
129.28113
129.34733
129.41355
129.47978
129.54604
129.61231
129.67859
129.74489
129.81121
129.87755
129.94390
130.01027
130.07666
130.14306
130.20948
130.27592
130.34237
130.40885
130.47533
130.54184
130.60836
130.67490
130.74145
130.80802
130.87461
130.94122
131.00784
131.07448
131.14114
131.20781
131.27450
131.34121
131.40793
131.47468
131.54143
131.60821
131.67500
131.74181
131.80864
131.87548
131.94234
132.00922
132.07611
132.14302
132.20995
132.27690
132.34386
132.41084
132.47784
132.54485
132.61188
132.67893
132.74600
132.81308
132.88018
132.94729
133.01443
133.08158
133.14875
133.21593
133.28313
133.35035
133.41759
133.48484
133.55211
133.61940
133.68671
133.75403
133.82137
133.88873
133.95610
134.02349
134.09090
134.15833
134.22577
134.29323
134.36071
134.42821
134.49572
134.56325
134.63080
134.69836
134.76595
134.83354
134.90116
134.96880
135.03645
135.10412
135.17180
135.23951
135.30723
135.37497
135.44272
135.51050
135.57829
135.64609
135.71392
135.78176
135.84962
135.91750
135.98540
136.05331
136.12124
136.18919
136.25716
136.32514
136.39314
136.46116
136.52919
136.59725
136.66532
136.73341
136.80151
136.86964
136.93778
137.00594
137.07411
137.14231
137.21052
137.27875
137.34700
137.41526
137.48354
137.55184
137.62016
137.68850
137.75685
137.82522
137.89361
137.96202
138.03044
138.09888
138.16734
138.23582
138.30431
138.37283
138.44136
138.50990
138.57847
138.64705
138.71566
138.78428
138.85291
138.92157
138.99024
139.05893
139.12764
139.19637
139.26511
139.33388
139.40266
139.47145
139.54027
139.60910
139.67796
139.74683
139.81571
139.88462
139.95354
140.02248
140.09144
140.16042
140.22942
140.29843
140.36746
140.43651
140.50558
140.57467
140.64377
140.71289
140.78203
140.85119
140.92037
140.98956
141.05877
141.12800
141.19725
141.26652
141.33580
141.40510
141.47443
141.54376
141.61312
141.68250
141.75189
141.82130
141.89073
141.96018
142.02965
142.09913
142.16863
142.23816
142.30769
142.37725
142.44683
142.51642
142.58603
142.65566
142.72531
142.79498
142.86467
142.93437
143.00409
143.07383
143.14359
143.21337
143.28316
143.35298
143.42281
143.49266
143.56253
143.63242
143.70232
143.77225
143.84219
143.91215
143.98213
144.05213
144.12215
144.19218
144.26224
144.33231
144.40240
144.47251
144.54263
144.61278
144.68295
144.75313
144.82333
144.89355
144.96379
145.03405
145.10432
145.17462
145.24493
145.31526
145.38561
145.45598
145.52637
145.59678
145.66720
145.73764
145.80811
145.87859
145.94909
146.01961
146.09014
146.16070
146.23127
146.30187
146.37248
146.44311
146.51376
146.58443
146.65511
146.72582
146.79654
146.86729
146.93805
147.00883
147.07963
147.15045
147.22129
147.29214
147.36302
147.43391
147.50483
147.57576
147.64671
147.71768
147.78867
147.85968
147.93070
148.00175
148.07281
148.14390
148.21500
148.28612
148.35726
148.42842
148.49960
148.57080
148.64201
148.71325
148.78450
148.85578
148.92707
148.99838
149.06971
149.14106
149.21243
149.28382
149.35523
149.42665
149.49810
149.56956
149.64105
149.71255
149.78407
149.85561
149.92717
149.99875
150.07035
150.14197
150.21361
150.28526
150.35694
150.42863
150.50035
150.57208
150.64384
150.71561
150.78740
150.85921
150.93104
151.00289
151.07476
151.14665
151.21855
151.29048
151.36243
151.43439
151.50638
151.57838
151.65041
151.72245
151.79451
151.86659
151.93870
152.01082
152.08296
152.15512
152.22730
152.29950
152.37171
152.44395
152.51621
152.58849
152.66078
152.73310
152.80543
152.87779
152.95016
153.02256
153.09497
153.16741
153.23986
153.31233
153.38483
153.45734
153.52987
153.60242
153.67499
153.74758
153.82019
153.89282
153.96547
154.03814
154.11083
154.18354
154.25627
154.32902
154.40179
154.47458
154.54738
154.62021
154.69306
154.76593
154.83881
154.91172
154.98465
155.05759
155.13056
155.20355
155.27655
155.34958
155.42262
155.49569
155.56878
155.64188
155.71501
155.78815
155.86132
155.93451
156.00771
156.08094
156.15418
156.22745
156.30073
156.37404
156.44736
156.52071
156.59408
156.66746
156.74087
156.81429
156.88774
156.96121
157.03469
157.10820
157.18173
157.25527
157.32884
157.40243
157.47603
157.54966
157.62331
157.69698
157.77066
157.84437
157.91810
157.99185
158.06562
158.13941
158.21322
158.28705
158.36090
158.43477
158.50866
158.58257
158.65650
158.73045
158.80442
158.87842
158.95243
159.02646
159.10052
159.17459
159.24868
159.32280
159.39693
159.47109
159.54527
159.61946
159.69368
159.76792
159.84217
159.91645
159.99075
160.06507
160.13941
160.21377
160.28815
160.36255
160.43698
160.51142
160.58588
160.66037
160.73487
160.80940
160.88394
160.95851
161.03310
161.10770
161.18233
161.25698
161.33165
161.40634
161.48105
161.55578
161.63054
161.70531
161.78010
161.85492
161.92975
162.00461
162.07949
162.15439
162.22930
162.30424
162.37920
162.45419
162.52919
162.60421
162.67925
162.75432
162.82941
162.90451
162.97964
163.05479
163.12996
163.20515
163.28036
163.35559
163.43084
163.50612
163.58141
163.65673
163.73207
163.80742
163.88280
163.95820
164.03363
164.10907
164.18453
164.26002
164.33552
164.41105
164.48660
164.56217
164.63776
164.71337
164.78900
164.86465
164.94033
165.01602
165.09174
165.16748
165.24324
165.31902
165.39482
165.47065
165.54649
165.62236
165.69825
165.77415
165.85008
165.92603
166.00201
166.07800
166.15402
166.23005
166.30611
166.38219
166.45829
166.53441
166.61056
166.68672
166.76291
166.83912
166.91535
166.99160
167.06787
167.14416
167.22048
167.29681
167.37317
167.44955
167.52595
167.60238
167.67882
167.75529
167.83178
167.90829
167.98482
168.06137
168.13794
168.21454
168.29116
168.36780
168.44446
168.52114
168.59784
168.67457
168.75132
168.82809
168.90488
168.98169
169.05852
169.13538
169.21226
169.28916
169.36608
169.44302
169.51999
169.59698
169.67399
169.75102
169.82807
169.90514
169.98224
170.05936
170.13650
170.21366
170.29085
170.36805
170.44528
170.52253
170.59980
170.67710
170.75441
170.83175
170.90911
170.98649
171.06390
171.14132
171.21877
171.29624
171.37373
171.45125
171.52879
171.60634
171.68393
171.76153
171.83915
171.91680
171.99447
172.07216
172.14988
172.22761
172.30537
172.38315
172.46096
172.53878
172.61663
172.69450
172.77239
172.85030
172.92824
173.00620
173.08418
173.16219
173.24021
173.31826
173.39633
173.47442
173.55254
173.63068
173.70884
173.78702
173.86523
173.94345
174.02170
174.09998
174.17827
174.25659
174.33493
174.41329
174.49168
174.57009
174.64852
174.72697
174.80545
174.88394
174.96247
175.04101
175.11958
175.19816
175.27678
175.35541
175.43407
175.51275
175.59145
175.67017
175.74892
175.82769
175.90648
175.98530
176.06414
176.14300
176.22188
176.30079
176.37972
176.45867
176.53765
176.61665
176.69567
176.77471
176.85378
176.93287
177.01198
177.09112
177.17028
177.24946
177.32866
177.40789
177.48714
177.56642
177.64571
177.72503
177.80438
177.88374
177.96313
178.04254
178.12198
178.20143
178.28092
178.36042
178.43995
178.51950
178.59907
178.67867
178.75829
178.83793
178.91760
178.99729
179.07700
179.15674
179.23650
179.31628
179.39608
179.47591
179.55577
179.63564
179.71554
179.79546
179.87541
179.95538
180.03537
180.11539
180.19543
180.27549
180.35557
180.43568
180.51582
180.59597
180.67615
180.75636
180.83658
180.91683
180.99711
181.07740
181.15772
181.23807
181.31844
181.39883
181.47924
181.55968
181.64014
181.72063
181.80114
181.88167
181.96223
182.04281
182.12342
182.20404
182.28469
182.36537
182.44607
182.52679
182.60754
182.68831
182.76910
182.84992
182.93076
183.01163
183.09252
183.17343
183.25437
183.33533
183.41631
183.49732
183.57836
183.65941
183.74049
183.82160
183.90273
183.98388
184.06505
184.14625
184.22748
184.30873
184.39000
184.47130
184.55262
184.63396
184.71533
184.79672
184.87814
184.95958
185.04105
185.12253
185.20405
185.28559
185.36715
185.44873
185.53034
185.61198
185.69364
185.77532
185.85703
185.93876
186.02051
186.10229
186.18410
186.26593
186.34778
186.42966
186.51156
186.59348
186.67543
186.75741
186.83941
186.92143
187.00348
187.08555
187.16765
187.24977
187.33192
187.41409
187.49628
187.57850
187.66075
187.74302
187.82531
187.90763
187.98997
188.07234
188.15473
188.23714
188.31958
188.40205
188.48454
188.56706
188.64960
188.73216
188.81475
188.89736
188.98000
189.06266
189.14535
189.22806
189.31080
189.39357
189.47635
189.55916
189.64200
189.72486
189.80775
189.89066
189.97360
190.05656
190.13955
190.22256
190.30559
190.38866
190.47174
190.55485
190.63799
190.72115
190.80434
190.88755
190.97079
191.05405
191.13733
191.22065
191.30398
191.38734
191.47073
191.55414
191.63758
191.72104
191.80453
191.88805
191.97158
192.05515
192.13874
192.22235
192.30599
192.38965
192.47334
192.55706
192.64080
192.72457
192.80836
192.89217
192.97602
193.05988
193.14378
193.22770
193.31164
193.39561
193.47960
193.56362
193.64767
193.73174
193.81584
193.89996
193.98411
194.06828
194.15248
194.23671
194.32096
194.40523
194.48953
194.57386
194.65821
194.74259
194.82700
194.91143
194.99588
195.08036
195.16487
195.24940
195.33396
195.41855
195.50316
195.58779
195.67245
195.75714
195.84186
195.92660
196.01136
196.09615
196.18097
196.26581
196.35068
196.43558
196.52050
196.60545
196.69042
196.77542
196.86044
196.94549
197.03057
197.11567
197.20080
197.28596
197.37114
197.45635
197.54158
197.62684
197.71213
197.79744
197.88278
197.96814
198.05353
198.13895
198.22439
198.30986
198.39536
198.48088
198.56643
198.65201
198.73761
198.82323
198.90889
198.99457
199.08028
199.16601
199.25177
199.33755
199.42337
199.50921
199.59507
199.68096
199.76688
199.85283
199.93880
200.02480
200.11082
200.19687
200.28295
200.36905
200.45519
200.54134
200.62753
200.71374
200.79998
200.88624
200.97253
201.05885
201.14520
201.23157
201.31796
201.40439
201.49084
201.57732
201.66383
201.75036
201.83692
201.92350
202.01012
202.09676
202.18342
202.27012
202.35684
202.44358
202.53036
202.61716
202.70399
202.79085
202.87773
202.96464
203.05157
203.13854
203.22553
203.31255
203.39959
203.48666
203.57376
203.66089
203.74804
203.83523
203.92243
204.00967
204.09693
204.18422
204.27154
204.35889
204.44626
204.53366
204.62108
204.70854
204.79602
204.88353
204.97106
205.05863
205.14622
205.23384
205.32148
205.40916
205.49686
205.58459
205.67234
205.76012
205.84794
205.93577
206.02364
206.11153
206.19946
206.28740
206.37538
206.46339
206.55142
206.63948
206.72756
206.81568
206.90382
206.99199
207.08019
207.16842
207.25667
207.34495
207.43326
207.52160
207.60997
207.69836
207.78678
207.87523
207.96371
208.05221
208.14074
208.22931
208.31789
208.40651
208.49516
208.58383
208.67253
208.76126
208.85002
208.93880
209.02761
209.11646
209.20533
209.29422
209.38315
209.47210
209.56109
209.65010
209.73913
209.82820
209.91730
210.00642
210.09557
210.18475
210.27396
210.36320
210.45246
210.54176
210.63108
210.72043
210.80981
210.89922
210.98865
211.07812
211.16761
211.25713
211.34668
211.43626
211.52586
211.61550
211.70516
211.79486
211.88458
211.97433
212.06411
212.15391
212.24375
212.33361
212.42351
212.51343
212.60338
212.69336
212.78337
212.87341
212.96347
213.05357
213.14369
213.23384
213.32402
213.41424
213.50447
213.59474
213.68504
213.77537
213.86572
213.95610
214.04652
214.13696
214.22743
214.31793
214.40846
214.49902
214.58961
214.68022
214.77087
214.86154
214.95225
215.04298
215.13374
215.22454
215.31536
215.40621
215.49709
215.58800
215.67893
215.76990
215.86090
215.95193
216.04298
216.13407
216.22518
216.31632
216.40750
216.49870
216.58993
216.68119
216.77249
216.86381
216.95516
217.04654
217.13795
217.22939
217.32085
217.41235
217.50388
217.59544
217.68703
217.77864
217.87029
217.96197
218.05367
218.14541
218.23717
218.32897
218.42079
218.51265
218.60454
218.69645
218.78840
218.88037
218.97237
219.06441
219.15647
219.24857
219.34069
219.43285
219.52503
219.61725
219.70949
219.80177
219.89407
219.98641
220.07877
220.17117
220.26359
220.35605
220.44853
220.54105
220.63360
220.72617
220.81878
220.91142
221.00408
221.09678
221.18951
221.28227
221.37506
221.46788
221.56073
221.65361
221.74652
221.83946
221.93243
222.02543
222.11846
222.21153
222.30462
222.39774
222.49090
222.58408
222.67730
222.77055
222.86382
222.95713
223.05047
223.14384
223.23724
223.33067
223.42413
223.51762
223.61115
223.70470
223.79829
223.89190
223.98555
224.07923
224.17293
224.26667
224.36044
224.45424
224.54808
224.64194
224.73583
224.82976
224.92372
225.01770
225.11172
225.20577
225.29985
225.39396
225.48811
225.58228
225.67649
225.77072
225.86499
225.95929
226.05362
226.14798
226.24237
226.33680
226.43125
226.52574
226.62026
226.71481
226.80939
226.90400
226.99865
227.09332
227.18803
227.28277
227.37754
227.47234
227.56717
227.66204
227.75693
227.85186
227.94682
228.04181
228.13684
228.23189
228.32698
228.42209
228.51724
228.61243
228.70764
228.80289
228.89816
228.99347
229.08881
229.18418
229.27959
229.37503
229.47049
229.56599
229.66153
229.75709
229.85269
229.94832
230.04398
230.13967
230.23539
230.33115
230.42694
230.52276
230.61862
230.71450
230.81042
230.90637
231.00235
231.09836
231.19441
231.29049
231.38660
231.48275
231.57892
231.67513
231.77137
231.86764
231.96395
232.06029
232.15666
232.25306
232.34950
232.44597
232.54247
232.63900
232.73557
232.83216
232.92880
233.02546
233.12216
233.21889
233.31565
233.41244
233.50927
233.60613
233.70302
233.79995
233.89691
233.99390
234.09092
234.18798
234.28507
234.38219
234.47935
234.57654
234.67376
234.77101
234.86830
234.96562
235.06298
235.16037
235.25779
235.35524
235.45273
235.55025
235.64780
235.74538
235.84300
235.94066
236.03834
236.13606
236.23381
236.33160
236.42942
236.52727
236.62516
236.72308
236.82103
236.91902
237.01703
237.11509
237.21318
237.31129
237.40945
237.50764
237.60586
237.70411
237.80240
237.90072
237.99908
238.09747
238.19589
238.29435
238.39284
238.49136
238.58992
238.68851
238.78714
238.88579
238.98449
239.08321
239.18198
239.28077
239.37960
239.47846
239.57736
239.67629
239.77526
239.87425
239.97329
240.07236
240.17146
240.27059
240.36976
240.46897
240.56820
240.66748
240.76678
240.86612
240.96550
241.06491
241.16435
241.26383
241.36334
241.46289
241.56247
241.66209
241.76174
241.86142
241.96114
242.06089
242.16068
242.26051
242.36036
242.46025
242.56018
242.66014
242.76014
242.86017
242.96023
243.06034
243.16047
243.26064
243.36084
243.46108
243.56136
243.66167
243.76201
243.86239
243.96280
244.06325
244.16373
244.26425
244.36481
244.46540
244.56602
244.66668
244.76737
244.86810
244.96886
245.06966
245.17050
245.27137
245.37227
245.47321
245.57419
245.67520
245.77625
245.87733
245.97844
246.07960
246.18078
246.28201
246.38326
246.48456
246.58589
246.68725
246.78865
246.89009
246.99156
247.09307
247.19461
247.29619
247.39780
247.49945
247.60114
247.70286
247.80462
247.90641
248.00824
248.11010
248.21200
248.31394
248.41591
248.51792
248.61996
248.72204
248.82416
248.92631
249.02850
249.13072
249.23298
249.33528
249.43761
249.53998
249.64238
249.74482
249.84730
249.94981
250.05236
250.15495
250.25757
250.36023
250.46292
250.56565
250.66842
250.77122
250.87406
250.97694
251.07985
251.18280
251.28579
251.38881
251.49187
251.59496
251.69810
251.80127
251.90447
252.00771
252.11099
252.21431
252.31766
252.42105
252.52448
252.62794
252.73144
252.83498
252.93855
253.04216
253.14581
253.24949
253.35321
253.45697
253.56077
253.66460
253.76847
253.87238
253.97632
254.08030
254.18432
254.28837
254.39247
254.49660
254.60076
254.70497
254.80921
254.91349
255.01780
255.12216
255.22655
255.33098
255.43544
255.53995
255.64449
255.74907
255.85368
255.95834
256.06303
256.16776
256.27252
256.37733
256.48217
256.58705
256.69197
256.79692
256.90191
257.00694
257.11201
257.21712
257.32226
257.42745
257.53267
257.63792
257.74322
257.84855
257.95393
258.05934
258.16478
258.27027
258.37580
258.48136
258.58696
258.69260
258.79828
258.90399
259.00974
259.11554
259.22137
259.32724
259.43314
259.53909
259.64507
259.75110
259.85716
259.96326
260.06939
260.17557
260.28178
260.38804
260.49433
260.60066
260.70703
260.81344
260.91989
261.02637
261.13290
261.23946
261.34606
261.45270
261.55938
261.66610
261.77286
261.87966
261.98649
262.09337
262.20028
262.30723
262.41422
262.52125
262.62832
262.73543
262.84258
262.94977
263.05700
263.16426
263.27157
263.37891
263.48630
263.59372
263.70118
263.80868
263.91622
264.02381
264.13143
264.23908
264.34678
264.45452
264.56230
264.67012
264.77798
264.88588
264.99381
265.10179
265.20981
265.31786
265.42596
265.53409
265.64227
265.75048
265.85874
265.96704
266.07537
266.18375
266.29216
266.40062
266.50911
266.61765
266.72622
266.83484
266.94349
267.05219
267.16093
267.26970
267.37852
267.48738
267.59627
267.70521
267.81419
267.92321
268.03227
268.14137
268.25051
268.35969
268.46891
268.57817
268.68747
268.79681
268.90620
269.01562
269.12508
269.23459
269.34413
269.45372
269.56335
269.67302
269.78273
269.89248
270.00227
270.11210
270.22197
270.33189
270.44184
270.55184
270.66187
270.77195
270.88207
270.99223
271.10243
271.21267
271.32296
271.43328
271.54365
271.65406
271.76450
271.87499
271.98553
272.09610
272.20671
272.31737
272.42807
272.53881
272.64959
272.76041
272.87127
272.98218
273.09312
273.20411
273.31514
273.42622
273.53733
273.64849
273.75968
273.87092
273.98220
274.09353
274.20489
274.31630
274.42775
274.53924
274.65077
274.76235
274.87397
274.98562
275.09733
275.20907
275.32086
275.43268
275.54455
275.65647
275.76842
275.88042
275.99246
276.10454
276.21667
276.32884
276.44105
276.55330
276.66559
276.77793
276.89031
277.00273
277.11520
277.22771
277.34026
277.45285
277.56549
277.67817
277.79089
277.90365
278.01646
278.12931
278.24221
278.35514
278.46812
278.58115
278.69421
278.80732
278.92047
279.03367
279.14691
279.26019
279.37351
279.48688
279.60029
279.71375
