7.41224
7.41055
7.40791
7.40519
7.40245
7.39972
7.39698
7.39425
7.39151
7.38878
7.38604
7.38331
7.38057
7.37783
7.37510
7.37236
7.36963
7.36689
7.36415
7.36141
7.35868
7.35594
7.35320
7.35046
7.34772
7.34499
7.34225
7.33951
7.33677
7.33403
7.33129
7.32855
7.32581
7.32307
7.32033
7.31759
7.31485
7.31211
7.30937
7.30663
7.30389
7.30114
7.29840
7.29566
7.29292
7.29018
7.28743
7.28469
7.28195
7.27920
7.27646
7.27372
7.27097
7.26823
7.26549
7.26274
7.26000
7.25725
7.25451
7.25176
7.24902
7.24627
7.24352
7.24078
7.23803
7.23529
7.23254
7.22979
7.22705
7.22430
7.22155
7.21880
7.21606
7.21331
7.21056
7.20781
7.20506
7.20231
7.19957
7.19682
7.19407
7.19132
7.18857
7.18582
7.18307
7.18032
7.17757
7.17482
7.17207
7.16931
7.16656
7.16381
7.16106
7.15831
7.15556
7.15280
7.15005
7.14730
7.14454
7.14179
7.13904
7.13628
7.13353
7.13078
7.12802
7.12527
7.12251
7.11976
7.11700
7.11425
7.11149
7.10874
7.10598
7.10323
7.10047
7.09771
7.09496
7.09220
7.08944
7.08669
7.08393
7.08117
7.07841
7.07566
7.07290
7.07014
7.06738
7.06462
7.06186
7.05911
7.05635
7.05359
7.05083
7.04807
7.04531
7.04255
7.03979
7.03702
7.03426
7.03150
7.02874
7.02598
7.02322
7.02046
7.01769
7.01493
7.01217
7.00941
7.00664
7.00388
7.00112
6.99835
6.99559
6.99283
6.99006
6.98730
6.98453
6.98177
6.97900
6.97624
6.97347
6.97071
6.96794
6.96518
6.96241
6.95964
6.95688
6.95411
6.95134
6.94858
6.94581
6.94304
6.94027
6.93751
6.93474
6.93197
6.92920
6.92643
6.92366
6.92089
6.91812
6.91535
6.91258
6.90981
6.90704
6.90427
6.90150
6.89873
6.89596
6.89319
6.89042
6.88765
6.88488
6.88210
6.87933
6.87656
6.87379
6.87101
6.86824
6.86547
6.86269
6.85992
6.85715
6.85437
6.85160
6.84882
6.84605
6.84327
6.84050
6.83772
6.83495
6.83217
6.82940
6.82662
6.82384
6.82107
6.81829
6.81551
6.81274
6.80996
6.80718
6.80441
6.80163
6.79885
6.79607
6.79329
6.79051
6.78773
6.78496
6.78218
6.77940
6.77662
6.77384
6.77106
6.76828
6.76550
6.76272
6.75993
6.75715
6.75437
6.75159
6.74881
6.74603
6.74324
6.74046
6.73768
6.73490
6.73211
6.72933
6.72655
6.72376
6.72098
6.71820
6.71541
6.71263
6.70984
6.70706
6.70427
6.70149
6.69870
6.69592
6.69313
6.69035
6.68756
6.68477
6.68199
6.67920
6.67641
6.67362
6.67084
6.66805
6.66526
6.66247
6.65969
6.65690
6.65411
6.65132
6.64853
6.64574
6.64295
6.64016
6.63737
6.63458
6.63179
6.62900
6.62621
6.62342
6.62063
6.61784
6.61505
6.61225
6.60946
6.60667
6.60388
6.60108
6.59829
6.59550
6.59271
6.58991
6.58712
6.58432
6.58153
6.57874
6.57594
6.57315
6.57035
6.56756
6.56476
6.56197
6.55917
6.55638
6.55358
6.55078
6.54799
6.54519
6.54239
6.53960
6.53680
6.53400
6.53120
6.52840
6.52561
6.52281
6.52001
6.51721
6.51441
6.51161
6.50881
6.50601
6.50321
6.50041
6.49761
6.49481
6.49201
6.48921
6.48641
6.48361
6.48081
6.47801
6.47521
6.47240
6.46960
6.46680
6.46400
6.46119
6.45839
6.45559
6.45278
6.44998
6.44718
6.44437
6.44157
6.43876
6.43596
6.43315
6.43035
6.42754
6.42474
6.42193
6.41912
6.41632
6.41351
6.41071
6.40790
6.40509
6.40228
6.39948
6.39667
6.39386
6.39105
6.38825
6.38544
6.38263
6.37982
6.37701
6.37420
6.37139
6.36858
6.36577
6.36296
6.36015
6.35734
6.35453
6.35172
6.34891
6.34610
6.34328
6.34047
6.33766
6.33485
6.33204
6.32922
6.32641
6.32360
6.32078
6.31797
6.31516
6.31234
6.30953
6.30671
6.30390
6.30109
6.29827
6.29546
6.29264
6.28982
6.28701
6.28419
6.28138
6.27856
6.27574
6.27293
6.27011
6.26729
6.26448
6.26166
6.25884
6.25602
6.25320
6.25038
6.24757
6.24475
6.24193
6.23911
6.23629
6.23347
6.23065
6.22783
6.22501
6.22219
6.21937
6.21655
6.21373
6.21090
6.20808
6.20526
6.20244
6.19962
6.19679
6.19397
6.19115
6.18833
6.18550
6.18268
6.17985
6.17703
6.17421
6.17138
6.16856
6.16573
6.16291
6.16008
6.15726
6.15443
6.15161
6.14878
6.14595
6.14313
6.14030
6.13747
6.13465
6.13182
6.12899
6.12616
6.12334
6.12051
6.11768
6.11485
6.11202
6.10919
6.10636
6.10353
6.10070
6.09787
6.09504
6.09221
6.08938
6.08655
6.08372
6.08089
6.07806
6.07523
6.07240
6.06957
6.06673
6.06390
6.06107
6.05824
6.05540
6.05257
6.04974
6.04690
6.04407
6.04123
6.03840
6.03557
6.03273
6.02990
6.02706
6.02423
6.02139
6.01855
6.01572
6.01288
6.01005
6.00721
6.00437
6.00154
5.99870
5.99586
5.99302
5.99018
5.98735
5.98451
5.98167
5.97883
5.97599
5.97315
5.97031
5.96747
5.96463
5.96179
5.95895
5.95611
5.95327
5.95043
5.94759
5.94475
5.94191
5.93907
5.93623
5.93338
5.93054
5.92770
5.92486
5.92201
5.91917
5.91633
5.91348
5.91064
5.90779
5.90495
5.90211
5.89926
5.89642
5.89357
5.89073
5.88788
5.88503
5.88219
5.87934
5.87650
5.87365
5.87080
5.86796
5.86511
5.86226
5.85941
5.85657
5.85372
5.85087
5.84802
5.84517
5.84232
5.83947
5.83662
5.83377
5.83092
5.82807
5.82522
5.82237
5.81952
5.81667
5.81382
5.81097
5.80812
5.80527
5.80242
5.79956
5.79671
5.79386
5.79101
5.78815
5.78530
5.78245
5.77959
5.77674
5.77388
5.77103
5.76818
5.76532
5.76247
5.75961
5.75675
5.75390
5.75104
5.74819
5.74533
5.74247
5.73962
5.73676
5.73390
5.73105
5.72819
5.72533
5.72247
5.71962
5.71676
5.71390
5.71104
5.70818
5.70532
5.70246
5.69960
5.69674
5.69388
5.69102
5.68816
5.68530
5.68244
5.67958
5.67672
5.67386
5.67099
5.66813
5.66527
5.66241
5.65954
5.65668
5.65382
5.65095
5.64809
5.64523
5.64236
5.63950
5.63663
5.63377
5.63091
5.62804
5.62518
5.62231
5.61944
5.61658
5.61371
5.61085
5.60798
5.60511
5.60225
5.59938
5.59651
5.59364
5.59077
5.58791
5.58504
5.58217
5.57930
5.57643
5.57356
5.57069
5.56782
5.56495
5.56208
5.55921
5.55634
5.55347
5.55060
5.54773
5.54486
5.54199
5.53912
5.53624
5.53337
5.53050
5.52763
5.52475
5.52188
5.51901
5.51613
5.51326
5.51039
5.50751
5.50464
5.50176
5.49889
5.49601
5.49314
5.49026
5.48739
5.48451
5.48163
5.47876
5.47588
5.47300
5.47013
5.46725
5.46437
5.46150
5.45862
5.45574
5.45286
5.44998
5.44710
5.44422
5.44135
5.43847
5.43559
5.43271
5.42983
5.42695
5.42407
5.42118
5.41830
5.41542
5.41254
5.40966
5.40678
5.40390
5.40101
5.39813
5.39525
5.39237
5.38948
5.38660
5.38372
5.38083
5.37795
5.37506
5.37218
5.36929
5.36641
5.36352
5.36064
5.35775
5.35487
5.35198
5.34910
5.34621
5.34332
5.34044
5.33755
5.33466
5.33177
5.32889
5.32600
5.32311
5.32022
5.31733
5.31444
5.31155
5.30867
5.30578
5.30289
5.30000
5.29711
5.29422
5.29133
5.28843
5.28554
5.28265
5.27976
5.27687
5.27398
5.27108
5.26819
5.26530
5.26241
5.25951
5.25662
5.25373
5.25083
5.24794
5.24505
5.24215
5.23926
5.23636
5.23347
5.23057
5.22768
5.22478
5.22188
5.21899
5.21609
5.21320
5.21030
5.20740
5.20450
5.20161
5.19871
5.19581
5.19291
5.19001
5.18712
5.18422
5.18132
5.17842
5.17552
5.17262
5.16972
5.16682
5.16392
5.16102
5.15812
5.15522
5.15232
5.14941
5.14651
5.14361
5.14071
5.13781
5.13490
5.13200
5.12910
5.12620
5.12329
5.12039
5.11748
5.11458
5.11168
5.10877
5.10587
5.10296
5.10006
5.09715
5.09425
5.09134
5.08843
5.08553
5.08262
5.07971
5.07681
5.07390
5.07099
5.06808
5.06518
5.06227
5.05936
5.05645
5.05354
5.05063
5.04772
5.04481
5.04191
5.03900
5.03609
5.03317
5.03026
5.02735
5.02444
5.02153
5.01862
5.01571
5.01280
5.00988
5.00697
5.00406
5.00115
4.99823
4.99532
4.99241
4.98949
4.98658
4.98366
4.98075
4.97784
4.97492
4.97201
4.96909
4.96618
4.96326
4.96034
4.95743
4.95451
4.95159
4.94868
4.94576
4.94284
4.93993
4.93701
4.93409
4.93117
4.92825
4.92533
4.92242
4.91950
4.91658
4.91366
4.91074
4.90782
4.90490
4.90198
4.89906
4.89614
4.89322
4.89029
4.88737
4.88445
4.88153
4.87861
4.87568
4.87276
4.86984
4.86691
4.86399
4.86107
4.85814
4.85522
4.85230
4.84937
4.84645
4.84352
4.84060
4.83767
4.83475
4.83182
4.82889
4.82597
4.82304
4.82011
4.81719
4.81426
4.81133
4.80841
4.80548
4.80255
4.79962
4.79669
4.79376
4.79083
4.78791
4.78498
4.78205
4.77912
4.77619
4.77326
4.77033
4.76739
4.76446
4.76153
4.75860
4.75567
4.75274
4.74980
4.74687
4.74394
4.74101
4.73807
4.73514
4.73221
4.72927
4.72634
4.72340
4.72047
4.71754
4.71460
4.71167
4.70873
4.70579
4.70286
4.69992
4.69699
4.69405
4.69111
4.68818
4.68524
4.68230
4.67936
4.67643
4.67349
4.67055
4.66761
4.66467
4.66173
4.65879
4.65586
4.65292
4.64998
4.64704
4.64410
4.64115
4.63821
4.63527
4.63233
4.62939
4.62645
4.62351
4.62056
4.61762
4.61468
4.61174
4.60879
4.60585
4.60291
4.59996
4.59702
4.59407
4.59113
4.58818
4.58524
4.58229
4.57935
4.57640
4.57346
4.57051
4.56757
4.56462
4.56167
4.55873
4.55578
4.55283
4.54988
4.54694
4.54399
4.54104
4.53809
4.53514
4.53219
4.52924
4.52629
4.52334
4.52039
4.51744
4.51449
4.51154
4.50859
4.50564
4.50269
4.49974
4.49679
4.49383
4.49088
4.48793
4.48498
4.48202
4.47907
4.47612
4.47316
4.47021
4.46725
4.46430
4.46135
4.45839
4.45544
4.45248
4.44953
4.44657
4.44361
4.44066
4.43770
4.43474
4.43179
4.42883
4.42587
4.42292
4.41996
4.41700
4.41404
4.41108
4.40812
4.40517
4.40221
4.39925
4.39629
4.39333
4.39037
4.38741
4.38445
4.38149
4.37852
4.37556
4.37260
4.36964
4.36668
4.36372
4.36075
4.35779
4.35483
4.35186
4.34890
4.34594
4.34297
4.34001
4.33705
4.33408
4.33112
4.32815
4.32519
4.32222
4.31926
4.31629
4.31332
4.31036
4.30739
4.30442
4.30146
4.29849
4.29552
4.29255
4.28959
4.28662
4.28365
4.28068
4.27771
4.27474
4.27177
4.26880
4.26583
4.26286
4.25989
4.25692
4.25395
4.25098
4.24801
4.24504
4.24207
4.23909
4.23612
4.23315
4.23018
4.22720
4.22423
4.22126
4.21828
4.21531
4.21234
4.20936
4.20639
4.20341
4.20044
4.19746
4.19449
4.19151
4.18854
4.18556
4.18258
4.17961
4.17663
4.17365
4.17068
4.16770
4.16472
4.16174
4.15876
4.15579
4.15281
4.14983
4.14685
4.14387
4.14089
4.13791
4.13493
4.13195
4.12897
4.12599
4.12301
4.12003
4.11704
4.11406
4.11108
4.10810
4.10512
4.10213
4.09915
4.09617
4.09318
4.09020
4.08722
4.08423
4.08125
4.07826
4.07528
4.07229
4.06931
4.06632
4.06334
4.06035
4.05736
4.05438
4.05139
4.04840
4.04542
4.04243
4.03944
4.03645
4.03347
4.03048
4.02749
4.02450
4.02151
4.01852
4.01553
4.01254
4.00955
4.00656
4.00357
4.00058
3.99759
3.99460
3.99161
3.98862
3.98562
3.98263
3.97964
3.97665
3.97365
3.97066
3.96767
3.96467
3.96168
3.95869
3.95569
3.95270
3.94970
3.94671
3.94371
3.94072
3.93772
3.93473
3.93173
3.92873
3.92574
3.92274
3.91974
3.91675
3.91375
3.91075
3.90775
3.90475
3.90175
3.89876
3.89576
3.89276
3.88976
3.88676
3.88376
3.88076
3.87776
3.87476
3.87176
3.86876
3.86575
3.86275
3.85975
3.85675
3.85375
3.85074
3.84774
3.84474
3.84173
3.83873
3.83573
3.83272
3.82972
3.82671
3.82371
3.82071
3.81770
3.81469
3.81169
3.80868
3.80568
3.80267
3.79966
3.79666
3.79365
3.79064
3.78764
3.78463
3.78162
3.77861
3.77560
3.77259
3.76958
3.76658
3.76357
3.76056
3.75755
3.75454
3.75153
3.74852
3.74550
3.74249
3.73948
3.73647
3.73346
3.73045
3.72743
3.72442
3.72141
3.71840
3.71538
3.71237
3.70935
3.70634
3.70333
3.70031
3.69730
3.69428
3.69127
3.68825
3.68524
3.68222
3.67920
3.67619
3.67317
3.67015
3.66714
3.66412
3.66110
3.65808
3.65507
3.65205
3.64903
3.64601
3.64299
3.63997
3.63695
3.63393
3.63091
3.62789
3.62487
3.62185
3.61883
3.61581
3.61279
3.60976
3.60674
3.60372
3.60070
3.59768
3.59465
3.59163
3.58861
3.58558
3.58256
3.57953
3.57651
3.57349
3.57046
3.56744
3.56441
3.56138
3.55836
3.55533
3.55231
3.54928
3.54625
3.54323
3.54020
3.53717
3.53414
3.53112
3.52809
3.52506
3.52203
3.51900
3.51597
3.51294
3.50991
3.50688
3.50385
3.50082
3.49779
3.49476
3.49173
3.48870
3.48567
3.48263
3.47960
3.47657
3.47354
3.47050
3.46747
3.46444
3.46140
3.45837
3.45534
3.45230
3.44927
3.44623
3.44320
3.44016
3.43713
3.43409
3.43106
3.42802
3.42498
3.42195
3.41891
3.41587
3.41283
3.40980
3.40676
3.40372
3.40068
3.39764
3.39460
3.39157
3.38853
3.38549
3.38245
3.37941
3.37637
3.37332
3.37028
3.36724
3.36420
3.36116
3.35812
3.35508
3.35203
3.34899
3.34595
3.34291
3.33986
3.33682
3.33377
3.33073
3.32769
3.32464
3.32160
3.31855
3.31551
3.31246
3.30941
3.30637
3.30332
3.30028
3.29723
3.29418
3.29114
3.28809
3.28504
3.28199
3.27894
3.27590
3.27285
3.26980
3.26675
3.26370
3.26065
3.25760
3.25455
3.25150
3.24845
3.24540
3.24235
3.23929
3.23624
3.23319
3.23014
3.22709
3.22403
3.22098
3.21793
3.21487
3.21182
3.20877
3.20571
3.20266
3.19960
3.19655
3.19349
3.19044
3.18738
3.18433
3.18127
3.17821
3.17516
3.17210
3.16904
3.16599
3.16293
3.15987
3.15681
3.15375
3.15070
3.14764
3.14458
3.14152
3.13846
3.13540
3.13234
3.12928
3.12622
3.12316
3.12010
3.11704
3.11397
3.11091
3.10785
3.10479
3.10173
3.09866
3.09560
3.09254
3.08947
3.08641
3.08334
3.08028
3.07722
3.07415
3.07109
3.06802
3.06496
3.06189
3.05882
3.05576
3.05269
3.04962
3.04656
3.04349
3.04042
3.03735
3.03429
3.03122
3.02815
3.02508
3.02201
3.01894
3.01587
3.01280
3.00973
3.00666
3.00359
3.00052
2.99745
2.99438
2.99131
2.98824
2.98516
2.98209
2.97902
2.97595
2.97287
2.96980
2.96673
2.96365
2.96058
2.95751
2.95443
2.95136
2.94828
2.94521
2.94213
2.93906
2.93598
2.93290
2.92983
2.92675
2.92367
2.92060
2.91752
2.91444
2.91136
2.90828
2.90521
2.90213
2.89905
2.89597
2.89289
2.88981
2.88673
2.88365
2.88057
2.87749
2.87441
2.87133
2.86824
2.86516
2.86208
2.85900
2.85592
2.85283
2.84975
2.84667
2.84358
2.84050
2.83742
2.83433
2.83125
2.82816
2.82508
2.82199
2.81891
2.81582
2.81273
2.80965
2.80656
2.80348
2.80039
2.79730
2.79421
2.79113
2.78804
2.78495
2.78186
2.77877
2.77568
2.77259
2.76950
2.76641
2.76332
2.76023
2.75714
2.75405
2.75096
2.74787
2.74478
2.74169
2.73860
2.73550
2.73241
2.72932
2.72622
2.72313
2.72004
2.71694
2.71385
2.71076
2.70766
2.70457
2.70147
2.69838
2.69528
2.69218
2.68909
2.68599
2.68289
2.67980
2.67670
2.67360
2.67051
2.66741
2.66431
2.66121
2.65811
2.65501
2.65191
2.64882
2.64572
2.64262
2.63952
2.63642
2.63331
2.63021
2.62711
2.62401
2.62091
2.61781
2.61471
2.61160
2.60850
2.60540
2.60229
2.59919
2.59609
2.59298
2.58988
2.58677
2.58367
2.58056
2.57746
2.57435
2.57125
2.56814
2.56504
2.56193
2.55882
2.55572
2.55261
2.54950
2.54639
2.54328
2.54018
2.53707
2.53396
2.53085
2.52774
2.52463
2.52152
2.51841
2.51530
2.51219
2.50908
2.50597
2.50286
2.49974
2.49663
2.49352
2.49041
2.48730
2.48418
2.48107
2.47796
2.47484
2.47173
2.46861
2.46550
2.46239
2.45927
2.45616
2.45304
2.44992
2.44681
2.44369
2.44058
2.43746
2.43434
2.43122
2.42811
2.42499
2.42187
2.41875
2.41563
2.41252
2.40940
2.40628
2.40316
2.40004
2.39692
2.39380
2.39068
2.38756
2.38443
2.38131
2.37819
2.37507
2.37195
2.36882
2.36570
2.36258
2.35946
2.35633
2.35321
2.35008
2.34696
2.34384
2.34071
2.33759
2.33446
2.33134
2.32821
2.32508
2.32196
2.31883
2.31570
2.31258
2.30945
2.30632
2.30319
2.30007
2.29694
2.29381
2.29068
2.28755
2.28442
2.28129
2.27816
2.27503
2.27190
2.26877
2.26564
2.26251
2.25938
2.25625
2.25311
2.24998
2.24685
2.24372
2.24058
2.23745
2.23432
2.23118
2.22805
2.22491
2.22178
2.21864
2.21551
2.21237
2.20924
2.20610
2.20297
2.19983
2.19669
2.19356
2.19042
2.18728
2.18414
2.18101
2.17787
2.17473
2.17159
2.16845
2.16531
2.16217
2.15903
2.15589
2.15275
2.14961
2.14647
2.14333
2.14019
2.13705
2.13391
2.13076
2.12762
2.12448
2.12134
2.11819
2.11505
2.11190
2.10876
2.10562
2.10247
2.09933
2.09618
2.09304
2.08989
2.08675
2.08360
2.08045
2.07731
2.07416
2.07101
2.06787
2.06472
2.06157
2.05842
2.05527
2.05212
2.04898
2.04583
2.04268
2.03953
2.03638
2.03323
2.03008
2.02693
2.02377
2.02062
2.01747
2.01432
2.01117
2.00802
2.00486
2.00171
1.99856
1.99540
1.99225
1.98910
1.98594
1.98279
1.97963
1.97648
1.97332
1.97017
1.96701
1.96386
1.96070
1.95754
1.95439
1.95123
1.94807
1.94491
1.94176
1.93860
1.93544
1.93228
1.92912
1.92596
1.92280
1.91964
1.91648
1.91332
1.91016
1.90700
1.90384
1.90068
1.89752
1.89436
1.89119
1.88803
1.88487
1.88171
1.87854
1.87538
1.87222
1.86905
1.86589
1.86272
1.85956
1.85639
1.85323
1.85006
1.84690
1.84373
1.84056
1.83740
1.83423
1.83106
1.82790
1.82473
1.82156
1.81839
1.81522
1.81205
1.80889
1.80572
1.80255
1.79938
1.79621
1.79304
1.78987
1.78670
1.78352
1.78035
1.77718
1.77401
1.77084
1.76766
1.76449
1.76132
1.75815
1.75497
1.75180
1.74862
1.74545
1.74228
1.73910
1.73593
1.73275
1.72957
1.72640
1.72322
1.72005
1.71687
1.71369
1.71052
1.70734
1.70416
1.70098
1.69780
1.69462
1.69145
1.68827
1.68509
1.68191
1.67873
1.67555
1.67237
1.66919
1.66601
1.66282
1.65964
1.65646
1.65328
1.65010
1.64691
1.64373
1.64055
1.63736
1.63418
1.63100
1.62781
1.62463
1.62144
1.61826
1.61507
1.61189
1.60870
1.60552
1.60233
1.59914
1.59596
1.59277
1.58958
1.58639
1.58321
1.58002
1.57683
1.57364
1.57045
1.56726
1.56407
1.56088
1.55769
1.55450
1.55131
1.54812
1.54493
1.54174
1.53855
1.53535
1.53216
1.52897
1.52578
1.52258
1.51939
1.51620
1.51300
1.50981
1.50661
1.50342
1.50022
1.49703
1.49383
1.49064
1.48744
1.48424
1.48105
1.47785
1.47465
1.47146
1.46826
1.46506
1.46186
1.45866
1.45547
1.45227
1.44907
1.44587
1.44267
1.43947
1.43627
1.43307
1.42987
1.42666
1.42346
1.42026
1.41706
1.41386
1.41065
1.40745
1.40425
1.40105
1.39784
1.39464
1.39143
1.38823
1.38502
1.38182
1.37861
1.37541
1.37220
1.36900
1.36579
1.36258
1.35938
1.35617
1.35296
1.34975
1.34655
1.34334
1.34013
1.33692
1.33371
1.33050
1.32729
1.32408
1.32087
1.31766
1.31445
1.31124
1.30803
1.30482
1.30161
1.29839
1.29518
1.29197
1.28876
1.28554
1.28233
1.27912
1.27590
1.27269
1.26947
1.26626
1.26304
1.25983
1.25661
1.25340
1.25018
1.24696
1.24375
1.24053
1.23731
1.23409
1.23088
1.22766
1.22444
1.22122
1.21800
1.21478
1.21156
1.20834
1.20512
1.20190
1.19868
1.19546
1.19224
1.18902
1.18580
1.18258
1.17935
1.17613
1.17291
1.16969
1.16646
1.16324
1.16002
1.15679
1.15357
1.15034
1.14712
1.14389
1.14067
1.13744
1.13421
1.13099
1.12776
1.12453
1.12131
1.11808
1.11485
1.11162
1.10840
1.10517
1.10194
1.09871
1.09548
1.09225
1.08902
1.08579
1.08256
1.07933
1.07610
1.07287
1.06963
1.06640
1.06317
1.05994
1.05671
1.05347
1.05024
1.04701
1.04377
1.04054
1.03730
1.03407
1.03083
1.02760
1.02436
1.02113
1.01789
1.01466
1.01142
1.00818
1.00494
1.00171
0.99847
0.99523
0.99199
0.98876
0.98552
0.98228
0.97904
0.97580
0.97256
0.96932
0.96608
0.96284
0.95960
0.95635
0.95311
0.94987
0.94663
0.94339
0.94014
0.93690
0.93366
0.93041
0.92717
0.92393
0.92068
0.91744
0.91419
0.91095
0.90770
0.90446
0.90121
0.89796
0.89472
0.89147
0.88822
0.88498
0.88173
0.87848
0.87523
0.87198
0.86873
0.86549
0.86224
0.85899
0.85574
0.85249
0.84924
0.84598
0.84273
0.83948
0.83623
0.83298
0.82973
0.82647
0.82322
0.81997
0.81672
0.81346
0.81021
0.80695
0.80370
0.80044
0.79719
0.79393
0.79068
0.78742
0.78417
0.78091
0.77765
0.77440
0.77114
0.76788
0.76462
0.76137
0.75811
0.75485
0.75159
0.74833
0.74507
0.74181
0.73855
0.73529
0.73203
0.72877
0.72551
0.72225
0.71899
0.71572
0.71246
0.70920
0.70594
0.70267
0.69941
0.69615
0.69288
0.68962
0.68635
0.68309
0.67982
0.67656
0.67329
0.67003
0.66676
0.66349
0.66023
0.65696
0.65369
0.65042
0.64716
0.64389
0.64062
0.63735
0.63408
0.63081
0.62754
0.62427
0.62100
0.61773
0.61446
0.61119
0.60792
0.60465
0.60138
0.59810
0.59483
0.59156
0.58828
0.58501
0.58174
0.57846
0.57519
0.57192
0.56864
0.56537
0.56209
0.55881
0.55554
0.55226
0.54899
0.54571
0.54243
0.53916
0.53588
0.53260
0.52932
0.52604
0.52276
0.51949
0.51621
0.51293
0.50965
0.50637
0.50309
0.49981
0.49652
0.49324
0.48996
0.48668
0.48340
0.48012
0.47683
0.47355
0.47027
0.46698
0.46370
0.46041
0.45713
0.45385
0.45056
0.44728
0.44399
0.44070
0.43742
0.43413
0.43084
0.42756
0.42427
0.42098
0.41769
0.41441
0.41112
0.40783
0.40454
0.40125
0.39796
0.39467
0.39138
0.38809
0.38480
0.38151
0.37822
0.37493
0.37163
0.36834
0.36505
0.36176
0.35846
0.35517
0.35188
0.34858
0.34529
0.34199
0.33870
0.33541
0.33211
0.32881
0.32552
0.32222
0.31893
0.31563
0.31233
0.30903
0.30574
0.30244
0.29914
0.29584
0.29254
0.28924
0.28595
0.28265
0.27935
0.27605
0.27274
0.26944
0.26614
0.26284
0.25954
0.25624
0.25294
0.24963
0.24633
0.24303
0.23972
0.23642
0.23312
0.22981
0.22651
0.22320
0.21990
0.21659
0.21329
0.20998
0.20667
0.20337
0.20006
0.19675
0.19345
0.19014
0.18683
0.18352
0.18021
0.17690
0.17360
0.17029
0.16698
0.16367
0.16036
0.15704
0.15373
0.15042
0.14711
0.14380
0.14049
0.13718
0.13386
0.13055
0.12724
0.12392
0.12061
0.11729
0.11398
0.11067
0.10735
0.10404
0.10072
0.09740
0.09409
0.09077
0.08745
0.08414
0.08082
0.07750
0.07418
0.07087
0.06755
0.06423
0.06091
0.05759
0.05427
0.05095
0.04763
0.04431
0.04099
0.03767
0.03435
0.03103
0.02770
0.02438
0.02106
0.01774
0.01441
0.01109
0.00776
0.00444
0.00112
-0.00221
-0.00553
-0.00886
-0.01218
-0.01551
-0.01884
-0.02216
-0.02549
-0.02882
-0.03214
-0.03547
-0.03880
-0.04213
-0.04546
-0.04878
-0.05211
-0.05544
-0.05877
-0.06210
-0.06543
-0.06876
-0.07209
-0.07542
-0.07876
-0.08209
-0.08542
-0.08875
-0.09208
-0.09542
-0.09875
-0.10208
-0.10542
-0.10875
-0.11209
-0.11542
-0.11876
-0.12209
-0.12543
-0.12876
-0.13210
-0.13543
-0.13877
-0.14211
-0.14545
-0.14878
-0.15212
-0.15546
-0.15880
-0.16214
-0.16548
-0.16881
-0.17215
-0.17549
-0.17883
-0.18217
-0.18552
-0.18886
-0.19220
-0.19554
-0.19888
-0.20222
-0.20557
-0.20891
-0.21225
-0.21560
-0.21894
-0.22228
-0.22563
-0.22897
-0.23232
-0.23566
-0.23901
-0.24235
-0.24570
-0.24905
-0.25239
-0.25574
-0.25909
-0.26244
-0.26578
-0.26913
-0.27248
-0.27583
-0.27918
-0.28253
-0.28588
-0.28923
-0.29258
-0.29593
-0.29928
-0.30263
-0.30598
-0.30933
-0.31269
-0.31604
-0.31939
-0.32274
-0.32610
-0.32945
-0.33281
-0.33616
-0.33951
-0.34287
-0.34622
-0.34958
-0.35294
-0.35629
-0.35965
-0.36300
-0.36636
-0.36972
-0.37308
-0.37643
-0.37979
-0.38315
-0.38651
-0.38987
-0.39323
-0.39659
-0.39995
-0.40331
-0.40667
-0.41003
-0.41339
-0.41675
-0.42011
-0.42347
-0.42684
-0.43020
-0.43356
-0.43692
-0.44029
-0.44365
-0.44702
-0.45038
-0.45374
-0.45711
-0.46047
-0.46384
-0.46721
-0.47057
-0.47394
-0.47731
-0.48067
-0.48404
-0.48741
-0.49078
-0.49414
-0.49751
-0.50088
-0.50425
-0.50762
-0.51099
-0.51436
-0.51773
-0.52110
-0.52447
-0.52784
-0.53121
-0.53459
-0.53796
-0.54133
-0.54470
-0.54808
-0.55145
-0.55482
-0.55820
-0.56157
-0.56495
-0.56832
-0.57170
-0.57507
-0.57845
-0.58182
-0.58520
-0.58858
-0.59195
-0.59533
-0.59871
-0.60209
-0.60547
-0.60884
-0.61222
-0.61560
-0.61898
-0.62236
-0.62574
-0.62912
-0.63250
-0.63588
-0.63926
-0.64265
-0.64603
-0.64941
-0.65279
-0.65618
-0.65956
-0.66294
-0.66633
-0.66971
-0.67309
-0.67648
-0.67986
-0.68325
-0.68663
-0.69002
-0.69341
-0.69679
-0.70018
-0.70357
-0.70695
-0.71034
-0.71373
-0.71712
-0.72051
-0.72389
-0.72728
-0.73067
-0.73406
-0.73745
-0.74084
-0.74423
-0.74762
-0.75102
-0.75441
-0.75780
-0.76119
-0.76458
-0.76798
-0.77137
-0.77476
-0.77816
-0.78155
-0.78495
-0.78834
-0.79174
-0.79513
-0.79853
-0.80192
-0.80532
-0.80871
-0.81211
-0.81551
-0.81891
-0.82230
-0.82570
-0.82910
-0.83250
-0.83590
-0.83930
-0.84270
-0.84610
-0.84950
-0.85290
-0.85630
-0.85970
-0.86310
-0.86650
-0.86990
-0.87331
-0.87671
-0.88011
-0.88351
-0.88692
-0.89032
-0.89373
-0.89713
-0.90054
-0.90394
-0.90735
-0.91075
-0.91416
-0.91756
-0.92097
-0.92438
-0.92778
-0.93119
-0.93460
-0.93801
-0.94142
-0.94483
-0.94823
-0.95164
-0.95505
-0.95846
-0.96187
-0.96528
-0.96870
-0.97211
-0.97552
-0.97893
-0.98234
-0.98575
-0.98917
-0.99258
-0.99599
-0.99941
-1.00282
-1.00624
-1.00965
-1.01307
-1.01648
-1.01990
-1.02331
-1.02673
-1.03014
-1.03356
-1.03698
-1.04040
-1.04381
-1.04723
-1.05065
-1.05407
-1.05749
-1.06091
-1.06433
-1.06775
-1.07117
-1.07459
-1.07801
-1.08143
-1.08485
-1.08827
-1.09169
-1.09512
-1.09854
-1.10196
-1.10539
-1.10881
-1.11223
-1.11566
-1.11908
-1.12251
-1.12593
-1.12936
-1.13278
-1.13621
-1.13964
-1.14306
-1.14649
-1.14992
-1.15334
-1.15677
-1.16020
-1.16363
-1.16706
-1.17049
-1.17392
-1.17735
-1.18078
-1.18421
-1.18764
-1.19107
-1.19450
-1.19793
-1.20136
-1.20480
-1.20823
-1.21166
-1.21510
-1.21853
-1.22196
-1.22540
-1.22883
-1.23227
-1.23570
-1.23914
-1.24257
-1.24601
-1.24945
-1.25288
-1.25632
-1.25976
-1.26319
-1.26663
-1.27007
-1.27351
-1.27695
-1.28039
-1.28383
-1.28727
-1.29071
-1.29415
-1.29759
-1.30103
-1.30447
-1.30791
-1.31136
-1.31480
-1.31824
-1.32168
-1.32513
-1.32857
-1.33201
-1.33546
-1.33890
-1.34235
-1.34579
-1.34924
-1.35268
-1.35613
-1.35958
-1.36302
-1.36647
-1.36992
-1.37337
-1.37681
-1.38026
-1.38371
-1.38716
-1.39061
-1.39406
-1.39751
-1.40096
-1.40441
-1.40786
-1.41131
-1.41476
-1.41822
-1.42167
-1.42512
-1.42857
-1.43203
-1.43548
-1.43893
-1.44239
-1.44584
-1.44930
-1.45275
-1.45621
-1.45966
-1.46312
-1.46657
-1.47003
-1.47349
-1.47694
-1.48040
-1.48386
-1.48732
-1.49078
-1.49424
-1.49769
-1.50115
-1.50461
-1.50807
-1.51153
-1.51500
-1.51846
-1.52192
-1.52538
-1.52884
-1.53230
-1.53577
-1.53923
-1.54269
-1.54616
-1.54962
-1.55308
-1.55655
-1.56001
-1.56348
-1.56694
-1.57041
-1.57388
-1.57734
-1.58081
-1.58428
-1.58774
-1.59121
-1.59468
-1.59815
-1.60162
-1.60509
-1.60855
-1.61202
-1.61549
-1.61896
-1.62244
-1.62591
-1.62938
-1.63285
-1.63632
-1.63979
-1.64327
-1.64674
-1.65021
-1.65369
-1.65716
-1.66063
-1.66411
-1.66758
-1.67106
-1.67453
-1.67801
-1.68148
-1.68496
-1.68844
-1.69191
-1.69539
-1.69887
-1.70235
-1.70583
-1.70930
-1.71278
-1.71626
-1.71974
-1.72322
-1.72670
-1.73018
-1.73366
-1.73714
-1.74063
-1.74411
-1.74759
-1.75107
-1.75456
-1.75804
-1.76152
-1.76501
-1.76849
-1.77197
-1.77546
-1.77894
-1.78243
-1.78591
-1.78940
-1.79289
-1.79637
-1.79986
-1.80335
-1.80684
-1.81032
-1.81381
-1.81730
-1.82079
-1.82428
-1.82777
-1.83126
-1.83475
-1.83824
-1.84173
-1.84522
-1.84871
-1.85220
-1.85570
-1.85919
-1.86268
-1.86617
-1.86967
-1.87316
-1.87666
-1.88015
-1.88365
-1.88714
-1.89064
-1.89413
-1.89763
-1.90112
-1.90462
-1.90812
-1.91161
-1.91511
-1.91861
-1.92211
-1.92561
-1.92911
-1.93261
-1.93611
-1.93961
-1.94311
-1.94661
-1.95011
-1.95361
-1.95711
-1.96061
-1.96411
-1.96762
-1.97112
-1.97462
-1.97813
-1.98163
-1.98513
-1.98864
-1.99214
-1.99565
-1.99915
-2.00266
-2.00617
-2.00967
-2.01318
-2.01669
-2.02019
-2.02370
-2.02721
-2.03072
-2.03423
-2.03774
-2.04125
-2.04475
-2.04826
-2.05178
-2.05529
-2.05880
-2.06231
-2.06582
-2.06933
-2.07284
-2.07636
-2.07987
-2.08338
-2.08690
-2.09041
-2.09393
-2.09744
-2.10095
-2.10447
-2.10799
-2.11150
-2.11502
-2.11853
-2.12205
-2.12557
-2.12909
-2.13260
-2.13612
-2.13964
-2.14316
-2.14668
-2.15020
-2.15372
-2.15724
-2.16076
-2.16428
-2.16780
-2.17132
-2.17484
-2.17837
-2.18189
-2.18541
-2.18894
-2.19246
-2.19598
-2.19951
-2.20303
-2.20656
-2.21008
-2.21361
-2.21713
-2.22066
-2.22419
-2.22771
-2.23124
-2.23477
-2.23829
-2.24182
-2.24535
-2.24888
-2.25241
-2.25594
-2.25947
-2.26300
-2.26653
-2.27006
-2.27359
-2.27712
-2.28065
-2.28419
-2.28772
-2.29125
-2.29478
-2.29832
-2.30185
-2.30539
-2.30892
-2.31246
-2.31599
-2.31953
-2.32306
-2.32660
-2.33013
-2.33367
-2.33721
-2.34075
-2.34428
-2.34782
-2.35136
-2.35490
-2.35844
-2.36198
-2.36552
-2.36906
-2.37260
-2.37614
-2.37968
-2.38322
-2.38676
-2.39030
-2.39385
-2.39739
-2.40093
-2.40448
-2.40802
-2.41156
-2.41511
-2.41865
-2.42220
-2.42574
-2.42929
-2.43283
-2.43638
-2.43993
-2.44348
-2.44702
-2.45057
-2.45412
-2.45767
-2.46122
-2.46476
-2.46831
-2.47186
-2.47541
-2.47896
-2.48252
-2.48607
-2.48962
-2.49317
-2.49672
-2.50027
-2.50383
-2.50738
-2.51093
-2.51449
-2.51804
-2.52160
-2.52515
-2.52871
-2.53226
-2.53582
-2.53937
-2.54293
-2.54649
-2.55004
-2.55360
-2.55716
-2.56072
-2.56428
-2.56783
-2.57139
-2.57495
-2.57851
-2.58207
-2.58563
-2.58919
-2.59276
-2.59632
-2.59988
-2.60344
-2.60700
-2.61057
-2.61413
-2.61769
-2.62126
-2.62482
-2.62839
-2.63195
-2.63552
-2.63908
-2.64265
-2.64621
-2.64978
-2.65335
-2.65691
-2.66048
-2.66405
-2.66762
-2.67119
-2.67476
-2.67832
-2.68189
-2.68546
-2.68903
-2.69261
-2.69618
-2.69975
-2.70332
-2.70689
-2.71046
-2.71404
-2.71761
-2.72118
-2.72476
-2.72833
-2.73190
-2.73548
-2.73905
-2.74263
-2.74621
-2.74978
-2.75336
-2.75693
-2.76051
-2.76409
-2.76767
-2.77124
-2.77482
-2.77840
-2.78198
-2.78556
-2.78914
-2.79272
-2.79630
-2.79988
-2.80346
-2.80704
-2.81063
-2.81421
-2.81779
-2.82137
-2.82496
-2.82854
-2.83212
-2.83571
-2.83929
-2.84288
-2.84646
-2.85005
-2.85364
-2.85722
-2.86081
-2.86440
-2.86798
-2.87157
-2.87516
-2.87875
-2.88234
-2.88592
-2.88951
-2.89310
-2.89669
-2.90028
-2.90387
-2.90747
-2.91106
-2.91465
-2.91824
-2.92183
-2.92543
-2.92902
-2.93261
-2.93621
-2.93980
-2.94340
-2.94699
-2.95059
-2.95418
-2.95778
-2.96137
-2.96497
-2.96857
-2.97216
-2.97576
-2.97936
-2.98296
-2.98656
-2.99015
-2.99375
-2.99735
-3.00095
-3.00455
-3.00815
-3.01176
-3.01536
-3.01896
-3.02256
-3.02616
-3.02977
-3.03337
-3.03697
-3.04058
-3.04418
-3.04779
-3.05139
-3.05500
-3.05860
-3.06221
-3.06581
-3.06942
-3.07303
-3.07663
-3.08024
-3.08385
-3.08746
-3.09107
-3.09468
-3.09828
-3.10189
-3.10550
-3.10911
-3.11273
-3.11634
-3.11995
-3.12356
-3.12717
-3.13078
-3.13440
-3.13801
-3.14162
-3.14524
-3.14885
-3.15247
-3.15608
-3.15970
-3.16331
-3.16693
-3.17054
-3.17416
-3.17778
-3.18140
-3.18501
-3.18863
-3.19225
-3.19587
-3.19949
-3.20311
-3.20673
-3.21035
-3.21397
-3.21759
-3.22121
-3.22483
-3.22845
-3.23207
-3.23570
-3.23932
-3.24294
-3.24657
-3.25019
-3.25381
-3.25744
-3.26106
-3.26469
-3.26832
-3.27194
-3.27557
-3.27919
-3.28282
-3.28645
-3.29008
-3.29370
-3.29733
-3.30096
-3.30459
-3.30822
-3.31185
-3.31548
-3.31911
-3.32274
-3.32637
-3.33001
-3.33364
-3.33727
-3.34090
-3.34454
-3.34817
-3.35180
-3.35544
-3.35907
-3.36271
-3.36634
-3.36998
-3.37361
-3.37725
-3.38088
-3.38452
-3.38816
-3.39180
-3.39543
-3.39907
-3.40271
-3.40635
-3.40999
-3.41363
-3.41727
-3.42091
-3.42455
-3.42819
-3.43183
-3.43548
-3.43912
-3.44276
-3.44640
-3.45005
-3.45369
-3.45733
-3.46098
-3.46462
-3.46827
-3.47191
-3.47556
-3.47921
-3.48285
-3.48650
-3.49015
-3.49379
-3.49744
-3.50109
-3.50474
-3.50839
-3.51204
-3.51569
-3.51934
-3.52299
-3.52664
-3.53029
-3.53394
-3.53759
-3.54124
-3.54489
-3.54855
-3.55220
-3.55585
-3.55951
-3.56316
-3.56682
-3.57047
-3.57413
-3.57778
-3.58144
-3.58510
-3.58875
-3.59241
-3.59607
-3.59972
-3.60338
-3.60704
-3.61070
-3.61436
-3.61802
-3.62168
-3.62534
-3.62900
-3.63266
-3.63632
-3.63998
-3.64365
-3.64731
-3.65097
-3.65463
-3.65830
-3.66196
-3.66562
-3.66929
-3.67295
-3.67662
-3.68029
-3.68395
-3.68762
-3.69128
-3.69495
-3.69862
-3.70229
-3.70595
-3.70962
-3.71329
-3.71696
-3.72063
-3.72430
-3.72797
-3.73164
-3.73531
-3.73898
-3.74266
-3.74633
-3.75000
-3.75367
-3.75735
-3.76102
-3.76469
-3.76837
-3.77204
-3.77572
-3.77939
-3.78307
-3.78674
-3.79042
-3.79410
-3.79777
-3.80145
-3.80513
-3.80881
-3.81249
-3.81616
-3.81984
-3.82352
-3.82720
-3.83088
-3.83456
-3.83825
-3.84193
-3.84561
-3.84929
-3.85297
-3.85666
-3.86034
-3.86402
-3.86771
-3.87139
-3.87508
-3.87876
-3.88245
-3.88613
-3.88982
-3.89350
-3.89719
-3.90088
-3.90457
-3.90825
-3.91194
-3.91563
-3.91932
-3.92301
-3.92670
-3.93039
-3.93408
-3.93777
-3.94146
-3.94515
-3.94885
-3.95254
-3.95623
-3.95992
-3.96362
-3.96731
-3.97100
-3.97470
-3.97839
-3.98209
-3.98578
-3.98948
-3.99318
-3.99687
-4.00057
-4.00427
-4.00796
-4.01166
-4.01536
-4.01906
-4.02276
-4.02646
-4.03016
-4.03386
-4.03756
-4.04126
-4.04496
-4.04866
-4.05237
-4.05607
-4.05977
-4.06347
-4.06718
-4.07088
-4.07459
-4.07829
-4.08200
-4.08570
-4.08941
-4.09311
-4.09682
-4.10053
-4.10423
-4.10794
-4.11165
-4.11536
-4.11907
-4.12277
-4.12648
-4.13019
-4.13390
-4.13761
-4.14133
-4.14504
-4.14875
-4.15246
-4.15617
-4.15988
-4.16360
-4.16731
-4.17103
-4.17474
-4.17845
-4.18217
-4.18588
-4.18960
-4.19332
-4.19703
-4.20075
-4.20447
-4.20818
-4.21190
-4.21562
-4.21934
-4.22306
-4.22678
-4.23050
-4.23422
-4.23794
-4.24166
-4.24538
-4.24910
-4.25282
-4.25654
-4.26027
-4.26399
-4.26771
-4.27144
-4.27516
-4.27888
-4.28261
-4.28633
-4.29006
-4.29379
-4.29751
-4.30124
-4.30497
-4.30869
-4.31242
-4.31615
-4.31988
-4.32361
-4.32734
-4.33107
-4.33480
-4.33853
-4.34226
-4.34599
-4.34972
-4.35345
-4.35718
-4.36092
-4.36465
-4.36838
-4.37212
-4.37585
-4.37958
-4.38332
-4.38705
-4.39079
-4.39453
-4.39826
-4.40200
-4.40574
-4.40947
-4.41321
-4.41695
-4.42069
-4.42443
-4.42817
-4.43191
-4.43565
-4.43939
-4.44313
-4.44687
-4.45061
-4.45435
-4.45809
-4.46184
-4.46558
-4.46932
-4.47307
-4.47681
-4.48056
-4.48430
-4.48805
-4.49179
-4.49554
-4.49928
-4.50303
-4.50678
-4.51053
-4.51427
-4.51802
-4.52177
-4.52552
-4.52927
-4.53302
-4.53677
-4.54052
-4.54427
-4.54802
-4.55177
-4.55552
-4.55928
-4.56303
-4.56678
-4.57054
-4.57429
-4.57804
-4.58180
-4.58555
-4.58931
-4.59306
-4.59682
-4.60058
-4.60433
-4.60809
-4.61185
-4.61561
-4.61937
-4.62312
-4.62688
-4.63064
-4.63440
-4.63816
-4.64192
-4.64568
-4.64945
-4.65321
-4.65697
-4.66073
-4.66449
-4.66826
-4.67202
-4.67579
-4.67955
-4.68331
-4.68708
-4.69085
-4.69461
-4.69838
-4.70214
-4.70591
-4.70968
-4.71345
-4.71721
-4.72098
-4.72475
-4.72852
-4.73229
-4.73606
-4.73983
-4.74360
-4.74737
-4.75115
-4.75492
-4.75869
-4.76246
-4.76624
-4.77001
-4.77378
-4.77756
-4.78133
-4.78511
-4.78888
-4.79266
-4.79643
-4.80021
-4.80399
-4.80776
-4.81154
-4.81532
-4.81910
-4.82288
-4.82666
-4.83044
-4.83422
-4.83800
-4.84178
-4.84556
-4.84934
-4.85312
-4.85690
-4.86069
-4.86447
-4.86825
-4.87204
-4.87582
-4.87960
-4.88339
-4.88717
-4.89096
-4.89475
-4.89853
-4.90232
-4.90611
-4.90989
-4.91368
-4.91747
-4.92126
-4.92505
-4.92884
-4.93263
-4.93642
-4.94021
-4.94400
-4.94779
-4.95158
-4.95537
-4.95917
-4.96296
-4.96675
-4.97055
-4.97434
-4.97814
-4.98193
-4.98573
-4.98952
-4.99332
-4.99711
-5.00091
-5.00471
-5.00850
-5.01230
-5.01610
-5.01990
-5.02370
-5.02750
-5.03130
-5.03510
-5.03890
-5.04270
-5.04650
-5.05030
-5.05410
-5.05791
-5.06171
-5.06551
-5.06932
-5.07312
-5.07693
-5.08073
-5.08454
-5.08834
-5.09215
-5.09595
-5.09976
-5.10357
-5.10737
-5.11118
-5.11499
-5.11880
-5.12261
-5.12642
-5.13023
-5.13404
-5.13785
-5.14166
-5.14547
-5.14928
-5.15310
-5.15691
-5.16072
-5.16453
-5.16835
-5.17216
-5.17598
-5.17979
-5.18361
-5.18742
-5.19124
-5.19505
-5.19887
-5.20269
-5.20651
-5.21032
-5.21414
-5.21796
-5.22178
-5.22560
-5.22942
-5.23324
-5.23706
-5.24088
-5.24470
-5.24852
-5.25235
-5.25617
-5.25999
-5.26382
-5.26764
-5.27146
-5.27529
-5.27911
-5.28294
-5.28676
-5.29059
-5.29442
-5.29824
-5.30207
-5.30590
-5.30973
-5.31356
-5.31738
-5.32121
-5.32504
-5.32887
-5.33270
-5.33654
-5.34037
-5.34420
-5.34803
-5.35186
-5.35570
-5.35953
-5.36336
-5.36720
-5.37103
-5.37486
-5.37870
-5.38254
-5.38637
-5.39021
-5.39404
-5.39788
-5.40172
-5.40556
-5.40940
-5.41323
-5.41707
-5.42091
-5.42475
-5.42859
-5.43243
-5.43627
-5.44012
-5.44396
-5.44780
-5.45164
-5.45548
-5.45933
-5.46317
-5.46702
-5.47086
-5.47471
-5.47855
-5.48240
-5.48624
-5.49009
-5.49394
-5.49778
-5.50163
-5.50548
-5.50933
-5.51318
-5.51703
-5.52088
-5.52473
-5.52858
-5.53243
-5.53628
-5.54013
-5.54398
-5.54783
-5.55169
-5.55554
-5.55939
-5.56325
-5.56710
-5.57096
-5.57481
-5.57867
-5.58252
-5.58638
-5.59024
-5.59410
-5.59795
-5.60181
-5.60567
-5.60953
-5.61339
-5.61725
-5.62111
-5.62497
-5.62883
-5.63269
-5.63655
-5.64041
-5.64427
-5.64814
-5.65200
-5.65586
-5.65973
-5.66359
-5.66746
-5.67132
-5.67519
-5.67905
-5.68292
-5.68679
-5.69065
-5.69452
-5.69839
-5.70226
-5.70613
-5.71000
-5.71387
-5.71774
-5.72161
-5.72548
-5.72935
-5.73322
-5.73709
-5.74096
-5.74484
-5.74871
-5.75258
-5.75646
-5.76033
-5.76421
-5.76808
-5.77196
-5.77583
-5.77971
-5.78359
-5.78746
-5.79134
-5.79522
-5.79910
-5.80297
-5.80685
-5.81073
-5.81461
-5.81849
-5.82237
-5.82626
-5.83014
-5.83402
-5.83790
-5.84178
-5.84567
-5.84955
-5.85344
-5.85732
-5.86120
-5.86509
-5.86897
-5.87286
-5.87675
-5.88063
-5.88452
-5.88841
-5.89230
-5.89619
-5.90007
-5.90396
-5.90785
-5.91174
-5.91563
-5.91952
-5.92342
-5.92731
-5.93120
-5.93509
-5.93898
-5.94288
-5.94677
-5.95066
-5.95456
-5.95845
-5.96235
-5.96624
-5.97014
-5.97404
-5.97793
-5.98183
-5.98573
-5.98963
-5.99353
-5.99742
-6.00132
-6.00522
-6.00912
-6.01302
-6.01693
-6.02083
-6.02473
-6.02863
-6.03253
-6.03644
-6.04034
-6.04424
-6.04815
-6.05205
-6.05596
-6.05986
-6.06377
-6.06767
-6.07158
-6.07549
-6.07940
-6.08330
-6.08721
-6.09112
-6.09503
-6.09894
-6.10285
-6.10676
-6.11067
-6.11458
-6.11849
-6.12240
-6.12632
-6.13023
-6.13414
-6.13806
-6.14197
-6.14588
-6.14980
-6.15371
-6.15763
-6.16154
-6.16546
-6.16938
-6.17330
-6.17721
-6.18113
-6.18505
-6.18897
-6.19289
-6.19681
-6.20073
-6.20465
-6.20857
-6.21249
-6.21641
-6.22033
-6.22426
-6.22818
-6.23210
-6.23603
-6.23995
-6.24388
-6.24780
-6.25173
-6.25565
-6.25958
-6.26350
-6.26743
-6.27136
-6.27529
-6.27922
-6.28314
-6.28707
-6.29100
-6.29493
-6.29886
-6.30279
-6.30672
-6.31066
-6.31459
-6.31852
-6.32245
-6.32639
-6.33032
-6.33425
-6.33819
-6.34212
-6.34606
-6.34999
-6.35393
-6.35787
-6.36180
-6.36574
-6.36968
-6.37362
-6.37756
-6.38150
-6.38543
-6.38937
-6.39331
-6.39726
-6.40120
-6.40514
-6.40908
-6.41302
-6.41696
-6.42091
-6.42485
-6.42880
-6.43274
-6.43668
-6.44063
-6.44458
-6.44852
-6.45247
-6.45642
-6.46036
-6.46431
-6.46826
-6.47221
-6.47616
-6.48011
-6.48406
-6.48801
-6.49196
-6.49591
-6.49986
-6.50381
-6.50776
-6.51172
-6.51567
-6.51962
-6.52358
-6.52753
-6.53149
-6.53544
-6.53940
-6.54335
-6.54731
-6.55127
-6.55522
-6.55918
-6.56314
-6.56710
-6.57106
-6.57502
-6.57898
-6.58294
-6.58690
-6.59086
-6.59482
-6.59878
-6.60274
-6.60671
-6.61067
-6.61463
-6.61860
-6.62256
-6.62653
-6.63049
-6.63446
-6.63842
-6.64239
-6.64636
-6.65032
-6.65429
-6.65826
-6.66223
-6.66620
-6.67017
-6.67414
-6.67811
-6.68208
-6.68605
-6.69002
-6.69399
-6.69796
-6.70194
-6.70591
-6.70988
-6.71386
-6.71783
-6.72181
-6.72578
-6.72976
-6.73374
-6.73771
-6.74169
-6.74567
-6.74964
-6.75362
-6.75760
-6.76158
-6.76556
-6.76954
-6.77352
-6.77750
-6.78148
-6.78546
-6.78945
-6.79343
-6.79741
-6.80140
-6.80538
-6.80936
-6.81335
-6.81733
-6.82132
-6.82530
-6.82929
-6.83328
-6.83726
-6.84125
-6.84524
-6.84923
-6.85322
-6.85721
-6.86120
-6.86519
-6.86918
-6.87317
-6.87716
-6.88115
-6.88514
-6.88914
-6.89313
-6.89712
-6.90112
-6.90511
-6.90911
-6.91310
-6.91710
-6.92109
-6.92509
-6.92909
-6.93309
-6.93708
-6.94108
-6.94508
-6.94908
-6.95308
-6.95708
-6.96108
-6.96508
-6.96908
-6.97308
-6.97708
-6.98109
-6.98509
-6.98909
-6.99310
-6.99710
-7.00111
-7.00511
-7.00912
-7.01312
-7.01713
-7.02114
-7.02514
-7.02915
-7.03316
-7.03717
-7.04118
-7.04519
-7.04920
-7.05321
-7.05722
-7.06123
-7.06524
-7.06925
-7.07326
-7.07728
-7.08129
-7.08530
-7.08932
-7.09333
-7.09735
-7.10136
-7.10538
-7.10939
-7.11341
-7.11743
-7.12145
-7.12546
-7.12948
-7.13350
-7.13752
-7.14154
-7.14556
-7.14958
-7.15360
-7.15762
-7.16164
-7.16567
-7.16969
-7.17371
-7.17774
-7.18176
-7.18578
-7.18981
-7.19383
-7.19786
-7.20189
-7.20591
-7.20994
-7.21397
-7.21800
-7.22202
-7.22605
-7.23008
-7.23411
-7.23814
-7.24217
-7.24620
-7.25023
-7.25427
-7.25830
-7.26233
-7.26636
-7.27040
-7.27443
-7.27847
-7.28250
-7.28654
-7.29057
-7.29461
-7.29865
-7.30268
-7.30672
-7.31076
-7.31480
-7.31883
-7.32287
-7.32691
-7.33095
-7.33499
-7.33903
-7.34308
-7.34712
-7.35116
-7.35520
-7.35925
-7.36329
-7.36733
-7.37138
-7.37542
-7.37947
-7.38351
-7.38756
-7.39161
-7.39565
-7.39970
-7.40375
-7.40780
-7.41185
-7.41590
-7.41995
-7.42400
-7.42805
-7.43210
-7.43615
-7.44020
-7.44425
-7.44831
-7.45236
-7.45641
-7.46047
-7.46452
-7.46858
-7.47263
-7.47669
-7.48074
-7.48480
-7.48886
-7.49291
-7.49697
-7.50103
-7.50509
-7.50915
-7.51321
-7.51727
-7.52133
-7.52539
-7.52945
-7.53351
-7.53758
-7.54164
-7.54570
-7.54977
-7.55383
-7.55790
-7.56196
-7.56603
-7.57009
-7.57416
-7.57823
-7.58229
-7.58636
-7.59043
-7.59450
-7.59857
-7.60264
-7.60671
-7.61078
-7.61485
-7.61892
-7.62299
-7.62706
-7.63113
-7.63521
-7.63928
-7.64335
-7.64743
-7.65150
-7.65558
-7.65965
-7.66373
-7.66781
-7.67188
-7.67596
-7.68004
-7.68412
-7.68820
-7.69228
-7.69636
-7.70044
-7.70452
-7.70860
-7.71268
-7.71676
-7.72084
-7.72493
-7.72901
-7.73309
-7.73718
-7.74126
-7.74535
-7.74943
-7.75352
-7.75760
-7.76169
-7.76578
-7.76987
-7.77395
-7.77804
-7.78213
-7.78622
-7.79031
-7.79440
-7.79849
-7.80258
-7.80668
-7.81077
-7.81486
-7.81895
-7.82305
-7.82714
-7.83123
-7.83533
-7.83942
-7.84352
-7.84762
-7.85171
-7.85581
-7.85991
-7.86401
-7.86810
-7.87220
-7.87630
-7.88040
-7.88450
-7.88860
-7.89270
-7.89681
-7.90091
-7.90501
-7.90911
-7.91322
-7.91732
-7.92142
-7.92553
-7.92963
-7.93374
-7.93785
-7.94195
-7.94606
-7.95017
-7.95428
-7.95838
-7.96249
-7.96660
-7.97071
-7.97482
-7.97893
-7.98304
-7.98715
-7.99127
-7.99538
-7.99949
-8.00360
-8.00772
-8.01183
-8.01595
-8.02006
-8.02418
-8.02829
-8.03241
-8.03653
-8.04064
-8.04476
-8.04888
-8.05300
-8.05712
-8.06124
-8.06536
-8.06948
-8.07360
-8.07772
-8.08184
-8.08597
-8.09009
-8.09421
-8.09834
-8.10246
-8.10658
-8.11071
-8.11483
-8.11896
-8.12309
-8.12721
-8.13134
-8.13547
-8.13960
-8.14373
-8.14786
-8.15198
-8.15612
-8.16025
-8.16438
-8.16851
-8.17264
-8.17677
-8.18091
-8.18504
-8.18917
-8.19331
-8.19744
-8.20158
-8.20571
-8.20985
-8.21398
-8.21812
-8.22226
-8.22640
-8.23053
-8.23467
-8.23881
-8.24295
-8.24709
-8.25123
-8.25537
-8.25952
-8.26366
-8.26780
-8.27194
-8.27609
-8.28023
-8.28437
-8.28852
-8.29266
-8.29681
-8.30096
-8.30510
-8.30925
-8.31340
-8.31754
-8.32169
-8.32584
-8.32999
-8.33414
-8.33829
-8.34244
-8.34659
-8.35074
-8.35490
-8.35905
-8.36320
-8.36736
-8.37151
-8.37566
-8.37982
-8.38397
-8.38813
-8.39229
-8.39644
-8.40060
-8.40476
-8.40892
-8.41307
-8.41723
-8.42139
-8.42555
-8.42971
-8.43387
-8.43803
-8.44220
-8.44636
-8.45052
-8.45468
-8.45885
-8.46301
-8.46718
-8.47134
-8.47551
-8.47967
-8.48384
-8.48801
-8.49217
-8.49634
-8.50051
-8.50468
-8.50885
-8.51302
-8.51719
-8.52136
-8.52553
-8.52970
-8.53387
-8.53805
-8.54222
-8.54639
-8.55057
-8.55474
-8.55891
-8.56309
-8.56727
-8.57144
-8.57562
-8.57980
-8.58397
-8.58815
-8.59233
-8.59651
-8.60069
-8.60487
-8.60905
-8.61323
-8.61741
-8.62159
-8.62577
-8.62996
-8.63414
-8.63832
-8.64251
-8.64669
-8.65088
-8.65506
-8.65925
-8.66344
-8.66762
-8.67181
-8.67600
-8.68019
-8.68437
-8.68856
-8.69275
-8.69694
-8.70113
-8.70533
-8.70952
-8.71371
-8.71790
-8.72209
-8.72629
-8.73048
-8.73468
-8.73887
-8.74307
-8.74726
-8.75146
-8.75566
-8.75985
-8.76405
-8.76825
-8.77245
-8.77665
-8.78085
-8.78505
-8.78925
-8.79345
-8.79765
-8.80185
-8.80605
-8.81026
-8.81446
-8.81866
-8.82287
-8.82707
-8.83128
-8.83548
-8.83969
-8.84390
-8.84810
-8.85231
-8.85652
-8.86073
-8.86494
-8.86915
-8.87336
-8.87757
-8.88178
-8.88599
-8.89020
-8.89441
-8.89863
-8.90284
-8.90705
-8.91127
-8.91548
-8.91970
-8.92391
-8.92813
-8.93235
-8.93656
-8.94078
-8.94500
-8.94922
-8.95344
-8.95766
-8.96188
-8.96610
-8.97032
-8.97454
-8.97876
-8.98298
-8.98721
-8.99143
-8.99565
-8.99988
-9.00410
-9.00833
-9.01255
-9.01678
-9.02101
-9.02523
-9.02946
-9.03369
-9.03792
-9.04215
-9.04638
-9.05061
-9.05484
-9.05907
-9.06330
-9.06753
-9.07176
-9.07600
-9.08023
-9.08446
-9.08870
-9.09293
-9.09717
-9.10140
-9.10564
-9.10988
-9.11411
-9.11835
-9.12259
-9.12683
-9.13107
-9.13531
-9.13955
-9.14379
-9.14803
-9.15227
-9.15651
-9.16075
-9.16500
-9.16924
-9.17349
-9.17773
-9.18197
-9.18622
-9.19047
-9.19471
-9.19896
-9.20321
-9.20745
-9.21170
-9.21595
-9.22020
-9.22445
-9.22870
-9.23295
-9.23720
-9.24145
-9.24571
-9.24996
-9.25421
-9.25846
-9.26272
-9.26697
-9.27123
-9.27548
-9.27974
-9.28400
-9.28825
-9.29251
-9.29677
-9.30103
-9.30529
-9.30955
-9.31381
-9.31807
-9.32233
-9.32659
-9.33085
-9.33511
-9.33937
-9.34364
-9.34790
-9.35217
-9.35643
-9.36070
-9.36496
-9.36923
-9.37349
-9.37776
-9.38203
-9.38630
-9.39057
-9.39484
-9.39911
-9.40338
-9.40765
-9.41192
-9.41619
-9.42046
-9.42473
-9.42901
-9.43328
-9.43755
-9.44183
-9.44610
-9.45038
-9.45465
-9.45893
-9.46321
-9.46749
-9.47176
-9.47604
-9.48032
-9.48460
-9.48888
-9.49316
-9.49744
-9.50172
-9.50600
-9.51029
-9.51457
-9.51885
-9.52314
-9.52742
-9.53171
-9.53599
-9.54028
-9.54456
-9.54885
-9.55314
-9.55742
-9.56171
-9.56600
-9.57029
-9.57458
-9.57887
-9.58316
-9.58745
-9.59174
-9.59604
-9.60033
-9.60462
-9.60892
-9.61321
-9.61750
-9.62180
-9.62609
-9.63039
-9.63469
-9.63898
-9.64328
-9.64758
-9.65188
-9.65618
-9.66048
-9.66478
-9.66908
-9.67338
-9.67768
-9.68198
-9.68629
-9.69059
-9.69489
-9.69920
-9.70350
-9.70781
-9.71211
-9.71642
-9.72072
-9.72503
-9.72934
-9.73365
-9.73795
-9.74226
-9.74657
-9.75088
-9.75519
-9.75950
-9.76382
-9.76813
-9.77244
-9.77675
-9.78107
-9.78538
-9.78970
-9.79401
-9.79833
-9.80264
-9.80696
-9.81127
-9.81559
-9.81991
-9.82423
-9.82855
-9.83287
-9.83719
-9.84151
-9.84583
-9.85015
-9.85447
-9.85879
-9.86312
-9.86744
-9.87176
-9.87609
-9.88041
-9.88474
-9.88907
-9.89339
-9.89772
-9.90205
-9.90637
-9.91070
-9.91503
-9.91936
-9.92369
-9.92802
-9.93235
-9.93668
-9.94102
-9.94535
-9.94968
-9.95401
-9.95835
-9.96268
-9.96702
-9.97135
-9.97569
-9.98003
-9.98436
-9.98870
-9.99304
-9.99738
-10.00172
-10.00606
-10.01040
-10.01474
-10.01908
-10.02342
-10.02776
-10.03210
-10.03645
-10.04079
-10.04513
-10.04948
-10.05382
-10.05817
-10.06252
-10.06686
-10.07121
-10.07556
-10.07990
-10.08425
-10.08860
-10.09295
-10.09730
-10.10165
-10.10600
-10.11036
-10.11471
-10.11906
-10.12341
-10.12777
-10.13212
-10.13648
-10.14083
-10.14519
-10.14954
-10.15390
-10.15826
-10.16261
-10.16697
-10.17133
-10.17569
-10.18005
-10.18441
-10.18877
-10.19313
-10.19749
-10.20186
-10.20622
-10.21058
-10.21495
-10.21931
-10.22368
-10.22804
-10.23241
-10.23677
-10.24114
-10.24551
-10.24988
-10.25424
-10.25861
-10.26298
-10.26735
-10.27172
-10.27609
-10.28047
-10.28484
-10.28921
-10.29358
-10.29796
-10.30233
-10.30671
-10.31108
-10.31546
-10.31983
-10.32421
-10.32859
-10.33296
-10.33734
-10.34172
-10.34610
-10.35048
-10.35486
-10.35924
-10.36362
-10.36800
-10.37239
-10.37677
-10.38115
-10.38554
-10.38992
-10.39430
-10.39869
-10.40308
-10.40746
-10.41185
-10.41624
-10.42062
-10.42501
-10.42940
-10.43379
-10.43818
-10.44257
-10.44696
-10.45135
-10.45575
-10.46014
-10.46453
-10.46893
-10.47332
-10.47771
-10.48211
-10.48651
-10.49090
-10.49530
-10.49970
-10.50409
-10.50849
-10.51289
-10.51729
-10.52169
-10.52609
-10.53049
-10.53489
-10.53929
-10.54370
-10.54810
-10.55250
-10.55691
-10.56131
-10.56572
-10.57012
-10.57453
-10.57893
-10.58334
-10.58775
-10.59216
-10.59657
-10.60098
-10.60539
-10.60980
-10.61421
-10.61862
-10.62303
-10.62744
-10.63185
-10.63627
-10.64068
-10.64510
-10.64951
-10.65393
-10.65834
-10.66276
-10.66718
-10.67159
-10.67601
-10.68043
-10.68485
-10.68927
-10.69369
-10.69811
-10.70253
-10.70695
-10.71137
-10.71580
-10.72022
-10.72464
-10.72907
-10.73349
-10.73792
-10.74234
-10.74677
-10.75120
-10.75563
-10.76005
-10.76448
-10.76891
-10.77334
-10.77777
-10.78220
-10.78663
-10.79106
-10.79550
-10.79993
-10.80436
-10.80880
-10.81323
-10.81767
-10.82210
-10.82654
-10.83097
-10.83541
-10.83985
-10.84429
-10.84872
-10.85316
-10.85760
-10.86204
-10.86648
-10.87092
-10.87537
-10.87981
-10.88425
-10.88869
-10.89314
-10.89758
-10.90203
-10.90647
-10.91092
-10.91537
-10.91981
-10.92426
-10.92871
-10.93316
-10.93761
-10.94206
-10.94651
-10.95096
-10.95541
-10.95986
-10.96431
-10.96876
-10.97322
-10.97767
-10.98213
-10.98658
-10.99104
-10.99549
-10.99995
-11.00441
-11.00886
-11.01332
-11.01778
-11.02224
-11.02670
-11.03116
-11.03562
-11.04008
-11.04454
-11.04901
-11.05347
-11.05793
-11.06240
-11.06686
-11.07133
-11.07579
-11.08026
-11.08472
-11.08919
-11.09366
-11.09813
-11.10260
-11.10707
-11.11154
-11.11601
-11.12048
-11.12495
-11.12942
-11.13389
-11.13837
-11.14284
-11.14731
-11.15179
-11.15626
-11.16074
-11.16522
-11.16969
-11.17417
-11.17865
-11.18313
-11.18761
-11.19209
-11.19657
-11.20105
-11.20553
-11.21001
-11.21449
-11.21897
-11.22346
-11.22794
-11.23243
-11.23691
-11.24140
-11.24588
-11.25037
-11.25486
-11.25934
-11.26383
-11.26832
-11.27281
-11.27730
-11.28179
-11.28628
-11.29077
-11.29526
-11.29976
-11.30425
-11.30874
-11.31324
-11.31773
-11.32223
-11.32672
-11.33122
-11.33572
-11.34021
-11.34471
-11.34921
-11.35371
-11.35821
-11.36271
-11.36721
-11.37171
-11.37621
-11.38071
-11.38522
-11.38972
-11.39422
-11.39873
-11.40323
-11.40774
-11.41225
-11.41675
-11.42126
-11.42577
-11.43027
-11.43478
-11.43929
-11.44380
-11.44831
-11.45282
-11.45734
-11.46185
-11.46636
-11.47087
-11.47539
-11.47990
-11.48442
-11.48893
-11.49345
-11.49796
-11.50248
-11.50700
-11.51152
-11.51603
-11.52055
-11.52507
-11.52959
-11.53411
-11.53864
-11.54316
-11.54768
-11.55220
-11.55673
-11.56125
-11.56578
-11.57030
-11.57483
-11.57935
-11.58388
-11.58841
-11.59294
-11.59746
-11.60199
-11.60652
-11.61105
-11.61558
-11.62011
-11.62465
-11.62918
-11.63371
-11.63824
-11.64278
-11.64731
-11.65185
-11.65638
-11.66092
-11.66546
-11.66999
-11.67453
-11.67907
-11.68361
-11.68815
-11.69269
-11.69723
-11.70177
-11.70631
-11.71085
-11.71540
-11.71994
-11.72448
-11.72903
-11.73357
-11.73812
-11.74267
-11.74721
-11.75176
-11.75631
-11.76086
-11.76541
-11.76995
-11.77450
-11.77906
-11.78361
-11.78816
-11.79271
-11.79726
-11.80182
-11.80637
-11.81092
-11.81548
-11.82004
-11.82459
-11.82915
-11.83371
-11.83826
-11.84282
-11.84738
-11.85194
-11.85650
-11.86106
-11.86562
-11.87018
-11.87475
-11.87931
-11.88387
-11.88844
-11.89300
-11.89757
-11.90213
-11.90670
-11.91126
-11.91583
-11.92040
-11.92497
-11.92954
-11.93411
-11.93868
-11.94325
-11.94782
-11.95239
-11.95696
-11.96154
-11.96611
-11.97068
-11.97526
-11.97983
-11.98441
-11.98898
-11.99356
-11.99814
-12.00272
-12.00730
-12.01187
-12.01645
-12.02103
-12.02562
-12.03020
-12.03478
-12.03936
-12.04394
-12.04853
-12.05311
-12.05770
-12.06228
-12.06687
-12.07145
-12.07604
-12.08063
-12.08522
-12.08981
-12.09439
-12.09898
-12.10357
-12.10817
-12.11276
-12.11735
-12.12194
-12.12653
-12.13113
-12.13572
-12.14032
-12.14491
-12.14951
-12.15411
-12.15870
-12.16330
-12.16790
-12.17250
-12.17710
-12.18170
-12.18630
-12.19090
-12.19550
-12.20010
-12.20471
-12.20931
-12.21391
-12.21852
-12.22312
-12.22773
-12.23233
-12.23694
-12.24155
-12.24616
-12.25077
-12.25537
-12.25998
-12.26459
-12.26920
-12.27382
-12.27843
-12.28304
-12.28765
-12.29227
-12.29688
-12.30150
-12.30611
-12.31073
-12.31534
-12.31996
-12.32458
-12.32920
-12.33382
-12.33844
-12.34306
-12.34768
-12.35230
-12.35692
-12.36154
-12.36616
-12.37079
-12.37541
-12.38004
-12.38466
-12.38929
-12.39391
-12.39854
-12.40317
-12.40779
-12.41242
-12.41705
-12.42168
-12.42631
-12.43094
-12.43557
-12.44021
-12.44484
-12.44947
-12.45411
-12.45874
-12.46338
-12.46801
-12.47265
-12.47728
-12.48192
-12.48656
-12.49120
-12.49584
-12.50047
-12.50511
-12.50976
-12.51440
-12.51904
-12.52368
-12.52832
-12.53297
-12.53761
-12.54226
-12.54690
-12.55155
-12.55619
-12.56084
-12.56549
-12.57014
-12.57479
-12.57943
-12.58408
-12.58874
-12.59339
-12.59804
-12.60269
-12.60734
-12.61200
-12.61665
-12.62130
-12.62596
-12.63062
-12.63527
-12.63993
-12.64459
-12.64924
-12.65390
-12.65856
-12.66322
-12.66788
-12.67254
-12.67720
-12.68187
-12.68653
-12.69119
-12.69586
-12.70052
-12.70519
-12.70985
-12.71452
-12.71919
-12.72385
-12.72852
-12.73319
-12.73786
-12.74253
-12.74720
-12.75187
-12.75654
-12.76121
-12.76589
-12.77056
-12.77523
-12.77991
-12.78458
-12.78926
-12.79393
-12.79861
-12.80329
-12.80797
-12.81264
-12.81732
-12.82200
-12.82668
-12.83136
-12.83605
-12.84073
-12.84541
-12.85009
-12.85478
-12.85946
-12.86415
-12.86883
-12.87352
-12.87821
-12.88289
-12.88758
-12.89227
-12.89696
-12.90165
-12.90634
-12.91103
-12.91572
-12.92041
-12.92511
-12.92980
-12.93449
-12.93919
-12.94388
-12.94858
-12.95327
-12.95797
-12.96267
-12.96737
-12.97206
-12.97676
-12.98146
-12.98616
-12.99086
-12.99557
-13.00027
-13.00497
-13.00967
-13.01438
-13.01908
-13.02379
-13.02849
-13.03320
-13.03791
-13.04261
-13.04732
-13.05203
-13.05674
-13.06145
-13.06616
-13.07087
-13.07558
-13.08030
-13.08501
-13.08972
-13.09444
-13.09915
-13.10387
-13.10858
-13.11330
-13.11802
-13.12273
-13.12745
-13.13217
-13.13689
-13.14161
-13.14633
-13.15105
-13.15577
-13.16050
-13.16522
-13.16994
-13.17467
-13.17939
-13.18412
-13.18884
-13.19357
-13.19830
-13.20302
-13.20775
-13.21248
-13.21721
-13.22194
-13.22667
-13.23140
-13.23614
-13.24087
-13.24560
-13.25034
-13.25507
-13.25980
-13.26454
-13.26928
-13.27401
-13.27875
-13.28349
-13.28823
-13.29297
-13.29771
-13.30245
-13.30719
-13.31193
-13.31667
-13.32141
-13.32616
-13.33090
-13.33565
-13.34039
-13.34514
-13.34988
-13.35463
-13.35938
-13.36413
-13.36888
-13.37363
-13.37838
-13.38313
-13.38788
-13.39263
-13.39738
-13.40214
-13.40689
-13.41164
-13.41640
-13.42115
-13.42591
-13.43067
-13.43543
-13.44018
-13.44494
-13.44970
-13.45446
-13.45922
-13.46398
-13.46874
-13.47351
-13.47827
-13.48303
-13.48780
-13.49256
-13.49733
-13.50209
-13.50686
-13.51163
-13.51639
-13.52116
-13.52593
-13.53070
-13.53547
-13.54024
-13.54501
-13.54979
-13.55456
-13.55933
-13.56411
-13.56888
-13.57365
-13.57843
-13.58321
-13.58798
-13.59276
-13.59754
-13.60232
-13.60710
-13.61188
-13.61666
-13.62144
-13.62622
-13.63100
-13.63579
-13.64057
-13.64535
-13.65014
-13.65493
-13.65971
-13.66450
-13.66929
-13.67407
-13.67886
-13.68365
-13.68844
-13.69323
-13.69802
-13.70281
-13.70761
-13.71240
-13.71719
-13.72199
-13.72678
-13.73158
-13.73637
-13.74117
-13.74597
-13.75077
-13.75556
-13.76036
-13.76516
-13.76996
-13.77476
-13.77957
-13.78437
-13.78917
-13.79397
-13.79878
-13.80358
-13.80839
-13.81319
-13.81800
-13.82281
-13.82762
-13.83242
-13.83723
-13.84204
-13.84685
-13.85166
-13.85648
-13.86129
-13.86610
-13.87091
-13.87573
-13.88054
-13.88536
-13.89017
-13.89499
-13.89981
-13.90462
-13.90944
-13.91426
-13.91908
-13.92390
-13.92872
-13.93354
-13.93837
-13.94319
-13.94801
-13.95284
-13.95766
-13.96249
-13.96731
-13.97214
-13.97697
-13.98179
-13.98662
-13.99145
-13.99628
-14.00111
-14.00594
-14.01077
-14.01561
-14.02044
-14.02527
-14.03011
-14.03494
-14.03978
-14.04461
-14.04945
-14.05429
-14.05912
-14.06396
-14.06880
-14.07364
-14.07848
-14.08332
-14.08816
-14.09301
-14.09785
-14.10269
-14.10754
-14.11238
-14.11723
-14.12207
-14.12692
-14.13177
-14.13661
-14.14146
-14.14631
-14.15116
-14.15601
-14.16086
-14.16571
-14.17057
-14.17542
-14.18027
-14.18513
-14.18998
-14.19484
-14.19969
-14.20455
-14.20941
-14.21427
-14.21912
-14.22398
-14.22884
-14.23370
-14.23857
-14.24343
-14.24829
-14.25315
-14.25802
-14.26288
-14.26775
-14.27261
-14.27748
-14.28234
-14.28721
-14.29208
-14.29695
-14.30182
-14.30669
-14.31156
-14.31643
-14.32130
-14.32617
-14.33105
-14.33592
-14.34080
-14.34567
-14.35055
-14.35542
-14.36030
-14.36518
-14.37006
-14.37494
-14.37982
-14.38470
-14.38958
-14.39446
-14.39934
-14.40422
-14.40911
-14.41399
-14.41888
-14.42376
-14.42865
-14.43353
-14.43842
-14.44331
-14.44820
-14.45309
-14.45798
-14.46287
-14.46776
-14.47265
-14.47754
-14.48244
-14.48733
-14.49223
-14.49712
-14.50202
-14.50691
-14.51181
-14.51671
-14.52161
-14.52650
-14.53140
-14.53630
-14.54121
-14.54611
-14.55101
-14.55591
-14.56082
-14.56572
-14.57062
-14.57553
-14.58044
-14.58534
-14.59025
-14.59516
-14.60007
-14.60498
-14.60989
-14.61480
-14.61971
-14.62462
-14.62953
-14.63445
-14.63936
-14.64427
-14.64919
-14.65410
-14.65902
-14.66394
-14.66886
-14.67377
-14.67869
-14.68361
-14.68853
-14.69345
-14.69838
-14.70330
-14.70822
-14.71314
-14.71807
-14.72299
-14.72792
-14.73285
-14.73777
-14.74270
-14.74763
-14.75256
-14.75749
-14.76242
-14.76735
-14.77228
-14.77721
-14.78214
-14.78708
-14.79201
-14.79695
-14.80188
-14.80682
-14.81175
-14.81669
-14.82163
-14.82657
-14.83151
-14.83645
-14.84139
-14.84633
-14.85127
-14.85621
-14.86116
-14.86610
-14.87104
-14.87599
-14.88094
-14.88588
-14.89083
-14.89578
-14.90073
-14.90568
-14.91063
-14.91558
-14.92053
-14.92548
-14.93043
-14.93538
-14.94034
-14.94529
-14.95025
-14.95520
-14.96016
-14.96512
-14.97007
-14.97503
-14.97999
-14.98495
-14.98991
-14.99487
-14.99983
-15.00480
-15.00976
-15.01472
-15.01969
-15.02465
-15.02962
-15.03459
-15.03955
-15.04452
-15.04949
-15.05446
-15.05943
-15.06440
-15.06937
-15.07434
-15.07931
-15.08429
-15.08926
-15.09423
-15.09921
-15.10418
-15.10916
-15.11414
-15.11911
-15.12409
-15.12907
-15.13405
-15.13903
-15.14401
-15.14899
-15.15398
-15.15896
-15.16394
-15.16893
-15.17391
-15.17890
-15.18388
-15.18887
-15.19386
-15.19885
-15.20384
-15.20883
-15.21382
-15.21881
-15.22380
-15.22879
-15.23378
-15.23878
-15.24377
-15.24877
-15.25376
-15.25876
-15.26376
-15.26876
-15.27375
-15.27875
-15.28375
-15.28875
-15.29375
-15.29876
-15.30376
-15.30876
-15.31376
-15.31877
-15.32377
-15.32878
-15.33379
-15.33879
-15.34380
-15.34881
-15.35382
-15.35883
-15.36384
-15.36885
-15.37386
-15.37888
-15.38389
-15.38890
-15.39392
-15.39893
-15.40395
-15.40897
-15.41398
-15.41900
-15.42402
-15.42904
-15.43406
-15.43908
-15.44410
-15.44912
-15.45415
-15.45917
-15.46419
-15.46922
-15.47424
-15.47927
-15.48430
-15.48932
-15.49435
-15.49938
-15.50441
-15.50944
-15.51447
-15.51950
-15.52453
-15.52957
-15.53460
-15.53964
-15.54467
-15.54971
-15.55474
-15.55978
-15.56482
-15.56986
-15.57489
-15.57993
-15.58498
-15.59002
-15.59506
-15.60010
-15.60514
-15.61019
-15.61523
-15.62028
-15.62532
-15.63037
-15.63542
-15.64047
-15.64551
-15.65056
-15.65561
-15.66066
-15.66572
-15.67077
-15.67582
-15.68087
-15.68593
-15.69098
-15.69604
-15.70109
-15.70615
-15.71121
-15.71627
-15.72133
-15.72639
-15.73145
-15.73651
-15.74157
-15.74663
-15.75169
-15.75676
-15.76182
-15.76689
-15.77195
-15.77702
-15.78209
-15.78716
-15.79222
-15.79729
-15.80236
-15.80743
-15.81251
-15.81758
-15.82265
-15.82772
-15.83280
-15.83787
-15.84295
-15.84803
-15.85310
-15.85818
-15.86326
-15.86834
-15.87342
-15.87850
-15.88358
-15.88866
-15.89374
-15.89883
-15.90391
-15.90899
-15.91408
-15.91917
-15.92425
-15.92934
-15.93443
-15.93952
-15.94461
-15.94970
-15.95479
-15.95988
-15.96497
-15.97006
-15.97516
-15.98025
-15.98535
-15.99044
-15.99554
-16.00064
-16.00573
-16.01083
-16.01593
-16.02103
-16.02613
-16.03123
-16.03634
-16.04144
-16.04654
-16.05165
-16.05675
-16.06186
-16.06696
-16.07207
-16.07718
-16.08229
-16.08740
-16.09251
-16.09762
-16.10273
-16.10784
-16.11295
-16.11806
-16.12318
-16.12829
-16.13341
-16.13852
-16.14364
-16.14876
-16.15388
-16.15900
-16.16412
-16.16924
-16.17436
-16.17948
-16.18460
-16.18972
-16.19485
-16.19997
-16.20510
-16.21022
-16.21535
-16.22048
-16.22561
-16.23074
-16.23587
-16.24100
-16.24613
-16.25126
-16.25639
-16.26152
-16.26666
-16.27179
-16.27693
-16.28206
-16.28720
-16.29234
-16.29748
-16.30261
-16.30775
-16.31289
-16.31803
-16.32318
-16.32832
-16.33346
-16.33861
-16.34375
-16.34890
-16.35404
-16.35919
-16.36434
-16.36948
-16.37463
-16.37978
-16.38493
-16.39008
-16.39523
-16.40039
-16.40554
-16.41069
-16.41585
-16.42100
-16.42616
-16.43132
-16.43647
-16.44163
-16.44679
-16.45195
-16.45711
-16.46227
-16.46743
-16.47259
-16.47776
-16.48292
-16.48809
-16.49325
-16.49842
-16.50358
-16.50875
-16.51392
-16.51909
-16.52426
-16.52943
-16.53460
-16.53977
-16.54494
-16.55012
-16.55529
-16.56046
-16.56564
-16.57082
-16.57599
-16.58117
-16.58635
-16.59153
-16.59671
-16.60189
-16.60707
-16.61225
-16.61743
-16.62262
-16.62780
-16.63298
-16.63817
-16.64336
-16.64854
-16.65373
-16.65892
-16.66411
-16.66930
-16.67449
-16.67968
-16.68487
-16.69006
-16.69526
-16.70045
-16.70565
-16.71084
-16.71604
-16.72124
-16.72643
-16.73163
-16.73683
-16.74203
-16.74723
-16.75243
-16.75764
-16.76284
-16.76804
-16.77325
-16.77845
-16.78366
-16.78886
-16.79407
-16.79928
-16.80449
-16.80970
-16.81491
-16.82012
-16.82533
-16.83054
-16.83576
-16.84097
-16.84618
-16.85140
-16.85662
-16.86183
-16.86705
-16.87227
-16.87749
-16.88271
-16.88793
-16.89315
-16.89837
-16.90359
-16.90882
-16.91404
-16.91927
-16.92449
-16.92972
-16.93494
-16.94017
-16.94540
-16.95063
-16.95586
-16.96109
-16.96632
-16.97156
-16.97679
-16.98202
-16.98726
-16.99249
-16.99773
-17.00296
-17.00820
-17.01344
-17.01868
-17.02392
-17.02916
-17.03440
-17.03964
-17.04488
-17.05013
-17.05537
-17.06062
-17.06586
-17.07111
-17.07636
-17.08160
-17.08685
-17.09210
-17.09735
-17.10260
-17.10785
-17.11311
-17.11836
-17.12361
-17.12887
-17.13412
-17.13938
-17.14463
-17.14989
-17.15515
-17.16041
-17.16567
-17.17093
-17.17619
-17.18145
-17.18671
-17.19198
-17.19724
-17.20251
-17.20777
-17.21304
-17.21831
-17.22357
-17.22884
-17.23411
-17.23938
-17.24465
-17.24993
-17.25520
-17.26047
-17.26574
-17.27102
-17.27629
-17.28157
-17.28685
-17.29213
-17.29740
-17.30268
-17.30796
-17.31324
-17.31852
-17.32381
-17.32909
-17.33437
-17.33966
-17.34494
-17.35023
-17.35552
-17.36080
-17.36609
-17.37138
-17.37667
-17.38196
-17.38725
-17.39254
-17.39784
-17.40313
-17.40842
-17.41372
-17.41901
-17.42431
-17.42961
-17.43491
-17.44021
-17.44550
-17.45081
-17.45611
-17.46141
-17.46671
-17.47201
-17.47732
-17.48262
-17.48793
-17.49323
-17.49854
-17.50385
-17.50916
-17.51447
-17.51978
-17.52509
-17.53040
-17.53571
-17.54103
-17.54634
-17.55165
-17.55697
-17.56229
-17.56760
-17.57292
-17.57824
-17.58356
-17.58888
-17.59420
-17.59952
-17.60484
-17.61017
-17.61549
-17.62082
-17.62614
-17.63147
-17.63679
-17.64212
-17.64745
-17.65278
-17.65811
-17.66344
-17.66877
-17.67410
-17.67944
-17.68477
-17.69011
-17.69544
-17.70078
-17.70611
-17.71145
-17.71679
-17.72213
-17.72747
-17.73281
-17.73815
-17.74349
-17.74884
-17.75418
-17.75953
-17.76487
-17.77022
-17.77556
-17.78091
-17.78626
-17.79161
-17.79696
-17.80231
-17.80766
-17.81301
-17.81837
-17.82372
-17.82908
-17.83443
-17.83979
-17.84514
-17.85050
-17.85586
-17.86122
-17.86658
-17.87194
-17.87730
-17.88266
-17.88803
-17.89339
-17.89876
-17.90412
-17.90949
-17.91485
-17.92022
-17.92559
-17.93096
-17.93633
-17.94170
-17.94707
-17.95245
-17.95782
-17.96319
-17.96857
-17.97394
-17.97932
-17.98470
-17.99007
-17.99545
-18.00083
-18.00621
-18.01159
-18.01698
-18.02236
-18.02774
-18.03313
-18.03851
-18.04390
-18.04928
-18.05467
-18.06006
-18.06545
-18.07084
-18.07623
-18.08162
-18.08701
-18.09240
-18.09780
-18.10319
-18.10859
-18.11398
-18.11938
-18.12478
-18.13018
-18.13558
-18.14097
-18.14638
-18.15178
-18.15718
-18.16258
-18.16799
-18.17339
-18.17880
-18.18420
-18.18961
-18.19502
-18.20043
-18.20583
-18.21124
-18.21666
-18.22207
-18.22748
-18.23289
-18.23831
-18.24372
-18.24914
-18.25455
-18.25997
-18.26539
-18.27081
-18.27623
-18.28165
-18.28707
-18.29249
-18.29791
-18.30334
-18.30876
-18.31419
-18.31961
-18.32504
-18.33047
-18.33590
-18.34133
-18.34676
-18.35219
-18.35762
-18.36305
-18.36848
-18.37392
-18.37935
-18.38479
-18.39022
-18.39566
-18.40110
-18.40654
-18.41198
-18.41742
-18.42286
-18.42830
-18.43374
-18.43919
-18.44463
-18.45008
-18.45552
-18.46097
-18.46642
-18.47186
-18.47731
-18.48276
-18.48821
-18.49367
-18.49912
-18.50457
-18.51003
-18.51548
-18.52094
-18.52639
-18.53185
-18.53731
-18.54277
-18.54823
-18.55369
-18.55915
-18.56461
-18.57007
-18.57554
-18.58100
-18.58646
-18.59193
-18.59740
-18.60287
-18.60833
-18.61380
-18.61927
-18.62474
-18.63022
-18.63569
-18.64116
-18.64664
-18.65211
-18.65759
-18.66306
-18.66854
-18.67402
-18.67950
-18.68498
-18.69046
-18.69594
-18.70142
-18.70690
-18.71239
-18.71787
-18.72336
-18.72884
-18.73433
-18.73982
-18.74531
-18.75080
-18.75629
-18.76178
-18.76727
-18.77276
-18.77826
-18.78375
-18.78925
-18.79474
-18.80024
-18.80574
-18.81124
-18.81673
-18.82223
-18.82774
-18.83324
-18.83874
-18.84424
-18.84975
-18.85525
-18.86076
-18.86627
-18.87177
-18.87728
-18.88279
-18.88830
-18.89381
-18.89932
-18.90483
-18.91035
-18.91586
-18.92138
-18.92689
-18.93241
-18.93793
-18.94344
-18.94896
-18.95448
-18.96000
-18.96553
-18.97105
-18.97657
-18.98209
-18.98762
-18.99314
-18.99867
-19.00420
-19.00973
-19.01526
-19.02078
-19.02632
-19.03185
-19.03738
-19.04291
-19.04845
-19.05398
-19.05952
-19.06505
-19.07059
-19.07613
-19.08167
-19.08721
-19.09275
-19.09829
-19.10383
-19.10937
-19.11492
-19.12046
-19.12601
-19.13155
-19.13710
-19.14265
-19.14820
-19.15374
-19.15930
-19.16485
-19.17040
-19.17595
-19.18151
-19.18706
-19.19262
-19.19817
-19.20373
-19.20929
-19.21484
-19.22040
-19.22596
-19.23153
-19.23709
-19.24265
-19.24821
-19.25378
-19.25934
-19.26491
-19.27048
-19.27605
-19.28161
-19.28718
-19.29275
-19.29833
-19.30390
-19.30947
-19.31504
-19.32062
-19.32619
-19.33177
-19.33735
-19.34293
-19.34850
-19.35408
-19.35967
-19.36525
-19.37083
-19.37641
-19.38200
-19.38758
-19.39317
-19.39875
-19.40434
-19.40993
-19.41552
-19.42111
-19.42670
-19.43229
-19.43788
-19.44347
-19.44907
-19.45466
-19.46026
-19.46585
-19.47145
-19.47705
-19.48265
-19.48825
-19.49385
-19.49945
-19.50505
-19.51066
-19.51626
-19.52187
-19.52747
-19.53308
-19.53869
-19.54429
-19.54990
-19.55551
-19.56113
-19.56674
-19.57235
-19.57796
-19.58358
-19.58919
-19.59481
-19.60043
-19.60604
-19.61166
-19.61728
-19.62290
-19.62852
-19.63415
-19.63977
-19.64539
-19.65102
-19.65664
-19.66227
-19.66790
-19.67352
-19.67915
-19.68478
-19.69041
-19.69604
-19.70168
-19.70731
-19.71294
-19.71858
-19.72421
-19.72985
-19.73549
-19.74113
-19.74677
-19.75241
-19.75805
-19.76369
-19.76933
-19.77497
-19.78062
-19.78626
-19.79191
-19.79756
-19.80320
-19.80885
-19.81450
-19.82015
-19.82580
-19.83146
-19.83711
-19.84276
-19.84842
-19.85407
-19.85973
-19.86539
-19.87105
-19.87670
-19.88236
-19.88803
-19.89369
-19.89935
-19.90501
-19.91068
-19.91634
-19.92201
-19.92767
-19.93334
-19.93901
-19.94468
-19.95035
-19.95602
-19.96169
-19.96737
-19.97304
-19.97872
-19.98439
-19.99007
-19.99574
-20.00142
-20.00710
-20.01278
-20.01846
-20.02414
-20.02983
-20.03551
-20.04119
-20.04688
-20.05257
-20.05825
-20.06394
-20.06963
-20.07532
-20.08101
-20.08670
-20.09239
-20.09808
-20.10378
-20.10947
-20.11517
-20.12086
-20.12656
-20.13226
-20.13796
-20.14366
-20.14936
-20.15506
-20.16077
-20.16647
-20.17217
-20.17788
-20.18358
-20.18929
-20.19500
-20.20071
-20.20642
-20.21213
-20.21784
-20.22355
-20.22927
-20.23498
-20.24069
-20.24641
-20.25213
-20.25784
-20.26356
-20.26928
-20.27500
-20.28072
-20.28645
-20.29217
-20.29789
-20.30362
-20.30934
-20.31507
-20.32080
-20.32653
-20.33225
-20.33798
-20.34372
-20.34945
-20.35518
-20.36091
-20.36665
-20.37238
-20.37812
-20.38386
-20.38960
-20.39533
-20.40107
-20.40681
-20.41256
-20.41830
-20.42404
-20.42979
-20.43553
-20.44128
-20.44702
-20.45277
-20.45852
-20.46427
-20.47002
-20.47577
-20.48153
-20.48728
-20.49303
-20.49879
-20.50454
-20.51030
-20.51606
-20.52182
-20.52758
-20.53334
-20.53910
-20.54486
-20.55062
-20.55639
-20.56215
-20.56792
-20.57368
-20.57945
-20.58522
-20.59099
-20.59676
-20.60253
-20.60830
-20.61408
-20.61985
-20.62562
-20.63140
-20.63718
-20.64295
-20.64873
-20.65451
-20.66029
-20.66607
-20.67186
-20.67764
-20.68342
-20.68921
-20.69499
-20.70078
-20.70657
-20.71236
-20.71814
-20.72393
-20.72973
-20.73552
-20.74131
-20.74710
-20.75290
-20.75869
-20.76449
-20.77029
-20.77609
-20.78189
-20.78769
-20.79349
-20.79929
-20.80509
-20.81090
-20.81670
-20.82251
-20.82831
-20.83412
-20.83993
-20.84574
-20.85155
-20.85736
-20.86317
-20.86898
-20.87480
-20.88061
-20.88643
-20.89225
-20.89806
-20.90388
-20.90970
-20.91552
-20.92134
-20.92716
-20.93299
-20.93881
-20.94464
-20.95046
-20.95629
-20.96212
-20.96794
-20.97377
-20.97960
-20.98544
-20.99127
-20.99710
-21.00294
-21.00877
-21.01461
-21.02044
-21.02628
-21.03212
-21.03796
-21.04380
-21.04964
-21.05548
-21.06133
-21.06717
-21.07302
-21.07886
-21.08471
-21.09056
-21.09641
-21.10226
-21.10811
-21.11396
-21.11981
-21.12566
-21.13152
-21.13737
-21.14323
-21.14909
-21.15494
-21.16080
-21.16666
-21.17252
-21.17839
-21.18425
-21.19011
-21.19598
-21.20184
-21.20771
-21.21358
-21.21945
-21.22531
-21.23118
-21.23706
-21.24293
-21.24880
-21.25468
-21.26055
-21.26643
-21.27230
-21.27818
-21.28406
-21.28994
-21.29582
-21.30170
-21.30758
-21.31347
-21.31935
-21.32524
-21.33112
-21.33701
-21.34290
-21.34879
-21.35468
-21.36057
-21.36646
-21.37235
-21.37824
-21.38414
-21.39003
-21.39593
-21.40183
-21.40773
-21.41363
-21.41953
-21.42543
-21.43133
-21.43723
-21.44314
-21.44904
-21.45495
-21.46085
-21.46676
-21.47267
-21.47858
-21.48449
-21.49040
-21.49631
-21.50223
-21.50814
-21.51406
-21.51997
-21.52589
-21.53181
-21.53773
-21.54365
-21.54957
-21.55549
-21.56141
-21.56734
-21.57326
-21.57919
-21.58512
-21.59104
-21.59697
-21.60290
-21.60883
-21.61476
-21.62070
-21.62663
-21.63256
-21.63850
-21.64444
-21.65037
-21.65631
-21.66225
-21.66819
-21.67413
-21.68007
-21.68602
-21.69196
-21.69790
-21.70385
-21.70980
-21.71574
-21.72169
-21.72764
-21.73359
-21.73955
-21.74550
-21.75145
-21.75741
-21.76336
-21.76932
-21.77527
-21.78123
-21.78719
-21.79315
-21.79911
-21.80508
-21.81104
-21.81700
-21.82297
-21.82893
-21.83490
-21.84087
-21.84684
-21.85281
-21.85878
-21.86475
-21.87072
-21.87670
-21.88267
-21.88865
-21.89462
-21.90060
-21.90658
-21.91256
-21.91854
-21.92452
-21.93050
-21.93649
-21.94247
-21.94846
-21.95444
-21.96043
-21.96642
-21.97241
-21.97840
-21.98439
-21.99038
-21.99637
-22.00237
-22.00836
-22.01436
-22.02036
-22.02635
-22.03235
-22.03835
-22.04435
-22.05036
-22.05636
-22.06236
-22.06837
-22.07437
-22.08038
-22.08639
-22.09240
-22.09841
-22.10442
-22.11043
-22.11644
-22.12246
-22.12847
-22.13449
-22.14050
-22.14652
-22.15254
-22.15856
-22.16458
-22.17060
-22.17662
-22.18265
-22.18867
-22.19470
-22.20072
-22.20675
-22.21278
-22.21881
-22.22484
-22.23087
-22.23690
-22.24293
-22.24897
-22.25500
-22.26104
-22.26708
-22.27312
-22.27915
-22.28519
-22.29124
-22.29728
-22.30332
-22.30937
-22.31541
-22.32146
-22.32750
-22.33355
-22.33960
-22.34565
-22.35170
-22.35775
-22.36381
-22.36986
-22.37592
-22.38197
-22.38803
-22.39409
-22.40015
-22.40621
-22.41227
-22.41833
-22.42439
-22.43046
-22.43652
-22.44259
-22.44865
-22.45472
-22.46079
-22.46686
-22.47293
-22.47900
-22.48508
-22.49115
-22.49723
-22.50330
-22.50938
-22.51546
-22.52154
-22.52762
-22.53370
-22.53978
-22.54586
-22.55195
-22.55803
-22.56412
-22.57020
-22.57629
-22.58238
-22.58847
-22.59456
-22.60065
-22.60675
-22.61284
-22.61894
-22.62503
-22.63113
-22.63723
-22.64333
-22.64943
-22.65553
-22.66163
-22.66773
-22.67384
-22.67994
-22.68605
-22.69216
-22.69826
-22.70437
-22.71048
-22.71660
-22.72271
-22.72882
-22.73494
-22.74105
-22.74717
-22.75328
-22.75940
-22.76552
-22.77164
-22.77776
-22.78389
-22.79001
-22.79613
-22.80226
-22.80839
-22.81451
-22.82064
-22.82677
-22.83290
-22.83903
-22.84517
-22.85130
-22.85743
-22.86357
-22.86971
-22.87584
-22.88198
-22.88812
-22.89426
-22.90041
-22.90655
-22.91269
-22.91884
-22.92498
-22.93113
-22.93728
-22.94343
-22.94958
-22.95573
-22.96188
-22.96803
-22.97419
-22.98034
-22.98650
-22.99265
-22.99881
-23.00497
-23.01113
-23.01729
-23.02346
-23.02962
-23.03578
-23.04195
-23.04812
-23.05428
-23.06045
-23.06662
-23.07279
-23.07896
-23.08514
-23.09131
-23.09748
-23.10366
-23.10984
-23.11601
-23.12219
-23.12837
-23.13455
-23.14074
-23.14692
-23.15310
-23.15929
-23.16547
-23.17166
-23.17785
-23.18404
-23.19023
-23.19642
-23.20261
-23.20880
-23.21500
-23.22120
-23.22739
-23.23359
-23.23979
-23.24599
-23.25219
-23.25839
-23.26459
-23.27080
-23.27700
-23.28321
-23.28941
-23.29562
-23.30183
-23.30804
-23.31425
-23.32046
-23.32668
-23.33289
-23.33911
-23.34532
-23.35154
-23.35776
-23.36398
-23.37020
-23.37642
-23.38264
-23.38887
-23.39509
-23.40132
-23.40754
-23.41377
-23.42000
-23.42623
-23.43246
-23.43869
-23.44493
-23.45116
-23.45740
-23.46363
-23.46987
-23.47611
-23.48235
-23.48859
-23.49483
-23.50107
-23.50732
-23.51356
-23.51981
-23.52605
-23.53230
-23.53855
-23.54480
-23.55105
-23.55730
-23.56356
-23.56981
-23.57607
-23.58232
-23.58858
-23.59484
-23.60110
-23.60736
-23.61362
-23.61988
-23.62615
-23.63241
-23.63868
-23.64495
-23.65121
-23.65748
-23.66375
-23.67003
-23.67630
-23.68257
-23.68885
-23.69512
-23.70140
-23.70768
-23.71395
-23.72023
-23.72652
-23.73280
-23.73908
-23.74536
-23.75165
-23.75794
-23.76422
-23.77051
-23.77680
-23.78309
-23.78938
-23.79568
-23.80197
-23.80827
-23.81456
-23.82086
-23.82716
-23.83346
-23.83976
-23.84606
-23.85236
-23.85866
-23.86497
-23.87127
-23.87758
-23.88389
-23.89020
-23.89651
-23.90282
-23.90913
-23.91544
-23.92176
-23.92807
-23.93439
-23.94071
-23.94703
-23.95335
-23.95967
-23.96599
-23.97231
-23.97864
-23.98496
-23.99129
-23.99761
-24.00394
-24.01027
-24.01660
-24.02293
-24.02927
-24.03560
-24.04194
-24.04827
-24.05461
-24.06095
-24.06729
-24.07363
-24.07997
-24.08631
-24.09266
-24.09900
-24.10535
-24.11169
-24.11804
-24.12439
-24.13074
-24.13709
-24.14344
-24.14980
-24.15615
-24.16251
-24.16887
-24.17522
-24.18158
-24.18794
-24.19430
-24.20067
-24.20703
-24.21339
-24.21976
-24.22613
-24.23249
-24.23886
-24.24523
-24.25160
-24.25798
-24.26435
-24.27072
-24.27710
-24.28348
-24.28985
-24.29623
-24.30261
-24.30899
-24.31538
-24.32176
-24.32814
-24.33453
-24.34092
-24.34730
-24.35369
-24.36008
-24.36647
-24.37286
-24.37926
-24.38565
-24.39205
-24.39844
-24.40484
-24.41124
-24.41764
-24.42404
-24.43044
-24.43685
-24.44325
-24.44966
-24.45606
-24.46247
-24.46888
-24.47529
-24.48170
-24.48811
-24.49453
-24.50094
-24.50736
-24.51377
-24.52019
-24.52661
-24.53303
-24.53945
-24.54587
-24.55230
-24.55872
-24.56515
-24.57157
-24.57800
-24.58443
-24.59086
-24.59729
-24.60372
-24.61016
-24.61659
-24.62303
-24.62946
-24.63590
-24.64234
-24.64878
-24.65522
-24.66167
-24.66811
-24.67455
-24.68100
-24.68745
-24.69390
-24.70034
-24.70680
-24.71325
-24.71970
-24.72615
-24.73261
-24.73906
-24.74552
-24.75198
-24.75844
-24.76490
-24.77136
-24.77782
-24.78429
-24.79075
-24.79722
-24.80369
-24.81016
-24.81662
-24.82310
-24.82957
-24.83604
-24.84251
-24.84899
-24.85547
-24.86194
-24.86842
-24.87490
-24.88138
-24.88787
-24.89435
-24.90083
-24.90732
-24.91381
-24.92029
-24.92678
-24.93327
-24.93976
-24.94626
-24.95275
-24.95924
-24.96574
-24.97224
-24.97874
-24.98524
-24.99174
-24.99824
-25.00474
-25.01124
-25.01775
-25.02426
-25.03076
-25.03727
-25.04378
-25.05029
-25.05680
-25.06332
-25.06983
-25.07635
-25.08286
-25.08938
-25.09590
-25.10242
-25.10894
-25.11546
-25.12199
-25.12851
-25.13504
-25.14157
-25.14809
-25.15462
-25.16115
-25.16769
-25.17422
-25.18075
-25.18729
-25.19382
-25.20036
-25.20690
-25.21344
-25.21998
-25.22652
-25.23307
-25.23961
-25.24615
-25.25270
-25.25925
-25.26580
-25.27235
-25.27890
-25.28545
-25.29201
-25.29856
-25.30512
-25.31167
-25.31823
-25.32479
-25.33135
-25.33792
-25.34448
-25.35104
-25.35761
-25.36418
-25.37074
-25.37731
-25.38388
-25.39045
-25.39703
-25.40360
-25.41017
-25.41675
-25.42333
-25.42991
-25.43649
-25.44307
-25.44965
-25.45623
-25.46282
-25.46940
-25.47599
-25.48258
-25.48916
-25.49575
-25.50235
-25.50894
-25.51553
-25.52213
-25.52872
-25.53532
-25.54192
-25.54852
-25.55512
-25.56172
-25.56832
-25.57493
-25.58153
-25.58814
-25.59475
-25.60136
-25.60797
-25.61458
-25.62119
-25.62781
-25.63442
-25.64104
-25.64766
-25.65427
-25.66089
-25.66751
-25.67414
-25.68076
-25.68738
-25.69401
-25.70064
-25.70727
-25.71390
-25.72053
-25.72716
-25.73379
-25.74042
-25.74706
-25.75370
-25.76033
-25.76697
-25.77361
-25.78025
-25.78690
-25.79354
-25.80019
-25.80683
-25.81348
-25.82013
-25.82678
-25.83343
-25.84008
-25.84674
-25.85339
-25.86005
-25.86670
-25.87336
-25.88002
-25.88668
-25.89334
-25.90001
-25.90667
-25.91334
-25.92000
-25.92667
-25.93334
-25.94001
-25.94668
-25.95336
-25.96003
-25.96671
-25.97338
-25.98006
-25.98674
-25.99342
-26.00010
-26.00678
-26.01347
-26.02015
-26.02684
-26.03352
-26.04021
-26.04690
-26.05359
-26.06029
-26.06698
-26.07367
-26.08037
-26.08707
-26.09377
-26.10047
-26.10717
-26.11387
-26.12057
-26.12728
-26.13398
-26.14069
-26.14740
-26.15411
-26.16082
-26.16753
-26.17424
-26.18096
-26.18767
-26.19439
-26.20111
-26.20783
-26.21455
-26.22127
-26.22799
-26.23471
-26.24144
-26.24817
-26.25489
-26.26162
-26.26835
-26.27509
-26.28182
-26.28855
-26.29529
-26.30202
-26.30876
-26.31550
-26.32224
-26.32898
-26.33572
-26.34247
-26.34921
-26.35596
-26.36271
-26.36946
-26.37621
-26.38296
-26.38971
-26.39646
-26.40322
-26.40998
-26.41673
-26.42349
-26.43025
-26.43701
-26.44377
-26.45054
-26.45730
-26.46407
-26.47084
-26.47761
-26.48438
-26.49115
-26.49792
-26.50469
-26.51147
-26.51824
-26.52502
-26.53180
-26.53858
-26.54536
-26.55214
-26.55893
-26.56571
-26.57250
-26.57929
-26.58608
-26.59287
-26.59966
-26.60645
-26.61324
-26.62004
-26.62683
-26.63363
-26.64043
-26.64723
-26.65403
-26.66083
-26.66764
-26.67444
-26.68125
-26.68806
-26.69487
-26.70168
-26.70849
-26.71530
-26.72211
-26.72893
-26.73575
-26.74256
-26.74938
-26.75620
-26.76302
-26.76985
-26.77667
-26.78350
-26.79032
-26.79715
-26.80398
-26.81081
-26.81764
-26.82447
-26.83131
-26.83814
-26.84498
-26.85182
-26.85866
-26.86550
-26.87234
-26.87918
-26.88603
-26.89287
-26.89972
-26.90657
-26.91342
-26.92027
-26.92712
-26.93397
-26.94083
-26.94768
-26.95454
-26.96140
-26.96826
-26.97512
-26.98198
-26.98885
-26.99571
-27.00258
-27.00945
-27.01631
-27.02318
-27.03006
-27.03693
-27.04380
-27.05068
-27.05755
-27.06443
-27.07131
-27.07819
-27.08507
-27.09195
-27.09884
-27.10572
-27.11261
-27.11950
-27.12639
-27.13328
-27.14017
-27.14706
-27.15396
-27.16085
-27.16775
-27.17465
-27.18155
-27.18845
-27.19535
-27.20226
-27.20916
-27.21607
-27.22297
-27.22988
-27.23679
-27.24370
-27.25062
-27.25753
-27.26445
-27.27136
-27.27828
-27.28520
-27.29212
-27.29904
-27.30597
-27.31289
-27.31982
-27.32674
-27.33367
-27.34060
-27.34753
-27.35446
-27.36140
-27.36833
-27.37527
-27.38221
-27.38914
-27.39608
-27.40303
-27.40997
-27.41691
-27.42386
-27.43081
-27.43775
-27.44470
-27.45165
-27.45860
-27.46556
-27.47251
-27.47947
-27.48643
-27.49338
-27.50034
-27.50731
-27.51427
-27.52123
-27.52820
-27.53516
-27.54213
-27.54910
-27.55607
-27.56304
-27.57002
-27.57699
-27.58397
-27.59094
-27.59792
-27.60490
-27.61188
-27.61886
-27.62585
-27.63283
-27.63982
-27.64681
-27.65380
-27.66079
-27.66778
-27.67477
-27.68177
-27.68876
-27.69576
-27.70276
-27.70976
-27.71676
-27.72376
-27.73076
-27.73777
-27.74477
-27.75178
-27.75879
-27.76580
-27.77281
-27.77983
-27.78684
-27.79386
-27.80087
-27.80789
-27.81491
-27.82193
-27.82896
-27.83598
-27.84300
-27.85003
-27.85706
-27.86409
-27.87112
-27.87815
-27.88518
-27.89222
-27.89925
-27.90629
-27.91333
-27.92037
-27.92741
-27.93445
-27.94150
-27.94854
-27.95559
-27.96264
-27.96969
-27.97674
-27.98379
-27.99084
-27.99790
-28.00495
-28.01201
-28.01907
-28.02613
-28.03319
-28.04026
-28.04732
-28.05439
-28.06145
-28.06852
-28.07559
-28.08266
-28.08974
-28.09681
-28.10388
-28.11096
-28.11804
-28.12512
-28.13220
-28.13928
-28.14636
-28.15345
-28.16054
-28.16762
-28.17471
-28.18180
-28.18889
-28.19599
-28.20308
-28.21018
-28.21727
-28.22437
-28.23147
-28.23857
-28.24568
-28.25278
-28.25989
-28.26699
-28.27410
-28.28121
-28.28832
-28.29543
-28.30255
-28.30966
-28.31678
-28.32390
-28.33102
-28.33814
-28.34526
-28.35238
-28.35951
-28.36663
-28.37376
-28.38089
-28.38802
-28.39515
-28.40228
-28.40942
-28.41656
-28.42369
-28.43083
-28.43797
-28.44511
-28.45226
-28.45940
-28.46654
-28.47369
-28.48084
-28.48799
-28.49514
-28.50229
-28.50945
-28.51660
-28.52376
-28.53092
-28.53808
-28.54524
-28.55240
-28.55956
-28.56673
-28.57390
-28.58106
-28.58823
-28.59540
-28.60258
-28.60975
-28.61692
-28.62410
-28.63128
-28.63846
-28.64564
-28.65282
-28.66000
-28.66719
-28.67437
-28.68156
-28.68875
-28.69594
-28.70313
-28.71033
-28.71752
-28.72472
-28.73192
-28.73911
-28.74631
-28.75352
-28.76072
-28.76792
-28.77513
-28.78234
-28.78955
-28.79676
-28.80397
-28.81118
-28.81840
-28.82561
-28.83283
-28.84005
-28.84727
-28.85449
-28.86171
-28.86894
-28.87616
-28.88339
-28.89062
-28.89785
-28.90508
-28.91231
-28.91955
-28.92678
-28.93402
-28.94126
-28.94850
-28.95574
-28.96298
-28.97023
-28.97747
-28.98472
-28.99197
-28.99922
-29.00647
-29.01372
-29.02098
-29.02824
-29.03549
-29.04275
-29.05001
-29.05727
-29.06454
-29.07180
-29.07907
-29.08633
-29.09360
-29.10087
-29.10815
-29.11542
-29.12269
-29.12997
-29.13725
-29.14453
-29.15181
-29.15909
-29.16637
-29.17366
-29.18094
-29.18823
-29.19552
-29.20281
-29.21010
-29.21739
-29.22469
-29.23199
-29.23928
-29.24658
-29.25388
-29.26119
-29.26849
-29.27579
-29.28310
-29.29041
-29.29772
-29.30503
-29.31234
-29.31966
-29.32697
-29.33429
-29.34161
-29.34893
-29.35625
-29.36357
-29.37089
-29.37822
-29.38555
-29.39287
-29.40020
-29.40754
-29.41487
-29.42220
-29.42954
-29.43688
-29.44421
-29.45156
-29.45890
-29.46624
-29.47358
-29.48093
-29.48828
-29.49563
-29.50298
-29.51033
-29.51768
-29.52504
-29.53239
-29.53975
-29.54711
-29.55447
-29.56184
-29.56920
-29.57656
-29.58393
-29.59130
-29.59867
-29.60604
-29.61341
-29.62079
-29.62816
-29.63554
-29.64292
-29.65030
-29.65768
-29.66506
-29.67245
-29.67983
-29.68722
-29.69461
-29.70200
-29.70939
-29.71679
-29.72418
-29.73158
-29.73898
-29.74638
-29.75378
-29.76118
-29.76858
-29.77599
-29.78340
-29.79081
-29.79822
-29.80563
-29.81304
-29.82045
-29.82787
-29.83529
-29.84271
-29.85013
-29.85755
-29.86497
-29.87240
-29.87982
-29.88725
-29.89468
-29.90211
-29.90955
-29.91698
-29.92442
-29.93185
-29.93929
-29.94673
-29.95417
-29.96162
-29.96906
-29.97651
-29.98395
-29.99140
-29.99885
-30.00631
-30.01376
-30.02122
-30.02867
-30.03613
-30.04359
-30.05105
-30.05852
-30.06598
-30.07345
-30.08091
-30.08838
-30.09585
-30.10332
-30.11080
-30.11827
-30.12575
-30.13323
-30.14071
-30.14819
-30.15567
-30.16316
-30.17064
-30.17813
-30.18562
-30.19311
-30.20060
-30.20809
-30.21559
-30.22308
-30.23058
-30.23808
-30.24558
-30.25309
-30.26059
-30.26810
-30.27560
-30.28311
-30.29062
-30.29813
-30.30565
-30.31316
-30.32068
-30.32820
-30.33572
-30.34324
-30.35076
-30.35829
-30.36581
-30.37334
-30.38087
-30.38840
-30.39593
-30.40346
-30.41100
-30.41853
-30.42607
-30.43361
-30.44115
-30.44870
-30.45624
-30.46379
-30.47133
-30.47888
-30.48643
-30.49399
-30.50154
-30.50910
-30.51665
-30.52421
-30.53177
-30.53933
-30.54690
-30.55446
-30.56203
-30.56959
-30.57716
-30.58474
-30.59231
-30.59988
-30.60746
-30.61503
-30.62261
-30.63019
-30.63778
-30.64536
-30.65294
-30.66053
-30.66812
-30.67571
-30.68330
-30.69089
-30.69849
-30.70608
-30.71368
-30.72128
-30.72888
-30.73648
-30.74409
-30.75169
-30.75930
-30.76691
-30.77452
-30.78213
-30.78975
-30.79736
-30.80498
-30.81260
-30.82022
-30.82784
-30.83546
-30.84308
-30.85071
-30.85834
-30.86597
-30.87360
-30.88123
-30.88887
-30.89650
-30.90414
-30.91178
-30.91942
-30.92706
-30.93470
-30.94235
-30.95000
-30.95764
-30.96529
-30.97295
-30.98060
-30.98825
-30.99591
-31.00357
-31.01123
-31.01889
-31.02655
-31.03422
-31.04188
-31.04955
-31.05722
-31.06489
-31.07256
-31.08024
-31.08791
-31.09559
-31.10327
-31.11095
-31.11863
-31.12632
-31.13400
-31.14169
-31.14938
-31.15707
-31.16476
-31.17246
-31.18015
-31.18785
-31.19555
-31.20325
-31.21095
-31.21865
-31.22636
-31.23406
-31.24177
-31.24948
-31.25719
-31.26490
-31.27262
-31.28034
-31.28805
-31.29577
-31.30349
-31.31122
-31.31894
-31.32667
-31.33440
-31.34212
-31.34986
-31.35759
-31.36532
-31.37306
-31.38080
-31.38854
-31.39628
-31.40402
-31.41176
-31.41951
-31.42726
-31.43500
-31.44276
-31.45051
-31.45826
-31.46602
-31.47377
-31.48153
-31.48929
-31.49706
-31.50482
-31.51259
-31.52035
-31.52812
-31.53589
-31.54366
-31.55144
-31.55921
-31.56699
-31.57477
-31.58255
-31.59033
-31.59811
-31.60590
-31.61369
-31.62148
-31.62927
-31.63706
-31.64485
-31.65265
-31.66044
-31.66824
-31.67604
-31.68384
-31.69165
-31.69945
-31.70726
-31.71507
-31.72288
-31.73069
-31.73851
-31.74632
-31.75414
-31.76196
-31.76978
-31.77760
-31.78542
-31.79325
-31.80107
-31.80890
-31.81673
-31.82457
-31.83240
-31.84023
-31.84807
-31.85591
-31.86375
-31.87159
-31.87944
-31.88728
-31.89513
-31.90298
-31.91083
-31.91868
-31.92654
-31.93439
-31.94225
-31.95011
-31.95797
-31.96583
-31.97369
-31.98156
-31.98943
-31.99730
-32.00517
-32.01304
-32.02091
-32.02879
-32.03667
-32.04455
-32.05243
-32.06031
-32.06820
-32.07608
-32.08397
-32.09186
-32.09975
-32.10764
-32.11554
-32.12343
-32.13133
-32.13923
-32.14713
-32.15504
-32.16294
-32.17085
-32.17876
-32.18667
-32.19458
-32.20249
-32.21041
-32.21832
-32.22624
-32.23416
-32.24209
-32.25001
-32.25793
-32.26586
-32.27379
-32.28172
-32.28965
-32.29759
-32.30552
-32.31346
-32.32140
-32.32934
-32.33728
-32.34523
-32.35318
-32.36112
-32.36907
-32.37702
-32.38498
-32.39293
-32.40089
-32.40885
-32.41681
-32.42477
-32.43273
-32.44070
-32.44866
-32.45663
-32.46460
-32.47258
-32.48055
-32.48853
-32.49650
-32.50448
-32.51246
-32.52045
-32.52843
-32.53642
-32.54440
-32.55239
-32.56039
-32.56838
-32.57637
-32.58437
-32.59237
-32.60037
-32.60837
-32.61637
-32.62438
-32.63239
-32.64040
-32.64841
-32.65642
-32.66443
-32.67245
-32.68047
-32.68849
-32.69651
-32.70453
-32.71256
-32.72058
-32.72861
-32.73664
-32.74467
-32.75271
-32.76074
-32.76878
-32.77682
-32.78486
-32.79290
-32.80094
-32.80899
-32.81704
-32.82509
-32.83314
-32.84119
-32.84925
-32.85730
-32.86536
-32.87342
-32.88148
-32.88955
-32.89761
-32.90568
-32.91375
-32.92182
-32.92989
-32.93797
-32.94604
-32.95412
-32.96220
-32.97028
-32.97837
-32.98645
-32.99454
-33.00263
-33.01072
-33.01881
-33.02691
-33.03500
-33.04310
-33.05120
-33.05930
-33.06740
-33.07551
-33.08362
-33.09172
-33.09983
-33.10795
-33.11606
-33.12418
-33.13229
-33.14041
-33.14853
-33.15666
-33.16478
-33.17291
-33.18104
-33.18917
-33.19730
-33.20543
-33.21357
-33.22171
-33.22985
-33.23799
-33.24613
-33.25428
-33.26242
-33.27057
-33.27872
-33.28687
-33.29503
-33.30318
-33.31134
-33.31950
-33.32766
-33.33582
-33.34399
-33.35215
-33.36032
-33.36849
-33.37667
-33.38484
-33.39302
-33.40119
-33.40937
-33.41755
-33.42574
-33.43392
-33.44211
-33.45030
-33.45849
-33.46668
-33.47487
-33.48307
-33.49127
-33.49947
-33.50767
-33.51587
-33.52408
-33.53228
-33.54049
-33.54870
-33.55692
-33.56513
-33.57335
-33.58157
-33.58979
-33.59801
-33.60623
-33.61446
-33.62268
-33.63091
-33.63915
-33.64738
-33.65561
-33.66385
-33.67209
-33.68033
-33.68857
-33.69682
-33.70506
-33.71331
-33.72156
-33.72981
-33.73806
-33.74632
-33.75458
-33.76284
-33.77110
-33.77936
-33.78762
-33.79589
-33.80416
-33.81243
-33.82070
-33.82898
-33.83725
-33.84553
-33.85381
-33.86209
-33.87037
-33.87866
-33.88695
-33.89524
-33.90353
-33.91182
-33.92012
-33.92841
-33.93671
-33.94501
-33.95331
-33.96162
-33.96992
-33.97823
-33.98654
-33.99485
-34.00317
-34.01148
-34.01980
-34.02812
-34.03644
-34.04476
-34.05309
-34.06142
-34.06975
-34.07808
-34.08641
-34.09474
-34.10308
-34.11142
-34.11976
-34.12810
-34.13645
-34.14479
-34.15314
-34.16149
-34.16984
-34.17819
-34.18655
-34.19491
-34.20327
-34.21163
-34.21999
-34.22836
-34.23672
-34.24509
-34.25346
-34.26184
-34.27021
-34.27859
-34.28697
-34.29535
-34.30373
-34.31212
-34.32050
-34.32889
-34.33728
-34.34567
-34.35407
-34.36246
-34.37086
-34.37926
-34.38766
-34.39607
-34.40447
-34.41288
-34.42129
-34.42970
-34.43811
-34.44653
-34.45495
-34.46337
-34.47179
-34.48021
-34.48864
-34.49706
-34.50549
-34.51392
-34.52236
-34.53079
-34.53923
-34.54767
-34.55611
-34.56455
-34.57300
-34.58144
-34.58989
-34.59834
-34.60679
-34.61525
-34.62370
-34.63216
-34.64062
-34.64909
-34.65755
-34.66602
-34.67448
-34.68295
-34.69143
-34.69990
-34.70838
-34.71686
-34.72534
-34.73382
-34.74230
-34.75079
-34.75928
-34.76777
-34.77626
-34.78475
-34.79325
-34.80175
-34.81025
-34.81875
-34.82725
-34.83576
-34.84426
-34.85277
-34.86129
-34.86980
-34.87832
-34.88683
-34.89535
-34.90387
-34.91240
-34.92092
-34.92945
-34.93798
-34.94651
-34.95505
-34.96358
-34.97212
-34.98066
-34.98920
-34.99775
-35.00629
-35.01484
-35.02339
-35.03194
-35.04049
-35.04905
-35.05761
-35.06617
-35.07473
-35.08329
-35.09186
-35.10043
-35.10900
-35.11757
-35.12614
-35.13472
-35.14330
-35.15188
-35.16046
-35.16904
-35.17763
-35.18622
-35.19481
-35.20340
-35.21199
-35.22059
-35.22919
-35.23779
-35.24639
-35.25499
-35.26360
-35.27221
-35.28082
-35.28943
-35.29805
-35.30666
-35.31528
-35.32390
-35.33252
-35.34115
-35.34978
-35.35840
-35.36704
-35.37567
-35.38430
-35.39294
-35.40158
-35.41022
-35.41886
-35.42751
-35.43616
-35.44480
-35.45346
-35.46211
-35.47076
-35.47942
-35.48808
-35.49674
-35.50541
-35.51407
-35.52274
-35.53141
-35.54008
-35.54876
-35.55743
-35.56611
-35.57479
-35.58347
-35.59216
-35.60084
-35.60953
-35.61822
-35.62692
-35.63561
-35.64431
-35.65301
-35.66171
-35.67041
-35.67911
-35.68782
-35.69653
-35.70524
-35.71396
-35.72267
-35.73139
-35.74011
-35.74883
-35.75755
-35.76628
-35.77501
-35.78374
-35.79247
-35.80121
-35.80994
-35.81868
-35.82742
-35.83616
-35.84491
-35.85366
-35.86240
-35.87116
-35.87991
-35.88866
-35.89742
-35.90618
-35.91494
-35.92371
-35.93247
-35.94124
-35.95001
-35.95878
-35.96756
-35.97633
-35.98511
-35.99389
-36.00268
-36.01146
-36.02025
-36.02904
-36.03783
-36.04662
-36.05542
-36.06422
-36.07302
-36.08182
-36.09062
-36.09943
-36.10824
-36.11705
-36.12586
-36.13467
-36.14349
-36.15231
-36.16113
-36.16995
-36.17878
-36.18761
-36.19644
-36.20527
-36.21410
-36.22294
-36.23178
-36.24062
-36.24946
-36.25831
-36.26715
-36.27600
-36.28485
-36.29371
-36.30256
-36.31142
-36.32028
-36.32914
-36.33801
-36.34687
-36.35574
-36.36461
-36.37348
-36.38236
-36.39124
-36.40012
-36.40900
-36.41788
-36.42677
-36.43565
-36.44454
-36.45344
-36.46233
-36.47123
-36.48013
-36.48903
-36.49793
-36.50684
-36.51574
-36.52465
-36.53357
-36.54248
-36.55140
-36.56032
-36.56924
-36.57816
-36.58708
-36.59601
-36.60494
-36.61387
-36.62281
-36.63174
-36.64068
-36.64962
-36.65856
-36.66751
-36.67646
-36.68540
-36.69436
-36.70331
-36.71227
-36.72122
-36.73018
-36.73915
-36.74811
-36.75708
-36.76605
-36.77502
-36.78399
-36.79297
-36.80195
-36.81093
-36.81991
-36.82889
-36.83788
-36.84687
-36.85586
-36.86485
-36.87385
-36.88285
-36.89185
-36.90085
-36.90986
-36.91886
-36.92787
-36.93688
-36.94590
-36.95491
-36.96393
-36.97295
-36.98197
-36.99100
-37.00002
-37.00905
-37.01809
-37.02712
-37.03616
-37.04519
-37.05423
-37.06328
-37.07232
-37.08137
-37.09042
-37.09947
-37.10852
-37.11758
-37.12664
-37.13570
-37.14476
-37.15383
-37.16290
-37.17197
-37.18104
-37.19011
-37.19919
-37.20827
-37.21735
-37.22643
-37.23552
-37.24461
-37.25370
-37.26279
-37.27188
-37.28098
-37.29008
-37.29918
-37.30829
-37.31739
-37.32650
-37.33561
-37.34472
-37.35384
-37.36296
-37.37208
-37.38120
-37.39032
-37.39945
-37.40858
-37.41771
-37.42685
-37.43598
-37.44512
-37.45426
-37.46340
-37.47255
-37.48170
-37.49085
-37.50000
-37.50915
-37.51831
-37.52747
-37.53663
-37.54579
-37.55496
-37.56413
-37.57330
-37.58247
-37.59165
-37.60082
-37.61000
-37.61918
-37.62837
-37.63756
-37.64675
-37.65594
-37.66513
-37.67433
-37.68352
-37.69273
-37.70193
-37.71113
-37.72034
-37.72955
-37.73876
-37.74798
-37.75720
-37.76642
-37.77564
-37.78486
-37.79409
-37.80332
-37.81255
-37.82178
-37.83102
-37.84026
-37.84950
-37.85874
-37.86798
-37.87723
-37.88648
-37.89573
-37.90499
-37.91425
-37.92351
-37.93277
-37.94203
-37.95130
-37.96057
-37.96984
-37.97911
-37.98839
-37.99767
-38.00695
-38.01623
-38.02552
-38.03480
-38.04409
-38.05339
-38.06268
-38.07198
-38.08128
-38.09058
-38.09989
-38.10919
-38.11850
-38.12781
-38.13713
-38.14644
-38.15576
-38.16508
-38.17441
-38.18373
-38.19306
-38.20239
-38.21173
-38.22106
-38.23040
-38.23974
-38.24908
-38.25843
-38.26778
-38.27713
-38.28648
-38.29583
-38.30519
-38.31455
-38.32391
-38.33328
-38.34264
-38.35201
-38.36138
-38.37076
-38.38013
-38.38951
-38.39890
-38.40828
-38.41767
-38.42705
-38.43645
-38.44584
-38.45524
-38.46463
-38.47403
-38.48344
-38.49284
-38.50225
-38.51166
-38.52108
-38.53049
-38.53991
-38.54933
-38.55875
-38.56818
-38.57761
-38.58704
-38.59647
-38.60590
-38.61534
-38.62478
-38.63422
-38.64367
-38.65312
-38.66257
-38.67202
-38.68147
-38.69093
-38.70039
-38.70985
-38.71932
-38.72878
-38.73825
-38.74773
-38.75720
-38.76668
-38.77616
-38.78564
-38.79512
-38.80461
-38.81410
-38.82359
-38.83309
-38.84258
-38.85208
-38.86158
-38.87109
-38.88059
-38.89010
-38.89962
-38.90913
-38.91865
-38.92817
-38.93769
-38.94721
-38.95674
-38.96627
-38.97580
-38.98533
-38.99487
-39.00441
-39.01395
-39.02350
-39.03304
-39.04259
-39.05214
-39.06170
-39.07126
-39.08082
-39.09038
-39.09994
-39.10951
-39.11908
-39.12865
-39.13823
-39.14780
-39.15738
-39.16696
-39.17655
-39.18614
-39.19573
-39.20532
-39.21491
-39.22451
-39.23411
-39.24371
-39.25332
-39.26293
-39.27254
-39.28215
-39.29176
-39.30138
-39.31100
-39.32062
-39.33025
-39.33988
-39.34951
-39.35914
-39.36878
-39.37842
-39.38806
-39.39770
-39.40735
-39.41699
-39.42664
-39.43630
-39.44595
-39.45561
-39.46527
-39.47494
-39.48460
-39.49427
-39.50395
-39.51362
-39.52330
-39.53298
-39.54266
-39.55234
-39.56203
-39.57172
-39.58141
-39.59111
-39.60080
-39.61050
-39.62021
-39.62991
-39.63962
-39.64933
-39.65904
-39.66876
-39.67848
-39.68820
-39.69792
-39.70765
-39.71738
-39.72711
-39.73684
-39.74658
-39.75632
-39.76606
-39.77580
-39.78555
-39.79530
-39.80505
-39.81481
-39.82457
-39.83433
-39.84409
-39.85385
-39.86362
-39.87339
-39.88317
-39.89294
-39.90272
-39.91250
-39.92229
-39.93207
-39.94186
-39.95165
-39.96145
-39.97125
-39.98104
-39.99085
-40.00065
-40.01046
-40.02027
-40.03008
-40.03990
-40.04972
-40.05954
-40.06936
-40.07919
-40.08902
-40.09885
-40.10868
-40.11852
-40.12836
-40.13820
-40.14805
-40.15790
-40.16775
-40.17760
-40.18745
-40.19731
-40.20717
-40.21704
-40.22690
-40.23677
-40.24665
-40.25652
-40.26640
-40.27628
-40.28616
-40.29605
-40.30593
-40.31582
-40.32572
-40.33561
-40.34551
-40.35541
-40.36532
-40.37523
-40.38514
-40.39505
-40.40496
-40.41488
-40.42480
-40.43472
-40.44465
-40.45458
-40.46451
-40.47444
-40.48438
-40.49432
-40.50426
-40.51421
-40.52416
-40.53411
-40.54406
-40.55402
-40.56397
-40.57394
-40.58390
-40.59387
-40.60384
-40.61381
-40.62378
-40.63376
-40.64374
-40.65373
-40.66371
-40.67370
-40.68369
-40.69369
-40.70369
-40.71369
-40.72369
-40.73369
-40.74370
-40.75371
-40.76373
-40.77374
-40.78376
-40.79378
-40.80381
-40.81384
-40.82387
-40.83390
-40.84394
-40.85398
-40.86402
-40.87406
-40.88411
-40.89416
-40.90421
-40.91427
-40.92433
-40.93439
-40.94445
-40.95452
-40.96459
-40.97466
-40.98473
-40.99481
-41.00489
-41.01498
-41.02506
-41.03515
-41.04524
-41.05534
-41.06544
-41.07554
-41.08564
-41.09575
-41.10586
-41.11597
-41.12608
-41.13620
-41.14632
-41.15644
-41.16657
-41.17670
-41.18683
-41.19696
-41.20710
-41.21724
-41.22738
-41.23753
-41.24768
-41.25783
-41.26798
-41.27814
-41.28830
-41.29846
-41.30863
-41.31880
-41.32897
-41.33914
-41.34932
-41.35950
-41.36968
-41.37987
-41.39006
-41.40025
-41.41044
-41.42064
-41.43084
-41.44104
-41.45125
-41.46146
-41.47167
-41.48188
-41.49210
-41.50232
-41.51255
-41.52277
-41.53300
-41.54323
-41.55347
-41.56370
-41.57394
