-153.96496
-153.96495
-153.96493
-153.96485
-153.96471
-153.96448
-153.96412
-153.96360
-153.96288
-153.96193
-153.96070
-153.95915
-153.95722
-153.95485
-153.95199
-153.94856
-153.94449
-153.93971
-153.93413
-153.92766
-153.92019
-153.91163
-153.90186
-153.89077
-153.87821
-153.86406
-153.84817
-153.83038
-153.81054
-153.78846
-153.76398
-153.73690
-153.70703
-153.67415
-153.63805
-153.59852
-153.55532
-153.50822
-153.45697
-153.40133
-153.34105
-153.27588
-153.20556
-153.12983
-153.04845
-152.96117
-152.86774
-152.76792
-152.66149
-152.54823
-152.42794
-152.30042
-152.16551
-152.02305
-151.87290
-151.71498
-151.54917
-151.37544
-151.19375
-151.00409
-150.80649
-150.60101
-150.38773
-150.16676
-149.93825
-149.70237
-149.45931
-149.20929
-148.95257
-148.68940
-148.42007
-148.14490
-147.86418
-147.57826
-147.28748
-146.99218
-146.69270
-146.38941
-146.08266
-145.77279
-145.46015
-145.14508
-144.82789
-144.50892
-144.18846
-143.86680
-143.54423
-143.22101
-142.89738
-142.57358
-142.24983
-141.92631
-141.60323
-141.28074
-140.95900
-140.63814
-140.31830
-139.99957
-139.68205
-139.36583
-139.05098
-138.73756
-138.42561
-138.11518
-137.80629
-137.49898
-137.19324
-136.88909
-136.58654
-136.28557
-135.98618
-135.68834
-135.39205
-135.09728
-134.80400
-134.51219
-134.22181
-133.93283
-133.64522
-133.35895
-133.07397
-132.79025
-132.50774
-132.22643
-131.94625
-131.66718
-131.38917
-131.11220
-130.83621
-130.56118
-130.28706
-130.01382
-129.74143
-129.46985
-129.19904
-128.92898
-128.65963
-128.39095
-128.12293
-127.85553
-127.58871
-127.32247
-127.05675
-126.79155
-126.52683
-126.26258
-125.99876
-125.73536
-125.47236
-125.20972
-124.94745
-124.68550
-124.42387
-124.16254
-123.90149
-123.64071
-123.38018
-123.11988
-122.85980
-122.59993
-122.34025
-122.08075
-121.82142
-121.56225
-121.30323
-121.04434
-120.78557
-120.52693
-120.26839
-120.00995
-119.75159
-119.49333
-119.23513
-118.97700
-118.71894
-118.46093
-118.20296
-117.94504
-117.68715
-117.42929
-117.17146
-116.91365
-116.65585
-116.39807
-116.14029
-115.88251
-115.62474
-115.36696
-115.10917
-114.85137
-114.59355
-114.33572
-114.07786
-113.81999
-113.56208
-113.30415
-113.04619
-112.78819
-112.53016
-112.27210
-112.01399
-111.75584
-111.49765
-111.23941
-110.98113
-110.72281
-110.46443
-110.20600
-109.94752
-109.68899
-109.43041
-109.17177
-108.91307
-108.65432
-108.39550
-108.13663
-107.87771
-107.61871
-107.35966
-107.10055
-106.84137
-106.58213
-106.32283
-106.06346
-105.80403
-105.54453
-105.28496
-105.02533
-104.76563
-104.50587
-104.24603
-103.98613
-103.72616
-103.46611
-103.20600
-102.94582
-102.68557
-102.42525
-102.16486
-101.90440
-101.64386
-101.38325
-101.12258
-100.86183
-100.60101
-100.34011
-100.07914
-99.81810
-99.55699
-99.29581
-99.03455
-98.77321
-98.51181
-98.25033
-97.98877
-97.72715
-97.46544
-97.20367
-96.94182
-96.67989
-96.41789
-96.15582
-95.89367
-95.63145
-95.36915
-95.10678
-94.84433
-94.58181
-94.31921
-94.05653
-93.79378
-93.53096
-93.26806
-93.00508
-92.74203
-92.47890
-92.21570
-91.95242
-91.68907
-91.42564
-91.16213
-90.89855
-90.63489
-90.37116
-90.10735
-89.84346
-89.57950
-89.31546
-89.05135
-88.78715
-88.52289
-88.25854
-87.99412
-87.72962
-87.46505
-87.20040
-86.93567
-86.67087
-86.40599
-86.14104
-85.87600
-85.61089
-85.34571
-85.08044
-84.81510
-84.54969
-84.28419
-84.01862
-83.75297
-83.48725
-83.22145
-82.95557
-82.68961
-82.42358
-82.15747
-81.89128
-81.62502
-81.35868
-81.09226
-80.82577
-80.55919
-80.29254
-80.02582
-79.75901
-79.49213
-79.22517
-78.95813
-78.69102
-78.42383
-78.15656
-77.88921
-77.62179
-77.35429
-77.08671
-76.81905
-76.55132
-76.28351
-76.01562
-75.74765
-75.47960
-75.21148
-74.94328
-74.67500
-74.40665
-74.13821
-73.86970
-73.60111
-73.33245
-73.06370
-72.79488
-72.52598
-72.25700
-71.98794
-71.71880
-71.44959
-71.18030
-70.91093
-70.64148
-70.37196
-70.10235
-69.83267
-69.56291
-69.29307
-69.02316
-68.75316
-68.48309
-68.21294
-67.94271
-67.67240
-67.40201
-67.13155
-66.86101
-66.59038
-66.31968
-66.04891
-65.77805
-65.50711
-65.23610
-64.96500
-64.69383
-64.42258
-64.15125
-63.87985
-63.60836
-63.33679
-63.06515
-62.79343
-62.52163
-62.24975
-61.97779
-61.70575
-61.43363
-61.16144
-60.88916
-60.61681
-60.34437
-60.07186
-59.79927
-59.52660
-59.25385
-58.98103
-58.70812
-58.43513
-58.16207
-57.88892
-57.61570
-57.34240
-57.06901
-56.79555
-56.52201
-56.24839
-55.97469
-55.70091
-55.42705
-55.15312
-54.87910
-54.60500
-54.33083
-54.05657
-53.78224
-53.50782
-53.23333
-52.95875
-52.68410
-52.40937
-52.13455
-51.85966
-51.58469
-51.30964
-51.03450
-50.75929
-50.48400
-50.20863
-49.93318
-49.65765
-49.38204
-49.10634
-48.83057
-48.55472
-48.27879
-48.00278
-47.72669
-47.45052
-47.17427
-46.89794
-46.62153
-46.34503
-46.06846
-45.79181
-45.51508
-45.23827
-44.96137
-44.68440
-44.40735
-44.13021
-43.85300
-43.57571
-43.29833
-43.02088
-42.74334
-42.46572
-42.18803
-41.91025
-41.63239
-41.35445
-41.07643
-40.79833
-40.52015
-40.24189
-39.96355
-39.68513
-39.40663
-39.12804
-38.84938
-38.57063
-38.29181
-38.01290
-37.73391
-37.45484
-37.17569
-36.89646
-36.61715
-36.33776
-36.05828
-35.77873
-35.49909
-35.21937
-34.93958
-34.65970
-34.37974
-34.09969
-33.81957
-33.53937
-33.25908
-32.97871
-32.69827
-32.41774
-32.13713
-31.85643
-31.57566
-31.29481
-31.01387
-30.73285
-30.45175
-30.17057
-29.88931
-29.60797
-29.32654
-29.04503
-28.76344
-28.48177
-28.20002
-27.91819
-27.63627
-27.35427
-27.07219
-26.79003
-26.50779
-26.22547
-25.94306
-25.66057
-25.37800
-25.09535
-24.81261
-24.52980
-24.24690
-23.96392
-23.68086
-23.39771
-23.11448
-22.83118
-22.54778
-22.26431
-21.98076
-21.69712
-21.41340
-21.12960
-20.84571
-20.56175
-20.27770
-19.99356
-19.70935
-19.42505
-19.14068
-18.85621
-18.57167
-18.28704
-18.00234
-17.71754
-17.43267
-17.14771
-16.86267
-16.57755
-16.29235
-16.00706
-15.72169
-15.43624
-15.15070
-14.86508
-14.57938
-14.29360
-14.00773
-13.72178
-13.43575
-13.14963
-12.86343
-12.57715
-12.29079
-12.00434
-11.71781
-11.43120
-11.14450
-10.85772
-10.57085
-10.28391
-9.99688
-9.70976
-9.42257
-9.13529
-8.84793
-8.56048
-8.27295
-7.98534
-7.69764
-7.40986
-7.12200
-6.83405
-6.54602
-6.25791
-5.96971
-5.68143
-5.39306
-5.10461
-4.81608
-4.52747
-4.23877
-3.94999
-3.66112
-3.37217
-3.08313
-2.79402
-2.50481
-2.21553
-1.92616
-1.63670
-1.34717
-1.05755
-0.76784
-0.47805
-0.18818
0.10178
0.39182
0.68195
0.97216
1.26245
1.55283
1.84329
2.13384
2.42447
2.71519
3.00599
3.29687
3.58784
3.87889
4.17003
4.46125
4.75256
5.04395
5.33542
5.62698
5.91863
6.21036
6.50217
6.79407
7.08605
7.37812
7.67027
7.96251
8.25483
8.54723
8.83973
9.13230
9.42496
9.71771
10.01054
10.30345
10.59645
10.88954
11.18271
11.47597
11.76931
12.06273
12.35624
12.64984
12.94352
13.23728
13.53114
13.82507
14.11909
14.41320
14.70739
15.00167
15.29603
15.59048
15.88502
16.17964
16.47434
16.76913
17.06401
17.35897
17.65401
17.94915
18.24436
18.53967
18.83506
19.13053
19.42609
19.72174
20.01747
20.31329
20.60919
20.90518
21.20125
21.49741
21.79366
22.08999
22.38641
22.68292
22.97951
23.27618
23.57295
23.86980
24.16673
24.46375
24.76086
25.05805
25.35533
25.65270
25.95015
26.24769
26.54531
26.84302
27.14082
27.43870
27.73667
28.03473
28.33287
28.63110
28.92942
29.22782
29.52631
29.82488
30.12354
30.42229
30.72113
31.02005
31.31906
31.61815
31.91734
32.21660
32.51596
32.81540
33.11493
33.41455
33.71425
34.01404
34.31392
34.61388
34.91393
35.21407
35.51429
35.81461
36.11501
36.41549
36.71606
37.01672
37.31747
37.61831
37.91923
38.22024
38.52134
38.82252
39.12379
39.42515
39.72660
40.02813
40.32975
40.63146
40.93325
41.23514
41.53711
41.83917
42.14131
42.44355
42.74587
43.04828
43.35077
43.65336
43.95603
44.25879
44.56164
44.86458
45.16760
45.47071
45.77391
46.07720
46.38057
46.68404
46.98759
47.29123
47.59495
47.89877
48.20267
48.50666
48.81074
49.11491
49.41917
49.72351
50.02794
50.33247
50.63707
50.94177
51.24656
51.55143
51.85640
52.16145
52.46659
52.77182
53.07713
53.38254
53.68803
53.99361
54.29929
54.60504
54.91089
55.21683
55.52286
55.82897
56.13517
56.44147
56.74785
57.05432
57.36088
57.66752
57.97426
58.28109
58.58800
58.89500
59.20210
59.50928
59.81655
60.12391
60.43136
60.73890
61.04652
61.35424
61.66205
61.96994
62.27792
62.58600
62.89416
63.20241
63.51076
63.81919
64.12771
64.43632
64.74502
65.05381
65.36268
65.67165
65.98071
66.28986
66.59910
66.90842
67.21784
67.52735
67.83694
68.14663
68.45640
68.76627
69.07622
69.38627
69.69640
70.00663
70.31694
70.62735
70.93784
71.24843
71.55910
71.86987
72.18073
72.49167
72.80271
73.11383
73.42505
73.73636
74.04775
74.35924
74.67082
74.98248
75.29424
75.60609
75.91803
76.23006
76.54218
76.85439
77.16669
77.47908
77.79156
78.10414
78.41680
78.72956
79.04240
79.35534
79.66836
79.98148
80.29469
80.60799
80.92138
81.23486
81.54843
81.86209
82.17584
82.48969
82.80362
83.11765
83.43177
83.74597
84.06027
84.37466
84.68915
85.00372
85.31838
85.63314
85.94799
86.26293
86.57796
86.89308
87.20829
87.52359
87.83899
88.15447
88.47005
88.78572
89.10148
89.41734
89.73328
90.04932
90.36544
90.68166
90.99798
91.31438
91.63087
91.94746
92.26414
92.58091
92.89777
93.21472
93.53177
93.84891
94.16614
94.48346
94.80087
95.11838
95.43597
95.75366
96.07145
96.38932
96.70729
97.02535
97.34350
97.66174
97.98007
98.29850
98.61702
98.93563
99.25434
99.57314
99.89203
100.21101
100.53008
100.84925
101.16851
101.48786
101.80731
102.12685
102.44648
102.76620
103.08601
103.40592
103.72592
104.04602
104.36621
104.68649
105.00686
105.32732
105.64788
105.96853
106.28928
106.61012
106.93105
107.25207
107.57319
107.89440
108.21570
108.53710
108.85859
109.18017
109.50184
109.82361
110.14548
110.46743
110.78948
111.11162
111.43386
111.75619
112.07861
112.40113
112.72374
113.04644
113.36924
113.69213
114.01511
114.33819
114.66136
114.98463
115.30799
115.63144
115.95499
116.27863
116.60236
116.92619
117.25011
117.57413
117.89824
118.22244
118.54674
118.87113
119.19562
119.52020
119.84488
120.16965
120.49451
120.81947
121.14452
121.46966
121.79490
122.12024
122.44567
122.77119
123.09681
123.42252
123.74832
124.07423
124.40022
124.72631
125.05250
125.37877
125.70515
126.03162
126.35818
126.68484
127.01159
127.33844
127.66538
127.99242
128.31955
128.64677
128.97410
129.30151
129.62902
129.95663
130.28433
130.61213
130.94002
131.26800
131.59609
131.92426
132.25253
132.58090
132.90936
133.23792
133.56657
133.89532
134.22417
134.55311
134.88214
135.21127
135.54049
135.86982
136.19923
136.52874
136.85835
137.18805
137.51785
137.84775
138.17774
138.50782
138.83800
139.16828
139.49865
139.82912
140.15969
140.49035
140.82110
141.15195
141.48290
141.81395
142.14509
142.47632
142.80766
143.13908
143.47061
143.80223
144.13395
144.46576
144.79767
145.12967
145.46177
145.79397
146.12627
146.45866
146.79114
147.12373
147.45641
147.78918
148.12206
148.45503
148.78809
149.12126
149.45452
149.78787
150.12132
150.45487
150.78852
151.12226
151.45610
151.79004
152.12407
152.45820
152.79243
153.12675
153.46117
153.79569
154.13031
154.46502
154.79983
155.13473
155.46974
155.80484
156.14003
156.47533
156.81072
157.14621
157.48180
157.81748
158.15326
158.48914
158.82512
159.16119
159.49736
159.83363
160.17000
160.50646
160.84302
161.17968
161.51644
161.85329
162.19024
162.52729
162.86444
163.20168
163.53903
163.87647
164.21401
164.55164
164.88938
165.22721
165.56514
165.90317
166.24129
166.57952
166.91784
167.25626
167.59478
167.93340
168.27211
168.61092
168.94984
169.28885
169.62795
169.96716
170.30646
170.64587
170.98537
171.32497
171.66467
172.00447
172.34436
172.68436
173.02445
173.36464
173.70493
174.04532
174.38581
174.72639
175.06708
175.40786
175.74874
176.08973
176.43081
176.77199
177.11326
177.45464
177.79612
178.13769
178.47937
178.82114
179.16301
179.50499
179.84706
180.18923
180.53150
180.87387
181.21633
181.55890
181.90157
182.24433
182.58720
182.93016
183.27323
183.61639
183.95965
184.30302
184.64648
184.99004
185.33370
185.67747
186.02133
186.36529
186.70935
187.05351
187.39777
187.74213
188.08659
188.43115
188.77581
189.12057
189.46543
189.81039
190.15544
190.50060
190.84586
191.19122
191.53668
191.88224
192.22790
192.57367
192.91953
193.26549
193.61155
193.95771
194.30397
194.65034
194.99680
195.34336
195.69003
196.03679
196.38366
196.73062
197.07769
197.42486
197.77213
198.11950
198.46696
198.81454
199.16221
199.50998
199.85785
200.20582
200.55390
200.90207
201.25035
201.59873
201.94721
202.29579
202.64447
202.99325
203.34213
203.69111
204.04020
204.38939
204.73867
205.08806
205.43755
205.78714
206.13684
206.48663
206.83653
207.18653
207.53662
207.88682
208.23713
208.58753
208.93804
209.28864
209.63935
209.99016
210.34107
210.69209
211.04320
211.39442
211.74574
212.09716
212.44868
212.80031
213.15204
213.50386
213.85580
214.20783
214.55996
214.91220
215.26454
215.61698
215.96953
216.32217
216.67492
217.02777
217.38073
217.73378
218.08694
218.44020
218.79356
219.14703
219.50059
219.85426
220.20804
220.56191
220.91589
221.26997
221.62415
221.97844
222.33283
222.68732
223.04191
223.39661
223.75141
224.10631
224.46132
224.81643
225.17164
225.52696
225.88237
226.23789
226.59352
226.94925
227.30508
227.66101
228.01705
228.37319
228.72943
229.08578
229.44223
229.79878
230.15544
230.51220
230.86906
231.22603
231.58310
231.94027
232.29755
232.65493
233.01242
233.37001
233.72770
234.08549
234.44339
234.80140
235.15951
235.51772
235.87603
236.23445
236.59298
236.95160
237.31033
237.66917
238.02811
238.38715
238.74630
239.10555
239.46491
239.82437
240.18393
240.54360
240.90337
241.26325
241.62323
241.98332
242.34351
242.70380
243.06420
243.42471
243.78531
244.14603
244.50684
244.86777
245.22879
245.58993
245.95116
246.31250
246.67395
247.03550
247.39716
247.75892
248.12078
248.48275
248.84483
249.20701
249.56929
249.93168
250.29418
250.65678
251.01948
251.38230
251.74521
252.10823
252.47136
252.83459
253.19793
253.56137
253.92492
254.28858
254.65233
255.01620
255.38017
255.74424
256.10843
256.47271
256.83711
257.20160
257.56621
257.93092
258.29573
258.66065
259.02568
259.39081
259.75605
260.12140
260.48685
260.85241
261.21807
261.58384
261.94971
262.31569
262.68178
263.04797
263.41427
263.78068
264.14719
264.51381
264.88053
265.24736
265.61430
265.98134
266.34849
266.71575
267.08311
267.45058
267.81816
268.18584
268.55363
268.92153
269.28953
269.65764
270.02586
270.39418
270.76261
271.13115
271.49979
271.86854
272.23740
272.60636
272.97543
273.34461
273.71390
274.08329
274.45279
274.82240
275.19211
275.56193
275.93186
276.30190
276.67204
277.04229
277.41265
277.78312
278.15369
278.52437
278.89516
279.26605
279.63705
280.00817
280.37938
280.75071
281.12214
281.49368
281.86533
282.23709
282.60895
282.98093
283.35301
283.72519
284.09749
284.46989
284.84241
285.21503
285.58775
285.96059
286.33353
286.70659
287.07975
287.45302
287.82639
288.19988
288.57347
288.94718
289.32099
289.69491
290.06893
290.44307
290.81731
291.19167
291.56613
291.94070
292.31538
292.69016
293.06506
293.44006
293.81518
294.19040
294.56573
294.94117
295.31672
295.69238
296.06815
296.44402
296.82001
297.19610
297.57230
297.94861
298.32504
298.70157
299.07820
299.45495
299.83181
300.20878
300.58586
300.96304
301.34034
301.71774
302.09525
302.47288
302.85061
303.22845
303.60641
303.98447
304.36264
304.74092
305.11931
305.49781
305.87642
306.25514
306.63397
307.01291
307.39196
307.77112
308.15039
308.52977
308.90926
309.28886
309.66857
310.04839
310.42832
310.80836
311.18851
311.56877
311.94914
312.32963
312.71022
313.09092
313.47173
313.85265
314.23369
314.61483
314.99609
315.37745
315.75893
316.14051
316.52221
316.90402
317.28594
317.66797
318.05011
318.43236
318.81472
319.19719
319.57977
319.96247
320.34527
320.72819
321.11122
321.49436
321.87761
322.26097
322.64444
323.02802
323.41172
323.79552
324.17944
324.56347
324.94761
325.33186
325.71622
326.10069
326.48528
326.86998
327.25478
327.63970
328.02474
328.40988
328.79514
329.18050
329.56598
329.95157
330.33727
330.72309
331.10901
331.49505
331.88120
332.26746
332.65384
333.04032
333.42692
333.81363
334.20045
334.58739
334.97444
335.36160
335.74887
336.13625
336.52375
336.91135
337.29908
337.68691
338.07485
338.46291
338.85108
339.23937
339.62776
340.01627
340.40489
340.79363
341.18247
341.57143
341.96050
342.34969
342.73899
343.12840
343.51792
343.90756
344.29731
344.68717
345.07715
345.46723
345.85744
346.24775
346.63818
347.02872
347.41938
347.81014
348.20103
348.59202
348.98313
349.37435
349.76569
350.15713
350.54870
350.94037
351.33216
351.72406
352.11608
352.50821
352.90046
353.29281
353.68529
354.07787
354.47057
354.86338
355.25631
355.64935
356.04251
356.43578
356.82916
357.22266
357.61627
358.00999
358.40383
358.79779
359.19185
359.58604
359.98033
360.37474
360.76927
361.16391
361.55866
361.95353
362.34852
362.74361
363.13883
363.53415
363.92959
364.32515
364.72082
365.11661
365.51251
365.90852
366.30465
366.70090
367.09726
367.49373
367.89032
368.28703
368.68385
369.08078
369.47783
369.87500
370.27228
370.66968
371.06719
371.46481
371.86255
372.26041
372.65838
373.05647
373.45468
373.85299
374.25143
374.64998
375.04864
375.44742
375.84632
376.24533
376.64446
377.04371
377.44307
377.84254
378.24213
378.64184
379.04166
379.44160
379.84166
380.24183
380.64212
381.04252
381.44304
381.84367
382.24442
382.64529
383.04628
383.44738
383.84859
384.24993
384.65138
385.05294
385.45462
385.85642
386.25834
386.66037
387.06252
387.46478
387.86717
388.26966
388.67228
389.07501
389.47786
389.88083
390.28391
390.68711
391.09042
391.49386
391.89741
392.30107
392.70486
393.10876
393.51278
393.91692
394.32117
394.72554
395.13003
395.53463
395.93935
396.34419
396.74915
397.15422
397.55942
397.96473
398.37015
398.77570
399.18136
399.58714
399.99304
400.39905
400.80519
401.21144
401.61781
402.02429
402.43090
402.83762
403.24446
403.65142
404.05849
404.46569
404.87300
405.28043
405.68798
406.09564
406.50343
406.91133
407.31935
407.72749
408.13575
408.54413
408.95262
409.36124
409.76997
410.17882
410.58779
410.99688
411.40608
411.81541
412.22485
412.63441
413.04410
413.45390
413.86382
414.27385
414.68401
415.09429
415.50468
415.91519
416.32583
416.73658
417.14745
417.55844
417.96955
418.38078
418.79213
419.20359
419.61518
420.02689
420.43871
420.85066
421.26272
421.67490
422.08721
422.49963
422.91217
423.32483
423.73762
424.15052
424.56354
424.97668
425.38994
425.80332
426.21682
426.63044
427.04418
427.45804
427.87202
428.28612
428.70034
429.11468
429.52915
429.94373
430.35843
430.77325
431.18819
431.60325
432.01844
432.43374
432.84916
433.26471
433.68037
434.09615
434.51206
434.92809
435.34423
435.76050
436.17689
436.59340
437.01003
437.42678
437.84365
438.26064
438.67775
439.09499
439.51234
439.92982
440.34742
440.76514
441.18298
441.60094
442.01902
442.43722
442.85555
443.27399
443.69256
444.11125
444.53006
444.94899
445.36804
445.78722
446.20651
446.62593
447.04547
447.46513
447.88492
448.30482
448.72485
449.14499
449.56526
449.98566
450.40617
450.82680
451.24756
451.66844
452.08944
452.51057
452.93181
453.35318
453.77467
454.19628
454.61802
455.03988
455.46185
455.88396
456.30618
456.72853
457.15100
457.57359
457.99630
458.41914
458.84210
459.26518
459.68839
460.11171
460.53516
460.95874
461.38243
461.80625
462.23019
462.65426
463.07845
463.50276
463.92719
464.35175
464.77643
465.20123
465.62616
466.05121
466.47638
466.90168
467.32710
467.75264
468.17831
468.60409
469.03001
469.45605
469.88221
470.30849
470.73490
471.16143
471.58808
472.01486
472.44176
472.86879
473.29594
473.72321
474.15061
474.57813
475.00578
475.43355
475.86144
476.28946
476.71760
477.14587
477.57426
478.00277
478.43141
478.86018
479.28906
479.71808
480.14721
480.57647
481.00586
481.43537
481.86500
482.29476
482.72464
483.15465
483.58479
484.01504
484.44543
484.87593
485.30657
485.73732
486.16821
486.59921
487.03035
487.46160
487.89299
488.32449
488.75612
489.18788
489.61977
490.05177
490.48391
490.91617
491.34855
491.78106
492.21369
492.64645
493.07934
493.51235
493.94549
494.37875
494.81214
495.24565
495.67929
496.11306
496.54695
496.98097
497.41511
497.84938
498.28377
498.71829
499.15294
499.58771
500.02261
500.45764
500.89279
501.32806
501.76347
502.19900
502.63465
503.07044
503.50634
503.94238
504.37854
504.81483
505.25124
505.68779
506.12445
506.56125
506.99817
507.43522
507.87239
508.30969
508.74712
509.18468
509.62236
510.06017
510.49811
510.93617
511.37436
511.81268
512.25112
512.68969
513.12839
513.56722
514.00617
514.44525
514.88446
515.32379
515.76326
516.20285
516.64256
517.08241
517.52238
517.96248
518.40271
518.84306
519.28355
519.72416
520.16490
520.60576
521.04676
521.48788
521.92913
522.37051
522.81201
523.25365
523.69541
524.13730
524.57932
525.02147
525.46374
525.90614
526.34868
526.79133
527.23412
527.67704
528.12008
528.56326
529.00656
529.44999
529.89355
530.33724
530.78106
531.22500
531.66907
532.11328
532.55761
533.00207
533.44666
533.89138
534.33623
534.78120
535.22631
535.67154
536.11691
536.56240
537.00802
537.45377
537.89965
538.34566
538.79180
539.23807
539.68447
540.13100
540.57765
541.02444
541.47136
541.91840
542.36558
542.81288
543.26032
543.70788
544.15557
544.60340
545.05135
545.49944
545.94765
546.39599
546.84447
547.29307
547.74180
548.19067
548.63966
549.08879
549.53804
549.98743
550.43694
550.88659
551.33636
551.78627
552.23631
552.68648
553.13677
553.58720
554.03776
554.48845
554.93927
555.39022
555.84131
556.29252
556.74386
557.19534
557.64695
558.09868
558.55055
559.00255
559.45468
559.90694
560.35933
560.81186
561.26451
561.71730
562.17021
562.62326
563.07644
563.52975
563.98320
564.43677
564.89048
565.34431
565.79828
566.25238
566.70662
567.16098
567.61548
568.07010
568.52486
568.97975
569.43478
569.88993
570.34522
570.80064
571.25619
571.71188
572.16769
572.62364
573.07972
573.53593
573.99228
574.44875
574.90536
575.36210
575.81898
576.27599
576.73312
577.19040
577.64780
578.10534
578.56301
579.02081
579.47875
579.93682
580.39502
580.85335
581.31182
581.77042
582.22915
582.68802
583.14702
583.60615
584.06541
584.52481
584.98434
585.44401
585.90381
586.36374
586.82380
587.28400
587.74433
588.20480
588.66540
589.12613
589.58700
590.04800
590.50913
590.97040
591.43180
591.89333
592.35500
592.81680
593.27874
593.74081
594.20301
594.66535
595.12783
595.59043
596.05317
596.51605
596.97906
597.44220
597.90548
598.36889
598.83244
599.29612
599.75993
600.22388
600.68797
601.15219
601.61654
602.08103
602.54565
603.01041
603.47530
603.94033
604.40549
604.87079
605.33622
605.80179
606.26749
606.73333
607.19930
607.66541
608.13165
608.59803
609.06454
609.53119
609.99798
610.46490
610.93195
611.39914
611.86647
612.33393
612.80152
613.26926
613.73713
614.20513
614.67327
615.14154
615.60995
616.07850
616.54718
617.01600
617.48496
617.95405
618.42327
618.89264
619.36213
619.83177
620.30154
620.77145
621.24149
621.71167
622.18199
622.65244
623.12303
623.59375
624.06462
624.53561
625.00675
625.47802
625.94943
626.42098
626.89266
627.36448
627.83643
628.30853
628.78075
629.25312
629.72562
630.19827
630.67104
631.14396
631.61701
632.09020
632.56353
633.03699
633.51059
633.98433
634.45820
634.93222
635.40637
635.88066
636.35508
636.82964
637.30434
637.77918
638.25416
638.72927
639.20452
639.67991
640.15544
640.63111
641.10691
641.58285
642.05893
642.53515
643.01150
643.48800
643.96463
644.44140
644.91831
645.39535
645.87254
646.34986
646.82732
647.30492
647.78266
648.26054
648.73855
649.21671
649.69500
650.17343
650.65200
651.13071
651.60956
652.08855
652.56767
653.04694
653.52634
654.00589
654.48557
654.96539
655.44535
655.92545
656.40569
656.88607
657.36658
657.84724
658.32804
658.80897
659.29005
659.77126
660.25262
660.73411
661.21574
661.69752
662.17943
662.66148
663.14367
663.62601
664.10848
664.59109
665.07384
665.55673
666.03976
666.52294
667.00625
667.48970
667.97329
668.45703
668.94090
669.42491
669.90907
670.39336
670.87779
671.36237
671.84709
672.33194
672.81694
673.30208
673.78735
674.27277
674.75833
675.24403
675.72987
676.21586
676.70198
677.18824
677.67465
678.16119
678.64788
679.13471
679.62168
680.10879
680.59604
681.08344
681.57097
682.05865
682.54647
683.03443
683.52253
684.01077
684.49915
684.98768
685.47635
685.96515
686.45411
686.94320
687.43243
687.92181
688.41133
688.90099
689.39079
689.88073
690.37082
690.86105
691.35142
691.84193
692.33259
692.82338
693.31432
693.80540
694.29663
694.78800
695.27950
695.77116
696.26295
696.75489
697.24697
697.73919
698.23155
698.72406
699.21671
699.70951
700.20244
700.69552
701.18875
701.68211
702.17562
702.66927
703.16307
703.65700
704.15109
704.64531
705.13968
705.63419
706.12885
706.62364
707.11859
707.61367
708.10890
708.60427
709.09979
709.59545
710.09125
710.58720
711.08329
711.57953
712.07591
712.57243
713.06910
713.56591
714.06286
714.55996
715.05721
715.55459
716.05213
716.54980
717.04762
717.54559
718.04370
718.54195
719.04035
719.53889
720.03758
720.53641
721.03539
721.53451
722.03378
722.53319
723.03274
723.53244
724.03229
724.53228
725.03241
725.53269
726.03312
726.53369
727.03441
727.53527
728.03627
728.53743
729.03872
729.54017
730.04175
730.54349
731.04537
731.54739
732.04956
732.55188
733.05434
733.55694
734.05970
734.56260
735.06564
735.56883
736.07217
736.57565
737.07928
737.58305
738.08697
738.59104
739.09525
739.59961
740.10412
740.60877
741.11357
741.61851
742.12360
742.62884
743.13422
743.63975
744.14543
744.65125
745.15722
745.66334
746.16961
746.67602
747.18257
747.68928
748.19613
748.70313
749.21027
749.71756
750.22500
750.73259
751.24032
751.74821
752.25623
752.76441
753.27273
753.78120
754.28982
754.79859
755.30750
755.81656
756.32577
756.83513
757.34463
757.85428
758.36408
758.87403
759.38412
759.89437
760.40476
760.91530
761.42598
761.93682
762.44780
762.95893
763.47021
763.98164
764.49322
765.00494
765.51682
766.02884
766.54101
767.05333
767.56579
768.07841
768.59117
769.10409
769.61715
770.13036
770.64372
771.15723
771.67089
772.18469
772.69865
773.21275
773.72701
774.24141
774.75596
775.27066
775.78551
776.30051
776.81566
777.33096
777.84640
778.36200
778.87775
779.39365
779.90969
780.42589
780.94223
781.45873
781.97537
782.49217
783.00911
783.52621
784.04345
784.56084
785.07839
785.59608
786.11393
786.63192
787.15007
787.66836
788.18681
788.70541
789.22415
789.74305
790.26210
790.78130
791.30065
791.82014
792.33979
792.85960
793.37955
793.89965
794.41990
794.94031
795.46086
795.98157
796.50242
797.02343
797.54459
798.06590
798.58736
799.10897
799.63074
800.15265
800.67472
801.19694
801.71931
802.24183
802.76450
803.28732
803.81030
804.33342
804.85670
805.38013
805.90372
806.42745
806.95134
807.47537
807.99956
808.52391
809.04840
809.57305
810.09784
810.62280
811.14790
811.67315
812.19856
812.72412
813.24983
813.77570
814.30171
814.82788
815.35421
815.88068
816.40731
816.93409
817.46102
817.98811
818.51535
819.04274
819.57029
820.09798
820.62584
821.15384
821.68200
822.21031
822.73877
823.26739
823.79616
824.32508
824.85416
825.38339
825.91277
826.44231
826.97200
827.50184
828.03184
828.56199
829.09230
829.62276
830.15337
830.68414
831.21506
831.74613
832.27736
832.80874
833.34028
833.87197
834.40382
834.93582
835.46797
836.00028
836.53274
837.06536
837.59813
838.13106
838.66414
839.19737
839.73076
840.26431
840.79800
841.33186
841.86587
842.40003
842.93435
843.46882
844.00345
844.53824
845.07318
845.60827
846.14352
846.67892
847.21448
847.75020
848.28607
848.82209
849.35828
849.89461
850.43110
850.96775
851.50456
852.04152
852.57863
853.11590
853.65333
854.19091
854.72865
855.26654
855.80459
856.34280
856.88116
857.41968
857.95835
858.49718
859.03617
859.57531
860.11461
860.65407
861.19368
861.73345
862.27338
862.81346
863.35370
863.89409
864.43464
864.97535
865.51622
866.05724
866.59842
867.13976
867.68125
868.22290
868.76471
869.30667
869.84879
870.39107
870.93351
871.47610
872.01886
872.56176
873.10483
873.64805
874.19143
874.73497
875.27867
875.82252
876.36654
876.91071
877.45503
877.99952
878.54416
879.08896
879.63392
880.17904
880.72431
881.26975
881.81534
882.36109
882.90699
883.45306
883.99929
884.54567
885.09221
885.63891
886.18577
886.73279
887.27996
887.82730
888.37479
888.92244
889.47025
890.01822
890.56635
891.11464
891.66308
892.21169
892.76045
893.30938
893.85846
894.40770
894.95710
895.50666
896.05638
896.60626
897.15630
897.70650
898.25686
898.80738
899.35805
899.90889
900.45989
901.01104
901.56236
902.11384
902.66547
903.21727
903.76923
904.32134
904.87362
905.42606
905.97865
906.53141
907.08433
907.63741
908.19065
908.74405
909.29760
909.85132
910.40520
910.95925
911.51345
912.06781
912.62233
913.17702
913.73186
914.28687
914.84203
915.39736
915.95285
916.50850
917.06431
917.62028
918.17642
918.73271
919.28917
919.84579
920.40256
920.95950
921.51661
922.07387
922.63129
923.18888
923.74663
924.30454
924.86261
925.42084
925.97924
926.53780
927.09652
927.65540
928.21444
928.77365
929.33302
929.89255
930.45224
931.01209
931.57211
932.13229
932.69263
933.25314
933.81381
934.37464
934.93563
935.49678
936.05810
936.61958
937.18123
937.74303
938.30500
938.86713
939.42943
939.99189
940.55451
941.11729
941.68024
942.24335
942.80663
943.37007
943.93367
944.49743
945.06136
945.62545
946.18971
946.75413
947.31871
947.88345
948.44836
949.01344
949.57868
950.14408
950.70964
951.27537
951.84127
952.40732
952.97355
953.53993
954.10648
954.67320
955.24008
955.80712
956.37433
956.94170
957.50924
958.07694
958.64481
959.21284
959.78103
960.34939
960.91792
961.48661
962.05547
962.62449
963.19367
963.76302
964.33254
964.90222
965.47206
966.04207
966.61225
967.18259
967.75310
968.32377
968.89461
969.46562
970.03678
970.60812
971.17962
971.75129
972.32312
972.89512
973.46728
974.03961
974.61211
975.18477
975.75760
976.33059
976.90375
977.47708
978.05057
978.62423
979.19805
979.77204
980.34620
980.92053
981.49502
982.06968
982.64450
983.21949
983.79465
984.36997
984.94547
985.52112
986.09695
986.67294
987.24910
987.82543
988.40192
988.97858
989.55541
990.13241
990.70957
991.28690
991.86440
992.44206
993.01990
993.59790
994.17606
994.75440
995.33290
995.91157
996.49041
997.06942
997.64860
998.22794
998.80745
999.38713
999.96697
1000.54699
1001.12717
1001.70752
1002.28804
1002.86873
1003.44959
1004.03061
1004.61181
1005.19317
1005.77470
1006.35640
1006.93827
1007.52030
1008.10251
1008.68488
1009.26743
1009.85014
1010.43302
1011.01607
1011.59929
1012.18268
1012.76624
1013.34996
1013.93386
1014.51792
1015.10216
1015.68656
1016.27114
1016.85588
1017.44079
1018.02588
1018.61113
1019.19655
1019.78214
1020.36790
1020.95383
1021.53994
1022.12621
1022.71265
1023.29926
1023.88604
1024.47299
1025.06012
1025.64741
1026.23487
1026.82251
1027.41031
1027.99828
1028.58643
1029.17474
1029.76323
1030.35189
1030.94071
1031.52971
1032.11888
1032.70822
1033.29773
1033.88741
1034.47726
1035.06729
1035.65748
1036.24785
1036.83838
1037.42909
1038.01997
1038.61102
1039.20224
1039.79364
1040.38520
1040.97694
1041.56885
1042.16093
1042.75318
1043.34560
1043.93820
1044.53096
1045.12390
1045.71701
1046.31030
1046.90375
1047.49738
1048.09118
1048.68515
1049.27929
1049.87361
1050.46810
1051.06276
1051.65759
1052.25260
1052.84778
1053.44313
1054.03865
1054.63435
1055.23022
1055.82626
1056.42248
1057.01886
1057.61542
1058.21216
1058.80907
1059.40615
1060.00340
1060.60083
1061.19842
1061.79620
1062.39414
1062.99226
1063.59056
1064.18902
1064.78766
1065.38648
1065.98547
1066.58463
1067.18396
1067.78347
1068.38315
1068.98301
1069.58304
1070.18324
1070.78362
1071.38418
1071.98490
1072.58580
1073.18688
1073.78813
1074.38955
1074.99115
1075.59292
1076.19487
1076.79699
1077.39929
1078.00176
1078.60441
1079.20723
1079.81022
1080.41339
1081.01674
1081.62026
1082.22395
1082.82782
1083.43187
1084.03609
1084.64049
1085.24506
1085.84980
1086.45473
1087.05982
1087.66510
1088.27055
1088.87617
1089.48197
1090.08795
1090.69410
1091.30042
1091.90693
1092.51361
1093.12046
1093.72749
1094.33470
1094.94208
1095.54964
1096.15738
1096.76529
1097.37338
1097.98164
1098.59008
1099.19870
1099.80749
1100.41646
1101.02561
1101.63493
1102.24443
1102.85411
1103.46396
1104.07399
1104.68420
1105.29458
1105.90514
1106.51588
1107.12680
1107.73789
1108.34916
1108.96061
1109.57223
1110.18403
1110.79601
1111.40817
1112.02050
1112.63301
1113.24570
1113.85857
1114.47162
1115.08484
1115.69824
1116.31182
1116.92557
1117.53951
1118.15362
1118.76791
1119.38238
1119.99703
1120.61185
1121.22686
1121.84204
1122.45740
1123.07294
1123.68866
1124.30455
1124.92063
1125.53688
1126.15331
1126.76992
1127.38671
1128.00368
1128.62083
1129.23815
1129.85566
1130.47334
1131.09121
1131.70925
1132.32747
1132.94587
1133.56445
1134.18321
1134.80215
1135.42127
1136.04057
1136.66005
1137.27970
1137.89954
1138.51956
1139.13976
1139.76013
1140.38069
1141.00143
1141.62234
1142.24344
1142.86472
1143.48617
1144.10781
1144.72963
1145.35162
1145.97380
1146.59616
1147.21870
1147.84142
1148.46432
1149.08740
1149.71066
1150.33411
1150.95773
1151.58153
1152.20552
1152.82969
1153.45403
1154.07856
1154.70327
1155.32816
1155.95323
1156.57849
1157.20392
1157.82954
1158.45533
1159.08131
1159.70747
1160.33381
1160.96034
1161.58704
1162.21393
1162.84100
1163.46825
1164.09568
1164.72330
1165.35109
1165.97907
1166.60723
1167.23557
1167.86410
1168.49281
1169.12170
1169.75077
1170.38002
1171.00946
1171.63908
1172.26888
1172.89886
1173.52903
1174.15938
1174.78991
1175.42063
1176.05153
1176.68261
1177.31387
1177.94532
1178.57695
1179.20877
1179.84076
1180.47294
1181.10531
1181.73786
1182.37059
1183.00350
1183.63660
1184.26988
1184.90335
1185.53699
1186.17083
1186.80484
1187.43904
1188.07343
1188.70800
1189.34275
1189.97769
1190.61281
1191.24811
1191.88360
1192.51927
1193.15513
1193.79117
1194.42740
1195.06381
1195.70041
1196.33719
1196.97415
1197.61130
1198.24864
1198.88615
1199.52386
1200.16175
1200.79982
1201.43808
1202.07652
1202.71515
1203.35397
1203.99297
1204.63215
1205.27152
1205.91108
1206.55082
1207.19075
1207.83086
1208.47116
1209.11164
1209.75231
1210.39316
1211.03421
1211.67543
1212.31685
1212.95844
1213.60023
1214.24220
1214.88436
1215.52670
1216.16923
1216.81195
1217.45485
1218.09794
1218.74122
1219.38468
1220.02833
1220.67216
1221.31618
1221.96039
1222.60479
1223.24937
1223.89414
1224.53910
1225.18424
1225.82957
1226.47509
1227.12080
1227.76669
1228.41277
1229.05904
1229.70549
1230.35213
1230.99896
1231.64598
1232.29319
1232.94058
1233.58816
1234.23593
1234.88388
1235.53203
1236.18036
1236.82888
1237.47759
1238.12648
1238.77557
1239.42484
1240.07430
1240.72395
1241.37378
1242.02381
1242.67402
1243.32443
1243.97502
1244.62580
1245.27677
1245.92793
1246.57927
1247.23081
1247.88253
1248.53445
1249.18655
1249.83884
1250.49132
1251.14399
1251.79685
1252.44990
1253.10314
1253.75656
1254.41018
1255.06399
1255.71799
1256.37217
1257.02655
1257.68111
1258.33587
1258.99081
1259.64595
1260.30127
1260.95679
1261.61250
1262.26839
1262.92448
1263.58075
1264.23722
1264.89388
1265.55072
1266.20776
1266.86499
1267.52241
1268.18002
1268.83782
1269.49581
1270.15399
1270.81236
1271.47093
1272.12968
1272.78863
1273.44776
1274.10709
1274.76661
1275.42632
1276.08622
1276.74631
1277.40660
1278.06707
1278.72774
1279.38860
1280.04965
1280.71089
1281.37233
1282.03395
1282.69577
1283.35778
1284.01998
1284.68237
1285.34496
1286.00774
1286.67071
1287.33387
1287.99723
1288.66077
1289.32451
1289.98845
1290.65257
1291.31689
1291.98140
1292.64610
1293.31100
1293.97609
1294.64137
1295.30684
1295.97251
1296.63837
1297.30442
1297.97067
1298.63711
1299.30374
1299.97057
1300.63759
1301.30480
1301.97221
1302.63981
1303.30760
1303.97559
1304.64377
1305.31215
1305.98072
1306.64948
1307.31844
1307.98759
1308.65693
1309.32647
1309.99620
1310.66613
1311.33625
1312.00657
1312.67708
1313.34778
1314.01868
1314.68977
1315.36106
1316.03255
1316.70422
1317.37610
1318.04816
1318.72043
1319.39288
1320.06554
1320.73838
1321.41143
1322.08466
1322.75810
1323.43172
1324.10555
1324.77957
1325.45378
1326.12819
1326.80280
1327.47760
1328.15260
1328.82779
1329.50318
1330.17876
1330.85454
1331.53052
1332.20669
1332.88306
1333.55963
1334.23639
1334.91335
1335.59050
1336.26785
1336.94540
1337.62314
1338.30108
1338.97922
1339.65755
1340.33608
1341.01480
1341.69373
1342.37285
1343.05216
1343.73168
1344.41139
1345.09130
1345.77140
1346.45170
1347.13220
1347.81290
1348.49380
1349.17489
1349.85618
1350.53766
1351.21935
1351.90123
1352.58331
1353.26559
1353.94806
1354.63074
1355.31361
1355.99668
1356.67995
1357.36341
1358.04708
1358.73094
1359.41500
1360.09926
1360.78372
1361.46837
1362.15323
1362.83828
1363.52354
1364.20899
1364.89464
1365.58049
1366.26653
1366.95278
1367.63923
1368.32587
1369.01271
1369.69976
1370.38700
1371.07444
1371.76208
1372.44992
1373.13796
1373.82620
1374.51464
1375.20328
1375.89212
1376.58115
1377.27039
1377.95983
1378.64947
1379.33930
1380.02934
1380.71958
1381.41002
1382.10066
1382.79149
1383.48253
1384.17377
1384.86521
1385.55685
1386.24869
1386.94073
1387.63298
1388.32542
1389.01806
1389.71091
1390.40395
1391.09720
1391.79065
1392.48429
1393.17814
1393.87219
1394.56645
1395.26090
1395.95556
1396.65041
1397.34547
1398.04073
1398.73619
1399.43185
1400.12772
1400.82379
1401.52005
1402.21653
1402.91320
1403.61007
1404.30715
1405.00443
1405.70191
1406.39959
1407.09748
1407.79557
1408.49386
1409.19235
1409.89104
1410.58994
1411.28904
1411.98835
1412.68785
1413.38756
1414.08747
1414.78759
1415.48791
1416.18843
1416.88915
1417.59008
1418.29121
1418.99255
1419.69408
1420.39582
1421.09777
1421.79992
1422.50227
1423.20482
1423.90758
1424.61054
1425.31371
1426.01708
1426.72066
1427.42444
1428.12842
1428.83260
1429.53700
1430.24159
1430.94639
1431.65140
1432.35660
1433.06202
1433.76764
1434.47346
1435.17949
1435.88572
1436.59215
1437.29880
1438.00564
1438.71269
1439.41995
1440.12741
1440.83508
1441.54295
1442.25103
1442.95931
1443.66780
1444.37650
1445.08540
1445.79450
1446.50381
1447.21333
1447.92305
1448.63298
1449.34311
1450.05345
1450.76400
1451.47475
1452.18571
1452.89687
1453.60824
1454.31982
1455.03160
1455.74359
1456.45578
1457.16819
1457.88080
1458.59361
1459.30663
1460.01986
1460.73330
1461.44694
1462.16079
1462.87485
1463.58911
1464.30358
1465.01826
1465.73315
1466.44824
1467.16354
1467.87905
1468.59476
1469.31068
1470.02681
1470.74315
1471.45970
1472.17645
1472.89341
1473.61058
1474.32796
1475.04555
1475.76334
1476.48134
1477.19955
1477.91797
1478.63660
1479.35543
1480.07448
1480.79373
1481.51319
1482.23286
1482.95274
1483.67282
1484.39312
1485.11363
1485.83434
1486.55526
1487.27639
1487.99773
1488.71928
1489.44104
1490.16301
1490.88519
1491.60758
1492.33017
1493.05298
1493.77600
1494.49922
1495.22266
1495.94630
1496.67016
1497.39422
1498.11850
1498.84298
1499.56768
1500.29258
1501.01770
1501.74302
1502.46856
1503.19431
1503.92026
1504.64643
1505.37281
1506.09940
1506.82620
1507.55321
1508.28043
1509.00786
1509.73550
1510.46336
1511.19142
1511.91970
1512.64819
1513.37689
1514.10580
1514.83492
1515.56425
1516.29380
1517.02355
1517.75352
1518.48370
1519.21409
1519.94469
1520.67551
1521.40654
1522.13778
1522.86923
1523.60089
1524.33277
1525.06485
1525.79715
1526.52967
1527.26239
1527.99533
1528.72848
1529.46184
1530.19541
1530.92920
1531.66320
1532.39742
1533.13184
1533.86648
1534.60133
1535.33640
1536.07168
1536.80717
1537.54287
1538.27879
1539.01492
1539.75127
1540.48783
1541.22460
1541.96159
1542.69879
1543.43620
1544.17383
1544.91167
1545.64973
1546.38800
1547.12648
1547.86518
1548.60409
1549.34322
1550.08256
1550.82211
1551.56188
1552.30187
1553.04207
1553.78248
1554.52311
1555.26395
1556.00501
1556.74628
1557.48777
1558.22947
1558.97139
1559.71352
1560.45587
1561.19844
1561.94122
1562.68421
1563.42742
1564.17085
1564.91449
1565.65834
1566.40242
1567.14671
1567.89121
1568.63593
1569.38087
1570.12602
1570.87139
1571.61697
1572.36277
1573.10879
1573.85502
1574.60147
1575.34814
1576.09502
1576.84212
1577.58943
1578.33697
1579.08471
1579.83268
1580.58086
1581.32926
1582.07788
1582.82671
1583.57577
1584.32503
1585.07452
1585.82422
1586.57414
1587.32428
1588.07464
1588.82521
1589.57600
1590.32701
1591.07824
1591.82968
1592.58135
1593.33323
1594.08533
1594.83764
1595.59018
1596.34293
1597.09590
1597.84909
1598.60250
1599.35613
1600.10997
1600.86404
1601.61832
1602.37282
1603.12754
1603.88248
1604.63764
1605.39302
1606.14861
1606.90443
1607.66046
1608.41671
1609.17319
1609.92988
1610.68679
1611.44392
1612.20127
1612.95884
1613.71663
1614.47464
1615.23287
1615.99132
1616.74999
1617.50888
1618.26799
1619.02732
1619.78687
1620.54664
1621.30663
1622.06684
1622.82727
1623.58793
1624.34880
1625.10989
1625.87121
1626.63274
1627.39450
1628.15647
1628.91867
1629.68109
1630.44373
1631.20659
1631.96967
1632.73298
1633.49650
1634.26025
1635.02422
1635.78841
1636.55282
1637.31745
1638.08230
1638.84738
1639.61268
1640.37820
1641.14394
1641.90991
1642.67609
1643.44250
1644.20913
1644.97599
1645.74306
1646.51036
1647.27788
1648.04562
1648.81359
1649.58178
1650.35019
1651.11882
1651.88768
1652.65676
1653.42606
1654.19559
1654.96534
1655.73531
1656.50551
1657.27593
1658.04657
1658.81743
1659.58852
1660.35984
1661.13137
1661.90313
1662.67512
1663.44733
1664.21976
1664.99242
1665.76530
1666.53840
1667.31173
1668.08528
1668.85906
1669.63306
1670.40729
1671.18174
1671.95641
1672.73131
1673.50644
1674.28179
1675.05736
1675.83316
1676.60919
1677.38544
1678.16191
1678.93861
1679.71554
1680.49269
1681.27007
1682.04767
1682.82549
1683.60355
1684.38183
1685.16033
1685.93906
1686.71801
1687.49720
1688.27660
1689.05624
1689.83610
1690.61618
1691.39649
1692.17703
1692.95780
1693.73879
1694.52000
1695.30145
1696.08312
1696.86501
1697.64714
1698.42949
1699.21207
1699.99487
1700.77790
1701.56116
1702.34465
1703.12836
1703.91230
1704.69647
1705.48086
1706.26549
1707.05034
1707.83541
1708.62072
1709.40625
1710.19201
1710.97800
1711.76422
1712.55066
1713.33734
1714.12424
1714.91137
1715.69872
1716.48631
1717.27413
1718.06217
1718.85044
1719.63894
1720.42767
1721.21663
1722.00581
1722.79523
1723.58487
1724.37475
1725.16485
1725.95518
1726.74574
1727.53653
1728.32755
1729.11880
1729.91028
1730.70199
1731.49392
1732.28609
1733.07849
1733.87111
1734.66397
1735.45705
1736.25037
1737.04392
1737.83769
1738.63170
1739.42594
1740.22040
1741.01510
1741.81003
1742.60519
1743.40058
1744.19620
1744.99205
1745.78813
1746.58444
1747.38098
1748.17776
1748.97476
1749.77200
1750.56946
1751.36716
1752.16509
1752.96326
1753.76165
1754.56027
1755.35913
1756.15822
1756.95754
1757.75709
1758.55687
1759.35689
1760.15714
1760.95762
1761.75833
1762.55927
1763.36045
1764.16186
1764.96350
1765.76537
1766.56748
1767.36982
1768.17239
1768.97519
1769.77823
1770.58150
1771.38500
1772.18874
1772.99271
1773.79691
1774.60134
1775.40601
1776.21091
1777.01605
1777.82142
1778.62702
1779.43286
1780.23893
1781.04523
1781.85177
1782.65854
1783.46554
1784.27278
1785.08026
1785.88796
1786.69590
1787.50408
1788.31249
1789.12113
1789.93001
1790.73913
1791.54848
1792.35806
1793.16788
1793.97793
1794.78822
1795.59874
1796.40950
1797.22049
1798.03172
1798.84318
1799.65488
1800.46682
1801.27899
1802.09139
1802.90403
1803.71691
1804.53002
1805.34337
1806.15696
1806.97078
1807.78483
1808.59912
1809.41365
1810.22842
1811.04342
1811.85866
1812.67413
1813.48984
1814.30579
1815.12197
1815.93839
1816.75505
1817.57194
1818.38907
1819.20644
1820.02404
1820.84189
1821.65996
1822.47828
1823.29683
1824.11562
1824.93465
1825.75392
1826.57342
1827.39316
1828.21314
1829.03336
1829.85381
1830.67450
1831.49543
1832.31660
1833.13801
1833.95965
1834.78154
1835.60366
1836.42602
1837.24861
1838.07145
1838.89453
1839.71784
1840.54139
1841.36519
1842.18922
1843.01349
1843.83800
1844.66274
1845.48773
1846.31296
1847.13842
1847.96413
1848.79007
1849.61626
1850.44268
1851.26935
1852.09625
1852.92339
1853.75078
1854.57840
1855.40626
1856.23437
1857.06271
1857.89129
1858.72012
1859.54918
1860.37848
1861.20803
1862.03781
1862.86784
1863.69811
1864.52862
1865.35936
1866.19035
1867.02158
1867.85305
1868.68477
1869.51672
1870.34892
1871.18135
1872.01403
1872.84695
1873.68011
1874.51351
1875.34716
1876.18104
1877.01517
1877.84954
1878.68415
1879.51900
1880.35410
1881.18944
1882.02502
1882.86084
1883.69690
1884.53321
1885.36976
1886.20656
1887.04359
1887.88087
1888.71839
1889.55615
1890.39416
1891.23241
1892.07090
1892.90964
1893.74862
1894.58784
1895.42731
1896.26702
1897.10697
1897.94717
1898.78761
1899.62829
1900.46922
1901.31039
1902.15181
1902.99347
1903.83537
1904.67752
1905.51991
1906.36255
1907.20543
1908.04856
1908.89193
1909.73554
1910.57940
1911.42350
1912.26785
1913.11245
1913.95728
1914.80237
1915.64770
1916.49327
1917.33909
1918.18515
1919.03146
1919.87802
1920.72482
1921.57186
1922.41915
1923.26669
1924.11447
1924.96250
1925.81078
1926.65930
1927.50807
1928.35708
1929.20634
1930.05584
1930.90560
1931.75559
1932.60584
1933.45633
1934.30707
1935.15806
1936.00929
1936.86077
1937.71249
1938.56447
1939.41669
1940.26915
1941.12187
1941.97483
1942.82804
1943.68150
1944.53520
1945.38915
1946.24335
1947.09780
1947.95249
1948.80743
1949.66262
1950.51806
1951.37375
1952.22968
1953.08587
1953.94230
1954.79898
1955.65591
1956.51308
1957.37051
1958.22818
1959.08610
1959.94428
1960.80270
1961.66136
1962.52028
1963.37945
1964.23887
1965.09853
1965.95845
1966.81861
1967.67902
1968.53969
1969.40060
1970.26176
1971.12317
1971.98484
1972.84675
1973.70891
1974.57132
1975.43398
1976.29690
1977.16006
1978.02347
1978.88714
1979.75105
1980.61521
1981.47963
1982.34430
1983.20921
1984.07438
1984.93980
1985.80547
1986.67139
1987.53756
1988.40398
1989.27066
1990.13758
1991.00476
1991.87219
1992.73987
1993.60780
1994.47598
1995.34442
1996.21310
1997.08204
1997.95123
1998.82068
1999.69037
2000.56032
2001.43052
2002.30097
2003.17167
2004.04263
2004.91384
2005.78530
2006.65702
2007.52898
2008.40120
2009.27368
2010.14640
2011.01938
2011.89261
2012.76610
2013.63984
2014.51383
2015.38808
2016.26258
2017.13733
2018.01234
2018.88760
2019.76311
2020.63888
2021.51490
2022.39118
2023.26771
2024.14449
2025.02153
2025.89883
2026.77637
2027.65418
2028.53223
2029.41054
2030.28911
2031.16793
2032.04701
2032.92634
2033.80593
2034.68577
2035.56586
2036.44622
2037.32682
2038.20769
2039.08880
2039.97018
2040.85181
2041.73369
2042.61583
2043.49823
2044.38088
2045.26379
2046.14695
2047.03037
2047.91405
2048.79798
2049.68217
2050.56661
2051.45131
2052.33627
2053.22149
2054.10696
2054.99269
2055.87867
2056.76491
2057.65141
2058.53817
2059.42518
2060.31245
2061.19998
2062.08777
2062.97581
2063.86411
2064.75267
2065.64148
2066.53056
2067.41989
2068.30948
2069.19933
2070.08943
2070.97979
2071.87042
2072.76130
2073.65244
2074.54383
2075.43549
2076.32740
2077.21958
2078.11201
2079.00470
2079.89765
2080.79086
2081.68432
2082.57805
2083.47204
2084.36628
2085.26079
2086.15555
2087.05057
2087.94586
2088.84140
2089.73720
2090.63326
2091.52958
2092.42617
2093.32301
2094.22011
2095.11747
2096.01509
2096.91298
2097.81112
2098.70952
2099.60819
2100.50711
2101.40629
2102.30574
2103.20545
2104.10541
2105.00564
2105.90613
2106.80688
2107.70789
2108.60917
2109.51070
2110.41250
2111.31456
2112.21688
2113.11946
2114.02230
2114.92540
2115.82877
2116.73240
2117.63629
2118.54044
2119.44486
2120.34953
2121.25447
2122.15968
2123.06514
2123.97087
2124.87686
2125.78311
2126.68963
2127.59641
2128.50345
2129.41075
2130.31832
2131.22615
2132.13425
2133.04260
2133.95123
2134.86011
2135.76926
2136.67867
2137.58835
2138.49829
2139.40849
2140.31896
2141.22969
2142.14068
2143.05194
2143.96346
2144.87525
2145.78731
2146.69962
2147.61220
2148.52505
2149.43816
2150.35154
2151.26518
2152.17908
2153.09325
2154.00769
2154.92239
2155.83735
2156.75259
2157.66808
2158.58384
2159.49987
2160.41617
2161.33273
2162.24955
2163.16664
2164.08400
2165.00162
2165.91951
2166.83767
2167.75609
2168.67478
2169.59373
2170.51295
2171.43244
2172.35219
2173.27222
2174.19250
2175.11306
2176.03388
2176.95497
2177.87633
2178.79795
2179.71984
2180.64200
2181.56443
2182.48712
2183.41008
2184.33331
2185.25680
2186.18057
2187.10460
2188.02890
2188.95347
2189.87830
2190.80341
2191.72878
2192.65442
2193.58033
2194.50651
2195.43295
2196.35967
2197.28665
2198.21390
2199.14142
2200.06921
2200.99727
2201.92560
2202.85420
2203.78306
2204.71220
2205.64161
2206.57128
2207.50123
2208.43144
2209.36192
2210.29268
2211.22370
2212.15500
2213.08656
2214.01840
2214.95050
2215.88288
2216.81552
2217.74844
2218.68162
2219.61508
2220.54881
2221.48281
2222.41708
2223.35162
2224.28643
2225.22151
2226.15687
2227.09249
2228.02839
2228.96456
2229.90100
2230.83771
2231.77469
2232.71195
2233.64947
2234.58727
2235.52534
2236.46369
2237.40230
2238.34119
2239.28034
2240.21978
2241.15948
2242.09946
2243.03970
2243.98023
2244.92102
2245.86209
2246.80343
2247.74504
2248.68692
2249.62908
2250.57152
2251.51422
2252.45720
2253.40045
2254.34398
2255.28778
2256.23185
2257.17620
2258.12082
2259.06571
2260.01088
2260.95632
2261.90204
2262.84803
2263.79430
2264.74084
2265.68765
2266.63474
2267.58211
2268.52975
2269.47766
2270.42585
2271.37431
2272.32305
2273.27207
2274.22136
2275.17092
2276.12076
2277.07088
2278.02127
2278.97194
2279.92288
2280.87410
2281.82559
2282.77736
2283.72941
2284.68173
2285.63433
2286.58720
2287.54035
2288.49378
2289.44748
2290.40146
2291.35572
2292.31025
2293.26506
2294.22015
2295.17552
2296.13116
2297.08708
2298.04327
2298.99974
2299.95649
2300.91352
2301.87083
2302.82841
2303.78627
2304.74441
2305.70283
2306.66152
2307.62049
2308.57974
2309.53927
2310.49908
2311.45916
2312.41953
2313.38017
2314.34109
2315.30229
2316.26377
2317.22552
2318.18756
2319.14987
2320.11247
2321.07534
2322.03850
2323.00193
2323.96564
2324.92963
2325.89390
2326.85845
2327.82328
2328.78839
2329.75378
2330.71945
2331.68540
2332.65163
2333.61814
2334.58493
2335.55200
2336.51936
2337.48699
2338.45490
2339.42309
2340.39157
2341.36032
2342.32936
2343.29867
2344.26827
2345.23815
2346.20831
2347.17875
2348.14947
2349.12048
2350.09176
2351.06333
2352.03518
2353.00731
2353.97973
2354.95242
2355.92540
2356.89866
2357.87220
2358.84602
2359.82013
2360.79452
2361.76919
2362.74414
2363.71938
2364.69490
2365.67070
2366.64679
2367.62316
2368.59981
2369.57674
2370.55396
2371.53146
2372.50925
2373.48732
2374.46567
2375.44431
2376.42323
2377.40243
2378.38192
2379.36170
2380.34175
2381.32209
2382.30272
2383.28363
2384.26482
2385.24630
2386.22807
2387.21011
2388.19245
2389.17506
2390.15797
2391.14115
2392.12463
2393.10838
2394.09243
2395.07676
2396.06137
2397.04627
2398.03146
2399.01693
2400.00268
2400.98872
2401.97505
2402.96167
2403.94857
2404.93575
2405.92323
2406.91099
2407.89903
2408.88736
2409.87598
2410.86489
2411.85408
2412.84356
2413.83333
2414.82338
2415.81372
2416.80435
2417.79526
2418.78647
2419.77796
2420.76973
2421.76180
2422.75415
2423.74679
2424.73972
2425.73294
2426.72644
2427.72024
2428.71432
2429.70869
2430.70335
2431.69829
2432.69353
2433.68905
2434.68486
2435.68096
2436.67735
2437.67403
2438.67100
2439.66826
2440.66580
2441.66364
2442.66177
2443.66018
2444.65888
2445.65788
2446.65716
2447.65673
2448.65660
2449.65675
2450.65719
2451.65792
2452.65895
2453.66026
2454.66186
2455.66376
2456.66594
2457.66842
2458.67119
2459.67424
2460.67759
2461.68123
2462.68516
2463.68938
2464.69389
2465.69869
2466.70379
2467.70918
2468.71485
2469.72082
2470.72709
2471.73364
2472.74048
2473.74762
2474.75505
2475.76277
2476.77079
2477.77909
2478.78769
2479.79658
2480.80577
2481.81524
2482.82501
2483.83508
2484.84543
2485.85608
2486.86702
2487.87826
2488.88978
2489.90160
2490.91372
2491.92613
2492.93883
2493.95182
2494.96511
2495.97870
2496.99257
2498.00675
2499.02121
2500.03597
2501.05102
2502.06637
2503.08201
2504.09795
2505.11418
2506.13071
2507.14753
2508.16464
2509.18205
2510.19976
2511.21776
2512.23606
2513.25465
2514.27354
2515.29272
2516.31220
2517.33197
2518.35204
2519.37240
2520.39306
2521.41402
2522.43527
2523.45682
2524.47867
2525.50081
2526.52325
2527.54598
2528.56901
2529.59234
2530.61597
2531.63989
2532.66411
2533.68863
2534.71344
2535.73855
2536.76396
2537.78966
2538.81567
2539.84197
2540.86856
2541.89546
2542.92265
2543.95014
2544.97793
2546.00602
2547.03441
2548.06309
2549.09207
2550.12135
2551.15093
2552.18081
2553.21098
2554.24146
2555.27223
2556.30331
2557.33468
2558.36635
2559.39832
2560.43059
2561.46316
2562.49602
2563.52919
2564.56266
2565.59643
2566.63049
2567.66486
2568.69953
2569.73449
2570.76976
