7.41224
7.41224
7.41223
7.41222
7.41220
7.41217
7.41212
7.41204
7.41194
7.41180
7.41163
7.41141
7.41113
7.41079
7.41038
7.40990
7.40932
7.40864
7.40785
7.40693
7.40588
7.40467
7.40329
7.40173
7.39997
7.39799
7.39576
7.39327
7.39050
7.38743
7.38402
7.38025
7.37611
7.37155
7.36655
7.36108
7.35512
7.34862
7.34156
7.33390
7.32561
7.31665
7.30700
7.29662
7.28546
7.27351
7.26073
7.24707
7.23252
7.21705
7.20061
7.18319
7.16477
7.14531
7.12481
7.10324
7.08059
7.05684
7.03200
7.00605
6.97901
6.95086
6.92162
6.89131
6.85992
6.82750
6.79405
6.75960
6.72419
6.68784
6.65060
6.61249
6.57356
6.53386
6.49342
6.45230
6.41053
6.36817
6.32526
6.28186
6.23801
6.19375
6.14913
6.10420
6.05901
6.01358
5.96798
5.92222
5.87636
5.83042
5.78444
5.73846
5.69249
5.64656
5.60071
5.55495
5.50930
5.46379
5.41842
5.37322
5.32820
5.28336
5.23872
5.19428
5.15006
5.10606
5.06227
5.01872
4.97539
4.93229
4.88942
4.84678
4.80437
4.76218
4.72022
4.67848
4.63696
4.59565
4.55455
4.51365
4.47296
4.43247
4.39216
4.35205
4.31211
4.27236
4.23277
4.19335
4.15410
4.11500
4.07605
4.03724
3.99858
3.96005
3.92166
3.88339
3.84524
3.80721
3.76930
3.73149
3.69379
3.65619
3.61868
3.58127
3.54394
3.50670
3.46955
3.43247
3.39547
3.35853
3.32167
3.28488
3.24814
3.21147
3.17486
3.13830
3.10179
3.06534
3.02893
2.99257
2.95626
2.91999
2.88375
2.84756
2.81140
2.77528
2.73920
2.70314
2.66712
2.63112
2.59516
2.55922
2.52331
2.48742
2.45155
2.41571
2.37989
2.34409
2.30831
2.27254
2.23680
2.20107
2.16536
2.12966
2.09398
2.05832
2.02266
1.98702
1.95139
1.91578
1.88017
1.84458
1.80900
1.77342
1.73786
1.70230
1.66676
1.63122
1.59569
1.56017
1.52465
1.48914
1.45364
1.41815
1.38266
1.34718
1.31170
1.27623
1.24076
1.20530
1.16984
1.13439
1.09895
1.06350
1.02806
0.99263
0.95720
0.92177
0.88635
0.85093
0.81552
0.78010
0.74469
0.70929
0.67388
0.63848
0.60309
0.56769
0.53230
0.49691
0.46152
0.42614
0.39076
0.35538
0.32000
0.28463
0.24925
0.21388
0.17851
0.14315
0.10778
0.07242
0.03706
0.00170
-0.03366
-0.06901
-0.10437
-0.13972
-0.17507
-0.21042
-0.24576
-0.28111
-0.31645
-0.35179
-0.38713
-0.42247
-0.45781
-0.49314
-0.52848
-0.56381
-0.59914
-0.63447
-0.66979
-0.70512
-0.74045
-0.77577
-0.81109
-0.84641
-0.88173
-0.91705
-0.95236
-0.98768
-1.02299
-1.05830
-1.09361
-1.12892
-1.16423
-1.19954
-1.23484
-1.27015
-1.30545
-1.34075
-1.37605
-1.41135
-1.44664
-1.48194
-1.51724
-1.55253
-1.58782
-1.62311
-1.65840
-1.69369
-1.72898
-1.76426
-1.79954
-1.83483
-1.87011
-1.90539
-1.94067
-1.97595
-2.01122
-2.04650
-2.08177
-2.11704
-2.15232
-2.18759
-2.22285
-2.25812
-2.29339
-2.32865
-2.36392
-2.39918
-2.43444
-2.46970
-2.50496
-2.54022
-2.57547
-2.61073
-2.64598
-2.68123
-2.71649
-2.75174
-2.78698
-2.82223
-2.85748
-2.89272
-2.92797
-2.96321
-2.99845
-3.03369
-3.06893
-3.10417
-3.13940
-3.17464
-3.20987
-3.24510
-3.28033
-3.31556
-3.35079
-3.38602
-3.42125
-3.45647
-3.49170
-3.52692
-3.56214
-3.59736
-3.63258
-3.66779
-3.70301
-3.73823
-3.77344
-3.80865
-3.84386
-3.87907
-3.91428
-3.94949
-3.98470
-4.01990
-4.05510
-4.09031
-4.12551
-4.16071
-4.19591
-4.23110
-4.26630
-4.30150
-4.33669
-4.37188
-4.40707
-4.44226
-4.47745
-4.51264
-4.54783
-4.58301
-4.61819
-4.65338
-4.68856
-4.72374
-4.75892
-4.79409
-4.82927
-4.86445
-4.89962
-4.93479
-4.96996
-5.00513
-5.04030
-5.07547
-5.11064
-5.14580
-5.18097
-5.21613
-5.25129
-5.28645
-5.32161
-5.35677
-5.39192
-5.42708
-5.46223
-5.49738
-5.53254
-5.56769
-5.60284
-5.63798
-5.67313
-5.70827
-5.74342
-5.77856
-5.81370
-5.84884
-5.88398
-5.91912
-5.95426
-5.98939
-6.02453
-6.05966
-6.09479
-6.12992
-6.16505
-6.20018
-6.23530
-6.27043
-6.30555
-6.34068
-6.37580
-6.41092
-6.44604
-6.48116
-6.51627
-6.55139
-6.58650
-6.62162
-6.65673
-6.69184
-6.72695
-6.76206
-6.79716
-6.83227
-6.86737
-6.90247
-6.93758
-6.97268
-7.00778
-7.04287
-7.07797
-7.11307
-7.14816
-7.18325
-7.21835
-7.25344
-7.28853
-7.32361
-7.35870
-7.39379
-7.42887
-7.46395
-7.49904
-7.53412
-7.56920
-7.60428
-7.63935
-7.67443
-7.70950
-7.74458
-7.77965
-7.81472
-7.84979
-7.88486
-7.91992
-7.95499
-7.99005
-8.02512
-8.06018
-8.09524
-8.13030
-8.16536
-8.20042
-8.23547
-8.27053
-8.30558
-8.34063
-8.37568
-8.41073
-8.44578
-8.48083
-8.51587
-8.55092
-8.58596
-8.62101
-8.65605
-8.69109
-8.72612
-8.76116
-8.79620
-8.83123
-8.86627
-8.90130
-8.93633
-8.97136
-9.00639
-9.04142
-9.07644
-9.11147
-9.14649
-9.18151
-9.21653
-9.25155
-9.28657
-9.32159
-9.35661
-9.39162
-9.42664
-9.46165
-9.49666
-9.53167
-9.56668
-9.60169
-9.63669
-9.67170
-9.70670
-9.74170
-9.77671
-9.81171
-9.84671
-9.88170
-9.91670
-9.95169
-9.98669
-10.02168
-10.05667
-10.09166
-10.12665
-10.16164
-10.19663
-10.23161
-10.26660
-10.30158
-10.33656
-10.37154
-10.40652
-10.44150
-10.47648
-10.51145
-10.54643
-10.58140
-10.61637
-10.65134
-10.68631
-10.72128
-10.75624
-10.79121
-10.82617
-10.86114
-10.89610
-10.93106
-10.96602
-11.00098
-11.03593
-11.07089
-11.10584
-11.14080
-11.17575
-11.21070
-11.24565
-11.28060
-11.31555
-11.35049
-11.38544
-11.42038
-11.45532
-11.49026
-11.52520
-11.56014
-11.59508
-11.63001
-11.66495
-11.69988
-11.73481
-11.76975
-11.80467
-11.83960
-11.87453
-11.90946
-11.94438
-11.97931
-12.01423
-12.04915
-12.08407
-12.11899
-12.15390
-12.18882
-12.22374
-12.25865
-12.29356
-12.32847
-12.36338
-12.39829
-12.43320
-12.46811
-12.50301
-12.53791
-12.57282
-12.60772
-12.64262
-12.67752
-12.71242
-12.74731
-12.78221
-12.81710
-12.85199
-12.88689
-12.92178
-12.95666
-12.99155
-13.02644
-13.06132
-13.09621
-13.13109
-13.16597
-13.20085
-13.23573
-13.27061
-13.30549
-13.34036
-13.37524
-13.41011
-13.44498
-13.47985
-13.51472
-13.54959
-13.58446
-13.61932
-13.65419
-13.68905
-13.72391
-13.75877
-13.79363
-13.82849
-13.86335
-13.89820
-13.93306
-13.96791
-14.00276
-14.03761
-14.07246
-14.10731
-14.14216
-14.17700
-14.21185
-14.24669
-14.28154
-14.31638
-14.35122
-14.38605
-14.42089
-14.45573
-14.49056
-14.52540
-14.56023
-14.59506
-14.62989
-14.66472
-14.69955
-14.73437
-14.76920
-14.80402
-14.83884
-14.87366
-14.90848
-14.94330
-14.97812
-15.01294
-15.04775
-15.08257
-15.11738
-15.15219
-15.18700
-15.22181
-15.25662
-15.29142
-15.32623
-15.36103
-15.39584
-15.43064
-15.46544
-15.50024
-15.53504
-15.56983
-15.60463
-15.63942
-15.67421
-15.70901
-15.74380
-15.77859
-15.81337
-15.84816
-15.88295
-15.91773
-15.95251
-15.98730
-16.02208
-16.05686
-16.09163
-16.12641
-16.16119
-16.19596
-16.23073
-16.26551
-16.30028
-16.33505
-16.36982
-16.40458
-16.43935
-16.47411
-16.50888
-16.54364
-16.57840
-16.61316
-16.64792
-16.68268
-16.71743
-16.75219
-16.78694
-16.82169
-16.85644
-16.89119
-16.92594
-16.96069
-16.99544
-17.03018
-17.06493
-17.09967
-17.13441
-17.16915
-17.20389
-17.23863
-17.27336
-17.30810
-17.34283
-17.37757
-17.41230
-17.44703
-17.48176
-17.51648
-17.55121
-17.58594
-17.62066
-17.65538
-17.69011
-17.72483
-17.75954
-17.79426
-17.82898
-17.86370
-17.89841
-17.93312
-17.96783
-18.00255
-18.03725
-18.07196
-18.10667
-18.14138
-18.17608
-18.21078
-18.24549
-18.28019
-18.31489
-18.34958
-18.38428
-18.41898
-18.45367
-18.48837
-18.52306
-18.55775
-18.59244
-18.62713
-18.66182
-18.69650
-18.73119
-18.76587
-18.80055
-18.83523
-18.86991
-18.90459
-18.93927
-18.97395
-19.00862
-19.04330
-19.07797
-19.11264
-19.14731
-19.18198
-19.21665
-19.25131
-19.28598
-19.32064
-19.35531
-19.38997
-19.42463
-19.45929
-19.49395
-19.52860
-19.56326
-19.59791
-19.63256
-19.66722
-19.70187
-19.73652
-19.77116
-19.80581
-19.84046
-19.87510
-19.90975
-19.94439
-19.97903
-20.01367
-20.04831
-20.08294
-20.11758
-20.15221
-20.18685
-20.22148
-20.25611
-20.29074
-20.32537
-20.36000
-20.39462
-20.42925
-20.46387
-20.49849
-20.53311
-20.56773
-20.60235
-20.63697
-20.67159
-20.70620
-20.74082
-20.77543
-20.81004
-20.84465
-20.87926
-20.91387
-20.94847
-20.98308
-21.01768
-21.05229
-21.08689
-21.12149
-21.15609
-21.19069
-21.22528
-21.25988
-21.29447
-21.32907
-21.36366
-21.39825
-21.43284
-21.46743
-21.50201
-21.53660
-21.57118
-21.60577
-21.64035
-21.67493
-21.70951
-21.74409
-21.77866
-21.81324
-21.84782
-21.88239
-21.91696
-21.95153
-21.98610
-22.02067
-22.05524
-22.08980
-22.12437
-22.15893
-22.19350
-22.22806
-22.26262
-22.29718
-22.33173
-22.36629
-22.40085
-22.43540
-22.46995
-22.50450
-22.53905
-22.57360
-22.60815
-22.64270
-22.67724
-22.71179
-22.74633
-22.78087
-22.81541
-22.84995
-22.88449
-22.91903
-22.95356
-22.98810
-23.02263
-23.05716
-23.09169
-23.12622
-23.16075
-23.19528
-23.22980
-23.26433
-23.29885
-23.33338
-23.36790
-23.40242
-23.43693
-23.47145
-23.50597
-23.54048
-23.57500
-23.60951
-23.64402
-23.67853
-23.71304
-23.74755
-23.78205
-23.81656
-23.85106
-23.88557
-23.92007
-23.95457
-23.98907
-24.02356
-24.05806
-24.09256
-24.12705
-24.16154
-24.19603
-24.23053
-24.26501
-24.29950
-24.33399
-24.36848
-24.40296
-24.43744
-24.47193
-24.50641
-24.54089
-24.57536
-24.60984
-24.64432
-24.67879
-24.71327
-24.74774
-24.78221
-24.81668
-24.85115
-24.88561
-24.92008
-24.95455
-24.98901
-25.02347
-25.05793
-25.09239
-25.12685
-25.16131
-25.19577
-25.23022
-25.26468
-25.29913
-25.33358
-25.36803
-25.40248
-25.43693
-25.47137
-25.50582
-25.54026
-25.57471
-25.60915
-25.64359
-25.67803
-25.71247
-25.74690
-25.78134
-25.81577
-25.85021
-25.88464
-25.91907
-25.95350
-25.98793
-26.02236
-26.05678
-26.09121
-26.12563
-26.16005
-26.19447
-26.22889
-26.26331
-26.29773
-26.33215
-26.36656
-26.40097
-26.43539
-26.46980
-26.50421
-26.53862
-26.57302
-26.60743
-26.64184
-26.67624
-26.71064
-26.74505
-26.77945
-26.81385
-26.84824
-26.88264
-26.91704
-26.95143
-26.98582
-27.02022
-27.05461
-27.08900
-27.12338
-27.15777
-27.19216
-27.22654
-27.26092
-27.29531
-27.32969
-27.36407
-27.39845
-27.43282
-27.46720
-27.50157
-27.53595
-27.57032
-27.60469
-27.63906
-27.67343
-27.70780
-27.74217
-27.77653
-27.81089
-27.84526
-27.87962
-27.91398
-27.94834
-27.98270
-28.01705
-28.05141
-28.08576
-28.12012
-28.15447
-28.18882
-28.22317
-28.25752
-28.29186
-28.32621
-28.36055
-28.39490
-28.42924
-28.46358
-28.49792
-28.53226
-28.56659
-28.60093
-28.63527
-28.66960
-28.70393
-28.73826
-28.77259
-28.80692
-28.84125
-28.87558
-28.90990
-28.94423
-28.97855
-29.01287
-29.04719
-29.08151
-29.11583
-29.15014
-29.18446
-29.21877
-29.25309
-29.28740
-29.32171
-29.35602
-29.39033
-29.42463
-29.45894
-29.49324
-29.52755
-29.56185
-29.59615
-29.63045
-29.66475
-29.69904
-29.73334
-29.76764
-29.80193
-29.83622
-29.87051
-29.90480
-29.93909
-29.97338
-30.00767
-30.04195
-30.07623
-30.11052
-30.14480
-30.17908
-30.21336
-30.24764
-30.28191
-30.31619
-30.35046
-30.38474
-30.41901
-30.45328
-30.48755
-30.52182
-30.55608
-30.59035
-30.62461
-30.65888
-30.69314
-30.72740
-30.76166
-30.79592
-30.83017
-30.86443
-30.89869
-30.93294
-30.96719
-31.00144
-31.03569
-31.06994
-31.10419
-31.13844
-31.17268
-31.20692
-31.24117
-31.27541
-31.30965
-31.34389
-31.37813
-31.41236
-31.44660
-31.48083
-31.51507
-31.54930
-31.58353
-31.61776
-31.65199
-31.68621
-31.72044
-31.75466
-31.78889
-31.82311
-31.85733
-31.89155
-31.92577
-31.95998
-31.99420
-32.02842
-32.06263
-32.09684
-32.13105
-32.16526
-32.19947
-32.23368
-32.26789
-32.30209
-32.33630
-32.37050
-32.40470
-32.43890
-32.47310
-32.50730
-32.54149
-32.57569
-32.60988
-32.64408
-32.67827
-32.71246
-32.74665
-32.78084
-32.81503
-32.84921
-32.88340
-32.91758
-32.95176
-32.98594
-33.02012
-33.05430
-33.08848
-33.12266
-33.15683
-33.19100
-33.22518
-33.25935
-33.29352
-33.32769
-33.36185
-33.39602
-33.43019
-33.46435
-33.49851
-33.53268
-33.56684
-33.60100
-33.63515
-33.66931
-33.70347
-33.73762
-33.77177
-33.80593
-33.84008
-33.87423
-33.90838
-33.94252
-33.97667
-34.01081
-34.04496
-34.07910
-34.11324
-34.14738
-34.18152
-34.21566
-34.24979
-34.28393
-34.31806
-34.35220
-34.38633
-34.42046
-34.45459
-34.48871
-34.52284
-34.55697
-34.59109
-34.62521
-34.65934
-34.69346
-34.72758
-34.76169
-34.79581
-34.82993
-34.86404
-34.89816
-34.93227
-34.96638
-35.00049
-35.03460
-35.06871
-35.10281
-35.13692
-35.17102
-35.20512
-35.23922
-35.27332
-35.30742
-35.34152
-35.37562
-35.40971
-35.44381
-35.47790
-35.51199
-35.54608
-35.58017
-35.61426
-35.64835
-35.68243
-35.71652
-35.75060
-35.78468
-35.81876
-35.85284
-35.88692
-35.92100
-35.95508
-35.98915
-36.02322
-36.05730
-36.09137
-36.12544
-36.15951
-36.19358
-36.22764
-36.26171
-36.29577
-36.32983
-36.36390
-36.39796
-36.43202
-36.46607
-36.50013
-36.53419
-36.56824
-36.60229
-36.63635
-36.67040
-36.70445
-36.73849
-36.77254
-36.80659
-36.84063
-36.87468
-36.90872
-36.94276
-36.97680
-37.01084
-37.04488
-37.07891
-37.11295
-37.14698
-37.18101
-37.21505
-37.24908
-37.28311
-37.31713
-37.35116
-37.38519
-37.41921
-37.45323
-37.48726
-37.52128
-37.55530
-37.58931
-37.62333
-37.65735
-37.69136
-37.72538
-37.75939
-37.79340
-37.82741
-37.86142
-37.89543
-37.92943
-37.96344
-37.99744
-38.03144
-38.06544
-38.09945
-38.13344
-38.16744
-38.20144
-38.23543
-38.26943
-38.30342
-38.33741
-38.37140
-38.40539
-38.43938
-38.47337
-38.50736
-38.54134
-38.57532
-38.60931
-38.64329
-38.67727
-38.71125
-38.74522
-38.77920
-38.81317
-38.84715
-38.88112
-38.91509
-38.94906
-38.98303
-39.01700
-39.05097
-39.08493
-39.11890
-39.15286
-39.18682
-39.22078
-39.25474
-39.28870
-39.32266
-39.35661
-39.39057
-39.42452
-39.45847
-39.49242
-39.52637
-39.56032
-39.59427
-39.62822
-39.66216
-39.69611
-39.73005
-39.76399
-39.79793
-39.83187
-39.86581
-39.89974
-39.93368
-39.96761
-40.00155
-40.03548
-40.06941
-40.10334
-40.13727
-40.17119
-40.20512
-40.23904
-40.27297
-40.30689
-40.34081
-40.37473
-40.40865
-40.44257
-40.47648
-40.51040
-40.54431
-40.57823
-40.61214
-40.64605
-40.67996
-40.71386
-40.74777
-40.78168
-40.81558
-40.84948
-40.88339
-40.91729
-40.95119
-40.98508
-41.01898
-41.05288
-41.08677
-41.12067
-41.15456
-41.18845
-41.22234
-41.25623
-41.29012
-41.32400
-41.35789
-41.39177
-41.42565
-41.45954
-41.49342
-41.52729
-41.56117
-41.59505
-41.62893
-41.66280
-41.69667
-41.73054
-41.76442
-41.79829
-41.83215
-41.86602
-41.89989
-41.93375
-41.96762
-42.00148
-42.03534
-42.06920
-42.10306
-42.13691
-42.17077
-42.20463
-42.23848
-42.27233
-42.30619
-42.34004
-42.37388
-42.40773
-42.44158
-42.47543
-42.50927
-42.54311
-42.57695
-42.61080
-42.64464
-42.67847
-42.71231
-42.74615
-42.77998
-42.81382
-42.84765
-42.88148
-42.91531
-42.94914
-42.98297
-43.01679
-43.05062
-43.08444
-43.11826
-43.15209
-43.18591
-43.21973
-43.25354
-43.28736
-43.32118
-43.35499
-43.38881
-43.42262
-43.45643
-43.49024
-43.52405
-43.55785
-43.59166
-43.62547
-43.65927
-43.69307
-43.72687
-43.76067
-43.79447
-43.82827
-43.86207
-43.89586
-43.92966
-43.96345
-43.99724
-44.03103
-44.06482
-44.09861
-44.13240
-44.16618
-44.19997
-44.23375
-44.26753
-44.30131
-44.33509
-44.36887
-44.40265
-44.43643
-44.47020
-44.50398
-44.53775
-44.57152
-44.60529
-44.63906
-44.67283
-44.70659
-44.74036
-44.77412
-44.80789
-44.84165
-44.87541
-44.90917
-44.94293
-44.97669
-45.01044
-45.04420
-45.07795
-45.11170
-45.14545
-45.17920
-45.21295
-45.24670
-45.28045
-45.31419
-45.34794
-45.38168
-45.41542
-45.44916
-45.48290
-45.51664
-45.55038
-45.58411
-45.61785
-45.65158
-45.68531
-45.71904
-45.75277
-45.78650
-45.82023
-45.85396
-45.88768
-45.92140
-45.95513
-45.98885
-46.02257
-46.05629
-46.09001
-46.12372
-46.15744
-46.19115
-46.22487
-46.25858
-46.29229
-46.32600
-46.35971
-46.39341
-46.42712
-46.46082
-46.49453
-46.52823
-46.56193
-46.59563
-46.62933
-46.66303
-46.69672
-46.73042
-46.76411
-46.79781
-46.83150
-46.86519
-46.89888
-46.93257
-46.96625
-46.99994
-47.03362
-47.06731
-47.10099
-47.13467
-47.16835
-47.20203
-47.23570
-47.26938
-47.30306
-47.33673
-47.37040
-47.40407
-47.43774
-47.47141
-47.50508
-47.53875
-47.57241
-47.60608
-47.63974
-47.67340
-47.70706
-47.74072
-47.77438
-47.80804
-47.84169
-47.87535
-47.90900
-47.94265
-47.97631
-48.00996
-48.04360
-48.07725
-48.11090
-48.14454
-48.17819
-48.21183
-48.24547
-48.27911
-48.31275
-48.34639
-48.38003
-48.41366
-48.44730
-48.48093
-48.51456
-48.54819
-48.58182
-48.61545
-48.64908
-48.68271
-48.71633
-48.74996
-48.78358
-48.81720
-48.85082
-48.88444
-48.91806
-48.95167
-48.98529
-49.01890
-49.05252
-49.08613
-49.11974
-49.15335
-49.18696
-49.22057
-49.25417
-49.28778
-49.32138
-49.35498
-49.38858
-49.42218
-49.45578
-49.48938
-49.52298
-49.55657
-49.59017
-49.62376
-49.65735
-49.69094
-49.72453
-49.75812
-49.79171
-49.82529
-49.85888
-49.89246
-49.92604
-49.95962
-49.99320
-50.02678
-50.06036
-50.09394
-50.12751
-50.16108
-50.19466
-50.22823
-50.26180
-50.29537
-50.32894
-50.36250
-50.39607
-50.42963
-50.46320
-50.49676
-50.53032
-50.56388
-50.59744
-50.63100
-50.66455
-50.69811
-50.73166
-50.76521
-50.79877
-50.83232
-50.86586
-50.89941
-50.93296
-50.96650
-51.00005
-51.03359
-51.06713
-51.10068
-51.13421
-51.16775
-51.20129
-51.23483
-51.26836
-51.30189
-51.33543
-51.36896
-51.40249
-51.43602
-51.46955
-51.50307
-51.53660
-51.57012
-51.60364
-51.63717
-51.67069
-51.70421
-51.73772
-51.77124
-51.80476
-51.83827
-51.87179
-51.90530
-51.93881
-51.97232
-52.00583
-52.03933
-52.07284
-52.10635
-52.13985
-52.17335
-52.20686
-52.24036
-52.27386
-52.30735
-52.34085
-52.37435
-52.40784
-52.44133
-52.47483
-52.50832
-52.54181
-52.57530
-52.60878
-52.64227
-52.67575
-52.70924
-52.74272
-52.77620
-52.80968
-52.84316
-52.87664
-52.91012
-52.94359
-52.97707
-53.01054
-53.04401
-53.07748
-53.11095
-53.14442
-53.17789
-53.21135
-53.24482
-53.27828
-53.31175
-53.34521
-53.37867
-53.41213
-53.44558
-53.47904
-53.51250
-53.54595
-53.57940
-53.61286
-53.64631
-53.67976
-53.71321
-53.74665
-53.78010
-53.81354
-53.84699
-53.88043
-53.91387
-53.94731
-53.98075
-54.01419
-54.04762
-54.08106
-54.11449
-54.14793
-54.18136
-54.21479
-54.24822
-54.28165
-54.31508
-54.34850
-54.38193
-54.41535
-54.44877
-54.48219
-54.51561
-54.54903
-54.58245
-54.61587
-54.64928
-54.68270
-54.71611
-54.74952
-54.78293
-54.81634
-54.84975
-54.88316
-54.91656
-54.94997
-54.98337
-55.01677
-55.05017
-55.08357
-55.11697
-55.15037
-55.18377
-55.21716
-55.25056
-55.28395
-55.31734
-55.35073
-55.38412
-55.41751
-55.45090
-55.48428
-55.51767
-55.55105
-55.58443
-55.61781
-55.65119
-55.68457
-55.71795
-55.75133
-55.78470
-55.81807
-55.85145
-55.88482
-55.91819
-55.95156
-55.98493
-56.01829
-56.05166
-56.08502
-56.11839
-56.15175
-56.18511
-56.21847
-56.25183
-56.28519
-56.31854
-56.35190
-56.38525
-56.41861
-56.45196
-56.48531
-56.51866
-56.55200
-56.58535
-56.61870
-56.65204
-56.68539
-56.71873
-56.75207
-56.78541
-56.81875
-56.85208
-56.88542
-56.91876
-56.95209
-56.98542
-57.01875
-57.05208
-57.08541
-57.11874
-57.15207
-57.18539
-57.21872
-57.25204
-57.28536
-57.31868
-57.35200
-57.38532
-57.41864
-57.45196
-57.48527
-57.51859
-57.55190
-57.58521
-57.61852
-57.65183
-57.68514
-57.71845
-57.75175
-57.78506
-57.81836
-57.85166
-57.88496
-57.91826
-57.95156
-57.98486
-58.01815
-58.05145
-58.08474
-58.11804
-58.15133
-58.18462
-58.21791
-58.25119
-58.28448
-58.31777
-58.35105
-58.38434
-58.41762
-58.45090
-58.48418
-58.51746
-58.55073
-58.58401
-58.61729
-58.65056
-58.68383
-58.71710
-58.75037
-58.78364
-58.81691
-58.85018
-58.88344
-58.91671
-58.94997
-58.98323
-59.01649
-59.04975
-59.08301
-59.11627
-59.14953
-59.18278
-59.21604
-59.24929
-59.28254
-59.31579
-59.34904
-59.38229
-59.41553
-59.44878
-59.48202
-59.51527
-59.54851
-59.58175
-59.61499
-59.64823
-59.68147
-59.71470
-59.74794
-59.78117
-59.81441
-59.84764
-59.88087
-59.91410
-59.94732
-59.98055
-60.01378
-60.04700
-60.08023
-60.11345
-60.14667
-60.17989
-60.21311
-60.24632
-60.27954
-60.31276
-60.34597
-60.37918
-60.41239
-60.44560
-60.47881
-60.51202
-60.54523
-60.57843
-60.61164
-60.64484
-60.67804
-60.71125
-60.74445
-60.77764
-60.81084
-60.84404
-60.87723
-60.91043
-60.94362
-60.97681
-61.01000
-61.04319
-61.07638
-61.10957
-61.14275
-61.17594
-61.20912
-61.24230
-61.27548
-61.30866
-61.34184
-61.37502
-61.40820
-61.44137
-61.47455
-61.50772
-61.54089
-61.57406
-61.60723
-61.64040
-61.67357
-61.70673
-61.73990
-61.77306
-61.80622
-61.83938
-61.87254
-61.90570
-61.93886
-61.97202
-62.00517
-62.03833
-62.07148
-62.10463
-62.13778
-62.17093
-62.20408
-62.23723
-62.27037
-62.30352
-62.33666
-62.36980
-62.40294
-62.43608
-62.46922
-62.50236
-62.53550
-62.56863
-62.60177
-62.63490
-62.66803
-62.70116
-62.73429
-62.76742
-62.80055
-62.83367
-62.86680
-62.89992
-62.93305
-62.96617
-62.99929
-63.03241
-63.06552
-63.09864
-63.13176
-63.16487
-63.19798
-63.23110
-63.26421
-63.29732
-63.33043
-63.36353
-63.39664
-63.42974
-63.46285
-63.49595
-63.52905
-63.56215
-63.59525
-63.62835
-63.66145
-63.69454
-63.72764
-63.76073
-63.79382
-63.82691
-63.86000
-63.89309
-63.92618
-63.95926
-63.99235
-64.02543
-64.05852
-64.09160
-64.12468
-64.15776
-64.19083
-64.22391
-64.25699
-64.29006
-64.32314
-64.35621
-64.38928
-64.42235
-64.45542
-64.48848
-64.52155
-64.55462
-64.58768
-64.62074
-64.65380
-64.68687
-64.71992
-64.75298
-64.78604
-64.81910
-64.85215
-64.88520
-64.91826
-64.95131
-64.98436
-65.01741
-65.05045
-65.08350
-65.11655
-65.14959
-65.18263
-65.21568
-65.24872
-65.28176
-65.31479
-65.34783
-65.38087
-65.41390
-65.44694
-65.47997
-65.51300
-65.54603
-65.57906
-65.61209
-65.64511
-65.67814
-65.71116
-65.74419
-65.77721
-65.81023
-65.84325
-65.87627
-65.90928
-65.94230
-65.97532
-66.00833
-66.04134
-66.07435
-66.10736
-66.14037
-66.17338
-66.20639
-66.23939
-66.27240
-66.30540
-66.33840
-66.37140
-66.40440
-66.43740
-66.47040
-66.50340
-66.53639
-66.56939
-66.60238
-66.63537
-66.66836
-66.70135
-66.73434
-66.76733
-66.80031
-66.83330
-66.86628
-66.89926
-66.93224
-66.96522
-66.99820
-67.03118
-67.06416
-67.09713
-67.13011
-67.16308
-67.19605
-67.22902
-67.26199
-67.29496
-67.32793
-67.36089
-67.39386
-67.42682
-67.45978
-67.49274
-67.52570
-67.55866
-67.59162
-67.62458
-67.65753
-67.69049
-67.72344
-67.75639
-67.78934
-67.82229
-67.85524
-67.88819
-67.92114
-67.95408
-67.98702
-68.01997
-68.05291
-68.08585
-68.11879
-68.15173
-68.18466
-68.21760
-68.25053
-68.28347
-68.31640
-68.34933
-68.38226
-68.41519
-68.44812
-68.48104
-68.51397
-68.54689
-68.57982
-68.61274
-68.64566
-68.67858
-68.71150
-68.74441
-68.77733
-68.81024
-68.84316
-68.87607
-68.90898
-68.94189
-68.97480
-69.00771
-69.04061
-69.07352
-69.10642
-69.13933
-69.17223
-69.20513
-69.23803
-69.27093
-69.30383
-69.33672
-69.36962
-69.40251
-69.43540
-69.46830
-69.50119
-69.53407
-69.56696
-69.59985
-69.63274
-69.66562
-69.69850
-69.73139
-69.76427
-69.79715
-69.83003
-69.86290
-69.89578
-69.92865
-69.96153
-69.99440
-70.02727
-70.06014
-70.09301
-70.12588
-70.15875
-70.19161
-70.22448
-70.25734
-70.29021
-70.32307
-70.35593
-70.38879
-70.42164
-70.45450
-70.48736
-70.52021
-70.55306
-70.58592
-70.61877
-70.65162
-70.68447
-70.71731
-70.75016
-70.78300
-70.81585
-70.84869
-70.88153
-70.91437
-70.94721
-70.98005
-71.01289
-71.04572
-71.07856
-71.11139
-71.14422
-71.17705
-71.20988
-71.24271
-71.27554
-71.30837
-71.34119
-71.37402
-71.40684
-71.43966
-71.47248
-71.50530
-71.53812
-71.57094
-71.60375
-71.63657
-71.66938
-71.70219
-71.73501
-71.76782
-71.80062
-71.83343
-71.86624
-71.89904
-71.93185
-71.96465
-71.99745
-72.03026
-72.06306
-72.09585
-72.12865
-72.16145
-72.19424
-72.22704
-72.25983
-72.29262
-72.32541
-72.35820
-72.39099
-72.42378
-72.45656
-72.48935
-72.52213
-72.55491
-72.58770
-72.62048
-72.65325
-72.68603
-72.71881
-72.75158
-72.78436
-72.81713
-72.84990
-72.88267
-72.91544
-72.94821
-72.98098
-73.01375
-73.04651
-73.07927
-73.11204
-73.14480
-73.17756
-73.21032
-73.24308
-73.27583
-73.30859
-73.34134
-73.37410
-73.40685
-73.43960
-73.47235
-73.50510
-73.53785
-73.57059
-73.60334
-73.63608
-73.66883
-73.70157
-73.73431
-73.76705
-73.79979
-73.83253
-73.86526
-73.89800
-73.93073
-73.96346
-73.99619
-74.02892
-74.06165
-74.09438
-74.12711
-74.15983
-74.19256
-74.22528
-74.25800
-74.29073
-74.32345
-74.35616
-74.38888
-74.42160
-74.45431
-74.48703
-74.51974
-74.55245
-74.58516
-74.61787
-74.65058
-74.68329
-74.71599
-74.74870
-74.78140
-74.81410
-74.84681
-74.87951
-74.91221
-74.94490
-74.97760
-75.01030
-75.04299
-75.07568
-75.10838
-75.14107
-75.17376
-75.20645
-75.23913
-75.27182
-75.30450
-75.33719
-75.36987
-75.40255
-75.43523
-75.46791
-75.50059
-75.53327
-75.56595
-75.59862
-75.63129
-75.66397
-75.69664
-75.72931
-75.76198
-75.79464
-75.82731
-75.85998
-75.89264
-75.92531
-75.95797
-75.99063
-76.02329
-76.05595
-76.08860
-76.12126
-76.15392
-76.18657
-76.21922
-76.25187
-76.28452
-76.31717
-76.34982
-76.38247
-76.41512
-76.44776
-76.48040
-76.51305
-76.54569
-76.57833
-76.61097
-76.64360
-76.67624
-76.70888
-76.74151
-76.77414
-76.80678
-76.83941
-76.87204
-76.90467
-76.93729
-76.96992
-77.00255
-77.03517
-77.06779
-77.10041
-77.13304
-77.16565
-77.19827
-77.23089
-77.26351
-77.29612
-77.32873
-77.36135
-77.39396
-77.42657
-77.45918
-77.49179
-77.52439
-77.55700
-77.58960
-77.62221
-77.65481
-77.68741
-77.72001
-77.75261
-77.78521
-77.81780
-77.85040
-77.88299
-77.91558
-77.94818
-77.98077
-78.01336
-78.04594
-78.07853
-78.11112
-78.14370
-78.17629
-78.20887
-78.24145
-78.27403
-78.30661
-78.33919
-78.37176
-78.40434
-78.43691
-78.46949
-78.50206
-78.53463
-78.56720
-78.59977
-78.63234
-78.66490
-78.69747
-78.73003
-78.76260
-78.79516
-78.82772
-78.86028
-78.89284
-78.92539
-78.95795
-78.99051
-79.02306
-79.05561
-79.08816
-79.12071
-79.15326
-79.18581
-79.21836
-79.25090
-79.28345
-79.31599
-79.34853
-79.38107
-79.41361
-79.44615
-79.47869
-79.51123
-79.54376
-79.57630
-79.60883
-79.64136
-79.67389
-79.70642
-79.73895
-79.77148
-79.80400
-79.83653
-79.86905
-79.90158
-79.93410
-79.96662
-79.99914
-80.03166
-80.06417
-80.09669
-80.12920
-80.16172
-80.19423
-80.22674
-80.25925
-80.29176
-80.32427
-80.35677
-80.38928
-80.42178
-80.45429
-80.48679
-80.51929
-80.55179
-80.58429
-80.61679
-80.64928
-80.68178
-80.71427
-80.74676
-80.77926
-80.81175
-80.84424
-80.87672
-80.90921
-80.94170
-80.97418
-81.00667
-81.03915
-81.07163
-81.10411
-81.13659
-81.16907
-81.20154
-81.23402
-81.26649
-81.29897
-81.33144
-81.36391
-81.39638
-81.42885
-81.46132
-81.49378
-81.52625
-81.55871
-81.59118
-81.62364
-81.65610
-81.68856
-81.72102
-81.75347
-81.78593
-81.81838
-81.85084
-81.88329
-81.91574
-81.94819
-81.98064
-82.01309
-82.04554
-82.07798
-82.11043
-82.14287
-82.17531
-82.20776
-82.24020
-82.27263
-82.30507
-82.33751
-82.36994
-82.40238
-82.43481
-82.46724
-82.49967
-82.53210
-82.56453
-82.59696
-82.62939
-82.66181
-82.69424
-82.72666
-82.75908
-82.79150
-82.82392
-82.85634
-82.88876
-82.92117
-82.95359
-82.98600
-83.01841
-83.05082
-83.08324
-83.11564
-83.14805
-83.18046
-83.21286
-83.24527
-83.27767
-83.31007
-83.34248
-83.37488
-83.40727
-83.43967
-83.47207
-83.50446
-83.53686
-83.56925
-83.60164
-83.63403
-83.66642
-83.69881
-83.73120
-83.76359
-83.79597
-83.82836
-83.86074
-83.89312
-83.92550
-83.95788
-83.99026
-84.02263
-84.05501
-84.08739
-84.11976
-84.15213
-84.18450
-84.21687
-84.24924
-84.28161
-84.31398
-84.34634
-84.37871
-84.41107
-84.44343
-84.47579
-84.50815
-84.54051
-84.57287
-84.60523
-84.63758
-84.66994
-84.70229
-84.73464
-84.76699
-84.79934
-84.83169
-84.86404
-84.89638
-84.92873
-84.96107
-84.99342
-85.02576
-85.05810
-85.09044
-85.12277
-85.15511
-85.18745
-85.21978
-85.25212
-85.28445
-85.31678
-85.34911
-85.38144
-85.41377
-85.44609
-85.47842
-85.51074
-85.54307
-85.57539
-85.60771
-85.64003
-85.67235
-85.70467
-85.73698
-85.76930
-85.80161
-85.83393
-85.86624
-85.89855
-85.93086
-85.96317
-85.99547
-86.02778
-86.06009
-86.09239
-86.12469
-86.15699
-86.18929
-86.22159
-86.25389
-86.28619
-86.31849
-86.35078
-86.38307
-86.41537
-86.44766
-86.47995
-86.51224
-86.54452
-86.57681
-86.60910
-86.64138
-86.67366
-86.70595
-86.73823
-86.77051
-86.80279
-86.83506
-86.86734
-86.89962
-86.93189
-86.96416
-86.99644
-87.02871
-87.06098
-87.09324
-87.12551
-87.15778
-87.19004
-87.22231
-87.25457
-87.28683
-87.31909
-87.35135
-87.38361
-87.41587
-87.44812
-87.48038
-87.51263
-87.54488
-87.57714
-87.60939
-87.64164
-87.67388
-87.70613
-87.73838
-87.77062
-87.80286
-87.83511
-87.86735
-87.89959
-87.93183
-87.96406
-87.99630
-88.02854
-88.06077
-88.09300
-88.12524
-88.15747
-88.18970
-88.22193
-88.25415
-88.28638
-88.31860
-88.35083
-88.38305
-88.41527
-88.44749
-88.47971
-88.51193
-88.54415
-88.57636
-88.60858
-88.64079
-88.67301
-88.70522
-88.73743
-88.76964
-88.80185
-88.83405
-88.86626
-88.89846
-88.93067
-88.96287
-88.99507
-89.02727
-89.05947
-89.09167
-89.12386
-89.15606
-89.18825
-89.22045
-89.25264
-89.28483
-89.31702
-89.34921
-89.38140
-89.41358
-89.44577
-89.47795
-89.51014
-89.54232
-89.57450
-89.60668
-89.63886
-89.67104
-89.70321
-89.73539
-89.76756
-89.79973
-89.83191
-89.86408
-89.89625
-89.92841
-89.96058
-89.99275
-90.02491
-90.05708
-90.08924
-90.12140
-90.15356
-90.18572
-90.21788
-90.25003
-90.28219
-90.31434
-90.34650
-90.37865
-90.41080
-90.44295
-90.47510
-90.50725
-90.53940
-90.57154
-90.60369
-90.63583
-90.66797
-90.70011
-90.73225
-90.76439
-90.79653
-90.82867
-90.86080
-90.89294
-90.92507
-90.95720
-90.98933
-91.02146
-91.05359
-91.08572
-91.11784
-91.14997
-91.18209
-91.21422
-91.24634
-91.27846
-91.31058
-91.34270
-91.37481
-91.40693
-91.43904
-91.47116
-91.50327
-91.53538
-91.56749
-91.59960
-91.63171
-91.66382
-91.69592
-91.72803
-91.76013
-91.79223
-91.82433
-91.85643
-91.88853
-91.92063
-91.95273
-91.98482
-92.01692
-92.04901
-92.08110
-92.11319
-92.14528
-92.17737
-92.20946
-92.24155
-92.27363
-92.30572
-92.33780
-92.36988
-92.40196
-92.43404
-92.46612
-92.49820
-92.53028
-92.56235
-92.59442
-92.62650
-92.65857
-92.69064
-92.72271
-92.75478
-92.78685
-92.81891
-92.85098
-92.88304
-92.91510
-92.94717
-92.97923
-93.01129
-93.04334
-93.07540
-93.10746
-93.13951
-93.17157
-93.20362
-93.23567
-93.26772
-93.29977
-93.33182
-93.36386
-93.39591
-93.42795
-93.46000
-93.49204
-93.52408
-93.55612
-93.58816
-93.62020
-93.65223
-93.68427
-93.71630
-93.74834
-93.78037
-93.81240
-93.84443
-93.87646
-93.90849
-93.94051
-93.97254
-94.00456
-94.03659
-94.06861
-94.10063
-94.13265
-94.16467
-94.19668
-94.22870
-94.26072
-94.29273
-94.32474
-94.35676
-94.38877
-94.42078
-94.45278
-94.48479
-94.51680
-94.54880
-94.58081
-94.61281
-94.64481
-94.67681
-94.70881
-94.74081
-94.77281
-94.80480
-94.83680
-94.86879
-94.90078
-94.93277
-94.96476
-94.99675
-95.02874
-95.06073
-95.09271
-95.12470
-95.15668
-95.18866
-95.22065
-95.25263
-95.28461
-95.31658
-95.34856
-95.38054
-95.41251
-95.44448
-95.47646
-95.50843
-95.54040
-95.57236
-95.60433
-95.63630
-95.66826
-95.70023
-95.73219
-95.76415
-95.79611
-95.82807
-95.86003
-95.89199
-95.92395
-95.95590
-95.98786
-96.01981
-96.05176
-96.08371
-96.11566
-96.14761
-96.17956
-96.21150
-96.24345
-96.27539
-96.30734
-96.33928
-96.37122
-96.40316
-96.43510
-96.46703
-96.49897
-96.53091
-96.56284
-96.59477
-96.62670
-96.65863
-96.69056
-96.72249
-96.75442
-96.78634
-96.81827
-96.85019
-96.88211
-96.91404
-96.94596
-96.97788
-97.00979
-97.04171
-97.07363
-97.10554
-97.13745
-97.16937
-97.20128
-97.23319
-97.26510
-97.29700
-97.32891
-97.36082
-97.39272
-97.42462
-97.45653
-97.48843
-97.52033
-97.55223
-97.58412
-97.61602
-97.64792
-97.67981
-97.71170
-97.74360
-97.77549
-97.80738
-97.83927
-97.87115
-97.90304
-97.93493
-97.96681
-97.99869
-98.03057
-98.06246
-98.09434
-98.12621
-98.15809
-98.18997
-98.22184
-98.25372
-98.28559
-98.31746
-98.34933
-98.38120
-98.41307
-98.44494
-98.47680
-98.50867
-98.54053
-98.57240
-98.60426
-98.63612
-98.66798
-98.69983
-98.73169
-98.76355
-98.79540
-98.82726
-98.85911
-98.89096
-98.92281
-98.95466
-98.98651
-99.01836
-99.05020
-99.08205
-99.11389
-99.14573
-99.17757
-99.20941
-99.24125
-99.27309
-99.30493
-99.33676
-99.36860
-99.40043
-99.43226
-99.46410
-99.49593
-99.52776
-99.55958
-99.59141
-99.62324
-99.65506
-99.68688
-99.71871
-99.75053
-99.78235
-99.81417
-99.84598
-99.87780
-99.90962
-99.94143
-99.97324
-100.00506
-100.03687
-100.06868
-100.10049
-100.13229
-100.16410
-100.19590
-100.22771
-100.25951
-100.29131
-100.32312
-100.35491
-100.38671
-100.41851
-100.45031
-100.48210
-100.51390
-100.54569
-100.57748
-100.60927
-100.64106
-100.67285
-100.70464
-100.73642
-100.76821
-100.79999
-100.83178
-100.86356
-100.89534
-100.92712
-100.95890
-100.99067
-101.02245
-101.05423
-101.08600
-101.11777
-101.14954
-101.18131
-101.21308
-101.24485
-101.27662
-101.30839
-101.34015
-101.37191
-101.40368
-101.43544
-101.46720
-101.49896
-101.53072
-101.56247
-101.59423
-101.62599
-101.65774
-101.68949
-101.72124
-101.75299
-101.78474
-101.81649
-101.84824
-101.87998
-101.91173
-101.94347
-101.97521
-102.00696
-102.03870
-102.07043
-102.10217
-102.13391
-102.16565
-102.19738
-102.22911
-102.26085
-102.29258
-102.32431
-102.35604
-102.38776
-102.41949
-102.45122
-102.48294
-102.51466
-102.54639
-102.57811
-102.60983
-102.64155
-102.67326
-102.70498
-102.73670
-102.76841
-102.80013
-102.83184
-102.86355
-102.89526
-102.92697
-102.95868
-102.99038
-103.02209
-103.05379
-103.08550
-103.11720
-103.14890
-103.18060
-103.21230
-103.24399
-103.27569
-103.30739
-103.33908
-103.37077
-103.40247
-103.43416
-103.46585
-103.49754
-103.52922
-103.56091
-103.59260
-103.62428
-103.65596
-103.68764
-103.71933
-103.75100
-103.78268
-103.81436
-103.84604
-103.87771
-103.90939
-103.94106
-103.97273
-104.00440
-104.03607
-104.06774
-104.09941
-104.13107
-104.16274
-104.19440
-104.22607
-104.25773
-104.28939
-104.32105
-104.35271
-104.38436
-104.41602
-104.44768
-104.47933
-104.51098
-104.54263
-104.57428
-104.60593
-104.63758
-104.66923
-104.70088
-104.73252
-104.76417
-104.79581
-104.82745
-104.85909
-104.89073
-104.92237
-104.95401
-104.98564
-105.01728
-105.04891
-105.08054
-105.11217
-105.14381
-105.17543
-105.20706
-105.23869
-105.27032
-105.30194
-105.33356
-105.36519
-105.39681
-105.42843
-105.46005
-105.49167
-105.52328
-105.55490
-105.58651
-105.61813
-105.64974
-105.68135
-105.71296
-105.74457
-105.77618
-105.80779
-105.83939
-105.87100
-105.90260
-105.93420
-105.96581
-105.99741
-106.02901
-106.06060
-106.09220
-106.12380
-106.15539
-106.18698
-106.21858
-106.25017
-106.28176
-106.31335
-106.34494
-106.37652
-106.40811
-106.43969
-106.47128
-106.50286
-106.53444
-106.56602
-106.59760
-106.62918
-106.66076
-106.69233
-106.72391
-106.75548
-106.78705
-106.81862
-106.85019
-106.88176
-106.91333
-106.94490
-106.97646
-107.00803
-107.03959
-107.07115
-107.10271
-107.13427
-107.16583
-107.19739
-107.22895
-107.26050
-107.29206
-107.32361
-107.35516
-107.38672
-107.41827
-107.44981
-107.48136
-107.51291
-107.54445
-107.57600
-107.60754
-107.63908
-107.67063
-107.70217
-107.73371
-107.76524
-107.79678
-107.82832
-107.85985
-107.89138
-107.92292
-107.95445
-107.98598
-108.01751
-108.04903
-108.08056
-108.11209
-108.14361
-108.17513
-108.20666
-108.23818
-108.26970
-108.30122
-108.33273
-108.36425
-108.39577
-108.42728
-108.45879
-108.49031
-108.52182
-108.55333
-108.58484
-108.61634
-108.64785
-108.67936
-108.71086
-108.74236
-108.77387
-108.80537
-108.83687
-108.86837
-108.89986
-108.93136
-108.96286
-108.99435
-109.02584
-109.05734
-109.08883
-109.12032
-109.15181
-109.18329
-109.21478
-109.24626
-109.27775
-109.30923
-109.34071
-109.37220
-109.40368
-109.43515
-109.46663
-109.49811
-109.52958
-109.56106
-109.59253
-109.62400
-109.65548
-109.68695
-109.71841
-109.74988
-109.78135
-109.81281
-109.84428
-109.87574
-109.90720
-109.93867
-109.97013
-110.00158
-110.03304
-110.06450
-110.09595
-110.12741
-110.15886
-110.19031
-110.22176
-110.25321
-110.28466
-110.31611
-110.34756
-110.37900
-110.41045
-110.44189
-110.47333
-110.50477
-110.53621
-110.56765
-110.59909
-110.63053
-110.66196
-110.69340
-110.72483
-110.75626
-110.78769
-110.81912
-110.85055
-110.88198
-110.91340
-110.94483
-110.97625
-111.00768
-111.03910
-111.07052
-111.10194
-111.13336
-111.16478
-111.19619
-111.22761
-111.25902
-111.29044
-111.32185
-111.35326
-111.38467
-111.41608
-111.44749
-111.47889
-111.51030
-111.54170
-111.57311
-111.60451
-111.63591
-111.66731
-111.69871
-111.73011
-111.76150
-111.79290
-111.82429
-111.85569
-111.88708
-111.91847
-111.94986
-111.98125
-112.01264
-112.04402
-112.07541
-112.10679
-112.13818
-112.16956
-112.20094
-112.23232
-112.26370
-112.29507
-112.32645
-112.35783
-112.38920
-112.42057
-112.45195
-112.48332
-112.51469
-112.54606
-112.57742
-112.60879
-112.64016
-112.67152
-112.70288
-112.73425
-112.76561
-112.79697
-112.82833
-112.85968
-112.89104
-112.92240
-112.95375
-112.98510
-113.01646
-113.04781
-113.07916
-113.11051
-113.14185
-113.17320
-113.20455
-113.23589
-113.26723
-113.29858
-113.32992
-113.36126
-113.39260
-113.42394
-113.45527
-113.48661
-113.51794
-113.54928
-113.58061
-113.61194
-113.64327
-113.67460
-113.70593
-113.73725
-113.76858
-113.79990
-113.83123
-113.86255
-113.89387
-113.92519
-113.95651
-113.98783
-114.01914
-114.05046
-114.08177
-114.11309
-114.14440
-114.17571
-114.20702
-114.23833
-114.26964
-114.30094
-114.33225
-114.36355
-114.39486
-114.42616
-114.45746
-114.48876
-114.52006
-114.55136
-114.58266
-114.61395
-114.64525
-114.67654
-114.70783
-114.73912
-114.77041
-114.80170
-114.83299
-114.86428
-114.89556
-114.92685
-114.95813
-114.98941
-115.02070
-115.05198
-115.08326
-115.11453
-115.14581
-115.17709
-115.20836
-115.23964
-115.27091
-115.30218
-115.33345
-115.36472
-115.39599
-115.42725
-115.45852
-115.48978
-115.52105
-115.55231
-115.58357
-115.61483
-115.64609
-115.67735
-115.70861
-115.73986
-115.77112
-115.80237
-115.83362
-115.86488
-115.89613
-115.92737
-115.95862
-115.98987
-116.02112
-116.05236
-116.08360
-116.11485
-116.14609
-116.17733
-116.20857
-116.23981
-116.27105
-116.30228
-116.33352
-116.36475
-116.39598
-116.42721
-116.45845
-116.48967
-116.52090
-116.55213
-116.58336
-116.61458
-116.64581
-116.67703
-116.70825
-116.73947
-116.77069
-116.80191
-116.83313
-116.86434
-116.89556
-116.92677
-116.95798
-116.98920
-117.02041
-117.05162
-117.08282
-117.11403
-117.14524
-117.17644
-117.20765
-117.23885
-117.27005
-117.30125
-117.33245
-117.36365
-117.39485
-117.42604
-117.45724
-117.48843
-117.51963
-117.55082
-117.58201
-117.61320
-117.64439
-117.67558
-117.70676
-117.73795
-117.76913
-117.80032
-117.83150
-117.86268
-117.89386
-117.92504
-117.95621
-117.98739
-118.01857
-118.04974
-118.08091
-118.11209
-118.14326
-118.17443
-118.20560
-118.23676
-118.26793
-118.29910
-118.33026
-118.36142
-118.39259
-118.42375
-118.45491
-118.48607
-118.51722
-118.54838
-118.57954
-118.61069
-118.64184
-118.67300
-118.70415
-118.73530
-118.76645
-118.79759
-118.82874
-118.85989
-118.89103
-118.92217
-118.95332
-118.98446
-119.01560
-119.04674
-119.07788
-119.10901
-119.14015
-119.17128
-119.20242
-119.23355
-119.26468
-119.29581
-119.32694
-119.35807
-119.38919
-119.42032
-119.45145
-119.48257
-119.51369
-119.54481
-119.57593
-119.60705
-119.63817
-119.66929
-119.70040
-119.73152
-119.76263
-119.79375
-119.82486
-119.85597
-119.88708
-119.91819
-119.94929
-119.98040
-120.01150
-120.04261
-120.07371
-120.10481
-120.13591
-120.16701
-120.19811
-120.22921
-120.26030
-120.29140
-120.32249
-120.35359
-120.38468
-120.41577
-120.44686
-120.47795
-120.50903
-120.54012
-120.57120
-120.60229
-120.63337
-120.66445
-120.69553
-120.72661
-120.75769
-120.78877
-120.81985
-120.85092
-120.88200
-120.91307
-120.94414
-120.97521
-121.00628
-121.03735
-121.06842
-121.09948
-121.13055
-121.16161
-121.19268
-121.22374
-121.25480
-121.28586
-121.31692
-121.34798
-121.37903
-121.41009
-121.44114
-121.47220
-121.50325
-121.53430
-121.56535
-121.59640
-121.62745
-121.65850
-121.68954
-121.72059
-121.75163
-121.78267
-121.81371
-121.84475
-121.87579
-121.90683
-121.93787
-121.96890
-121.99994
-122.03097
-122.06200
-122.09303
-122.12406
-122.15509
-122.18612
-122.21715
-122.24817
-122.27920
-122.31022
-122.34125
-122.37227
-122.40329
-122.43431
-122.46532
-122.49634
-122.52736
-122.55837
-122.58939
-122.62040
-122.65141
-122.68242
-122.71343
-122.74444
-122.77545
-122.80645
-122.83746
-122.86846
-122.89947
-122.93047
-122.96147
-122.99247
-123.02347
-123.05446
-123.08546
-123.11646
-123.14745
-123.17844
-123.20943
-123.24043
-123.27142
-123.30240
-123.33339
-123.36438
-123.39536
-123.42635
-123.45733
-123.48831
-123.51929
-123.55027
-123.58125
-123.61223
-123.64321
-123.67418
-123.70516
-123.73613
-123.76710
-123.79807
-123.82904
-123.86001
-123.89098
-123.92195
-123.95291
-123.98388
-124.01484
-124.04580
-124.07676
-124.10772
-124.13868
-124.16964
-124.20060
-124.23155
-124.26251
-124.29346
-124.32441
-124.35537
-124.38632
-124.41727
-124.44821
-124.47916
-124.51011
-124.54105
-124.57200
-124.60294
-124.63388
-124.66482
-124.69576
-124.72670
-124.75764
-124.78857
-124.81951
-124.85044
-124.88137
-124.91231
-124.94324
-124.97417
-125.00509
-125.03602
-125.06695
-125.09787
-125.12880
-125.15972
-125.19064
-125.22156
-125.25248
-125.28340
-125.31432
-125.34524
-125.37615
-125.40706
-125.43798
-125.46889
-125.49980
-125.53071
-125.56162
-125.59253
-125.62343
-125.65434
-125.68524
-125.71615
-125.74705
-125.77795
-125.80885
-125.83975
-125.87065
-125.90154
-125.93244
-125.96333
-125.99423
-126.02512
-126.05601
-126.08690
-126.11779
-126.14868
-126.17957
-126.21045
-126.24134
-126.27222
-126.30310
-126.33398
-126.36486
-126.39574
-126.42662
-126.45750
-126.48838
-126.51925
-126.55012
-126.58100
-126.61187
-126.64274
-126.67361
-126.70448
-126.73534
-126.76621
-126.79708
-126.82794
-126.85880
-126.88966
-126.92053
-126.95139
-126.98224
-127.01310
-127.04396
-127.07481
-127.10567
-127.13652
-127.16737
-127.19822
-127.22907
-127.25992
-127.29077
-127.32162
-127.35246
-127.38331
-127.41415
-127.44499
-127.47583
-127.50667
-127.53751
-127.56835
-127.59919
-127.63002
-127.66086
-127.69169
-127.72252
-127.75335
-127.78418
-127.81501
-127.84584
-127.87667
-127.90749
-127.93832
-127.96914
-127.99997
-128.03079
-128.06161
-128.09243
-128.12324
-128.15406
-128.18488
-128.21569
-128.24651
-128.27732
-128.30813
-128.33894
-128.36975
-128.40056
-128.43137
-128.46217
-128.49298
-128.52378
-128.55459
-128.58539
-128.61619
-128.64699
-128.67779
-128.70858
-128.73938
-128.77018
-128.80097
-128.83176
-128.86256
-128.89335
-128.92414
-128.95493
-128.98571
-129.01650
-129.04729
-129.07807
-129.10885
-129.13964
-129.17042
-129.20120
-129.23198
-129.26275
-129.29353
-129.32431
-129.35508
-129.38585
-129.41663
-129.44740
-129.47817
-129.50894
-129.53971
-129.57047
-129.60124
-129.63201
-129.66277
-129.69353
-129.72429
-129.75505
-129.78581
-129.81657
-129.84733
-129.87809
-129.90884
-129.93960
-129.97035
-130.00110
-130.03185
-130.06260
-130.09335
-130.12410
-130.15484
-130.18559
-130.21633
-130.24708
-130.27782
-130.30856
-130.33930
-130.37004
-130.40077
-130.43151
-130.46225
-130.49298
-130.52371
-130.55445
-130.58518
-130.61591
-130.64664
-130.67737
-130.70809
-130.73882
-130.76954
-130.80027
-130.83099
-130.86171
-130.89243
-130.92315
-130.95387
-130.98459
-131.01530
-131.04602
-131.07673
-131.10744
-131.13815
-131.16887
-131.19957
-131.23028
-131.26099
-131.29170
-131.32240
-131.35311
-131.38381
-131.41451
-131.44521
-131.47591
-131.50661
-131.53731
-131.56800
-131.59870
-131.62939
-131.66009
-131.69078
-131.72147
-131.75216
-131.78285
-131.81354
-131.84422
-131.87491
-131.90559
-131.93628
-131.96696
-131.99764
-132.02832
-132.05900
-132.08968
-132.12036
-132.15103
-132.18171
-132.21238
-132.24305
-132.27372
-132.30439
-132.33506
-132.36573
-132.39640
-132.42707
-132.45773
-132.48839
-132.51906
-132.54972
-132.58038
-132.61104
-132.64170
-132.67236
-132.70301
-132.73367
-132.76432
-132.79497
-132.82563
-132.85628
-132.88693
-132.91758
-132.94822
-132.97887
-133.00952
-133.04016
-133.07080
-133.10145
-133.13209
-133.16273
-133.19337
-133.22401
-133.25464
-133.28528
-133.31591
-133.34655
-133.37718
-133.40781
-133.43844
-133.46907
-133.49970
-133.53032
-133.56095
-133.59158
-133.62220
-133.65282
-133.68344
-133.71406
-133.74468
-133.77530
-133.80592
-133.83654
-133.86715
-133.89777
-133.92838
-133.95899
-133.98960
-134.02021
-134.05082
-134.08143
-134.11203
-134.14264
-134.17324
-134.20385
-134.23445
-134.26505
-134.29565
-134.32625
-134.35685
-134.38744
-134.41804
-134.44863
-134.47923
-134.50982
-134.54041
-134.57100
-134.60159
-134.63218
-134.66277
-134.69335
-134.72394
-134.75452
-134.78511
-134.81569
-134.84627
-134.87685
-134.90743
-134.93800
-134.96858
-134.99915
-135.02973
-135.06030
-135.09087
-135.12144
-135.15201
-135.18258
-135.21315
-135.24372
-135.27428
-135.30485
-135.33541
-135.36597
-135.39653
-135.42709
-135.45765
-135.48821
-135.51877
-135.54932
-135.57988
-135.61043
-135.64098
-135.67153
-135.70209
-135.73263
-135.76318
-135.79373
-135.82428
-135.85482
-135.88536
-135.91591
-135.94645
-135.97699
-136.00753
-136.03807
-136.06861
-136.09914
-136.12968
-136.16021
-136.19074
-136.22128
-136.25181
-136.28234
-136.31287
-136.34339
-136.37392
-136.40445
-136.43497
-136.46549
-136.49602
-136.52654
-136.55706
-136.58758
-136.61810
-136.64861
-136.67913
-136.70964
-136.74016
-136.77067
-136.80118
-136.83169
-136.86220
-136.89271
-136.92322
-136.95372
-136.98423
-137.01473
-137.04523
-137.07573
-137.10624
-137.13674
-137.16723
-137.19773
-137.22823
-137.25872
-137.28922
-137.31971
-137.35020
-137.38069
-137.41118
-137.44167
-137.47216
-137.50265
-137.53313
-137.56362
-137.59410
-137.62458
-137.65506
-137.68554
-137.71602
-137.74650
-137.77698
-137.80745
-137.83793
-137.86840
-137.89888
-137.92935
-137.95982
-137.99029
-138.02076
-138.05122
-138.08169
-138.11216
-138.14262
-138.17308
-138.20354
-138.23401
-138.26447
-138.29492
-138.32538
-138.35584
-138.38629
-138.41675
-138.44720
-138.47765
-138.50810
-138.53855
-138.56900
-138.59945
-138.62990
-138.66034
-138.69079
-138.72123
-138.75167
-138.78212
-138.81256
-138.84300
-138.87343
-138.90387
-138.93431
-138.96474
-138.99518
-139.02561
-139.05604
-139.08647
-139.11690
-139.14733
-139.17776
-139.20818
-139.23861
-139.26903
-139.29946
-139.32988
-139.36030
-139.39072
-139.42114
-139.45156
-139.48197
-139.51239
-139.54280
-139.57322
-139.60363
-139.63404
-139.66445
-139.69486
-139.72527
-139.75568
-139.78608
-139.81649
-139.84689
-139.87729
-139.90770
-139.93810
-139.96850
-139.99889
-140.02929
-140.05969
-140.09008
-140.12048
-140.15087
-140.18126
-140.21165
-140.24204
-140.27243
-140.30282
-140.33321
-140.36359
-140.39398
-140.42436
-140.45474
-140.48512
-140.51550
-140.54588
-140.57626
-140.60664
-140.63701
-140.66739
-140.69776
-140.72813
-140.75851
-140.78888
-140.81925
-140.84962
-140.87998
-140.91035
-140.94071
-140.97108
-141.00144
-141.03180
-141.06216
-141.09252
-141.12288
-141.15324
-141.18360
-141.21395
-141.24431
-141.27466
-141.30501
-141.33536
-141.36571
-141.39606
-141.42641
-141.45676
-141.48710
-141.51745
-141.54779
-141.57814
-141.60848
-141.63882
-141.66916
-141.69950
-141.72983
-141.76017
-141.79050
-141.82084
-141.85117
-141.88150
-141.91183
-141.94216
-141.97249
-142.00282
-142.03315
-142.06347
-142.09380
-142.12412
-142.15444
-142.18476
-142.21508
-142.24540
-142.27572
-142.30604
-142.33635
-142.36667
-142.39698
-142.42729
-142.45761
-142.48792
-142.51823
-142.54853
-142.57884
-142.60915
-142.63945
-142.66976
-142.70006
-142.73036
-142.76066
-142.79096
-142.82126
-142.85156
-142.88186
-142.91215
-142.94245
-142.97274
-143.00303
-143.03332
-143.06361
-143.09390
-143.12419
-143.15448
-143.18476
-143.21505
-143.24533
-143.27561
-143.30590
-143.33618
-143.36646
-143.39673
-143.42701
-143.45729
-143.48756
-143.51784
-143.54811
-143.57838
-143.60865
-143.63892
-143.66919
-143.69946
-143.72972
-143.75999
-143.79025
-143.82052
-143.85078
-143.88104
-143.91130
-143.94156
-143.97182
-144.00208
-144.03233
-144.06259
-144.09284
-144.12309
-144.15335
-144.18360
-144.21385
-144.24409
-144.27434
-144.30459
-144.33483
-144.36508
-144.39532
-144.42556
-144.45580
-144.48604
-144.51628
-144.54652
-144.57676
-144.60699
-144.63723
-144.66746
-144.69769
-144.72792
-144.75815
-144.78838
-144.81861
-144.84884
-144.87906
-144.90929
-144.93951
-144.96974
-144.99996
-145.03018
-145.06040
-145.09062
-145.12083
-145.15105
-145.18126
-145.21148
-145.24169
-145.27190
-145.30212
-145.33233
-145.36253
-145.39274
-145.42295
-145.45315
-145.48336
-145.51356
-145.54376
-145.57397
-145.60417
-145.63437
-145.66456
-145.69476
-145.72496
-145.75515
-145.78535
-145.81554
-145.84573
-145.87592
-145.90611
-145.93630
-145.96649
-145.99667
-146.02686
-146.05704
-146.08723
-146.11741
-146.14759
-146.17777
-146.20795
-146.23813
-146.26831
-146.29848
-146.32866
-146.35883
-146.38900
-146.41917
-146.44934
-146.47951
-146.50968
-146.53985
-146.57002
-146.60018
-146.63034
-146.66051
-146.69067
-146.72083
-146.75099
-146.78115
-146.81131
-146.84146
-146.87162
-146.90177
-146.93193
-146.96208
-146.99223
-147.02238
-147.05253
-147.08268
-147.11282
-147.14297
-147.17311
-147.20326
-147.23340
-147.26354
-147.29368
-147.32382
-147.35396
-147.38410
-147.41424
-147.44437
-147.47451
-147.50464
-147.53477
-147.56490
-147.59503
-147.62516
-147.65529
-147.68542
-147.71554
-147.74567
-147.77579
-147.80591
-147.83603
-147.86615
-147.89627
-147.92639
-147.95651
-147.98663
-148.01674
-148.04685
-148.07697
-148.10708
-148.13719
-148.16730
-148.19741
-148.22752
-148.25762
-148.28773
-148.31783
-148.34794
-148.37804
-148.40814
-148.43824
-148.46834
-148.49844
-148.52853
-148.55863
-148.58872
-148.61882
-148.64891
-148.67900
-148.70909
-148.73918
-148.76927
-148.79936
-148.82944
-148.85953
-148.88961
-148.91970
-148.94978
-148.97986
-149.00994
-149.04002
-149.07010
-149.10017
-149.13025
-149.16032
-149.19040
-149.22047
-149.25054
-149.28061
-149.31068
-149.34075
-149.37082
-149.40088
-149.43095
-149.46101
-149.49108
-149.52114
-149.55120
-149.58126
-149.61132
-149.64137
-149.67143
-149.70149
-149.73154
-149.76159
-149.79165
-149.82170
-149.85175
-149.88180
-149.91185
-149.94189
-149.97194
-150.00198
-150.03203
-150.06207
-150.09211
-150.12215
-150.15219
-150.18223
-150.21227
-150.24230
-150.27234
-150.30237
-150.33241
-150.36244
-150.39247
-150.42250
-150.45253
-150.48256
-150.51258
-150.54261
-150.57263
-150.60266
-150.63268
-150.66270
-150.69272
-150.72274
-150.75276
-150.78278
-150.81279
-150.84281
-150.87282
-150.90284
-150.93285
-150.96286
-150.99287
-151.02288
-151.05289
-151.08289
-151.11290
-151.14290
-151.17291
-151.20291
-151.23291
-151.26291
-151.29291
-151.32291
-151.35291
-151.38290
-151.41290
-151.44289
-151.47288
-151.50288
-151.53287
-151.56286
-151.59284
-151.62283
-151.65282
-151.68280
-151.71279
-151.74277
-151.77275
-151.80273
-151.83271
-151.86269
-151.89267
-151.92265
-151.95262
-151.98260
-152.01257
-152.04255
-152.07252
-152.10249
-152.13246
-152.16243
-152.19239
-152.22236
-152.25233
-152.28229
-152.31225
-152.34222
-152.37218
-152.40214
-152.43210
-152.46205
-152.49201
-152.52197
-152.55192
-152.58188
-152.61183
-152.64178
-152.67173
-152.70168
-152.73163
-152.76158
-152.79152
-152.82147
-152.85141
-152.88136
-152.91130
-152.94124
-152.97118
-153.00112
-153.03105
-153.06099
-153.09093
-153.12086
-153.15080
-153.18073
-153.21066
-153.24059
-153.27052
-153.30045
-153.33037
-153.36030
-153.39023
-153.42015
-153.45007
-153.47999
-153.50992
-153.53984
-153.56975
-153.59967
-153.62959
-153.65950
-153.68942
-153.71933
-153.74924
-153.77916
-153.80907
-153.83898
-153.86888
-153.89879
-153.92870
-153.95860
-153.98851
-154.01841
-154.04831
-154.07821
-154.10811
-154.13801
-154.16791
-154.19780
-154.22770
-154.25759
-154.28749
-154.31738
-154.34727
-154.37716
-154.40705
-154.43694
-154.46683
-154.49671
-154.52660
-154.55648
-154.58636
-154.61625
-154.64613
-154.67601
-154.70589
-154.73576
