-153.96496
-153.96303
-153.95778
-153.94988
-153.93987
-153.92818
-153.91514
-153.90104
-153.88609
-153.87046
-153.85429
-153.83769
-153.82074
-153.80352
-153.78608
-153.76847
-153.75072
-153.73285
-153.71490
-153.69687
-153.67879
-153.66066
-153.64249
-153.62429
-153.60607
-153.58783
-153.56958
-153.55131
-153.53303
-153.51474
-153.49644
-153.47814
-153.45983
-153.44152
-153.42320
-153.40488
-153.38656
-153.36823
-153.34990
-153.33157
-153.31324
-153.29490
-153.27656
-153.25822
-153.23988
-153.22153
-153.20319
-153.18484
-153.16649
-153.14814
-153.12978
-153.11143
-153.09307
-153.07471
-153.05635
-153.03799
-153.01962
-153.00126
-152.98289
-152.96452
-152.94615
-152.92777
-152.90940
-152.89102
-152.87264
-152.85426
-152.83588
-152.81749
-152.79911
-152.78072
-152.76233
-152.74394
-152.72555
-152.70715
-152.68876
-152.67036
-152.65196
-152.63356
-152.61515
-152.59675
-152.57834
-152.55993
-152.54152
-152.52311
-152.50470
-152.48628
-152.46786
-152.44944
-152.43102
-152.41259
-152.39417
-152.37574
-152.35731
-152.33888
-152.32045
-152.30202
-152.28359
-152.26515
-152.24671
-152.22827
-152.20982
-152.19138
-152.17293
-152.15448
-152.13603
-152.11758
-152.09913
-152.08068
-152.06222
-152.04376
-152.02530
-152.00683
-151.98837
-151.96990
-151.95143
-151.93296
-151.91449
-151.89602
-151.87755
-151.85907
-151.84059
-151.82211
-151.80363
-151.78514
-151.76666
-151.74817
-151.72968
-151.71119
-151.69270
-151.67420
-151.65571
-151.63721
-151.61871
-151.60021
-151.58170
-151.56320
-151.54469
-151.52618
-151.50767
-151.48915
-151.47064
-151.45212
-151.43361
-151.41509
-151.39657
-151.37804
-151.35952
-151.34099
-151.32246
-151.30393
-151.28539
-151.26686
-151.24832
-151.22979
-151.21125
-151.19271
-151.17416
-151.15562
-151.13707
-151.11852
-151.09997
-151.08142
-151.06286
-151.04431
-151.02575
-151.00719
-150.98863
-150.97007
-150.95150
-150.93293
-150.91437
-150.89579
-150.87722
-150.85865
-150.84007
-150.82149
-150.80291
-150.78434
-150.76575
-150.74717
-150.72858
-150.70999
-150.69140
-150.67281
-150.65421
-150.63562
-150.61702
-150.59842
-150.57982
-150.56122
-150.54261
-150.52400
-150.50540
-150.48679
-150.46817
-150.44956
-150.43094
-150.41232
-150.39370
-150.37508
-150.35646
-150.33784
-150.31921
-150.30058
-150.28195
-150.26332
-150.24468
-150.22605
-150.20741
-150.18877
-150.17013
-150.15149
-150.13284
-150.11420
-150.09555
-150.07690
-150.05824
-150.03959
-150.02093
-150.00228
-149.98362
-149.96495
-149.94629
-149.92763
-149.90896
-149.89029
-149.87162
-149.85295
-149.83428
-149.81560
-149.79692
-149.77824
-149.75956
-149.74088
-149.72219
-149.70351
-149.68482
-149.66613
-149.64743
-149.62874
-149.61004
-149.59134
-149.57264
-149.55394
-149.53524
-149.51653
-149.49783
-149.47912
-149.46041
-149.44170
-149.42298
-149.40426
-149.38555
-149.36683
-149.34810
-149.32938
-149.31065
-149.29193
-149.27320
-149.25447
-149.23574
-149.21700
-149.19826
-149.17953
-149.16079
-149.14204
-149.12330
-149.10455
-149.08581
-149.06706
-149.04831
-149.02956
-149.01080
-148.99204
-148.97328
-148.95452
-148.93576
-148.91700
-148.89823
-148.87946
-148.86069
-148.84192
-148.82315
-148.80438
-148.78560
-148.76682
-148.74804
-148.72925
-148.71047
-148.69168
-148.67289
-148.65410
-148.63531
-148.61652
-148.59773
-148.57893
-148.56013
-148.54133
-148.52252
-148.50372
-148.48491
-148.46610
-148.44729
-148.42848
-148.40967
-148.39085
-148.37204
-148.35322
-148.33439
-148.31557
-148.29675
-148.27792
-148.25909
-148.24026
-148.22143
-148.20259
-148.18375
-148.16492
-148.14608
-148.12724
-148.10839
-148.08955
-148.07070
-148.05185
-148.03300
-148.01415
-147.99529
-147.97643
-147.95758
-147.93872
-147.91986
-147.90099
-147.88212
-147.86326
-147.84439
-147.82551
-147.80664
-147.78777
-147.76889
-147.75001
-147.73113
-147.71225
-147.69336
-147.67448
-147.65559
-147.63670
-147.61781
-147.59891
-147.58001
-147.56112
-147.54222
-147.52332
-147.50442
-147.48551
-147.46660
-147.44769
-147.42878
-147.40987
-147.39096
-147.37204
-147.35312
-147.33420
-147.31528
-147.29635
-147.27743
-147.25850
-147.23957
-147.22064
-147.20171
-147.18277
-147.16384
-147.14490
-147.12596
-147.10701
-147.08807
-147.06912
-147.05018
-147.03123
-147.01227
-146.99332
-146.97436
-146.95541
-146.93645
-146.91749
-146.89852
-146.87956
-146.86059
-146.84162
-146.82265
-146.80368
-146.78470
-146.76573
-146.74675
-146.72777
-146.70879
-146.68980
-146.67082
-146.65183
-146.63284
-146.61385
-146.59486
-146.57586
-146.55686
-146.53787
-146.51886
-146.49986
-146.48086
-146.46185
-146.44284
-146.42383
-146.40482
-146.38581
-146.36679
-146.34777
-146.32875
-146.30973
-146.29071
-146.27168
-146.25266
-146.23363
-146.21459
-146.19556
-146.17653
-146.15749
-146.13845
-146.11941
-146.10037
-146.08133
-146.06228
-146.04323
-146.02418
-146.00513
-145.98608
-145.96702
-145.94797
-145.92891
-145.90984
-145.89078
-145.87172
-145.85265
-145.83358
-145.81451
-145.79543
-145.77636
-145.75728
-145.73821
-145.71913
-145.70005
-145.68096
-145.66187
-145.64279
-145.62370
-145.60460
-145.58551
-145.56641
-145.54732
-145.52822
-145.50912
-145.49002
-145.47091
-145.45180
-145.43270
-145.41358
-145.39447
-145.37536
-145.35624
-145.33712
-145.31800
-145.29888
-145.27976
-145.26063
-145.24150
-145.22237
-145.20324
-145.18411
-145.16497
-145.14583
-145.12669
-145.10755
-145.08841
-145.06927
-145.05012
-145.03097
-145.01182
-144.99267
-144.97351
-144.95436
-144.93520
-144.91604
-144.89687
-144.87771
-144.85854
-144.83938
-144.82021
-144.80104
-144.78186
-144.76269
-144.74351
-144.72433
-144.70515
-144.68596
-144.66678
-144.64759
-144.62840
-144.60922
-144.59002
-144.57083
-144.55163
-144.53243
-144.51323
-144.49403
-144.47482
-144.45562
-144.43641
-144.41720
-144.39799
-144.37878
-144.35956
-144.34034
-144.32112
-144.30190
-144.28267
-144.26345
-144.24422
-144.22499
-144.20576
-144.18653
-144.16729
-144.14806
-144.12882
-144.10958
-144.09033
-144.07109
-144.05184
-144.03259
-144.01334
-143.99409
-143.97483
-143.95558
-143.93632
-143.91706
-143.89780
-143.87853
-143.85927
-143.84000
-143.82073
-143.80146
-143.78218
-143.76291
-143.74363
-143.72435
-143.70507
-143.68579
-143.66650
-143.64722
-143.62793
-143.60863
-143.58934
-143.57005
-143.55075
-143.53145
-143.51215
-143.49285
-143.47355
-143.45424
-143.43493
-143.41562
-143.39630
-143.37699
-143.35767
-143.33835
-143.31903
-143.29971
-143.28039
-143.26107
-143.24174
-143.22241
-143.20307
-143.18374
-143.16440
-143.14507
-143.12573
-143.10638
-143.08704
-143.06769
-143.04835
-143.02900
-143.00965
-142.99030
-142.97094
-142.95158
-142.93222
-142.91286
-142.89350
-142.87413
-142.85477
-142.83540
-142.81603
-142.79666
-142.77728
-142.75790
-142.73853
-142.71914
-142.69976
-142.68038
-142.66099
-142.64160
-142.62221
-142.60282
-142.58343
-142.56403
-142.54463
-142.52523
-142.50583
-142.48643
-142.46702
-142.44761
-142.42820
-142.40879
-142.38937
-142.36996
-142.35055
-142.33113
-142.31170
-142.29228
-142.27285
-142.25343
-142.23400
-142.21456
-142.19513
-142.17569
-142.15626
-142.13682
-142.11738
-142.09794
-142.07849
-142.05904
-142.03959
-142.02014
-142.00069
-141.98123
-141.96178
-141.94232
-141.92286
-141.90340
-141.88393
-141.86446
-141.84500
-141.82552
-141.80605
-141.78658
-141.76710
-141.74762
-141.72814
-141.70866
-141.68917
-141.66969
-141.65020
-141.63071
-141.61122
-141.59172
-141.57223
-141.55273
-141.53323
-141.51372
-141.49422
-141.47471
-141.45521
-141.43570
-141.41619
-141.39667
-141.37715
-141.35764
-141.33812
-141.31859
-141.29907
-141.27954
-141.26001
-141.24048
-141.22096
-141.20142
-141.18189
-141.16235
-141.14281
-141.12327
-141.10372
-141.08417
-141.06463
-141.04508
-141.02552
-141.00597
-140.98642
-140.96686
-140.94730
-140.92774
-140.90817
-140.88861
-140.86904
-140.84947
-140.82990
-140.81033
-140.79075
-140.77118
-140.75160
-140.73201
-140.71243
-140.69284
-140.67326
-140.65367
-140.63408
-140.61448
-140.59489
-140.57529
-140.55569
-140.53609
-140.51649
-140.49688
-140.47727
-140.45766
-140.43805
-140.41844
-140.39882
-140.37920
-140.35959
-140.33996
-140.32034
-140.30072
-140.28109
-140.26146
-140.24183
-140.22220
-140.20256
-140.18292
-140.16328
-140.14364
-140.12400
-140.10435
-140.08471
-140.06506
-140.04541
-140.02575
-140.00610
-139.98644
-139.96678
-139.94712
-139.92746
-139.90779
-139.88812
-139.86845
-139.84879
-139.82911
-139.80944
-139.78976
-139.77008
-139.75040
-139.73071
-139.71103
-139.69134
-139.67165
-139.65196
-139.63227
-139.61257
-139.59288
-139.57318
-139.55347
-139.53377
-139.51406
-139.49436
-139.47465
-139.45493
-139.43522
-139.41551
-139.39579
-139.37607
-139.35635
-139.33663
-139.31690
-139.29717
-139.27744
-139.25771
-139.23798
-139.21824
-139.19850
-139.17876
-139.15903
-139.13928
-139.11953
-139.09979
-139.08004
-139.06028
-139.04053
-139.02077
-139.00102
-138.98126
-138.96149
-138.94173
-138.92197
-138.90220
-138.88243
-138.86266
-138.84288
-138.82310
-138.80333
-138.78355
-138.76376
-138.74398
-138.72419
-138.70441
-138.68462
-138.66483
-138.64503
-138.62523
-138.60544
-138.58563
-138.56583
-138.54603
-138.52622
-138.50641
-138.48660
-138.46679
-138.44698
-138.42716
-138.40734
-138.38752
-138.36770
-138.34787
-138.32805
-138.30822
-138.28839
-138.26855
-138.24872
-138.22888
-138.20904
-138.18920
-138.16936
-138.14951
-138.12967
-138.10982
-138.08997
-138.07011
-138.05026
-138.03040
-138.01054
-137.99068
-137.97082
-137.95095
-137.93108
-137.91122
-137.89134
-137.87147
-137.85159
-137.83172
-137.81184
-137.79196
-137.77207
-137.75219
-137.73230
-137.71241
-137.69252
-137.67262
-137.65273
-137.63283
-137.61293
-137.59302
-137.57312
-137.55322
-137.53331
-137.51340
-137.49348
-137.47357
-137.45365
-137.43373
-137.41381
-137.39389
-137.37397
-137.35404
-137.33411
-137.31418
-137.29425
-137.27431
-137.25438
-137.23444
-137.21450
-137.19455
-137.17461
-137.15466
-137.13471
-137.11476
-137.09481
-137.07485
-137.05489
-137.03493
-137.01497
-136.99501
-136.97504
-136.95507
-136.93510
-136.91513
-136.89516
-136.87518
-136.85521
-136.83523
-136.81524
-136.79526
-136.77527
-136.75528
-136.73529
-136.71530
-136.69530
-136.67531
-136.65531
-136.63531
-136.61531
-136.59530
-136.57529
-136.55528
-136.53527
-136.51526
-136.49524
-136.47523
-136.45521
-136.43518
-136.41516
-136.39514
-136.37511
-136.35508
-136.33505
-136.31501
-136.29498
-136.27494
-136.25490
-136.23486
-136.21481
-136.19477
-136.17472
-136.15467
-136.13462
-136.11456
-136.09451
-136.07445
-136.05438
-136.03432
-136.01426
-135.99419
-135.97412
-135.95405
-135.93398
-135.91390
-135.89383
-135.87374
-135.85366
-135.83358
-135.81349
-135.79340
-135.77331
-135.75322
-135.73313
-135.71303
-135.69294
-135.67284
-135.65273
-135.63263
-135.61252
-135.59241
-135.57230
-135.55219
-135.53207
-135.51196
-135.49184
-135.47172
-135.45160
-135.43147
-135.41134
-135.39121
-135.37108
-135.35095
-135.33081
-135.31067
-135.29053
-135.27039
-135.25024
-135.23010
-135.20995
-135.18980
-135.16965
-135.14949
-135.12934
-135.10918
-135.08902
-135.06885
-135.04869
-135.02852
-135.00835
-134.98818
-134.96801
-134.94783
-134.92765
-134.90747
-134.88729
-134.86711
-134.84692
-134.82673
-134.80654
-134.78635
-134.76616
-134.74596
-134.72576
-134.70556
-134.68536
-134.66515
-134.64495
-134.62474
-134.60453
-134.58431
-134.56410
-134.54388
-134.52366
-134.50344
-134.48322
-134.46299
-134.44276
-134.42253
-134.40230
-134.38206
-134.36183
-134.34159
-134.32135
-134.30111
-134.28086
-134.26061
-134.24036
-134.22011
-134.19986
-134.17960
-134.15935
-134.13909
-134.11882
-134.09856
-134.07829
-134.05803
-134.03776
-134.01748
-133.99721
-133.97693
-133.95665
-133.93637
-133.91609
-133.89580
-133.87552
-133.85523
-133.83494
-133.81465
-133.79435
-133.77405
-133.75375
-133.73345
-133.71314
-133.69284
-133.67253
-133.65222
-133.63190
-133.61159
-133.59128
-133.57096
-133.55064
-133.53031
-133.50999
-133.48966
-133.46933
-133.44900
-133.42866
-133.40832
-133.38799
-133.36765
-133.34731
-133.32696
-133.30662
-133.28627
-133.26592
-133.24556
-133.22521
-133.20485
-133.18449
-133.16413
-133.14376
-133.12340
-133.10303
-133.08266
-133.06229
-133.04191
-133.02154
-133.00116
-132.98078
-132.96039
-132.94001
-132.91962
-132.89924
-132.87885
-132.85845
-132.83805
-132.81766
-132.79726
-132.77685
-132.75645
-132.73604
-132.71563
-132.69522
-132.67481
-132.65440
-132.63398
-132.61356
-132.59314
-132.57271
-132.55229
-132.53186
-132.51143
-132.49100
-132.47056
-132.45013
-132.42969
-132.40925
-132.38881
-132.36836
-132.34791
-132.32747
-132.30701
-132.28656
-132.26610
-132.24565
-132.22519
-132.20472
-132.18426
-132.16380
-132.14333
-132.12286
-132.10238
-132.08191
-132.06143
-132.04095
-132.02047
-131.99998
-131.97950
-131.95901
-131.93852
-131.91803
-131.89754
-131.87704
-131.85654
-131.83604
-131.81553
-131.79503
-131.77452
-131.75401
-131.73350
-131.71299
-131.69247
-131.67196
-131.65143
-131.63091
-131.61039
-131.58986
-131.56933
-131.54880
-131.52826
-131.50773
-131.48719
-131.46666
-131.44611
-131.42557
-131.40502
-131.38447
-131.36392
-131.34337
-131.32281
-131.30226
-131.28170
-131.26113
-131.24057
-131.22001
-131.19944
-131.17887
-131.15830
-131.13772
-131.11714
-131.09657
-131.07598
-131.05540
-131.03481
-131.01423
-130.99364
-130.97305
-130.95246
-130.93186
-130.91126
-130.89066
-130.87006
-130.84945
-130.82884
-130.80823
-130.78762
-130.76701
-130.74640
-130.72578
-130.70516
-130.68453
-130.66391
-130.64328
-130.62265
-130.60202
-130.58139
-130.56075
-130.54012
-130.51948
-130.49884
-130.47819
-130.45754
-130.43690
-130.41624
-130.39559
-130.37494
-130.35428
-130.33362
-130.31296
-130.29230
-130.27163
-130.25096
-130.23029
-130.20962
-130.18894
-130.16827
-130.14759
-130.12690
-130.10622
-130.08553
-130.06485
-130.04416
-130.02347
-130.00277
-129.98208
-129.96138
-129.94068
-129.91997
-129.89927
-129.87856
-129.85785
-129.83714
-129.81642
-129.79571
-129.77499
-129.75427
-129.73354
-129.71282
-129.69209
-129.67136
-129.65063
-129.62989
-129.60916
-129.58842
-129.56768
-129.54694
-129.52619
-129.50545
-129.48470
-129.46394
-129.44319
-129.42243
-129.40168
-129.38091
-129.36015
-129.33939
-129.31862
-129.29785
-129.27708
-129.25631
-129.23553
-129.21475
-129.19397
-129.17319
-129.15240
-129.13162
-129.11083
-129.09004
-129.06925
-129.04845
-129.02765
-129.00685
-128.98605
-128.96524
-128.94444
-128.92363
-128.90282
-128.88200
-128.86119
-128.84037
-128.81955
-128.79873
-128.77790
-128.75708
-128.73625
-128.71541
-128.69458
-128.67374
-128.65291
-128.63207
-128.61123
-128.59038
-128.56954
-128.54869
-128.52783
-128.50698
-128.48612
-128.46527
-128.44441
-128.42354
-128.40268
-128.38182
-128.36095
-128.34008
-128.31920
-128.29832
-128.27745
-128.25657
-128.23568
-128.21480
-128.19391
-128.17302
-128.15213
-128.13124
-128.11035
-128.08945
-128.06854
-128.04764
-128.02674
-128.00583
-127.98492
-127.96401
-127.94309
-127.92218
-127.90126
-127.88035
-127.85942
-127.83850
-127.81757
-127.79664
-127.77571
-127.75477
-127.73384
-127.71290
-127.69196
-127.67102
-127.65007
-127.62913
-127.60818
-127.58722
-127.56627
-127.54531
-127.52435
-127.50339
-127.48243
-127.46146
-127.44050
-127.41953
-127.39856
-127.37758
-127.35661
-127.33563
-127.31465
-127.29366
-127.27268
-127.25169
-127.23070
-127.20971
-127.18871
-127.16772
-127.14672
-127.12572
-127.10472
-127.08371
-127.06270
-127.04169
-127.02068
-126.99966
-126.97865
-126.95763
-126.93661
-126.91559
-126.89456
-126.87353
-126.85250
-126.83147
-126.81043
-126.78939
-126.76835
-126.74731
-126.72627
-126.70522
-126.68418
-126.66313
-126.64207
-126.62102
-126.59996
-126.57890
-126.55784
-126.53677
-126.51570
-126.49464
-126.47356
-126.45249
-126.43142
-126.41034
-126.38926
-126.36818
-126.34709
-126.32600
-126.30491
-126.28382
-126.26273
-126.24163
-126.22054
-126.19944
-126.17833
-126.15723
-126.13612
-126.11501
-126.09390
-126.07278
-126.05167
-126.03055
-126.00943
-125.98830
-125.96718
-125.94605
-125.92492
-125.90379
-125.88265
-125.86152
-125.84038
-125.81924
-125.79809
-125.77695
-125.75580
-125.73465
-125.71350
-125.69234
-125.67118
-125.65002
-125.62886
-125.60770
-125.58653
-125.56536
-125.54419
-125.52301
-125.50184
-125.48067
-125.45949
-125.43830
-125.41712
-125.39593
-125.37474
-125.35355
-125.33235
-125.31116
-125.28996
-125.26876
-125.24756
-125.22635
-125.20514
-125.18393
-125.16272
-125.14150
-125.12029
-125.09907
-125.07785
-125.05662
-125.03540
-125.01417
-124.99294
-124.97171
-124.95047
-124.92923
-124.90799
-124.88675
-124.86551
-124.84426
-124.82301
-124.80176
-124.78050
-124.75925
-124.73799
-124.71673
-124.69547
-124.67420
-124.65294
-124.63166
-124.61039
-124.58912
-124.56784
-124.54656
-124.52528
-124.50400
-124.48272
-124.46143
-124.44013
-124.41884
-124.39755
-124.37625
-124.35495
-124.33365
-124.31234
-124.29103
-124.26973
-124.24842
-124.22710
-124.20579
-124.18447
-124.16315
-124.14182
-124.12050
-124.09917
-124.07784
-124.05651
-124.03518
-124.01384
-123.99250
-123.97116
-123.94982
-123.92847
-123.90712
-123.88577
-123.86442
-123.84306
-123.82170
-123.80034
-123.77899
-123.75762
-123.73625
-123.71488
-123.69351
-123.67214
-123.65076
-123.62938
-123.60800
-123.58662
-123.56523
-123.54385
-123.52246
-123.50107
-123.47967
-123.45827
-123.43687
-123.41547
-123.39407
-123.37266
-123.35125
-123.32984
-123.30843
-123.28701
-123.26560
-123.24417
-123.22275
-123.20133
-123.17990
-123.15847
-123.13704
-123.11560
-123.09416
-123.07272
-123.05129
-123.02984
-123.00840
-122.98695
-122.96550
-122.94404
-122.92259
-122.90113
-122.87967
-122.85821
-122.83674
-122.81528
-122.79381
-122.77234
-122.75086
-122.72938
-122.70791
-122.68642
-122.66494
-122.64345
-122.62197
-122.60048
-122.57898
-122.55749
-122.53599
-122.51449
-122.49299
-122.47148
-122.44998
-122.42847
-122.40696
-122.38544
-122.36393
-122.34241
-122.32089
-122.29937
-122.27784
-122.25631
-122.23478
-122.21325
-122.19171
-122.17017
-122.14863
-122.12709
-122.10555
-122.08400
-122.06245
-122.04090
-122.01935
-121.99779
-121.97623
-121.95467
-121.93311
-121.91154
-121.88997
-121.86840
-121.84683
-121.82526
-121.80368
-121.78210
-121.76051
-121.73893
-121.71734
-121.69575
-121.67416
-121.65257
-121.63097
-121.60937
-121.58777
-121.56617
-121.54456
-121.52295
-121.50134
-121.47973
-121.45811
-121.43650
-121.41487
-121.39325
-121.37163
-121.35000
-121.32837
-121.30674
-121.28511
-121.26347
-121.24183
-121.22019
-121.19854
-121.17690
-121.15525
-121.13360
-121.11194
-121.09029
-121.06863
-121.04697
-121.02531
-121.00364
-120.98197
-120.96030
-120.93863
-120.91696
-120.89528
-120.87360
-120.85192
-120.83024
-120.80855
-120.78686
-120.76517
-120.74347
-120.72178
-120.70008
-120.67838
-120.65667
-120.63497
-120.61326
-120.59155
-120.56984
-120.54812
-120.52640
-120.50468
-120.48296
-120.46124
-120.43951
-120.41778
-120.39605
-120.37431
-120.35258
-120.33084
-120.30910
-120.28735
-120.26560
-120.24386
-120.22210
-120.20035
-120.17859
-120.15683
-120.13507
-120.11331
-120.09155
-120.06978
-120.04801
-120.02624
-120.00446
-119.98268
-119.96090
-119.93912
-119.91733
-119.89555
-119.87376
-119.85197
-119.83018
-119.80838
-119.78658
-119.76477
-119.74297
-119.72116
-119.69935
-119.67754
-119.65573
-119.63391
-119.61210
-119.59028
-119.56845
-119.54663
-119.52480
-119.50297
-119.48113
-119.45930
-119.43746
-119.41562
-119.39378
-119.37193
-119.35009
-119.32824
-119.30639
-119.28453
-119.26267
-119.24081
-119.21895
-119.19709
-119.17522
-119.15335
-119.13148
-119.10961
-119.08773
-119.06585
-119.04397
-119.02208
-119.00020
-118.97831
-118.95642
-118.93452
-118.91263
-118.89073
-118.86883
-118.84693
-118.82502
-118.80311
-118.78120
-118.75929
-118.73738
-118.71546
-118.69354
-118.67161
-118.64969
-118.62776
-118.60584
-118.58390
-118.56197
-118.54003
-118.51809
-118.49615
-118.47420
-118.45226
-118.43031
-118.40835
-118.38640
-118.36445
-118.34249
-118.32053
-118.29856
-118.27659
-118.25463
-118.23265
-118.21068
-118.18870
-118.16672
-118.14474
-118.12276
-118.10078
-118.07879
-118.05680
-118.03480
-118.01281
-117.99081
-117.96881
-117.94681
-117.92480
-117.90279
-117.88078
-117.85877
-117.83676
-117.81474
-117.79272
-117.77069
-117.74867
-117.72664
-117.70461
-117.68258
-117.66054
-117.63851
-117.61647
-117.59443
-117.57238
-117.55034
-117.52829
-117.50623
-117.48418
-117.46212
-117.44006
-117.41800
-117.39593
-117.37387
-117.35180
-117.32973
-117.30766
-117.28558
-117.26350
-117.24142
-117.21933
-117.19725
-117.17516
-117.15307
-117.13097
-117.10888
-117.08678
-117.06468
-117.04257
-117.02047
-116.99836
-116.97625
-116.95413
-116.93202
-116.90990
-116.88778
-116.86566
-116.84353
-116.82140
-116.79927
-116.77714
-116.75500
-116.73286
-116.71072
-116.68858
-116.66643
-116.64429
-116.62214
-116.59999
-116.57783
-116.55567
-116.53351
-116.51135
-116.48918
-116.46701
-116.44484
-116.42267
-116.40049
-116.37832
-116.35614
-116.33396
-116.31177
-116.28958
-116.26739
-116.24520
-116.22300
-116.20081
-116.17860
-116.15640
-116.13420
-116.11199
-116.08978
-116.06757
-116.04535
-116.02314
-116.00092
-115.97869
-115.95647
-115.93424
-115.91201
-115.88978
-115.86754
-115.84531
-115.82307
-115.80082
-115.77858
-115.75633
-115.73408
-115.71183
-115.68957
-115.66731
-115.64505
-115.62279
-115.60053
-115.57826
-115.55599
-115.53372
-115.51144
-115.48917
-115.46689
-115.44460
-115.42232
-115.40003
-115.37774
-115.35545
-115.33316
-115.31086
-115.28856
-115.26626
-115.24395
-115.22164
-115.19933
-115.17702
-115.15470
-115.13239
-115.11007
-115.08775
-115.06542
-115.04309
-115.02076
-114.99843
-114.97610
-114.95376
-114.93142
-114.90907
-114.88673
-114.86438
-114.84204
-114.81968
-114.79733
-114.77497
-114.75261
-114.73025
-114.70788
-114.68551
-114.66314
-114.64077
-114.61839
-114.59602
-114.57364
-114.55126
-114.52887
-114.50648
-114.48409
-114.46170
-114.43930
-114.41690
-114.39450
-114.37210
-114.34970
-114.32729
-114.30488
-114.28246
-114.26005
-114.23763
-114.21521
-114.19278
-114.17036
-114.14793
-114.12550
-114.10307
-114.08063
-114.05820
-114.03575
-114.01331
-113.99086
-113.96841
-113.94596
-113.92351
-113.90105
-113.87859
-113.85613
-113.83367
-113.81121
-113.78874
-113.76626
-113.74379
-113.72131
-113.69883
-113.67635
-113.65387
-113.63138
-113.60889
-113.58640
-113.56391
-113.54141
-113.51891
-113.49641
-113.47391
-113.45140
-113.42889
-113.40638
-113.38386
-113.36134
-113.33883
-113.31631
-113.29378
-113.27125
-113.24872
-113.22619
-113.20365
-113.18112
-113.15858
-113.13603
-113.11349
-113.09094
-113.06839
-113.04584
-113.02328
-113.00072
-112.97816
-112.95560
-112.93303
-112.91047
-112.88789
-112.86532
-112.84274
-112.82017
-112.79759
-112.77501
-112.75242
-112.72983
-112.70724
-112.68464
-112.66205
-112.63945
-112.61685
-112.59424
-112.57164
-112.54903
-112.52642
-112.50380
-112.48119
-112.45857
-112.43594
-112.41332
-112.39069
-112.36806
-112.34543
-112.32279
-112.30016
-112.27752
-112.25488
-112.23223
-112.20958
-112.18693
-112.16428
-112.14162
-112.11896
-112.09630
-112.07364
-112.05098
-112.02831
-112.00564
-111.98296
-111.96029
-111.93761
-111.91493
-111.89224
-111.86956
-111.84687
-111.82417
-111.80148
-111.77879
-111.75609
-111.73339
-111.71068
-111.68797
-111.66526
-111.64255
-111.61984
-111.59712
-111.57440
-111.55168
-111.52895
-111.50623
-111.48349
-111.46076
-111.43802
-111.41529
-111.39254
-111.36980
-111.34705
-111.32431
-111.30156
-111.27881
-111.25605
-111.23329
-111.21053
-111.18776
-111.16500
-111.14223
-111.11945
-111.09668
-111.07390
-111.05112
-111.02834
-111.00556
-110.98277
-110.95998
-110.93719
-110.91439
-110.89159
-110.86879
-110.84599
-110.82318
-110.80037
-110.77757
-110.75475
-110.73194
-110.70912
-110.68629
-110.66347
-110.64064
-110.61781
-110.59498
-110.57215
-110.54931
-110.52647
-110.50363
-110.48079
-110.45794
-110.43509
-110.41224
-110.38938
-110.36652
-110.34366
-110.32080
-110.29793
-110.27506
-110.25220
-110.22932
-110.20644
-110.18356
-110.16068
-110.13780
-110.11491
-110.09202
-110.06913
-110.04623
-110.02334
-110.00044
-109.97754
-109.95463
-109.93172
-109.90881
-109.88590
-109.86298
-109.84007
-109.81714
-109.79422
-109.77129
-109.74837
-109.72544
-109.70250
-109.67957
-109.65663
-109.63368
-109.61074
-109.58779
-109.56484
-109.54189
-109.51893
-109.49598
-109.47302
-109.45006
-109.42709
-109.40412
-109.38115
-109.35817
-109.33520
-109.31222
-109.28924
-109.26625
-109.24327
-109.22028
-109.19729
-109.17429
-109.15129
-109.12829
-109.10529
-109.08229
-109.05928
-109.03627
-109.01325
-108.99024
-108.96722
-108.94420
-108.92118
-108.89815
-108.87512
-108.85209
-108.82905
-108.80601
-108.78297
-108.75993
-108.73689
-108.71384
-108.69079
-108.66774
-108.64468
-108.62162
-108.59856
-108.57550
-108.55243
-108.52936
-108.50629
-108.48322
-108.46014
-108.43706
-108.41398
-108.39089
-108.36781
-108.34472
-108.32162
-108.29853
-108.27543
-108.25233
-108.22922
-108.20612
-108.18301
-108.15990
-108.13678
-108.11367
-108.09055
-108.06742
-108.04430
-108.02117
-107.99804
-107.97491
-107.95177
-107.92864
-107.90550
-107.88235
-107.85920
-107.83606
-107.81290
-107.78975
-107.76659
-107.74343
-107.72027
-107.69710
-107.67394
-107.65077
-107.62760
-107.60442
-107.58124
-107.55806
-107.53487
-107.51169
-107.48850
-107.46531
-107.44211
-107.41892
-107.39572
-107.37251
-107.34931
-107.32610
-107.30289
-107.27967
-107.25646
-107.23324
-107.21002
-107.18679
-107.16357
-107.14034
-107.11711
-107.09387
-107.07063
-107.04739
-107.02415
-107.00090
-106.97766
-106.95440
-106.93115
-106.90790
-106.88464
-106.86138
-106.83811
-106.81484
-106.79157
-106.76830
-106.74502
-106.72174
-106.69846
-106.67518
-106.65190
-106.62861
-106.60532
-106.58202
-106.55872
-106.53542
-106.51212
-106.48882
-106.46551
-106.44220
-106.41888
-106.39557
-106.37225
-106.34893
-106.32561
-106.30228
-106.27895
-106.25562
-106.23228
-106.20894
-106.18560
-106.16226
-106.13891
-106.11557
-106.09222
-106.06886
-106.04550
-106.02214
-105.99878
-105.97542
-105.95205
-105.92868
-105.90530
-105.88193
-105.85856
-105.83517
-105.81179
-105.78840
-105.76501
-105.74162
-105.71822
-105.69483
-105.67143
-105.64802
-105.62462
-105.60121
-105.57780
-105.55439
-105.53097
-105.50755
-105.48413
-105.46070
-105.43727
-105.41384
-105.39041
-105.36697
-105.34354
-105.32010
-105.29665
-105.27321
-105.24976
-105.22630
-105.20285
-105.17939
-105.15593
-105.13247
-105.10900
-105.08553
-105.06206
-105.03859
-105.01511
-104.99163
-104.96815
-104.94466
-104.92117
-104.89768
-104.87419
-104.85069
-104.82720
-104.80370
-104.78019
-104.75668
-104.73317
-104.70966
-104.68615
-104.66263
-104.63911
-104.61558
-104.59205
-104.56853
-104.54500
-104.52146
-104.49793
-104.47438
-104.45084
-104.42730
-104.40375
-104.38019
-104.35664
-104.33308
-104.30952
-104.28597
-104.26240
-104.23883
-104.21526
-104.19169
-104.16811
-104.14453
-104.12095
-104.09737
-104.07378
-104.05019
-104.02660
-104.00301
-103.97941
-103.95580
-103.93220
-103.90859
-103.88498
-103.86137
-103.83776
-103.81414
-103.79052
-103.76690
-103.74327
-103.71964
-103.69601
-103.67238
-103.64874
-103.62510
-103.60146
-103.57781
-103.55416
-103.53051
-103.50686
-103.48321
-103.45955
-103.43588
-103.41222
-103.38855
-103.36488
-103.34120
-103.31753
-103.29385
-103.27017
-103.24649
-103.22280
-103.19911
-103.17542
-103.15172
-103.12802
-103.10432
-103.08062
-103.05691
-103.03320
-103.00949
-102.98577
-102.96206
-102.93834
-102.91461
-102.89089
-102.86716
-102.84343
-102.81969
-102.79595
-102.77221
-102.74847
-102.72472
-102.70098
-102.67723
-102.65347
-102.62972
-102.60596
-102.58219
-102.55843
-102.53466
-102.51089
-102.48711
-102.46334
-102.43956
-102.41577
-102.39199
-102.36820
-102.34441
-102.32061
-102.29682
-102.27302
-102.24922
-102.22541
-102.20160
-102.17779
-102.15398
-102.13016
-102.10634
-102.08252
-102.05870
-102.03487
-102.01104
-101.98721
-101.96337
-101.93953
-101.91569
-101.89184
-101.86800
-101.84415
-101.82029
-101.79644
-101.77258
-101.74872
-101.72485
-101.70099
-101.67712
-101.65324
-101.62937
-101.60549
-101.58161
-101.55772
-101.53384
-101.50995
-101.48606
-101.46216
-101.43826
-101.41436
-101.39046
-101.36655
-101.34264
-101.31873
-101.29481
-101.27089
-101.24697
-101.22305
-101.19912
-101.17519
-101.15126
-101.12733
-101.10339
-101.07945
-101.05550
-101.03156
-101.00761
-100.98366
-100.95970
-100.93574
-100.91178
-100.88782
-100.86385
-100.83988
-100.81591
-100.79194
-100.76796
-100.74398
-100.72000
-100.69601
-100.67202
-100.64803
-100.62403
-100.60004
-100.57604
-100.55203
-100.52803
-100.50402
-100.48000
-100.45599
-100.43197
-100.40795
-100.38393
-100.35990
-100.33587
-100.31184
-100.28781
-100.26377
-100.23973
-100.21568
-100.19164
-100.16759
-100.14354
-100.11948
-100.09542
-100.07136
-100.04730
-100.02323
-99.99917
-99.97509
-99.95102
-99.92694
-99.90286
-99.87878
-99.85469
-99.83060
-99.80651
-99.78241
-99.75832
-99.73421
-99.71011
-99.68600
-99.66189
-99.63778
-99.61367
-99.58955
-99.56543
-99.54130
-99.51718
-99.49305
-99.46892
-99.44478
-99.42064
-99.39650
-99.37236
-99.34821
-99.32406
-99.29991
-99.27575
-99.25159
-99.22743
-99.20327
-99.17910
-99.15493
-99.13076
-99.10658
-99.08240
-99.05822
-99.03404
-99.00985
-98.98566
-98.96147
-98.93727
-98.91307
-98.88887
-98.86467
-98.84046
-98.81625
-98.79204
-98.76782
-98.74360
-98.71938
-98.69515
-98.67093
-98.64670
-98.62246
-98.59822
-98.57399
-98.54974
-98.52550
-98.50125
-98.47700
-98.45274
-98.42849
-98.40423
-98.37997
-98.35570
-98.33143
-98.30716
-98.28289
-98.25861
-98.23433
-98.21004
-98.18576
-98.16147
-98.13718
-98.11288
-98.08859
-98.06429
-98.03998
-98.01568
-97.99137
-97.96705
-97.94274
-97.91842
-97.89410
-97.86978
-97.84545
-97.82112
-97.79679
-97.77245
-97.74811
-97.72377
-97.69943
-97.67508
-97.65073
-97.62638
-97.60202
-97.57766
-97.55330
-97.52893
-97.50457
-97.48020
-97.45582
-97.43144
-97.40707
-97.38268
-97.35830
-97.33391
-97.30952
-97.28512
-97.26073
-97.23633
-97.21192
-97.18752
-97.16311
-97.13870
-97.11428
-97.08986
-97.06544
-97.04102
-97.01659
-96.99216
-96.96773
-96.94330
-96.91886
-96.89442
-96.86997
-96.84552
-96.82107
-96.79662
-96.77217
-96.74771
-96.72324
-96.69878
-96.67431
-96.64984
-96.62537
-96.60089
-96.57641
-96.55193
-96.52744
-96.50295
-96.47846
-96.45397
-96.42947
-96.40497
-96.38047
-96.35596
-96.33145
-96.30694
-96.28242
-96.25791
-96.23338
-96.20886
-96.18433
-96.15980
-96.13527
-96.11073
-96.08620
-96.06165
-96.03711
-96.01256
-95.98801
-95.96346
-95.93890
-95.91434
-95.88978
-95.86521
-95.84064
-95.81607
-95.79150
-95.76692
-95.74234
-95.71776
-95.69317
-95.66858
-95.64399
-95.61939
-95.59479
-95.57019
-95.54559
-95.52098
-95.49637
-95.47176
-95.44714
-95.42252
-95.39790
-95.37327
-95.34865
-95.32401
-95.29938
-95.27474
-95.25010
-95.22546
-95.20081
-95.17616
-95.15151
-95.12686
-95.10220
-95.07754
-95.05287
-95.02821
-95.00354
-94.97886
-94.95419
-94.92951
-94.90483
-94.88014
-94.85545
-94.83076
-94.80607
-94.78137
-94.75667
-94.73197
-94.70726
-94.68255
-94.65784
-94.63313
-94.60841
-94.58369
-94.55896
-94.53424
-94.50951
-94.48477
-94.46004
-94.43530
-94.41055
-94.38581
-94.36106
-94.33631
-94.31156
-94.28680
-94.26204
-94.23727
-94.21251
-94.18774
-94.16297
-94.13819
-94.11341
-94.08863
-94.06385
-94.03906
-94.01427
-93.98948
-93.96468
-93.93988
-93.91508
-93.89027
-93.86546
-93.84065
-93.81584
-93.79102
-93.76620
-93.74137
-93.71655
-93.69172
-93.66689
-93.64205
-93.61721
-93.59237
-93.56752
-93.54268
-93.51782
-93.49297
-93.46811
-93.44325
-93.41839
-93.39352
-93.36865
-93.34378
-93.31891
-93.29403
-93.26915
-93.24426
-93.21938
-93.19448
-93.16959
-93.14469
-93.11979
-93.09489
-93.06999
-93.04508
-93.02017
-92.99525
-92.97033
-92.94541
-92.92049
-92.89556
-92.87063
-92.84570
-92.82076
-92.79582
-92.77088
-92.74593
-92.72099
-92.69603
-92.67108
-92.64612
-92.62116
-92.59620
-92.57123
-92.54626
-92.52129
-92.49631
-92.47133
-92.44635
-92.42136
-92.39638
-92.37139
-92.34639
-92.32139
-92.29639
-92.27139
-92.24638
-92.22137
-92.19636
-92.17134
-92.14632
-92.12130
-92.09628
-92.07125
-92.04622
-92.02118
-91.99615
-91.97111
-91.94606
-91.92102
-91.89597
-91.87091
-91.84586
-91.82080
-91.79574
-91.77067
-91.74560
-91.72053
-91.69546
-91.67038
-91.64530
-91.62022
-91.59513
-91.57004
-91.54495
-91.51985
-91.49475
-91.46965
-91.44454
-91.41944
-91.39432
-91.36921
-91.34409
-91.31897
-91.29385
-91.26872
-91.24359
-91.21846
-91.19332
-91.16818
-91.14304
-91.11789
-91.09275
-91.06759
-91.04244
-91.01728
-90.99212
-90.96696
-90.94179
-90.91662
-90.89145
-90.86627
-90.84109
-90.81591
-90.79072
-90.76553
-90.74034
-90.71514
-90.68995
-90.66475
-90.63954
-90.61433
-90.58912
-90.56391
-90.53869
-90.51347
-90.48825
-90.46302
-90.43779
-90.41256
-90.38732
-90.36209
-90.33684
-90.31160
-90.28635
-90.26110
-90.23585
-90.21059
-90.18533
-90.16006
-90.13480
-90.10953
-90.08425
-90.05898
-90.03370
-90.00842
-89.98313
-89.95784
-89.93255
-89.90725
-89.88196
-89.85665
-89.83135
-89.80604
-89.78073
-89.75542
-89.73010
-89.70478
-89.67946
-89.65413
-89.62880
-89.60347
-89.57813
-89.55279
-89.52745
-89.50211
-89.47676
-89.45141
-89.42605
-89.40069
-89.37533
-89.34997
-89.32460
-89.29923
-89.27386
-89.24848
-89.22310
-89.19772
-89.17233
-89.14694
-89.12155
-89.09616
-89.07076
-89.04535
-89.01995
-88.99454
-88.96913
-88.94372
-88.91830
-88.89288
-88.86745
-88.84203
-88.81659
-88.79116
-88.76572
-88.74028
-88.71484
-88.68940
-88.66395
-88.63849
-88.61304
-88.58758
-88.56212
-88.53665
-88.51118
-88.48571
-88.46024
-88.43476
-88.40928
-88.38379
-88.35831
-88.33282
-88.30732
-88.28183
-88.25633
-88.23082
-88.20532
-88.17981
-88.15429
-88.12878
-88.10326
-88.07774
-88.05221
-88.02668
-88.00115
-87.97562
-87.95008
-87.92454
-87.89899
-87.87344
-87.84789
-87.82234
-87.79678
-87.77122
-87.74566
-87.72009
-87.69452
-87.66895
-87.64337
-87.61779
-87.59221
-87.56662
-87.54103
-87.51544
-87.48984
-87.46424
-87.43864
-87.41304
-87.38743
-87.36182
-87.33620
-87.31058
-87.28496
-87.25934
-87.23371
-87.20808
-87.18244
-87.15681
-87.13117
-87.10552
-87.07988
-87.05423
-87.02857
-87.00292
-86.97726
-86.95159
-86.92593
-86.90026
-86.87458
-86.84891
-86.82323
-86.79755
-86.77186
-86.74617
-86.72048
-86.69478
-86.66909
-86.64338
-86.61768
-86.59197
-86.56626
-86.54055
-86.51483
-86.48911
-86.46338
-86.43766
-86.41192
-86.38619
-86.36045
-86.33471
-86.30897
-86.28322
-86.25747
-86.23172
-86.20596
-86.18020
-86.15444
-86.12867
-86.10290
-86.07713
-86.05136
-86.02558
-85.99979
-85.97401
-85.94822
-85.92243
-85.89663
-85.87083
-85.84503
-85.81923
-85.79342
-85.76761
-85.74179
-85.71597
-85.69015
-85.66433
-85.63850
-85.61267
-85.58683
-85.56100
-85.53516
-85.50931
-85.48346
-85.45761
-85.43176
-85.40590
-85.38004
-85.35418
-85.32831
-85.30244
-85.27657
-85.25069
-85.22481
-85.19893
-85.17304
-85.14715
-85.12126
-85.09536
-85.06946
-85.04356
-85.01765
-84.99174
-84.96583
-84.93992
-84.91400
-84.88807
-84.86215
-84.83622
-84.81029
-84.78435
-84.75841
-84.73247
-84.70653
-84.68058
-84.65462
-84.62867
-84.60271
-84.57675
-84.55078
-84.52482
-84.49884
-84.47287
-84.44689
-84.42091
-84.39493
-84.36894
-84.34295
-84.31695
-84.29095
-84.26495
-84.23895
-84.21294
-84.18693
-84.16091
-84.13490
-84.10888
-84.08285
-84.05682
-84.03079
-84.00476
-83.97872
-83.95268
-83.92664
-83.90059
-83.87454
-83.84849
-83.82243
-83.79637
-83.77030
-83.74424
-83.71817
-83.69209
-83.66602
-83.63994
-83.61385
-83.58777
-83.56167
-83.53558
-83.50948
-83.48338
-83.45728
-83.43117
-83.40506
-83.37895
-83.35283
-83.32671
-83.30059
-83.27446
-83.24833
-83.22220
-83.19606
-83.16992
-83.14378
-83.11763
-83.09148
-83.06533
-83.03917
-83.01301
-82.98685
-82.96068
-82.93451
-82.90834
-82.88216
-82.85598
-82.82980
-82.80362
-82.77743
-82.75123
-82.72504
-82.69884
-82.67263
-82.64643
-82.62022
-82.59400
-82.56779
-82.54157
-82.51534
-82.48912
-82.46289
-82.43665
-82.41042
-82.38418
-82.35793
-82.33169
-82.30544
-82.27918
-82.25293
-82.22667
-82.20040
-82.17414
-82.14787
-82.12159
-82.09532
-82.06904
-82.04275
-82.01647
-81.99018
-81.96388
-81.93759
-81.91129
-81.88498
-81.85868
-81.83237
-81.80605
-81.77974
-81.75341
-81.72709
-81.70076
-81.67443
-81.64810
-81.62176
-81.59542
-81.56908
-81.54273
-81.51638
-81.49003
-81.46367
-81.43731
-81.41094
-81.38458
-81.35821
-81.33183
-81.30545
-81.27907
-81.25269
-81.22630
-81.19991
-81.17352
-81.14712
-81.12072
-81.09431
-81.06790
-81.04149
-81.01508
-80.98866
-80.96224
-80.93581
-80.90938
-80.88295
-80.85652
-80.83008
-80.80364
-80.77719
-80.75074
-80.72429
-80.69784
-80.67138
-80.64491
-80.61845
-80.59198
-80.56551
-80.53903
-80.51255
-80.48607
-80.45958
-80.43310
-80.40660
-80.38011
-80.35361
-80.32710
-80.30060
-80.27409
-80.24757
-80.22106
-80.19454
-80.16801
-80.14149
-80.11496
-80.08842
-80.06189
-80.03535
-80.00880
-79.98225
-79.95570
-79.92915
-79.90259
-79.87603
-79.84947
-79.82290
-79.79633
-79.76975
-79.74318
-79.71659
-79.69001
-79.66342
-79.63683
-79.61023
-79.58364
-79.55703
-79.53043
-79.50382
-79.47721
-79.45059
-79.42397
-79.39735
-79.37072
-79.34409
-79.31746
-79.29083
-79.26419
-79.23754
-79.21090
-79.18425
-79.15759
-79.13094
-79.10428
-79.07761
-79.05094
-79.02427
-78.99760
-78.97092
-78.94424
-78.91756
-78.89087
-78.86418
-78.83748
-78.81078
-78.78408
-78.75738
-78.73067
-78.70396
-78.67724
-78.65052
-78.62380
-78.59707
-78.57035
-78.54361
-78.51688
-78.49014
-78.46339
-78.43665
-78.40990
-78.38314
-78.35639
-78.32963
-78.30286
-78.27610
-78.24933
-78.22255
-78.19577
-78.16899
-78.14221
-78.11542
-78.08863
-78.06183
-78.03503
-78.00823
-77.98143
-77.95462
-77.92781
-77.90099
-77.87417
-77.84735
-77.82052
-77.79369
-77.76686
-77.74002
-77.71318
-77.68634
-77.65949
-77.63264
-77.60579
-77.57893
-77.55207
-77.52520
-77.49833
-77.47146
-77.44459
-77.41771
-77.39083
-77.36394
-77.33705
-77.31016
-77.28326
-77.25636
-77.22946
-77.20256
-77.17565
-77.14873
-77.12181
-77.09489
-77.06797
-77.04104
-77.01411
-76.98718
-76.96024
-76.93330
-76.90635
-76.87940
-76.85245
-76.82550
-76.79854
-76.77158
-76.74461
-76.71764
-76.69067
-76.66369
-76.63671
-76.60973
-76.58274
-76.55575
-76.52876
-76.50176
-76.47476
-76.44775
-76.42074
-76.39373
-76.36672
-76.33970
-76.31268
-76.28565
-76.25862
-76.23159
-76.20455
-76.17751
-76.15047
-76.12342
-76.09637
-76.06932
-76.04226
-76.01520
-75.98813
-75.96107
-75.93399
-75.90692
-75.87984
-75.85276
-75.82567
-75.79858
-75.77149
-75.74439
-75.71729
-75.69019
-75.66308
-75.63597
-75.60886
-75.58174
-75.55462
-75.52750
-75.50037
-75.47324
-75.44610
-75.41896
-75.39182
-75.36467
-75.33752
-75.31037
-75.28321
-75.25605
-75.22889
-75.20172
-75.17455
-75.14738
-75.12020
-75.09302
-75.06583
-75.03864
-75.01145
-74.98426
-74.95706
-74.92985
-74.90265
-74.87544
-74.84822
-74.82101
-74.79379
-74.76656
-74.73933
-74.71210
-74.68487
-74.65763
-74.63039
-74.60314
-74.57589
-74.54864
-74.52138
-74.49412
-74.46686
-74.43959
-74.41232
-74.38505
-74.35777
-74.33049
-74.30320
-74.27591
-74.24862
-74.22132
-74.19402
-74.16672
-74.13941
-74.11210
-74.08479
-74.05747
-74.03015
-74.00283
-73.97550
-73.94817
-73.92083
-73.89349
-73.86615
-73.83880
-73.81145
-73.78410
-73.75674
-73.72938
-73.70202
-73.67465
-73.64728
-73.61991
-73.59253
-73.56515
-73.53776
-73.51037
-73.48298
-73.45558
-73.42818
-73.40078
-73.37337
-73.34596
-73.31854
-73.29113
-73.26370
-73.23628
-73.20885
-73.18142
-73.15398
-73.12654
-73.09910
-73.07165
-73.04420
-73.01674
-72.98929
-72.96182
-72.93436
-72.90689
-72.87942
-72.85194
-72.82446
-72.79698
-72.76949
-72.74200
-72.71451
-72.68701
-72.65951
-72.63200
-72.60449
-72.57698
-72.54946
-72.52194
-72.49442
-72.46689
-72.43936
-72.41183
-72.38429
-72.35675
-72.32920
-72.30165
-72.27410
-72.24655
-72.21899
-72.19142
-72.16385
-72.13628
-72.10871
-72.08113
-72.05355
-72.02596
-71.99838
-71.97078
-71.94319
-71.91559
-71.88798
-71.86038
-71.83276
-71.80515
-71.77753
-71.74991
-71.72228
-71.69465
-71.66702
-71.63938
-71.61174
-71.58410
-71.55645
-71.52880
-71.50115
-71.47349
-71.44583
-71.41816
-71.39049
-71.36282
-71.33514
-71.30746
-71.27977
-71.25209
-71.22439
-71.19670
-71.16900
-71.14130
-71.11359
-71.08588
-71.05817
-71.03045
-71.00273
-70.97500
-70.94728
-70.91954
-70.89181
-70.86407
-70.83632
-70.80858
-70.78083
-70.75307
-70.72531
-70.69755
-70.66979
-70.64202
-70.61425
-70.58647
-70.55869
-70.53090
-70.50312
-70.47533
-70.44753
-70.41973
-70.39193
-70.36412
-70.33631
-70.30850
-70.28068
-70.25286
-70.22504
-70.19721
-70.16938
-70.14154
-70.11370
-70.08586
-70.05801
-70.03016
-70.00231
-69.97445
-69.94659
-69.91872
-69.89085
-69.86298
-69.83510
-69.80722
-69.77934
-69.75145
-69.72356
-69.69566
-69.66776
-69.63986
-69.61195
-69.58404
-69.55613
-69.52821
-69.50029
-69.47236
-69.44444
-69.41650
-69.38857
-69.36063
-69.33268
-69.30474
-69.27678
-69.24883
-69.22087
-69.19291
-69.16494
-69.13697
-69.10900
-69.08102
-69.05304
-69.02505
-68.99706
-68.96907
-68.94108
-68.91308
-68.88507
-68.85706
-68.82905
-68.80104
-68.77302
-68.74500
-68.71697
-68.68894
-68.66091
-68.63287
-68.60483
-68.57678
-68.54873
-68.52068
-68.49262
-68.46456
-68.43650
-68.40843
-68.38036
-68.35229
-68.32421
-68.29612
-68.26804
-68.23995
-68.21185
-68.18376
-68.15565
-68.12755
-68.09944
-68.07133
-68.04321
-68.01509
-67.98696
-67.95884
-67.93070
-67.90257
-67.87443
-67.84629
-67.81814
-67.78999
-67.76183
-67.73368
-67.70551
-67.67735
-67.64918
-67.62100
-67.59283
-67.56465
-67.53646
-67.50827
-67.48008
-67.45188
-67.42368
-67.39548
-67.36727
-67.33906
-67.31084
-67.28263
-67.25440
-67.22618
-67.19795
-67.16971
-67.14147
-67.11323
-67.08499
-67.05674
-67.02848
-67.00023
-66.97196
-66.94370
-66.91543
-66.88716
-66.85888
-66.83060
-66.80232
-66.77403
-66.74574
-66.71744
-66.68914
-66.66084
-66.63253
-66.60422
-66.57591
-66.54759
-66.51927
-66.49094
-66.46261
-66.43428
-66.40594
-66.37760
-66.34926
-66.32091
-66.29255
-66.26420
-66.23584
-66.20747
-66.17910
-66.15073
-66.12236
-66.09398
-66.06559
-66.03721
-66.00881
-65.98042
-65.95202
-65.92362
-65.89521
-65.86680
-65.83839
-65.80997
-65.78155
-65.75312
-65.72469
-65.69626
-65.66782
-65.63938
-65.61093
-65.58248
-65.55403
-65.52558
-65.49711
-65.46865
-65.44018
-65.41171
-65.38323
-65.35475
-65.32627
-65.29778
-65.26929
-65.24080
-65.21230
-65.18379
-65.15529
-65.12678
-65.09826
-65.06974
-65.04122
-65.01269
-64.98416
-64.95563
-64.92709
-64.89855
-64.87000
-64.84145
-64.81290
-64.78434
-64.75578
-64.72722
-64.69865
-64.67007
-64.64150
-64.61292
-64.58433
-64.55574
-64.52715
-64.49856
-64.46996
-64.44135
-64.41274
-64.38413
-64.35552
-64.32690
-64.29827
-64.26964
-64.24101
-64.21238
-64.18374
-64.15510
-64.12645
-64.09780
-64.06914
-64.04048
-64.01182
-63.98316
-63.95448
-63.92581
-63.89713
-63.86845
-63.83976
-63.81107
-63.78238
-63.75368
-63.72498
-63.69627
-63.66756
-63.63885
-63.61013
-63.58141
-63.55269
-63.52396
-63.49522
-63.46649
-63.43775
-63.40900
-63.38025
-63.35150
-63.32274
-63.29398
-63.26522
-63.23645
-63.20768
-63.17890
-63.15012
-63.12134
-63.09255
-63.06376
-63.03496
-63.00616
-62.97736
-62.94855
-62.91974
-62.89092
-62.86210
-62.83328
-62.80445
-62.77562
-62.74678
-62.71794
-62.68910
-62.66025
-62.63140
-62.60254
-62.57368
-62.54482
-62.51595
-62.48708
-62.45821
-62.42933
-62.40045
-62.37156
-62.34267
-62.31377
-62.28487
-62.25597
-62.22706
-62.19815
-62.16924
-62.14032
-62.11140
-62.08247
-62.05354
-62.02460
-61.99566
-61.96672
-61.93778
-61.90882
-61.87987
-61.85091
-61.82195
-61.79298
-61.76401
-61.73504
-61.70606
-61.67708
-61.64809
-61.61910
-61.59010
-61.56111
-61.53210
-61.50310
-61.47409
-61.44507
-61.41605
-61.38703
-61.35801
-61.32897
-61.29994
-61.27090
-61.24186
-61.21281
-61.18376
-61.15471
-61.12565
-61.09659
-61.06752
-61.03845
-61.00938
-60.98030
-60.95122
-60.92213
-60.89304
-60.86394
-60.83484
-60.80574
-60.77664
-60.74752
-60.71841
-60.68929
-60.66017
-60.63104
-60.60191
-60.57278
-60.54364
-60.51450
-60.48535
-60.45620
-60.42704
-60.39788
-60.36872
-60.33955
-60.31038
-60.28121
-60.25203
-60.22285
-60.19366
-60.16447
-60.13527
-60.10607
-60.07687
-60.04766
-60.01845
-59.98923
-59.96002
-59.93079
-59.90156
-59.87233
-59.84310
-59.81386
-59.78461
-59.75537
-59.72611
-59.69686
-59.66760
-59.63833
-59.60906
-59.57979
-59.55052
-59.52124
-59.49195
-59.46266
-59.43337
-59.40407
-59.37477
-59.34547
-59.31616
-59.28685
-59.25753
-59.22821
-59.19888
-59.16956
-59.14022
-59.11088
-59.08154
-59.05220
-59.02285
-58.99349
-58.96414
-58.93478
-58.90541
-58.87604
-58.84667
-58.81729
-58.78791
-58.75852
-58.72913
-58.69973
-58.67034
-58.64093
-58.61153
-58.58212
-58.55270
-58.52328
-58.49386
-58.46443
-58.43500
-58.40556
-58.37613
-58.34668
-58.31723
-58.28778
-58.25833
-58.22887
-58.19940
-58.16993
-58.14046
-58.11099
-58.08150
-58.05202
-58.02253
-57.99304
-57.96354
-57.93404
-57.90454
-57.87503
-57.84551
-57.81599
-57.78647
-57.75695
-57.72742
-57.69788
-57.66835
-57.63880
-57.60926
-57.57971
-57.55015
-57.52059
-57.49103
-57.46146
-57.43189
-57.40232
-57.37274
-57.34315
-57.31356
-57.28397
-57.25438
-57.22478
-57.19517
-57.16556
-57.13595
-57.10633
-57.07671
-57.04709
-57.01746
-56.98783
-56.95819
-56.92855
-56.89890
-56.86925
-56.83960
-56.80994
-56.78028
-56.75061
-56.72094
-56.69126
-56.66159
-56.63190
-56.60222
-56.57252
-56.54283
-56.51313
-56.48342
-56.45372
-56.42400
-56.39429
-56.36457
-56.33484
-56.30511
-56.27538
-56.24564
-56.21590
-56.18615
-56.15640
-56.12665
-56.09689
-56.06713
-56.03736
-56.00759
-55.97782
-55.94804
-55.91826
-55.88847
-55.85868
-55.82888
-55.79908
-55.76928
-55.73947
-55.70965
-55.67984
-55.65002
-55.62019
-55.59036
-55.56053
-55.53069
-55.50085
-55.47100
-55.44115
-55.41130
-55.38144
-55.35157
-55.32171
-55.29184
-55.26196
-55.23208
-55.20220
-55.17231
-55.14242
-55.11252
-55.08262
-55.05271
-55.02280
-54.99289
-54.96297
-54.93305
-54.90312
-54.87319
-54.84326
-54.81332
-54.78338
-54.75343
-54.72348
-54.69352
-54.66356
-54.63360
-54.60363
-54.57366
-54.54368
-54.51370
-54.48371
-54.45372
-54.42373
-54.39373
-54.36373
-54.33372
-54.30371
-54.27369
-54.24368
-54.21365
-54.18362
-54.15359
-54.12356
-54.09351
-54.06347
-54.03342
-54.00337
-53.97331
-53.94325
-53.91318
-53.88311
-53.85304
-53.82296
-53.79287
-53.76279
-53.73269
-53.70260
-53.67250
-53.64239
-53.61229
-53.58217
-53.55205
-53.52193
-53.49181
-53.46168
-53.43154
-53.40140
-53.37126
-53.34111
-53.31096
-53.28081
-53.25065
-53.22048
-53.19031
-53.16014
-53.12996
-53.09978
-53.06960
-53.03941
-53.00921
-52.97901
-52.94881
-52.91860
-52.88839
-52.85818
-52.82796
-52.79773
-52.76750
-52.73727
-52.70703
-52.67679
-52.64654
-52.61629
-52.58604
-52.55578
-52.52552
-52.49525
-52.46498
-52.43470
-52.40442
-52.37414
-52.34385
-52.31356
-52.28326
-52.25296
-52.22265
-52.19234
-52.16202
-52.13170
-52.10138
-52.07105
-52.04072
-52.01038
-51.98004
-51.94970
-51.91935
-51.88900
-51.85864
-51.82827
-51.79791
-51.76754
-51.73716
-51.70678
-51.67640
-51.64601
-51.61562
-51.58522
-51.55482
-51.52441
-51.49400
-51.46359
-51.43317
-51.40274
-51.37232
-51.34189
-51.31145
-51.28101
-51.25056
-51.22011
-51.18966
-51.15920
-51.12874
-51.09827
-51.06780
-51.03733
-51.00685
-50.97636
-50.94587
-50.91538
-50.88488
-50.85438
-50.82388
-50.79337
-50.76285
-50.73233
-50.70181
-50.67128
-50.64075
-50.61021
-50.57967
-50.54913
-50.51858
-50.48802
-50.45746
-50.42690
-50.39633
-50.36576
-50.33519
-50.30461
-50.27402
-50.24343
-50.21284
-50.18224
-50.15164
-50.12103
-50.09042
-50.05980
-50.02918
-49.99856
-49.96793
-49.93730
-49.90666
-49.87602
-49.84537
-49.81472
-49.78407
-49.75341
-49.72274
-49.69207
-49.66140
-49.63072
-49.60004
-49.56936
-49.53867
-49.50797
-49.47727
-49.44657
-49.41586
-49.38515
-49.35443
-49.32371
-49.29298
-49.26225
-49.23152
-49.20078
-49.17004
-49.13929
-49.10854
-49.07778
-49.04702
-49.01625
-48.98548
-48.95471
-48.92393
-48.89314
-48.86236
-48.83156
-48.80077
-48.76997
-48.73916
-48.70835
-48.67754
-48.64672
-48.61589
-48.58507
-48.55423
-48.52340
-48.49256
-48.46171
-48.43086
-48.40001
-48.36915
-48.33828
-48.30742
-48.27654
-48.24567
-48.21478
-48.18390
-48.15301
-48.12211
-48.09121
-48.06031
-48.02940
-47.99849
-47.96757
-47.93665
-47.90573
-47.87480
-47.84386
-47.81292
-47.78198
-47.75103
-47.72008
-47.68912
-47.65816
-47.62719
-47.59622
-47.56524
-47.53426
-47.50328
-47.47229
-47.44130
-47.41030
-47.37930
-47.34829
-47.31728
-47.28626
-47.25524
-47.22422
-47.19319
-47.16216
-47.13112
-47.10007
-47.06903
-47.03798
-47.00692
-46.97586
-46.94479
-46.91372
-46.88265
-46.85157
-46.82049
-46.78940
-46.75831
-46.72721
-46.69611
-46.66500
-46.63389
-46.60278
-46.57166
-46.54053
-46.50940
-46.47827
-46.44713
-46.41599
-46.38484
-46.35369
-46.32254
-46.29138
-46.26021
-46.22904
-46.19787
-46.16669
-46.13551
-46.10432
-46.07313
-46.04193
-46.01073
-45.97952
-45.94831
-45.91710
-45.88588
-45.85466
-45.82343
-45.79219
-45.76096
-45.72971
-45.69847
-45.66722
-45.63596
-45.60470
-45.57344
-45.54217
-45.51089
-45.47961
-45.44833
-45.41704
-45.38575
-45.35445
-45.32315
-45.29185
-45.26053
-45.22922
-45.19790
-45.16658
-45.13525
-45.10391
-45.07257
-45.04123
-45.00988
-44.97853
-44.94718
-44.91582
-44.88445
-44.85308
-44.82171
-44.79033
-44.75894
-44.72755
-44.69616
-44.66476
-44.63336
-44.60195
-44.57054
-44.53913
-44.50770
-44.47628
-44.44485
-44.41341
-44.38198
-44.35053
-44.31908
-44.28763
-44.25617
-44.22471
-44.19324
-44.16177
-44.13030
-44.09881
-44.06733
-44.03584
-44.00435
-43.97285
-43.94134
-43.90983
-43.87832
-43.84680
-43.81528
-43.78375
-43.75222
-43.72069
-43.68914
-43.65760
-43.62605
-43.59449
-43.56294
-43.53137
-43.49980
-43.46823
-43.43665
-43.40507
-43.37348
-43.34189
-43.31029
-43.27869
-43.24709
-43.21548
-43.18386
-43.15224
-43.12062
-43.08899
-43.05735
-43.02571
-42.99407
-42.96242
-42.93077
-42.89911
-42.86745
-42.83579
-42.80411
-42.77244
-42.74076
-42.70907
-42.67738
-42.64569
-42.61399
-42.58229
-42.55058
-42.51886
-42.48715
-42.45542
-42.42370
-42.39196
-42.36023
-42.32849
-42.29674
-42.26499
-42.23324
-42.20148
-42.16971
-42.13794
-42.10617
-42.07439
-42.04260
-42.01082
-41.97902
-41.94723
-41.91542
-41.88362
-41.85180
-41.81999
-41.78817
-41.75634
-41.72451
-41.69268
-41.66084
-41.62899
-41.59714
-41.56529
-41.53343
-41.50157
-41.46970
-41.43782
-41.40595
-41.37406
-41.34218
-41.31028
-41.27839
-41.24649
-41.21458
-41.18267
-41.15075
-41.11883
-41.08691
-41.05498
-41.02304
-40.99111
-40.95916
-40.92721
-40.89526
-40.86330
-40.83134
-40.79937
-40.76740
-40.73542
-40.70344
-40.67145
-40.63946
-40.60747
-40.57546
-40.54346
-40.51145
-40.47943
-40.44741
-40.41539
-40.38336
-40.35132
-40.31929
-40.28724
-40.25519
-40.22314
-40.19108
-40.15902
-40.12695
-40.09488
-40.06280
-40.03072
-39.99863
-39.96654
-39.93445
-39.90234
-39.87024
-39.83813
-39.80601
-39.77389
-39.74177
-39.70964
-39.67750
-39.64536
-39.61322
-39.58107
-39.54892
-39.51676
-39.48459
-39.45243
-39.42025
-39.38808
-39.35589
-39.32371
-39.29151
-39.25932
-39.22712
-39.19491
-39.16270
-39.13048
-39.09826
-39.06603
-39.03380
-39.00157
-38.96933
-38.93708
-38.90483
-38.87258
-38.84032
-38.80805
-38.77579
-38.74351
-38.71123
-38.67895
-38.64666
-38.61437
-38.58207
-38.54977
-38.51746
-38.48515
-38.45283
-38.42051
-38.38818
-38.35585
-38.32351
-38.29117
-38.25882
-38.22647
-38.19411
-38.16175
-38.12939
-38.09702
-38.06464
-38.03226
-37.99987
-37.96748
-37.93509
-37.90269
-37.87028
-37.83787
-37.80546
-37.77304
-37.74062
-37.70819
-37.67575
-37.64331
-37.61087
-37.57842
-37.54597
-37.51351
-37.48105
-37.44858
-37.41610
-37.38363
-37.35114
-37.31866
-37.28616
-37.25367
-37.22116
-37.18866
-37.15614
-37.12363
-37.09111
-37.05858
-37.02605
-36.99351
-36.96097
-36.92842
-36.89587
-36.86332
-36.83075
-36.79819
-36.76562
-36.73304
-36.70046
-36.66787
-36.63528
-36.60269
-36.57009
-36.53748
-36.50487
-36.47226
-36.43964
-36.40701
-36.37438
-36.34175
-36.30911
-36.27646
-36.24381
-36.21116
-36.17850
-36.14584
-36.11317
-36.08049
-36.04781
-36.01513
-35.98244
-35.94975
-35.91705
-35.88434
-35.85163
-35.81892
-35.78620
-35.75348
-35.72075
-35.68802
-35.65528
-35.62253
-35.58979
-35.55703
-35.52427
-35.49151
-35.45874
-35.42597
-35.39319
-35.36041
-35.32762
-35.29483
-35.26203
-35.22923
-35.19642
-35.16361
-35.13079
-35.09796
-35.06514
-35.03230
-34.99947
-34.96662
-34.93378
-34.90092
-34.86807
-34.83520
-34.80233
-34.76946
-34.73658
-34.70370
-34.67081
-34.63792
-34.60502
-34.57212
-34.53921
-34.50630
-34.47338
-34.44046
-34.40753
-34.37460
-34.34166
-34.30872
-34.27577
-34.24282
-34.20986
-34.17690
-34.14393
-34.11096
-34.07798
-34.04500
-34.01201
-33.97902
-33.94602
-33.91302
-33.88001
-33.84700
-33.81398
-33.78096
-33.74793
-33.71490
-33.68186
-33.64881
-33.61577
-33.58271
-33.54966
-33.51659
-33.48352
-33.45045
-33.41737
-33.38429
-33.35120
-33.31811
-33.28501
-33.25191
-33.21880
-33.18568
-33.15256
-33.11944
-33.08631
-33.05318
-33.02004
-32.98690
-32.95375
-32.92059
-32.88743
-32.85427
-32.82110
-32.78792
-32.75475
-32.72156
-32.68837
-32.65518
-32.62198
-32.58877
-32.55556
-32.52235
-32.48913
-32.45590
-32.42267
-32.38944
-32.35620
-32.32295
-32.28970
-32.25644
-32.22318
-32.18992
-32.15665
-32.12337
-32.09009
-32.05680
-32.02351
-31.99022
-31.95691
-31.92361
-31.89030
-31.85698
-31.82366
-31.79033
-31.75700
-31.72366
-31.69032
-31.65697
-31.62362
-31.59026
-31.55690
-31.52353
-31.49016
-31.45678
-31.42339
-31.39001
-31.35661
-31.32321
-31.28981
-31.25640
-31.22299
-31.18957
-31.15614
-31.12271
-31.08928
-31.05584
-31.02239
-30.98894
-30.95549
-30.92203
-30.88856
-30.85509
-30.82162
-30.78814
-30.75465
-30.72116
-30.68766
-30.65416
-30.62065
-30.58714
-30.55362
-30.52010
-30.48657
-30.45304
-30.41950
-30.38596
-30.35241
-30.31886
-30.28530
-30.25174
-30.21817
-30.18459
-30.15101
-30.11743
-30.08384
-30.05025
-30.01665
-29.98304
-29.94943
-29.91582
-29.88219
-29.84857
-29.81494
-29.78130
-29.74766
-29.71401
-29.68036
-29.64670
-29.61304
-29.57938
-29.54570
-29.51202
-29.47834
-29.44465
-29.41096
-29.37726
-29.34356
-29.30985
-29.27613
-29.24241
-29.20869
-29.17496
-29.14122
-29.10748
-29.07374
-29.03999
-29.00623
-28.97247
-28.93870
-28.90493
-28.87115
-28.83737
-28.80358
-28.76979
-28.73599
-28.70219
-28.66838
-28.63457
-28.60075
-28.56693
-28.53310
-28.49926
-28.46542
-28.43158
-28.39773
-28.36387
-28.33001
-28.29614
-28.26227
-28.22840
-28.19451
-28.16063
-28.12673
-28.09284
-28.05893
-28.02502
-27.99111
-27.95719
-27.92327
-27.88934
-27.85540
-27.82146
-27.78752
-27.75357
-27.71961
-27.68565
-27.65168
-27.61771
-27.58374
-27.54975
-27.51577
-27.48177
-27.44777
-27.41377
-27.37976
-27.34575
-27.31173
-27.27771
-27.24368
-27.20964
-27.17560
-27.14155
-27.10750
-27.07345
-27.03938
-27.00532
-26.97124
-26.93717
-26.90308
-26.86900
-26.83490
-26.80080
-26.76670
-26.73259
-26.69847
-26.66435
-26.63023
-26.59610
-26.56196
-26.52782
-26.49367
-26.45952
-26.42536
-26.39120
-26.35703
-26.32286
-26.28868
-26.25449
-26.22030
-26.18611
-26.15191
-26.11770
-26.08349
-26.04928
-26.01505
-25.98083
-25.94659
-25.91236
-25.87811
-25.84386
-25.80961
-25.77535
-25.74109
-25.70682
-25.67254
-25.63826
-25.60397
-25.56968
-25.53539
-25.50108
-25.46678
-25.43246
-25.39814
-25.36382
-25.32949
-25.29516
-25.26082
-25.22647
-25.19212
-25.15776
-25.12340
-25.08903
-25.05466
-25.02028
-24.98590
-24.95151
-24.91712
-24.88272
-24.84831
-24.81390
-24.77949
-24.74507
-24.71064
-24.67621
-24.64177
-24.60733
-24.57288
-24.53843
-24.50397
-24.46950
-24.43503
-24.40056
-24.36608
-24.33159
-24.29710
-24.26260
-24.22810
-24.19359
-24.15908
-24.12456
-24.09004
-24.05551
-24.02097
-23.98643
-23.95189
-23.91734
-23.88278
-23.84822
-23.81365
-23.77908
-23.74450
-23.70991
-23.67532
-23.64073
-23.60613
-23.57152
-23.53691
-23.50229
-23.46767
-23.43304
-23.39841
-23.36377
-23.32913
-23.29448
-23.25982
-23.22516
-23.19050
-23.15582
-23.12115
-23.08646
-23.05178
-23.01708
-22.98238
-22.94768
-22.91297
-22.87825
-22.84353
-22.80881
-22.77407
-22.73934
-22.70459
-22.66984
-22.63509
-22.60033
-22.56557
-22.53080
-22.49602
-22.46124
-22.42645
-22.39166
-22.35686
-22.32206
-22.28725
-22.25243
-22.21761
-22.18279
-22.14796
-22.11312
-22.07828
-22.04343
-22.00858
-21.97372
-21.93885
-21.90398
-21.86911
-21.83423
-21.79934
-21.76445
-21.72955
-21.69465
-21.65974
-21.62482
-21.58990
-21.55498
-21.52005
-21.48511
-21.45017
-21.41522
-21.38027
-21.34531
-21.31034
-21.27537
-21.24040
-21.20542
-21.17043
-21.13544
-21.10044
-21.06544
-21.03043
-20.99541
-20.96039
-20.92537
-20.89034
-20.85530
-20.82026
-20.78521
-20.75016
-20.71510
-20.68003
-20.64496
-20.60989
-20.57480
-20.53972
-20.50462
-20.46953
-20.43442
-20.39931
-20.36420
-20.32908
-20.29395
-20.25882
-20.22368
-20.18854
-20.15339
-20.11823
-20.08307
-20.04791
-20.01274
-19.97756
-19.94238
-19.90719
-19.87199
-19.83679
-19.80159
-19.76638
-19.73116
-19.69594
-19.66071
-19.62548
-19.59024
-19.55500
-19.51975
-19.48449
-19.44923
-19.41396
-19.37869
-19.34341
-19.30813
-19.27284
-19.23754
-19.20224
-19.16693
-19.13162
-19.09630
-19.06098
-19.02565
-18.99031
-18.95497
-18.91963
-18.88427
-18.84892
-18.81355
-18.77818
-18.74281
-18.70743
-18.67204
-18.63665
-18.60125
-18.56585
-18.53044
-18.49503
-18.45961
-18.42418
-18.38875
-18.35331
-18.31787
-18.28242
-18.24696
-18.21150
-18.17604
-18.14057
-18.10509
-18.06961
-18.03412
-17.99862
-17.96312
-17.92762
-17.89210
-17.85659
-17.82106
-17.78554
-17.75000
-17.71446
-17.67891
-17.64336
-17.60781
-17.57224
-17.53667
-17.50110
-17.46552
-17.42993
-17.39434
-17.35874
-17.32314
-17.28753
-17.25191
-17.21629
-17.18067
-17.14504
-17.10940
-17.07375
-17.03810
-17.00245
-16.96679
-16.93112
-16.89545
-16.85977
-16.82409
-16.78840
-16.75270
-16.71700
-16.68129
-16.64558
-16.60986
-16.57414
-16.53841
-16.50267
-16.46693
-16.43118
-16.39543
-16.35967
-16.32390
-16.28813
-16.25236
-16.21657
-16.18079
-16.14499
-16.10919
-16.07339
-16.03758
-16.00176
-15.96594
-15.93011
-15.89427
-15.85843
-15.82259
-15.78673
-15.75088
-15.71501
-15.67914
-15.64327
-15.60739
-15.57150
-15.53561
-15.49971
-15.46380
-15.42789
-15.39198
-15.35605
-15.32013
-15.28419
-15.24825
-15.21231
-15.17636
-15.14040
-15.10444
-15.06847
-15.03249
-14.99651
-14.96053
-14.92453
-14.88854
-14.85253
-14.81652
-14.78051
-14.74449
-14.70846
-14.67243
-14.63639
-14.60034
-14.56429
-14.52823
-14.49217
-14.45610
-14.42003
-14.38395
-14.34786
-14.31177
-14.27567
-14.23957
-14.20346
-14.16734
-14.13122
-14.09509
-14.05896
-14.02282
-13.98668
-13.95053
-13.91437
-13.87821
-13.84204
-13.80586
-13.76968
-13.73350
-13.69730
-13.66110
-13.62490
-13.58869
-13.55247
-13.51625
-13.48002
-13.44379
-13.40755
-13.37131
-13.33505
-13.29880
-13.26253
-13.22626
-13.18999
-13.15371
-13.11742
-13.08113
-13.04483
-13.00852
-12.97221
-12.93589
-12.89957
-12.86324
-12.82691
-12.79057
-12.75422
-12.71787
-12.68151
-12.64514
-12.60877
-12.57240
-12.53601
-12.49963
-12.46323
-12.42683
-12.39042
-12.35401
-12.31759
-12.28117
-12.24474
-12.20830
-12.17186
-12.13541
-12.09896
-12.06250
-12.02603
-11.98956
-11.95308
-11.91660
-11.88010
-11.84361
-11.80711
-11.77060
-11.73408
-11.69756
-11.66104
-11.62450
-11.58797
-11.55142
-11.51487
-11.47831
-11.44175
-11.40518
-11.36861
-11.33203
-11.29544
-11.25885
-11.22225
-11.18565
-11.14903
-11.11242
-11.07579
-11.03917
-11.00253
-10.96589
-10.92924
-10.89259
-10.85593
-10.81927
-10.78259
-10.74592
-10.70923
-10.67254
-10.63585
-10.59915
-10.56244
-10.52573
-10.48901
-10.45228
-10.41555
-10.37881
-10.34207
-10.30532
-10.26856
-10.23180
-10.19503
-10.15825
-10.12147
-10.08469
-10.04789
-10.01110
-9.97429
-9.93748
-9.90066
-9.86384
-9.82701
-9.79018
-9.75333
-9.71649
-9.67963
-9.64277
-9.60591
-9.56903
-9.53216
-9.49527
-9.45838
-9.42148
-9.38458
-9.34767
-9.31076
-9.27384
-9.23691
-9.19998
-9.16304
-9.12609
-9.08914
-9.05218
-9.01522
-8.97825
-8.94127
-8.90429
-8.86730
-8.83031
-8.79331
-8.75630
-8.71928
-8.68227
-8.64524
-8.60821
-8.57117
-8.53413
-8.49708
-8.46002
-8.42296
-8.38589
-8.34881
-8.31173
-8.27465
-8.23755
-8.20045
-8.16335
-8.12623
-8.08912
-8.05199
-8.01486
-7.97772
-7.94058
-7.90343
-7.86628
-7.82912
-7.79195
-7.75477
-7.71759
-7.68041
-7.64322
-7.60602
-7.56881
-7.53160
-7.49438
-7.45716
-7.41993
-7.38269
-7.34545
-7.30820
-7.27095
-7.23369
-7.19642
-7.15915
-7.12187
-7.08458
-7.04729
-7.00999
-6.97269
-6.93538
-6.89806
-6.86073
-6.82341
-6.78607
-6.74873
-6.71138
-6.67402
-6.63666
-6.59930
-6.56192
-6.52454
-6.48716
-6.44976
-6.41237
-6.37496
-6.33755
-6.30013
-6.26271
-6.22528
-6.18784
-6.15040
-6.11295
-6.07550
-6.03804
-6.00057
-5.96309
-5.92561
-5.88813
-5.85064
-5.81314
-5.77563
-5.73812
-5.70060
-5.66308
-5.62555
-5.58801
-5.55047
-5.51292
-5.47536
-5.43780
-5.40023
-5.36266
-5.32507
-5.28749
-5.24989
-5.21229
-5.17469
-5.13707
-5.09946
-5.06183
-5.02420
-4.98656
-4.94891
-4.91126
-4.87361
-4.83594
-4.79827
-4.76060
-4.72291
-4.68523
-4.64753
-4.60983
-4.57212
-4.53441
-4.49669
-4.45896
-4.42123
-4.38349
-4.34574
-4.30799
-4.27023
-4.23246
-4.19469
-4.15691
-4.11913
-4.08134
-4.04354
-4.00574
-3.96793
-3.93011
-3.89229
-3.85446
-3.81662
-3.77878
-3.74093
-3.70308
-3.66521
-3.62735
-3.58947
-3.55159
-3.51371
-3.47581
-3.43791
-3.40001
-3.36209
-3.32417
-3.28625
-3.24832
-3.21038
-3.17243
-3.13448
-3.09652
-3.05856
-3.02059
-2.98261
-2.94463
-2.90664
-2.86864
-2.83064
-2.79263
-2.75462
-2.71659
-2.67856
-2.64053
-2.60249
-2.56444
-2.52639
-2.48832
-2.45026
-2.41218
-2.37410
-2.33602
-2.29792
-2.25982
-2.22172
-2.18360
-2.14548
-2.10736
-2.06923
-2.03109
-1.99294
-1.95479
-1.91663
-1.87847
-1.84030
-1.80212
-1.76393
-1.72574
-1.68755
-1.64934
-1.61113
-1.57292
-1.53469
-1.49646
-1.45823
-1.41998
-1.38173
-1.34348
-1.30522
-1.26695
-1.22867
-1.19039
-1.15210
-1.11381
-1.07550
-1.03720
-0.99888
-0.96056
-0.92223
-0.88390
-0.84556
-0.80721
-0.76886
-0.73049
-0.69213
-0.65375
-0.61537
-0.57699
-0.53859
-0.50019
-0.46179
-0.42337
-0.38495
-0.34653
-0.30809
-0.26965
-0.23121
-0.19276
-0.15430
-0.11583
-0.07736
-0.03888
-0.00039
0.03810
0.07660
0.11510
0.15362
0.19213
0.23066
0.26919
0.30773
0.34627
0.38483
0.42338
0.46195
0.50052
0.53910
0.57768
0.61628
0.65487
0.69348
0.73209
0.77071
0.80933
0.84796
0.88660
0.92525
0.96390
1.00256
1.04122
1.07989
1.11857
1.15725
1.19595
1.23464
1.27335
1.31206
1.35078
1.38950
1.42823
1.46697
1.50571
1.54447
1.58322
1.62199
1.66076
1.69954
1.73832
1.77711
1.81591
1.85472
1.89353
1.93235
1.97117
2.01000
2.04884
2.08769
2.12654
2.16540
2.20426
2.24313
2.28201
2.32090
2.35979
2.39869
2.43759
2.47650
2.51542
2.55435
2.59328
2.63222
2.67117
2.71012
2.74908
2.78804
2.82702
2.86600
2.90498
2.94397
2.98297
3.02198
3.06099
3.10001
3.13904
3.17807
3.21712
3.25616
3.29522
3.33428
3.37334
3.41242
3.45150
3.49059
3.52968
3.56878
3.60789
3.64701
3.68613
3.72526
3.76439
3.80353
3.84268
3.88184
3.92100
3.96017
3.99935
4.03853
4.07772
4.11692
4.15612
4.19533
4.23455
4.27377
4.31300
4.35224
4.39148
4.43073
4.46999
4.50926
4.54853
4.58781
4.62709
4.66638
4.70568
4.74499
4.78430
4.82362
4.86295
4.90228
4.94162
4.98097
5.02032
5.05968
5.09905
5.13843
5.17781
5.21719
5.25659
5.29599
5.33540
5.37482
5.41424
5.45367
5.49311
5.53255
5.57200
5.61146
5.65092
5.69039
5.72987
5.76935
5.80885
5.84834
5.88785
5.92736
5.96688
6.00641
6.04594
6.08548
6.12503
6.16458
6.20414
6.24371
6.28328
6.32287
6.36245
6.40205
6.44165
6.48126
6.52088
6.56050
6.60013
6.63977
6.67941
6.71906
6.75872
6.79839
6.83806
6.87774
6.91742
6.95712
6.99682
7.03652
7.07624
7.11596
7.15569
7.19542
7.23516
7.27491
7.31467
7.35443
7.39420
7.43398
7.47376
7.51355
7.55335
7.59315
7.63296
7.67278
7.71261
7.75244
7.79228
7.83213
7.87198
7.91184
7.95171
7.99158
8.03147
8.07136
8.11125
8.15115
8.19106
8.23098
8.27091
8.31084
8.35078
8.39072
8.43067
8.47063
8.51060
8.55057
8.59055
8.63054
8.67053
8.71054
8.75055
8.79056
8.83058
8.87061
8.91065
8.95070
8.99075
9.03080
9.07087
9.11094
9.15102
9.19111
9.23120
9.27130
9.31141
9.35153
9.39165
9.43178
9.47191
9.51206
9.55221
9.59237
9.63253
9.67270
9.71288
9.75307
9.79326
9.83346
9.87367
9.91388
9.95411
9.99433
10.03457
10.07481
10.11506
10.15532
10.19559
10.23586
10.27614
10.31642
10.35672
10.39702
10.43733
10.47764
10.51796
10.55829
10.59863
10.63897
10.67932
10.71968
10.76004
10.80042
10.84080
10.88118
10.92158
10.96198
11.00239
11.04280
11.08322
11.12365
11.16409
11.20453
11.24499
11.28544
11.32591
11.36638
11.40686
11.44735
11.48785
11.52835
11.56886
11.60937
11.64990
11.69043
11.73097
11.77151
11.81206
11.85262
11.89319
11.93376
11.97435
12.01493
12.05553
12.09613
12.13674
12.17736
12.21799
12.25862
12.29926
12.33991
12.38056
12.42122
12.46189
12.50257
12.54325
12.58394
12.62464
12.66534
12.70606
12.74677
12.78750
12.82824
12.86898
12.90973
12.95048
12.99125
13.03202
13.07280
13.11358
13.15437
13.19517
13.23598
13.27680
13.31762
13.35845
13.39928
13.44013
13.48098
13.52184
13.56270
13.60358
13.64446
13.68535
13.72624
13.76714
13.80805
13.84897
13.88990
13.93083
13.97177
14.01271
14.05367
14.09463
14.13560
14.17658
14.21756
14.25855
14.29955
14.34056
14.38157
14.42259
14.46362
14.50465
14.54570
14.58675
14.62780
14.66887
14.70994
14.75102
14.79211
14.83320
14.87431
14.91541
14.95653
14.99766
15.03879
15.07993
15.12107
15.16223
15.20339
15.24456
15.28573
15.32692
15.36811
15.40931
15.45051
15.49173
15.53295
15.57418
15.61541
15.65666
15.69791
15.73917
15.78043
15.82171
15.86299
15.90427
15.94557
15.98687
16.02818
16.06950
16.11083
16.15216
16.19350
16.23485
16.27621
16.31757
16.35894
16.40032
16.44170
16.48310
16.52450
16.56591
16.60732
16.64874
16.69018
16.73161
16.77306
16.81451
16.85597
16.89744
16.93892
16.98040
17.02189
17.06339
17.10490
17.14641
17.18793
17.22946
17.27100
17.31254
17.35409
17.39565
17.43722
17.47879
17.52037
17.56196
17.60356
17.64516
17.68678
17.72839
17.77002
17.81166
17.85330
17.89495
17.93661
17.97827
18.01994
18.06162
18.10331
18.14501
18.18671
18.22842
18.27014
18.31187
18.35360
18.39534
18.43709
18.47885
18.52061
18.56238
18.60416
18.64595
18.68774
18.72954
18.77135
18.81317
18.85500
18.89683
18.93867
18.98052
19.02237
19.06424
19.10611
19.14799
19.18987
19.23177
19.27367
19.31558
19.35750
19.39942
19.44135
19.48329
19.52524
19.56720
19.60916
19.65113
19.69311
19.73510
19.77709
19.81909
19.86110
19.90312
19.94514
19.98718
20.02922
20.07127
20.11332
20.15538
20.19746
20.23953
20.28162
20.32372
20.36582
20.40793
20.45005
20.49217
20.53430
20.57644
20.61859
20.66075
20.70291
20.74509
20.78727
20.82945
20.87165
20.91385
20.95606
20.99828
21.04051
21.08274
21.12498
21.16723
21.20949
21.25176
21.29403
21.33631
21.37860
21.42089
21.46320
21.50551
21.54783
21.59016
21.63249
21.67484
21.71719
21.75955
21.80191
21.84429
21.88667
21.92906
21.97146
22.01387
22.05628
22.09870
22.14113
22.18357
22.22601
22.26847
22.31093
22.35340
22.39587
22.43836
22.48085
22.52335
22.56586
22.60837
22.65090
22.69343
22.73597
22.77852
22.82107
22.86363
22.90620
22.94878
22.99137
23.03397
23.07657
23.11918
23.16180
23.20442
23.24706
23.28970
23.33235
23.37501
23.41767
23.46035
23.50303
23.54572
23.58842
23.63112
23.67384
23.71656
23.75929
23.80203
23.84477
23.88752
23.93029
23.97305
24.01583
24.05862
24.10141
24.14421
24.18702
24.22984
24.27266
24.31550
24.35834
24.40119
24.44404
24.48691
24.52978
24.57266
24.61555
24.65845
24.70135
24.74427
24.78719
24.83012
24.87305
24.91600
24.95895
25.00191
25.04488
25.08786
25.13084
25.17384
25.21684
25.25985
25.30286
25.34589
25.38892
25.43196
25.47501
25.51807
25.56114
25.60421
25.64729
25.69038
25.73348
25.77658
25.81970
25.86282
25.90595
25.94909
25.99223
26.03539
26.07855
26.12172
26.16490
26.20809
26.25128
26.29448
26.33770
26.38091
26.42414
26.46738
26.51062
26.55387
26.59713
26.64040
26.68368
26.72696
26.77025
26.81355
26.85686
26.90018
26.94350
26.98683
27.03018
27.07352
27.11688
27.16025
27.20362
27.24700
27.29039
27.33379
27.37720
27.42061
27.46403
27.50747
27.55090
27.59435
27.63781
27.68127
27.72474
27.76822
27.81171
27.85521
27.89871
27.94222
27.98574
28.02927
28.07281
28.11636
28.15991
28.20347
28.24704
28.29062
28.33421
28.37780
28.42141
28.46502
28.50864
28.55227
28.59590
28.63955
28.68320
28.72686
28.77053
28.81421
28.85789
28.90159
28.94529
28.98900
29.03272
29.07644
29.12018
29.16392
29.20767
29.25143
29.29520
29.33898
29.38276
29.42656
29.47036
29.51417
29.55799
29.60181
29.64565
29.68949
29.73334
29.77720
29.82107
29.86495
29.90883
29.95273
29.99663
30.04054
30.08446
30.12838
30.17232
30.21626
30.26021
30.30417
30.34814
30.39212
30.43610
30.48009
30.52410
30.56811
30.61212
30.65615
30.70019
30.74423
30.78828
30.83234
30.87641
30.92049
30.96457
31.00867
31.05277
31.09688
31.14100
31.18513
31.22926
31.27341
31.31756
31.36172
31.40589
31.45007
31.49426
31.53845
31.58266
31.62687
31.67109
31.71532
31.75955
31.80380
31.84805
31.89232
31.93659
31.98087
32.02515
32.06945
32.11376
32.15807
32.20239
32.24672
32.29106
32.33541
32.37976
32.42413
32.46850
32.51288
32.55727
32.60167
32.64608
32.69049
32.73491
32.77935
32.82379
32.86824
32.91269
32.95716
33.00164
33.04612
33.09061
33.13511
33.17962
33.22414
33.26866
33.31320
33.35774
33.40229
33.44685
33.49142
33.53600
33.58059
33.62518
33.66979
33.71440
33.75902
33.80365
33.84828
33.89293
33.93758
33.98225
34.02692
34.07160
34.11629
34.16099
34.20569
34.25041
34.29513
34.33986
34.38460
34.42935
34.47411
34.51888
34.56365
34.60844
34.65323
34.69803
34.74284
34.78766
34.83249
34.87732
34.92217
34.96702
35.01188
35.05675
35.10163
35.14652
35.19142
35.23632
35.28123
35.32616
35.37109
35.41603
35.46098
35.50593
35.55090
35.59587
35.64086
35.68585
35.73085
35.77586
35.82088
35.86590
35.91094
35.95598
36.00104
36.04610
36.09117
36.13625
36.18134
36.22643
36.27154
36.31665
36.36178
36.40691
36.45205
36.49720
36.54236
36.58752
36.63270
36.67788
36.72308
36.76828
36.81349
36.85871
36.90394
36.94917
36.99442
37.03967
37.08494
37.13021
37.17549
37.22078
37.26608
37.31139
37.35670
37.40203
37.44736
37.49270
37.53806
37.58342
37.62879
37.67416
37.71955
37.76495
37.81035
37.85576
37.90119
37.94662
37.99206
38.03751
38.08296
38.12843
38.17391
38.21939
38.26488
38.31039
38.35590
38.40142
38.44695
38.49248
38.53803
38.58359
38.62915
38.67472
38.72031
38.76590
38.81150
38.85711
38.90272
38.94835
38.99399
39.03963
39.08528
39.13095
39.17662
39.22230
39.26799
39.31369
39.35939
39.40511
39.45084
39.49657
39.54231
39.58807
39.63383
39.67960
39.72538
39.77116
39.81696
39.86277
39.90858
39.95441
40.00024
40.04608
40.09193
40.13779
40.18366
40.22954
40.27543
40.32132
40.36723
40.41314
40.45906
40.50500
40.55094
40.59689
40.64285
40.68881
40.73479
40.78078
40.82677
40.87278
40.91879
40.96481
41.01085
41.05689
41.10294
41.14900
41.19506
41.24114
41.28723
41.33332
41.37943
41.42554
41.47166
41.51779
41.56393
41.61008
41.65624
41.70241
41.74859
41.79477
41.84097
41.88718
41.93339
41.97961
42.02584
42.07208
42.11833
42.16459
42.21086
42.25714
42.30343
42.34972
42.39603
42.44234
42.48867
42.53500
42.58134
42.62769
42.67405
42.72042
42.76680
42.81319
42.85958
42.90599
42.95241
42.99883
43.04526
43.09171
43.13816
43.18462
43.23109
43.27757
43.32406
43.37056
43.41707
43.46358
43.51011
43.55665
43.60319
43.64974
43.69631
43.74288
43.78946
43.83605
43.88265
43.92926
43.97588
44.02251
44.06914
44.11579
44.16245
44.20911
44.25579
44.30247
44.34916
44.39586
44.44258
44.48930
44.53603
44.58277
44.62952
44.67627
44.72304
44.76982
44.81660
44.86340
44.91020
44.95702
45.00384
45.05067
45.09752
45.14437
45.19123
45.23810
45.28498
45.33187
45.37877
45.42567
45.47259
45.51952
45.56645
45.61340
45.66035
45.70732
45.75429
45.80127
45.84827
45.89527
45.94228
45.98930
46.03633
46.08337
46.13042
46.17747
46.22454
46.27162
46.31871
46.36580
46.41291
46.46002
46.50715
46.55428
46.60142
46.64858
46.69574
46.74291
46.79009
46.83728
46.88448
46.93169
46.97891
47.02614
47.07338
47.12062
47.16788
47.21515
47.26242
47.30971
47.35700
47.40431
47.45162
47.49894
47.54628
47.59362
47.64097
47.68833
47.73571
47.78309
47.83048
47.87788
47.92529
47.97270
48.02013
48.06757
48.11502
48.16248
48.20994
48.25742
48.30490
48.35240
48.39991
48.44742
48.49494
48.54248
48.59002
48.63757
48.68514
48.73271
48.78029
48.82788
48.87548
48.92310
48.97072
49.01835
49.06599
49.11363
49.16129
49.20896
49.25664
49.30433
49.35203
49.39973
49.44745
49.49518
49.54291
49.59066
49.63842
49.68618
49.73396
49.78174
49.82953
49.87734
49.92515
49.97298
50.02081
50.06865
50.11650
50.16437
50.21224
50.26012
50.30801
50.35591
50.40382
50.45174
50.49968
50.54762
50.59557
50.64352
50.69149
50.73947
50.78746
50.83546
50.88347
50.93149
50.97952
51.02755
51.07560
51.12366
51.17173
51.21980
51.26789
51.31599
51.36409
51.41221
51.46033
51.50847
51.55662
51.60477
51.65294
51.70111
51.74930
51.79749
51.84570
51.89391
51.94213
51.99037
52.03861
52.08687
52.13513
52.18340
52.23169
52.27998
52.32828
52.37660
52.42492
52.47325
52.52160
52.56995
52.61831
52.66668
52.71507
52.76346
52.81186
52.86027
52.90869
52.95713
53.00557
53.05402
53.10248
53.15095
53.19943
53.24793
53.29643
53.34494
53.39346
53.44199
53.49053
53.53908
53.58765
53.63622
53.68480
53.73339
53.78199
53.83060
53.87922
53.92785
53.97649
54.02515
54.07381
54.12248
54.17116
54.21985
54.26855
54.31726
54.36598
54.41471
54.46346
54.51221
54.56097
54.60974
54.65852
54.70731
54.75612
54.80493
54.85375
54.90258
54.95142
55.00027
55.04914
55.09801
55.14689
55.19578
55.24469
55.29360
55.34252
55.39145
55.44040
55.48935
55.53831
55.58728
55.63627
55.68526
55.73426
55.78328
55.83230
55.88134
55.93038
55.97943
56.02850
56.07757
56.12666
56.17575
56.22486
56.27397
56.32310
56.37223
56.42138
56.47054
56.51970
56.56888
56.61807
56.66726
56.71647
56.76569
56.81491
56.86415
56.91340
56.96266
57.01192
57.06120
57.11049
57.15979
57.20910
57.25842
57.30775
57.35709
57.40644
57.45580
57.50517
57.55455
57.60394
57.65335
57.70276
57.75218
57.80161
57.85105
57.90051
57.94997
57.99944
58.04893
58.09842
58.14793
58.19744
58.24697
58.29650
58.34605
58.39560
58.44517
58.49475
58.54434
58.59393
58.64354
58.69316
58.74279
58.79243
58.84208
58.89174
58.94141
58.99109
59.04078
59.09048
59.14019
59.18991
59.23965
59.28939
59.33914
59.38891
59.43868
59.48846
59.53826
59.58806
59.63788
59.68771
59.73754
59.78739
59.83725
59.88712
59.93699
59.98688
60.03678
60.08669
60.13661
60.18654
60.23649
60.28644
60.33640
60.38637
60.43636
60.48635
60.53635
60.58637
60.63639
60.68643
60.73648
60.78653
60.83660
60.88668
60.93677
60.98687
61.03697
61.08709
61.13723
61.18737
61.23752
61.28768
61.33785
61.38804
61.43823
61.48844
61.53865
61.58888
61.63911
61.68936
61.73962
61.78988
61.84016
61.89045
61.94075
61.99106
62.04138
62.09172
62.14206
62.19241
62.24278
62.29315
62.34353
62.39393
62.44434
62.49475
62.54518
62.59562
62.64607
62.69653
62.74700
62.79748
62.84797
62.89847
62.94899
62.99951
63.05004
63.10059
63.15114
63.20171
63.25229
63.30288
63.35348
63.40408
63.45470
63.50534
63.55598
63.60663
63.65729
63.70797
63.75865
63.80935
63.86005
63.91077
63.96150
64.01224
64.06299
64.11375
64.16452
64.21530
64.26609
64.31689
64.36771
64.41853
64.46937
64.52021
64.57107
64.62194
64.67282
64.72371
64.77461
64.82552
64.87644
64.92738
64.97832
65.02927
65.08024
65.13122
65.18220
65.23320
65.28421
65.33523
65.38626
65.43731
65.48836
65.53942
65.59050
65.64158
65.69268
65.74379
65.79490
65.84603
65.89717
65.94832
65.99949
66.05066
66.10184
66.15304
66.20424
66.25546
66.30669
66.35793
66.40918
66.46044
66.51171
66.56299
66.61428
66.66559
66.71690
66.76823
66.81957
66.87092
66.92228
66.97365
67.02503
67.07642
67.12783
67.17924
67.23067
67.28210
67.33355
67.38501
67.43648
67.48796
67.53945
67.59095
67.64247
67.69399
67.74553
67.79708
67.84864
67.90021
67.95179
68.00338
68.05498
68.10660
68.15822
68.20986
68.26150
68.31316
68.36483
68.41651
68.46820
68.51991
68.57162
68.62335
68.67508
68.72683
68.77859
68.83036
68.88214
68.93393
68.98574
69.03755
69.08938
69.14121
69.19306
69.24492
69.29679
69.34868
69.40057
69.45247
69.50439
69.55632
69.60825
69.66020
69.71216
69.76413
69.81612
69.86811
69.92012
69.97213
70.02416
70.07620
70.12825
70.18031
70.23239
70.28447
70.33657
70.38867
70.44079
70.49292
70.54506
70.59722
70.64938
70.70155
70.75374
70.80594
70.85815
70.91037
70.96260
71.01484
71.06710
71.11936
71.17164
71.22393
71.27623
71.32854
71.38086
71.43320
71.48554
71.53790
71.59027
71.64264
71.69504
71.74744
71.79985
71.85228
71.90471
71.95716
72.00962
72.06209
72.11457
72.16707
72.21957
72.27209
72.32462
72.37716
72.42971
72.48227
72.53485
72.58743
72.64003
72.69264
72.74526
72.79789
72.85053
72.90319
72.95585
73.00853
73.06122
73.11392
73.16663
73.21936
73.27209
73.32484
73.37760
73.43037
73.48315
73.53594
73.58874
73.64156
73.69439
73.74723
73.80008
73.85294
73.90582
73.95870
74.01160
74.06451
74.11743
74.17036
74.22330
74.27626
74.32923
74.38220
74.43520
74.48820
74.54121
74.59424
74.64727
74.70032
74.75338
74.80645
74.85954
74.91263
74.96574
75.01886
75.07199
75.12513
75.17828
75.23145
75.28463
75.33782
75.39102
75.44423
75.49745
75.55069
75.60394
75.65720
75.71047
75.76375
75.81704
75.87035
75.92367
75.97700
76.03034
76.08369
76.13706
76.19044
76.24382
76.29722
76.35064
76.40406
76.45750
76.51095
76.56440
76.61788
76.67136
76.72485
76.77836
76.83188
76.88541
76.93895
76.99251
77.04607
77.09965
77.15324
77.20685
77.26046
77.31408
77.36772
77.42137
77.47503
77.52871
77.58239
77.63609
77.68980
77.74352
77.79725
77.85100
77.90475
77.95852
78.01230
78.06610
78.11990
78.17372
78.22755
78.28139
78.33524
78.38910
78.44298
78.49687
78.55077
78.60468
78.65861
78.71254
78.76649
78.82045
78.87442
78.92841
78.98240
79.03641
79.09043
79.14447
79.19851
79.25257
79.30664
79.36072
79.41481
79.46892
79.52303
79.57716
79.63130
79.68546
79.73962
79.79380
79.84799
79.90219
79.95641
80.01063
80.06487
80.11912
80.17339
80.22766
80.28195
80.33625
80.39056
80.44488
80.49922
80.55356
80.60792
80.66230
80.71668
80.77108
80.82549
80.87991
80.93434
80.98879
81.04324
81.09771
81.15219
81.20669
81.26120
81.31571
81.37024
81.42479
81.47934
81.53391
81.58849
81.64308
81.69769
81.75231
81.80693
81.86158
81.91623
81.97090
82.02557
82.08026
82.13497
82.18968
82.24441
82.29915
82.35390
82.40867
82.46344
82.51823
82.57304
82.62785
82.68268
82.73751
82.79237
82.84723
82.90210
82.95699
83.01189
83.06681
83.12173
83.17667
83.23162
83.28658
83.34156
83.39655
83.45155
83.50656
83.56158
83.61662
83.67167
83.72673
83.78181
83.83690
83.89200
83.94711
84.00223
84.05737
84.11252
84.16768
84.22286
84.27804
84.33324
84.38846
84.44368
84.49892
84.55417
84.60943
84.66470
84.71999
84.77529
84.83060
84.88593
84.94127
84.99662
85.05198
85.10736
85.16274
85.21814
85.27356
85.32898
85.38442
85.43987
85.49534
85.55081
85.60630
85.66180
85.71732
85.77285
85.82839
85.88394
85.93950
85.99508
86.05067
86.10627
86.16189
86.21752
86.27316
86.32881
86.38448
86.44016
86.49585
86.55155
86.60727
86.66300
86.71874
86.77450
86.83027
86.88605
86.94184
86.99765
87.05347
87.10930
87.16514
87.22100
87.27687
87.33276
87.38865
87.44456
87.50048
87.55642
87.61236
87.66832
87.72430
87.78028
87.83628
87.89229
87.94832
88.00435
88.06040
88.11647
88.17254
88.22863
88.28473
88.34085
88.39697
88.45311
88.50927
88.56543
88.62161
88.67780
88.73401
88.79022
88.84646
88.90270
88.95896
89.01522
89.07151
89.12780
89.18411
89.24043
89.29677
89.35311
89.40947
89.46585
89.52223
89.57863
89.63504
89.69147
89.74791
89.80436
89.86082
89.91730
89.97379
90.03029
90.08681
90.14334
90.19988
90.25644
90.31301
90.36959
90.42618
90.48279
90.53941
90.59605
90.65269
90.70935
90.76603
90.82271
90.87941
90.93613
90.99285
91.04959
91.10634
91.16311
91.21989
91.27668
91.33349
91.39030
91.44713
91.50398
91.56084
91.61771
91.67459
91.73149
91.78840
91.84532
91.90226
91.95921
92.01617
92.07315
92.13014
92.18714
92.24416
92.30119
92.35823
92.41529
92.47236
92.52944
92.58654
92.64365
92.70077
92.75790
92.81505
92.87222
92.92939
92.98658
93.04378
93.10100
93.15823
93.21547
93.27273
93.33000
93.38728
93.44458
93.50189
93.55921
93.61654
93.67389
93.73126
93.78863
93.84602
93.90343
93.96084
94.01827
94.07572
94.13317
94.19064
94.24813
94.30563
94.36314
94.42066
94.47820
94.53575
94.59331
94.65089
94.70848
94.76609
94.82371
94.88134
94.93899
94.99664
95.05432
95.11200
95.16970
95.22742
95.28514
95.34288
95.40064
95.45841
95.51619
95.57398
95.63179
95.68961
95.74745
95.80530
95.86316
95.92104
95.97893
96.03683
96.09475
96.15268
96.21062
96.26858
96.32655
96.38454
96.44254
96.50055
96.55858
96.61662
96.67467
96.73274
96.79082
96.84891
96.90702
96.96515
97.02328
97.08143
97.13959
97.19777
97.25596
97.31417
97.37239
97.43062
97.48887
97.54712
97.60540
97.66369
97.72199
97.78030
97.83863
97.89697
97.95533
98.01370
98.07208
98.13048
98.18889
98.24732
98.30576
98.36421
98.42268
98.48116
98.53966
98.59816
98.65669
98.71522
98.77377
98.83234
98.89092
98.94951
99.00812
99.06674
99.12537
99.18402
99.24268
99.30136
99.36005
99.41875
99.47747
99.53620
99.59494
99.65370
99.71248
99.77126
99.83007
99.88888
99.94771
100.00656
100.06541
100.12428
100.18317
100.24207
100.30098
100.35991
100.41885
100.47781
100.53678
100.59576
100.65476
100.71378
100.77280
100.83184
100.89090
100.94997
101.00905
101.06815
101.12726
101.18638
101.24552
101.30468
101.36384
101.42303
101.48222
101.54143
101.60066
101.65990
101.71915
101.77842
101.83770
101.89699
101.95630
102.01563
102.07496
102.13432
102.19368
102.25306
102.31246
102.37187
102.43129
102.49073
102.55018
102.60965
102.66913
102.72862
102.78813
102.84766
102.90720
102.96675
103.02631
103.08590
103.14549
103.20510
103.26472
103.32436
103.38402
103.44368
103.50336
103.56306
103.62277
103.68250
103.74223
103.80199
103.86176
103.92154
103.98134
104.04115
104.10097
104.16081
104.22067
104.28054
104.34042
104.40032
104.46023
104.52016
104.58010
104.64005
104.70002
104.76001
104.82001
104.88002
104.94005
105.00009
105.06015
105.12022
105.18031
105.24041
105.30053
105.36066
105.42080
105.48096
105.54113
105.60132
105.66153
105.72174
105.78198
105.84222
105.90249
105.96276
106.02305
106.08336
106.14368
106.20401
106.26436
106.32473
106.38511
106.44550
106.50591
106.56633
106.62677
106.68722
106.74769
106.80817
106.86867
106.92918
106.98970
107.05025
107.11080
107.17137
107.23196
107.29256
107.35317
107.41380
107.47444
107.53510
107.59578
107.65647
107.71717
107.77789
107.83862
107.89937
107.96013
108.02091
108.08170
108.14251
108.20333
108.26417
108.32502
108.38589
108.44677
108.50766
108.56858
108.62950
108.69044
108.75140
108.81237
108.87336
108.93436
108.99537
109.05641
109.11745
109.17851
109.23959
109.30068
109.36179
109.42291
109.48404
109.54519
109.60636
109.66754
109.72874
109.78995
109.85117
109.91241
109.97367
110.03494
110.09623
110.15753
110.21885
110.28018
110.34152
110.40289
110.46426
110.52566
110.58706
110.64848
110.70992
110.77137
110.83284
110.89432
110.95582
111.01734
111.07886
111.14041
111.20197
111.26354
111.32513
111.38673
111.44835
111.50999
111.57164
111.63330
111.69498
111.75668
111.81839
111.88012
111.94186
112.00362
112.06539
112.12718
112.18898
112.25080
112.31263
112.37448
112.43634
112.49822
112.56012
112.62203
112.68395
112.74589
112.80785
112.86982
112.93181
112.99381
113.05582
113.11786
113.17991
113.24197
113.30405
113.36614
113.42825
113.49038
113.55252
113.61468
113.67685
113.73904
113.80124
113.86346
113.92569
113.98794
114.05020
114.11248
114.17478
114.23709
114.29942
114.36176
114.42412
114.48649
114.54888
114.61129
114.67371
114.73614
114.79859
114.86106
114.92354
114.98604
115.04855
115.11108
115.17363
115.23619
115.29876
115.36136
115.42396
115.48659
115.54923
115.61188
115.67455
115.73724
115.79994
115.86265
115.92539
115.98814
116.05090
116.11368
116.17648
116.23929
116.30211
116.36496
116.42782
116.49069
116.55358
116.61649
116.67941
116.74235
116.80530
116.86827
116.93126
116.99426
117.05727
117.12031
117.18336
117.24642
117.30950
117.37260
117.43571
117.49884
117.56198
117.62514
117.68831
117.75151
117.81471
117.87794
117.94118
118.00443
118.06770
118.13099
118.19429
118.25761
118.32095
118.38430
118.44766
118.51105
118.57445
118.63786
118.70129
118.76474
118.82820
118.89168
118.95518
119.01869
119.08222
119.14576
119.20932
119.27289
119.33649
119.40009
119.46372
119.52736
119.59101
119.65469
119.71837
119.78208
119.84580
119.90954
119.97329
120.03706
120.10084
120.16465
120.22846
120.29230
120.35615
120.42001
120.48390
120.54779
120.61171
120.67564
120.73959
120.80355
120.86753
120.93153
120.99554
121.05957
121.12361
121.18768
121.25175
121.31585
121.37996
121.44408
121.50823
121.57239
121.63656
121.70076
121.76496
121.82919
121.89343
121.95769
122.02196
122.08625
122.15056
122.21488
122.27922
122.34358
122.40795
122.47234
122.53675
122.60117
122.66561
122.73006
122.79453
122.85902
122.92352
122.98805
123.05258
123.11714
123.18171
123.24629
123.31090
123.37552
123.44016
123.50481
123.56948
123.63417
123.69887
123.76359
123.82832
123.89308
123.95785
124.02263
124.08744
124.15225
124.21709
124.28194
124.34681
124.41170
124.47660
124.54152
124.60646
124.67141
124.73638
124.80137
124.86637
124.93139
124.99643
125.06148
125.12655
125.19164
125.25674
125.32186
125.38700
125.45215
125.51732
125.58251
125.64771
125.71294
125.77817
125.84343
125.90870
125.97399
126.03929
126.10462
126.16996
126.23531
126.30069
126.36608
126.43148
126.49691
126.56235
126.62780
126.69328
126.75877
126.82428
126.88981
126.95535
127.02091
127.08648
127.15208
127.21769
127.28332
127.34896
127.41462
127.48030
127.54600
127.61171
127.67744
127.74318
127.80895
127.87473
127.94053
128.00634
128.07218
128.13802
128.20389
128.26978
128.33568
128.40159
128.46753
128.53348
128.59945
128.66544
128.73144
128.79746
128.86350
128.92956
128.99563
129.06172
129.12783
129.19395
129.26009
129.32625
129.39243
129.45862
129.52483
129.59106
129.65731
129.72357
129.78985
129.85615
129.92246
129.98879
130.05514
130.12151
130.18789
130.25429
130.32071
130.38715
130.45360
130.52007
130.58656
130.65307
130.71959
130.78613
130.85269
130.91927
130.98586
131.05247
131.11910
131.18574
131.25241
131.31909
131.38579
131.45250
131.51924
131.58599
131.65275
131.71954
131.78634
131.85316
131.92000
131.98686
132.05373
132.12062
132.18753
132.25446
132.32140
132.38837
132.45534
132.52234
132.58936
132.65639
132.72344
132.79051
132.85759
132.92470
132.99182
133.05896
133.12611
133.19329
133.26048
133.32769
133.39491
133.46216
133.52942
133.59670
133.66400
133.73132
133.79865
133.86600
133.93337
134.00076
134.06817
134.13559
134.20303
134.27049
134.33797
134.40546
134.47297
134.54050
134.60805
134.67562
134.74320
134.81081
134.87843
134.94606
135.01372
135.08139
135.14909
135.21680
135.28453
135.35227
135.42004
135.48782
135.55562
135.62344
135.69127
135.75913
135.82700
135.89489
135.96280
136.03072
136.09867
136.16663
136.23461
136.30261
136.37063
136.43866
136.50672
136.57479
136.64288
136.71099
136.77911
136.84726
136.91542
136.98360
137.05180
137.12002
137.18825
137.25651
137.32478
137.39307
137.46138
137.52970
137.59805
137.66641
137.73479
137.80319
137.87161
137.94005
138.00850
138.07698
138.14547
138.21398
138.28251
138.35105
138.41962
138.48820
138.55680
138.62542
138.69406
138.76272
138.83140
138.90009
138.96880
139.03753
139.10628
139.17505
139.24384
139.31264
139.38147
139.45031
139.51917
139.58805
139.65695
139.72586
139.79480
139.86375
139.93272
140.00171
140.07072
140.13975
140.20880
140.27786
140.34695
140.41605
140.48517
140.55431
140.62347
140.69264
140.76184
140.83105
140.90029
140.96954
141.03881
141.10810
141.17741
141.24673
141.31608
141.38544
141.45483
141.52423
141.59365
141.66309
141.73255
141.80203
141.87152
141.94104
142.01057
142.08012
142.14969
142.21929
142.28889
142.35852
142.42817
142.49784
142.56752
142.63723
142.70695
142.77669
142.84645
142.91623
142.98603
143.05585
143.12568
143.19554
143.26541
143.33531
143.40522
143.47515
143.54510
143.61507
143.68506
143.75507
143.82510
143.89515
143.96521
144.03530
144.10540
144.17552
144.24566
144.31583
144.38601
144.45621
144.52642
144.59666
144.66692
144.73720
144.80749
144.87781
144.94814
145.01849
145.08887
145.15926
145.22967
145.30010
145.37055
145.44102
145.51151
145.58201
145.65254
145.72309
145.79365
145.86424
145.93484
146.00547
146.07611
146.14677
146.21745
146.28816
146.35888
146.42962
146.50038
146.57116
146.64196
146.71277
146.78361
146.85447
146.92535
146.99624
147.06716
147.13809
147.20905
147.28002
147.35102
147.42203
147.49306
147.56412
147.63519
147.70628
147.77739
147.84852
147.91967
147.99084
148.06203
148.13324
148.20447
148.27572
148.34699
148.41828
148.48959
148.56092
148.63227
148.70363
148.77502
148.84643
148.91785
148.98930
149.06077
149.13225
149.20376
149.27529
149.34683
149.41840
149.48998
149.56159
149.63321
149.70486
149.77652
149.84821
149.91991
149.99164
150.06338
150.13515
150.20693
150.27874
150.35056
150.42240
150.49427
150.56615
150.63806
150.70998
150.78193
150.85389
150.92588
150.99788
151.06991
151.14195
151.21401
151.28610
151.35821
151.43033
151.50248
151.57464
151.64683
151.71903
151.79126
151.86351
151.93577
152.00806
152.08037
152.15269
152.22504
152.29741
152.36979
152.44220
152.51463
152.58708
152.65955
152.73204
152.80455
152.87708
152.94963
153.02220
153.09479
153.16740
153.24003
153.31268
153.38536
153.45805
153.53076
153.60350
153.67625
153.74902
153.82182
153.89463
153.96747
154.04033
154.11320
154.18610
154.25902
154.33196
154.40492
154.47790
154.55090
154.62392
154.69696
154.77002
154.84310
154.91621
154.98933
155.06247
155.13564
155.20882
155.28203
155.35526
155.42850
155.50177
155.57506
155.64837
155.72170
155.79505
155.86842
155.94182
156.01523
156.08866
156.16212
156.23560
156.30909
156.38261
156.45615
156.52971
156.60329
156.67689
156.75051
156.82415
156.89782
156.97150
157.04520
157.11893
157.19268
157.26645
157.34023
157.41404
157.48788
157.56173
157.63560
157.70949
157.78341
157.85734
157.93130
158.00528
158.07928
158.15330
158.22734
158.30140
158.37549
158.44959
158.52372
158.59786
158.67203
158.74622
158.82043
158.89466
158.96891
159.04319
159.11748
159.19180
159.26614
159.34050
159.41488
159.48928
159.56370
159.63814
159.71261
159.78710
159.86160
159.93613
160.01068
160.08525
160.15985
160.23446
160.30910
160.38376
160.45843
160.53313
160.60786
160.68260
160.75736
160.83215
160.90696
160.98178
161.05664
161.13151
161.20640
161.28131
161.35625
161.43121
161.50619
161.58119
161.65621
161.73126
161.80632
161.88141
161.95652
162.03165
162.10680
162.18198
162.25717
162.33239
162.40763
162.48289
162.55817
162.63348
162.70880
162.78415
162.85952
162.93491
163.01032
163.08576
163.16121
163.23669
163.31219
163.38771
163.46326
163.53882
163.61441
163.69002
163.76565
163.84131
163.91698
163.99268
164.06840
164.14414
164.21990
164.29569
164.37149
164.44732
164.52317
164.59905
164.67494
164.75086
164.82680
164.90276
164.97874
165.05475
165.13077
165.20682
165.28289
165.35899
165.43510
165.51124
165.58740
165.66359
165.73979
165.81602
165.89227
165.96854
166.04483
166.12115
166.19748
166.27384
166.35023
166.42663
166.50306
166.57951
166.65598
166.73247
166.80899
166.88553
166.96209
167.03867
167.11528
167.19191
167.26856
167.34523
167.42193
167.49864
167.57538
167.65215
167.72893
167.80574
167.88257
167.95942
168.03630
168.11320
168.19012
168.26706
168.34403
168.42102
168.49803
168.57506
168.65212
168.72920
168.80630
168.88342
168.96057
169.03774
169.11493
169.19215
169.26938
169.34664
169.42393
169.50123
169.57856
169.65591
169.73329
169.81068
169.88810
169.96555
170.04301
170.12050
170.19801
170.27555
170.35310
170.43068
170.50829
170.58591
170.66356
170.74123
170.81893
170.89664
170.97439
171.05215
171.12994
171.20775
171.28558
171.36343
171.44131
171.51921
171.59714
171.67509
171.75306
171.83105
171.90907
171.98711
172.06517
172.14326
172.22137
172.29951
172.37766
172.45584
172.53404
172.61227
172.69052
172.76879
172.84709
172.92541
173.00375
173.08212
173.16051
173.23892
173.31735
173.39581
173.47430
173.55280
173.63133
173.70988
173.78846
173.86706
173.94568
174.02433
174.10300
174.18169
174.26041
174.33915
174.41792
174.49670
174.57551
174.65435
174.73321
174.81209
174.89100
174.96993
175.04888
175.12785
175.20685
175.28588
175.36493
175.44400
175.52309
175.60221
175.68135
175.76052
175.83971
175.91892
175.99816
176.07742
176.15671
176.23601
176.31535
176.39470
176.47408
176.55349
176.63292
176.71237
176.79184
176.87134
176.95087
177.03041
177.10999
177.18958
177.26920
177.34884
177.42851
177.50820
177.58792
177.66766
177.74742
177.82721
177.90702
177.98686
178.06672
178.14660
178.22651
178.30644
178.38640
178.46638
178.54639
178.62642
178.70647
178.78655
178.86665
178.94677
179.02693
179.10710
179.18730
179.26752
179.34777
179.42804
179.50834
179.58866
179.66900
179.74937
179.82977
179.91019
179.99063
180.07109
180.15159
180.23210
180.31264
180.39321
180.47380
180.55441
180.63505
180.71571
180.79640
180.87711
180.95785
181.03861
181.11940
181.20021
181.28104
181.36190
181.44279
181.52370
181.60463
181.68559
181.76657
181.84758
181.92861
182.00967
182.09075
182.17186
182.25299
182.33415
182.41533
182.49654
182.57777
182.65902
182.74031
182.82161
182.90294
182.98430
183.06568
183.14708
183.22852
183.30997
183.39145
183.47296
183.55449
183.63604
183.71762
183.79923
183.88086
183.96252
184.04420
184.12590
184.20763
184.28939
184.37117
184.45298
184.53481
184.61667
184.69855
184.78046
184.86239
184.94435
185.02633
185.10834
185.19037
185.27243
185.35452
185.43663
185.51876
185.60092
185.68311
185.76532
185.84755
185.92982
186.01210
186.09442
186.17675
186.25912
186.34151
186.42392
186.50636
186.58883
186.67132
186.75384
186.83638
186.91895
187.00154
187.08416
187.16680
187.24947
187.33217
187.41489
187.49764
187.58041
187.66321
187.74604
187.82889
187.91176
187.99466
188.07759
188.16055
188.24352
188.32653
188.40956
188.49262
188.57570
188.65881
188.74194
188.82510
188.90829
188.99150
189.07474
189.15800
189.24129
189.32461
189.40795
189.49132
189.57471
189.65813
189.74158
189.82505
189.90855
189.99208
190.07563
190.15920
190.24281
190.32644
190.41009
190.49377
190.57748
190.66121
190.74497
190.82876
190.91257
190.99641
191.08028
191.16417
191.24809
191.33203
191.41600
191.50000
191.58402
191.66807
191.75215
191.83625
191.92038
192.00454
192.08872
192.17293
192.25716
192.34142
192.42571
192.51003
192.59437
192.67873
192.76313
192.84755
192.93200
193.01647
193.10097
193.18550
193.27005
193.35464
193.43924
193.52388
193.60854
193.69323
193.77794
193.86268
193.94745
194.03225
194.11707
194.20192
194.28679
194.37169
194.45662
194.54158
194.62656
194.71157
194.79661
194.88168
194.96677
195.05188
195.13703
195.22220
195.30740
195.39263
195.47788
195.56316
195.64847
195.73380
195.81917
195.90455
195.98997
196.07541
196.16088
196.24638
196.33191
196.41746
196.50304
196.58865
196.67428
196.75994
196.84563
196.93135
197.01709
197.10286
197.18866
197.27448
197.36034
197.44622
197.53212
197.61806
197.70402
197.79001
197.87603
197.96208
198.04815
198.13425
198.22038
198.30653
198.39272
198.47893
198.56517
198.65143
198.73772
198.82405
198.91040
198.99677
199.08318
199.16961
199.25607
199.34256
199.42907
199.51562
199.60219
199.68879
199.77541
199.86207
199.94875
200.03546
200.12220
200.20897
200.29576
200.38258
200.46943
200.55631
200.64322
200.73015
200.81712
200.90411
200.99113
201.07817
201.16525
201.25235
201.33948
201.42664
201.51383
201.60104
201.68829
201.77556
201.86286
201.95019
202.03755
202.12493
202.21234
202.29979
202.38726
202.47475
202.56228
202.64984
202.73742
202.82503
202.91267
203.00034
203.08804
203.17577
203.26352
203.35130
203.43911
203.52695
203.61482
203.70272
203.79065
203.87860
203.96658
204.05460
204.14264
204.23071
204.31880
204.40693
204.49508
204.58327
204.67148
204.75972
204.84799
204.93629
205.02462
205.11298
205.20136
205.28978
205.37822
205.46669
205.55520
205.64373
205.73228
205.82087
205.90949
205.99814
206.08681
206.17552
206.26425
206.35301
206.44180
206.53062
206.61947
206.70835
206.79726
206.88620
206.97517
207.06416
207.15319
207.24224
207.33133
207.42044
207.50958
207.59875
207.68795
207.77718
207.86644
207.95573
208.04505
208.13440
208.22378
208.31318
208.40262
208.49208
208.58158
208.67110
208.76066
208.85024
208.93986
209.02950
209.11917
209.20887
209.29861
209.38837
209.47816
209.56798
209.65783
209.74771
209.83762
209.92756
210.01753
210.10753
210.19756
210.28762
210.37771
210.46783
210.55798
210.64816
210.73837
210.82861
210.91887
211.00917
211.09950
211.18986
211.28025
211.37067
211.46112
211.55160
211.64211
211.73265
211.82322
211.91381
212.00444
212.09510
212.18579
212.27652
212.36727
212.45805
212.54886
212.63970
212.73057
212.82147
212.91241
213.00337
213.09436
213.18539
213.27644
213.36753
213.45864
213.54979
213.64096
213.73217
213.82341
213.91468
214.00597
214.09730
214.18866
214.28005
214.37147
214.46293
214.55441
214.64592
214.73746
214.82904
214.92064
215.01228
215.10395
215.19564
215.28737
215.37913
215.47092
215.56274
215.65460
215.74648
215.83839
215.93034
216.02231
216.11432
216.20636
216.29843
216.39053
216.48266
216.57482
216.66701
216.75924
216.85149
216.94378
217.03610
217.12845
217.22083
217.31324
217.40568
217.49815
217.59066
217.68320
217.77576
217.86836
217.96099
218.05366
218.14635
218.23908
218.33183
218.42462
218.51744
218.61029
218.70317
218.79609
218.88903
218.98201
219.07502
219.16806
219.26113
219.35423
219.44737
219.54054
219.63374
219.72697
219.82023
219.91352
220.00685
220.10021
220.19359
220.28702
220.38047
220.47395
220.56747
220.66102
220.75460
220.84821
220.94186
221.03554
221.12925
221.22299
221.31676
221.41056
221.50440
221.59827
221.69217
221.78611
221.88007
221.97407
222.06810
222.16216
222.25626
222.35038
222.44454
222.53874
222.63296
222.72722
222.82150
222.91583
223.01018
223.10456
223.19898
223.29343
223.38792
223.48243
223.57698
223.67156
223.76618
223.86082
223.95550
224.05021
224.14496
224.23973
224.33454
224.42939
224.52426
224.61917
224.71411
224.80908
224.90409
224.99913
225.09420
225.18930
225.28444
225.37961
225.47482
225.57005
225.66532
225.76062
225.85596
225.95133
226.04673
226.14216
226.23763
226.33313
226.42867
226.52423
226.61983
226.71547
226.81113
226.90683
227.00257
227.09833
227.19413
227.28997
227.38583
227.48173
227.57767
227.67363
227.76963
227.86567
227.96173
228.05783
228.15397
228.25014
228.34634
228.44257
228.53884
228.63514
228.73148
228.82785
228.92425
229.02069
229.11716
229.21366
229.31020
229.40677
229.50338
229.60002
229.69669
229.79340
229.89014
229.98691
230.08372
230.18056
230.27744
230.37435
230.47129
230.56827
230.66529
230.76233
230.85941
230.95653
231.05368
231.15086
231.24808
231.34533
231.44262
231.53994
231.63729
231.73468
231.83210
231.92956
232.02705
232.12458
232.22214
232.31973
232.41736
232.51503
232.61273
232.71046
232.80823
232.90603
233.00387
233.10174
233.19964
233.29758
233.39556
233.49357
233.59161
233.68969
233.78781
233.88595
233.98414
234.08236
234.18061
234.27890
234.37722
234.47558
234.57397
234.67240
234.77086
234.86936
234.96789
235.06646
235.16506
235.26370
235.36237
235.46108
235.55982
235.65860
235.75742
235.85626
235.95515
236.05407
236.15302
236.25201
236.35104
236.45010
236.54919
236.64833
236.74749
236.84669
236.94593
237.04520
237.14451
237.24386
237.34324
237.44265
237.54210
237.64159
237.74111
237.84067
237.94026
238.03989
238.13956
238.23926
238.33899
238.43877
238.53857
238.63842
238.73830
238.83821
238.93816
239.03815
239.13818
239.23823
239.33833
239.43846
239.53863
239.63883
239.73907
239.83935
239.93966
240.04001
240.14039
240.24081
240.34127
240.44176
240.54229
240.64286
240.74346
240.84410
240.94477
241.04548
241.14623
241.24701
241.34783
241.44869
241.54959
241.65051
241.75148
241.85248
241.95352
242.05460
242.15571
242.25686
242.35805
242.45927
242.56053
242.66183
242.76316
242.86453
242.96594
243.06738
243.16886
243.27038
243.37194
243.47353
243.57516
243.67682
243.77852
243.88026
243.98204
244.08386
244.18571
244.28759
244.38952
244.49148
244.59348
244.69552
244.79759
244.89971
245.00185
245.10404
245.20626
245.30853
245.41082
245.51316
245.61553
245.71794
245.82039
245.92288
246.02540
246.12796
246.23056
246.33320
246.43587
246.53859
246.64133
246.74412
246.84695
246.94981
247.05271
247.15565
247.25863
247.36164
247.46469
247.56778
247.67091
247.77408
247.87728
247.98052
248.08380
248.18712
248.29048
248.39387
248.49730
248.60077
248.70428
248.80783
248.91142
249.01504
249.11870
249.22240
249.32614
249.42992
249.53373
249.63759
249.74148
249.84541
249.94938
250.05339
250.15744
250.26152
250.36565
250.46981
250.57401
250.67825
250.78253
250.88684
250.99120
251.09560
251.20003
251.30450
251.40901
251.51356
251.61815
251.72278
251.82745
251.93215
252.03690
252.14168
252.24651
252.35137
252.45627
252.56121
252.66619
252.77121
252.87627
252.98137
253.08650
253.19168
253.29690
253.40215
253.50745
253.61278
253.71815
253.82356
253.92902
254.03451
254.14004
254.24561
254.35122
254.45687
254.56256
254.66829
254.77406
254.87987
254.98572
255.09161
255.19753
255.30350
255.40951
255.51556
255.62164
255.72777
255.83394
255.94015
256.04639
256.15268
256.25901
256.36538
256.47179
256.57823
256.68472
256.79125
256.89782
257.00443
257.11108
257.21777
257.32450
257.43127
257.53808
257.64493
257.75182
