2.79093
2.79092
2.79092
2.79091
2.79089
2.79087
2.79085
2.79082
2.79079
2.79076
2.79073
2.79069
2.79065
2.79061
2.79056
2.79051
2.79047
2.79042
2.79036
2.79031
2.79026
2.79020
2.79014
2.79009
2.79003
2.78997
2.78991
2.78985
2.78979
2.78973
2.78967
2.78960
2.78954
2.78948
2.78942
2.78936
2.78930
2.78924
2.78918
2.78912
2.78906
2.78900
2.78895
2.78889
2.78883
2.78878
2.78872
2.78867
2.78862
2.78857
2.78852
2.78847
2.78842
2.78837
2.78833
2.78828
2.78824
2.78819
2.78815
2.78811
2.78808
2.78804
2.78800
2.78797
2.78794
2.78791
2.78788
2.78785
2.78782
2.78779
2.78777
2.78775
2.78773
2.78771
2.78769
2.78767
2.78766
2.78765
2.78763
2.78762
2.78762
2.78761
2.78760
2.78760
2.78760
2.78760
2.78760
2.78760
2.78760
2.78761
2.78762
2.78762
2.78763
2.78765
2.78766
2.78767
2.78769
2.78771
2.78773
2.78775
2.78777
2.78780
2.78782
2.78785
2.78788
2.78791
2.78794
2.78797
2.78800
2.78804
2.78808
2.78812
2.78816
2.78820
2.78824
2.78828
2.78833
2.78838
2.78842
2.78847
2.78852
2.78858
2.78863
2.78868
2.78874
2.78880
2.78886
2.78892
2.78898
2.78904
2.78910
2.78917
2.78923
2.78930
2.78937
2.78944
2.78951
2.78958
2.78966
2.78973
2.78980
2.78988
2.78996
2.79004
2.79012
2.79020
2.79028
2.79036
2.79045
2.79053
2.79062
2.79070
2.79079
2.79088
2.79097
2.79106
2.79115
2.79124
2.79134
2.79143
2.79153
2.79162
2.79172
2.79182
2.79192
2.79202
2.79212
2.79222
2.79232
2.79242
2.79253
2.79263
2.79274
2.79284
2.79295
2.79306
2.79317
2.79328
2.79339
2.79350
2.79361
2.79372
2.79383
2.79395
2.79406
2.79417
2.79429
2.79441
2.79452
2.79464
2.79476
2.79488
2.79500
2.79512
2.79524
2.79536
2.79548
2.79560
2.79572
2.79585
2.79597
2.79610
2.79622
2.79635
2.79647
2.79660
2.79673
2.79685
2.79698
2.79711
2.79724
2.79737
2.79750
2.79763
2.79776
2.79789
2.79802
2.79816
2.79829
2.79842
2.79856
2.79869
2.79882
2.79896
2.79910
2.79923
2.79937
2.79950
2.79964
2.79978
2.79991
2.80005
2.80019
2.80033
2.80047
2.80061
2.80075
2.80089
2.80103
2.80117
2.80131
2.80145
2.80159
2.80174
2.80188
2.80202
2.80216
2.80231
2.80245
2.80259
2.80274
2.80288
2.80303
2.80317
2.80332
2.80346
2.80361
2.80375
2.80390
2.80405
2.80419
2.80434
2.80449
2.80464
2.80478
2.80493
2.80508
2.80523
2.80538
2.80553
2.80567
2.80582
2.80597
2.80612
2.80627
2.80642
2.80657
2.80672
2.80687
2.80702
2.80718
2.80733
2.80748
2.80763
2.80778
2.80793
2.80809
2.80824
2.80839
2.80854
2.80870
2.80885
2.80900
2.80915
2.80931
2.80946
2.80962
2.80977
2.80992
2.81008
2.81023
2.81039
2.81054
2.81070
2.81085
2.81100
2.81116
2.81132
2.81147
2.81163
2.81178
2.81194
2.81209
2.81225
2.81240
2.81256
2.81272
2.81287
2.81303
2.81319
2.81334
2.81350
2.81366
2.81381
2.81397
2.81413
2.81429
2.81444
2.81460
2.81476
2.81492
2.81507
2.81523
2.81539
2.81555
2.81571
2.81586
2.81602
2.81618
2.81634
2.81650
2.81666
2.81682
2.81697
2.81713
2.81729
2.81745
2.81761
2.81777
2.81793
2.81809
2.81825
2.81841
2.81857
2.81873
2.81889
2.81905
2.81921
2.81937
2.81953
2.81969
2.81985
2.82001
2.82017
2.82033
2.82049
2.82065
2.82081
2.82097
2.82113
2.82129
2.82145
2.82161
2.82177
2.82193
2.82209
2.82225
2.82241
2.82258
2.82274
2.82290
2.82306
2.82322
2.82338
2.82354
2.82370
2.82387
2.82403
2.82419
2.82435
2.82451
2.82467
2.82483
2.82500
2.82516
2.82532
2.82548
2.82564
2.82581
2.82597
2.82613
2.82629
2.82645
2.82662
2.82678
2.82694
2.82710
2.82726
2.82743
2.82759
2.82775
2.82791
2.82808
2.82824
2.82840
2.82856
2.82873
2.82889
2.82905
2.82921
2.82938
2.82954
2.82970
2.82987
2.83003
2.83019
2.83035
2.83052
2.83068
2.83084
2.83101
2.83117
2.83133
2.83149
2.83166
2.83182
2.83198
2.83215
2.83231
2.83247
2.83264
2.83280
2.83296
2.83313
2.83329
2.83345
2.83362
2.83378
2.83394
2.83411
2.83427
2.83443
2.83460
2.83476
2.83493
2.83509
2.83525
2.83542
2.83558
2.83574
2.83591
2.83607
2.83624
2.83640
2.83656
2.83673
2.83689
2.83705
2.83722
2.83738
2.83755
2.83771
2.83787
2.83804
2.83820
2.83837
2.83853
2.83869
2.83886
2.83902
2.83919
2.83935
2.83952
2.83968
2.83984
2.84001
2.84017
2.84034
2.84050
2.84067
2.84083
2.84099
2.84116
2.84132
2.84149
2.84165
2.84182
2.84198
2.84215
2.84231
2.84247
2.84264
2.84280
2.84297
2.84313
2.84330
2.84346
2.84363
2.84379
2.84396
2.84412
2.84429
2.84445
2.84462
2.84478
2.84495
2.84511
2.84527
2.84544
2.84560
2.84577
2.84593
2.84610
2.84626
2.84643
2.84659
2.84676
2.84692
2.84709
2.84725
2.84742
2.84758
2.84775
2.84791
2.84808
2.84824
2.84841
2.84858
2.84874
2.84891
2.84907
2.84924
2.84940
2.84957
2.84973
2.84990
2.85006
2.85023
2.85039
2.85056
2.85072
2.85089
2.85105
2.85122
2.85139
2.85155
2.85172
2.85188
2.85205
2.85221
2.85238
2.85254
2.85271
2.85287
2.85304
2.85321
2.85337
2.85354
2.85370
2.85387
2.85403
2.85420
2.85437
2.85453
2.85470
2.85486
2.85503
2.85519
2.85536
2.85553
2.85569
2.85586
2.85602
2.85619
2.85635
2.85652
2.85669
2.85685
2.85702
2.85718
2.85735
2.85752
2.85768
2.85785
2.85801
2.85818
2.85835
2.85851
2.85868
2.85884
2.85901
2.85918
2.85934
2.85951
2.85967
2.85984
2.86001
2.86017
2.86034
2.86051
2.86067
2.86084
2.86100
2.86117
2.86134
2.86150
2.86167
2.86184
2.86200
2.86217
2.86233
2.86250
2.86267
2.86283
2.86300
2.86317
2.86333
2.86350
2.86367
2.86383
2.86400
2.86417
2.86433
2.86450
2.86467
2.86483
2.86500
2.86516
2.86533
2.86550
2.86566
2.86583
2.86600
2.86616
2.86633
2.86650
2.86666
2.86683
2.86700
2.86717
2.86733
2.86750
2.86767
2.86783
2.86800
2.86817
2.86833
2.86850
2.86867
2.86883
2.86900
2.86917
2.86933
2.86950
2.86967
2.86983
2.87000
2.87017
2.87034
2.87050
2.87067
2.87084
2.87100
2.87117
2.87134
2.87151
2.87167
2.87184
2.87201
2.87217
2.87234
2.87251
2.87268
2.87284
2.87301
2.87318
2.87334
2.87351
2.87368
2.87385
2.87401
2.87418
2.87435
2.87451
2.87468
2.87485
2.87502
2.87518
2.87535
2.87552
2.87569
2.87585
2.87602
2.87619
2.87636
2.87652
2.87669
2.87686
2.87703
2.87719
2.87736
2.87753
2.87770
2.87786
2.87803
2.87820
2.87837
2.87853
2.87870
2.87887
2.87904
2.87921
2.87937
2.87954
2.87971
2.87988
2.88004
2.88021
2.88038
2.88055
2.88072
2.88088
2.88105
2.88122
2.88139
2.88155
2.88172
2.88189
2.88206
2.88223
2.88239
2.88256
2.88273
2.88290
2.88307
2.88323
2.88340
2.88357
2.88374
2.88391
2.88407
2.88424
2.88441
2.88458
2.88475
2.88492
2.88508
2.88525
2.88542
2.88559
2.88576
2.88592
2.88609
2.88626
2.88643
2.88660
2.88677
2.88693
2.88710
2.88727
2.88744
2.88761
2.88778
2.88794
2.88811
2.88828
2.88845
2.88862
2.88879
2.88895
2.88912
2.88929
2.88946
2.88963
2.88980
2.88997
2.89013
2.89030
2.89047
2.89064
2.89081
2.89098
2.89115
2.89131
2.89148
2.89165
2.89182
2.89199
2.89216
2.89233
2.89250
2.89266
2.89283
2.89300
2.89317
2.89334
2.89351
2.89368
2.89385
2.89401
2.89418
2.89435
2.89452
2.89469
2.89486
2.89503
2.89520
2.89537
2.89554
2.89570
2.89587
2.89604
2.89621
2.89638
2.89655
2.89672
2.89689
2.89706
2.89723
2.89739
2.89756
2.89773
2.89790
2.89807
2.89824
2.89841
2.89858
2.89875
2.89892
2.89909
2.89926
2.89943
2.89959
2.89976
2.89993
2.90010
2.90027
2.90044
2.90061
2.90078
2.90095
2.90112
2.90129
2.90146
2.90163
2.90180
2.90197
2.90214
2.90231
2.90248
2.90264
2.90281
2.90298
2.90315
2.90332
2.90349
2.90366
2.90383
2.90400
2.90417
2.90434
2.90451
2.90468
2.90485
2.90502
2.90519
2.90536
2.90553
2.90570
2.90587
2.90604
2.90621
2.90638
2.90655
2.90672
2.90689
2.90706
2.90723
2.90740
2.90757
2.90774
2.90791
2.90808
2.90825
2.90842
2.90859
2.90876
2.90893
2.90910
2.90927
2.90944
2.90961
2.90978
2.90995
2.91012
2.91029
2.91046
2.91063
2.91080
2.91097
2.91114
2.91131
2.91148
2.91165
2.91182
2.91199
2.91216
2.91233
2.91250
2.91267
2.91284
2.91301
2.91318
2.91335
2.91352
2.91369
2.91386
2.91403
2.91421
2.91438
2.91455
2.91472
2.91489
2.91506
2.91523
2.91540
2.91557
2.91574
2.91591
2.91608
2.91625
2.91642
2.91659
2.91676
2.91693
2.91711
2.91728
2.91745
2.91762
2.91779
2.91796
2.91813
2.91830
2.91847
2.91864
2.91881
2.91898
2.91915
2.91933
2.91950
2.91967
2.91984
2.92001
2.92018
2.92035
2.92052
2.92069
2.92086
2.92104
2.92121
2.92138
2.92155
2.92172
2.92189
2.92206
2.92223
2.92240
2.92257
2.92275
2.92292
2.92309
2.92326
2.92343
2.92360
2.92377
2.92394
2.92412
2.92429
2.92446
2.92463
2.92480
2.92497
2.92514
2.92531
2.92549
2.92566
2.92583
2.92600
2.92617
2.92634
2.92651
2.92669
2.92686
2.92703
2.92720
2.92737
2.92754
2.92771
2.92789
2.92806
2.92823
2.92840
2.92857
2.92874
2.92892
2.92909
2.92926
2.92943
2.92960
2.92977
2.92995
2.93012
2.93029
2.93046
2.93063
2.93081
2.93098
2.93115
2.93132
2.93149
2.93166
2.93184
2.93201
2.93218
2.93235
2.93252
2.93270
2.93287
2.93304
2.93321
2.93338
2.93356
2.93373
2.93390
2.93407
2.93424
2.93442
2.93459
2.93476
2.93493
2.93510
2.93528
2.93545
2.93562
2.93579
2.93597
2.93614
2.93631
2.93648
2.93665
2.93683
2.93700
2.93717
2.93734
2.93752
2.93769
2.93786
2.93803
2.93820
2.93838
2.93855
2.93872
2.93889
2.93907
2.93924
2.93941
2.93958
2.93976
2.93993
2.94010
2.94027
2.94045
2.94062
2.94079
2.94096
2.94114
2.94131
2.94148
2.94166
2.94183
2.94200
2.94217
2.94235
2.94252
2.94269
2.94286
2.94304
2.94321
2.94338
2.94356
2.94373
2.94390
2.94407
2.94425
2.94442
2.94459
2.94477
2.94494
2.94511
2.94528
2.94546
2.94563
2.94580
2.94598
2.94615
2.94632
2.94650
2.94667
2.94684
2.94701
2.94719
2.94736
2.94753
2.94771
2.94788
2.94805
2.94823
2.94840
2.94857
2.94875
2.94892
2.94909
2.94927
2.94944
2.94961
2.94979
2.94996
2.95013
2.95031
2.95048
2.95065
2.95083
2.95100
2.95117
2.95135
2.95152
2.95169
2.95187
2.95204
2.95221
2.95239
2.95256
2.95273
2.95291
2.95308
2.95326
2.95343
2.95360
2.95378
2.95395
2.95412
2.95430
2.95447
2.95464
2.95482
2.95499
2.95517
2.95534
2.95551
2.95569
2.95586
2.95603
2.95621
2.95638
2.95656
2.95673
2.95690
2.95708
2.95725
2.95743
2.95760
2.95777
2.95795
2.95812
2.95830
2.95847
2.95864
2.95882
2.95899
2.95917
2.95934
2.95951
2.95969
2.95986
2.96004
2.96021
2.96038
2.96056
2.96073
2.96091
2.96108
2.96126
2.96143
2.96160
2.96178
2.96195
2.96213
2.96230
2.96248
2.96265
2.96282
2.96300
2.96317
2.96335
2.96352
2.96370
2.96387
2.96405
2.96422
2.96439
2.96457
2.96474
2.96492
2.96509
2.96527
2.96544
2.96562
2.96579
2.96597
2.96614
2.96631
2.96649
2.96666
2.96684
2.96701
2.96719
2.96736
2.96754
2.96771
2.96789
2.96806
2.96824
2.96841
2.96859
2.96876
2.96894
2.96911
2.96929
2.96946
2.96964
2.96981
2.96999
2.97016
2.97034
2.97051
2.97069
2.97086
2.97104
2.97121
2.97139
2.97156
2.97174
2.97191
2.97209
2.97226
2.97244
2.97261
2.97279
2.97296
2.97314
2.97331
2.97349
2.97366
2.97384
2.97401
2.97419
2.97436
2.97454
2.97471
2.97489
2.97507
2.97524
2.97542
2.97559
2.97577
2.97594
2.97612
2.97629
2.97647
2.97664
2.97682
2.97700
2.97717
2.97735
2.97752
2.97770
2.97787
2.97805
2.97822
2.97840
2.97858
2.97875
2.97893
2.97910
2.97928
2.97945
2.97963
2.97981
2.97998
2.98016
2.98033
2.98051
2.98068
2.98086
2.98104
2.98121
2.98139
2.98156
2.98174
2.98192
2.98209
2.98227
2.98244
2.98262
2.98280
2.98297
2.98315
2.98332
2.98350
2.98368
2.98385
2.98403
2.98420
2.98438
2.98456
2.98473
2.98491
2.98509
2.98526
2.98544
2.98561
2.98579
2.98597
2.98614
2.98632
2.98650
2.98667
2.98685
2.98702
2.98720
2.98738
2.98755
2.98773
2.98791
2.98808
2.98826
2.98844
2.98861
2.98879
2.98896
2.98914
2.98932
2.98949
2.98967
2.98985
2.99002
2.99020
2.99038
2.99055
2.99073
2.99091
2.99108
2.99126
2.99144
2.99161
2.99179
2.99197
2.99214
2.99232
2.99250
2.99267
2.99285
2.99303
2.99321
2.99338
2.99356
2.99374
2.99391
2.99409
2.99427
2.99444
2.99462
2.99480
2.99497
2.99515
2.99533
2.99551
2.99568
2.99586
2.99604
2.99621
2.99639
2.99657
2.99675
2.99692
2.99710
2.99728
2.99745
2.99763
2.99781
2.99799
2.99816
2.99834
2.99852
2.99870
2.99887
2.99905
2.99923
2.99940
2.99958
2.99976
2.99994
3.00011
3.00029
3.00047
3.00065
3.00082
3.00100
3.00118
3.00136
3.00153
3.00171
3.00189
3.00207
3.00224
3.00242
3.00260
3.00278
3.00295
3.00313
3.00331
3.00349
3.00367
3.00384
3.00402
3.00420
3.00438
3.00455
3.00473
3.00491
3.00509
3.00527
3.00544
3.00562
3.00580
3.00598
3.00616
3.00633
3.00651
3.00669
3.00687
3.00705
3.00722
3.00740
3.00758
3.00776
3.00794
3.00811
3.00829
3.00847
3.00865
3.00883
3.00900
3.00918
3.00936
3.00954
3.00972
3.00990
3.01007
3.01025
3.01043
3.01061
3.01079
3.01096
3.01114
3.01132
3.01150
3.01168
3.01186
3.01203
3.01221
3.01239
3.01257
3.01275
3.01293
3.01311
3.01328
3.01346
3.01364
3.01382
3.01400
3.01418
3.01436
3.01453
3.01471
3.01489
3.01507
3.01525
3.01543
3.01561
3.01579
3.01596
3.01614
3.01632
3.01650
3.01668
3.01686
3.01704
3.01722
3.01739
3.01757
3.01775
3.01793
3.01811
3.01829
3.01847
3.01865
3.01883
3.01900
3.01918
3.01936
3.01954
3.01972
3.01990
3.02008
3.02026
3.02044
3.02062
3.02080
3.02097
3.02115
3.02133
3.02151
3.02169
3.02187
3.02205
3.02223
3.02241
3.02259
3.02277
3.02295
3.02313
3.02330
3.02348
3.02366
3.02384
3.02402
3.02420
3.02438
3.02456
3.02474
3.02492
3.02510
3.02528
3.02546
3.02564
3.02582
3.02600
3.02618
3.02636
3.02654
3.02672
3.02690
3.02707
3.02725
3.02743
3.02761
3.02779
3.02797
3.02815
3.02833
3.02851
3.02869
3.02887
3.02905
3.02923
3.02941
3.02959
3.02977
3.02995
3.03013
3.03031
3.03049
3.03067
3.03085
3.03103
3.03121
3.03139
3.03157
3.03175
3.03193
3.03211
3.03229
3.03247
3.03265
3.03283
3.03301
3.03319
3.03337
3.03355
3.03373
3.03391
3.03409
3.03427
3.03445
3.03463
3.03481
3.03499
3.03518
3.03536
3.03554
3.03572
3.03590
3.03608
3.03626
3.03644
3.03662
3.03680
3.03698
3.03716
3.03734
3.03752
3.03770
3.03788
3.03806
3.03824
3.03842
3.03860
3.03879
3.03897
3.03915
3.03933
3.03951
3.03969
3.03987
3.04005
3.04023
3.04041
3.04059
3.04077
3.04095
3.04114
3.04132
3.04150
3.04168
3.04186
3.04204
3.04222
3.04240
3.04258
3.04276
3.04294
3.04313
3.04331
3.04349
3.04367
3.04385
3.04403
3.04421
3.04439
3.04457
3.04476
3.04494
3.04512
3.04530
3.04548
3.04566
3.04584
3.04602
3.04621
3.04639
3.04657
3.04675
3.04693
3.04711
3.04729
3.04747
3.04766
3.04784
3.04802
3.04820
3.04838
3.04856
3.04874
3.04893
3.04911
3.04929
3.04947
3.04965
3.04983
3.05002
3.05020
3.05038
3.05056
3.05074
3.05092
3.05111
3.05129
3.05147
3.05165
3.05183
3.05201
3.05220
3.05238
3.05256
3.05274
3.05292
3.05310
3.05329
3.05347
3.05365
3.05383
3.05401
3.05420
3.05438
3.05456
3.05474
3.05492
3.05511
3.05529
3.05547
3.05565
3.05583
3.05602
3.05620
3.05638
3.05656
3.05675
3.05693
3.05711
3.05729
3.05747
3.05766
3.05784
3.05802
3.05820
3.05839
3.05857
3.05875
3.05893
3.05911
3.05930
3.05948
3.05966
3.05984
3.06003
3.06021
3.06039
3.06057
3.06076
3.06094
3.06112
3.06130
3.06149
3.06167
3.06185
3.06203
3.06222
3.06240
3.06258
3.06277
3.06295
3.06313
3.06331
3.06350
3.06368
3.06386
3.06404
3.06423
3.06441
3.06459
3.06478
3.06496
3.06514
3.06532
3.06551
3.06569
3.06587
3.06606
3.06624
3.06642
3.06661
3.06679
3.06697
3.06715
3.06734
3.06752
3.06770
3.06789
3.06807
3.06825
3.06844
3.06862
3.06880
3.06899
3.06917
3.06935
3.06954
3.06972
3.06990
3.07009
3.07027
3.07045
3.07064
3.07082
3.07100
3.07119
3.07137
3.07155
3.07174
3.07192
3.07210
3.07229
3.07247
3.07265
3.07284
3.07302
3.07320
3.07339
3.07357
3.07375
3.07394
3.07412
3.07431
3.07449
3.07467
3.07486
3.07504
3.07522
3.07541
3.07559
3.07578
3.07596
3.07614
3.07633
3.07651
3.07669
3.07688
3.07706
3.07725
3.07743
3.07761
3.07780
3.07798
3.07817
3.07835
3.07853
3.07872
3.07890
3.07909
3.07927
3.07945
3.07964
3.07982
3.08001
3.08019
3.08038
3.08056
3.08074
3.08093
3.08111
3.08130
3.08148
3.08167
3.08185
3.08203
3.08222
3.08240
3.08259
3.08277
3.08296
3.08314
3.08332
3.08351
3.08369
3.08388
3.08406
3.08425
3.08443
3.08462
3.08480
3.08499
3.08517
3.08535
3.08554
3.08572
3.08591
3.08609
3.08628
3.08646
3.08665
3.08683
3.08702
3.08720
3.08739
3.08757
3.08776
3.08794
3.08813
3.08831
3.08850
3.08868
3.08886
3.08905
3.08923
3.08942
3.08960
3.08979
3.08997
3.09016
3.09034
3.09053
3.09071
3.09090
3.09109
3.09127
3.09146
3.09164
3.09183
3.09201
3.09220
3.09238
3.09257
3.09275
3.09294
3.09312
3.09331
3.09349
3.09368
3.09386
3.09405
3.09423
3.09442
3.09461
3.09479
3.09498
3.09516
3.09535
3.09553
3.09572
3.09590
3.09609
3.09627
3.09646
3.09665
3.09683
3.09702
3.09720
3.09739
3.09757
3.09776
3.09795
3.09813
3.09832
3.09850
3.09869
3.09887
3.09906
3.09925
3.09943
3.09962
3.09980
3.09999
3.10017
3.10036
3.10055
3.10073
3.10092
3.10110
3.10129
3.10148
3.10166
3.10185
3.10203
3.10222
3.10241
3.10259
3.10278
3.10297
3.10315
3.10334
3.10352
3.10371
3.10390
3.10408
3.10427
3.10445
3.10464
3.10483
3.10501
3.10520
3.10539
3.10557
3.10576
3.10595
3.10613
3.10632
3.10650
3.10669
3.10688
3.10706
3.10725
3.10744
3.10762
3.10781
3.10800
3.10818
3.10837
3.10856
3.10874
3.10893
3.10912
3.10930
3.10949
3.10968
3.10986
3.11005
3.11024
3.11042
3.11061
3.11080
3.11098
3.11117
3.11136
3.11154
3.11173
3.11192
3.11211
3.11229
3.11248
3.11267
3.11285
3.11304
3.11323
3.11341
3.11360
3.11379
3.11398
3.11416
3.11435
3.11454
3.11472
3.11491
3.11510
3.11529
3.11547
3.11566
3.11585
3.11603
3.11622
3.11641
3.11660
3.11678
3.11697
3.11716
3.11735
3.11753
3.11772
3.11791
3.11810
3.11828
3.11847
3.11866
3.11885
3.11903
3.11922
3.11941
3.11960
3.11978
3.11997
3.12016
3.12035
3.12053
3.12072
3.12091
3.12110
3.12128
3.12147
3.12166
3.12185
3.12204
3.12222
3.12241
3.12260
3.12279
3.12297
3.12316
3.12335
3.12354
3.12373
3.12391
3.12410
3.12429
3.12448
3.12467
3.12485
3.12504
3.12523
3.12542
3.12561
3.12580
3.12598
3.12617
3.12636
3.12655
3.12674
3.12692
3.12711
3.12730
3.12749
3.12768
3.12787
3.12805
3.12824
3.12843
3.12862
3.12881
3.12900
3.12918
3.12937
3.12956
3.12975
3.12994
3.13013
3.13031
3.13050
3.13069
3.13088
3.13107
3.13126
3.13145
3.13163
3.13182
3.13201
3.13220
3.13239
3.13258
3.13277
3.13296
3.13314
3.13333
3.13352
3.13371
3.13390
3.13409
3.13428
3.13447
3.13466
3.13484
3.13503
3.13522
3.13541
3.13560
3.13579
3.13598
3.13617
3.13636
3.13655
3.13673
3.13692
3.13711
3.13730
3.13749
3.13768
3.13787
3.13806
3.13825
3.13844
3.13863
3.13882
3.13900
3.13919
3.13938
3.13957
3.13976
3.13995
3.14014
3.14033
3.14052
3.14071
3.14090
3.14109
3.14128
3.14147
3.14166
3.14185
3.14204
3.14222
3.14241
3.14260
3.14279
3.14298
3.14317
3.14336
3.14355
3.14374
3.14393
3.14412
3.14431
3.14450
3.14469
3.14488
3.14507
3.14526
3.14545
3.14564
3.14583
3.14602
3.14621
3.14640
3.14659
3.14678
3.14697
3.14716
3.14735
3.14754
3.14773
3.14792
3.14811
3.14830
3.14849
3.14868
3.14887
3.14906
3.14925
3.14944
3.14963
3.14982
3.15001
3.15020
3.15039
3.15058
3.15077
3.15096
3.15115
3.15134
3.15153
3.15172
3.15192
3.15211
3.15230
3.15249
3.15268
3.15287
3.15306
3.15325
3.15344
3.15363
3.15382
3.15401
3.15420
3.15439
3.15458
3.15477
3.15496
3.15515
3.15535
3.15554
3.15573
3.15592
3.15611
3.15630
3.15649
3.15668
3.15687
3.15706
3.15725
3.15744
3.15764
3.15783
3.15802
3.15821
3.15840
3.15859
3.15878
3.15897
3.15916
3.15935
3.15955
3.15974
3.15993
3.16012
3.16031
3.16050
3.16069
3.16088
3.16108
3.16127
3.16146
3.16165
3.16184
3.16203
3.16222
3.16241
3.16261
3.16280
3.16299
3.16318
3.16337
3.16356
3.16375
3.16395
3.16414
3.16433
3.16452
3.16471
3.16490
3.16510
3.16529
3.16548
3.16567
3.16586
3.16605
3.16625
3.16644
3.16663
3.16682
3.16701
3.16720
3.16740
3.16759
3.16778
3.16797
3.16816
3.16836
3.16855
3.16874
3.16893
3.16912
3.16931
3.16951
3.16970
3.16989
3.17008
3.17027
3.17047
3.17066
3.17085
3.17104
3.17124
3.17143
3.17162
3.17181
3.17200
3.17220
3.17239
3.17258
3.17277
3.17297
3.17316
3.17335
3.17354
3.17373
3.17393
3.17412
3.17431
3.17450
3.17470
3.17489
3.17508
3.17527
3.17547
3.17566
3.17585
3.17604
3.17624
3.17643
3.17662
3.17682
3.17701
3.17720
3.17739
3.17759
3.17778
3.17797
3.17816
3.17836
3.17855
3.17874
3.17894
3.17913
3.17932
3.17951
3.17971
3.17990
3.18009
3.18029
3.18048
3.18067
3.18086
3.18106
3.18125
3.18144
3.18164
3.18183
3.18202
3.18222
3.18241
3.18260
3.18280
3.18299
3.18318
3.18338
3.18357
3.18376
3.18396
3.18415
3.18434
3.18454
3.18473
3.18492
3.18512
3.18531
3.18550
3.18570
3.18589
3.18608
3.18628
3.18647
3.18666
3.18686
3.18705
3.18724
3.18744
3.18763
3.18782
3.18802
3.18821
3.18841
3.18860
3.18879
3.18899
3.18918
3.18937
3.18957
3.18976
3.18996
3.19015
3.19034
3.19054
3.19073
3.19093
3.19112
3.19131
3.19151
3.19170
3.19189
3.19209
3.19228
3.19248
3.19267
3.19287
3.19306
3.19325
3.19345
3.19364
3.19384
3.19403
3.19422
3.19442
3.19461
3.19481
3.19500
3.19520
3.19539
3.19558
3.19578
3.19597
3.19617
3.19636
3.19656
3.19675
3.19695
3.19714
3.19733
3.19753
3.19772
3.19792
3.19811
3.19831
3.19850
3.19870
3.19889
3.19909
3.19928
3.19947
3.19967
3.19986
3.20006
3.20025
3.20045
3.20064
3.20084
3.20103
3.20123
3.20142
3.20162
3.20181
3.20201
3.20220
3.20240
3.20259
3.20279
3.20298
3.20318
3.20337
3.20357
3.20376
3.20396
3.20415
3.20435
3.20454
3.20474
3.20493
3.20513
3.20532
3.20552
3.20571
3.20591
3.20610
3.20630
3.20650
3.20669
3.20689
3.20708
3.20728
3.20747
3.20767
3.20786
3.20806
3.20825
3.20845
3.20865
3.20884
3.20904
3.20923
3.20943
3.20962
3.20982
3.21001
3.21021
3.21041
3.21060
3.21080
3.21099
3.21119
3.21138
3.21158
3.21178
3.21197
3.21217
3.21236
3.21256
3.21276
3.21295
3.21315
3.21334
3.21354
3.21373
3.21393
3.21413
3.21432
3.21452
3.21472
3.21491
3.21511
3.21530
3.21550
3.21570
3.21589
3.21609
3.21628
3.21648
3.21668
3.21687
3.21707
3.21727
3.21746
3.21766
3.21785
3.21805
3.21825
3.21844
3.21864
3.21884
3.21903
3.21923
3.21943
3.21962
3.21982
3.22002
3.22021
3.22041
3.22061
3.22080
3.22100
3.22120
3.22139
3.22159
3.22179
3.22198
3.22218
3.22238
3.22257
3.22277
3.22297
3.22316
3.22336
3.22356
3.22375
3.22395
3.22415
3.22434
3.22454
3.22474
3.22494
3.22513
3.22533
3.22553
3.22572
3.22592
3.22612
3.22632
3.22651
3.22671
3.22691
3.22710
3.22730
3.22750
3.22770
3.22789
3.22809
3.22829
3.22849
3.22868
3.22888
3.22908
3.22927
3.22947
3.22967
3.22987
3.23006
3.23026
3.23046
3.23066
3.23085
3.23105
3.23125
3.23145
3.23164
3.23184
3.23204
3.23224
3.23244
3.23263
3.23283
3.23303
3.23323
3.23342
3.23362
3.23382
3.23402
3.23422
3.23441
3.23461
3.23481
3.23501
3.23521
3.23540
3.23560
3.23580
3.23600
3.23620
3.23639
3.23659
3.23679
3.23699
3.23719
3.23738
3.23758
3.23778
3.23798
3.23818
3.23838
3.23857
3.23877
3.23897
3.23917
3.23937
3.23956
3.23976
3.23996
3.24016
3.24036
3.24056
3.24076
3.24095
3.24115
3.24135
3.24155
3.24175
3.24195
3.24215
3.24234
3.24254
3.24274
3.24294
3.24314
3.24334
3.24354
3.24373
3.24393
3.24413
3.24433
3.24453
3.24473
3.24493
3.24513
3.24533
3.24552
3.24572
3.24592
3.24612
3.24632
3.24652
3.24672
3.24692
3.24712
3.24732
3.24751
3.24771
3.24791
3.24811
3.24831
3.24851
3.24871
3.24891
3.24911
3.24931
3.24951
3.24971
3.24990
3.25010
3.25030
3.25050
3.25070
3.25090
3.25110
3.25130
3.25150
3.25170
3.25190
3.25210
3.25230
3.25250
3.25270
3.25290
3.25310
3.25330
3.25350
3.25370
3.25390
3.25409
3.25429
3.25449
3.25469
3.25489
3.25509
3.25529
3.25549
3.25569
3.25589
3.25609
3.25629
3.25649
3.25669
3.25689
3.25709
3.25729
3.25749
3.25769
3.25789
3.25809
3.25829
3.25849
3.25869
3.25889
3.25909
3.25929
3.25949
3.25969
3.25989
3.26009
3.26029
3.26050
3.26070
3.26090
3.26110
3.26130
3.26150
3.26170
3.26190
3.26210
3.26230
3.26250
3.26270
3.26290
3.26310
3.26330
3.26350
3.26370
3.26390
3.26410
3.26430
3.26451
3.26471
3.26491
3.26511
3.26531
3.26551
3.26571
3.26591
3.26611
3.26631
3.26651
3.26671
3.26691
3.26712
3.26732
3.26752
3.26772
3.26792
3.26812
3.26832
3.26852
3.26872
3.26892
3.26913
3.26933
3.26953
3.26973
3.26993
3.27013
3.27033
3.27053
3.27074
3.27094
3.27114
3.27134
3.27154
3.27174
3.27194
3.27214
3.27235
3.27255
3.27275
3.27295
3.27315
3.27335
3.27355
3.27376
3.27396
3.27416
3.27436
3.27456
3.27476
3.27497
3.27517
3.27537
3.27557
3.27577
3.27597
3.27618
3.27638
3.27658
3.27678
3.27698
3.27719
3.27739
3.27759
3.27779
3.27799
3.27820
3.27840
3.27860
3.27880
3.27900
3.27921
3.27941
3.27961
3.27981
3.28001
3.28022
3.28042
3.28062
3.28082
3.28102
3.28123
3.28143
3.28163
3.28183
3.28204
3.28224
3.28244
3.28264
3.28285
3.28305
3.28325
3.28345
3.28366
3.28386
3.28406
3.28426
3.28447
3.28467
3.28487
3.28507
3.28528
3.28548
3.28568
3.28588
3.28609
3.28629
3.28649
3.28669
3.28690
3.28710
3.28730
3.28751
3.28771
3.28791
3.28811
3.28832
3.28852
3.28872
3.28893
3.28913
3.28933
3.28954
3.28974
3.28994
3.29014
3.29035
3.29055
3.29075
3.29096
3.29116
3.29136
3.29157
3.29177
3.29197
3.29218
3.29238
3.29258
3.29279
3.29299
3.29319
3.29340
3.29360
3.29380
3.29401
3.29421
3.29441
3.29462
3.29482
3.29502
3.29523
3.29543
3.29564
3.29584
3.29604
3.29625
3.29645
3.29665
3.29686
3.29706
3.29726
3.29747
3.29767
3.29788
3.29808
3.29828
3.29849
3.29869
3.29890
3.29910
3.29930
3.29951
3.29971
3.29992
3.30012
3.30032
3.30053
3.30073
3.30094
3.30114
3.30134
3.30155
3.30175
3.30196
3.30216
3.30236
3.30257
3.30277
3.30298
3.30318
3.30339
3.30359
3.30380
3.30400
3.30420
3.30441
3.30461
3.30482
3.30502
3.30523
3.30543
3.30564
3.30584
3.30604
3.30625
3.30645
3.30666
3.30686
3.30707
3.30727
3.30748
3.30768
3.30789
3.30809
3.30830
3.30850
3.30871
3.30891
3.30912
3.30932
3.30953
3.30973
3.30994
3.31014
3.31035
3.31055
3.31076
3.31096
3.31117
3.31137
3.31158
3.31178
3.31199
3.31219
3.31240
3.31260
3.31281
3.31301
3.31322
3.31342
3.31363
3.31383
3.31404
3.31424
3.31445
3.31466
3.31486
3.31507
3.31527
3.31548
3.31568
3.31589
3.31609
3.31630
3.31650
3.31671
3.31692
3.31712
3.31733
3.31753
3.31774
3.31794
3.31815
3.31836
3.31856
3.31877
3.31897
3.31918
3.31939
3.31959
3.31980
3.32000
3.32021
3.32041
3.32062
3.32083
3.32103
3.32124
3.32145
3.32165
3.32186
3.32206
3.32227
3.32248
3.32268
3.32289
3.32309
3.32330
3.32351
3.32371
3.32392
3.32413
3.32433
3.32454
3.32474
3.32495
3.32516
3.32536
3.32557
3.32578
3.32598
3.32619
3.32640
3.32660
3.32681
3.32702
3.32722
3.32743
3.32764
3.32784
3.32805
3.32826
3.32846
3.32867
3.32888
3.32908
3.32929
3.32950
3.32970
3.32991
3.33012
3.33032
3.33053
3.33074
3.33095
3.33115
3.33136
3.33157
3.33177
3.33198
3.33219
3.33240
3.33260
3.33281
3.33302
3.33322
3.33343
3.33364
3.33385
3.33405
3.33426
3.33447
3.33467
3.33488
3.33509
3.33530
3.33550
3.33571
3.33592
3.33613
3.33633
3.33654
3.33675
3.33696
3.33716
3.33737
3.33758
3.33779
3.33799
3.33820
3.33841
3.33862
3.33883
3.33903
3.33924
3.33945
3.33966
3.33986
3.34007
3.34028
3.34049
3.34070
3.34090
3.34111
3.34132
3.34153
3.34174
3.34194
3.34215
3.34236
3.34257
3.34278
3.34298
3.34319
3.34340
3.34361
3.34382
3.34403
3.34423
3.34444
3.34465
3.34486
3.34507
3.34528
3.34548
3.34569
3.34590
3.34611
3.34632
3.34653
3.34673
3.34694
3.34715
3.34736
3.34757
3.34778
3.34799
3.34820
3.34840
3.34861
3.34882
3.34903
3.34924
3.34945
3.34966
3.34986
3.35007
3.35028
3.35049
3.35070
3.35091
3.35112
3.35133
3.35154
3.35175
3.35195
3.35216
3.35237
3.35258
3.35279
3.35300
3.35321
3.35342
3.35363
3.35384
3.35405
3.35425
3.35446
3.35467
3.35488
3.35509
3.35530
3.35551
3.35572
3.35593
3.35614
3.35635
3.35656
3.35677
3.35698
3.35719
3.35740
3.35761
3.35781
3.35802
3.35823
3.35844
3.35865
3.35886
3.35907
3.35928
3.35949
3.35970
3.35991
3.36012
3.36033
3.36054
3.36075
3.36096
3.36117
3.36138
3.36159
3.36180
3.36201
3.36222
3.36243
3.36264
3.36285
3.36306
3.36327
3.36348
3.36369
3.36390
3.36411
3.36432
3.36453
3.36474
3.36495
3.36516
3.36537
3.36558
3.36579
3.36600
3.36622
3.36643
3.36664
3.36685
3.36706
3.36727
3.36748
3.36769
3.36790
3.36811
3.36832
3.36853
3.36874
3.36895
3.36916
3.36937
3.36958
3.36980
3.37001
3.37022
3.37043
3.37064
3.37085
3.37106
3.37127
3.37148
3.37169
3.37190
3.37212
3.37233
3.37254
3.37275
3.37296
3.37317
3.37338
3.37359
3.37380
3.37401
3.37423
3.37444
3.37465
3.37486
3.37507
3.37528
3.37549
3.37571
3.37592
3.37613
3.37634
3.37655
3.37676
3.37697
3.37719
3.37740
3.37761
3.37782
3.37803
3.37824
3.37845
3.37867
3.37888
3.37909
3.37930
3.37951
3.37972
3.37994
3.38015
3.38036
3.38057
3.38078
3.38100
3.38121
3.38142
3.38163
3.38184
3.38205
3.38227
3.38248
3.38269
3.38290
3.38312
3.38333
3.38354
3.38375
3.38396
3.38418
3.38439
3.38460
3.38481
3.38502
3.38524
3.38545
3.38566
3.38587
3.38609
3.38630
3.38651
3.38672
3.38694
3.38715
3.38736
3.38757
3.38779
3.38800
3.38821
3.38842
3.38864
3.38885
3.38906
3.38927
3.38949
3.38970
3.38991
3.39013
3.39034
3.39055
3.39076
3.39098
3.39119
3.39140
3.39162
3.39183
3.39204
3.39225
3.39247
3.39268
3.39289
3.39311
3.39332
3.39353
3.39375
3.39396
3.39417
3.39438
3.39460
3.39481
3.39502
3.39524
3.39545
3.39566
3.39588
3.39609
3.39630
3.39652
3.39673
3.39694
3.39716
3.39737
3.39759
3.39780
3.39801
3.39823
3.39844
3.39865
3.39887
3.39908
3.39929
3.39951
3.39972
3.39994
3.40015
3.40036
3.40058
3.40079
3.40100
3.40122
3.40143
3.40165
3.40186
3.40207
3.40229
3.40250
3.40272
3.40293
3.40314
3.40336
3.40357
3.40379
3.40400
3.40421
3.40443
3.40464
3.40486
3.40507
3.40529
3.40550
3.40571
3.40593
3.40614
3.40636
3.40657
3.40679
3.40700
3.40722
3.40743
3.40764
3.40786
3.40807
3.40829
3.40850
3.40872
3.40893
3.40915
3.40936
3.40958
3.40979
3.41001
3.41022
3.41043
3.41065
3.41086
3.41108
3.41129
3.41151
3.41172
3.41194
3.41215
3.41237
3.41258
3.41280
3.41301
3.41323
3.41344
3.41366
3.41387
3.41409
3.41430
3.41452
3.41473
3.41495
3.41517
3.41538
3.41560
3.41581
3.41603
3.41624
3.41646
3.41667
3.41689
3.41710
3.41732
3.41753
3.41775
3.41797
3.41818
3.41840
3.41861
3.41883
3.41904
3.41926
3.41948
3.41969
3.41991
3.42012
3.42034
3.42055
3.42077
3.42099
3.42120
3.42142
3.42163
3.42185
3.42207
3.42228
3.42250
3.42271
3.42293
3.42315
3.42336
3.42358
3.42379
3.42401
3.42423
3.42444
3.42466
3.42487
3.42509
3.42531
3.42552
3.42574
3.42596
3.42617
3.42639
3.42661
3.42682
3.42704
3.42725
3.42747
3.42769
3.42790
3.42812
3.42834
3.42855
3.42877
3.42899
3.42920
3.42942
3.42964
3.42985
3.43007
3.43029
3.43050
3.43072
3.43094
3.43115
3.43137
3.43159
3.43181
3.43202
3.43224
3.43246
3.43267
3.43289
3.43311
3.43332
3.43354
3.43376
3.43398
3.43419
3.43441
3.43463
3.43484
3.43506
3.43528
3.43550
3.43571
3.43593
3.43615
3.43637
3.43658
3.43680
3.43702
3.43724
3.43745
3.43767
3.43789
3.43811
3.43832
3.43854
3.43876
3.43898
3.43919
3.43941
3.43963
3.43985
3.44007
3.44028
3.44050
3.44072
3.44094
3.44115
3.44137
3.44159
3.44181
3.44203
3.44224
3.44246
3.44268
3.44290
3.44312
3.44333
3.44355
3.44377
3.44399
3.44421
3.44443
3.44464
3.44486
3.44508
3.44530
3.44552
3.44574
3.44595
3.44617
3.44639
3.44661
3.44683
3.44705
3.44726
3.44748
3.44770
3.44792
3.44814
3.44836
3.44858
3.44879
3.44901
3.44923
3.44945
3.44967
3.44989
3.45011
3.45033
3.45054
3.45076
3.45098
3.45120
3.45142
3.45164
3.45186
3.45208
3.45230
3.45251
3.45273
3.45295
3.45317
3.45339
3.45361
3.45383
3.45405
3.45427
3.45449
3.45471
3.45493
3.45514
3.45536
3.45558
3.45580
3.45602
3.45624
3.45646
3.45668
3.45690
3.45712
3.45734
3.45756
3.45778
3.45800
3.45822
3.45844
3.45866
3.45888
3.45910
3.45932
3.45954
3.45976
3.45998
3.46020
3.46042
3.46063
3.46085
3.46107
3.46129
3.46151
3.46173
3.46195
3.46217
3.46239
3.46261
3.46283
3.46305
3.46328
3.46350
3.46372
3.46394
3.46416
3.46438
3.46460
3.46482
3.46504
3.46526
3.46548
3.46570
3.46592
3.46614
3.46636
3.46658
3.46680
3.46702
3.46724
3.46746
3.46768
3.46790
3.46812
3.46834
3.46857
3.46879
3.46901
3.46923
3.46945
3.46967
3.46989
3.47011
3.47033
3.47055
3.47077
3.47099
3.47121
3.47144
3.47166
3.47188
3.47210
3.47232
3.47254
3.47276
3.47298
3.47320
3.47343
3.47365
3.47387
3.47409
3.47431
3.47453
3.47475
3.47497
3.47520
3.47542
3.47564
3.47586
3.47608
3.47630
3.47652
3.47675
3.47697
3.47719
3.47741
3.47763
3.47785
3.47808
3.47830
3.47852
3.47874
3.47896
3.47918
3.47941
3.47963
3.47985
3.48007
3.48029
3.48052
3.48074
3.48096
3.48118
3.48140
3.48163
3.48185
3.48207
3.48229
3.48251
3.48274
3.48296
3.48318
3.48340
3.48362
3.48385
3.48407
3.48429
3.48451
3.48474
3.48496
3.48518
3.48540
3.48563
3.48585
3.48607
3.48629
3.48652
3.48674
3.48696
3.48718
3.48741
3.48763
3.48785
3.48807
3.48830
3.48852
3.48874
3.48897
3.48919
3.48941
3.48963
3.48986
3.49008
3.49030
3.49053
3.49075
3.49097
3.49119
3.49142
3.49164
3.49186
3.49209
3.49231
3.49253
3.49276
3.49298
3.49320
3.49343
3.49365
3.49387
3.49410
3.49432
3.49454
3.49477
3.49499
3.49521
3.49544
3.49566
3.49588
3.49611
3.49633
3.49655
3.49678
3.49700
3.49722
3.49745
3.49767
3.49790
3.49812
3.49834
3.49857
3.49879
3.49901
3.49924
3.49946
3.49969
3.49991
3.50013
3.50036
3.50058
3.50081
3.50103
3.50125
3.50148
3.50170
3.50193
3.50215
3.50237
3.50260
3.50282
3.50305
3.50327
3.50350
3.50372
3.50394
3.50417
3.50439
3.50462
3.50484
3.50507
3.50529
3.50552
3.50574
3.50596
3.50619
3.50641
3.50664
3.50686
3.50709
3.50731
3.50754
3.50776
3.50799
3.50821
3.50844
3.50866
3.50889
3.50911
3.50934
3.50956
3.50979
3.51001
3.51024
3.51046
3.51069
3.51091
3.51114
3.51136
3.51159
3.51181
3.51204
3.51226
3.51249
3.51271
3.51294
3.51316
3.51339
3.51361
3.51384
3.51406
3.51429
3.51452
3.51474
3.51497
3.51519
3.51542
3.51564
3.51587
3.51609
3.51632
3.51655
3.51677
3.51700
3.51722
3.51745
3.51767
3.51790
3.51813
3.51835
3.51858
3.51880
3.51903
3.51926
3.51948
3.51971
3.51993
3.52016
3.52039
3.52061
3.52084
3.52106
3.52129
3.52152
3.52174
3.52197
3.52219
3.52242
3.52265
3.52287
3.52310
3.52333
3.52355
3.52378
3.52401
3.52423
3.52446
3.52469
3.52491
3.52514
3.52536
3.52559
3.52582
3.52604
3.52627
3.52650
3.52672
3.52695
3.52718
3.52741
3.52763
3.52786
3.52809
3.52831
3.52854
3.52877
3.52899
3.52922
3.52945
3.52967
3.52990
3.53013
3.53036
3.53058
3.53081
3.53104
3.53126
3.53149
3.53172
3.53195
3.53217
3.53240
3.53263
3.53286
3.53308
3.53331
3.53354
3.53377
3.53399
3.53422
3.53445
3.53468
3.53490
3.53513
3.53536
3.53559
3.53581
3.53604
3.53627
3.53650
3.53673
3.53695
3.53718
3.53741
3.53764
3.53786
3.53809
3.53832
3.53855
3.53878
3.53900
3.53923
3.53946
3.53969
3.53992
3.54014
3.54037
3.54060
3.54083
3.54106
3.54129
3.54151
3.54174
3.54197
3.54220
3.54243
3.54266
3.54288
3.54311
3.54334
3.54357
3.54380
3.54403
3.54426
3.54448
3.54471
3.54494
3.54517
3.54540
3.54563
3.54586
3.54609
3.54631
3.54654
3.54677
3.54700
3.54723
3.54746
3.54769
3.54792
3.54815
3.54837
3.54860
3.54883
3.54906
3.54929
3.54952
3.54975
3.54998
3.55021
3.55044
3.55067
3.55090
3.55113
3.55135
3.55158
3.55181
3.55204
3.55227
3.55250
3.55273
3.55296
3.55319
3.55342
3.55365
3.55388
3.55411
3.55434
3.55457
3.55480
3.55503
3.55526
3.55549
3.55572
3.55595
3.55618
3.55641
3.55664
3.55687
3.55710
3.55733
3.55756
3.55779
3.55802
3.55825
3.55848
3.55871
3.55894
3.55917
3.55940
3.55963
3.55986
3.56009
3.56032
3.56055
3.56078
3.56101
3.56124
3.56147
3.56170
3.56193
3.56216
3.56239
3.56262
3.56285
3.56308
3.56331
3.56355
3.56378
3.56401
3.56424
3.56447
3.56470
3.56493
3.56516
3.56539
3.56562
3.56585
3.56608
3.56632
3.56655
3.56678
3.56701
3.56724
3.56747
3.56770
3.56793
3.56816
3.56839
3.56863
3.56886
3.56909
3.56932
3.56955
3.56978
3.57001
3.57025
3.57048
3.57071
3.57094
3.57117
3.57140
3.57163
3.57187
3.57210
3.57233
3.57256
3.57279
3.57302
3.57326
3.57349
3.57372
3.57395
3.57418
3.57441
3.57465
3.57488
3.57511
3.57534
3.57557
3.57581
3.57604
3.57627
3.57650
3.57673
3.57697
3.57720
3.57743
3.57766
3.57789
3.57813
3.57836
3.57859
3.57882
3.57906
3.57929
3.57952
3.57975
3.57999
3.58022
3.58045
3.58068
3.58092
3.58115
3.58138
3.58161
3.58185
3.58208
3.58231
3.58254
3.58278
3.58301
3.58324
3.58347
3.58371
3.58394
3.58417
3.58441
3.58464
3.58487
3.58511
3.58534
3.58557
3.58580
3.58604
3.58627
3.58650
3.58674
3.58697
3.58720
3.58744
3.58767
3.58790
3.58814
3.58837
3.58860
3.58884
3.58907
3.58930
3.58954
3.58977
3.59000
3.59024
3.59047
3.59070
3.59094
3.59117
3.59141
3.59164
3.59187
3.59211
3.59234
3.59257
3.59281
3.59304
3.59328
3.59351
3.59374
3.59398
3.59421
3.59445
3.59468
3.59491
3.59515
3.59538
3.59562
3.59585
3.59608
3.59632
3.59655
3.59679
3.59702
3.59726
3.59749
3.59772
3.59796
3.59819
3.59843
3.59866
3.59890
3.59913
3.59937
3.59960
3.59983
3.60007
3.60030
3.60054
3.60077
3.60101
3.60124
3.60148
3.60171
3.60195
3.60218
3.60242
3.60265
3.60289
3.60312
3.60336
3.60359
3.60383
3.60406
3.60430
3.60453
3.60477
3.60500
3.60524
3.60547
3.60571
3.60594
3.60618
3.60641
3.60665
3.60688
3.60712
3.60735
3.60759
3.60783
3.60806
3.60830
3.60853
3.60877
3.60900
3.60924
3.60947
3.60971
3.60995
3.61018
3.61042
3.61065
3.61089
3.61112
3.61136
3.61160
3.61183
3.61207
3.61230
3.61254
3.61278
3.61301
3.61325
3.61348
3.61372
3.61396
3.61419
3.61443
3.61467
3.61490
3.61514
3.61537
3.61561
3.61585
3.61608
3.61632
3.61656
3.61679
3.61703
3.61727
3.61750
3.61774
3.61798
3.61821
3.61845
3.61868
3.61892
3.61916
3.61940
3.61963
3.61987
3.62011
3.62034
3.62058
3.62082
3.62105
3.62129
3.62153
3.62176
3.62200
3.62224
3.62247
3.62271
3.62295
3.62319
3.62342
3.62366
3.62390
3.62414
3.62437
3.62461
3.62485
3.62508
3.62532
3.62556
3.62580
3.62603
3.62627
3.62651
3.62675
3.62698
3.62722
3.62746
3.62770
3.62793
3.62817
3.62841
3.62865
3.62889
3.62912
3.62936
3.62960
3.62984
3.63008
3.63031
3.63055
3.63079
3.63103
3.63127
3.63150
3.63174
3.63198
3.63222
3.63246
3.63269
3.63293
3.63317
3.63341
3.63365
3.63389
3.63412
3.63436
3.63460
3.63484
3.63508
3.63532
3.63555
3.63579
3.63603
3.63627
3.63651
3.63675
3.63699
3.63722
3.63746
3.63770
3.63794
3.63818
3.63842
3.63866
3.63890
3.63914
3.63937
3.63961
3.63985
3.64009
3.64033
3.64057
3.64081
3.64105
3.64129
3.64153
3.64177
3.64200
3.64224
3.64248
3.64272
3.64296
3.64320
3.64344
3.64368
3.64392
3.64416
3.64440
3.64464
3.64488
3.64512
3.64536
3.64560
3.64584
3.64608
3.64632
3.64655
3.64679
3.64703
3.64727
3.64751
3.64775
3.64799
3.64823
3.64847
3.64871
3.64895
3.64919
3.64943
3.64967
3.64991
3.65015
3.65039
3.65063
3.65087
3.65112
3.65136
3.65160
3.65184
3.65208
3.65232
3.65256
3.65280
3.65304
3.65328
3.65352
3.65376
3.65400
3.65424
3.65448
3.65472
3.65496
3.65520
3.65544
3.65569
3.65593
3.65617
3.65641
3.65665
3.65689
3.65713
3.65737
3.65761
3.65785
3.65809
3.65834
3.65858
3.65882
3.65906
3.65930
3.65954
3.65978
3.66002
3.66026
3.66051
3.66075
3.66099
3.66123
3.66147
3.66171
3.66195
3.66220
3.66244
3.66268
3.66292
3.66316
3.66340
3.66365
3.66389
3.66413
3.66437
3.66461
3.66485
3.66510
3.66534
3.66558
3.66582
3.66606
3.66631
3.66655
3.66679
3.66703
3.66727
3.66752
3.66776
3.66800
3.66824
3.66848
3.66873
3.66897
3.66921
3.66945
3.66970
3.66994
3.67018
3.67042
3.67067
3.67091
3.67115
3.67139
3.67164
3.67188
3.67212
3.67236
3.67261
3.67285
3.67309
3.67333
3.67358
3.67382
3.67406
3.67431
3.67455
3.67479
3.67503
3.67528
3.67552
3.67576
3.67601
3.67625
3.67649
3.67674
3.67698
3.67722
3.67747
3.67771
3.67795
3.67820
3.67844
3.67868
3.67893
3.67917
3.67941
3.67966
3.67990
3.68014
3.68039
3.68063
3.68087
3.68112
3.68136
3.68160
3.68185
3.68209
3.68234
3.68258
3.68282
3.68307
3.68331
3.68355
3.68380
3.68404
3.68429
3.68453
3.68477
3.68502
3.68526
3.68551
3.68575
3.68600
3.68624
3.68648
3.68673
3.68697
3.68722
3.68746
3.68771
3.68795
3.68819
3.68844
3.68868
3.68893
3.68917
3.68942
3.68966
3.68991
3.69015
3.69040
3.69064
3.69088
3.69113
3.69137
3.69162
3.69186
3.69211
3.69235
3.69260
3.69284
3.69309
3.69333
3.69358
3.69382
3.69407
3.69431
3.69456
3.69480
3.69505
3.69530
3.69554
3.69579
3.69603
3.69628
3.69652
3.69677
3.69701
3.69726
3.69750
3.69775
3.69799
3.69824
3.69849
3.69873
3.69898
3.69922
3.69947
3.69971
3.69996
3.70021
3.70045
3.70070
3.70094
3.70119
3.70144
3.70168
3.70193
3.70217
3.70242
3.70267
3.70291
3.70316
3.70340
3.70365
3.70390
3.70414
3.70439
3.70464
3.70488
3.70513
3.70537
3.70562
3.70587
3.70611
3.70636
3.70661
3.70685
3.70710
3.70735
3.70759
3.70784
3.70809
3.70833
3.70858
3.70883
3.70907
3.70932
3.70957
3.70981
3.71006
3.71031
3.71056
3.71080
3.71105
3.71130
3.71154
3.71179
3.71204
3.71229
3.71253
3.71278
3.71303
3.71327
3.71352
3.71377
3.71402
3.71426
3.71451
3.71476
3.71501
3.71525
3.71550
3.71575
3.71600
3.71624
3.71649
3.71674
3.71699
3.71723
3.71748
3.71773
3.71798
3.71823
3.71847
3.71872
3.71897
3.71922
3.71947
3.71971
3.71996
3.72021
3.72046
3.72071
3.72095
3.72120
3.72145
3.72170
3.72195
3.72220
3.72244
3.72269
3.72294
3.72319
3.72344
3.72369
3.72394
3.72418
3.72443
3.72468
3.72493
3.72518
3.72543
3.72568
3.72592
3.72617
3.72642
3.72667
3.72692
3.72717
3.72742
3.72767
3.72792
3.72816
3.72841
3.72866
3.72891
3.72916
3.72941
3.72966
3.72991
3.73016
3.73041
3.73066
3.73091
3.73116
3.73140
3.73165
3.73190
3.73215
3.73240
3.73265
3.73290
3.73315
3.73340
3.73365
3.73390
3.73415
3.73440
3.73465
3.73490
3.73515
3.73540
3.73565
3.73590
3.73615
3.73640
3.73665
3.73690
3.73715
3.73740
3.73765
3.73790
3.73815
3.73840
3.73865
3.73890
3.73915
3.73940
3.73965
3.73990
3.74015
3.74040
3.74065
3.74090
3.74115
3.74140
3.74166
3.74191
3.74216
3.74241
3.74266
3.74291
3.74316
3.74341
3.74366
3.74391
3.74416
3.74441
3.74466
3.74492
3.74517
3.74542
3.74567
3.74592
3.74617
3.74642
3.74667
3.74692
3.74718
3.74743
3.74768
3.74793
3.74818
3.74843
3.74868
3.74894
3.74919
3.74944
3.74969
3.74994
3.75019
3.75044
3.75070
3.75095
3.75120
3.75145
3.75170
3.75196
3.75221
3.75246
3.75271
3.75296
3.75321
3.75347
3.75372
3.75397
3.75422
3.75447
3.75473
3.75498
3.75523
3.75548
3.75574
3.75599
3.75624
3.75649
3.75674
3.75700
3.75725
3.75750
3.75775
3.75801
3.75826
3.75851
3.75876
3.75902
3.75927
3.75952
3.75978
3.76003
3.76028
3.76053
3.76079
3.76104
3.76129
3.76155
3.76180
3.76205
3.76230
3.76256
3.76281
3.76306
3.76332
3.76357
3.76382
3.76408
3.76433
3.76458
3.76484
3.76509
3.76534
3.76560
3.76585
3.76610
3.76636
3.76661
3.76686
3.76712
3.76737
3.76762
3.76788
3.76813
3.76839
3.76864
3.76889
3.76915
3.76940
3.76965
3.76991
3.77016
3.77042
3.77067
3.77092
3.77118
3.77143
3.77169
3.77194
3.77220
3.77245
3.77270
3.77296
3.77321
3.77347
3.77372
3.77398
3.77423
3.77448
3.77474
3.77499
3.77525
3.77550
3.77576
3.77601
3.77627
3.77652
3.77678
3.77703
3.77729
3.77754
3.77779
3.77805
3.77830
3.77856
3.77881
3.77907
3.77932
3.77958
3.77983
3.78009
3.78035
3.78060
3.78086
3.78111
3.78137
3.78162
3.78188
3.78213
3.78239
3.78264
3.78290
3.78315
3.78341
3.78366
3.78392
3.78418
3.78443
3.78469
3.78494
3.78520
3.78545
3.78571
3.78597
3.78622
3.78648
3.78673
3.78699
3.78725
3.78750
3.78776
3.78801
3.78827
3.78853
3.78878
3.78904
3.78929
3.78955
3.78981
3.79006
3.79032
3.79058
3.79083
3.79109
3.79135
3.79160
3.79186
3.79211
3.79237
3.79263
3.79288
3.79314
3.79340
3.79365
3.79391
3.79417
3.79443
3.79468
3.79494
3.79520
3.79545
3.79571
3.79597
3.79622
3.79648
3.79674
3.79700
3.79725
3.79751
3.79777
3.79802
3.79828
3.79854
3.79880
3.79905
3.79931
3.79957
3.79983
3.80008
3.80034
3.80060
3.80086
3.80111
3.80137
3.80163
3.80189
3.80214
3.80240
3.80266
3.80292
3.80318
3.80343
3.80369
3.80395
3.80421
3.80447
3.80472
3.80498
3.80524
3.80550
3.80576
3.80601
3.80627
3.80653
3.80679
3.80705
3.80731
3.80756
3.80782
3.80808
3.80834
3.80860
3.80886
3.80912
3.80937
3.80963
3.80989
3.81015
3.81041
3.81067
3.81093
3.81119
3.81144
3.81170
3.81196
3.81222
3.81248
3.81274
3.81300
3.81326
3.81352
3.81378
3.81403
3.81429
3.81455
3.81481
3.81507
3.81533
3.81559
3.81585
3.81611
3.81637
3.81663
3.81689
3.81715
3.81741
3.81767
3.81793
3.81819
3.81845
3.81870
3.81896
3.81922
3.81948
3.81974
3.82000
3.82026
3.82052
3.82078
3.82104
3.82130
3.82156
3.82182
3.82208
3.82234
3.82260
3.82287
3.82313
3.82339
3.82365
3.82391
3.82417
3.82443
3.82469
3.82495
3.82521
3.82547
3.82573
3.82599
3.82625
3.82651
3.82677
3.82703
3.82729
3.82756
3.82782
3.82808
3.82834
3.82860
3.82886
3.82912
3.82938
3.82964
3.82990
3.83016
3.83043
3.83069
3.83095
3.83121
3.83147
3.83173
3.83199
3.83226
3.83252
3.83278
3.83304
3.83330
3.83356
3.83382
3.83409
3.83435
3.83461
3.83487
3.83513
3.83539
3.83566
3.83592
3.83618
3.83644
3.83670
3.83697
3.83723
3.83749
3.83775
3.83801
3.83828
3.83854
3.83880
3.83906
3.83932
3.83959
3.83985
3.84011
3.84037
3.84064
3.84090
3.84116
3.84142
3.84169
3.84195
3.84221
3.84247
3.84274
3.84300
3.84326
3.84353
3.84379
3.84405
3.84431
3.84458
3.84484
3.84510
3.84537
3.84563
3.84589
3.84615
3.84642
3.84668
3.84694
3.84721
3.84747
3.84773
3.84800
3.84826
3.84852
3.84879
3.84905
3.84931
3.84958
3.84984
3.85010
3.85037
3.85063
3.85090
3.85116
3.85142
3.85169
3.85195
3.85221
3.85248
3.85274
3.85301
3.85327
3.85353
3.85380
3.85406
3.85433
3.85459
3.85485
3.85512
3.85538
3.85565
3.85591
3.85618
3.85644
3.85670
3.85697
3.85723
3.85750
3.85776
3.85803
3.85829
3.85856
3.85882
3.85909
3.85935
3.85961
3.85988
3.86014
3.86041
3.86067
3.86094
3.86120
3.86147
3.86173
3.86200
3.86226
3.86253
3.86279
3.86306
3.86332
3.86359
3.86385
3.86412
3.86439
3.86465
3.86492
3.86518
3.86545
3.86571
3.86598
3.86624
3.86651
3.86677
3.86704
3.86731
3.86757
3.86784
3.86810
3.86837
3.86864
3.86890
3.86917
3.86943
3.86970
3.86997
3.87023
3.87050
3.87076
3.87103
3.87130
3.87156
3.87183
3.87209
3.87236
3.87263
3.87289
3.87316
3.87343
3.87369
3.87396
3.87423
3.87449
3.87476
3.87503
3.87529
3.87556
3.87583
3.87609
3.87636
3.87663
3.87689
3.87716
3.87743
3.87769
3.87796
3.87823
3.87849
3.87876
3.87903
3.87930
3.87956
3.87983
3.88010
3.88037
3.88063
3.88090
3.88117
3.88143
3.88170
3.88197
3.88224
3.88251
3.88277
3.88304
3.88331
3.88358
3.88384
3.88411
3.88438
3.88465
3.88491
3.88518
3.88545
3.88572
3.88599
3.88625
3.88652
3.88679
3.88706
3.88733
3.88760
3.88786
3.88813
3.88840
3.88867
3.88894
3.88921
3.88947
3.88974
3.89001
3.89028
3.89055
3.89082
3.89109
3.89135
3.89162
3.89189
3.89216
3.89243
3.89270
3.89297
3.89324
3.89350
3.89377
3.89404
3.89431
3.89458
3.89485
3.89512
3.89539
3.89566
3.89593
3.89620
3.89647
3.89673
3.89700
3.89727
3.89754
3.89781
3.89808
3.89835
3.89862
3.89889
3.89916
3.89943
3.89970
3.89997
3.90024
3.90051
3.90078
3.90105
3.90132
3.90159
3.90186
3.90213
3.90240
3.90267
3.90294
3.90321
3.90348
3.90375
3.90402
3.90429
3.90456
3.90483
3.90510
3.90537
3.90564
3.90591
3.90618
3.90645
3.90672
3.90699
3.90727
3.90754
3.90781
3.90808
3.90835
3.90862
3.90889
3.90916
3.90943
3.90970
3.90997
3.91025
3.91052
3.91079
3.91106
3.91133
3.91160
3.91187
3.91214
3.91241
3.91269
3.91296
3.91323
3.91350
3.91377
3.91404
3.91432
3.91459
3.91486
3.91513
3.91540
3.91567
3.91595
3.91622
3.91649
3.91676
3.91703
3.91730
3.91758
3.91785
3.91812
3.91839
3.91866
3.91894
3.91921
3.91948
3.91975
3.92003
3.92030
3.92057
3.92084
3.92112
3.92139
3.92166
3.92193
3.92221
3.92248
3.92275
3.92302
3.92330
3.92357
3.92384
3.92411
3.92439
3.92466
3.92493
3.92521
3.92548
3.92575
3.92602
3.92630
3.92657
3.92684
3.92712
3.92739
3.92766
3.92794
3.92821
3.92848
3.92876
3.92903
3.92930
3.92958
3.92985
3.93012
3.93040
3.93067
3.93095
3.93122
3.93149
3.93177
3.93204
3.93231
3.93259
3.93286
3.93314
3.93341
3.93368
3.93396
3.93423
3.93451
3.93478
3.93505
3.93533
3.93560
3.93588
3.93615
3.93643
3.93670
3.93698
3.93725
3.93752
3.93780
3.93807
3.93835
3.93862
3.93890
3.93917
3.93945
3.93972
3.94000
3.94027
3.94055
3.94082
3.94110
3.94137
3.94165
3.94192
3.94220
3.94247
3.94275
3.94302
3.94330
3.94357
3.94385
3.94412
3.94440
3.94467
3.94495
3.94522
3.94550
3.94578
3.94605
3.94633
3.94660
3.94688
3.94715
3.94743
3.94771
3.94798
3.94826
3.94853
3.94881
3.94909
3.94936
3.94964
3.94991
3.95019
3.95047
3.95074
3.95102
3.95129
3.95157
3.95185
3.95212
3.95240
3.95268
3.95295
3.95323
3.95351
3.95378
3.95406
3.95434
3.95461
3.95489
3.95517
3.95544
3.95572
3.95600
3.95627
3.95655
3.95683
3.95710
3.95738
3.95766
3.95794
3.95821
3.95849
3.95877
3.95905
3.95932
3.95960
3.95988
3.96015
3.96043
3.96071
3.96099
3.96126
3.96154
3.96182
3.96210
3.96238
3.96265
3.96293
3.96321
3.96349
3.96376
3.96404
3.96432
3.96460
3.96488
3.96515
3.96543
3.96571
3.96599
3.96627
3.96655
3.96682
3.96710
3.96738
3.96766
3.96794
3.96822
3.96849
3.96877
3.96905
3.96933
3.96961
3.96989
3.97017
3.97044
3.97072
3.97100
3.97128
3.97156
3.97184
3.97212
3.97240
3.97268
3.97295
3.97323
3.97351
3.97379
3.97407
3.97435
3.97463
3.97491
3.97519
3.97547
3.97575
3.97603
3.97631
3.97659
3.97687
3.97715
3.97742
3.97770
3.97798
3.97826
3.97854
3.97882
3.97910
3.97938
3.97966
3.97994
3.98022
3.98050
3.98078
3.98106
3.98134
3.98162
3.98190
3.98218
3.98246
3.98275
3.98303
3.98331
3.98359
3.98387
3.98415
3.98443
3.98471
3.98499
3.98527
3.98555
3.98583
3.98611
3.98639
3.98667
3.98695
3.98724
3.98752
3.98780
3.98808
3.98836
3.98864
3.98892
3.98920
3.98948
3.98977
3.99005
3.99033
3.99061
3.99089
3.99117
3.99145
3.99174
3.99202
3.99230
3.99258
3.99286
3.99314
3.99343
3.99371
3.99399
3.99427
3.99455
3.99484
3.99512
3.99540
3.99568
3.99596
3.99625
3.99653
3.99681
3.99709
3.99737
3.99766
3.99794
3.99822
3.99850
3.99879
3.99907
3.99935
3.99963
3.99992
4.00020
4.00048
4.00076
4.00105
4.00133
4.00161
4.00190
4.00218
4.00246
4.00274
4.00303
4.00331
4.00359
4.00388
4.00416
4.00444
4.00473
4.00501
4.00529
4.00558
4.00586
4.00614
4.00643
4.00671
4.00699
4.00728
4.00756
4.00784
4.00813
4.00841
4.00870
4.00898
4.00926
4.00955
4.00983
4.01011
4.01040
4.01068
4.01097
4.01125
4.01153
4.01182
4.01210
4.01239
4.01267
4.01296
4.01324
4.01352
4.01381
4.01409
4.01438
4.01466
4.01495
4.01523
4.01552
4.01580
4.01609
4.01637
4.01666
4.01694
4.01723
4.01751
4.01780
4.01808
4.01837
4.01865
4.01894
4.01922
4.01951
4.01979
4.02008
4.02036
4.02065
4.02093
4.02122
4.02150
4.02179
4.02207
4.02236
4.02265
4.02293
4.02322
4.02350
4.02379
4.02407
4.02436
4.02465
4.02493
4.02522
4.02550
4.02579
4.02608
4.02636
4.02665
4.02693
4.02722
4.02751
4.02779
4.02808
4.02837
4.02865
4.02894
4.02922
4.02951
4.02980
4.03008
4.03037
4.03066
4.03094
4.03123
4.03152
4.03180
4.03209
4.03238
4.03267
4.03295
4.03324
4.03353
4.03381
4.03410
4.03439
4.03468
4.03496
4.03525
4.03554
4.03582
4.03611
4.03640
4.03669
4.03697
4.03726
4.03755
4.03784
4.03812
4.03841
4.03870
4.03899
4.03928
4.03956
4.03985
4.04014
4.04043
4.04072
4.04100
4.04129
4.04158
4.04187
4.04216
4.04244
4.04273
4.04302
4.04331
4.04360
4.04389
4.04417
4.04446
4.04475
4.04504
4.04533
4.04562
4.04591
4.04620
4.04648
4.04677
4.04706
4.04735
4.04764
4.04793
4.04822
4.04851
4.04880
4.04908
4.04937
4.04966
4.04995
4.05024
4.05053
4.05082
4.05111
4.05140
4.05169
4.05198
4.05227
4.05256
4.05285
4.05314
4.05343
4.05372
4.05401
4.05430
4.05459
4.05488
4.05517
4.05546
4.05575
4.05604
4.05633
4.05662
4.05691
4.05720
4.05749
4.05778
4.05807
4.05836
4.05865
4.05894
4.05923
4.05952
4.05981
4.06010
4.06039
4.06068
4.06097
4.06126
4.06155
4.06185
4.06214
4.06243
4.06272
4.06301
4.06330
4.06359
4.06388
4.06417
4.06447
4.06476
4.06505
4.06534
4.06563
4.06592
4.06621
4.06650
4.06680
4.06709
4.06738
4.06767
4.06796
4.06825
4.06855
4.06884
4.06913
4.06942
4.06971
4.07001
4.07030
4.07059
4.07088
4.07117
4.07147
4.07176
4.07205
4.07234
4.07264
4.07293
4.07322
4.07351
4.07380
4.07410
4.07439
4.07468
4.07498
4.07527
4.07556
4.07585
4.07615
4.07644
4.07673
4.07702
4.07732
4.07761
4.07790
4.07820
4.07849
4.07878
4.07908
4.07937
4.07966
4.07996
4.08025
4.08054
4.08084
4.08113
4.08142
4.08172
4.08201
4.08230
4.08260
4.08289
4.08319
4.08348
4.08377
4.08407
4.08436
4.08465
4.08495
4.08524
4.08554
4.08583
4.08613
4.08642
4.08671
4.08701
4.08730
4.08760
4.08789
4.08819
4.08848
4.08877
4.08907
4.08936
4.08966
4.08995
4.09025
4.09054
4.09084
4.09113
4.09143
4.09172
4.09202
4.09231
4.09261
4.09290
4.09320
4.09349
4.09379
4.09408
4.09438
4.09467
4.09497
4.09526
4.09556
4.09586
4.09615
4.09645
4.09674
4.09704
4.09733
4.09763
4.09793
4.09822
4.09852
4.09881
4.09911
4.09940
4.09970
4.10000
4.10029
4.10059
4.10089
4.10118
4.10148
4.10177
4.10207
4.10237
4.10266
4.10296
4.10326
4.10355
4.10385
4.10415
4.10444
4.10474
4.10504
4.10533
4.10563
4.10593
4.10622
4.10652
4.10682
4.10711
4.10741
4.10771
4.10801
4.10830
4.10860
4.10890
4.10920
4.10949
4.10979
4.11009
4.11039
4.11068
4.11098
4.11128
4.11158
4.11187
4.11217
4.11247
4.11277
4.11306
4.11336
4.11366
4.11396
4.11426
4.11455
4.11485
4.11515
4.11545
4.11575
4.11605
4.11634
4.11664
4.11694
4.11724
4.11754
4.11784
4.11813
4.11843
4.11873
4.11903
4.11933
4.11963
4.11993
4.12023
4.12052
4.12082
4.12112
4.12142
4.12172
4.12202
4.12232
4.12262
4.12292
4.12322
4.12352
4.12382
4.12411
4.12441
4.12471
4.12501
4.12531
4.12561
4.12591
4.12621
4.12651
4.12681
4.12711
4.12741
4.12771
4.12801
4.12831
4.12861
4.12891
4.12921
4.12951
4.12981
4.13011
4.13041
4.13071
4.13101
4.13131
4.13161
4.13191
4.13221
4.13252
4.13282
4.13312
4.13342
4.13372
4.13402
4.13432
4.13462
4.13492
4.13522
4.13552
4.13582
4.13613
4.13643
4.13673
4.13703
4.13733
4.13763
4.13793
4.13823
4.13854
4.13884
4.13914
4.13944
4.13974
4.14004
4.14035
4.14065
4.14095
4.14125
4.14155
4.14185
4.14216
4.14246
4.14276
4.14306
4.14336
4.14367
4.14397
4.14427
4.14457
4.14488
4.14518
4.14548
4.14578
4.14609
4.14639
4.14669
4.14699
4.14730
4.14760
4.14790
4.14820
4.14851
4.14881
4.14911
4.14942
4.14972
4.15002
4.15032
4.15063
4.15093
4.15123
4.15154
4.15184
4.15214
4.15245
4.15275
4.15305
4.15336
4.15366
4.15397
4.15427
4.15457
4.15488
4.15518
4.15548
4.15579
4.15609
4.15640
4.15670
4.15700
4.15731
4.15761
4.15792
4.15822
4.15852
4.15883
4.15913
4.15944
4.15974
4.16005
4.16035
4.16066
4.16096
4.16126
4.16157
4.16187
4.16218
4.16248
4.16279
4.16309
4.16340
4.16370
4.16401
4.16431
4.16462
4.16492
4.16523
4.16553
4.16584
4.16614
4.16645
4.16676
4.16706
4.16737
4.16767
4.16798
4.16828
4.16859
4.16889
4.16920
4.16951
4.16981
4.17012
4.17042
4.17073
4.17104
4.17134
4.17165
4.17195
4.17226
4.17257
4.17287
4.17318
4.17349
4.17379
4.17410
4.17440
4.17471
4.17502
4.17532
4.17563
4.17594
4.17624
4.17655
4.17686
4.17716
4.17747
4.17778
4.17809
4.17839
4.17870
4.17901
4.17931
4.17962
4.17993
4.18024
4.18054
4.18085
4.18116
4.18147
4.18177
4.18208
4.18239
4.18270
4.18300
4.18331
4.18362
4.18393
4.18424
4.18454
4.18485
4.18516
4.18547
4.18578
4.18608
4.18639
4.18670
4.18701
4.18732
4.18763
4.18793
4.18824
4.18855
4.18886
4.18917
4.18948
4.18979
4.19009
4.19040
4.19071
4.19102
4.19133
4.19164
4.19195
4.19226
4.19257
4.19287
4.19318
4.19349
4.19380
4.19411
4.19442
4.19473
4.19504
4.19535
4.19566
4.19597
4.19628
4.19659
4.19690
4.19721
4.19752
4.19783
4.19814
4.19845
4.19876
4.19907
4.19938
4.19969
4.20000
4.20031
4.20062
4.20093
4.20124
4.20155
4.20186
4.20217
4.20248
4.20279
4.20310
4.20341
4.20372
4.20403
4.20434
4.20466
4.20497
4.20528
4.20559
4.20590
4.20621
4.20652
4.20683
4.20714
4.20746
4.20777
4.20808
4.20839
4.20870
4.20901
4.20932
4.20964
4.20995
4.21026
4.21057
4.21088
4.21119
4.21151
4.21182
4.21213
4.21244
4.21275
4.21307
4.21338
4.21369
4.21400
4.21431
4.21463
4.21494
4.21525
4.21556
4.21588
4.21619
4.21650
4.21681
4.21713
4.21744
4.21775
4.21806
4.21838
4.21869
4.21900
4.21932
4.21963
4.21994
4.22026
4.22057
4.22088
4.22119
4.22151
4.22182
4.22213
4.22245
4.22276
4.22308
4.22339
4.22370
4.22402
4.22433
4.22464
4.22496
4.22527
4.22558
4.22590
4.22621
4.22653
4.22684
4.22716
4.22747
4.22778
4.22810
4.22841
4.22873
4.22904
4.22936
4.22967
4.22998
4.23030
4.23061
4.23093
4.23124
4.23156
4.23187
4.23219
4.23250
4.23282
4.23313
4.23345
4.23376
4.23408
4.23439
4.23471
4.23502
4.23534
4.23565
4.23597
4.23628
4.23660
4.23692
4.23723
4.23755
4.23786
4.23818
4.23849
4.23881
4.23913
4.23944
4.23976
4.24007
4.24039
4.24071
4.24102
4.24134
4.24165
4.24197
4.24229
4.24260
4.24292
4.24324
4.24355
4.24387
4.24419
4.24450
4.24482
4.24514
4.24545
4.24577
4.24609
4.24640
4.24672
4.24704
4.24735
4.24767
4.24799
4.24831
4.24862
4.24894
4.24926
4.24958
4.24989
4.25021
4.25053
4.25085
4.25116
4.25148
4.25180
4.25212
4.25243
4.25275
4.25307
4.25339
4.25371
4.25402
4.25434
4.25466
4.25498
4.25530
4.25561
4.25593
4.25625
4.25657
4.25689
4.25721
4.25753
4.25784
4.25816
4.25848
4.25880
4.25912
4.25944
4.25976
4.26008
4.26040
4.26071
4.26103
4.26135
4.26167
4.26199
4.26231
4.26263
4.26295
4.26327
4.26359
4.26391
4.26423
4.26455
4.26487
4.26519
4.26551
4.26583
4.26615
4.26647
4.26679
4.26711
4.26743
4.26775
4.26807
4.26839
4.26871
4.26903
4.26935
4.26967
4.26999
4.27031
4.27063
4.27095
4.27127
4.27159
4.27191
4.27223
4.27255
4.27287
4.27319
4.27352
4.27384
4.27416
4.27448
4.27480
4.27512
4.27544
4.27576
4.27608
4.27641
4.27673
4.27705
4.27737
4.27769
4.27801
4.27834
4.27866
4.27898
4.27930
4.27962
4.27994
4.28027
4.28059
4.28091
4.28123
4.28155
4.28188
4.28220
4.28252
4.28284
4.28317
4.28349
4.28381
4.28413
4.28446
4.28478
4.28510
4.28542
4.28575
4.28607
4.28639
4.28672
4.28704
4.28736
4.28769
4.28801
4.28833
4.28865
4.28898
4.28930
4.28962
4.28995
4.29027
4.29060
4.29092
4.29124
4.29157
4.29189
4.29221
4.29254
4.29286
4.29319
4.29351
4.29383
4.29416
4.29448
4.29481
4.29513
4.29545
4.29578
4.29610
4.29643
4.29675
4.29708
4.29740
4.29773
4.29805
4.29837
4.29870
4.29902
4.29935
4.29967
4.30000
4.30032
4.30065
4.30097
4.30130
4.30162
4.30195
4.30227
4.30260
4.30293
4.30325
4.30358
4.30390
4.30423
4.30455
4.30488
4.30520
4.30553
4.30586
4.30618
4.30651
4.30683
4.30716
4.30749
4.30781
4.30814
4.30846
4.30879
4.30912
4.30944
4.30977
4.31010
4.31042
4.31075
4.31108
4.31140
4.31173
4.31206
4.31238
4.31271
4.31304
4.31336
4.31369
4.31402
4.31434
4.31467
4.31500
4.31533
4.31565
4.31598
4.31631
4.31664
4.31696
4.31729
4.31762
4.31795
4.31827
4.31860
4.31893
4.31926
4.31959
4.31991
4.32024
4.32057
4.32090
4.32123
4.32155
4.32188
4.32221
4.32254
4.32287
4.32320
4.32352
4.32385
4.32418
4.32451
4.32484
4.32517
4.32550
4.32583
4.32615
4.32648
4.32681
4.32714
4.32747
4.32780
4.32813
4.32846
4.32879
4.32912
4.32945
4.32978
4.33011
4.33043
4.33076
4.33109
4.33142
4.33175
4.33208
4.33241
4.33274
4.33307
4.33340
4.33373
4.33406
4.33439
4.33472
4.33505
4.33538
4.33571
4.33605
4.33638
4.33671
4.33704
4.33737
4.33770
4.33803
4.33836
4.33869
4.33902
4.33935
4.33968
4.34001
4.34035
4.34068
4.34101
4.34134
4.34167
4.34200
4.34233
4.34266
4.34300
4.34333
4.34366
4.34399
4.34432
4.34465
4.34499
4.34532
4.34565
4.34598
4.34631
4.34665
4.34698
4.34731
4.34764
4.34797
4.34831
4.34864
4.34897
4.34930
4.34964
4.34997
4.35030
4.35063
4.35097
4.35130
4.35163
4.35197
4.35230
4.35263
4.35296
4.35330
4.35363
4.35396
4.35430
4.35463
4.35496
4.35530
4.35563
4.35596
4.35630
4.35663
4.35697
4.35730
4.35763
4.35797
4.35830
4.35863
4.35897
4.35930
4.35964
4.35997
4.36030
4.36064
4.36097
4.36131
4.36164
4.36198
4.36231
4.36265
4.36298
4.36331
4.36365
4.36398
4.36432
4.36465
4.36499
4.36532
4.36566
4.36599
4.36633
4.36666
4.36700
4.36733
4.36767
4.36801
4.36834
4.36868
4.36901
4.36935
4.36968
4.37002
4.37035
4.37069
4.37103
4.37136
4.37170
4.37203
4.37237
4.37271
4.37304
4.37338
4.37372
4.37405
4.37439
4.37472
4.37506
4.37540
4.37573
4.37607
4.37641
4.37674
4.37708
4.37742
4.37775
4.37809
4.37843
4.37877
4.37910
4.37944
4.37978
4.38011
4.38045
4.38079
4.38113
4.38146
4.38180
4.38214
4.38248
4.38281
4.38315
4.38349
4.38383
4.38417
4.38450
4.38484
4.38518
4.38552
4.38586
4.38619
4.38653
4.38687
4.38721
4.38755
4.38789
4.38822
4.38856
4.38890
4.38924
4.38958
4.38992
4.39026
4.39060
4.39094
4.39127
4.39161
4.39195
4.39229
4.39263
4.39297
4.39331
4.39365
4.39399
4.39433
4.39467
4.39501
4.39535
4.39569
4.39603
4.39637
4.39671
4.39705
4.39739
4.39773
4.39807
4.39841
4.39875
4.39909
4.39943
4.39977
4.40011
4.40045
4.40079
4.40113
4.40147
4.40181
4.40215
4.40249
4.40283
4.40317
4.40351
4.40386
4.40420
4.40454
4.40488
4.40522
4.40556
4.40590
4.40624
4.40659
4.40693
4.40727
4.40761
4.40795
4.40829
4.40864
4.40898
4.40932
4.40966
4.41000
4.41035
4.41069
4.41103
4.41137
4.41171
4.41206
4.41240
4.41274
4.41308
4.41343
4.41377
4.41411
4.41445
4.41480
4.41514
4.41548
4.41583
4.41617
4.41651
4.41686
4.41720
4.41754
4.41788
4.41823
4.41857
4.41891
4.41926
4.41960
4.41995
4.42029
4.42063
4.42098
4.42132
4.42166
4.42201
4.42235
4.42270
4.42304
4.42338
4.42373
4.42407
4.42442
4.42476
4.42511
4.42545
4.42579
4.42614
4.42648
4.42683
4.42717
4.42752
4.42786
4.42821
4.42855
4.42890
4.42924
4.42959
4.42993
4.43028
4.43062
4.43097
4.43131
4.43166
4.43201
4.43235
4.43270
4.43304
4.43339
4.43373
4.43408
4.43443
4.43477
4.43512
4.43546
4.43581
4.43616
4.43650
4.43685
4.43719
4.43754
4.43789
4.43823
4.43858
4.43893
4.43927
4.43962
4.43997
4.44031
4.44066
4.44101
4.44136
4.44170
4.44205
4.44240
4.44274
4.44309
4.44344
4.44379
4.44413
4.44448
4.44483
4.44518
4.44552
4.44587
4.44622
4.44657
4.44692
4.44726
4.44761
4.44796
4.44831
4.44866
4.44900
4.44935
4.44970
4.45005
4.45040
4.45075
4.45109
4.45144
4.45179
4.45214
4.45249
4.45284
4.45319
4.45354
4.45389
4.45423
4.45458
4.45493
4.45528
4.45563
4.45598
4.45633
4.45668
4.45703
4.45738
4.45773
4.45808
4.45843
4.45878
4.45913
4.45948
4.45983
4.46018
4.46053
4.46088
4.46123
4.46158
4.46193
4.46228
4.46263
4.46298
4.46333
4.46368
4.46403
4.46438
4.46473
4.46509
4.46544
4.46579
4.46614
4.46649
4.46684
4.46719
4.46754
4.46789
4.46825
4.46860
4.46895
4.46930
4.46965
4.47000
4.47036
4.47071
4.47106
4.47141
4.47176
4.47211
4.47247
4.47282
4.47317
4.47352
4.47388
4.47423
4.47458
4.47493
4.47529
4.47564
4.47599
4.47634
4.47670
4.47705
4.47740
4.47775
4.47811
4.47846
4.47881
4.47917
4.47952
4.47987
4.48023
4.48058
4.48093
4.48129
4.48164
4.48199
4.48235
4.48270
4.48306
4.48341
4.48376
4.48412
4.48447
4.48483
4.48518
4.48553
4.48589
4.48624
4.48660
4.48695
4.48731
4.48766
4.48802
4.48837
4.48872
4.48908
4.48943
4.48979
4.49014
4.49050
4.49085
4.49121
4.49156
4.49192
4.49228
4.49263
4.49299
4.49334
4.49370
4.49405
4.49441
4.49476
4.49512
4.49548
4.49583
4.49619
4.49654
4.49690
4.49726
4.49761
4.49797
4.49833
4.49868
4.49904
4.49939
4.49975
4.50011
4.50046
4.50082
4.50118
4.50153
4.50189
4.50225
4.50261
4.50296
4.50332
4.50368
4.50403
4.50439
4.50475
4.50511
4.50546
4.50582
4.50618
4.50654
4.50690
4.50725
4.50761
4.50797
4.50833
4.50868
4.50904
4.50940
4.50976
4.51012
4.51048
4.51083
4.51119
4.51155
4.51191
4.51227
4.51263
4.51299
4.51334
4.51370
4.51406
4.51442
4.51478
4.51514
4.51550
4.51586
4.51622
4.51658
4.51694
4.51730
4.51766
4.51802
4.51837
4.51873
4.51909
4.51945
4.51981
4.52017
4.52053
4.52089
4.52125
4.52161
4.52198
4.52234
4.52270
4.52306
4.52342
4.52378
4.52414
4.52450
4.52486
4.52522
4.52558
4.52594
4.52630
4.52666
4.52703
4.52739
4.52775
4.52811
4.52847
4.52883
4.52919
4.52955
4.52992
4.53028
4.53064
4.53100
4.53136
4.53173
4.53209
4.53245
4.53281
4.53317
4.53354
4.53390
4.53426
4.53462
4.53499
4.53535
4.53571
4.53607
4.53644
4.53680
4.53716
4.53752
4.53789
4.53825
4.53861
4.53898
4.53934
4.53970
4.54007
4.54043
4.54079
4.54116
4.54152
4.54188
4.54225
4.54261
4.54298
4.54334
4.54370
4.54407
4.54443
4.54480
4.54516
4.54552
4.54589
4.54625
4.54662
4.54698
4.54735
4.54771
4.54807
4.54844
4.54880
4.54917
4.54953
4.54990
4.55026
4.55063
4.55099
4.55136
4.55173
4.55209
4.55246
4.55282
4.55319
4.55355
4.55392
4.55428
4.55465
4.55502
4.55538
4.55575
4.55611
4.55648
4.55685
4.55721
4.55758
4.55794
4.55831
4.55868
4.55904
4.55941
4.55978
4.56014
4.56051
4.56088
4.56124
4.56161
4.56198
4.56235
4.56271
4.56308
4.56345
4.56381
4.56418
4.56455
4.56492
4.56528
4.56565
4.56602
4.56639
4.56676
4.56712
4.56749
4.56786
4.56823
4.56860
4.56896
4.56933
4.56970
4.57007
4.57044
4.57081
4.57118
4.57154
4.57191
4.57228
4.57265
4.57302
4.57339
4.57376
4.57413
4.57450
4.57486
4.57523
4.57560
4.57597
4.57634
4.57671
4.57708
4.57745
4.57782
4.57819
4.57856
4.57893
4.57930
4.57967
4.58004
4.58041
4.58078
4.58115
4.58152
4.58189
4.58226
4.58263
4.58300
4.58337
4.58375
4.58412
4.58449
4.58486
4.58523
4.58560
4.58597
4.58634
4.58671
4.58709
4.58746
4.58783
4.58820
4.58857
4.58894
4.58932
4.58969
4.59006
4.59043
4.59080
4.59117
4.59155
4.59192
4.59229
4.59266
4.59304
4.59341
4.59378
4.59415
4.59453
4.59490
4.59527
4.59564
4.59602
4.59639
4.59676
4.59714
4.59751
4.59788
4.59826
4.59863
4.59900
4.59938
4.59975
4.60012
4.60050
4.60087
4.60124
4.60162
4.60199
4.60237
4.60274
4.60311
4.60349
4.60386
4.60424
4.60461
4.60499
4.60536
4.60574
4.60611
4.60648
4.60686
4.60723
4.60761
4.60798
4.60836
4.60873
4.60911
4.60948
4.60986
4.61024
4.61061
4.61099
4.61136
4.61174
4.61211
4.61249
4.61286
4.61324
4.61362
4.61399
4.61437
4.61475
4.61512
4.61550
4.61587
4.61625
4.61663
4.61700
4.61738
4.61776
4.61813
4.61851
4.61889
4.61926
4.61964
4.62002
4.62040
4.62077
4.62115
4.62153
4.62190
4.62228
4.62266
4.62304
4.62341
4.62379
4.62417
4.62455
4.62493
4.62530
4.62568
4.62606
4.62644
4.62682
4.62720
4.62757
4.62795
4.62833
4.62871
4.62909
4.62947
4.62985
4.63022
4.63060
4.63098
4.63136
4.63174
4.63212
4.63250
4.63288
4.63326
4.63364
4.63402
4.63440
4.63478
4.63516
4.63554
4.63592
4.63630
4.63668
4.63706
4.63744
4.63782
4.63820
4.63858
4.63896
4.63934
4.63972
4.64010
4.64048
4.64086
4.64124
4.64162
4.64200
4.64238
4.64276
4.64315
4.64353
4.64391
4.64429
4.64467
4.64505
4.64543
4.64582
4.64620
4.64658
4.64696
4.64734
4.64773
4.64811
4.64849
4.64887
4.64925
4.64964
4.65002
4.65040
4.65078
4.65117
4.65155
4.65193
4.65231
4.65270
4.65308
4.65346
4.65385
4.65423
4.65461
4.65500
4.65538
4.65576
4.65615
4.65653
4.65691
4.65730
4.65768
4.65806
4.65845
4.65883
4.65922
4.65960
4.65998
4.66037
4.66075
4.66114
4.66152
4.66191
4.66229
4.66268
4.66306
4.66344
4.66383
4.66421
4.66460
4.66498
4.66537
4.66575
4.66614
4.66653
4.66691
4.66730
4.66768
4.66807
4.66845
4.66884
4.66922
4.66961
4.67000
4.67038
4.67077
4.67115
4.67154
4.67193
4.67231
4.67270
4.67309
4.67347
4.67386
4.67425
4.67463
4.67502
4.67541
4.67579
4.67618
4.67657
4.67696
4.67734
4.67773
4.67812
4.67850
4.67889
4.67928
4.67967
4.68006
4.68044
4.68083
4.68122
4.68161
4.68200
4.68238
4.68277
4.68316
4.68355
4.68394
4.68433
4.68471
4.68510
4.68549
4.68588
4.68627
4.68666
4.68705
4.68744
4.68783
4.68821
4.68860
4.68899
4.68938
4.68977
4.69016
4.69055
4.69094
4.69133
4.69172
4.69211
4.69250
4.69289
4.69328
4.69367
4.69406
4.69445
4.69484
4.69523
4.69562
4.69601
4.69640
4.69680
4.69719
4.69758
4.69797
4.69836
4.69875
4.69914
4.69953
4.69992
4.70032
4.70071
4.70110
4.70149
4.70188
4.70227
4.70267
4.70306
4.70345
4.70384
4.70423
4.70463
4.70502
4.70541
4.70580
4.70620
4.70659
4.70698
4.70737
4.70777
4.70816
4.70855
4.70895
4.70934
4.70973
4.71012
4.71052
4.71091
4.71130
4.71170
4.71209
4.71249
4.71288
4.71327
4.71367
4.71406
4.71445
4.71485
4.71524
4.71564
4.71603
4.71643
4.71682
4.71721
4.71761
4.71800
4.71840
4.71879
4.71919
4.71958
4.71998
4.72037
4.72077
4.72116
4.72156
4.72195
4.72235
4.72275
4.72314
4.72354
4.72393
4.72433
4.72472
4.72512
4.72552
4.72591
4.72631
4.72670
4.72710
4.72750
4.72789
4.72829
4.72869
4.72908
4.72948
4.72988
4.73027
4.73067
4.73107
4.73147
4.73186
4.73226
4.73266
4.73305
4.73345
4.73385
4.73425
4.73465
4.73504
4.73544
4.73584
4.73624
4.73663
4.73703
4.73743
4.73783
4.73823
4.73863
4.73903
4.73942
4.73982
4.74022
4.74062
4.74102
4.74142
4.74182
4.74222
4.74262
4.74301
4.74341
4.74381
4.74421
4.74461
4.74501
4.74541
4.74581
4.74621
4.74661
4.74701
4.74741
4.74781
4.74821
4.74861
4.74901
4.74941
4.74981
4.75021
4.75061
4.75102
4.75142
4.75182
4.75222
4.75262
4.75302
4.75342
4.75382
4.75422
4.75463
4.75503
4.75543
4.75583
4.75623
4.75663
4.75704
4.75744
4.75784
4.75824
4.75864
4.75905
4.75945
4.75985
4.76025
4.76066
4.76106
4.76146
4.76186
4.76227
4.76267
4.76307
4.76348
4.76388
4.76428
4.76469
4.76509
4.76549
4.76590
4.76630
4.76670
4.76711
4.76751
4.76792
4.76832
4.76872
4.76913
4.76953
4.76994
4.77034
4.77074
4.77115
4.77155
4.77196
4.77236
4.77277
4.77317
4.77358
4.77398
4.77439
4.77479
4.77520
4.77560
4.77601
4.77642
4.77682
4.77723
4.77763
4.77804
4.77844
4.77885
4.77926
4.77966
4.78007
4.78047
4.78088
4.78129
4.78169
4.78210
4.78251
4.78291
4.78332
4.78373
4.78413
4.78454
4.78495
4.78536
4.78576
4.78617
4.78658
4.78699
4.78739
4.78780
4.78821
4.78862
4.78902
4.78943
4.78984
4.79025
4.79066
4.79106
4.79147
4.79188
4.79229
4.79270
4.79311
4.79352
4.79393
4.79433
4.79474
4.79515
4.79556
4.79597
4.79638
4.79679
4.79720
4.79761
4.79802
4.79843
4.79884
4.79925
4.79966
4.80007
4.80048
4.80089
4.80130
4.80171
4.80212
4.80253
4.80294
4.80335
4.80376
4.80417
4.80458
4.80499
4.80540
4.80582
4.80623
4.80664
4.80705
4.80746
4.80787
4.80828
4.80870
4.80911
4.80952
4.80993
4.81034
4.81075
4.81117
4.81158
4.81199
4.81240
4.81282
4.81323
4.81364
4.81405
4.81447
4.81488
4.81529
4.81571
4.81612
4.81653
4.81694
4.81736
4.81777
4.81818
4.81860
4.81901
4.81943
4.81984
4.82025
4.82067
4.82108
4.82150
4.82191
4.82232
4.82274
4.82315
4.82357
4.82398
4.82440
4.82481
4.82523
4.82564
4.82606
4.82647
4.82689
4.82730
4.82772
4.82813
4.82855
4.82896
4.82938
4.82979
4.83021
4.83063
4.83104
4.83146
4.83187
4.83229
4.83271
4.83312
4.83354
4.83396
4.83437
4.83479
4.83521
4.83562
4.83604
4.83646
4.83687
4.83729
4.83771
4.83813
4.83854
4.83896
4.83938
4.83980
4.84021
4.84063
4.84105
4.84147
4.84189
4.84230
4.84272
4.84314
4.84356
4.84398
4.84440
4.84481
4.84523
4.84565
4.84607
4.84649
4.84691
4.84733
4.84775
4.84817
4.84858
4.84900
4.84942
4.84984
4.85026
4.85068
4.85110
4.85152
4.85194
4.85236
4.85278
4.85320
4.85362
4.85404
4.85446
4.85489
4.85531
4.85573
4.85615
4.85657
4.85699
4.85741
4.85783
4.85825
4.85867
4.85910
4.85952
4.85994
4.86036
4.86078
4.86120
4.86163
4.86205
4.86247
4.86289
4.86331
4.86374
4.86416
4.86458
4.86500
4.86543
4.86585
4.86627
4.86669
4.86712
4.86754
4.86796
4.86839
4.86881
4.86923
4.86966
4.87008
4.87050
4.87093
4.87135
4.87178
4.87220
4.87262
4.87305
4.87347
4.87390
4.87432
4.87475
4.87517
4.87560
4.87602
4.87644
4.87687
4.87729
4.87772
4.87814
4.87857
4.87900
4.87942
4.87985
4.88027
4.88070
4.88112
4.88155
4.88197
4.88240
4.88283
4.88325
4.88368
4.88411
4.88453
4.88496
4.88539
4.88581
4.88624
4.88667
4.88709
4.88752
4.88795
4.88837
4.88880
4.88923
4.88966
4.89008
4.89051
4.89094
4.89137
4.89179
4.89222
4.89265
4.89308
4.89351
4.89393
4.89436
4.89479
4.89522
4.89565
4.89608
4.89651
4.89694
4.89736
4.89779
4.89822
4.89865
4.89908
4.89951
4.89994
4.90037
4.90080
4.90123
4.90166
4.90209
4.90252
4.90295
4.90338
4.90381
4.90424
4.90467
4.90510
4.90553
4.90596
4.90639
4.90682
4.90725
4.90769
4.90812
4.90855
4.90898
4.90941
4.90984
4.91027
4.91070
4.91114
4.91157
4.91200
4.91243
4.91286
4.91330
4.91373
4.91416
4.91459
4.91503
4.91546
4.91589
4.91632
4.91676
4.91719
4.91762
4.91806
4.91849
4.91892
4.91936
4.91979
4.92022
4.92066
4.92109
4.92152
4.92196
4.92239
4.92283
4.92326
4.92369
4.92413
4.92456
4.92500
4.92543
4.92587
4.92630
4.92674
4.92717
4.92761
4.92804
4.92848
4.92891
4.92935
4.92978
4.93022
4.93065
4.93109
4.93153
4.93196
4.93240
4.93283
4.93327
4.93371
4.93414
4.93458
4.93502
4.93545
4.93589
4.93633
4.93676
4.93720
4.93764
4.93807
4.93851
4.93895
4.93939
4.93982
4.94026
4.94070
4.94114
4.94157
4.94201
4.94245
4.94289
4.94333
4.94377
4.94420
4.94464
4.94508
4.94552
4.94596
4.94640
4.94684
4.94728
4.94771
4.94815
4.94859
4.94903
4.94947
4.94991
4.95035
4.95079
4.95123
4.95167
4.95211
4.95255
4.95299
4.95343
4.95387
4.95431
4.95475
4.95519
4.95563
4.95607
4.95652
4.95696
4.95740
4.95784
4.95828
4.95872
4.95916
4.95960
4.96005
4.96049
4.96093
4.96137
4.96181
4.96226
4.96270
4.96314
4.96358
4.96403
4.96447
4.96491
4.96535
4.96580
4.96624
4.96668
4.96713
4.96757
4.96801
4.96845
4.96890
4.96934
4.96979
4.97023
4.97067
4.97112
4.97156
4.97201
4.97245
4.97289
4.97334
4.97378
4.97423
4.97467
4.97512
4.97556
4.97601
4.97645
4.97690
4.97734
4.97779
4.97823
4.97868
4.97912
4.97957
4.98002
4.98046
4.98091
4.98135
4.98180
4.98225
4.98269
4.98314
4.98358
4.98403
4.98448
4.98492
4.98537
4.98582
4.98627
4.98671
4.98716
4.98761
4.98805
4.98850
4.98895
4.98940
4.98985
4.99029
4.99074
4.99119
4.99164
4.99209
4.99253
4.99298
4.99343
4.99388
4.99433
4.99478
4.99523
4.99568
4.99612
4.99657
4.99702
4.99747
4.99792
4.99837
4.99882
4.99927
4.99972
5.00017
5.00062
5.00107
5.00152
5.00197
5.00242
5.00287
5.00332
5.00377
5.00422
5.00468
5.00513
5.00558
5.00603
5.00648
5.00693
5.00738
5.00783
5.00829
5.00874
5.00919
5.00964
5.01009
5.01055
5.01100
5.01145
5.01190
5.01236
5.01281
5.01326
5.01371
5.01417
5.01462
5.01507
5.01553
5.01598
5.01643
5.01689
5.01734
5.01779
5.01825
5.01870
5.01915
5.01961
5.02006
5.02052
5.02097
5.02143
5.02188
5.02233
5.02279
5.02324
5.02370
5.02415
5.02461
5.02506
5.02552
5.02598
5.02643
5.02689
5.02734
5.02780
5.02825
5.02871
5.02917
5.02962
5.03008
5.03053
5.03099
5.03145
5.03190
5.03236
5.03282
5.03327
5.03373
5.03419
5.03465
5.03510
5.03556
5.03602
5.03648
5.03693
5.03739
5.03785
5.03831
5.03877
5.03922
5.03968
5.04014
5.04060
5.04106
5.04152
5.04198
5.04243
5.04289
5.04335
5.04381
5.04427
5.04473
5.04519
5.04565
5.04611
5.04657
5.04703
5.04749
5.04795
5.04841
5.04887
5.04933
5.04979
5.05025
5.05071
5.05117
5.05163
5.05209
5.05255
5.05302
5.05348
5.05394
5.05440
5.05486
5.05532
5.05578
5.05625
5.05671
5.05717
5.05763
5.05809
5.05856
5.05902
5.05948
5.05994
5.06041
5.06087
5.06133
5.06180
5.06226
5.06272
5.06319
5.06365
5.06411
5.06458
5.06504
5.06550
5.06597
5.06643
5.06690
5.06736
5.06782
5.06829
5.06875
5.06922
5.06968
5.07015
5.07061
5.07108
5.07154
5.07201
5.07247
5.07294
5.07340
5.07387
5.07434
5.07480
5.07527
5.07573
5.07620
5.07667
5.07713
5.07760
5.07807
5.07853
5.07900
5.07947
5.07993
5.08040
5.08087
5.08133
5.08180
5.08227
5.08274
5.08320
5.08367
5.08414
5.08461
5.08508
5.08554
5.08601
5.08648
5.08695
5.08742
5.08789
5.08836
5.08882
5.08929
5.08976
5.09023
5.09070
5.09117
5.09164
5.09211
5.09258
5.09305
5.09352
5.09399
5.09446
5.09493
5.09540
5.09587
5.09634
5.09681
5.09728
5.09775
5.09822
5.09869
5.09917
5.09964
5.10011
5.10058
5.10105
5.10152
5.10199
5.10247
5.10294
5.10341
5.10388
5.10435
5.10483
5.10530
5.10577
5.10624
5.10672
5.10719
5.10766
5.10814
5.10861
5.10908
5.10956
5.11003
5.11050
5.11098
5.11145
5.11193
5.11240
5.11287
5.11335
5.11382
5.11430
5.11477
5.11525
5.11572
5.11620
5.11667
5.11715
5.11762
5.11810
5.11857
5.11905
5.11952
5.12000
5.12047
5.12095
5.12143
5.12190
5.12238
5.12286
5.12333
5.12381
5.12428
5.12476
5.12524
5.12572
5.12619
5.12667
5.12715
5.12762
5.12810
5.12858
5.12906
5.12954
5.13001
5.13049
5.13097
5.13145
5.13193
5.13240
5.13288
5.13336
5.13384
5.13432
5.13480
5.13528
5.13576
5.13624
5.13672
5.13720
5.13767
5.13815
5.13863
5.13911
5.13959
5.14007
5.14055
5.14104
5.14152
5.14200
5.14248
5.14296
5.14344
5.14392
5.14440
5.14488
5.14536
5.14585
5.14633
5.14681
5.14729
5.14777
5.14825
5.14874
5.14922
5.14970
5.15018
5.15067
5.15115
5.15163
5.15211
5.15260
5.15308
5.15356
5.15405
5.15453
5.15501
5.15550
5.15598
5.15646
5.15695
5.15743
5.15792
5.15840
5.15889
5.15937
5.15985
5.16034
5.16082
5.16131
5.16179
5.16228
5.16276
5.16325
5.16374
5.16422
5.16471
5.16519
5.16568
5.16616
5.16665
5.16714
5.16762
5.16811
5.16860
5.16908
5.16957
5.17006
5.17054
5.17103
5.17152
5.17201
5.17249
5.17298
5.17347
5.17396
5.17444
5.17493
5.17542
5.17591
5.17640
5.17689
5.17737
5.17786
5.17835
5.17884
5.17933
5.17982
5.18031
5.18080
5.18129
5.18178
5.18227
5.18276
5.18325
5.18374
5.18423
5.18472
5.18521
5.18570
5.18619
5.18668
5.18717
5.18766
5.18815
5.18864
5.18913
5.18962
5.19012
5.19061
5.19110
5.19159
5.19208
5.19258
5.19307
5.19356
5.19405
5.19454
5.19504
5.19553
5.19602
5.19652
5.19701
5.19750
5.19800
5.19849
5.19898
5.19948
5.19997
5.20046
5.20096
5.20145
5.20195
5.20244
5.20293
5.20343
5.20392
5.20442
5.20491
5.20541
5.20590
5.20640
5.20689
5.20739
5.20788
5.20838
5.20888
5.20937
5.20987
5.21036
5.21086
5.21136
5.21185
5.21235
5.21285
5.21334
5.21384
5.21434
5.21483
5.21533
5.21583
5.21633
5.21682
5.21732
5.21782
5.21832
5.21882
5.21931
5.21981
5.22031
5.22081
5.22131
5.22181
5.22231
5.22280
5.22330
5.22380
5.22430
5.22480
5.22530
5.22580
5.22630
5.22680
5.22730
5.22780
5.22830
5.22880
5.22930
5.22980
5.23030
5.23080
5.23131
5.23181
5.23231
5.23281
5.23331
5.23381
5.23431
5.23482
5.23532
5.23582
5.23632
5.23682
5.23733
5.23783
5.23833
5.23883
5.23934
5.23984
5.24034
5.24085
5.24135
5.24185
5.24236
5.24286
5.24336
5.24387
5.24437
5.24488
5.24538
5.24588
5.24639
5.24689
5.24740
5.24790
5.24841
5.24891
5.24942
5.24992
5.25043
5.25093
5.25144
5.25195
5.25245
5.25296
5.25346
5.25397
5.25448
5.25498
5.25549
5.25600
5.25650
5.25701
5.25752
5.25803
5.25853
5.25904
5.25955
5.26006
5.26056
5.26107
5.26158
5.26209
5.26260
5.26310
5.26361
5.26412
5.26463
5.26514
5.26565
5.26616
5.26667
5.26718
5.26769
5.26819
5.26870
5.26921
5.26972
5.27023
5.27074
5.27126
5.27177
5.27228
5.27279
5.27330
5.27381
5.27432
5.27483
5.27534
5.27585
5.27637
5.27688
5.27739
5.27790
5.27841
5.27892
5.27944
5.27995
5.28046
5.28097
5.28149
5.28200
5.28251
5.28303
5.28354
5.28405
5.28457
5.28508
5.28559
5.28611
5.28662
5.28714
5.28765
5.28817
5.28868
5.28919
5.28971
5.29022
5.29074
5.29125
5.29177
5.29228
5.29280
5.29332
5.29383
5.29435
5.29486
5.29538
5.29590
5.29641
5.29693
5.29745
5.29796
5.29848
5.29900
5.29951
5.30003
5.30055
5.30106
5.30158
5.30210
5.30262
5.30314
5.30365
5.30417
5.30469
5.30521
5.30573
5.30625
5.30677
5.30728
5.30780
5.30832
5.30884
5.30936
5.30988
5.31040
5.31092
5.31144
5.31196
5.31248
5.31300
5.31352
5.31404
5.31456
5.31508
5.31560
5.31613
5.31665
5.31717
5.31769
5.31821
5.31873
5.31926
5.31978
5.32030
5.32082
5.32134
5.32187
5.32239
5.32291
5.32343
5.32396
5.32448
5.32500
5.32553
5.32605
5.32657
5.32710
5.32762
5.32815
5.32867
5.32919
5.32972
5.33024
5.33077
5.33129
5.33182
5.33234
5.33287
5.33339
5.33392
5.33444
5.33497
5.33550
5.33602
5.33655
5.33707
5.33760
5.33813
5.33865
5.33918
5.33971
5.34023
5.34076
5.34129
5.34182
5.34234
5.34287
5.34340
5.34393
5.34445
5.34498
5.34551
5.34604
5.34657
5.34710
5.34763
5.34815
5.34868
5.34921
5.34974
5.35027
5.35080
5.35133
5.35186
5.35239
5.35292
5.35345
5.35398
5.35451
5.35504
5.35557
5.35610
5.35663
5.35717
5.35770
5.35823
5.35876
5.35929
5.35982
5.36035
5.36089
5.36142
5.36195
5.36248
5.36302
5.36355
5.36408
5.36462
5.36515
5.36568
5.36621
5.36675
5.36728
5.36782
5.36835
5.36888
5.36942
5.36995
5.37049
5.37102
5.37156
5.37209
5.37263
5.37316
5.37370
5.37423
5.37477
5.37530
5.37584
5.37637
5.37691
5.37745
5.37798
5.37852
5.37906
5.37959
5.38013
5.38067
5.38120
5.38174
5.38228
5.38282
5.38335
5.38389
5.38443
5.38497
5.38550
5.38604
5.38658
5.38712
5.38766
5.38820
5.38874
5.38928
5.38981
5.39035
5.39089
5.39143
5.39197
5.39251
5.39305
5.39359
5.39413
5.39467
5.39521
5.39576
5.39630
5.39684
5.39738
5.39792
5.39846
5.39900
5.39954
5.40009
5.40063
5.40117
5.40171
5.40225
5.40280
5.40334
5.40388
5.40443
5.40497
5.40551
5.40606
5.40660
5.40714
5.40769
5.40823
5.40877
5.40932
5.40986
5.41041
5.41095
5.41150
5.41204
5.41259
5.41313
5.41368
5.41422
5.41477
5.41531
5.41586
5.41640
5.41695
5.41750
5.41804
5.41859
5.41914
5.41968
5.42023
5.42078
5.42132
5.42187
5.42242
5.42297
5.42351
5.42406
5.42461
5.42516
5.42571
5.42626
5.42680
5.42735
5.42790
5.42845
5.42900
5.42955
5.43010
5.43065
5.43120
5.43175
5.43230
5.43285
5.43340
5.43395
5.43450
5.43505
5.43560
5.43615
5.43670
5.43725
5.43781
5.43836
5.43891
5.43946
5.44001
5.44056
5.44112
5.44167
5.44222
5.44277
5.44333
5.44388
5.44443
5.44499
5.44554
5.44609
5.44665
5.44720
5.44775
5.44831
5.44886
5.44942
5.44997
5.45053
5.45108
5.45164
5.45219
5.45275
5.45330
5.45386
5.45441
5.45497
5.45553
5.45608
5.45664
5.45719
5.45775
5.45831
5.45886
5.45942
5.45998
5.46054
5.46109
5.46165
5.46221
5.46277
5.46332
5.46388
5.46444
5.46500
5.46556
5.46612
5.46667
5.46723
5.46779
5.46835
5.46891
5.46947
5.47003
5.47059
5.47115
5.47171
5.47227
5.47283
5.47339
5.47395
5.47451
5.47507
5.47564
5.47620
5.47676
5.47732
5.47788
5.47844
5.47901
5.47957
5.48013
5.48069
5.48126
5.48182
5.48238
5.48294
5.48351
5.48407
5.48463
5.48520
5.48576
5.48633
5.48689
5.48745
5.48802
5.48858
5.48915
5.48971
5.49028
5.49084
5.49141
5.49197
5.49254
5.49310
5.49367
5.49424
5.49480
5.49537
5.49594
5.49650
5.49707
5.49764
5.49820
5.49877
5.49934
5.49991
5.50047
5.50104
5.50161
5.50218
5.50275
5.50331
5.50388
5.50445
5.50502
5.50559
5.50616
5.50673
5.50730
5.50787
5.50844
5.50901
5.50958
5.51015
5.51072
5.51129
5.51186
5.51243
5.51300
5.51357
5.51414
5.51471
5.51529
5.51586
5.51643
5.51700
5.51757
5.51815
5.51872
5.51929
5.51986
5.52044
5.52101
5.52158
5.52216
5.52273
5.52330
5.52388
5.52445
5.52503
5.52560
5.52617
5.52675
5.52732
5.52790
5.52847
5.52905
5.52962
5.53020
5.53078
5.53135
5.53193
5.53250
5.53308
5.53366
5.53423
5.53481
5.53539
5.53596
5.53654
5.53712
5.53770
5.53827
5.53885
5.53943
5.54001
5.54059
5.54117
5.54174
5.54232
5.54290
5.54348
5.54406
5.54464
5.54522
5.54580
5.54638
5.54696
5.54754
5.54812
5.54870
5.54928
5.54986
5.55044
5.55102
5.55161
5.55219
5.55277
5.55335
5.55393
5.55451
5.55510
5.55568
5.55626
5.55684
5.55743
5.55801
5.55859
5.55918
5.55976
5.56034
5.56093
5.56151
5.56210
5.56268
5.56326
5.56385
5.56443
5.56502
5.56560
5.56619
5.56677
5.56736
5.56795
5.56853
5.56912
5.56970
5.57029
5.57088
5.57146
5.57205
5.57264
5.57323
5.57381
5.57440
5.57499
5.57558
5.57616
5.57675
5.57734
5.57793
5.57852
5.57911
5.57969
5.58028
5.58087
5.58146
5.58205
5.58264
5.58323
5.58382
5.58441
5.58500
5.58559
5.58618
5.58677
5.58737
5.58796
5.58855
5.58914
5.58973
5.59032
5.59092
5.59151
5.59210
5.59269
5.59329
5.59388
5.59447
5.59506
5.59566
5.59625
5.59684
5.59744
5.59803
5.59863
5.59922
5.59982
5.60041
5.60100
5.60160
5.60219
5.60279
5.60339
5.60398
5.60458
5.60517
5.60577
5.60637
5.60696
5.60756
5.60816
5.60875
5.60935
5.60995
5.61054
5.61114
5.61174
5.61234
5.61294
5.61353
5.61413
5.61473
5.61533
5.61593
5.61653
5.61713
5.61773
5.61833
5.61893
5.61953
5.62013
5.62073
5.62133
5.62193
5.62253
5.62313
5.62373
5.62433
5.62493
5.62553
5.62614
5.62674
5.62734
5.62794
5.62854
5.62915
5.62975
5.63035
5.63096
5.63156
5.63216
5.63277
5.63337
5.63397
5.63458
5.63518
5.63579
5.63639
5.63700
5.63760
5.63821
5.63881
5.63942
5.64002
5.64063
5.64124
5.64184
5.64245
5.64305
5.64366
5.64427
5.64488
5.64548
5.64609
5.64670
5.64730
