9888000000.00000
9331915419.15651
8840693881.88741
8406536481.81178
8022604593.96348
7682898942.48733
7382154227.55599
7115747268.27612
6879616891.82454
6670194036.18006
6484340736.53548
6319296842.73068
6172633467.95663
6042212300.54375
5926150023.96289
5822787191.65145
5730660985.32004
5648481360.43144
5575110159.20210
5509542791.93755
5450892192.57872
5398374736.70512
5351297884.50246
5309049339.76104
5271087525.23499
5236933215.33159
5206162180.63298
5178398721.54809
5153309979.77502
5130600932.05103
5110009982.59342
5091305080.97156
5074280301.24540
5058752827.64580
5044560295.49144
5031558445.83656
5019619055.40399
5008628107.17980
4998484174.77297
4989097001.10431
4980386235.98854
4972280317.04368
4964715482.66972
4957634907.53548
4950987922.90546
4944729326.81222
4938818791.54740
4933220314.50897
4927901741.02503
4922834354.03743
4917992478.97056
4913353170.41191
4908895901.91009
4904602308.73513
4900455956.73832
4896442125.56095
4892547637.20970
4888760675.75625
4885070657.76011
4881468085.57704
4877944445.81621
4874492094.69484
4871104171.88045
4867774519.02068
4864497597.70938
4861268440.19386
4858082570.12538
4854935970.90155
4851825024.37837
4848746472.91145
4845697391.01469
4842675135.25042
4839677329.59361
4836701833.76307
4833746712.00099
4830810225.13166
4827890802.76967
4824987023.08215
4822097608.16998
4819221403.36449
4816357360.97499
4813504537.79652
4810662083.44884
4807829224.10218
4805005260.06210
4802189562.93816
4799381560.92169
4796580733.99838
4793786613.24018
4790998776.36491
4788216837.35786
4785440445.14855
4782669283.36872
4779903066.68567
4777141533.61185
4774384445.86041
4771631588.22464
4768882767.09231
4766137804.77001
4763396538.73741
4760658821.50417
4757924520.73409
4755193515.38188
4752465694.19557
4749740955.67081
4747019208.29921
4744300369.32190
4741584362.40852
4738871117.51292
4736160570.87333
4733452665.26564
4730747348.23553
4728044571.34494
4725344290.16328
4722646464.43962
4719951057.93610
4717258037.12895
4714567371.04836
4711879031.28155
4709192992.26227
4706509230.76845
4703827725.21447
4701148455.62676
4698471403.68489
4695796553.01579
4693123888.59773
4690453396.41571
4687785063.45988
4685118877.81318
4682454828.89469
4679792906.90667
4677133102.66562
4674475407.60223
4671819813.88514
4669166314.61337
4666514903.34698
4663865574.00866
4661218320.88394
4658573138.75534
4655930023.08297
4653288969.60290
4650649974.25228
4648013033.16940
4645378142.81146
4642745300.16337
4640114502.38494
4637485746.73365
4634859030.56467
4632234351.41107
4629611707.23878
4626991096.15044
4624372516.28052
4621755965.79538
4619141442.93083
4616528946.26452
4613918474.53191
4611310026.46002
4608703600.76624
4606099196.16652
4603496811.59354
4600896446.20581
4598298099.13965
4595701769.49592
4593107456.34009
4590515158.80293
4587924876.29739
4585336608.25055
4582750354.03838
4580166112.98582
4577583884.38347
4575003667.72624
4572425462.65001
4569849268.73558
4567275085.50359
4564702912.41452
4562132748.95229
4559564594.85015
4556998449.84796
4554434313.62056
4551872185.77775
4549312065.86776
4546753953.55093
4544197848.67679
4541643751.04725
4539091660.39706
4536541576.39379
4533993498.65358
4531447426.96556
4528903361.23636
4526361301.30959
4523821246.96134
4521283197.90010
4518747153.79580
4516213114.51608
4513681080.00166
4511151050.12758
4508623024.70204
4506097003.46636
4503572986.12816
4501050972.59416
4498530962.83128
4496012956.74160
4493496954.16183
4490982954.86320
4488470958.57651
4485960965.21601
4483452974.77220
4480946987.17342
4478443002.28446
4475941019.90650
4473441039.78793
4470943061.81980
4468447086.01328
4465953112.32408
4463461140.64644
4460971170.81318
4458483202.59679
4455997235.83799
4453513270.55613
4451031306.73639
4448551344.30476
4446073383.12806
4443597423.01391
4441123463.75450
4438651505.33571
4436181547.77471
4433713591.03183
4431247635.01058
4428783679.55762
4426321724.46606
4423861769.62340
4421403815.06714
4418947860.79454
4416493906.74841
4414041952.81707
4411591998.83438
4409144044.60665
4406698090.11181
4404254135.38579
4401812180.41303
4399372225.12588
4396934269.40460
4394498313.07737
4392064355.98409
4389632398.14969
4387202439.60226
4384774480.32011
4382348520.23185
4379924559.21631
4377502597.10282
4375082633.76122
4372664669.23287
4370248703.54359
4367834736.67176
4365422768.54836
4363012799.05691
4360604828.03379
4358198855.35839
4355794881.07574
4353392905.21504
4350992927.76028
4348594948.65031
4346198967.77883
4343804984.99434
4341413000.16508
4339023013.32902
4336635024.52366
4334249033.74356
4331865040.94033
4329483046.02258
4327103048.85602
4324725049.29130
4322349047.33551
4319975043.03862
4317603036.41000
4315233027.41817
4312865015.99088
4310499002.01503
4308134985.34048
4305772965.90693
4303412943.77196
4301054918.96330
4298698891.46997
4296344861.24229
4293992828.19181
4291642792.19140
4289294753.10958
4286948710.96819
4284604665.81636
4282262617.66646
4279922566.49421
4277584512.23857
4275248454.80183
4272914394.04994
4270582329.89412
4268252262.38540
4265924191.56178
4263598117.42656
4261274039.94824
4258951959.06062
4256631874.66270
4254313786.62112
4251997694.87688
4249683599.48529
4247371500.47879
4245061397.85698
4242753291.58657
4240447181.60143
4238143067.80254
4235840950.06047
4233540828.31951
4231242702.63312
4228946573.03292
4226652439.51945
4224360302.06221
4222070160.59964
4219782015.03916
4217495865.25757
4215211711.17723
4212929552.84447
4210649390.29400
4208371223.53125
4206095052.53230
4203820877.24396
4201548697.58373
4199278513.43982
4197010324.70117
4194744131.38647
4192479933.53684
4190217731.16572
4187957524.25893
4185699312.77466
4183443096.64346
4181188875.76829
4178936650.02696
4176686419.36710
4174438183.83147
4172191943.44405
4169947698.20279
4167705448.07959
4165465193.02037
4163226932.94502
4160990667.74738
4158756397.30924
4156524121.61970
4154293840.71456
4152065554.60567
4149839263.28039
4147614966.70157
4145392664.80762
4143172357.51243
4140954044.70541
4138737726.27313
4136523402.21455
4134311072.55659
4132100737.30311
4129892396.43498
4127686049.91001
4125481697.66302
4123279339.60580
4121078975.62712
4118880605.60855
4116684229.53480
4114489847.42659
4112297459.28320
4110107065.08227
4107918664.77984
4105732258.31031
4103547845.58643
4101365426.49936
4099185000.92255
4097006568.80056
4094830130.14760
4092655684.96097
4090483233.21770
4088312774.87448
4086144309.86772
4083977838.11352
4081813359.50769
4079650873.92573
4077490381.25404
4075331881.48091
4073175374.60366
4071020860.60052
4068868339.43068
4066717811.03427
4064569275.33238
4062422732.22708
4060278181.60135
4058135623.31978
4055995057.28760
4053856483.49397
4051719901.91953
4049585312.52713
4047452715.26170
4045322110.05034
4043193496.80228
4041066875.40889
4038942245.74369
4036819607.66328
4034698961.06825
4032580305.93517
4030463642.23101
4028348969.90603
4026236288.89372
4024125599.11083
4022016900.45740
4019910192.81668
4017805476.05521
4015702750.02280
4013602014.59069
4011503269.71464
4009406515.35011
4007311751.43686
4005218977.89898
4003128194.64483
4001039401.56711
3998952598.54282
3996867785.43327
3994784962.08406
3992704128.33276
3990625284.08735
3988548429.29268
3986473563.87945
3984400687.76363
3982329800.84647
3980260903.01455
3978193994.13972
3976129074.07910
3974066142.67515
3972005199.75557
3969946245.15332
3967889278.77937
3965834300.55613
3963781310.39214
3961730308.18218
3959681293.80722
3957634267.13444
3955589228.01725
3953546176.29525
3951505111.79427
3949466034.32634
3947428943.70763
3945393839.82768
3943360722.58777
3941329591.87620
3939300447.56833
3937273289.52658
3935248117.60044
3933224931.62648
3931203731.42830
3929184516.81661
3927167287.58917
3925152043.53565
3923138784.50109
3921127510.36603
3919118220.99966
3917110916.25901
3915105595.98898
3913102260.02231
3911100908.17962
3909101540.26939
3907104156.08794
3905108755.41946
3903115338.03600
3901123903.71614
3899134452.30351
3897146983.64869
3895161497.59083
3893177993.95766
3891196472.56550
3889216933.21926
3887239375.71246
3885263799.82717
3883290205.33410
3881318591.99251
3879348959.55027
3877381307.76311
3875415636.44747
3873451945.42446
3871490234.50443
3869530503.48699
3867572752.16102
3865616980.30467
3863663187.68533
3861711374.05967
3859761539.17363
3857813682.76239
3855867804.55041
3853923904.25713
3851981981.65111
3850042036.52437
3848104068.65904
3846168077.82710
3844234063.79041
3842302026.30072
3840371965.09965
3838443879.91871
3836517770.47927
3834593636.49260
3832671477.65982
3830751293.67196
3828833084.22555
3826916849.06973
3825002587.95832
3823090300.63557
3821179986.83613
3819271646.28512
3817365278.69810
3815460883.78105
3813558461.23039
3811658010.73300
3809759531.96617
3807863024.59764
3805968488.28559
3804075922.68917
3802185327.51540
3800296702.48016
3798410047.29020
3796525361.64323
3794642645.22789
3792761897.72378
3790883118.80144
3789006308.12234
3787131465.33892
3785258590.09455
3783387682.02356
3781518740.75119
3779651765.89428
3777786757.09274
3775923714.02148
3774062636.34958
3772203523.73749
3770346375.83705
3768491192.29154
3766637972.73562
3764786716.79535
3762937424.08821
3761090094.22305
3759244726.80015
3757401321.41119
3755559877.63924
3753720395.05941
3751882873.26849
3750047311.89478
3748213710.56067
3746382068.88038
3744552386.45993
3742724662.89716
3740898897.78173
3739075090.69510
3737253241.21054
3735433348.89314
3733615413.29979
3731799433.97921
3729985410.47193
3728173342.31026
3726363229.02676
3724555070.19091
3722748865.37805
3720944614.15562
3719142316.08325
3717341970.71274
3715543577.58809
3713747136.24545
3711952646.21315
3710160107.01172
3708369518.15384
3706580879.14440
3704794189.48043
3703009448.65117
3701226656.13802
3699445811.42207
3697666914.01786
3695889963.44514
3694114959.21608
3692341900.83535
3690570787.80015
3688801619.60015
3687034395.71754
3685269115.62702
3683505778.79578
3681744384.68351
3679984932.74242
3678227422.41722
3676471853.14510
3674718224.35579
3672966535.47174
3671216785.92886
3669468975.18809
3667723102.70551
3665979167.92999
3664237170.30319
3662497109.25956
3660758984.22634
3659022794.62356
3657288539.86405
3655556219.35344
3653825832.49013
3652097378.66532
3650370857.26301
3648646267.66000
3646923609.22585
3645202881.32295
3643484083.31879
3641767214.60732
3640052274.58033
3638339262.62267
3636628178.11222
3634919020.41991
3633211788.90975
3631506482.93876
3629803101.85703
3628101645.00770
3626402111.72695
3624704501.34401
3623008813.18118
3621315046.55378
3619623200.77019
3617933275.13185
3616245268.93333
3614559181.47752
3612875012.08840
3611192760.08569
3609512424.78238
3607834005.48473
3606157501.49229
3604482912.09790
3602810236.58765
3601139474.24095
3599470624.33045
3597803686.12210
3596138658.87514
3594475541.84207
3592814334.26867
3591155035.39401
3589497644.45045
3587842160.66360
3586188583.25433
3584536911.46109
3582887144.53055
3581239281.70287
3579593322.21172
3577949265.28426
3576307110.14112
3574666855.99645
3573028502.05785
3571392047.52645
3569757491.59684
3568124833.45711
3566494072.28884
3564865207.26710
3563238237.56044
3561613162.33090
3559989980.73403
3558368691.91885
3556749295.02792
3555131789.20947
3553516173.62780
3551902447.44275
3550290609.80787
3548680659.87037
3547072596.77117
3545466419.64484
3543862127.61966
3542259719.81759
3540659195.35427
3539060553.33901
3537463792.87484
3535868913.05843
3534275912.98017
3532684791.72412
3531095548.36802
3529508181.98329
3527922691.63506
3526339076.38211
3524757335.28181
3523177467.40764
3521599471.83210
3520023347.62149
3518449093.83603
3516876709.52977
3515306193.75065
3513737545.54047
3512170763.93492
3510605847.96353
3509042796.64974
3507481609.01083
3505922284.05797
3504364820.79620
3502809218.22441
3501255475.33539
3499703591.11578
3498153564.54610
3496605394.60076
3495059080.24799
3493514620.45142
3491972014.18595
3490431260.43015
3488892358.15654
3487355306.33172
3485820103.91633
3484286749.86508
3482755243.12673
3481225582.64411
3479697767.35410
3478171796.18765
3476647668.06976
3475125381.91949
3473604936.64997
3472086331.16838
3470569564.37596
3469054635.16800
3467541542.43389
3466030285.05702
3464520861.91489
3463013271.87904
3461507513.81510
3460003586.59193
3458501489.08735
3457001220.17415
3455502778.71936
3454006163.58426
3452511373.62443
3451018407.68966
3449527264.62402
3448037943.26584
3446550442.44770
3445064760.99644
3443580897.73316
3442098851.47322
3440618621.02623
3439140205.19607
3437663602.78086
3436188812.57299
3434715833.35911
3433244663.92013
3431775303.03120
3430307749.46174
3428842001.97543
3427378059.33121
3425915920.29565
3424455583.63685
3422997048.11715
3421540312.49334
3420085375.51671
3418632235.93302
3417180892.48251
3415731343.89987
3414283588.91432
3412837626.24950
3411393454.62357
3409951072.74914
3408510479.33332
3407071673.07766
3405634652.67823
3404199416.82554
3402765964.20461
3401334293.49491
3399904403.37040
3398476292.49951
3397049959.54515
3395625403.16472
3394202622.01007
3392781614.72820
3391362379.97191
3389944916.39508
3388529222.64587
3387115297.36716
3385703139.19659
3384292746.76650
3382884118.70397
3381477253.63079
3380072150.16352
3378668806.91339
3377267222.48642
3375867395.48330
3374469324.49950
3373073008.12518
3371678444.94525
3370285633.53934
3368894572.48181
3367505260.34174
3366117695.68296
3364731877.06400
3363347803.03815
3361965472.15339
3360584882.95247
3359206033.97283
3357828923.74666
3356453550.80314
3355079913.67820
3353708010.90366
3352337841.00614
3350969402.50724
3349602693.92361
3348237713.76693
3346874460.54388
3345512932.75619
3344153128.90062
3342795047.46892
3341438686.94791
3340084045.81941
3338731122.56027
3337379915.64236
3336030423.53260
3334682644.69292
3333336577.58025
3331992220.64660
3330649572.33896
3329308631.09937
3327969395.36489
3326631863.56760
3325296034.13461
3323961905.48807
3322629476.04512
3321298744.21797
3319969708.41382
3318642367.04133
3317316718.51196
3315992761.23053
3314670493.59721
3313349914.00759
3312031020.85261
3310713812.51863
3309398287.38736
3308084443.83593
3306772280.23682
3305461794.95792
3304152986.36250
3302845852.80921
3301540392.65208
3300236604.24055
3298934485.91941
3297634036.02886
3296335252.90447
3295038134.87721
3293742680.27343
3292448887.41486
3291156754.61862
3289866280.19720
3288577462.45850
3287290299.70579
3286004790.23772
3284720932.34834
3283438724.32708
3282158164.45875
3280879251.02358
3279601982.30523
3278326356.58735
3277052372.14622
3275780027.25396
3274509320.17847
3273240249.18351
3271972812.52865
3270707008.46929
3269442835.25664
3268180291.13774
3266919374.35546
3265660083.14849
3264402415.75133
3263146370.39431
3261891945.30361
3260639138.70119
3259387948.80485
3258138373.82823
3256890411.98078
3255644061.46776
3254399320.49027
3253156187.24523
3251914659.92538
3250674736.71929
3249436415.81135
3248199695.38177
3246964573.60658
3245731048.65763
3244499118.70262
3243268781.90504
3242040036.42423
3240812880.41533
3239587312.03036
3238363329.42931
3237140930.76442
3235920114.18174
3234700877.82366
3233483219.82898
3232267138.33280
3231052631.46663
3229839697.35831
3228628334.13205
3227418539.90843
3226210312.80438
3225003650.93319
3223798552.40452
3222595015.32436
3221393037.79510
3220192617.91548
3218993753.78058
3217796443.48185
3216600685.10712
3215406476.74055
3214213816.46268
3213022702.35041
3211833132.47699
3210645104.91204
3209458617.72153
3208273668.96780
3207090256.70955
3205908379.00183
3204728033.89605
3203549219.44001
3202371933.67783
3201196174.65001
3200021940.39342
3198849228.94126
3197678038.32313
3196508366.56530
3195340211.70457
3194173571.77060
3193008444.78349
3191844828.76039
3190682721.71545
3189522121.65984
3188363026.60177
3187205434.54643
3186049343.49607
3184894751.44993
3183741656.40430
3182590056.35245
3181439949.28471
3180291333.18840
3179144206.04786
3177998565.84448
3176854410.55663
3175711738.15972
3174570546.62619
3173430833.92547
3172292598.02403
3171155836.88535
3170020548.46995
3168886730.73534
3167754381.63607
3166623499.12370
3165494081.14681
3164366125.65100
3163239630.57889
3162114593.87012
3160991013.46135
3159868887.28626
3158748213.27555
3157628989.35693
3156511213.45515
3155394883.49195
3154279997.38611
3153166553.05342
3152054548.40671
3150943981.35580
3149834849.81123
3148727151.70154
3147620884.93393
3146516047.40913
3145412637.02573
3144310651.68012
3143210089.26653
3142110947.67700
3141013224.80143
3139916918.52751
3138822026.74078
3137728547.32460
3136636478.16015
3135545817.12644
3134456562.10033
3133368710.95646
3132282261.56734
3131197211.80329
3130113559.53244
3129031302.62078
3127950438.93211
3126870966.32805
3125792882.66805
3124716185.80940
3123640873.60721
3122566943.91439
3121494394.58173
3120423223.45780
3119353428.38901
3118285007.21961
3117217957.79167
3116152277.94508
3115087965.51756
3114025018.34465
3112963434.25974
3111903211.09402
3110844346.67652
3109786838.83410
3108730685.39143
3107675884.17103
3106622432.99322
3105570329.67617
3104519572.03588
3103470157.88614
3102422085.03861
3101375351.30275
3100329954.48586
3099285892.40350
3098243162.89646
3097201763.76837
3096161692.81802
3095122947.84303
3094085526.63982
3093049427.00362
3092014646.72848
3090981183.60722
3089949035.43152
3088918199.99183
3087888675.07744
3086860458.47641
3085833547.97564
3084807941.36084
3083783636.41651
3082760630.92596
3081738922.67132
3080718509.43352
3079699388.99232
3078681559.12625
3077665017.61268
3076649762.22778
3075635790.74653
3074623100.94271
3073611690.58891
3072601557.45655
3071592699.31583
3070585113.93577
3069578799.08420
3068573752.52777
3067569972.03191
3066567455.36089
3065566200.27777
3064566204.54442
3063567465.92153
3062569982.16857
3061573751.04387
3060578770.30451
3059585037.70642
3058592551.00433
3057601307.95176
3056611306.30106
3055622543.80339
3054635018.20869
3053648727.26575
3052663668.72214
3051679840.32423
3050697239.81724
3049715864.94516
3048735713.45080
3047756783.07579
3046779071.56055
3045802576.64433
3044827296.06517
3043853227.56165
3042880368.92099
3041908717.89923
3040938272.22716
3039969029.63550
3039000987.85492
3038034144.61601
3037068497.64931
3036104044.68527
3035140783.45431
3034178711.68674
3033217827.11283
3032258127.46280
3031299610.46676
3030342273.85479
3029386115.35688
3028431132.70299
3027477323.62297
3026524685.84663
3025573217.10371
3024622915.12388
3023673777.63675
3022725802.37186
3021778987.05868
3020833329.42662
3019888827.20502
3018945478.12316
3018003279.91025
3017062230.29544
3016122327.00780
3015183567.77634
3014245950.33001
3013309472.39769
3012374131.70820
3011439925.99028
3010506852.97261
3009574910.38382
3008644095.95246
3007714407.40699
3006785842.47586
3005858398.88740
3004932074.36991
3004006866.65160
3003082773.46063
3002159792.52509
3001237921.57300
3000317158.33231
2999397500.53092
2998478945.89666
2997561492.15727
2996645137.04045
2995729878.27384
2994815713.58498
2993902640.70138
2992990657.35045
2992079761.25958
2991169950.15604
2990261221.76708
2989353573.81985
2988447004.04145
2987541510.15893
2986637089.89923
2985733740.98927
2984831461.15588
2983930248.15391
2983030099.75539
2982131013.68506
2981232987.66794
2980336019.43009
2979440106.69858
2978545247.20153
2977651438.66806
2976758678.82835
2975866965.41359
2974976296.15602
2974086668.78889
2973198081.04649
2972310530.66413
2971424015.37817
2970538532.92598
2969654081.04597
2968770657.47757
2967888259.96125
2967006886.23851
2966126534.05188
2965247201.14491
2964368885.26218
2963491584.14932
2962615295.55298
2961740017.22082
2960865746.90155
2959992482.34491
2959120221.30166
2958248961.52361
2957378700.76357
2956509436.77540
2955641167.31399
2954773890.13525
2953907602.99612
2953042303.65459
2952177989.86965
2951314659.40134
2950452310.01072
2949590939.45990
2948730545.51199
2947871125.93115
2947012678.48256
2946155200.93243
2945298691.04801
2944443146.59758
2943588565.35043
2942734945.07691
2941882283.54837
2941030578.53720
2940179827.81683
2939330029.16172
2938481180.34734
2937633279.15021
2936786323.34788
2935940310.71890
2935095239.04289
2934251106.10048
2933407909.67333
2932565647.54413
2931724317.49660
2930883917.31550
2930044444.78661
2929205897.69754
2928368273.87304
2927531571.11979
2926695787.22523
2925860919.97876
2925026967.17173
2924193926.59742
2923361796.05108
2922530573.32989
2921700256.23298
2920870842.56143
2920042330.11827
2919214716.70847
2918388000.13894
2917562178.21857
2916737248.75816
2915913209.57046
2915090058.47020
2914267793.27403
2913446411.80054
2912625911.87028
2911806291.30576
2910987547.93141
2910169679.57363
2909352684.06075
2908536559.22305
2907721302.89277
2906906912.90408
2906093387.09311
2905280723.29794
2904468919.35857
2903657973.11697
2902847882.41707
2902038645.10471
2901230259.02771
2900422722.03581
2899616031.98073
2898810186.71610
2898005184.09752
2897201021.98254
2896397698.23063
2895595210.70325
2894793557.26376
2893992735.77750
2893192744.11175
2892393580.13573
2891595241.72061
2890797726.73951
2890001033.06749
2889205158.58156
2888410101.16069
2887615858.68577
2886822429.03967
2886029810.10717
2885237999.77504
2884446995.93195
2883656796.46855
2882867399.27743
2882078802.25313
2881291003.29211
2880504000.29282
2879717791.15563
2878932373.78286
2878147746.08513
2877363905.99882
2876580851.43355
2875798580.29721
2875017090.50031
2874236379.95603
2873456446.58018
2872677288.29121
2871898903.01024
2871121288.66102
2870344443.16996
2869568364.46608
2868793050.48110
2868018499.14934
2867244708.40779
2866471676.19609
2865699400.45650
2864927879.13395
2864157110.17601
2863387091.53290
2862617821.15747
2861849297.00524
2861081517.03435
2860314479.20561
2859548181.48247
2858782621.83101
2858017798.21998
2857253708.62076
2856490351.00738
2855727723.35651
2854965823.64749
2854204649.86227
2853444199.98549
2852684472.00439
2851925463.90888
2851167173.69153
2850409599.34752
2849652738.87472
2848896590.27360
2848141151.54731
2847386420.70163
2846632395.74500
2845879074.68849
2845126455.54583
2844374536.33338
2843623315.07016
2842872789.77784
2842122958.48072
2841373819.20576
2840625369.98255
2839877608.84335
2839130533.82304
2838384142.95917
2837638434.29192
2836893405.86413
2836149055.72126
2835405381.91145
2834662382.48547
2833920055.49673
2833178399.00129
2832437411.05787
2831697089.72781
2830957433.07965
2830218439.19889
2829480106.15461
2828742432.01655
2828005414.85757
2827269052.75365
2826533343.78391
2825798286.03057
2825063877.57898
2824330116.51762
2823597000.93810
2822864528.93513
2822132698.60656
2821401508.05336
2820670955.37964
2819941038.69259
2819211756.10257
2818483105.72305
2817755085.67059
2817027694.06493
2816300929.02889
2815574788.68843
2814849271.17263
2814124374.61369
2813400097.14695
2812676436.91086
2811953392.04698
2811230960.70003
2810509141.01781
2809787931.15128
2809067329.25450
2808347333.48467
2807627942.00210
2806909152.97023
2806190964.55562
2805473374.92796
2804756382.26006
2804039984.72784
2803324180.51037
2802608967.78982
2801894344.75149
2801180309.58382
2800466860.47835
2799753995.62976
2799041713.23584
2798330011.49750
2797618888.61880
2796908342.80690
2796198372.27209
2795488975.22778
2794780149.89051
2794071894.47993
2793364207.21885
2792657086.33315
2791950530.05187
2791244536.60716
2790539104.23431
2789834231.17171
2789129915.66088
2788426155.94647
2787722950.27626
2787020296.90127
2786318194.08356
2785616640.08329
2784915633.15841
2784215171.57030
2783515253.58370
2782815877.46675
2782117041.49098
2781418743.93133
2780720983.06612
2780023757.17704
2779327064.54920
2778630903.47109
2777935272.23459
2777240169.13499
2776545592.47095
2775851540.54451
2775158011.66115
2774465004.12968
2773772516.26236
2773080546.37480
2772389092.78602
2771698153.81843
2771007727.79782
2770317813.05338
2769628407.91771
2768939510.72676
2768251119.81992
2767563233.53992
2766875850.23293
2766188968.24848
2765502585.93951
2764816701.66232
2764131313.77665
2763446420.64560
2762762020.63566
2762078112.11673
2761394693.46208
2760711763.04838
2760029319.25571
2759347360.46751
2758665885.07063
2757984891.45532
2757304378.01520
2756624343.14729
2755944785.25200
2755265702.73315
2754587093.99792
2753908957.45691
2753231291.52409
2752554094.61684
2751877365.15592
2751201101.56547
2750525302.27306
2749849965.70960
2749175090.30944
2748500674.51030
2747826716.75327
2747153215.48288
2746480169.14701
2745807576.19695
2745135435.08746
2744463744.27786
2743792502.22831
2743121707.40147
2742451358.26348
2741781453.28394
2741111990.93595
2740442969.69606
2739774388.04433
2739106244.46428
2738438537.44290
2737771265.47068
2737104427.04156
2736438020.65298
2735772044.80584
2735106498.00454
2734441378.75693
2733776685.57437
2733112416.97166
2732448571.46711
2731785147.58248
2731122143.84304
2730459558.77750
2729797390.91809
2729135638.80047
2728474300.96381
2727813375.95076
2727152862.30742
2726492758.58340
2725833063.33176
2725173775.10905
2724514892.47531
2723856413.99402
2723198338.23219
2722540663.76025
2721883389.15216
2721226512.98533
2720570033.84064
2719913950.30247
2719258260.95867
2718602964.40055
2717948059.22293
2717293544.02407
2716639417.40574
2715985677.97317
2715332324.33507
2714679355.10364
2714026768.89453
2713374564.32689
2712722740.02335
2712071294.61001
2711420226.71644
2710769534.97569
2710119218.02430
2709469274.50227
2708819703.05311
2708170502.32375
2707521670.96466
2706873207.62975
2706225110.97642
2705577379.66554
2704930012.35845
2704283007.71829
2703636364.41423
2702990081.11886
2702344156.50820
2701698589.26168
2701053378.06214
2700408521.59585
2699764018.55249
2699119867.62515
2698476067.51034
2697832616.90799
2697189514.52144
2696546759.05746
2695904349.22622
2695262283.74132
2694620561.31975
2693979180.68195
2693338140.55177
2692697439.65645
2692057076.72667
2691417050.49652
2690777359.70352
2690138003.08857
2689498979.39603
2688860287.37365
2688221925.77260
2687583893.34746
2686946188.85625
2686308811.06038
2685671758.72469
2685035030.61744
2684398625.51029
2683762542.17834
2683126779.40008
2682491335.95743
2681856210.63573
2681221402.22372
2680586909.51359
2679952731.30090
2679318866.38467
2678685313.56730
2678052071.65464
2677419139.45592
2676786515.78382
2676154199.45442
2675522189.28721
2674890484.10512
2674259082.73446
2673627984.00499
2672997186.74987
2672366689.80568
2671736492.01242
2671106592.21350
2670476989.25575
2669847681.98940
2669218669.26813
2668589949.94902
2667961522.89254
2667333386.96197
2666705541.01546
2666077983.91928
2665450714.54549
2664823731.76938
2664197034.46950
2663570621.52765
2662944491.82885
2662318644.26138
2661693077.71678
2661067791.08981
2660442783.27848
2659818053.18407
2659193599.71106
2658569421.76722
2657945518.26353
2657321888.11424
2656698530.23684
2656075443.55205
2655452626.98385
2654830079.45946
2654207799.90934
2653585787.26721
2652964040.47002
2652342558.45797
2651721340.17451
2651100384.56632
2650479690.58335
2649859257.17877
2649239083.30900
2648619167.93373
2647999510.01586
2647380108.52155
2646760962.42022
2646142070.68451
2645523432.29031
2644905046.21678
2644286911.44628
2643669026.96446
2643051391.76019
2642434004.82559
2641816865.15602
2641199971.75011
2640583323.60969
2639966919.73988
2639350759.14901
2638734840.84869
2638119163.85374
2637503727.18225
2636888529.85554
2636273570.89818
2635658849.33800
2635044364.20604
2634430114.53662
2633816099.36728
2633202317.73883
2632588768.69530
2631975451.28399
2631362364.55541
2630749507.56261
2630136879.35092
2629524478.97515
2628912305.49677
2628300357.98025
2627688635.49307
2627077137.10569
2626465861.89157
2625854808.92719
2625243977.29199
2624633366.06846
2624022974.34204
2623412801.20119
2622802845.73738
2622193107.04505
2621583584.22165
2620974276.36765
2620365182.58648
2619756301.98460
2619147633.67145
2618539176.75947
2617930930.36412
2617322893.60383
2616715065.60004
2616107445.47719
2615500032.36271
2614892825.38705
2614285823.68362
2613679026.38887
2613072432.64223
2612466041.58611
2611859852.36596
2611253864.13018
2610648076.03022
2610042487.22047
2609437096.85838
2608831904.10435
2608226908.12180
2607622108.07714
2607017503.13979
2606413092.48216
2605808875.27967
2605204850.71070
2604601017.95668
2603997376.20201
2603393924.63409
2602790662.44332
2602187588.82310
2601584702.96984
2600982004.08291
2600379491.36473
2599777164.02068
2599175021.25916
2598573062.29155
2597971286.33224
2597369692.59862
2596768280.31107
2596167048.69298
2595565996.97073
2594965124.36735
2594364430.10282
2593763913.41048
2593163573.52658
2592563409.69009
2591963421.14268
2591363607.12874
2590763966.89535
2590164499.69230
2589565204.77208
2588966081.38991
2588367128.80369
2587768346.27404
2587169733.06428
2586571288.44043
2585973011.67124
2585374902.02813
2584776958.78526
2584179181.21949
2583581568.61035
2582984120.24013
2582386835.39379
2581789713.35900
2581192753.42615
2580595954.88833
2579999317.04133
2579402839.18365
2578806520.61650
2578210360.64378
2577614358.57213
2577018513.71085
2576422825.37199
2575827292.87027
2575231915.52314
2574636692.65076
2574041623.57596
2573446707.62432
2572851944.12410
2572257332.40628
2571662871.80452
2571068561.65522
2570474401.29747
2569880390.07306
2569286527.32649
2568692812.40498
2568099244.65844
2567505823.43949
2566912548.10346
2566319418.00837
2565726432.51498
2565133590.98671
2564540892.78973
2563948337.29289
2563355923.86776
2562763651.88860
2562171520.73238
2561579529.77880
2560987678.41023
2560395966.00508
2559804391.93844
2559212955.59887
2558621656.37756
2558030493.66809
2557439466.86643
2556848575.37092
2556257818.58233
2555667195.90380
2555076706.74085
2554486350.50143
2553896126.59585
2553306034.43682
2552716073.43945
2552126243.02123
2551536542.60205
2550946971.60420
2550357529.45233
2549768215.57353
2549179029.39724
2548589970.35532
2548001037.88200
2547412231.41393
2546823550.39012
2546234994.25198
2545646562.44335
2545058254.41040
2544470069.60174
2543882007.46836
2543294067.46363
2542706249.04332
2542118551.66559
2541530974.79100
2540943517.88250
2540356180.40542
2539768961.82750
2539181861.61886
2538594879.25200
2538008014.20185
2537421265.94570
2536834633.96324
2536248117.73655
2535661716.75012
2535075430.49080
2534489258.44786
2533903200.11295
2533317254.98012
2532731422.54579
2532145702.30881
2531560093.77039
2530974596.43414
2530389209.80606
2529803933.39457
2529218766.71043
2528633709.26684
2528048760.57937
2527463920.16599
2526879187.54655
2526294562.23108
2525710043.73802
2525125631.59320
2524541325.32448
2523957124.46184
2523373028.53731
2522789037.08500
2522205149.64109
2521621365.74384
2521037684.93360
2520454106.75276
2519870630.74582
2519287256.45933
2518703983.44194
2518120811.24434
2517537739.41932
2516954767.52175
2516371895.10856
2515789121.73876
2515206446.97343
2514623870.37573
2514041391.51091
2513459009.94626
2512876725.25117
2512294536.99710
2511712444.75759
2511130448.10824
2510548546.62675
2509966739.89286
2509385027.48842
2508803408.99733
2508221884.00558
2507640452.10122
2507059112.87440
2506477865.91731
2505896710.82425
2505315647.19157
2504734674.61771
2504153792.70318
2503573001.05055
2502992299.26450
2502411686.95174
2501831163.72110
2501250729.18346
2500670382.95177
2500090124.64106
2499509953.86846
2498929870.25313
2498349873.41634
2497769962.98143
2497190138.57380
2496610399.82093
2496030746.35238
2495451177.79979
2494871693.79687
2494292293.97939
2493712977.98522
2493133745.44701
2492554595.99563
2491975529.27357
2491396544.92520
2490817642.59661
2490238821.93571
2489660082.59213
2489081424.21731
2488502846.46442
2487924348.98842
2487345931.44603
2486767593.49576
2486189334.79784
2485611155.01432
2485033053.80898
2484455030.84740
2483877085.79688
2483299218.32655
2482721428.10726
2482143714.81164
2481566078.11410
2480988517.69080
2480411033.21969
2479833624.38047
2479256290.85460
2478679032.32534
2478101848.47769
2477524738.99843
2476947703.57610
2476370741.90101
2475793853.66524
2475217038.56264
2474640296.28883
2474063626.54119
2473487029.01887
2472910503.42279
2472334049.45564
2471757666.82187
2471181355.22770
2470605114.38112
2470028943.99190
2469452843.77156
2468876813.43339
2468300852.69245
2467724961.26558
2467149138.87137
2466573385.23019
2465997700.06417
2465422083.09721
2464846534.05498
2464271052.66491
2463695638.65622
2463120291.75987
2462545011.70860
2461969798.23693
2461394651.08112
2460819569.97922
2460244554.66610
2459669604.87167
2459094720.33751
2458519900.80712
2457945146.02546
2457370455.73896
2456795829.69554
2456221267.64460
2455646769.33703
2455072334.52518
2454497962.96288
2453923654.40547
2453349408.60973
2452775225.33395
2452201104.33788
2451627045.38277
2451053048.23132
2450479112.64774
2449905238.39771
2449331425.24837
2448757672.96838
2448183981.32784
2447610350.09835
2447036779.05299
2446463267.96631
2445889816.61435
2445316424.77463
2444743092.22615
2444169818.74937
2443596604.12625
2443023448.14023
2442450350.57622
2441877311.22062
2441304329.86130
2440731406.28761
2440158540.29040
2439585731.66197
2439012980.19612
2438440285.68812
2437867647.93472
2437295066.73416
2436722541.88615
2436150073.19188
2435577660.45403
2435005303.47675
2434433002.06567
2433860756.02790
2433288565.17204
2432716429.30815
2432144348.24778
2431572321.80398
2431000349.79124
2430428432.02557
2429856568.32443
2429284758.50676
2428713002.39301
2428141299.80508
2427569650.56210
2426998054.47817
2426426511.37798
2425855021.08787
2425283583.43539
2424712198.24930
2424140865.35961
2423569584.59751
2422998355.79543
2422427178.78700
2421856053.40708
2421284979.49174
2420713956.87826
2420142985.40515
2419572064.91212
2419001195.24012
2418430376.23130
2417859607.72903
2417288889.57788
2416718221.62368
2416147603.71342
2415577035.69536
2415006517.41894
2414436048.73482
2413865629.49490
2413295259.55228
2412724938.76127
2412154666.97741
2411584444.05745
2411014269.85936
2410444144.24231
2409874067.06672
2409304038.19420
2408734057.48757
2408164124.81090
2407594240.02944
2407024403.00968
2406454613.61933
2405884871.72728
2405315177.20369
2404745529.91989
2404175929.74845
2403606376.56316
2403036870.23901
2402467410.65221
2401897997.68020
2401328631.20163
2400759311.09636
2400190037.24547
2399620809.53125
2399051627.83723
2398482492.04813
2397913402.04990
2397344357.72970
2396775358.97591
2396206405.67813
2395637497.72716
2395068635.01117
2394499817.41379
2393931044.82799
2393362317.14811
2392793634.26945
2392224996.08828
2391656402.50189
2391087853.40850
2390519348.70736
2389950888.29867
2389382472.08361
2388814099.96436
2388245771.84408
2387677487.62688
2387109247.21788
2386541050.52319
2385972897.44986
2385404787.90596
2384836721.80052
2384268699.04357
2383700719.54609
2383132783.22006
2382564889.97846
2381997039.73521
2381429232.40523
2380861467.90444
2380293746.14971
2379726067.05891
2379158430.55088
2378590836.54545
2378023284.96342
2377455775.72658
2376888308.75771
2376320883.98054
2375753501.31982
2375186160.70124
2374618862.05151
2374051605.29829
2373484390.37024
2372917217.19699
2372350085.70916
2371782995.83835
2371215947.51713
2370648940.67905
2370081975.25867
2369515051.19149
2368948168.41403
2368381326.86375
2367814526.47912
2367247767.19959
2366681048.96558
2366114371.71850
2365547735.40072
2364981139.95563
2364414585.32755
2363848071.46183
2363281598.30478
2362715165.80060
2362148773.88891
2361582422.51751
2361016111.63542
2360449841.19243
2359883611.13910
2359317421.42678
2358751272.00757
2358185162.83437
2357619093.86084
2357053065.04141
2356487076.33130
2355921127.68647
2355355219.06371
2354789350.42052
2354223521.71523
2353657732.90690
2353091983.95540
2352526274.82134
2351960605.46613
2351394975.85195
2350829385.94174
2350263835.69923
2349698325.08890
2349132854.07604
2348567422.62669
2348002030.70766
2347436678.28654
2346871365.33172
2346306091.81231
2345740857.69824
2345175662.96020
2344610507.56965
2344045391.49882
2343480314.72072
2342915277.20914
2342350278.93864
2341785319.88454
2341220400.02295
2340655519.33076
2340090677.78560
2339525875.36592
2338961112.05092
2338396387.82056
2337831702.65560
2337267056.53756
2336702449.44873
2336137881.37220
2335573352.29179
2335008862.19214
2334444411.05864
2333879998.87744
2333315625.63549
2332751291.32051
2332186995.92099
2331622739.42618
2331058521.82612
2330494343.11001
2329930203.26151
2329366102.27116
2328802040.13103
2328238016.83378
2327674032.37268
2327110086.74157
2326546179.93492
2325982311.94776
2325418482.77574
2324854692.41509
2324290940.86265
2323727228.11585
2323163554.17269
2322599919.03182
2322036322.69242
2321472765.15432
2320909246.41792
2320345766.48421
2319782325.35480
2319218923.03185
2318655559.51817
2318092234.81713
2317528948.93271
2316965701.86947
2316402493.63258
2315839324.22780
2315276193.66149
2314713101.94059
2314150049.07265
2313587035.06582
2313024059.92883
2312461123.67101
2311898226.30228
2311335367.83317
2310772548.27481
2310209767.63889
2309647025.93772
2309084323.18422
2308521659.39187
2307959034.57478
2307396448.74762
2306833901.92569
2306271394.12486
2305708925.36161
2305146495.65300
2304584105.01671
2304021753.47098
2303459441.03468
2302897167.72726
2302334933.56876
2301772738.57982
2301210582.78168
2300648466.19617
2300086388.84572
2299524350.75334
2298962351.94266
2298400392.43768
2297838472.25720
2297276591.42334
2296714749.96119
2296152947.89629
2295591185.25463
2295029462.06264
2294467778.34719
2293906134.13560
2293344529.45563
2292782964.33548
2292221438.80381
2291659952.88969
2291098506.62266
2290537100.03270
2289975733.15024
2289414406.00612
2288853118.63167
2288291871.05862
2287730663.31918
2287169495.44598
2286608367.47210
2286047279.43106
2285486231.35684
2284925223.28383
2284364255.24690
2283803327.28134
2283242439.42289
2282681591.70774
2282120784.17251
2281560016.85427
2280999289.79053
2280438603.01926
2279877956.57885
2279317350.50815
2278756784.84645
2278196259.63346
2277635774.90938
2277075330.71481
2276514927.09082
2275954564.07890
2275394241.72101
2274833960.05954
2274273719.13732
2273713518.99762
2273153359.68418
2272593241.24114
2272033163.71313
2271473127.14518
2270913131.58280
2270353177.07192
2269793263.65892
2269233391.39062
2268673560.31430
2268113770.47766
2267554021.92885
2266994314.71648
2266434648.88959
2265875024.49618
2265315441.58047
2264755900.19159
2264196400.37952
2263636942.19453
2263077525.68720
2262518150.90844
2261958817.90949
2261399526.74187
2260840277.45745
2260281070.10839
2259721904.74719
2259162781.42665
2258603700.19989
2258044661.12035
2257485664.24178
2256926709.61826
2256367797.30416
2255808927.35420
2255250099.82339
2254691314.76706
2254132572.24087
2253573872.30078
2253015215.00308
2252456600.40437
2251898028.56156
2251339499.53189
2250781013.37291
2250222570.14247
2249664169.89877
2249105812.70030
2248547498.60587
2247989227.67462
2247430999.96598
2246872815.53973
2246314674.45594
2245756576.77501
2245198522.55764
2244640511.86487
2244082544.75805
2243524621.29882
2242966741.54916
2242408905.57138
2241851113.42808
2241293365.18217
2240735660.89692
2240178000.63586
2239620384.46288
2239062812.44217
2238505284.63824
2237947801.11589
2237390361.94029
2236832967.17687
2236275616.89142
2235718311.15002
2235161050.01907
2234603833.56529
2234046661.85573
2233489534.95606
2232932452.92933
2232375415.84265
2231818423.76353
2231261476.75972
2230704574.89918
2230147718.25008
2229590906.88078
2229034140.85989
2228477420.25619
2227920745.13870
2227364115.57665
2226807531.63947
2226250993.39680
2225694500.91851
2225138054.27467
2224581653.53555
2224025298.77165
2223468990.05367
2222912727.45253
2222356511.03936
2221800340.88550
2221244217.06250
2220688139.64211
2220132108.69632
2219576124.29731
2219020186.51748
2218464295.42943
2217908451.10600
2217352653.62019
2216796903.04528
2216241199.45470
2215685542.92212
2215129933.52142
2214574371.32670
2214018856.41225
2213463388.85259
2212907968.72244
2212352596.09673
2211797271.05062
2211241993.65947
2210686763.99884
2210131582.14452
2209576448.17250
2209021362.15899
2208466324.18040
2207911334.31337
2207356392.63473
2206801499.22154
2206246654.15106
2205691857.50076
2205137109.34833
2204582409.77167
2204027758.84890
2203473156.65832
2202918603.27848
2202364098.78812
2201809643.26619
2201255236.79131
2200700879.43884
2200146571.28712
2199592312.41527
2199038102.90258
2198483942.82843
2197929832.27234
2197375771.31398
2196821760.03310
2196267798.50963
2195713886.82358
2195160025.05511
2194606213.28450
2194052451.59217
2193498740.05865
2192945078.76461
2192391467.79083
2191837907.21824
2191284397.12787
2190730937.60091
2190177528.71863
2189624170.56248
2189070863.21399
2188517606.75486
2187964401.26687
2187411246.83197
2186858143.53221
2186305091.44978
2185752090.66699
2185199141.26627
2184646243.33020
2184093396.94146
2183540602.18288
2182987859.13739
2182435167.88808
2181882528.51813
2181329941.11088
2180777405.74978
2180224922.51841
2179672491.50048
2179120112.77981
2178567786.44037
2178015512.56624
2177463291.24164
2176911122.55091
2176359006.57852
2175806943.40905
2175254933.12723
2174702975.81791
2174151071.56606
2173599220.45678
2173047422.57530
2172495678.00697
2171943986.83728
2171392349.15183
2170840765.03636
2170289234.57672
2169737757.85891
2169186334.96905
2168634965.99208
2168083651.01131
2167532390.11260
2166981183.38196
2166430030.90546
2165878932.76925
2165327889.05952
2164776899.86251
2164225965.26454
2163675085.35198
2163124260.21125
2162573489.92886
2162022774.59134
2161472114.28531
2160921509.09743
2160370959.11443
2159820464.42310
2159270025.11028
2158719641.26287
2158169312.96784
2157619040.31222
2157068823.38309
2156518662.26758
2155968557.05291
2155418507.82632
2154868514.67515
2154318577.68676
2153768696.94861
2153218872.54818
2152669104.57304
2152119393.11080
2151569738.24914
2151020140.07579
2150470598.67855
2149921114.14527
2149371686.56387
2148822316.02232
2148273002.60864
2147723746.41094
2147174547.51736
2146625406.01612
2146076321.99547
2145527295.54376
2144978326.74937
2144429415.70074
2143880562.48639
2143331767.19487
2142783029.91482
2142234350.73493
2141685729.74392
2141137167.03061
2140588662.68386
2140040216.79260
2139491829.44579
2138943500.73249
2138395230.74180
2137847019.56287
2137298867.28492
2136750773.99723
2136202739.78848
2135654764.74544
2135106848.95684
2134558992.51169
2134011195.49898
2133463458.00771
2132915780.12688
2132368161.94551
2131820603.55262
2131273105.03725
2130725666.48841
2130178287.99517
2129630969.64655
2129083711.53163
2128536513.73945
2127989376.35910
2127442299.47965
2126895283.19017
2126348327.57976
2125801432.73751
2125254598.75253
2124707825.71393
2124161113.71082
2123614462.83232
2123067873.16757
2122521344.80570
2121974877.83586
2121428472.34720
2120882128.42887
2120335846.17004
2119789625.65988
2119243466.98757
2118697370.24228
2118151335.51322
2117605362.88958
2117059452.46056
2116513604.31539
2115967818.54326
2115422095.23342
2114876434.47509
2114330836.35752
2113785300.96994
2113239828.40161
2112694418.74179
2112149072.07975
2111603788.50475
2111058568.10608
2110513410.97303
2109968317.19488
2109423286.86094
2108878320.06052
2108333416.88293
2107788577.41748
2107243801.75351
2106699089.98035
2106154442.18734
2105609858.46383
2105065338.89918
2104520883.58274
2103976492.60388
2103432166.05080
2102887904.01114
2102343706.57386
2101799573.82787
2101255505.86206
2100711502.76526
2100167564.62630
2099623691.53396
2099079883.57698
2098536140.84410
2097992463.42398
2097448851.40529
2096905304.87663
2096361823.92660
2095818408.64374
2095275059.11657
2094731775.43358
2094188557.68322
2093645405.95391
2093102320.33404
2092559300.91195
2092016347.77597
2091473461.01439
2090930640.71545
2090387886.96738
2089845199.85837
2089302579.47657
2088760025.91010
2088217539.24705
2087675119.57548
2087132766.98341
2086590481.55882
2086048263.38968
2085506112.56390
2084964029.16938
2084422013.29397
2083880065.02549
2083338184.45175
2082796371.66048
2082254626.73943
2081712949.77627
2081171340.85868
2080629800.07427
2080088327.51063
2079546923.25533
2079005587.39589
2078464320.01980
2077923121.21452
2077381991.06749
2076840929.66609
2076299937.09768
2075759013.44960
2075218158.80913
2074677373.26354
2074136656.90005
2073596009.80587
2073055432.06814
2072514923.77402
2071974485.01057
2071434115.86488
2070893816.42350
2070353586.77182
2069813426.99632
2069273337.18352
2068733317.41987
2068193367.79175
2067653488.38551
2067113679.28739
2066573940.58362
2066034272.36032
2065494674.70358
2064955147.69941
2064415691.43376
2063876305.99253
2063336991.46155
2062797747.92658
2062258575.47332
2061719474.18743
2061180444.15447
2060641485.45996
2060102598.18937
2059563782.42807
2059025038.26141
2058486365.77465
2057947765.05299
2057409236.18157
2056870779.24549
2056332394.32974
2055794081.51930
2055255840.89906
2054717672.55383
2054179576.56840
2053641553.02747
2053103602.01569
2052565723.61762
2052027917.91780
2051490185.00068
2050952524.95065
2050414937.85205
2049877423.78914
2049339982.84614
2048802615.10718
2048265320.65635
2047728099.57767
2047190951.95510
2046653877.87252
2046116877.41378
2045579950.66265
2045043097.70283
2044506318.61796
2043969613.49164
2043432982.40738
2042896425.44864
2042359942.69882
2041823534.24124
2041287200.15919
2040750940.53587
2040214755.45443
2039678644.99795
2039142609.24945
2038606648.29189
2038070762.20770
2037534951.07854
2036999214.98680
2036463554.01483
2035927968.24487
2035392457.75911
2034857022.63963
2034321662.96845
2033786378.82748
2033251170.29857
2032716037.46348
2032180980.40389
2031645999.20138
2031111093.93748
2030576264.69360
2030041511.55109
2029506834.59121
2028972233.89514
2028437709.54398
2027903261.61874
2027368890.20034
2026834595.36964
2026300377.20739
2025766235.79429
2025232171.21092
2024698183.53781
2024164272.85537
2023630439.24397
2023096682.78387
2022563003.55525
2022029401.63821
2021495877.11277
2020962430.05887
2020429060.55634
2019895768.68497
2019362554.52444
2018829418.15435
2018296359.65421
2017763379.10347
2017230476.58148
2016697652.16751
2016164905.94075
2015632237.98030
2015099648.36518
2014567137.17434
2014034704.48662
2013502350.38081
2012970074.93558
2012437878.22956
2011905760.34125
2011373721.34911
2010841761.33149
2010309880.36666
2009778078.53282
2009246355.90808
2008714712.57047
2008183148.59792
2007651664.06829
2007120259.05937
2006588933.64885
2006057687.91434
2005526521.93334
2004995435.78254
2004464429.53874
2003933503.27889
2003402657.07985
2002871891.01840
2002341205.17120
2001810599.61483
2001280074.42576
2000749629.68038
2000219265.45497
1999688981.82572
1999158778.86872
1998628656.65996
1998098615.27536
1997568654.79070
1997038775.28170
1996508976.82396
1995979259.49299
1995449623.36423
1994920068.51298
1994390595.01446
1993861202.94382
1993331892.37607
1992802663.38616
1992273516.04891
1991744450.43908
1991215466.63131
1990686564.70014
1990157744.72004
1989629006.76535
1989100350.91034
1988571777.22916
1988043285.79590
1987514876.68451
1986986549.96887
1986458305.72276
1985930144.01986
1985402064.93375
1984874068.53793
1984346154.90578
1983818324.11060
1983290576.22559
1982762911.32385
1982235329.47839
1981707830.76212
1981180415.24784
1980653083.00829
1980125834.11607
1979598668.64372
1979071586.66365
1978544588.24821
1978017673.46962
1977490842.40003
1976964095.11147
1976437431.67590
1975910852.16515
1975384356.65099
1974857945.20507
1974331617.89894
1973805374.80408
1973279215.99185
1972753141.53352
1972227151.49994
1971701245.96164
1971175424.98931
1970649688.65354
1970124037.02482
1969598470.17354
1969072988.16997
1968547591.08430
1968022278.98659
1967497051.94682
1966971910.03484
1966446853.32042
1965921881.87321
1965396995.76277
1964872195.05854
1964347479.82986
1963822850.14597
1963298306.07601
1962773847.68900
1962249475.05388
1961725188.23946
1961200987.31446
1960676872.34750
1960152843.40708
1959628900.56160
1959105043.87938
1958581273.42860
1958057589.27735
1957533991.49363
1957010480.14532
1956487055.30020
1955963717.02593
1955440465.39011
1954917300.46018
1954394222.30351
1953871230.98737
1953348326.57890
1952825509.14516
1952302778.75308
1951780135.46952
1951257579.36121
1950735110.49478
1950212728.93676
1949690434.75358
1949168228.01155
1948646108.77689
1948124077.11572
1947602133.09404
1947080276.77775
1946558508.23265
1946036827.52445
1945515234.71872
1944993729.88096
1944472313.07655
1943950984.37076
1943429743.82878
1942908591.51566
1942387527.49638
1941866551.83579
1941345664.59866
1940824865.84963
1940304155.65326
1939783534.07398
1939263001.17599
1938742557.02313
1938222201.67928
1937701935.20820
1937181757.67355
1936661669.13889
1936141669.66767
1935621759.32323
1935101938.16880
1934582206.26749
1934062563.68234
1933543010.47624
1933023546.71201
1932504172.45233
1931984887.75978
1931465692.69686
1930946587.32593
1930427571.70925
1929908645.90898
1929389809.98718
1928871064.00577
1928352408.02660
1927833842.11138
1927315366.32175
1926796980.71921
1926278685.36516
1925760480.32090
1925242365.64762
1924724341.40639
1924206407.65820
1923688564.46391
1923170811.88427
1922653149.97994
1922135578.81146
1921618098.43927
1921100708.92369
1920583410.32495
1920066202.70315
1919549086.11830
1919032060.63031
1918515126.29896
1917998283.18393
1917481531.34480
1916964870.84103
1916448301.73200
1915931824.07694
1915415437.93501
1914899143.36524
1914382940.42656
1913866829.17779
1913350809.67766
1912834881.98476
1912319046.15760
1911803302.25457
1911287650.33396
1910772090.45393
1910256622.67256
1909741247.04782
1909225963.63755
1908710772.49951
1908195673.69134
1907680667.27055
1907165753.29459
1906650931.82077
1906136202.90621
1905621566.60778
1905107022.98225
1904592572.08628
1904078213.97641
1903563948.70909
1903049776.34065
1902535696.92732
1902021710.52523
1901507817.19037
1900994016.97867
1900480309.94592
1899966696.14780
1899453175.63990
1898939748.47771
1898426414.71657
1897913174.41177
1897400027.61845
1896886974.39165
1896374014.78632
1895861148.85728
1895348376.65927
1894835698.24689
1894323113.67467
1893810622.99698
1893298226.26815
1892785923.54234
1892273714.87364
1891761600.31602
1891249579.92334
1890737653.74937
1890225821.84775
1889714084.27203
1889202441.07563
1888690892.31189
1888179438.03403
1887668078.29516
1887156813.14828
1886645642.64630
1886134566.84200
1885623585.78807
1885112699.53707
1884601908.14149
1884091211.65368
1883580610.12589
1883070103.61027
1882559692.15886
1882049375.82358
1881539154.65628
1881029028.70864
1880518998.03230
1880009062.67875
1879499222.69938
1878989478.14548
1878479829.06822
1877970275.51869
1877460817.54784
1876951455.20654
1876442188.54552
1875933017.61544
1875423942.46682
1874914963.15010
1874406079.71559
1873897292.21351
1873388600.69397
1872880005.20696
1872371505.80221
1871863102.52930
1871354795.43771
1870846584.57680
1870338469.99583
1869830451.74396
1869322529.87024
1868814704.42363
1868306975.45296
1867799343.00698
1867291807.13432
1866784367.88350
1866277025.30296
1865769779.44102
1865262630.34589
1864755578.06567
1864248622.64839
1863741764.14193
1863235002.59410
1862728338.05259
1862221770.56498
1861715300.17876
1861208926.94131
1860702650.89989
1860196472.10168
1859690390.59374
1859184406.42303
1858678519.63641
1858172730.28062
1857667038.40231
1857161444.04802
1856655947.26419
1856150548.09714
1855645246.59310
1855140042.79820
1854634936.75845
1854129928.51976
1853625018.12794
1853120205.62870
1852615491.06762
1852110874.49021
1851606355.94185
1851101935.46782
1850597613.11332
1850093388.92340
1849589262.94304
1849085235.21710
1848581305.79036
1848077474.70745
1847573742.01293
1847070107.75125
1846566571.96675
1846063134.70366
1845559796.00612
1845056555.91816
1844553414.48370
1844050371.74655
1843547427.75043
1843044582.53894
1842541836.15560
1842039188.64380
1841536640.04684
1841034190.40790
1840531839.77007
1840029588.17636
1839527435.66973
1839025382.29279
1838523428.08804
1838021573.09784
1837519817.36448
1837018160.93015
1836516603.83692
1836015146.12678
1835513787.84160
1835012529.02318
1834511369.71319
1834010309.95321
1833509349.78473
1833008489.24913
1832507728.38768
1832007067.24157
1831506505.85187
1831006044.25958
1830505682.50557
1830005420.63062
1829505258.67541
1829005196.68052
1828505234.68644
1828005372.73353
1827505610.86209
1827005949.11229
1826506387.52422
1826006926.13784
1825507564.99305
1825008304.12961
1824509143.58722
1824010083.40545
1823511123.62377
1823012264.28157
1822513505.41813
1822014847.07262
1821516289.28413
1821017832.09163
1820519475.53400
1820021219.65002
1819523064.47837
1819025010.05762
1818527056.42626
1818029203.62266
1817531451.68509
1817033800.65175
1816536250.56070
1816038801.44992
1815541453.35730
1815044206.32060
1814547060.37750
1814050015.56559
1813553071.92233
1813056229.48511
1812559488.29121
1812062848.37779
1811566309.78193
1811069872.54062
1810573536.69073
1810077302.26903
1809581169.31220
1809085137.85681
1808589207.93935
1808093379.59619
1807597652.86360
1807102027.77776
1806606504.37486
1806111082.69096
1805615762.76179
1805120544.62294
1804625428.30994
1804130413.85820
1803635501.30307
1803140690.67977
1802645982.02344
1802151375.36914
1801656870.75181
1801162468.20631
1800668167.76741
1800173969.46978
1799679873.34799
1799185879.43653
1798691987.76977
1798198198.38203
1797704511.30748
1797210926.58024
1796717444.23433
1796224064.30364
1795730786.82202
1795237611.82318
1794744539.34076
1794251569.40829
1793758702.05923
1793265937.32693
1792773275.24464
1792280715.84552
1791788259.16264
1791295905.22898
1790803654.07742
1790311505.74074
1789819460.25164
1789327517.64270
1788835677.94645
1788343941.19527
1787852307.42149
1787360776.65734
1786869348.93493
1786378024.28629
1785886802.74338
1785395684.33802
1784904669.10197
1784413757.06689
1783922948.26433
1783432242.72576
1782941640.48256
1782451141.56600
1781960746.00727
1781470453.83746
1780980265.08756
1780490179.78848
1780000197.97102
1779510319.66590
1779020544.90373
1778530873.71504
1778041306.13026
1777551842.17973
1777062481.89369
1776573225.30229
1776084072.43558
1775595023.32352
1775106077.99597
1774617236.48272
1774128498.81342
1773639865.01769
1773151335.12523
1772662909.16547
1772174587.16755
1771686369.16052
1771198255.17337
1770710245.23498
1770222339.37415
1769734537.61960
1769246839.99994
1768759246.54371
1768271757.27937
1767784372.23527
1767297091.43970
1766809914.92083
1766322842.70676
1765835874.82552
1765349011.30502
1764862252.17310
1764375597.45751
1763889047.18591
1763402601.38589
1762916260.08491
1762430023.31040
1761943891.08965
1761457863.44989
1760971940.41826
1760486122.02182
1760000408.28752
1759514799.24223
1759029294.91275
1758543895.32578
1758058600.50792
1757573410.48571
1757088325.28558
1756603344.93389
1756118469.45689
1755633698.88076
1755149033.23159
1754664472.53537
1754180016.81803
1753695666.10539
1753211420.42318
1752727279.79706
1752243244.25259
1751759313.81524
1751275488.51041
1750791768.36339
1750308153.39940
1749824643.64356
1749341239.12092
1748857939.85642
1748374745.87492
1747891657.20121
1747408673.85996
1746925795.87579
1746443023.27321
1745960356.07663
1745477794.31041
1744995337.99879
1744512987.16593
1744030741.83592
1743548602.03273
1743066567.78028
1742584639.10237
1742102816.02273
1741621098.56501
1741139486.75275
1740657980.60941
1740176580.15842
1739695285.42337
1739214096.42741
1738733013.19353
1738252035.74463
1737771164.10352
1737290398.29294
1736809738.33556
1736329184.25394
1735848736.07059
1735368393.80793
1734888157.48829
1734408027.13392
1733928002.76702
1733448084.40966
1732968272.08388
1732488565.81160
1732008965.61468
1731529471.51489
1731050083.53394
1730570801.69344
1730091626.01492
1729612556.51984
1729133593.22957
1728654736.16540
1728175985.34855
1727697340.80016
1727218802.54127
1726740370.59286
1726262044.97583
1725783825.71097
1725305712.81904
1724827706.32068
1724349806.23645
1723872012.58687
1723394325.39232
1722916744.67315
1722439270.44961
1721961902.74187
1721484641.57001
1721007486.95405
1720530438.91392
1720053497.46947
1719576662.64046
1719099934.44659
1718623312.90747
1718146798.04262
1717670389.87149
1717194088.41345
1716717893.68779
1716241805.71371
1715765824.51035
1715289950.09675
1714814182.49188
1714338521.71462
1713862967.78378
1713387520.71809
1712912180.53619
1712436947.25665
1711961820.89795
1711486801.47851
1711011889.01663
1710537083.53058
1710062385.03851
1709587793.55850
1709113309.10857
1708638931.70663
1708164661.37053
1707690498.11803
1707216441.96682
1706742492.93455
1706268651.03911
1705794916.29786
1705321288.72805
1704847768.34685
1704374355.17136
1703901049.21859
1703427850.50549
1702954759.04895
1702481774.86577
1702008897.97267
1701536128.38632
1701063466.12329
1700590911.20011
1700118463.63322
1699646123.43897
1699173890.63366
1698701765.23352
1698229747.25469
1697757836.71324
1697286033.62519
1696814338.00645
1696342749.87289
1695871269.24029
1695399896.12436
1694928630.54074
1694457472.50500
1693986422.03262
1693515479.13903
1693044643.83957
1692573916.14951
1692103296.08407
1691632783.65837
1691162378.88745
1690692081.78631
1690221892.36986
1689751810.65292
1689281836.65027
1688811970.37660
1688342211.84653
1687872561.07459
1687403018.07527
1686933582.86296
1686464255.45199
1685995035.85661
1685525924.09101
1685056920.16929
1684588024.10549
1684119235.91358
1683650555.60743
1683181983.20088
1682713518.70765
1682245162.14144
1681776913.51582
1681308772.84433
1680840740.14043
1680372815.41748
1679904998.68881
1679437289.96764
1678969689.26713
1678502196.60037
1678034811.98038
1677567535.42010
1677100366.93241
1676633306.53009
1676166354.22588
1675699510.03242
1675232773.96229
1674766146.02800
1674299626.24198
1673833214.61659
1673366911.16417
1672900715.89729
1672434628.82808
1671968649.96850
1671502779.33045
1671037016.92575
1670571362.76617
1670105816.86340
1669640379.22906
1669175049.87474
1668709828.81193
1668244716.05206
1667779711.60650
1667314815.48655
1666850027.70346
1666385348.26840
1665920777.19246
1665456314.48671
1664991960.16211
1664527714.22957
1664063576.69993
1663599547.58399
1663135626.89245
1662671814.63596
1662208110.82510
1661744515.47040
1661281028.58230
1660817650.17120
1660354380.24740
1659891218.82118
1659428165.90272
1658965221.50214
1658502385.62951
1658039658.29482
1657577039.50799
1657114529.27890
1656652127.61733
1656189834.53303
1655727650.03565
1655265574.13480
1654803606.84002
1654341748.16077
1653879998.10646
1653418356.68643
1652956823.90996
1652495399.78624
1652034084.32443
1651572877.53360
1651111779.42277
1650650790.00087
1650189909.27680
1649729137.25936
1649268473.95731
1648807919.37933
1648347473.53404
1647887136.43000
1647426908.07569
1646966788.47953
1646506777.64988
1646046875.59504
1645587082.32323
1645127397.84261
1644667822.16127
1644208355.28725
1643748997.22851
1643289747.99295
1642830607.58840
1642371576.02264
1641912653.30335
1641453839.43818
1640995134.43471
1640536538.30043
1640078051.04279
1639619672.66945
1639161403.18789
1638703242.60526
1638245190.92863
1637787248.16504
1637329414.32144
1636871689.40474
1636414073.42181
1635956566.37942
1635499168.28431
1635041879.14316
1634584698.96258
1634127627.74914
1633670665.50933
1633213812.24960
1632757067.97633
1632300432.69584
1631843906.41440
1631387489.13822
1630931180.87346
1630474981.62620
1630018891.40247
1629562910.20826
1629107038.04948
1628651274.93199
1628195620.86159
1627740075.84403
1627284639.88498
1626829312.99007
1626374095.16487
1625918986.41489
1625463986.74559
1625009096.16234
1624554314.67049
1624099642.27532
1623645078.98204
1623190624.79581
1622736279.72172
1622282043.76484
1621827916.93013
1621373899.22252
1620919990.64689
1620466191.20804
1620012500.91073
1619558919.75964
1619105447.75941
1618652084.91462
1618198831.22978
1617745686.70936
1617292651.35775
1616839725.17931
1616386908.17831
1615934200.35897
1615481601.72548
1615029112.28194
1614576732.03239
1614124460.98084
1613672299.13122
1613220246.48740
1612768303.05321
1612316468.83240
1611864743.82868
1611413128.04568
1610961621.48700
1610510224.15616
1610058936.05662
1609607757.19181
1609156687.56507
1608705727.17969
1608254876.03891
1607804134.14591
1607353501.50380
1606902978.11565
1606452563.98450
1606002259.11368
1605552063.50608
1605101977.16443
1604652000.09143
1604202132.28971
1603752373.76184
1603302724.51037
1602853184.53777
1602403753.84646
1601954432.43883
1601505220.31719
1601056117.48383
1600607123.94097
1600158239.69077
1599709464.73536
1599260799.07680
1598812242.71711
1598363795.65826
1597915457.90216
1597467229.45066
1597019110.30559
1596571100.46870
1596123199.94170
1595675408.72624
1595227726.82394
1594780154.23633
1594332690.96493
1593885337.01119
1593438092.37650
1592990957.06222
1592543931.06963
1592097014.39999
1591650207.05448
1591203509.03425
1590756920.34039
1590310440.97394
1589864070.93589
1589417810.22717
1588971658.84866
1588525616.80120
1588079684.08558
1587633860.70252
1587188146.65269
1586742541.93674
1586297046.55523
1585851660.50868
1585406383.79758
1584961216.42234
1584516158.38334
1584071209.68088
1583626370.31525
1583181640.28665
1582737019.59525
1582292508.24116
1581848106.22445
1581403813.54512
1580959630.20313
1580515556.19840
1580071591.53077
1579627736.20004
1579183990.20598
1578740353.54829
1578296826.22660
1577853408.24053
1577410099.58962
1576966900.27336
1576523810.29121
1576080829.64254
1575637958.32670
1575195196.34299
1574752543.69064
1574310000.36884
1573867566.37672
1573425241.71337
1572983026.37785
1572540920.36953
1572098923.68736
1571657036.33013
1571215258.29659
1570773589.58546
1570332030.19539
1569890580.12500
1569449239.37286
1569008007.93750
1568566885.81739
1568125873.01098
1567684969.51665
1567244175.33276
1566803490.45760
1566362914.88942
1565922448.62645
1565482091.66684
1565041844.00873
1564601705.65017
1564161676.58922
1563721756.82384
1563281946.35199
1562842245.17157
1562402653.28041
1561963170.67633
1561523797.35709
1561084533.32041
1560645378.56396
1560206333.08536
1559767396.88220
1559328569.95201
1558889852.29228
1558451243.90047
1558012744.77397
1557574354.91014
1557136074.30629
1556697902.95968
1556259840.86755
1555821888.02707
1555384044.43536
1554946310.08952
1554508684.98658
1554071169.12355
1553633762.49738
1553196465.10496
1552759276.94318
1552322198.00883
1551885228.29869
1551448367.80950
1551011616.53793
1550574974.48062
1550138441.63415
1549702017.99509
1549265703.55993
1548829498.32512
1548393402.28708
1547957415.44218
1547521537.78674
1547085769.31703
1546650110.02929
1546214559.91970
1545779118.98441
1545343787.21952
1544908564.62107
1544473451.18507
1544038446.90749
1543603551.78425
1543168765.81120
1542734088.98419
1542299521.29900
1541865062.75136
1541430713.33696
1540996473.05145
1540562341.89044
1540128319.84948
1539694406.92408
1539260603.10993
1538826908.40270
1538393322.79770
1537959846.29017
1537526478.87535
1537093220.54843
1536660071.30453
1536227031.13877
1535794100.04622
1535361278.02190
1534928565.06081
1534495961.15788
1534063466.30804
1533631080.50615
1533198803.74705
1532766636.02553
1532334577.33634
1531902627.67421
1531470787.03380
1531039055.40976
1530607432.79668
1530175919.18913
1529744514.58163
1529313218.96865
1528882032.34465
1528450954.70402
1528019986.04113
1527589126.35031
1527158375.62584
1526727733.86198
1526297201.05292
1525866777.19285
1525436462.27589
1525006256.29614
1524576159.24765
1524146171.12444
1523716291.92047
1523286521.62969
1522856860.24599
1522427307.76324
1521997864.17525
1521568529.47580
1521139303.65864
1520710186.71746
1520281178.64594
1519852279.43769
1519423489.08631
1518994807.58533
1518566234.92827
1518137771.10860
1517709416.11975
1517281169.95510
1516853032.60802
1516425004.07181
1515997084.33974
1515569273.40506
1515141571.26095
1514713977.90059
1514286493.31707
1513859117.50350
1513431850.45289
1513004692.15826
1512577642.61257
1512150701.80875
1511723869.73967
1511297146.39818
1510870531.77709
1510444025.86917
1510017628.66714
1509591340.16370
1509165160.35149
1508739089.22313
1508313126.77120
1507887272.98822
1507461527.86668
1507035891.39906
1506610363.57775
1506184944.39515
1505759633.84382
1505334431.91627
1504909338.60471
1504484353.90129
1504059477.79813
1503634710.28732
1503210051.36093
1502785501.01097
1502361059.22944
1501936726.00830
1501512501.33947
1501088385.21484
1500664377.62627
1500240478.56558
1499816688.02456
1499393005.99497
1498969432.46854
1498545967.43695
1498122610.89186
1497699362.82489
1497276223.22764
1496853192.09165
1496430269.40846
1496007455.16956
1495584749.36639
1495162151.99039
1494739663.03294
1494317282.48539
1493895010.33908
1493472846.58529
1493050791.21527
1492628844.22025
1492207005.59142
1491785275.31993
1491363653.39690
1490942139.81343
1490520734.56057
1490099437.62934
1489678249.01073
1489257168.69569
1488836196.67515
1488415332.93999
1487994577.48107
1487573930.28921
1487153391.35520
1486732960.66980
1486312638.22371
1485892424.00764
1485472318.01224
1485052320.22812
1484632430.64588
1484212649.25606
1483792976.04919
1483373411.01576
1482953954.14622
1482534605.43099
1482115364.86046
1481696232.42498
1481277208.11487
1480858291.92042
1480439483.83187
1480020783.83946
1479602191.93337
1479183708.10374
1478765332.34071
1478347064.63435
1477928904.97473
1477510853.35184
1477092909.75570
1476675074.17624
1476257346.60339
1475839727.02702
1475422215.43700
1475004811.82315
1474587516.17524
1474170328.48303
1473753248.73624
1473336276.92456
1472919413.03763
1472502657.06512
1472086008.99695
1471669468.82270
1471253036.53181
1470836712.11372
1470420495.55782
1470004386.85350
1469588385.99009
1469172492.95690
1468756707.74324
1468341030.33835
1467925460.73146
1467509998.91178
1467094644.86849
1466679398.59072
1466264260.06760
1465849229.28821
1465434306.24161
1465019490.91684
1464604783.30290
1464190183.38877
1463775691.16338
1463361306.61567
1462947029.73452
1462532860.50879
1462118798.92731
1461704844.97890
1461290998.65233
1460877259.93634
1460463628.81966
1460050105.29098
1459636689.33897
1459223380.95225
1458810180.11943
1458397086.82910
1457984101.06980
1457571222.83005
1457158452.09835
1456745788.86316
1456333233.11293
1455920784.83605
1455508444.02090
1455096210.65585
1454684084.72921
1454272066.22927
1453860155.14431
1453448351.46256
1453036655.17223
1452625066.26150
1452213584.71853
1451802210.53144
1451390943.68832
1450979784.17725
1450568731.98626
1450157787.10337
1449746949.51656
1449336219.21378
1448925596.18296
1448515080.41200
1448104671.88876
1447694370.60109
1447284176.53680
1446874089.68367
1446464110.02947
1446054237.56191
1445644472.26870
1445234814.13751
1444825263.15598
1444415819.31173
1444006482.59233
1443597252.98536
1443188130.47834
1442779115.05876
1442370206.71411
1441961405.43182
1441552711.19931
1441144124.00397
1440735643.83317
1440327270.67421
1439919004.51442
1439510845.34107
1439102793.14141
1438694847.90298
1438287009.61302
1437879278.25864
1437471653.82693
1437064136.30493
1436656725.67969
1436249421.93822
1435842225.06749
1435435135.05448
1435028151.88612
1434621275.54932
1434214506.03098
1433807843.31796
1433401287.39711
1432994838.25525
1432588495.87917
1432182260.25564
1431776131.37142
1431370109.21323
1430964193.76776
1430558385.02170
1430152682.96170
1429747087.57439
1429341598.84637
1428936216.76422
1428530941.31451
1428125772.48377
1427720710.25851
1427315754.62521
1426910905.57034
1426506163.08034
1426101527.14163
1425696997.74059
1425292574.86359
1424888258.49698
1424484048.62707
1424079945.24017
1423675948.32255
1423272057.86046
1422868273.84011
1422464596.24772
1422061025.06946
1421657560.29149
1421254201.89993
1420850949.88089
1420447804.22045
1420044764.90468
1419641831.91961
1419239005.25124
1418836284.88557
1418433670.80857
1418031163.00616
1417628761.46427
1417226466.16879
1416824277.10559
1416422194.26051
1416020217.61937
1415618347.16798
1415216582.89210
1414814924.77749
1414413372.80986
1414011926.97494
1413610587.25838
1413209353.64585
1412808226.12297
1412407204.67536
1412006289.28860
1411605479.94825
1411204776.63983
1410804179.34888
1410403688.06087
1410003302.76126
1409603023.43551
1409202850.06902
1408802782.64719
1408402821.15539
1408002965.57896
1407603215.90323
1407203572.11349
1406804034.19502
1406404602.13307
1406005275.91287
1405606055.51964
1405206940.93888
1404807932.15576
1404409029.15537
1404010231.92277
1403611540.44300
1403212954.70109
1402814474.68203
1402416100.37081
1402017831.75240
1401619668.81174
1401221611.53375
1400823659.90334
1400425813.90540
1400028073.52479
1399630438.74635
1399232909.55492
1398835485.93529
1398438167.87227
1398040955.35060
1397643848.35505
1397246846.87033
1396849950.88117
1396453160.37224
1396056475.32822
1395659895.73375
1395263421.57346
1394867052.83197
1394470789.49387
1394074631.54372
1393678578.96608
1393282631.74548
1392886789.86643
1392491053.31342
1392095422.07093
1391699896.12340
1391304475.45527
1390909160.05096
1390513949.89486
1390118844.97134
1389723845.26476
1389328950.75945
1388934161.43972
1388539477.28988
1388144898.29420
1387750424.43693
1387356055.70231
1386961792.07456
1386567633.53788
1386173580.07643
1385779631.67439
1385385788.31589
1384992049.98505
1384598416.66596
1384204888.34271
1383811464.99935
1383418146.61993
1383024933.18847
1382631824.68896
1382238821.10539
1381845922.42171
1381453128.62188
1381060439.68981
1380667855.60941
1380275376.36455
1379883001.93910
1379490732.31691
1379098567.48179
1378706507.41756
1378314552.10799
1377922701.53685
1377530955.68789
1377139314.54483
1376747778.09137
1376356346.31121
1375965019.18801
1375573796.70541
1375182678.84705
1374791665.59653
1374400756.93743
1374009952.85334
1373619253.32778
1373228658.34430
1372838167.88641
1372447781.93759
1372057500.48141
1371667323.50157
1371277250.98148
1370887282.90451
1370497419.25400
1370107660.01329
1369718005.16569
1369328454.69452
1368939008.58306
1368549666.81458
1368160429.37234
1367771296.23957
1367382267.39950
1366993342.83533
1366604522.53027
1366215806.46747
1365827194.63010
1365438687.00131
1365050283.56422
1364661984.30195
1364273789.19758
1363885698.23420
1363497711.39487
1363109828.66264
1362722050.02054
1362334375.45158
1361946804.93877
1361559338.46509
1361171976.01350
1360784717.56696
1360397563.10840
1360010512.62074
1359623566.08689
1359236723.48973
1358849984.81213
1358463350.03695
1358076819.14703
1357690392.12519
1357304068.95424
1356917849.61698
1356531734.09617
1356145722.37457
1355759814.43493
1355374010.25998
1354988309.83243
1354602713.13498
1354217220.15029
1353831830.86105
1353446545.24988
1353061363.29944
1352676284.99232
1352291310.31114
1351906439.23847
1351521671.75689
1351137007.84893
1350752447.49715
1350367990.68406
1349983637.39216
1349599387.60394
1349215241.30187
1348831198.46841
1348447259.08600
1348063423.13706
1347679690.60400
1347296061.46921
1346912535.71506
1346529113.32392
1346145794.27813
1345762578.56002
1345379466.15190
1344996457.03606
1344613551.19479
1344230748.61034
1343848049.26498
1343465453.14091
1343082960.22038
1342700570.48556
1342318283.91866
1341936100.50183
1341554020.21722
1341172043.04698
1340790168.97322
1340408397.97805
1340026730.04356
1339645165.15180
1339263703.28485
1338882344.42475
1338501088.55374
1338119935.65393
1337738885.70727
1337357938.69569
1336977094.60113
1336596353.40549
1336215715.09067
1335835179.63857
1335454747.03105
1335074417.24998
1334694190.27720
1334314066.09456
1333934044.68387
1333554126.02694
1333174310.10558
1332794596.90157
1332414986.39668
1332035478.57267
1331656073.41129
1331276770.89427
1330897571.00333
1330518473.72018
1330139479.02652
1329760586.90403
1329381797.33438
1329003110.29923
1328624525.78023
1328246043.75899
1327867664.21716
1327489387.13632
1327111212.49808
1326733140.28402
1326355170.47570
1325977303.05469
1325599538.00251
1325221875.30071
1324844314.93081
1324466856.87429
1324089501.11267
1323712247.62742
1323335096.39999
1322958047.41186
1322581100.64445
1322204256.07920
1321827513.69752
1321450873.48082
1321074335.41049
1320697899.46789
1320321565.63440
1319945333.89137
1319569204.22014
1319193176.60203
1318817251.01836
1318441427.45043
1318065705.87953
1317690086.28692
1317314568.65389
1316939152.96166
1316563839.19149
1316188627.32459
1315813517.34218
1315438509.22545
1315063602.95560
1314688798.51379
1314314095.88119
1313939495.03895
1313564995.96819
1313190598.65004
1312816303.06562
1312442109.19601
1312068017.02231
1311694026.52558
1311320137.68688
1310946350.48726
1310572664.90775
1310199080.92937
1309825598.53314
1309452217.70003
1309078938.41105
1308705760.64715
1308332684.38930
1307959709.61843
1307586836.31548
1307214064.46136
1306841394.03699
1306468825.02326
1306096357.40104
1305723991.15120
1305351726.25467
1304979562.69251
1304607500.44554
1304235539.49454
1303863679.82028
1303491921.40353
1303120264.22503
1302748708.26552
1302377253.50574
1302005899.92642
1301634647.50825
1301263496.23194
1300892446.07819
1300521497.02768
1300150649.06107
1299779902.15904
1299409256.30223
1299038711.47128
1298668267.64683
1298297924.80951
1297927682.93991
1297557542.01866
1297187502.02633
1296817562.94352
1296447724.75079
1296077987.42871
1295708350.95784
1295338815.31871
1294969380.49187
1294600046.45782
1294230813.19710
1293861680.69020
1293492648.91761
1293123717.85982
1292754887.49731
1292386157.81054
1292017528.77997
1291649000.38603
1291280572.60917
1290912245.42980
1290544018.82835
1290175892.78522
1289807867.28080
1289439942.29548
1289072117.80963
1288704393.80363
1288336770.25782
1287969247.15255
1287601824.46816
1287234502.18498
1286867280.28332
1286500158.74348
1286133137.54576
1285766216.67046
1285399396.09784
1285032675.80817
1284666055.78171
1284299535.99871
1283933116.43940
1283566797.08401
1283200577.91276
1282834458.90585
1282468440.04349
1282102521.30585
1281736702.67313
1281370984.12548
1281005365.64306
1280639847.20603
1280274428.79451
1279909110.38864
1279543891.96854
1279178773.51431
1278813755.00606
1278448836.42387
1278084017.74782
1277719298.95798
1277354680.03440
1276990160.95715
1276625741.70625
1276261422.26174
1275897202.60364
1275533082.71195
1275169062.56667
1274805142.14780
1274441321.43532
1274077600.40919
1273713979.04937
1273350457.33582
1272987035.24848
1272623712.76727
1272260489.87212
1271897366.54310
1271534342.76022
1271171418.50334
1270808593.75232
1270445868.48699
1270083242.68719
1269720716.33275
1269358289.40349
1268995961.87922
1268633733.73975
1268271604.96488
1267909575.53439
1267547645.42808
1267185814.62571
1266824083.10706
1266462450.85188
1266100917.83994
1265739484.05098
1265378149.46473
1265016914.06093
1264655777.81931
1264294740.71957
1263933802.74144
1263572963.86461
1263212224.06877
1262851583.33362
1262491041.63883
1262130598.96408
1261770255.28904
1261410010.59335
1261049864.85667
1260689818.05865
1260329870.17891
1259970021.19709
1259610271.09281
1259250619.84569
1258891067.43532
1258531613.84130
1258172259.04324
1257813003.02070
1257453845.75327
1257094787.22052
1256735827.40201
1256376966.27729
1256018203.82591
1255659540.02740
1255300974.86131
1254942508.30716
1254584140.34446
1254225870.95272
1253867700.11144
1253509627.80013
1253151653.99826
1252793778.68532
1252436001.84079
1252078323.44412
1251720743.47477
1251363261.91220
1251005878.73585
1250648593.92515
1250291407.45954
1249934319.31843
1249577329.48124
1249220437.92737
1248863644.63622
1248506949.58719
1248150352.75966
1247793854.13300
1247437453.68659
1247081151.39979
1246724947.25194
1246368841.22240
1246012833.29052
1245656923.43561
1245301111.63700
1244945397.87402
1244589782.12598
1244234264.37216
1243878844.59188
1243523522.76442
1243168298.86906
1242813172.88507
1242458144.79172
1242103214.56826
1241748382.19395
1241393647.64803
1241039010.90974
1240684471.95831
1240330030.77295
1239975687.33289
1239621441.61732
1239267293.60545
1238913243.27648
1238559290.60978
1238205435.58457
1237851678.18000
1237498018.37520
1237144456.14930
1236790991.48142
1236437624.35068
1236084354.73620
1235731182.61709
1235378107.97245
1235025130.78137
1234672251.02296
1234319468.67630
1233966783.72047
1233614196.13455
1233261705.89761
1232909312.98872
1232557017.38695
1232204819.07134
1231852718.02095
1231500714.21482
1231148807.63200
1230796998.25152
1230445286.05242
1230093671.01371
1229742153.11442
1229390732.33356
1229039408.65014
1228688182.04316
1228337052.49163
1227986019.97454
1227635084.47087
1227284245.95962
1226933504.41975
1226582859.83024
1226232312.17006
1225881861.41817
1225531507.55352
1225181250.55508
1224831090.40178
1224481027.07257
1224131060.54638
1223781190.80214
1223431417.81878
1223081741.57523
1222732162.05039
1222382679.22317
1222033293.07248
1221684003.57722
1221334810.71629
1220985714.46856
1220636714.81293
1220287811.72828
1219939005.19347
1219590295.18738
1219241681.68887
1218893164.67679
1218544744.13000
1218196420.02734
1217848192.34767
1217500061.06980
1217152026.17258
1216804087.63483
1216456245.43538
1216108499.55303
1215760849.96659
1215413296.65488
1215065839.59670
1214718478.77083
1214371214.15607
1214024045.73119
1213676973.47499
1213329997.36623
1212983117.38369
1212636333.50612
1212289645.71228
1211943053.98093
1211596558.29081
1211250158.62067
1210903854.94924
1210557647.25526
1210211535.51745
1209865519.71453
1209519599.82522
1209173775.82823
1208828047.70226
1208482415.42603
1208136878.97821
1207791438.33750
1207446093.48259
1207100844.39215
1206755691.04486
1206410633.41939
1206065671.49441
1205720805.24857
1205376034.66069
1205031359.70948
1204686780.37355
1204342296.63151
1203997908.46197
1203653615.84354
1203309418.75482
1202965317.17441
1202621311.08091
1202277400.45291
1201933585.26900
1201589865.50777
1201246241.14780
1200902712.16767
1200559278.54596
1200215940.26123
1199872697.29206
1199529549.61702
1199186497.21466
1198843540.06355
1198500678.14224
1198157911.42929
1197815239.90324
1197472663.54264
1197130182.32603
1196787796.23195
1196445505.23894
1196103309.32553
1195761208.47024
1195419202.65161
1195077291.84816
1194735476.03840
1194393755.20085
1194052129.31401
1193710598.35642
1193369162.30655
1193027821.14292
1192686574.84403
1192345423.38837
1192004366.75443
1191663404.92071
1191322537.86568
1190981765.56782
1190641088.00562
1190300505.15756
1189960017.00209
1189619623.51769
1189279324.68283
1188939120.47596
1188599010.87555
1188258995.86005
1187919075.40790
1187579249.49756
1187239518.10747
1186899881.21608
1186560338.80182
1186220890.84312
1185881537.31841
1185542278.20613
1185203113.48469
1184864043.13252
1184525067.12804
1184186185.44966
1183847398.07578
1183508704.98482
1183170106.15518
1182831601.56527
1182493191.19347
1182154875.01818
1181816653.01779
1181478525.17070
1181140491.45527
1180802551.84990
1180464706.33296
1180126954.88282
1179789297.47785
1179451734.09642
1179114264.71689
1178776889.31763
1178439607.87699
1178102420.37331
1177765326.78496
1177428327.09028
1177091421.26761
1176754609.29529
1176417891.15166
1176081266.81504
1175744736.26378
1175408299.47619
1175071956.43060
1174735707.10533
1174399551.47869
1174063489.52900
1173727521.23456
1173391646.57368
1173055865.52466
1172720178.06581
1172384584.17550
1172049083.83214
1171713677.01400
1171378363.69934
1171043143.86643
1170708017.49353
1170372984.55890
1170038045.04078
1169703198.91744
1169368446.16713
1169033786.76810
1168699220.69859
1168364747.93686
1168030368.46115
1167696082.24971
1167361889.28078
1167027789.53259
1166693782.98338
1166359869.61140
1166026049.39487
1165692322.31203
1165358688.34112
1165025147.46035
1164691699.64796
1164358344.88217
1164025083.14121
1163691914.40330
1163358838.64666
1163025855.84951
1162692965.99006
1162360169.04653
1162027464.99714
1161694853.82009
1161362335.49360
1161029909.99586
1160697577.30510
1160365337.39951
1160033190.25729
1159701135.85665
1159369174.17578
1159037305.19288
1158705528.88615
1158373845.23378
1158042254.21396
1157710755.80488
1157379349.98474
1157048036.73171
1156716816.02397
1156385687.83973
1156054652.15714
1155723708.95440
1155392858.20968
1155062099.90116
1154731434.00700
1154400860.50539
1154070379.37449
1153739990.59246
1153409694.13749
1153079489.98772
1152749378.12133
1152419358.51648
1152089431.15132
1151759596.00401
1151429853.05271
1151100202.27557
1150770643.65075
1150441177.15639
1150111802.77064
1149782520.47166
1149453330.23758
1149124232.04654
1148795225.87670
1148466311.70619
1148137489.51314
1147808759.27569
1147480120.97199
1147151574.58015
1146823120.07831
1146494757.44460
1146166486.65715
1145838307.69408
1145510220.53351
1145182225.15357
1144854321.53238
1144526509.64805
1144198789.47871
1143871161.00245
1143543624.19741
1143216179.04168
1142888825.51338
1142561563.59062
1142234393.25150
1141907314.47412
1141580327.23659
1141253431.51701
1140926627.29347
1140599914.54407
1140273293.24691
1139946763.38007
1139620324.92166
1139293977.84984
1138967722.14280
1138641557.77860
1138315484.73531
1137989502.99099
1137663612.52371
1137337813.31152
1137012105.33250
1136686488.56469
1136360962.98618
1136035528.57501
1135710185.30924
1135384933.16695
1135059772.12618
1134734702.16500
1134409723.26147
1134084835.39365
1133760038.53958
1133435332.67735
1133110717.78499
1132786193.84056
1132461760.82213
1132137418.70775
1131813167.47548
1131489007.10336
1131164937.56946
1130840958.85182
1130517070.92851
1130193273.77757
1129869567.37707
1129545951.70504
1129222426.73954
1128898992.45863
1128575648.84036
1128252395.86277
1127929233.50392
1127606161.74185
1127283180.55461
1126960289.92026
1126637489.81685
1126314780.22241
1125992161.11500
1125669632.47266
1125347194.27344
1125024846.49539
1124702589.11656
1124380422.11498
1124058345.46870
1123736359.15576
1123414463.15422
1123092657.44211
1122770941.99748
1122449316.79836
1122127781.82281
1121806337.04885
1121484982.45454
1121163718.01792
1120842543.71701
1120521459.52987
1120200465.43454
1119879561.40904
1119558747.43142
1119238023.47972
1118917389.53198
1118596845.56622
1118276391.56050
1117956027.49284
1117635753.34128
1117315569.08385
1116995474.69860
1116675470.16354
1116355555.45673
1116035730.55618
1115715995.43994
1115396350.08604
1115076794.47250
1114757328.57737
1114437952.37866
1114118665.85442
1113799468.98266
1113480361.74143
1113161344.10875
1112842416.06265
1112523577.58115
1112204828.64229
1111886169.22409
1111567599.30458
1111249118.86179
1110930727.87374
1110612426.31846
1110294214.17397
1109976091.41830
1109658058.02947
1109340113.98550
1109022259.26443
1108704493.84426
1108386817.70303
1108069230.81876
1107751733.16946
1107434324.73316
1107117005.48788
1106799775.41164
1106482634.48248
1106165582.67853
1105848619.97783
1105531746.35837
1105214961.79816
1104898266.27520
1104581659.76749
1104265142.25304
1103948713.70985
1103632374.11593
1103316123.44928
1102999961.68790
1102683888.80980
1102367904.79300
1102052009.61550
1101736203.25530
1101420485.69043
1101104856.89887
1100789316.85866
1100473865.54780
1100158502.94430
1099843229.02618
1099528043.77144
1099212947.15811
1098897939.16419
1098583019.76771
1098268188.94667
1097953446.67911
1097638792.94302
1097324227.71644
1097009750.97738
1096695362.70385
1096381062.87389
1096066851.46551
1095752728.45673
1095438693.82558
1095124747.55007
1094810889.60824
1094497119.97810
1094183438.63768
1093869845.56500
1093556340.73810
1093242924.13500
1092929595.73372
1092616355.51230
1092303203.44876
1091990139.52113
1091677163.70745
1091364275.98574
1091051476.33404
1090738764.73037
1090426141.15277
1090113605.57928
1089801157.98793
1089488798.35675
1089176526.66378
1088864342.88705
1088552247.00461
1088240238.99449
1087928318.83472
1087616486.50335
1087304741.97841
1086993085.23796
1086681516.26002
1086370035.02263
1086058641.50385
1085747335.68172
1085436117.53427
1085124987.03955
1084813944.17561
1084502988.92049
1084192121.25224
1083881341.14891
1083570648.58854
1083260043.54918
1082949526.00888
1082639095.94569
1082328753.33766
1082018498.16284
1081708330.39928
1081398250.02504
1081088257.01817
1080778351.35671
1080468533.01874
1080158801.98229
1079849158.22543
1079539601.72621
1079230132.46270
1078920750.41293
1078611455.55499
1078302247.86692
1077993127.32678
1077684093.91263
1077375147.60255
1077066288.37457
1076757516.20678
1076448831.07723
1076140232.96398
1075831721.84511
1075523297.69866
1075214960.50272
1074906710.23535
1074598546.87461
1074290470.39857
1073982480.78530
1073674578.01287
1073366762.05931
1073059032.90267
1072751390.52102
1072443834.89242
1072136365.99496
1071828983.80670
1071521688.30571
1071214479.47008
1070907357.27788
1070600321.70718
1070293372.73606
1069986510.34261
1069679734.50491
1069373045.20104
1069066442.40908
1068759926.10712
1068453496.27325
1068147152.88555
1067840895.92212
1067534725.36104
1067228641.18041
1066922643.35831
1066616731.87285
1066310906.70212
1066005167.82422
1065699515.21724
1065393948.85928
1065088468.72845
1064783074.80285
1064477767.06058
1064172545.47974
1063867410.03845
1063562360.71480
1063257397.48691
1062952520.33289
1062647729.23085
1062343024.15889
1062038405.09514
1061733872.01771
1061429424.90472
1061125063.73428
1060820788.48451
1060516599.13353
1060212495.65946
1059908478.04043
1059604546.25456
1059300700.27998
1058996940.09480
1058693265.67717
1058389677.00520
1058086174.05703
1057782756.81079
1057479425.24462
