9888000000.00000
9885033649.43506
9882068188.76045
9879103617.70923
9876139936.01449
9873177143.40945
9870215239.62738
9867254224.40160
9864294097.46553
9861334858.55270
9858376507.39671
9855419043.73126
9852462467.29010
9849506777.80708
9846551975.01612
9843598058.65122
9840645028.44646
9837692884.13602
9834741625.45412
9831791252.13508
9828841763.91330
9825893160.52326
9822945441.69952
9819998607.17671
9817052656.68955
9814107589.97283
9811163406.76143
9808220106.79029
9805277689.79445
9802336155.50902
9799395503.66919
9796455734.01023
9793516846.26749
9790578840.17640
9787641715.47247
9784705471.89127
9781770109.16848
9778835627.03984
9775902025.24118
9772969303.50839
9770037461.57747
9767106499.18447
9764176416.06554
9761247211.95689
9758318886.59482
9755391439.71572
9752464871.05603
9749539180.35230
9746614367.34115
9743690431.75927
9740767373.34342
9737845191.83048
9734923886.95737
9732003458.46110
9729083906.07877
9726165229.54754
9723247428.60466
9720330502.98748
9717414452.43338
9714499276.67987
9711584975.46425
9708671548.52404
9705758995.59699
9702847316.42094
9699936510.73380
9697026578.27355
9694117518.77826
9691209331.98608
9688302017.63523
9685395575.46400
9682490005.21077
9679585306.61399
9676681479.41219
9673778523.34397
9670876438.14804
9667975223.56313
9665074879.32809
9662175405.18185
9659276800.86338
9656379066.11177
9653482200.66615
9650586204.26577
9647691076.64991
9644796817.55795
9641903426.72936
9639010903.90367
9636119248.82049
9633228461.21950
9630338540.84048
9627449487.42327
9624561300.70779
9621673980.43403
9618787526.34208
9615901938.17207
9613017215.66425
9610133358.55893
9607250366.59647
9604368239.51736
9601486977.06212
9598606578.97137
9595727044.98580
9592848374.84619
9589970568.29339
9587093625.06831
9584217544.91196
9581342327.56543
9578467972.76986
9575594480.26650
9572721849.79664
9569850081.10170
9566979173.92312
9564109128.00245
9561239943.08132
9558371618.90141
9555504155.20452
9552637551.73248
9549771808.22723
9546906924.43078
9544042900.08521
9541179734.93268
9538317428.71543
9535455981.17578
9532595392.05611
9529735661.09891
9526876788.04672
9524018772.64217
9521161614.62795
9518305313.74685
9515449869.74172
9512595282.35550
9509741551.33120
9506888676.41191
9504036657.34080
9501185493.86111
9498335185.71615
9495485732.64934
9492637134.40414
9489789390.72411
9486942501.35287
9484096466.03413
9481251284.51169
9478406956.52939
9475563481.83118
9472720860.16108
9469879091.26317
9467038174.88164
9464198110.76072
9461358898.64475
9458520538.27812
9455683029.40532
9452846371.77090
9450010565.11950
9447175609.19583
9444341503.74468
9441508248.51091
9438675843.23947
9435844287.67538
9433013581.56374
9430183724.64972
9427354716.67859
9424526557.39561
9421699246.54572
9418872783.87426
9416047169.12682
9413222402.04910
9410398482.38683
9407575409.88585
9404753184.29205
9401931805.35142
9399111272.80999
9396291586.41389
9393472745.90933
9390654751.04258
9387837601.55998
9385021297.20795
9382205837.73301
9379391222.88171
9376577452.40070
9373764526.03671
9370952443.53654
9368141204.64705
9365330809.11519
9362521256.68797
9359712547.11251
9356904680.13596
9354097655.50556
9351291472.96865
9348486132.27260
9345681633.16489
9342877975.39307
9340075158.70475
9337273182.84762
9334472047.56945
9331671752.61808
9328872297.74143
9326073682.68748
9323275907.20432
9320478971.04006
9317682873.94293
9314887615.66123
9312093195.94330
9309299614.53760
9306506871.19264
9303714965.65699
9300923897.67934
9298133667.00841
9295344273.39302
9292555716.58205
9289767996.32446
9286981112.36930
9284195064.46567
9281409852.36276
9278625475.80982
9275841934.55620
9273059228.35131
9270277356.94462
9267496320.08569
9264716117.52417
9261936749.00975
9259158214.29223
9256380513.12145
9253603645.24735
9250827610.41994
9248052408.38931
9245278038.90559
9242504501.71903
9239731796.57994
9236959923.23868
9234188881.44572
9231418670.95159
9228649291.50689
9225880742.86230
9223113024.76857
9220346136.97654
9217580079.23709
9214814851.30122
9212050452.91998
9209286883.84448
9206524143.82594
9203762232.61562
9201001149.96488
9198240895.62515
9195481469.34793
9192722870.88478
9189965099.98737
9187208156.40740
9184452039.89669
9181696750.20711
9178942287.09060
9176188650.29919
9173435839.58497
9170683854.70012
9167932695.39688
9165182361.42758
9162432852.54461
9159684168.50043
9156936309.04761
9154189273.93876
9151443062.92657
9148697675.76381
9145953112.20333
9143209371.99804
9140466454.90094
9137724360.66509
9134983089.04365
9132242639.78982
9129503012.65691
9126764207.39827
9124026223.76734
9121289061.51765
9118552720.40278
9115817200.17641
9113082500.59226
9110348621.40416
9107615562.36599
9104883323.23172
9102151903.75539
9099421303.69110
9096691522.79306
9093962560.81552
9091234417.51282
9088507092.63936
9085780585.94965
9083054897.19816
9080330026.13883
9077605972.52625
9074882736.11525
9072160316.66073
9069438713.91767
9066717927.64112
9063997957.58618
9061278803.50807
9058560465.16203
9055842942.30341
9053126234.68760
9050410342.07010
9047695264.20644
9044981000.85225
9042267551.76323
9039554916.69513
9036843095.40380
9034132087.64514
9031421893.17513
9028712511.74983
9026003943.12537
9023296187.05792
9020589243.30377
9017883111.61926
9015177791.76079
9012473283.48484
9009769586.54798
9007066700.70682
9004364625.71806
9001663361.33849
8998962907.32492
8996263263.43429
8993564429.42357
8990866405.04983
8988169190.07018
8985472784.24184
8982777187.32206
8980082399.06821
8977388419.23768
8974695247.58798
8972002883.87665
8969311327.86133
8966620579.29972
8963930637.94960
8961241503.56881
8958553175.91527
8955865654.74697
8953178939.82197
8950493030.89841
8947807927.73448
8945123630.08847
8942440137.71873
8939757450.38366
8937075567.84178
8934394489.85163
8931714216.17186
8929034746.56117
8926356080.77834
8923678218.58223
8921001159.73175
8918324903.98590
8915649451.10374
8912974800.84441
8910300952.96713
8907627907.23117
8904955663.39588
8902284221.22070
8899613580.46511
8896943740.88869
8894274702.25108
8891606464.31198
8888939026.83118
8886272389.56854
8883606552.28399
8880941514.73751
8878277276.68919
8875613837.89916
8872951198.12764
8870289357.13492
8867628314.68135
8864968070.52736
8862308624.43345
8859649976.16020
8856992125.46825
8854335072.11832
8851678815.87119
8849023356.48773
8846368693.72886
8843714827.35559
8841061757.12900
8838409482.81023
8835758004.16050
8833107320.94110
8830457432.91339
8827808339.83881
8825160041.47886
8822512537.59513
8819865827.94925
8817219912.30295
8814574790.41803
8811930462.05634
8809286926.97983
8806644184.95050
8804002235.73043
8801361079.08177
8798720714.76675
8796081142.54766
8793442362.18687
8790804373.44682
8788167176.09001
8785530769.87903
8782895154.57653
8780260329.94524
8777626295.74796
8774993051.74755
8772360597.70696
8769728933.38919
8767098058.55734
8764467972.97456
8761838676.40407
8759210168.60918
8756582449.35325
8753955518.39974
8751329375.51215
8748704020.45407
8746079452.98916
8743455672.88116
8740832679.89385
8738210473.79112
8735589054.33691
8732968421.29524
8730348574.43020
8727729513.50595
8725111238.28671
8722493748.53681
8719877044.02060
8717261124.50254
8714645989.74705
8712031639.51788
8709418073.57954
8706805291.69680
8704193293.63454
8701582079.15766
8698971648.03117
8696362000.02013
8693753134.88966
8691145052.40497
8688537752.33133
8685931234.43407
8683325498.47860
8680720544.23039
8678116371.45499
8675512979.91800
8672910369.38512
8670308539.62208
8667707490.39471
8665107221.46888
8662507732.61057
8659909023.58578
8657311094.16062
8654713944.10124
8652117573.17388
8649521981.14483
8646927167.78046
8644333132.84720
8641739876.11157
8639147397.34013
8636555696.29953
8633964772.75648
8631374626.47775
8628785257.23020
8626196664.78074
8623608848.89635
8621021809.34410
8618435545.89111
8615850058.30456
8613265346.35172
8610681409.79991
8608098248.41654
8605515861.96907
8602934250.22503
8600353412.95203
8597773349.91775
8595194060.88992
8592615545.63634
8590037803.92492
8587460835.52358
8584884640.20034
8582309217.72329
8579734567.86059
8577160690.38045
8574587585.05117
8572015251.64110
8569443689.91867
8566872899.65238
8564302880.61080
8561733632.56256
8559165155.27636
8556597448.52098
8554030512.06525
8551464345.67808
8548898949.12845
8546334322.18542
8543770464.61808
8541207376.19563
8538645056.68732
8536083505.86247
8533522723.49046
8530962709.34077
8528403463.18291
8525844984.78649
8523287273.92115
8520730330.35665
8518174153.86278
8515618744.20941
8513064101.16649
8510510224.50401
8507957113.99206
8505404769.40077
8502853190.50038
8500302377.06115
8497752328.85345
8495203045.64768
8492654527.21435
8490106773.32400
8487559783.74726
8485013558.25483
8482468096.61748
8479923398.60603
8477379463.99138
8474836292.54451
8472293884.03645
8469752238.23831
8467211354.92127
8464671233.85658
8462131874.81553
8459593277.56952
8457055441.89000
8454518367.54849
8451982054.31656
8449446501.96589
8446911710.26820
8444377678.99528
8441844407.91899
8439311896.81126
8436780145.44410
8434249153.58958
8431718921.01982
8429189447.50704
8426660732.82352
8424132776.74159
8421605579.03367
8419079139.47224
8416553457.82985
8414028533.87912
8411504367.39272
8408980958.14344
8406458305.90407
8403936410.44753
8401415271.54676
8398894888.97481
8396375262.50476
8393856391.90979
8391338276.96314
8388820917.43811
8386304313.10807
8383788463.74646
8381273369.12681
8378759029.02268
8376245443.20773
8373732611.45567
8371220533.54030
8368709209.23546
8366198638.31508
8363688820.55315
8361179755.72373
8358671443.60095
8356163883.95902
8353657076.57219
8351151021.21480
8348645717.66126
8346141165.68604
8343637365.06369
8341134315.56880
8338632016.97607
8336130469.06024
8333629671.59613
8331129624.35834
8328630327.12087
8326131779.65874
8323633981.74708
8321136933.16110
8318640633.67609
8316145083.06739
8313650281.11041
8311156227.58063
8308662922.25358
8306170364.90488
8303678555.31019
8301187493.24525
8298697178.48587
8296207610.80792
8293718789.98732
8291230715.80009
8288743388.02228
8286256806.43003
8283770970.79953
8281285880.90705
8278801536.52891
8276317937.44150
8273835083.42129
8271352974.24480
8268871609.68862
8266390989.52940
8263911113.54387
8261431981.50882
8258953593.20108
8256475948.39759
8253999046.87533
8251522888.41134
8249047472.78273
8246572799.76670
8244098869.14048
8241625680.68139
8239153234.16680
8236681529.37415
8234210566.08095
8231740344.06478
8229270863.10327
8226802122.97413
8224334123.45512
8221866864.32409
8219400345.35894
8216934566.33762
8214469527.03818
8212005227.23870
8209541666.71736
8207078845.25239
8204616762.62207
8202155418.60476
8199694812.97890
8197234945.52297
8194775816.01553
8192317424.23520
8189859769.96067
8187402852.97069
8184946673.04408
8182491229.95973
8180036523.49658
8177582553.43365
8175129319.55003
8172676821.62485
8170225059.43733
8167774032.76675
8165323741.39245
8162874185.09383
8160425363.65038
8157977276.84164
8155529924.44720
8153083306.24674
8150637422.02000
8148192271.54677
8145747854.60693
8143304170.98041
8140861220.44721
8138419002.78738
8135977517.78107
8133536765.20846
8131096744.84983
8128657456.48548
8126218899.89582
8123781074.86130
8121343981.16245
8118907618.57985
8116471986.89417
8114037085.88611
8111602915.33646
8109169475.02608
8106736764.73588
8104304784.24685
8101873533.34002
8099443011.79652
8097013219.39752
8094584155.92426
8092155821.15807
8089728214.88030
8087301336.87241
8084875186.91589
8082449764.79232
8080025070.28334
8077601103.17066
8075177863.23603
8072755350.26129
8070333564.02835
8067912504.31917
8065492170.91577
8063072563.60026
8060653682.15480
8058235526.36161
8055818096.00299
8053401390.86130
8050985410.71896
8048570155.35845
8046155624.56234
8043741818.11325
8041328735.79386
8038916377.38692
8036504742.67526
8034093831.44175
8031683643.46934
8029274178.54105
8026865436.43995
8024457416.94920
8022050119.85200
8019643544.93163
8017237691.97143
8014832560.75480
8012428151.06523
8010024462.68624
8007621495.40145
8005219248.99452
8002817723.24919
8000416917.94926
7998016832.87859
7995617467.82112
7993218822.56084
7990820896.88182
7988423690.56819
7986027203.40413
7983631435.17392
7981236385.66186
7978842054.65236
7976448441.92988
7974055547.27892
7971663370.48408
7969271911.33002
7966881169.60145
7964491145.08315
7962101837.55998
7959713246.81684
7957325372.63873
7954938214.81068
7952551773.11781
7950166047.34530
7947781037.27838
7945396742.70238
7943013163.40264
7940630299.16380
7938248149.77076
7935866715.00914
7933485994.66465
7931105988.52304
7928726696.37012
7926348117.99179
7923970253.17398
7921593101.70270
7919216663.36403
7916840937.94409
7914465925.22907
7912091625.00524
7909718037.05890
7907345161.17645
7904972997.14433
7902601544.74903
7900230803.77714
7897860774.01527
7895491455.25013
7893122847.26846
7890754949.85709
7888387762.80289
7886021285.89281
7883655518.91386
7881290461.65309
7878926113.89764
7876562475.43471
7874199546.05154
7871837325.53545
7869475813.67382
7867115010.25410
7864754915.06378
7862395527.89044
7860036848.52169
7857678876.74524
7855321612.34884
7852965055.12030
7850609204.84749
7848254061.31837
7845899624.32093
7843545893.64325
7841192869.07343
7838840550.39969
7836488937.41026
7834138029.89347
7831787827.63769
7829438330.43137
7827089538.06299
7824741450.32113
7822394066.99442
7820047387.87154
7817701412.74125
7815356141.39236
7813011573.61374
7810667709.19434
7808324547.92315
7805982089.58924
7803640333.98174
7801299280.88983
7798958930.10277
7796619281.40986
7794280334.60049
7791942089.46408
7789604545.79015
7787267703.36825
7784931561.98801
7782596121.43912
7780261381.51132
7777927341.99443
7775594002.67832
7773261363.35293
7770929423.80826
7768598183.83437
7766267643.22139
7763937801.75950
7761608659.23894
7759280215.45004
7756952470.18316
7754625423.22875
7752299074.37729
7749973423.41935
7747648470.14556
7745324214.34660
7743000655.81321
7740677794.33621
7738355629.70647
7736034161.71492
7733713390.15257
7731393314.81047
7729073935.47975
7726755251.95158
7724437264.01722
7722119971.46798
7719803374.09523
7717487471.69039
7715172264.04498
7712857750.95054
7710543932.19871
7708230807.58115
7705918376.88963
7703606639.91594
7701295596.45196
7698985246.28962
7696675589.22092
7694366625.03791
7692058353.53273
7689750774.49753
7687443887.72459
7685137693.00619
7682832190.13472
7680527378.90260
7678223259.10233
7675919830.52647
7673617092.96763
7671315046.21850
7669013690.07182
7666713024.32039
7664413048.75710
7662113763.17487
7659815167.36669
7657517261.12561
7655220044.24477
7652923516.51733
7650627677.73655
7648332527.69573
7646038066.18823
7643744293.00749
7641451207.94699
7639158810.80031
7636867101.36104
7634576079.42288
7632285744.77957
7629996097.22490
7627707136.55275
7625418862.55705
7623131275.03179
7620844373.77103
7618558158.56887
7616272629.21951
7613987785.51717
7611703627.25617
7609420154.23088
7607137366.23571
7604855263.06516
7602573844.51379
7600293110.37621
7598013060.44711
7595733694.52121
7593455012.39332
7591177013.85831
7588899698.71111
7586623066.74671
7584347117.76015
7582071851.54656
7579797267.90112
7577523366.61905
7575250147.49567
7572977610.32633
7570705754.90647
7568434581.03157
7566164088.49720
7563894277.09895
7561625146.63250
7559356696.89361
7557088927.67806
7554821838.78172
7552555430.00051
7550289701.12969
7548024651.96449
7545760282.30110
7543496591.93573
7541233580.66471
7538971248.28437
7536709594.59113
7534448619.38148
7532188322.45193
7529928703.59909
7527669762.61960
7525411499.31018
7523153913.46759
7520897004.88867
7518640773.37030
7516385218.70943
7514130340.70307
7511876139.14828
7509622613.84220
7507369764.58199
7505117591.16492
7502866093.38828
7500615271.04943
7498365123.94579
7496115651.87486
7493866854.63415
7491618732.02129
7489371283.83391
7487124509.86975
7484878409.92658
7482632983.80223
7480388231.29461
7478144152.20166
7475900746.32139
7473658013.45189
7471415953.39129
7469174565.93777
7466933850.88958
7464693808.04505
7462454437.20253
7460215738.16045
7457977710.71731
7455740354.67165
7453503669.82207
7451267655.96724
7449032312.90589
7446797640.43680
7444563638.35882
7442330306.47083
7440097644.57182
7437865652.46080
7435634329.93684
7433403676.79909
7431173692.84674
7428944377.87906
7426715731.69536
7424487754.09502
7422260444.87747
7420033803.84221
7417807830.78878
7415582525.51682
7413357887.82598
7411133917.51599
7408910614.38666
7406687978.23783
7404466008.86940
7402244706.08136
7400024069.67371
7397804099.44656
7395584795.20005
7393366156.73439
7391148183.84983
7388930876.34670
7386714234.02539
7384498256.68634
7382282944.13005
7380068296.15708
7377854312.56805
7375640993.16364
7373428337.74459
7371216346.11169
7369005018.06581
7366794353.40786
7364584351.93882
7362375013.45972
7360166337.77165
7357958324.67577
7355750973.97328
7353544285.46548
7351338258.95367
7349132894.23925
7346928191.12368
7344724149.40846
7342520768.89516
7340318049.38540
7338115990.68088
7335914592.58333
7333713854.89456
7331513777.41644
7329314359.95090
7327115602.29990
7324917504.26550
7322720065.64979
7320523286.25493
7318327165.88315
7316131704.33673
7313936901.41799
7311742756.92934
7309549270.67324
7307356442.45219
7305164272.06878
7302972759.32564
7300781904.02546
7298591705.97100
7296402164.96506
7294213280.81052
7292025053.31030
7289837482.26740
7287650567.48487
7285464308.76581
7283278705.91339
7281093758.73083
7278909467.02143
7276725830.58853
7274542849.23553
7272360522.76589
7270178850.98313
7267997833.69085
7265817470.69267
7263637761.79231
7261458706.79351
7259280305.50010
7257102557.71596
7254925463.24502
7252749021.89128
7250573233.45879
7248398097.75167
7246223614.57410
7244049783.73030
7241876605.02457
7239704078.26127
7237532203.24479
7235360979.77962
7233190407.67028
7231020486.72136
7228851216.73751
7226682597.52343
7224514628.88390
7222347310.62373
7220180642.54782
7218014624.46110
7215849256.16858
7213684537.47533
7211520468.18646
7209357048.10715
7207194277.04265
7205032154.79825
7202870681.17932
7200709855.99127
7198549679.03957
7196390150.12978
7194231269.06747
7192073035.65831
7189915449.70800
7187758511.02233
7185602219.40713
7183446574.66828
7181291576.61174
7179137225.04352
7176983519.76969
7174830460.59637
7172678047.32976
7170526279.77610
7168375157.74170
7166224681.03292
7164074849.45611
7161925662.81656
7159777120.92047
7157629223.57449
7155481970.58535
7153335361.75984
7151189396.90479
7149044075.82709
7146899398.33369
7144755364.23159
7142611973.32786
7140469225.42962
7138327120.34402
7136185657.87831
7134044837.83977
7131904660.03574
7129765124.27362
7127626230.36085
7125487978.10496
7123350367.31350
7121213397.79410
7119077069.35444
7116941381.80225
7114806334.94531
7112671928.59148
7110538162.54866
7108405036.62480
7106272550.62793
7104140704.36611
7102009497.64746
7099878930.28018
7097749002.07250
7095619712.83272
7093491062.36918
7091363050.49029
7089235677.00453
7087108941.72040
7084982844.44648
7082857384.99141
7080732563.16388
7078608378.77262
7076484831.62644
7074361921.53419
7072239648.30479
7070118011.74720
7067997011.67046
7065876647.88363
7063756920.19586
7061637828.41635
7059519372.35433
7057401551.81911
7055284366.62007
7053167816.56661
7051051901.46820
7048936621.13438
7046821975.37474
7044707963.99891
7042594586.81660
7040481843.63755
7038369734.27158
7036258258.52855
7034147416.21840
7032037207.15108
7029927631.13665
7027818687.98519
7025710377.50685
7023602699.51183
7021495653.81039
7019389240.21285
7017283458.52958
7015178308.57100
7013073790.14760
7010969903.06992
7008866647.14856
7006764022.19416
7004662028.01744
7002560664.42916
7000459931.24014
6998359828.26126
6996260355.30344
6994161512.17769
6992063298.69504
6989965714.66659
6987868759.90351
6985772434.21700
6983676737.41834
6981581669.31885
6979487229.72991
6977393418.46295
6975300235.32949
6973207680.14105
6971115752.70926
6969024452.84577
6966933780.36229
6964843735.07062
6962754316.78257
6960665525.31003
6958577360.46494
6956489822.05931
6954402909.90519
6952316623.81469
6950230963.59998
6948145929.07327
6946061520.04686
6943977736.33308
6941894577.74431
6939812044.09301
6937730135.19168
6935648850.85288
6933568190.88922
6931488155.11338
6929408743.33809
6927329955.37614
6925251791.04035
6923174250.14364
6921097332.49895
6919021037.91928
6916945366.21772
6914870317.20737
6912795890.70142
6910722086.51310
6908648904.45570
6906576344.34256
6904504405.98709
6902433089.20274
6900362393.80303
6898292319.60153
6896222866.41186
6894154034.04771
6892085822.32282
6890018231.05098
6887951260.04604
6885884909.12191
6883819178.09256
6881754066.77199
6879689574.97429
6877625702.51359
6875562449.20407
6873499814.85998
6871437799.29563
6869376402.32535
6867315623.76358
6865255463.42476
6863195921.12344
6861136996.67419
6859078689.89164
6857021000.59050
6854963928.58550
6852907473.69145
6850851635.72322
6848796414.49572
6846741809.82392
6844687821.52285
6842634449.40760
6840581693.29332
6838529552.99519
6836478028.32847
6834427119.10847
6832376825.15057
6830327146.27017
6828278082.28276
6826229633.00387
6824181798.24909
6822134577.83408
6820087971.57452
6818041979.28619
6815996600.78490
6813951835.88651
6811907684.40695
6809864146.16222
6807821220.96834
6805778908.64141
6803737208.99759
6801696121.85308
6799655647.02415
6797615784.32712
6795576533.57835
6793537894.59429
6791499867.19143
6789462451.18630
6787425646.39551
6785389452.63572
6783353869.72363
6781318897.47540
6779284535.70677
6777250784.23467
6775217642.87609
6773185111.44808
6771153189.76777
6769121877.65230
6767091174.91890
6765061081.38483
6763031596.86741
6761002721.18401
6758974454.15206
6756946795.58904
6754919745.31248
6752893303.13997
6750867468.88915
6748842242.37770
6746817623.42338
6744793611.84398
6742770207.45735
6740747410.08140
6738725219.53408
6736703635.63340
6734682658.19743
6732662287.04428
6730642521.99212
6728623362.85917
6726604809.46372
6724586861.62408
6722569519.15865
6720552781.88584
6718536649.62416
6716521122.19215
6714506199.40839
6712491881.09153
6710478167.06027
6708465057.13338
6706452551.12964
6704440648.86793
6702429350.16715
6700418654.84627
6698408562.72431
6696399073.62033
6694390187.35347
6692381903.74291
6690374222.60786
6688367143.76762
6686360667.04152
6684354792.24896
6682349519.20936
6680344847.74225
6678340777.66715
6676337308.80367
6674334440.97147
6672332173.99025
6670330507.67978
6668329441.85988
6666328976.35040
6664329110.97127
6662329845.54246
6660331179.88401
6658333113.81598
6656335647.15851
6654338779.73179
6652342511.35606
6650346841.85160
6648351771.03877
6646357298.73796
6644363424.76962
6642370148.95426
6640377471.11243
6638385391.06475
6636393908.63187
6634403023.63452
6632412735.89347
6630423045.22952
6628433951.46357
6626445454.41654
6624457553.90942
6622470249.76323
6620483541.79907
6618497429.83807
6616511913.70143
6614526993.21040
6612542668.18628
6610558938.45041
6608575803.82422
6606593264.12915
6604611319.18672
6602629968.81850
6600649212.84609
6598669051.09119
6596689483.37550
6594710509.52081
6592732129.34894
6590754342.68179
6588777149.34129
6586800549.14943
6584824541.92825
6582849127.49984
6580874305.68637
6578900076.31002
6576926439.19306
6574953394.15779
6572980941.02658
6571009079.62183
6569037809.76603
6567067131.28168
6565097043.99136
6563127547.71770
6561158642.28338
6559190327.51113
6557222603.22374
6555255469.24405
6553288925.39494
6551322971.49936
6549357607.38032
6547392832.86086
6545428647.76409
6543465051.91317
6541502045.13130
6539539627.24174
6537577798.06783
6535616557.43292
6533655905.16044
6531695841.07386
6529736364.99672
6527777476.75259
6525819176.16511
6523861463.05797
6521904337.25491
6519947798.57973
6517991846.85626
6516036481.90842
6514081703.56015
6512127511.63547
6510173905.95842
6508220886.35313
6506268452.64376
6504316604.65452
6502365342.20970
6500414665.13361
6498464573.25064
6496515066.38520
6494566144.36180
6492617807.00496
6490670054.13928
6488722885.58940
6486776301.18001
6484830300.73586
6482884884.08177
6480940051.04257
6478995801.44319
6477052135.10858
6475109051.86376
6473166551.53380
6471224633.94381
6469283298.91897
6467342546.28451
6465402375.86570
6463462787.48789
6461523780.97646
6459585356.15684
6457647512.85453
6455710250.89507
6453773570.10406
6451837470.30717
6449901951.33007
6447967012.99855
6446032655.13840
6444098877.57549
6442165680.13574
6440233062.64512
6438301024.92965
6436369566.81541
6434438688.12852
6432508388.69517
6430578668.34159
6428649526.89408
6426720964.17897
6424792980.02265
6422865574.25158
6420938746.69226
6419012497.17123
6417086825.51512
6415161731.55056
6413237215.10429
6411313276.00306
6409389914.07366
6407467129.14179
6405544921.03382
6403623289.57680
6401702234.59783
6399781755.92404
6397861853.38265
6395942526.80088
6394023776.00604
6392105600.82547
6390188001.08658
6388270976.61679
6386354527.24362
6384438652.79460
6382523353.09733
6380608627.97946
6378694477.26869
6376780900.79276
6374867898.37946
6372955469.85664
6371043615.05221
6369132333.79410
6367221625.91032
6365311491.22890
6363401929.57795
6361492940.78562
6359584524.68010
6357676681.08964
6355769409.84253
6353862710.76712
6351956583.69182
6350051028.44506
6348146044.85536
6346241632.75124
6344337791.96132
6342434522.31423
6340531823.63868
6338629695.76342
6336728138.51724
6334827151.72900
6332926735.22758
6331026888.84195
6329127612.40109
6327228905.73406
6325330768.66995
6323433201.03792
6321536202.66716
6319639773.38692
6317743913.02651
6315848621.41526
6313953898.38259
6312059743.75793
6310166157.37079
6308273139.05072
6306380688.62732
6304488805.93023
6302597490.78917
6300706743.03386
6298816562.49413
6296926948.99982
6295037902.38082
6293149422.46709
6291261509.08863
6289374162.07549
6287487381.25777
6285601166.46562
6283715517.52924
6281830434.27888
6279945916.54484
6278061964.15748
6276178576.94719
6274295754.74443
6272413497.37970
6270531804.68355
6268650676.48657
6266770112.61943
6264890112.91282
6263010677.19750
6261131805.30427
6259253497.06397
6257375752.30752
6255498570.86586
6253621952.57000
6251745897.25098
6249870404.73992
6247995474.86795
6246121107.46630
6244247302.36620
6242374059.39896
6240501378.39594
6238629259.18853
6236757701.60820
6234886705.48643
6233016270.65480
6231146396.94489
6229277084.18836
6227408332.21693
6225540140.86233
6223672509.95638
6221805439.33092
6219938928.81787
6218072978.24917
6216207587.45683
6214342756.27290
6212478484.52950
6210614772.05876
6208751618.69290
6206889024.26417
6205026988.60488
6203165511.54738
6201304592.92407
6199444232.56742
6197584430.30992
6195725185.98413
6193866499.42265
6192008370.45815
6190150798.92332
6188293784.65092
6186437327.47376
6184581427.22469
6182726083.73662
6180871296.84250
6179017066.37534
6177163392.16820
6175310274.05418
6173457711.86644
6171605705.43818
6169754254.60266
6167903359.19319
6166053019.04312
6164203233.98586
6162354003.85487
6160505328.48366
6158657207.70577
6156809641.35482
6154962629.26446
6153116171.26841
6151270267.20041
6149424916.89428
6147580120.18388
6145735876.90310
6143892186.88592
6142049049.96633
6140206465.97839
6138364434.75622
6136522956.13396
6134682029.94584
6132841656.02610
6131001834.20905
6129162564.32906
6127323846.22053
6125485679.71791
6123648064.65573
6121811000.86853
6119974488.19093
6118138526.45759
6116303115.50320
6114468255.16254
6112633945.27041
6110800185.66168
6108966976.17124
6107134316.63406
6105302206.88515
6103470646.75958
6101639636.09244
6099809174.71889
6097979262.47416
6096149899.19349
6094321084.71221
6092492818.86566
6090665101.48926
6088837932.41847
6087011311.48880
6085185238.53581
6083359713.39511
6081534735.90236
6079710305.89327
6077886423.20361
6076063087.66918
6074240299.12584
6072418057.40951
6070596362.35615
6068775213.80177
6066954611.58243
6065134555.53424
6063315045.49336
6061496081.29601
6059677662.77844
6057859789.77698
6056042462.12797
6054225679.66784
6052409442.23304
6050593749.66009
6048778601.78555
6046963998.44603
6045149939.47743
6043336424.71542
6041523453.99684
6039711027.15855
6037899144.03749
6036087804.47062
6034277008.29496
6032466755.34758
6030657045.46560
6028847878.48617
6027039254.24650
6025231172.58385
6023423633.33552
6021616636.33885
6019810181.43125
6018004268.45016
6016198897.23306
6014394067.61751
6012589779.44108
6010786032.54140
6008982826.75616
6007180161.92308
6005378037.87994
6003576454.46456
6001775411.51480
5999974908.86859
5998174946.36388
5996375523.83870
5994576641.13108
5992778298.07914
5990980494.52104
5989183230.29496
5987386505.23916
5985590319.19193
5983794671.99161
5981999563.47659
5980204993.48530
5978410961.85623
5976617468.42791
5974824513.03890
5973032095.52785
5971240215.73341
5969448873.49430
5967658068.64930
5965867801.03722
5964078070.49691
5962288876.86728
5960500219.98729
5958712099.69593
5956924515.83226
5955137468.23538
5953350956.74442
5951564981.19858
5949779541.43710
5947994637.29925
5946210268.62438
5944426435.25186
5942643137.02111
5940860373.77162
5939078145.34290
5937296451.57452
5935515292.30610
5933734667.37729
5931954576.62782
5930175019.89743
5928395997.02593
5926617507.85317
5924839552.21905
5923062129.96352
5921285240.92656
5919508884.94823
5917733061.86860
5915957771.52781
5914183013.76605
5912408788.42354
5910635095.34055
5908861934.35742
5907089305.31451
5905317208.05225
5903545642.41109
5901774608.23154
5900004105.35418
5898234133.61960
5896464692.86845
5894695782.94145
5892927403.67934
5891159554.92291
5889392236.51301
5887625448.29052
5885859190.09639
5884093461.77159
5882328263.15717
5880563594.09419
5878799454.42379
5877035843.98713
5875272762.62545
5873510210.18000
5871748186.49211
5869986691.40312
5868225724.75446
5866465286.38758
5864705376.14398
5862945993.86521
5861187139.39288
5859428812.56862
5857671013.23414
5855913741.23116
5854156996.40148
5852400778.58693
5850645087.62939
5848889923.37080
5847135285.65312
5845381174.31837
5843627589.20864
5841874530.16604
5840121997.03273
5838369989.65092
5836618507.86287
5834867551.51090
5833117120.43735
5831367214.48461
5829617833.49516
5827868977.31146
5826120645.77608
5824372838.73159
5822625556.02064
5820878797.48590
5819132562.97012
5817386852.31607
5815641665.36656
5813897001.96449
5812152861.95276
5810409245.17435
5808666151.47226
5806923580.68956
5805181532.66936
5803440007.25482
5801699004.28913
5799958523.61555
5798218565.07738
5796479128.51795
5794740213.78067
5793001820.70898
5791263949.14635
5789526598.93632
5787789769.92247
5786053461.94844
5784317674.85789
5782582408.49455
5780847662.70219
5779113437.32463
5777379732.20572
5775646547.18939
5773913882.11959
5772181736.84032
5770450111.19564
5768719005.02964
5766988418.18649
5765258350.51036
5763528801.84551
5761799772.03622
5760071260.92682
5758343268.36171
5756615794.18530
5754888838.24209
5753162400.37659
5751436480.43338
5749711078.25707
5747986193.69234
5746261826.58389
5744537976.77650
5742814644.11495
5741091828.44412
5739369529.60891
5737647747.45425
5735926481.82516
5734205732.56668
5732485499.52389
5730765782.54194
5729046581.46601
5727327896.14134
5725609726.41320
5723892072.12692
5722174933.12788
5720458309.26151
5718742200.37326
5717026606.30865
5715311526.91326
5713596962.03269
5711882911.51259
5710169375.19868
5708456352.93671
5706743844.57246
5705031849.95181
5703320368.92063
5701609401.32486
5699898947.01051
5698189005.82359
5696479577.61020
5694770662.21622
5693062259.48645
5691354369.26696
5689646991.40408
5687940125.74420
5686233772.13373
5684527930.41916
5682822600.44700
5681117782.06380
5679413475.11616
5677709679.45074
5676006394.91423
5674303621.35336
5672601358.61492
5670899606.54573
5669198364.99265
5667497633.80262
5665797412.82257
5664097701.89952
5662398500.88052
5660699809.61265
5659001627.94305
5657303955.71891
5655606792.78744
5653910138.99592
5652213994.19167
5650518358.22203
5648823230.93442
5647128612.17628
5645434501.79510
5643740899.63842
5642047805.55382
5640355219.38893
5638663140.99140
5636971570.20897
5635280506.88939
5633589950.88045
5631899902.03001
5630210360.18596
5628521325.19623
5626832796.90881
5625144775.17172
5623457259.83303
5621770250.74085
5620083747.74334
5618397750.68870
5616712259.42519
5615027273.80109
5613342793.66473
5611658818.86451
5609975349.24884
5608292384.66619
5606609924.96508
5604927969.99406
5603246519.60174
5601565573.63677
5599885131.94783
5598205194.38366
5596525760.79304
5594846831.02480
5593168404.92780
5591490482.35096
5589813063.14323
5588136147.15363
5586459734.23119
5584783824.22501
5583108416.98422
5581433512.35800
5579759110.19557
5578085210.34622
5576411812.65924
5574738916.98400
5573066523.16990
5571394631.06638
5569723240.52294
5568052351.38911
5566381963.51447
5564712076.74865
5563042690.94132
5561373805.94218
5559705421.60100
5558037537.76757
5556370154.29175
5554703271.02342
5553036887.81253
5551371004.50904
5549705620.96299
5548040737.02444
5546376352.54350
5544712467.37034
5543049081.35515
5541386194.34819
5539723806.19974
5538061916.76013
5536400525.87975
5534739633.40902
5533079239.19841
5531419343.09843
5529759944.95964
5528101044.63265
5526442641.96808
5524784736.81665
5523127329.02908
5521470418.45615
5519814004.94869
5518158088.35756
5516502668.53367
5514847745.32799
5513193318.59152
5511539388.17530
5509885953.93041
5508233015.70801
5506580573.35926
5504928626.73539
5503277175.68767
5501626220.06741
5499975759.72596
5498325794.51473
5496676324.28517
5495027348.88876
5493378868.17704
5491730882.00159
5490083390.21403
5488436392.66603
5486789889.20931
5485143879.69561
5483498363.97674
5481853341.90455
5480208813.33092
5478564778.10779
5476921236.08714
5475278187.12100
5473635631.06142
5471993567.76053
5470351997.07048
5468710918.84346
5467070332.93174
5465430239.18759
5463790637.46334
5462151527.61139
5460512909.48415
5458874782.93409
5457237147.81372
5455600003.97560
5453963351.27232
5452327189.55655
5450691518.68095
5449056338.49828
5447421648.86130
5445787449.62284
5444153740.63577
5442520521.75300
5440887792.82748
5439255553.71222
5437623804.26026
5435992544.32469
5434361773.75865
5432731492.41531
5431101700.14790
5429472396.80968
5427843582.25397
5426215256.33412
5424587418.90353
5422960069.81565
5421333208.92397
5419706836.08201
5418080951.14337
5416455553.96166
5414830644.39054
5413206222.28374
5411582287.49500
5409958839.87813
5408335879.28697
5406713405.57542
5405091418.59739
5403469918.20688
5401848904.25791
5400228376.60454
5398608335.10088
5396988779.60109
5395369709.95937
5393751126.02997
5392133027.66717
5390515414.72531
5388898287.05876
5387281644.52195
5385665486.96935
5384049814.25546
5382434626.23484
5380819922.76209
5379205703.69186
5377591968.87884
5375978718.17775
5374365951.44338
5372753668.53055
5371141869.29413
5369530553.58902
5367919721.27018
5366309372.19261
5364699506.21137
5363090123.18152
5361481222.95822
5359872805.39663
5358264870.35197
5356657417.67933
5355050447.23264
5353443958.86704
5351837952.43799
5350232427.80100
5348627384.81162
5347022823.32543
5345418743.19807
5343815144.28521
5342212026.44256
5340609389.52589
5339007233.39097
5337405557.89367
5335804362.88985
5334203648.23545
5332603413.78642
5331003659.39877
5329404384.92855
5327805590.23186
5326207275.16481
5324609439.58360
5323012083.34442
5321415206.30354
5319818808.31726
5318222889.24192
5316627448.93390
5315032487.24962
5313438004.04556
5311843999.17821
5310250472.50413
5308657423.87991
5307064853.16218
5305472760.20761
5303881144.87293
5302290007.01489
5300699346.49029
5299109163.15597
5297519456.86881
5295930227.48575
5294341474.86375
5292753198.85981
5291165399.33099
5289578076.13437
5287991229.12710
5286404858.16635
5284818963.10934
5283233543.81332
5281648600.13559
5280064131.93351
5278480139.06445
5276896621.38584
5275313578.75514
5273731011.02988
5272148918.06759
5270567299.72587
5268986155.86236
5267405486.33474
5265825291.00072
5264245569.71806
5262666322.34456
5261087548.73807
5259509248.75648
5257931422.25771
5256354069.09972
5254777189.14054
5253200782.23822
5251624848.25084
5250049387.03654
5248474398.45351
5246899882.35995
5245325838.61414
5243752267.07438
5242179167.59900
5240606540.04640
5239034384.27501
5237462700.14329
5235891487.50976
5234320746.23297
5232750476.17152
5231180677.18404
5229611349.12921
5228042491.86576
5226474105.25244
5224906189.14806
5223338743.41146
5221771767.90154
5220205262.47722
5218639226.99747
5217073661.32131
5215508565.30779
5213943938.81600
5212379781.70510
5210816093.83424
5209252875.06267
5207690125.24963
5206127844.25444
5204566031.93644
5203004688.15503
5201443812.76962
5199883405.63970
5198323466.62477
5196763995.58440
5195204992.37818
5193646456.86575
5192088388.90680
5190530788.36103
5188973655.08822
5187416988.94818
5185860789.80075
5184305057.50582
5182749791.92333
5181194992.91324
5179640660.33558
5178086794.05039
5176533393.91778
5174980459.79789
5173427991.55090
5171875989.03703
5170324452.11655
5168773380.64976
5167222774.49702
5165672633.51872
5164122957.57528
5162573746.52719
5161025000.23496
5159476718.55914
5157928901.36034
5156381548.49919
5154834659.83639
5153288235.23265
5151742274.54875
5150196777.64548
5148651744.38370
5147107174.62431
5145563068.22823
5144019425.05645
5142476244.96997
5140933527.82986
5139391273.49721
5137849481.83318
5136308152.69894
5134767285.95572
5133226881.46479
5131686939.08746
5130147458.68507
5128608440.11903
5127069883.25076
5125531787.94174
5123994154.05350
5122456981.44758
5120920269.98560
5119384019.52919
5117848229.94004
5116312901.07988
5114778032.81048
5113243624.99364
5111709677.49122
5110176190.16512
5108643162.87726
5107110595.48963
5105578487.86424
5104046839.86317
5102515651.34849
5100984922.18238
5099454652.22700
5097924841.34459
5096395489.39742
5094866596.24780
5093338161.75807
5091810185.79065
5090282668.20796
5088755608.87248
5087229007.64674
5085702864.39328
5084177178.97473
5082651951.25372
5081127181.09295
5079602868.35513
5078079012.90305
5076555614.59950
5075032673.30736
5073510188.88951
5071988161.20889
5070466590.12849
5068945475.51131
5067424817.22044
5065904615.11896
5064384869.07003
5062865578.93684
5061346744.58261
5059828365.87062
5058310442.66418
5056792974.82664
5055275962.22141
5053759404.71193
5052243302.16166
5050727654.43415
5049212461.39294
5047697722.90165
5046183438.82392
5044669609.02344
5043156233.36395
5041643311.70921
5040130843.92304
5038618829.86931
5037107269.41189
5035596162.41475
5034085508.74185
5032575308.25719
5031065560.82364
5029556266.30476
5028047424.56474
5026539035.46786
5025031098.87839
5023523614.66066
5022016582.67905
5020510002.79796
5019003874.88183
5017498198.79517
5015992974.40248
5014488201.56833
5012983880.15734
5011480010.03413
5009976591.06340
5008473623.10986
5006971106.03828
5005469039.71346
5003967424.00023
5002466258.76346
5000965543.86809
4999465279.17907
4997965464.56139
4996466099.88008
4994967185.00023
4993468719.78693
4991970704.10536
4990473137.82069
4988976020.79817
4987479352.90305
4985983134.00065
4984487363.95632
4982992042.63544
4981497169.90345
4980002745.62580
4978508769.66800
4977015241.89561
4975522162.17419
4974029530.36938
4972537346.34684
4971045609.97226
4969554321.11139
4968063479.63001
4966573085.39393
4965083138.26902
4963593638.12118
4962104584.81633
4960615978.22045
4959127818.19956
4957640104.61972
4956152837.34701
4954666016.24757
4953179641.18757
4951693712.03322
4950208228.65078
4948723190.90652
4947238598.66678
4945754451.79793
4944270750.16637
4942787493.63855
4941304682.08095
4939822315.36011
4938340393.34257
4936858915.89495
4935377882.88389
4933897294.17607
4932417149.63820
4930937449.13705
4929458192.53942
4927979379.71215
4926501010.52210
4925023084.83621
4923545602.52142
4922068563.44473
4920591967.47317
4919115814.47381
4917640104.31378
4916164836.86021
4914690011.98031
4913215629.54129
4911741689.41044
4910268191.45505
4908795135.54248
4907322521.54011
4905850349.31537
4904378618.73572
4902907329.66867
4901436481.98176
4899966075.54258
4898496110.21874
4897026585.87791
4895557502.38778
4894088859.61610
4892620657.43065
4891152895.69924
4889685574.28973
4888218693.07001
4886752251.90803
4885286250.67175
4883820689.22920
4882355567.44842
4880890885.19750
4879426642.34458
4877962838.75783
4876499474.30546
4875036548.85572
4873574062.27689
4872112014.43730
4870650405.20532
4869189234.44936
4867728502.03785
4866268207.83929
4864808351.72220
4863348933.55514
4861889953.20671
4860431410.54555
4858973305.44035
4857515637.75982
4856058407.37272
4854601614.14785
4853145257.95405
4851689338.66019
4850233856.13518
4848778810.24799
4847324200.86761
4845870027.86306
4844416291.10342
4842962990.45781
4841510125.79537
4840057696.98530
4838605703.89681
4837154146.39919
4835703024.36173
4834252337.65379
4832802086.14474
4831352269.70403
4829902888.20110
4828453941.50546
4827005429.48666
4825557352.01427
4824109708.95792
4822662500.18727
4821215725.57201
4819769384.98189
4818323478.28669
4816878005.35621
4815432966.06032
4813988360.26891
4812544187.85191
4811100448.67931
4809657142.62111
4808214269.54736
4806771829.32816
4805329821.83363
4803888246.93395
4802447104.49933
4801006394.40001
4799566116.50627
4798126270.68846
4796686856.81693
4795247874.76208
4793809324.39437
4792371205.58427
4790933518.20230
4789496262.11904
4788059437.20507
4786623043.33104
4785187080.36764
4783751548.18557
4782316446.65559
4780881775.64851
4779447535.03515
4778013724.68639
4776580344.47316
4775147394.26639
4773714873.93709
4772282783.35628
4770851122.39504
4769419890.92447
4767989088.81574
4766558715.94002
4765128772.16854
4763699257.37257
4762270171.42342
4760841514.19243
4759413285.55099
4757985485.37053
4756558113.52249
4755131169.87839
4753704654.30977
4752278566.68821
4750852906.88533
4749427674.77279
4748002870.22229
4746578493.10555
4745154543.29437
4743731020.66056
4742307925.07597
4740885256.41249
4739463014.54207
4738041199.33666
4736619810.66829
4735198848.40901
4733778312.43090
4732358202.60610
4730938518.80677
4729519260.90513
4728100428.77341
4726682022.28391
4725264041.30895
4723846485.72089
4722429355.39213
4721012650.19400
4719596369.99835
4718180514.67777
4716765084.10487
4715350078.15231
4713935496.69278
4712521339.59902
4711107606.74379
4709694297.99989
4708281413.24017
4706868952.33749
4705456915.16479
4704045301.59499
4702634111.50110
4701223344.75613
4699813001.23315
4698403080.80526
4696993583.34558
4695584508.72729
4694175856.82360
4692767627.50774
4691359820.65301
4689952436.13272
4688545473.82023
4687138933.58892
4685732815.31223
4684327118.86361
4682921844.11658
4681516990.94467
4680112559.22145
4678708548.82054
4677304959.61558
4675901791.48027
4674499044.28831
4673096717.91349
4671694812.22958
4670293327.11042
4668892262.42988
4667491618.06186
4666091393.88032
4664691589.75922
4663292205.57259
4661893241.19448
4660494696.49898
4659096571.36020
4657698865.65233
4656301579.24956
4654904712.02612
4653508263.85628
4652112234.61437
4650716624.17472
4649321432.41173
4647926659.19980
4646532304.41340
4645138367.92702
4643744849.61519
4642351749.35249
4640959067.01351
4639566802.47289
4638174955.60532
4636783526.28551
4635392514.38821
4634001919.78821
4632611742.36033
4631221981.97943
4629832638.52042
4628443711.85823
4627055201.86783
4625667108.42422
4624279431.40247
4622892170.67764
4621505326.12485
4620118897.61927
4618732885.03608
4617347288.25052
4615962107.13784
4614577341.57336
4613192991.43241
4611809056.59037
4610425536.92265
4609042432.30470
4607659742.61201
4606277467.72010
4604895607.50453
4603514161.84090
4602133130.60484
4600752513.67203
4599372310.91816
4597992522.21899
4596613147.45029
4595234186.48788
4593855639.20761
4592477505.48538
4591099785.19712
4589722478.21878
4588345584.42638
4586969103.69594
4585593035.90354
4584217380.92529
4582842138.63735
4581467308.91589
4580092891.63715
4578718886.67736
4577345293.91284
4575972113.21992
4574599344.47495
4573226987.55436
4571855042.33457
4570483508.69208
4569112386.50339
4567741675.64505
4566371375.99367
4565001487.42585
4563632009.81827
4562262943.04763
4560894286.99066
4559526041.52413
4558158206.52486
4556790781.86968
4555423767.43550
4554057163.09921
4552690968.73779
4551325184.22822
4549959809.44754
4548594844.27280
4547230288.58113
4545866142.24965
4544502405.15554
4543139077.17602
4541776158.18835
4540413648.06979
4539051546.69769
4537689853.94940
4536328569.70232
4534967693.83389
4533607226.22157
4532247166.74287
4530887515.27535
4529528271.69657
4528169435.88417
4526811007.71579
4525452987.06912
4524095373.82190
4522738167.85189
4521381369.03689
4520024977.25475
4518668992.38333
4517313414.30056
4515958242.88437
4514603478.01275
4513249119.56374
4511895167.41538
4510541621.44578
4509188481.53306
4507835747.55540
4506483419.39100
4505131496.91811
4503779980.01501
4502428868.56001
4501078162.43146
4499727861.50777
4498377965.66734
4497028474.78866
4495679388.75021
4494330707.43054
4492982430.70823
4491634558.46187
4490287090.57012
4488940026.91166
4487593367.36522
4486247111.80955
4484901260.12344
4483555812.18574
4482210767.87530
4480866127.07103
4479521889.65187
4478178055.49681
4476834624.48485
4475491596.49505
4474148971.40650
4472806749.09832
4471464929.44967
4470123512.33976
4468782497.64782
4467441885.25312
4466101675.03497
4464761866.87272
4463422460.64574
4462083456.23347
4460744853.51535
4459406652.37089
4458068852.67959
4456731454.32105
4455394457.17485
4454057861.12064
4452721666.03810
4451385871.80693
4450050478.30690
4448715485.41778
4447380893.01940
4446046700.99162
4444712909.21433
4443379517.56748
4442046525.93104
4440713934.18500
4439381742.20941
4438049949.88437
4436718557.08997
4435387563.70639
4434056969.61380
4432726774.69244
4431396978.82258
4430067581.88450
4428738583.75857
4427409984.32513
4426081783.46420
4424753981.05497
4423426576.97792
4422099571.11363
4420772963.34272
4419446753.54582
4418120941.60363
4416795527.39686
4415470510.80626
4414145891.71263
4412821669.99678
4411497845.53957
4410174418.22188
4408851387.92465
4407528754.52883
4406206517.91541
4404884677.96543
4403563234.55994
4402242187.58004
4400921536.90687
4399601282.42158
4398281424.00538
4396961961.53950
4395642894.90522
4394324223.98382
4393005948.65666
4391688068.80510
4390370584.31056
4389053495.05446
4387736800.91829
4386420501.78356
4385104597.53181
4383789088.04462
4382473973.20360
4381159252.89040
4379844926.98671
4378530995.37423
4377217457.93472
4375904314.54997
4374591565.10180
4373279209.47205
4371967247.54262
4370655679.19543
4369344504.31244
4368033722.77564
4366723334.46706
4365413339.26875
4364103737.06282
4362794527.73139
4361485711.15662
4360177287.22072
4358869255.80592
4357561616.79449
4356254370.06872
4354947515.51095
4353641053.00356
4352334982.42895
4351029303.66956
4349724016.60787
4348419121.12637
4347114617.10762
4345810504.43419
4344506782.98870
4343203452.65378
4341900513.31213
4340597964.84645
4339295807.13949
4337994040.07405
4336692663.53294
4335391677.39900
4334091081.55513
4332790875.88425
4331491060.26932
4330191634.59333
4328892598.73929
4327593952.59028
4326295696.02938
4324997828.93972
4323700351.20447
4322403262.70683
4321106563.33001
4319810252.95730
4318514331.47199
4317218798.75742
4315923654.69695
4314628899.17399
4313334532.07197
4312040553.27438
4310746962.66472
4309453760.12652
4308160945.54337
4306868518.79887
4305576479.77668
4304284828.36046
4302993564.43394
4301702687.88085
4300412198.58500
4299122096.43018
4297832381.30025
4296543053.07911
4295254111.65066
4293965556.89887
4292677388.70771
4291389606.96123
4290102211.54347
4288815202.33852
4287528579.23052
4286242342.10363
4284956490.84204
4283671025.32997
4282385945.45171
4281101251.09154
4279816942.13380
4278533018.46285
4277249479.96311
4275966326.51900
4274683558.01499
4273401174.33560
4272119175.36537
4270837560.98886
4269556331.09069
4268275485.55550
4266995024.26797
4265714947.11281
4264435253.97477
4263155944.73862
4261877019.28919
4260598477.51133
4259320319.28991
4258042544.50987
4256765153.05614
4255488144.81372
4254211519.66764
4252935277.50294
4251659418.20473
4250383941.65811
4249108847.74827
4247834136.36038
4246559807.37969
4245285860.69144
4244012296.18094
4242739113.73353
4241466313.23456
4240193894.56945
4238921857.62362
4237650202.28254
4236378928.43173
4235108035.95671
4233837524.74306
4232567394.67640
4231297645.64235
4230028277.52660
4228759290.21486
4227490683.59288
4226222457.54643
4224954611.96133
4223687146.72342
4222420061.71860
4221153356.83278
4219887031.95190
4218621086.96196
4217355521.74898
4216090336.19901
4214825530.19815
4213561103.63251
4212297056.38825
4211033388.35158
4209770099.40871
4208507189.44591
4207244658.34948
4205982506.00574
4204720732.30106
4203459337.12184
4202198320.35451
4200937681.88555
4199677421.60146
4198417539.38877
4197158035.13405
4195898908.72392
4194640160.04500
4193381788.98399
4192123795.42758
4190866179.26253
4189608940.37560
4188352078.65362
4187095593.98343
4185839486.25191
4184583755.34598
4183328401.15259
4182073423.55872
4180818822.45140
4179564597.71767
4178310749.24463
4177057276.91940
4175804180.62913
4174551460.26103
4173299115.70230
4172047146.84023
4170795553.56209
4169544335.75522
4168293493.30698
4167043026.10478
4165792934.03604
4164543216.98823
4163293874.84886
4162044907.50545
4160796314.84558
4159548096.75686
4158300253.12693
4157052783.84345
4155805688.79414
4154558967.86673
4153312620.94901
4152066647.92879
4150821048.69392
4149575823.13227
4148330971.13175
4147086492.58033
4145842387.36592
4144598655.37536
4143355296.49629
4142112310.61686
4140869697.62524
4139627457.40964
4138385589.85830
4137144094.85949
4135902972.30152
4134662222.07273
4133421844.06148
4132181838.15618
4130942204.24525
4129702942.21718
4128464051.96044
4127225533.36358
4125987386.31516
4124749610.70376
4123512206.41803
4122275173.34662
4121038511.37821
4119802220.40154
4118566300.30535
4117330750.97845
4116095572.30964
4114860764.18779
4113626326.50177
4112392259.14051
4111158561.99295
4109925234.94807
4108692277.89489
4107459690.72246
4106227473.31985
4104995625.57618
4103764147.38058
4102533038.62224
4101302299.19035
4100071928.97417
4098841927.86295
4097612295.74601
4096383032.51268
4095154138.05233
4093925612.25437
4092697455.00821
4091469666.20334
4090242245.72924
4089015193.47545
4087788509.33152
4086562193.18706
4085336244.93169
4084110664.45506
4082885451.64688
4081660606.39685
4080436128.59474
4079212018.13034
4077988274.89346
4076764898.77395
4075541889.66171
4074319247.44665
4073096972.01871
4071875063.26787
4070653521.08416
4069432345.35762
4068211535.97831
4066991092.83636
4065771015.82191
4064551304.82512
4063331959.73622
4062112980.44542
4060894366.84302
4059676118.81930
4058458236.26461
4057240719.06932
4056023567.12381
4054806780.31854
4053590358.54395
4052374301.69055
4051158609.64886
4049943282.30946
4048728319.56292
4047513721.29988
4046299487.41100
4045085617.78695
4043872112.31848
4042658970.89633
4041446193.41128
4040233779.75417
4039021729.81583
4037810043.48716
4036598720.65906
4035387761.22249
4034177165.06843
4032966932.08788
4031757062.17190
4030547555.21156
4029338411.09797
4028129629.72227
4026921210.97564
4025713154.74928
4024505460.93443
4023298129.42236
4022091160.10437
4020884552.87179
4019678307.61600
4018472424.22840
4017266902.60041
4016061742.62350
4014856944.18916
4013652507.18893
4012448431.51437
4011244717.05705
4010041363.70862
4008838371.36073
4007635739.90507
4006433469.23336
4005231559.23735
4004030009.80883
4002828820.83962
4001627992.22157
4000427523.84656
3999227415.60651
3998027667.39336
3996828279.09909
3995629250.61573
3994430581.83530
3993232272.64988
3992034322.95160
3990836732.63257
3989639501.58499
3988442629.70105
3987246116.87298
3986049962.99307
3984854167.95362
3983658731.64694
3982463653.96543
3981268934.80146
3980074574.04747
3978880571.59593
3977686927.33933
3976493641.17020
3975300712.98110
3974108142.66462
3972915930.11338
3971724075.22005
3970532577.87730
3969341437.97786
3968150655.41449
3966960230.07996
3965770161.86711
3964580450.66877
3963391096.37783
3962202098.88720
3961013458.08983
3959825173.87870
3958637246.14682
3957449674.78723
3956262459.69301
3955075600.75727
3953889097.87315
3952702950.93381
3951517159.83247
3950331724.46235
3949146644.71674
3947961920.48892
3946777551.67224
3945593538.16005
3944409879.84577
3943226576.62281
3942043628.38464
3940861035.02475
3939678796.43668
3938496912.51397
3937315383.15023
3936134208.23907
3934953387.67415
3933772921.34916
3932592809.15782
3931413050.99388
3930233646.75113
3929054596.32337
3927875899.60448
3926697556.48831
3925519566.86879
3924341930.63986
3923164647.69551
3921987717.92973
3920811141.23658
3919634917.51013
3918459046.64449
3917283528.53379
3916108363.07221
3914933550.15394
3913759089.67324
3912584981.52435
3911411225.60160
3910237821.79930
3909064770.01182
3907892070.13356
3906719722.05896
3905547725.68246
3904376080.89857
3903204787.60181
3902033845.68674
3900863255.04795
3899693015.58006
3898523127.17773
3897353589.73564
3896184403.14852
3895015567.31111
3893847082.11821
3892678947.46462
3891511163.24519
3890343729.35481
3889176645.68839
3888009912.14088
3886843528.60724
3885677494.98250
3884511811.16168
3883346477.03988
3882181492.51219
3881016857.47374
3879852571.81969
3878688635.44416
3877525048.24189
3876361810.10820
3875198920.93846
3874036380.62804
3872874189.07235
3871712346.16684
3870550851.80697
3869389705.88826
3868228908.30623
3867068458.95645
3865908357.73450
3864748604.53603
3863589199.25666
3862430141.79210
3861271432.03805
3860113069.89026
3858955055.24450
3857797387.99658
3856640068.04232
3855483095.27760
3854326469.59832
3853170190.90038
3852014259.07976
3850858674.03242
3849703435.65440
3848548543.84174
3847393998.49050
3846239799.49680
3845085946.75677
3843932440.16658
3842779279.62243
3841626465.02054
3840473996.25716
3839321873.22859
3838170095.83113
3837018663.96115
3835867577.51501
3834716836.38912
3833566440.47992
3832416389.68388
3831266683.89749
3830117323.01728
3828968306.93981
3827819635.56168
3826671308.77949
3825523326.48989
3824375688.58957
3823228394.97523
3822081445.54361
3820934840.19148
3819788578.81565
3818642661.31293
3817497087.58019
3816351857.51432
3815206971.01224
3814062427.97089
3812918228.28727
3811774371.85837
3810630858.58124
3809487688.35295
3808344861.07060
3807202376.63133
3806060234.93228
3804918435.87066
3803776979.34368
3802635865.24860
3801495093.48270
3800354663.94329
3799214576.52771
3798074831.13333
3796935427.65756
3795796365.99783
3794657646.05160
3793519267.71637
3792381230.88965
3791243535.46900
3790106181.35200
3788969168.43628
3787832496.61946
3786696165.79922
3785560175.87327
3784424526.73935
3783289218.29520
3782154250.43864
3781019623.06748
3779885336.07959
3778751389.37283
3777617782.84513
3776484516.39444
3775351589.91872
3774219003.31599
3773086756.48428
3771954849.32165
3770823281.72620
3769692053.59606
3768561164.82939
3767430615.32436
3766300404.97919
3765170533.69214
3764041001.36148
3762911807.88551
3761782953.16258
3760654437.09104
3759526259.56930
3758398420.49579
3757270919.76896
3756143757.28730
3755016932.94932
3753890446.65358
3752764298.29866
3751638487.78315
3750513015.00571
3749387879.86500
3748263082.25971
3747138622.08859
3746014499.25038
3744890713.64387
3743767265.16789
3742644153.72129
3741521379.20294
3740398941.51175
3739276840.54667
3738155076.20667
3737033648.39074
3735912556.99791
3734791801.92725
3733671383.07785
3732551300.34882
3731431553.63933
3730312142.84854
3729193067.87568
3728074328.61998
3726955924.98072
3725837856.85719
3724720124.14873
3723602726.75471
3722485664.57450
3721368937.50755
3720252545.45329
3719136488.31121
3718020765.98083
3716905378.36168
3715790325.35335
3714675606.85543
3713561222.76756
3712447172.98940
3711333457.42065
3710220075.96102
3709107028.51028
3707994314.96821
3706881935.23462
3705769889.20935
3704658176.79229
3703546797.88333
3702435752.38242
3701325040.18952
3700214661.20461
3699104615.32774
3697994902.45894
3696885522.49832
3695776475.34598
3694667760.90208
3693559379.06678
3692451329.74030
3691343612.82287
3690236228.21476
3689129175.81626
3688022455.52770
3686916067.24944
3685810010.88187
3684704286.32541
3683598893.48049
3682493832.24760
3681389102.52726
3680284704.21998
3679180637.22636
3678076901.44697
3676973496.78245
3675870423.13347
3674767680.40070
3673665268.48487
3672563187.28673
3671461436.70706
3670360016.64666
3669258927.00637
3668158167.68707
3667057738.58966
3665957639.61506
3664857870.66424
3663758431.63818
3662659322.43791
3661560542.96448
3660462093.11896
3659363972.80248
3658266181.91616
3657168720.36119
3656071588.03876
3654974784.85010
3653878310.69649
3652782165.47920
3651686349.09956
3650590861.45892
3649495702.45867
3648400872.00022
3647306369.98501
3646212196.31451
3645118350.89023
3644024833.61370
3642931644.38648
3641838783.11017
3640746249.68639
3639654044.01680
3638562166.00307
3637470615.54692
3636379392.55010
3635288496.91438
3634197928.54157
3633107687.33349
3632017773.19202
3630928186.01905
3629838925.71651
3628749992.18634
3627661385.33001
3626573105.04853
3625485151.24398
3624397523.81848
3623310222.67419
3622223247.71330
3621136598.83802
3620050275.95057
3618964278.95324
3617878607.74831
3616793262.23811
3615708242.32500
3614623547.91134
3613539178.89956
3612455135.19208
3611371416.69137
3610288023.29993
3609204954.92027
3608122211.45494
3607039792.80653
3605957698.87763
3604875929.57089
3603794484.78895
3602713364.43452
3601632568.41031
3600552096.61907
3599471948.96356
3598392125.34661
3597312625.67103
3596233449.83968
3595154597.75546
3594076069.32127
3592997864.44007
3591919983.01482
3590842424.94853
3589765190.14421
3588688278.50494
3587611689.93379
3586535424.33388
3585459481.60834
3584383861.66035
3583308564.39311
3582233589.70984
3581158937.51379
3580084607.70824
3579010600.19651
3577936914.88194
3576863551.66789
3575790510.45775
3574717791.15496
3573645393.66295
3572573317.88521
3571501563.72525
3570430131.08660
3569359019.87283
3568288229.98753
3567217761.33432
3566147613.81684
3565077787.33878
3564008281.80384
3562939097.11575
3561870233.17827
3560801689.89519
3559733467.17034
3558665564.90755
3557597983.01070
3556530721.38369
3555463779.93046
3554397158.55496
3553330857.16117
3552264875.65312
3551199213.93484
3550133871.91041
3549068849.48392
3548004146.55951
3546939763.04133
3545875698.83357
3544811953.84043
3543748527.96615
3542685421.11501
3541622633.19131
3540560164.09936
3539498013.74352
3538436182.02816
3537374668.85772
3536313474.13661
3535252597.76930
3534192039.66029
3533131799.71411
3532071877.83529
3531012273.92843
3529952987.89812
3528894019.64900
3527835369.08574
3526777036.11302
3525719020.63557
3524661322.55813
3523603941.78549
3522546878.22243
3521490131.77380
3520433702.34446
3519377589.83930
3518321794.16322
3517266315.22118
3516211152.91816
3515156307.15914
3514101777.84917
3513047564.89329
3511993668.19661
3510940087.66422
3509886823.20127
3508833874.71293
3507781242.10441
3506728925.28092
3505676924.14773
3504625238.61011
3503573868.57339
3502522813.94289
3501472074.62398
3500421650.52207
3499371541.54257
3498321747.59094
3497272268.57266
3496223104.39324
3495174254.95821
3494125720.17315
3493077499.94363
3492029594.17529
3490982002.77378
3489934725.64477
3488887762.69397
3487841113.82711
3486794778.94995
3485748757.96829
3484703050.78795
3483657657.31477
3482612577.45463
3481567811.11342
3480523358.19709
3479479218.61159
3478435392.26292
3477391879.05708
3476348678.90012
3475305791.69811
3474263217.35715
3473220955.78338
3472179006.88295
3471137370.56205
3470096046.72688
3469055035.28370
3468014336.13876
3466973949.19838
3465933874.36886
3464894111.55658
3463854660.66791
3462815521.60926
3461776694.28708
3460738178.60782
3459699974.47798
3458662081.80410
3457624500.49271
3456587230.45040
3455550271.58378
3454513623.79949
3453477287.00418
3452441261.10455
3451405546.00732
3450370141.61925
3449335047.84710
3448300264.59769
3447265791.77784
3446231629.29442
3445197777.05432
3444164234.96446
3443131002.93178
3442098080.86325
3441065468.66589
3440033166.24672
3439001173.51280
3437969490.37122
3436938116.72909
3435907052.49356
3434876297.57180
3433845851.87100
3432815715.29841
3431785887.76126
3430756369.16686
3429727159.42250
3428698258.43554
3427669666.11334
3426641382.36330
3425613407.09284
3424585740.20941
3423558381.62051
3422531331.23364
3421504588.95633
3420478154.69616
3419452028.36072
3418426209.85763
3417400699.09454
3416375495.97913
3415350600.41912
3414326012.32223
3413301731.59622
3412277758.14890
3411254091.88808
3410230732.72161
3409207680.55736
3408184935.30325
3407162496.86720
3406140365.15717
3405118540.08115
3404097021.54717
3403075809.46326
3402054903.73751
3401034304.27801
3400014010.99289
3398994023.79031
3397974342.57846
3396954967.26555
3395935897.75983
3394917133.96956
3393898675.80305
3392880523.16863
3391862675.97464
3390845134.12932
3389827897.53996
3388810966.11483
3387794339.76244
3386778018.39133
3385762001.91009
3384746290.22730
3383730883.25158
3382715780.89158
3381700983.05599
3380686489.65350
3379672300.59283
3378658415.78275
3377644835.13203
3376631558.54947
3375618585.94392
3374605917.22424
3373593552.29930
3372581491.07802
3371569733.46933
3370558279.38222
3369547128.72565
3368536281.40866
3367525737.34028
3366515496.42958
3365505558.58567
3364495923.71766
3363486591.73471
3362477562.54598
3361468836.06069
3360460412.18805
3359452290.83733
3358444471.91780
3357436955.33877
3356429741.00958
3355422828.83958
3354416218.73816
3353409910.61474
3352403904.37874
3351398199.93965
3350392797.20694
3349387696.09013
3348382896.49878
3347378398.34245
3346374201.53073
3345370305.97326
3344366711.57968
3343363418.25966
3342360425.92291
3341357734.47915
3340355343.83815
3339353253.90968
3338351464.60355
3337349975.82959
3336348787.49767
3335347899.51766
3334347311.79949
3333347024.25309
3332347036.78843
3331347349.31550
3330347961.74432
3329348873.98493
3328350085.94740
3327351597.54183
3326353408.67835
3325355519.26710
3324357929.21826
3323360638.44203
3322363646.84864
3321366954.34835
3320370560.85144
3319374466.26821
3318378670.50900
3317383173.48418
3316387975.10412
3315393075.27923
3314398473.91997
3313404170.93680
3312410166.24020
3311416459.74070
3310423051.34884
3309429940.97520
3308437128.53036
3307444613.92496
3306452397.06964
3305460477.87508
3304468856.25199
3303477532.11109
3302486505.36313
3301495775.91891
3300505343.68923
3299515208.58492
3298525370.51684
3297535829.39588
3296546585.13296
3295557637.63901
3294568986.82501
3293580632.60193
3292592574.88081
3291604813.57269
3290617348.58863
3289630179.83975
3288643307.23715
3287656730.69200
3286670450.11546
3285684465.41875
3284698776.51308
3283713383.30973
3282728285.71996
3281743483.65509
3280758977.02646
3279774765.74542
3278790849.72336
3277807228.87170
3276823903.10188
3275840872.32535
3274858136.45363
3273875695.39821
3272893549.07066
3271911697.38255
3270930140.24546
3269948877.57102
3268967909.27090
3267987235.25676
3267006855.44030
3266026769.73326
3265046978.04740
3264067480.29449
3263088276.38635
3262109366.23481
3261130749.75173
3260152426.84900
3259174397.43853
3258196661.43227
3257219218.74218
3256242069.28026
3255265212.95852
3254288649.68901
3253312379.38381
3252336401.95500
3251360717.31472
3250385325.37513
3249410226.04838
3248435419.24670
3247460904.88231
3246486682.86746
3245512753.11445
3244539115.53557
3243565770.04317
3242592716.54960
3241619954.96726
3240647485.20856
3239675307.18594
3238703420.81187
3237731825.99884
3236760522.65937
3235789510.70601
3234818790.05133
3233848360.60793
3232878222.28843
3231908375.00549
3230938818.67179
3229969553.20003
3229000578.50293
3228031894.49326
3227063501.08381
3226095398.18737
3225127585.71679
3224160063.58493
3223192831.70467
3222225889.98894
3221259238.35067
3220292876.70283
3219326804.95842
3218361023.03045
3217395530.83197
3216430328.27606
3215465415.27582
3214500791.74436
3213536457.59485
3212572412.74046
3211608657.09439
3210645190.56988
3209682013.08019
3208719124.53859
3207756524.85840
3206794213.95296
3205832191.73562
3204870458.11978
3203909013.01885
3202947856.34628
3201986988.01552
3201026407.94008
3200066116.03348
3199106112.20926
3198146396.38100
3197186968.46230
3196227828.36678
3195268976.00809
3194310411.29992
3193352134.15596
3192394144.48996
3191436442.21567
3190479027.24687
3189521899.49737
3188565058.88101
3187608505.31165
3186652238.70319
3185696258.96954
3184740566.02463
3183785159.78244
3182830040.15697
3181875207.06223
3180920660.41228
3179966400.12118
3179012426.10303
3178058738.27197
3177105336.54214
3176152220.82773
3175199391.04294
3174246847.10200
3173294588.91916
3172342616.40873
3171390929.48499
3170439528.06230
3169488412.05502
3168537581.37753
3167587035.94416
3166636775.66830
3165686800.46418
3164737110.24635
3163787704.92936
3162838584.42781
3161889748.65631
3160941197.52951
3159992930.96206
3159044948.86866
3158097251.16401
3157149837.76286
3156202708.57998
3155255863.53013
3154309302.52815
3153363025.48887
3152417032.32714
3151471322.95785
3150525897.29591
3149580755.25626
3148635896.75386
3147691321.70369
3146747030.02076
3145803021.62010
3144859296.41677
3143915854.32585
3142972695.26245
3142029819.14171
3141087225.87877
3140144915.38882
3139202887.58706
3138261142.38873
3137319679.70907
3136378499.46338
3135437601.56694
3134496985.93509
3133556652.48318
3132616601.12660
3131676831.78073
3130737344.36102
3129798138.78290
3128859214.96186
3127920572.81339
3126982212.25303
3126044133.19632
3125106335.55883
3124168819.25617
3123231584.20395
3122294630.31783
3121357957.51348
3120421565.70659
3119485454.81290
3118549624.74813
3117614075.42807
3116678806.76851
3115743818.68527
3114809111.09419
3113874683.91115
3112940537.05204
3112006670.43278
3111073083.96931
3110139777.57759
3109206751.17363
3108274004.67343
3107341537.99304
3106409351.04853
3105477443.75598
3104545816.03151
3103614467.79127
3102683398.95141
3101752609.42813
3100822099.13763
3099891867.99616
3098961915.91998
3098032242.82538
3097102848.62867
3096173733.24618
3095244896.59428
3094316338.58936
3093388059.14781
3092460058.18609
3091532335.62064
3090604891.36796
3089677725.34454
3088750837.46694
3087824227.65169
3086897895.81539
3085971841.87464
3085046065.74608
3084120567.34636
3083195346.59216
3082270403.40018
3081345737.68716
3080421349.36986
3079497238.36505
3078573404.58953
3077649847.96013
3076726568.39372
3075803565.80716
3074880840.11735
3073958391.24123
3073036219.09575
3072114323.59787
3071192704.66461
3070271362.21299
3069350296.16005
3068429506.42288
3067508992.91856
3066588755.56424
3065668794.27704
3064749108.97415
3063829699.57276
3062910565.99010
3061991708.14341
3061073125.94997
3060154819.32706
3059236788.19201
3058319032.46217
3057401552.05490
3056484346.88760
3055567416.87769
3054650761.94261
3053734381.99982
3052818276.96683
3051902446.76114
3050986891.30030
3050071610.50188
3049156604.28347
3048241872.56268
3047327415.25715
3046413232.28455
3045499323.56257
3044585689.00892
3043672328.54134
3042759242.07759
3041846429.53545
3040933890.83276
3040021625.88733
3039109634.61703
3038197916.93975
3037286472.77339
3036375302.03590
3035464404.64523
3034553780.51937
3033643429.57632
3032733351.73413
3031823546.91084
3030914015.02454
3030004755.99334
3029095769.73537
3028187056.16879
3027278615.21177
3026370446.78253
3025462550.79929
3024554927.18031
3023647575.84387
3022740496.70827
3021833689.69184
3020927154.71294
3020020891.68994
3019114900.54125
3018209181.18529
3017303733.54051
3016398557.52539
3015493653.05843
3014589020.05817
3013684658.44313
3012780568.13191
3011876749.04310
3010973201.09533
3010069924.20723
3009166918.29750
3008264183.28482
3007361719.08791
3006459525.62553
3005557602.81644
3004655950.57944
3003754568.83335
3002853457.49702
3001952616.48932
3001052045.72913
3000151745.13539
2999251714.62703
2998351954.12301
2997452463.54235
2996553242.80404
2995654291.82714
2994755610.53071
2993857198.83384
2992959056.65564
2992061183.91527
2991163580.53187
2990266246.42465
2989369181.51281
2988472385.71560
2987575858.95227
2986679601.14212
2985783612.20446
2984887892.05862
2983992440.62397
2983097257.81990
2982202343.56581
2981307697.78113
2980413320.38534
2979519211.29791
2978625370.43835
2977731797.72621
2976838493.08102
2975945456.42239
2975052687.66991
2974160186.74322
2973267953.56198
2972375988.04586
2971484290.11458
2970592859.68786
2969701696.68545
2968810801.02715
2967920172.63275
2967029811.42208
2966139717.31499
2965249890.23137
2964360330.09111
2963471036.81415
2962582010.32044
2961693250.52994
2960804757.36267
2959916530.73865
2959028570.57792
2958140876.80057
2957253449.32626
2956366288.07425
2955479392.96468
2954592763.91779
2953706400.85380
2952820303.69299
2951934472.35563
2951048906.76203
2950163606.83253
2949278572.48747
2948393803.64724
2947509300.23224
2946625062.16288
2945741089.35962
2944857381.74292
2943973939.23327
2943090761.75119
2942207849.21722
2941325201.55192
2940442818.67586
2939560700.50966
2938678846.97395
2937797257.98938
2936915933.47662
2936034873.35637
2935154077.54936
2934273545.97633
2933393278.55804
2932513275.21528
2931633535.86887
2930754060.43965
2929874848.84847
2928995901.01622
2928117216.86379
2927238796.31213
2926360639.28217
2925482745.69489
2924605115.47130
2923727748.53240
2922850644.79925
2921973804.19290
2921097226.63445
2920220912.04500
2919344860.34570
2918469071.45770
2917593545.30218
2916718281.80034
2915843280.87341
2914968542.44264
2914094066.42930
2913219852.75469
2912345901.34012
2911472212.10694
2910598784.97650
2909725619.87021
2908852716.70946
2907980075.41569
2907107695.91036
2906235578.11494
2905363721.95093
2904492127.33987
2903620794.20330
2902749722.46279
2901878912.03993
2901008362.85634
2900138074.83366
2899268047.89355
2898398281.95770
2897528776.94781
2896659532.78563
2895790549.39289
2894921826.69138
2894053364.60291
2893185163.04928
2892317221.95236
2891449541.23400
2890582120.81610
2889714960.62058
2888848060.56937
2887981420.58443
2887115040.58775
2886248920.50134
2885383060.24722
2884517459.74745
2883652118.92411
2882787037.69928
2881922215.99510
2881057653.73371
2880193350.83727
2879329307.22798
2878465522.82805
2877601997.55972
2876738731.34524
2875875724.10691
2875012975.76701
2874150486.24789
2873288255.47189
2872426283.36139
2871564569.83878
2870703114.82649
2869841918.24696
2868980980.02265
2868120300.07605
2867259878.32968
2866399714.70607
2865539809.12778
2864680161.51739
2863820771.79750
2862961639.89073
2862102765.71975
2861244149.20722
2860385790.27584
2859527688.84832
2858669844.84741
2857812258.19587
2856954928.81649
2856097856.63208
2855241041.56548
2854384483.53953
2853528182.47713
2852672138.30116
2851816350.93457
2850960820.30028
2850105546.32128
2849250528.92056
2848395768.02114
2847541263.54606
2846687015.41838
2845833023.56118
2844979287.89757
2844125808.35069
2843272584.84370
2842419617.29976
2841566905.64208
2840714449.79389
2839862249.67843
2839010305.21896
2838158616.33879
2837307182.96123
2836456005.00961
2835605082.40730
2834754415.07768
2833904002.94416
2833053845.93017
2832203943.95916
2831354296.95462
2830504904.84003
2829655767.53892
2828806884.97483
2827958257.07134
2827109883.75204
2826261764.94053
2825413900.56045
2824566290.53548
2823718934.78928
2822871833.24556
2822024985.82806
2821178392.46052
2820332053.06672
2819485967.57046
2818640135.89555
2817794557.96584
2816949233.70520
2816104163.03752
2815259345.88671
2814414782.17670
2813570471.83145
2812726414.77495
2811882610.93119
2811039060.22421
2810195762.57806
2809352717.91680
2808509926.16454
2807667387.24539
2806825101.08350
2805983067.60303
2805141286.72817
2804299758.38312
2803458482.49213
2802617458.97945
2801776687.76936
2800936168.78616
2800095901.95418
2799255887.19777
2798416124.44129
2797576613.60915
2796737354.62575
2795898347.41555
2795059591.90300
2794221088.01259
2793382835.66883
2792544834.79625
2791707085.31941
2790869587.16289
2790032340.25128
2789195344.50921
2788358599.86133
2787522106.23231
2786685863.54684
2785849871.72963
2785014130.70543
2784178640.39899
2783343400.73511
2782508411.63859
2781673673.03426
2780839184.84697
2780004947.00161
2779170959.42306
2778337222.03626
2777503734.76614
2776670497.53768
2775837510.27587
2775004772.90573
2774172285.35228
2773340047.54059
2772508059.39575
2771676320.84286
2770844831.80704
2770013592.21346
2769182601.98728
2768351861.05371
2767521369.33796
2766691126.76528
2765861133.26094
2765031388.75022
2764201893.15844
2763372646.41094
2762543648.43307
2761714899.15022
2760886398.48778
2760058146.37061
2759230142.72347
2758402387.47189
2757574880.54140
2756747621.85756
2755920611.34595
2755093848.93217
2754267334.54185
2753441068.10061
2752615049.53414
2751789278.76812
2750963755.72826
2750138480.34028
2749313452.52994
2748488672.22301
2747664139.34527
2746839853.82256
2746015815.58071
2745192024.54556
2744368480.64301
2743545183.79895
2742722133.93931
2741899330.99003
2741076774.87707
2740254465.52642
2739432402.86409
2738610586.81611
2737789017.30853
2736967694.26742
2736146617.61887
2735325787.28901
2734505203.20396
2733684865.28989
2732864773.47298
2732044927.67942
2731225327.83543
2730405973.86727
2729586865.70120
2728768003.26349
2727949386.48047
2727131015.27846
2726312889.58381
2725495009.32289
2724677374.42210
2723859984.80785
2723042840.40658
2722225941.14475
2721409286.94883
2720592877.74533
2719776713.46077
2718960794.02169
2718145119.35465
2717329689.38625
2716514504.04310
2715699563.25181
2714884866.93904
2714070415.03147
2713256207.45579
2712442244.13871
2711628525.00697
2710815049.98732
2710001819.00655
2709188831.99146
2708376088.86886
2707563589.56561
2706751334.00857
2705939322.12461
2705127553.84066
2704316029.08365
2703504747.78051
2702693709.85822
2701882915.24379
2701072363.86421
2700262055.64653
2699451990.51781
2698642168.40513
2697832589.23558
2697023252.93629
2696214159.43439
2695405308.65707
2694596700.53150
2693788334.98489
2692980211.94446
2692172331.33748
2691364693.09121
2690557297.13295
2689750143.39000
2688943231.78971
2688136562.25944
2687330134.72656
2686523949.11847
2685718005.36260
2684912303.38639
2684106843.11730
2683301624.48283
2682496647.41047
2681691911.82776
2680887417.66225
2680083164.84150
2679279153.29312
2678475382.94472
2677671853.72393
2676868565.55841
2676065518.37585
2675262712.10393
2674460146.67039
2673657822.00296
2672855738.02942
2672053894.67754
2671252291.87514
2670450929.55004
2669649807.63010
2668848926.04318
2668048284.71718
2667247883.58002
2666447722.55963
2665647801.58396
2664848120.58100
2664048679.47875
2663249478.20523
2662450516.68848
2661651794.85657
2660853312.63758
2660055069.95963
2659257066.75083
2658459302.93934
2657661778.45333
2656864493.22100
2656067447.17056
2655270640.23025
2654474072.32832
2653677743.39305
2652881653.35274
2652085802.13572
2651290189.67033
2650494815.88492
2649699680.70790
2648904784.06766
2648110125.89264
2647315706.11128
2646521524.65206
2645727581.44346
2644933876.41402
2644140409.49225
2643347180.60672
2642554189.68600
2641761436.65871
2640968921.45345
2640176643.99887
2639384604.22364
2638592802.05645
2637801237.42599
2637009910.26100
2636218820.49023
2635427968.04245
2634637352.84645
2633846974.83105
2633056833.92508
2632266930.05741
2631477263.15690
2630687833.15247
2629898639.97303
2629109683.54752
2628320963.80491
2627532480.67419
2626744234.08436
2625956223.96445
2625168450.24351
2624380912.85061
2623593611.71485
2622806546.76534
2622019717.93122
2621233125.14164
2620446768.32579
2619660647.41285
2618874762.33206
2618089113.01266
2617303699.38391
2616518521.37509
2615733578.91552
2614948871.93452
2614164400.36145
2613380164.12567
2612596163.15658
2611812397.38359
2611028866.73614
2610245571.14368
2609462510.53570
2608679684.84169
2607897093.99118
2607114737.91370
2606332616.53883
2605550729.79614
2604769077.61525
2603987659.92578
2603206476.65739
2602425527.73975
2601644813.10254
2600864332.67548
2600084086.38831
2599304074.17079
2598524295.95269
2597744751.66382
2596965441.23399
2596186364.59305
2595407521.67086
2594628912.39732
2593850536.70231
2593072394.51578
2592294485.76767
2591516810.38796
2590739368.30664
2589962159.45372
2589185183.75924
2588408441.15325
2587631931.56583
2586855654.92709
2586079611.16715
2585303800.21614
2584528222.00423
2583752876.46161
2582977763.51848
2582202883.10508
2581428235.15165
2580653819.58846
2579879636.34581
2579105685.35401
2578331966.54340
2577558479.84433
2576785225.18719
2576012202.50236
2575239411.71962
2574466852.76888
2573694525.58065
2572922430.08544
2572150566.21381
2571378933.89631
2570607533.06353
2569836363.64607
2569065425.57455
2568294718.77962
2567524243.19194
2566753998.74220
2565983985.36109
2565214202.97934
2564444651.52770
2563675330.93692
2562906241.13779
2562137382.06111
2561368753.63771
2560600355.79843
2559832188.47412
2559064251.59569
2558296545.09401
2557529068.90003
2556761822.94469
2555994807.15893
2555228021.47376
2554461465.82017
2553695140.12919
2552929044.33185
2552163178.35922
2551397542.14239
2550632135.61245
2549866958.70053
2549102011.33778
2548337293.45535
2547572804.98442
2546808545.85621
2546044516.00193
2545280715.35283
2544517143.84016
2543753801.39522
2542990687.94930
2542227803.43372
2541465147.77984
2540702720.91901
2539940522.78261
2539178553.30205
2538416812.40875
2537655300.03415
2536894016.10972
2536132960.56694
2535372133.33730
2534611534.35234
2533851163.54359
2533091020.84263
2532331106.18102
2531571419.49037
2530811960.70231
2530052729.74848
2529293726.56054
2528534951.07017
2527776403.20908
2527018082.90899
2526259990.10163
2525502124.71878
2524744486.69221
2523987075.95373
2523229892.43515
2522472936.06833
2521716206.78513
2520959704.51742
2520203429.19711
2519447380.75612
2518691559.12639
2517935964.23989
2517180596.02859
2516425454.42451
2515670539.35966
2514915850.76608
2514161388.57584
2513407152.72101
2512653143.13371
2511899359.74605
2511145802.49017
2510392471.29825
2509639366.10245
2508886486.83498
2508133833.42807
2507381405.81395
2506629203.92489
2505877227.69316
2505125477.05108
2504373951.93096
2503622652.26515
2502871577.98601
2502120729.02591
2501370105.31726
2500619706.79249
2499869533.38404
2499119585.02436
2498369861.64593
2497620363.18127
2496871089.56289
2496122040.72334
2495373216.59517
2494624617.11097
2493876242.20334
2493128091.80490
2492380165.84830
2491632464.26619
2490884986.99125
2490137733.95620
2489390705.09374
2488643900.33663
2487897319.61762
2487150962.86949
2486404830.02505
2485658921.01712
2484913235.77854
2484167774.24217
2483422536.34090
2482677522.00762
2481932731.17525
2481188163.77675
2480443819.74506
2479699699.01318
2478955801.51409
2478212127.18084
2477468675.94644
2476725447.74398
2475982442.50652
2475239660.16717
2474497100.65905
2473754763.91531
2473012649.86910
2472270758.45361
2471529089.60203
2470787643.24759
2470046419.32353
2469305417.76311
2468564638.49962
2467824081.46634
2467083746.59661
2466343633.82377
2465603743.08118
2464864074.30221
2464124627.42028
2463385402.36879
2462646399.08120
2461907617.49096
2461169057.53155
2460430719.13648
2459692602.23927
2458954706.77346
2458217032.67260
2457479579.87029
2456742348.30011
2456005337.89570
2455268548.59069
2454531980.31875
2453795633.01355
2453059506.60880
2452323601.03821
2451587916.23554
2450852452.13453
2450117208.66898
2449382185.77267
2448647383.37944
2447912801.42312
2447178439.83758
2446444298.55669
2445710377.51436
2444976676.64450
2444243195.88106
2443509935.15800
2442776894.40930
2442044073.56896
2441311472.57100
2440579091.34946
2439846929.83841
2439114987.97192
2438383265.68409
2437651762.90904
2436920479.58092
2436189415.63389
2435458571.00213
2434727945.61983
2433997539.42122
2433267352.34054
2432537384.31205
2431807635.27003
2431078105.14877
2430348793.88261
2429619701.40589
2428890827.65295
2428162172.55819
2427433736.05600
2426705518.08080
2425977518.56704
2425249737.44917
2424522174.66168
2423794830.13907
2423067703.81585
2422340795.62656
2421614105.50578
2420887633.38807
2420161379.20804
2419435342.90031
2418709524.39951
2417983923.64032
2417258540.55740
2416533375.08547
2415808427.15923
2415083696.71344
2414359183.68284
2413634888.00222
2412910809.60639
2412186948.43016
2411463304.40837
2410739877.47588
2410016667.56757
2409293674.61834
2408570898.56312
2407848339.33684
2407125996.87446
2406403871.11096
2405681961.98135
2404960269.42064
2404238793.36387
2403517533.74610
2402796490.50239
2402075663.56708
2401355052.87497
2400634658.36122
2399914479.96104
2399194517.60964
2398474771.24225
2397755240.79413
2397035926.20053
2396316827.39676
2395597944.31812
2394879276.89994
2394160825.07755
2393442588.78632
2392724567.96164
2392006762.53890
2391289172.45352
2390571797.64094
2389854638.03662
2389137693.57603
2388420964.19466
2387704449.82803
2386988150.41166
2386272065.88112
2385556196.17195
2384840541.21976
2384125100.96014
2383409875.32873
2382694864.26115
2381980067.69308
2381265485.56020
2380551117.79819
2379836964.34279
2379123025.12972
2378409300.09474
2377695789.17362
2376982492.30216
2376269409.41616
2375556540.45145
2374843885.34388
2374131444.02933
2373419216.44366
2372707202.52279
2371995402.20264
2371283815.41915
2370572442.10827
2369861282.20599
2369150335.64830
2368439602.37123
2367729082.31079
2367018775.40305
2366308681.58407
2365598800.78995
2364889132.95680
2364179678.02074
2363470435.91791
2362761406.58449
2362052589.95665
2361343985.97060
2360635594.56255
2359927415.66876
2359219449.22546
2358511695.16895
2357804153.43551
2357096823.96147
2356389706.68314
2355682801.53688
2354976108.45907
2354269627.38609
2353563358.25434
2352857301.00026
2352151455.56028
2351445821.87087
2350740399.86851
2350035189.48970
2349330190.67096
2348625403.34882
2347920827.45985
2347216462.94061
2346512309.72771
2345808367.75774
2345104636.96735
2344401117.29318
2343697808.67190
2342994711.04019
2342291824.33477
2341589148.49235
2340886683.44967
2340184429.14350
2339482385.51062
2338780552.48783
2338078930.01194
2337377518.01978
2336676316.44822
2335975325.23412
2335274544.31438
2334573973.62590
2333873613.10562
2333173462.69048
2332473522.31745
2331773791.92352
2331074271.44568
2330374960.82095
2329675859.98639
2328976968.87904
2328278287.43600
2327579815.59434
2326881553.29119
2326183500.46368
2325485657.04896
2324788022.98421
2324090598.20662
2323393382.65339
2322696376.26174
2321999578.96894
2321302990.71223
2320606611.42890
2319910441.05626
2319214479.53162
2318518726.79233
2317823182.77573
2317127847.41922
2316432720.66017
2315737802.43601
2315043092.68416
2314348591.34209
2313654298.34725
2312960213.63713
2312266337.14924
2311572668.82112
2310879208.59029
2310185956.39432
2309492912.17080
2308800075.85732
2308107447.39150
2307415026.71099
2306722813.75343
2306030808.45649
2305339010.75788
2304647420.59530
2303956037.90649
2303264862.62919
2302573894.70117
2301883134.06022
2301192580.64413
2300502234.39075
2299812095.23790
2299122163.12344
2298432437.98527
2297742919.76127
2297053608.38936
2296364503.80748
2295675605.95358
2294986914.76563
2294298430.18163
2293610152.13958
2292922080.57751
2292234215.43348
2291546556.64554
2290859104.15178
2290171857.89031
2289484817.79924
2288797983.81672
2288111355.88090
2287424933.92996
2286738717.90211
2286052707.73554
2285366903.36850
2284681304.73924
2283995911.78604
2283310724.44717
2282625742.66095
2281940966.36570
2281256395.49977
2280572030.00153
2279887869.80935
2279203914.86164
2278520165.09682
2277836620.45332
2277153280.86961
2276470146.28415
2275787216.63545
2275104491.86202
2274421971.90238
2273739656.69510
2273057546.17873
2272375640.29187
2271693938.97312
2271012442.16111
2270331149.79448
2269650061.81189
2268969178.15203
2268288498.75359
2267608023.55529
2266927752.49587
2266247685.51408
2265567822.54870
2264888163.53853
2264208708.42236
2263529457.13904
2262850409.62741
2262171565.82634
2261492925.67471
2260814489.11143
2260136256.07542
2259458226.50563
2258780400.34101
2258102777.52054
2257425357.98323
2256748141.66808
2256071128.51414
2255394318.46045
2254717711.44609
2254041307.41015
2253365106.29175
2252689108.02999
2252013312.56405
2251337719.83307
2250662329.77625
2249987142.33279
2249312157.44190
2248637375.04284
2247962795.07485
2247288417.47722
2246614242.18924
2245940269.15022
2245266498.29950
2244592929.57644
2243919562.92039
2243246398.27076
2242573435.56695
2241900674.74838
2241228115.75450
2240555758.52480
2239883602.99889
2239211649.11627
2238539896.81644
2237868346.03894
2237196996.72331
2236525848.80911
2235854902.23594
2235184156.94338
2234513612.87105
2233843269.95859
2233173128.14566
2232503187.37193
2231833447.57708
2231163908.70083
2230494570.68289
2229825433.46302
2229156496.98097
2228487761.17653
2227819225.98950
2227150891.35968
2226482757.22691
2225814823.53105
2225147090.21196
2224479557.20953
2223812224.46367
2223145091.91431
2222478159.50137
2221811427.16483
2221144894.84465
2220478562.48085
2219812430.01342
2219146497.38240
2218480764.52784
2217815231.38981
2217149897.90840
2216484764.02370
2215819829.67584
2215155094.80496
2214490559.35122
2213826223.25479
2213162086.45586
2212498148.89465
2211834410.51139
2211170871.24632
2210507531.03970
2209844389.83184
2209181447.56301
2208518704.17355
2207856159.60379
2207193813.79409
2206531666.68482
