7.41224e+00
 7.40837e+00
 7.40450e+00
 7.40063e+00
 7.39676e+00
 7.39290e+00
 7.38903e+00
 7.38516e+00
 7.38129e+00
 7.37742e+00
 7.37355e+00
 7.36968e+00
 7.36581e+00
 7.36195e+00
 7.35808e+00
 7.35421e+00
 7.35034e+00
 7.34647e+00
 7.34260e+00
 7.33873e+00
 7.33487e+00
 7.33100e+00
 7.32713e+00
 7.32326e+00
 7.31939e+00
 7.31552e+00
 7.31165e+00
 7.30779e+00
 7.30392e+00
 7.30005e+00
 7.29618e+00
 7.29231e+00
 7.28844e+00
 7.28458e+00
 7.28071e+00
 7.27684e+00
 7.27297e+00
 7.26910e+00
 7.26523e+00
 7.26137e+00
 7.25750e+00
 7.25363e+00
 7.24976e+00
 7.24589e+00
 7.24202e+00
 7.23816e+00
 7.23429e+00
 7.23042e+00
 7.22655e+00
 7.22268e+00
 7.21882e+00
 7.21495e+00
 7.21108e+00
 7.20721e+00
 7.20334e+00
 7.19947e+00
 7.19561e+00
 7.19174e+00
 7.18787e+00
 7.18400e+00
 7.18013e+00
 7.17627e+00
 7.17240e+00
 7.16853e+00
 7.16466e+00
 7.16080e+00
 7.15693e+00
 7.15306e+00
 7.14919e+00
 7.14532e+00
 7.14146e+00
 7.13759e+00
 7.13372e+00
 7.12985e+00
 7.12599e+00
 7.12212e+00
 7.11825e+00
 7.11438e+00
 7.11051e+00
 7.10665e+00
 7.10278e+00
 7.09891e+00
 7.09504e+00
 7.09118e+00
 7.08731e+00
 7.08344e+00
 7.07957e+00
 7.07571e+00
 7.07184e+00
 7.06797e+00
 7.06410e+00
 7.06024e+00
 7.05637e+00
 7.05250e+00
 7.04863e+00
 7.04477e+00
 7.04090e+00
 7.03703e+00
 7.03316e+00
 7.02930e+00
 7.02543e+00
 7.02156e+00
 7.01769e+00
 7.01383e+00
 7.00996e+00
 7.00609e+00
 7.00222e+00
 6.99836e+00
 6.99449e+00
 6.99062e+00
 6.98676e+00
 6.98289e+00
 6.97902e+00
 6.97515e+00
 6.97129e+00
 6.96742e+00
 6.96355e+00
 6.95969e+00
 6.95582e+00
 6.95195e+00
 6.94808e+00
 6.94422e+00
 6.94035e+00
 6.93648e+00
 6.93262e+00
 6.92875e+00
 6.92488e+00
 6.92102e+00
 6.91715e+00
 6.91328e+00
 6.90941e+00
 6.90555e+00
 6.90168e+00
 6.89781e+00
 6.89395e+00
 6.89008e+00
 6.88621e+00
 6.88235e+00
 6.87848e+00
 6.87461e+00
 6.87075e+00
 6.86688e+00
 6.86301e+00
 6.85915e+00
 6.85528e+00
 6.85141e+00
 6.84755e+00
 6.84368e+00
 6.83981e+00
 6.83595e+00
 6.83208e+00
 6.82821e+00
 6.82435e+00
 6.82048e+00
 6.81661e+00
 6.81275e+00
 6.80888e+00
 6.80501e+00
 6.80115e+00
 6.79728e+00
 6.79341e+00
 6.78955e+00
 6.78568e+00
 6.78181e+00
 6.77795e+00
 6.77408e+00
 6.77021e+00
 6.76635e+00
 6.76248e+00
 6.75862e+00
 6.75475e+00
 6.75088e+00
 6.74702e+00
 6.74315e+00
 6.73928e+00
 6.73542e+00
 6.73155e+00
 6.72769e+00
 6.72382e+00
 6.71995e+00
 6.71609e+00
 6.71222e+00
 6.70835e+00
 6.70449e+00
 6.70062e+00
 6.69676e+00
 6.69289e+00
 6.68902e+00
 6.68516e+00
 6.68129e+00
 6.67743e+00
 6.67356e+00
 6.66969e+00
 6.66583e+00
 6.66196e+00
 6.65810e+00
 6.65423e+00
 6.65036e+00
 6.64650e+00
 6.64263e+00
 6.63877e+00
 6.63490e+00
 6.63103e+00
 6.62717e+00
 6.62330e+00
 6.61944e+00
 6.61557e+00
 6.61171e+00
 6.60784e+00
 6.60397e+00
 6.60011e+00
 6.59624e+00
 6.59238e+00
 6.58851e+00
 6.58465e+00
 6.58078e+00
 6.57691e+00
 6.57305e+00
 6.56918e+00
 6.56532e+00
 6.56145e+00
 6.55759e+00
 6.55372e+00
 6.54986e+00
 6.54599e+00
 6.54212e+00
 6.53826e+00
 6.53439e+00
 6.53053e+00
 6.52666e+00
 6.52280e+00
 6.51893e+00
 6.51507e+00
 6.51120e+00
 6.50733e+00
 6.50347e+00
 6.49960e+00
 6.49574e+00
 6.49187e+00
 6.48801e+00
 6.48414e+00
 6.48028e+00
 6.47641e+00
 6.47255e+00
 6.46868e+00
 6.46482e+00
 6.46095e+00
 6.45709e+00
 6.45322e+00
 6.44936e+00
 6.44549e+00
 6.44163e+00
 6.43776e+00
 6.43390e+00
 6.43003e+00
 6.42617e+00
 6.42230e+00
 6.41844e+00
 6.41457e+00
 6.41071e+00
 6.40684e+00
 6.40298e+00
 6.39911e+00
 6.39525e+00
 6.39138e+00
 6.38752e+00
 6.38365e+00
 6.37979e+00
 6.37592e+00
 6.37206e+00
 6.36819e+00
 6.36433e+00
 6.36046e+00
 6.35660e+00
 6.35273e+00
 6.34887e+00
 6.34500e+00
 6.34114e+00
 6.33727e+00
 6.33341e+00
 6.32954e+00
 6.32568e+00
 6.32181e+00
 6.31795e+00
 6.31408e+00
 6.31022e+00
 6.30636e+00
 6.30249e+00
 6.29863e+00
 6.29476e+00
 6.29090e+00
 6.28703e+00
 6.28317e+00
 6.27930e+00
 6.27544e+00
 6.27157e+00
 6.26771e+00
 6.26385e+00
 6.25998e+00
 6.25612e+00
 6.25225e+00
 6.24839e+00
 6.24452e+00
 6.24066e+00
 6.23680e+00
 6.23293e+00
 6.22907e+00
 6.22520e+00
 6.22134e+00
 6.21747e+00
 6.21361e+00
 6.20975e+00
 6.20588e+00
 6.20202e+00
 6.19815e+00
 6.19429e+00
 6.19042e+00
 6.18656e+00
 6.18270e+00
 6.17883e+00
 6.17497e+00
 6.17110e+00
 6.16724e+00
 6.16338e+00
 6.15951e+00
 6.15565e+00
 6.15178e+00
 6.14792e+00
 6.14406e+00
 6.14019e+00
 6.13633e+00
 6.13246e+00
 6.12860e+00
 6.12474e+00
 6.12087e+00
 6.11701e+00
 6.11314e+00
 6.10928e+00
 6.10542e+00
 6.10155e+00
 6.09769e+00
 6.09382e+00
 6.08996e+00
 6.08610e+00
 6.08223e+00
 6.07837e+00
 6.07451e+00
 6.07064e+00
 6.06678e+00
 6.06292e+00
 6.05905e+00
 6.05519e+00
 6.05132e+00
 6.04746e+00
 6.04360e+00
 6.03973e+00
 6.03587e+00
 6.03201e+00
 6.02814e+00
 6.02428e+00
 6.02042e+00
 6.01655e+00
 6.01269e+00
 6.00883e+00
 6.00496e+00
 6.00110e+00
 5.99723e+00
 5.99337e+00
 5.98951e+00
 5.98564e+00
 5.98178e+00
 5.97792e+00
 5.97405e+00
 5.97019e+00
 5.96633e+00
 5.96246e+00
 5.95860e+00
 5.95474e+00
 5.95087e+00
 5.94701e+00
 5.94315e+00
 5.93929e+00
 5.93542e+00
 5.93156e+00
 5.92770e+00
 5.92383e+00
 5.91997e+00
 5.91611e+00
 5.91224e+00
 5.90838e+00
 5.90452e+00
 5.90065e+00
 5.89679e+00
 5.89293e+00
 5.88907e+00
 5.88520e+00
 5.88134e+00
 5.87748e+00
 5.87361e+00
 5.86975e+00
 5.86589e+00
 5.86202e+00
 5.85816e+00
 5.85430e+00
 5.85044e+00
 5.84657e+00
 5.84271e+00
 5.83885e+00
 5.83498e+00
 5.83112e+00
 5.82726e+00
 5.82340e+00
 5.81953e+00
 5.81567e+00
 5.81181e+00
 5.80795e+00
 5.80408e+00
 5.80022e+00
 5.79636e+00
 5.79249e+00
 5.78863e+00
 5.78477e+00
 5.78091e+00
 5.77704e+00
 5.77318e+00
 5.76932e+00
 5.76546e+00
 5.76159e+00
 5.75773e+00
 5.75387e+00
 5.75001e+00
 5.74614e+00
 5.74228e+00
 5.73842e+00
 5.73456e+00
 5.73069e+00
 5.72683e+00
 5.72297e+00
 5.71911e+00
 5.71525e+00
 5.71138e+00
 5.70752e+00
 5.70366e+00
 5.69980e+00
 5.69593e+00
 5.69207e+00
 5.68821e+00
 5.68435e+00
 5.68048e+00
 5.67662e+00
 5.67276e+00
 5.66890e+00
 5.66504e+00
 5.66117e+00
 5.65731e+00
 5.65345e+00
 5.64959e+00
 5.64573e+00
 5.64186e+00
 5.63800e+00
 5.63414e+00
 5.63028e+00
 5.62642e+00
 5.62255e+00
 5.61869e+00
 5.61483e+00
 5.61097e+00
 5.60711e+00
 5.60324e+00
 5.59938e+00
 5.59552e+00
 5.59166e+00
 5.58780e+00
 5.58393e+00
 5.58007e+00
 5.57621e+00
 5.57235e+00
 5.56849e+00
 5.56463e+00
 5.56076e+00
 5.55690e+00
 5.55304e+00
 5.54918e+00
 5.54532e+00
 5.54146e+00
 5.53759e+00
 5.53373e+00
 5.52987e+00
 5.52601e+00
 5.52215e+00
 5.51829e+00
 5.51442e+00
 5.51056e+00
 5.50670e+00
 5.50284e+00
 5.49898e+00
 5.49512e+00
 5.49125e+00
 5.48739e+00
 5.48353e+00
 5.47967e+00
 5.47581e+00
 5.47195e+00
 5.46809e+00
 5.46422e+00
 5.46036e+00
 5.45650e+00
 5.45264e+00
 5.44878e+00
 5.44492e+00
 5.44106e+00
 5.43720e+00
 5.43333e+00
 5.42947e+00
 5.42561e+00
 5.42175e+00
 5.41789e+00
 5.41403e+00
 5.41017e+00
 5.40631e+00
 5.40244e+00
 5.39858e+00
 5.39472e+00
 5.39086e+00
 5.38700e+00
 5.38314e+00
 5.37928e+00
 5.37542e+00
 5.37156e+00
 5.36770e+00
 5.36383e+00
 5.35997e+00
 5.35611e+00
 5.35225e+00
 5.34839e+00
 5.34453e+00
 5.34067e+00
 5.33681e+00
 5.33295e+00
 5.32909e+00
 5.32523e+00
 5.32136e+00
 5.31750e+00
 5.31364e+00
 5.30978e+00
 5.30592e+00
 5.30206e+00
 5.29820e+00
 5.29434e+00
 5.29048e+00
 5.28662e+00
 5.28276e+00
 5.27890e+00
 5.27504e+00
 5.27117e+00
 5.26731e+00
 5.26345e+00
 5.25959e+00
 5.25573e+00
 5.25187e+00
 5.24801e+00
 5.24415e+00
 5.24029e+00
 5.23643e+00
 5.23257e+00
 5.22871e+00
 5.22485e+00
 5.22099e+00
 5.21713e+00
 5.21327e+00
 5.20941e+00
 5.20555e+00
 5.20169e+00
 5.19783e+00
 5.19397e+00
 5.19010e+00
 5.18624e+00
 5.18238e+00
 5.17852e+00
 5.17466e+00
 5.17080e+00
 5.16694e+00
 5.16308e+00
 5.15922e+00
 5.15536e+00
 5.15150e+00
 5.14764e+00
 5.14378e+00
 5.13992e+00
 5.13606e+00
 5.13220e+00
 5.12834e+00
 5.12448e+00
 5.12062e+00
 5.11676e+00
 5.11290e+00
 5.10904e+00
 5.10518e+00
 5.10132e+00
 5.09746e+00
 5.09360e+00
 5.08974e+00
 5.08588e+00
 5.08202e+00
 5.07816e+00
 5.07430e+00
 5.07044e+00
 5.06658e+00
 5.06272e+00
 5.05886e+00
 5.05500e+00
 5.05114e+00
 5.04728e+00
 5.04342e+00
 5.03956e+00
 5.03570e+00
 5.03184e+00
 5.02798e+00
 5.02413e+00
 5.02027e+00
 5.01641e+00
 5.01255e+00
 5.00869e+00
 5.00483e+00
 5.00097e+00
 4.99711e+00
 4.99325e+00
 4.98939e+00
 4.98553e+00
 4.98167e+00
 4.97781e+00
 4.97395e+00
 4.97009e+00
 4.96623e+00
 4.96237e+00
 4.95851e+00
 4.95465e+00
 4.95079e+00
 4.94693e+00
 4.94308e+00
 4.93922e+00
 4.93536e+00
 4.93150e+00
 4.92764e+00
 4.92378e+00
 4.91992e+00
 4.91606e+00
 4.91220e+00
 4.90834e+00
 4.90448e+00
 4.90062e+00
 4.89676e+00
 4.89290e+00
 4.88905e+00
 4.88519e+00
 4.88133e+00
 4.87747e+00
 4.87361e+00
 4.86975e+00
 4.86589e+00
 4.86203e+00
 4.85817e+00
 4.85431e+00
 4.85045e+00
 4.84660e+00
 4.84274e+00
 4.83888e+00
 4.83502e+00
 4.83116e+00
 4.82730e+00
 4.82344e+00
 4.81958e+00
 4.81572e+00
 4.81187e+00
 4.80801e+00
 4.80415e+00
 4.80029e+00
 4.79643e+00
 4.79257e+00
 4.78871e+00
 4.78485e+00
 4.78099e+00
 4.77714e+00
 4.77328e+00
 4.76942e+00
 4.76556e+00
 4.76170e+00
 4.75784e+00
 4.75398e+00
 4.75013e+00
 4.74627e+00
 4.74241e+00
 4.73855e+00
 4.73469e+00
 4.73083e+00
 4.72697e+00
 4.72312e+00
 4.71926e+00
 4.71540e+00
 4.71154e+00
 4.70768e+00
 4.70382e+00
 4.69996e+00
 4.69611e+00
 4.69225e+00
 4.68839e+00
 4.68453e+00
 4.68067e+00
 4.67681e+00
 4.67296e+00
 4.66910e+00
 4.66524e+00
 4.66138e+00
 4.65752e+00
 4.65366e+00
 4.64981e+00
 4.64595e+00
 4.64209e+00
 4.63823e+00
 4.63437e+00
 4.63051e+00
 4.62666e+00
 4.62280e+00
 4.61894e+00
 4.61508e+00
 4.61122e+00
 4.60737e+00
 4.60351e+00
 4.59965e+00
 4.59579e+00
 4.59193e+00
 4.58808e+00
 4.58422e+00
 4.58036e+00
 4.57650e+00
 4.57264e+00
 4.56879e+00
 4.56493e+00
 4.56107e+00
 4.55721e+00
 4.55335e+00
 4.54950e+00
 4.54564e+00
 4.54178e+00
 4.53792e+00
 4.53407e+00
 4.53021e+00
 4.52635e+00
 4.52249e+00
 4.51863e+00
 4.51478e+00
 4.51092e+00
 4.50706e+00
 4.50320e+00
 4.49935e+00
 4.49549e+00
 4.49163e+00
 4.48777e+00
 4.48392e+00
 4.48006e+00
 4.47620e+00
 4.47234e+00
 4.46848e+00
 4.46463e+00
 4.46077e+00
 4.45691e+00
 4.45305e+00
 4.44920e+00
 4.44534e+00
 4.44148e+00
 4.43763e+00
 4.43377e+00
 4.42991e+00
 4.42605e+00
 4.42220e+00
 4.41834e+00
 4.41448e+00
 4.41062e+00
 4.40677e+00
 4.40291e+00
 4.39905e+00
 4.39519e+00
 4.39134e+00
 4.38748e+00
 4.38362e+00
 4.37977e+00
 4.37591e+00
 4.37205e+00
 4.36819e+00
 4.36434e+00
 4.36048e+00
 4.35662e+00
 4.35277e+00
 4.34891e+00
 4.34505e+00
 4.34119e+00
 4.33734e+00
 4.33348e+00
 4.32962e+00
 4.32577e+00
 4.32191e+00
 4.31805e+00
 4.31419e+00
 4.31034e+00
 4.30648e+00
 4.30262e+00
 4.29877e+00
 4.29491e+00
 4.29105e+00
 4.28720e+00
 4.28334e+00
 4.27948e+00
 4.27563e+00
 4.27177e+00
 4.26791e+00
 4.26406e+00
 4.26020e+00
 4.25634e+00
 4.25249e+00
 4.24863e+00
 4.24477e+00
 4.24092e+00
 4.23706e+00
 4.23320e+00
 4.22935e+00
 4.22549e+00
 4.22163e+00
 4.21778e+00
 4.21392e+00
 4.21006e+00
 4.20621e+00
 4.20235e+00
 4.19849e+00
 4.19464e+00
 4.19078e+00
 4.18692e+00
 4.18307e+00
 4.17921e+00
 4.17535e+00
 4.17150e+00
 4.16764e+00
 4.16379e+00
 4.15993e+00
 4.15607e+00
 4.15222e+00
 4.14836e+00
 4.14450e+00
 4.14065e+00
 4.13679e+00
 4.13293e+00
 4.12908e+00
 4.12522e+00
 4.12137e+00
 4.11751e+00
 4.11365e+00
 4.10980e+00
 4.10594e+00
 4.10209e+00
 4.09823e+00
 4.09437e+00
 4.09052e+00
 4.08666e+00
 4.08280e+00
 4.07895e+00
 4.07509e+00
 4.07124e+00
 4.06738e+00
 4.06352e+00
 4.05967e+00
 4.05581e+00
 4.05196e+00
 4.04810e+00
 4.04424e+00
 4.04039e+00
 4.03653e+00
 4.03268e+00
 4.02882e+00
 4.02497e+00
 4.02111e+00
 4.01725e+00
 4.01340e+00
 4.00954e+00
 4.00569e+00
 4.00183e+00
 3.99797e+00
 3.99412e+00
 3.99026e+00
 3.98641e+00
 3.98255e+00
 3.97870e+00
 3.97484e+00
 3.97098e+00
 3.96713e+00
 3.96327e+00
 3.95942e+00
 3.95556e+00
 3.95171e+00
 3.94785e+00
 3.94400e+00
 3.94014e+00
 3.93628e+00
 3.93243e+00
 3.92857e+00
 3.92472e+00
 3.92086e+00
 3.91701e+00
 3.91315e+00
 3.90930e+00
 3.90544e+00
 3.90159e+00
 3.89773e+00
 3.89388e+00
 3.89002e+00
 3.88616e+00
 3.88231e+00
 3.87845e+00
 3.87460e+00
 3.87074e+00
 3.86689e+00
 3.86303e+00
 3.85918e+00
 3.85532e+00
 3.85147e+00
 3.84761e+00
 3.84376e+00
 3.83990e+00
 3.83605e+00
 3.83219e+00
 3.82834e+00
 3.82448e+00
 3.82063e+00
 3.81677e+00
 3.81292e+00
 3.80906e+00
 3.80521e+00
 3.80135e+00
 3.79750e+00
 3.79364e+00
 3.78979e+00
 3.78593e+00
 3.78208e+00
 3.77822e+00
 3.77437e+00
 3.77051e+00
 3.76666e+00
 3.76280e+00
 3.75895e+00
 3.75509e+00
 3.75124e+00
 3.74738e+00
 3.74353e+00
 3.73967e+00
 3.73582e+00
 3.73196e+00
 3.72811e+00
 3.72425e+00
 3.72040e+00
 3.71655e+00
 3.71269e+00
 3.70884e+00
 3.70498e+00
 3.70113e+00
 3.69727e+00
 3.69342e+00
 3.68956e+00
 3.68571e+00
 3.68185e+00
 3.67800e+00
 3.67414e+00
 3.67029e+00
 3.66644e+00
 3.66258e+00
 3.65873e+00
 3.65487e+00
 3.65102e+00
 3.64716e+00
 3.64331e+00
 3.63946e+00
 3.63560e+00
 3.63175e+00
 3.62789e+00
 3.62404e+00
 3.62018e+00
 3.61633e+00
 3.61247e+00
 3.60862e+00
 3.60477e+00
 3.60091e+00
 3.59706e+00
 3.59320e+00
 3.58935e+00
 3.58550e+00
 3.58164e+00
 3.57779e+00
 3.57393e+00
 3.57008e+00
 3.56622e+00
 3.56237e+00
 3.55852e+00
 3.55466e+00
 3.55081e+00
 3.54695e+00
 3.54310e+00
 3.53925e+00
 3.53539e+00
 3.53154e+00
 3.52768e+00
 3.52383e+00
 3.51998e+00
 3.51612e+00
 3.51227e+00
 3.50842e+00
 3.50456e+00
 3.50071e+00
 3.49685e+00
 3.49300e+00
 3.48915e+00
 3.48529e+00
 3.48144e+00
 3.47758e+00
 3.47373e+00
 3.46988e+00
 3.46602e+00
 3.46217e+00
 3.45832e+00
 3.45446e+00
 3.45061e+00
 3.44676e+00
 3.44290e+00
 3.43905e+00
 3.43519e+00
 3.43134e+00
 3.42749e+00
 3.42363e+00
 3.41978e+00
 3.41593e+00
 3.41207e+00
 3.40822e+00
 3.40437e+00
 3.40051e+00
 3.39666e+00
 3.39281e+00
 3.38895e+00
 3.38510e+00
 3.38125e+00
 3.37739e+00
 3.37354e+00
 3.36969e+00
 3.36583e+00
 3.36198e+00
 3.35813e+00
 3.35427e+00
 3.35042e+00
 3.34657e+00
 3.34271e+00
 3.33886e+00
 3.33501e+00
 3.33115e+00
 3.32730e+00
 3.32345e+00
 3.31959e+00
 3.31574e+00
 3.31189e+00
 3.30803e+00
 3.30418e+00
 3.30033e+00
 3.29648e+00
 3.29262e+00
 3.28877e+00
 3.28492e+00
 3.28106e+00
 3.27721e+00
 3.27336e+00
 3.26950e+00
 3.26565e+00
 3.26180e+00
 3.25795e+00
 3.25409e+00
 3.25024e+00
 3.24639e+00
 3.24253e+00
 3.23868e+00
 3.23483e+00
 3.23098e+00
 3.22712e+00
 3.22327e+00
 3.21942e+00
 3.21556e+00
 3.21171e+00
 3.20786e+00
 3.20401e+00
 3.20015e+00
 3.19630e+00
 3.19245e+00
 3.18860e+00
 3.18474e+00
 3.18089e+00
 3.17704e+00
 3.17319e+00
 3.16933e+00
 3.16548e+00
 3.16163e+00
 3.15778e+00
 3.15392e+00
 3.15007e+00
 3.14622e+00
 3.14237e+00
 3.13851e+00
 3.13466e+00
 3.13081e+00
 3.12696e+00
 3.12310e+00
 3.11925e+00
 3.11540e+00
 3.11155e+00
 3.10769e+00
 3.10384e+00
 3.09999e+00
 3.09614e+00
 3.09229e+00
 3.08843e+00
 3.08458e+00
 3.08073e+00
 3.07688e+00
 3.07302e+00
 3.06917e+00
 3.06532e+00
 3.06147e+00
 3.05762e+00
 3.05376e+00
 3.04991e+00
 3.04606e+00
 3.04221e+00
 3.03835e+00
 3.03450e+00
 3.03065e+00
 3.02680e+00
 3.02295e+00
 3.01909e+00
 3.01524e+00
 3.01139e+00
 3.00754e+00
 3.00369e+00
 2.99984e+00
 2.99598e+00
 2.99213e+00
 2.98828e+00
 2.98443e+00
 2.98058e+00
 2.97672e+00
 2.97287e+00
 2.96902e+00
 2.96517e+00
 2.96132e+00
 2.95747e+00
 2.95361e+00
 2.94976e+00
 2.94591e+00
 2.94206e+00
 2.93821e+00
 2.93435e+00
 2.93050e+00
 2.92665e+00
 2.92280e+00
 2.91895e+00
 2.91510e+00
 2.91125e+00
 2.90739e+00
 2.90354e+00
 2.89969e+00
 2.89584e+00
 2.89199e+00
 2.88814e+00
 2.88428e+00
 2.88043e+00
 2.87658e+00
 2.87273e+00
 2.86888e+00
 2.86503e+00
 2.86118e+00
 2.85732e+00
 2.85347e+00
 2.84962e+00
 2.84577e+00
 2.84192e+00
 2.83807e+00
 2.83422e+00
 2.83037e+00
 2.82651e+00
 2.82266e+00
 2.81881e+00
 2.81496e+00
 2.81111e+00
 2.80726e+00
 2.80341e+00
 2.79956e+00
 2.79570e+00
 2.79185e+00
 2.78800e+00
 2.78415e+00
 2.78030e+00
 2.77645e+00
 2.77260e+00
 2.76875e+00
 2.76490e+00
 2.76105e+00
 2.75719e+00
 2.75334e+00
 2.74949e+00
 2.74564e+00
 2.74179e+00
 2.73794e+00
 2.73409e+00
 2.73024e+00
 2.72639e+00
 2.72254e+00
 2.71869e+00
 2.71483e+00
 2.71098e+00
 2.70713e+00
 2.70328e+00
 2.69943e+00
 2.69558e+00
 2.69173e+00
 2.68788e+00
 2.68403e+00
 2.68018e+00
 2.67633e+00
 2.67248e+00
 2.66863e+00
 2.66478e+00
 2.66092e+00
 2.65707e+00
 2.65322e+00
 2.64937e+00
 2.64552e+00
 2.64167e+00
 2.63782e+00
 2.63397e+00
 2.63012e+00
 2.62627e+00
 2.62242e+00
 2.61857e+00
 2.61472e+00
 2.61087e+00
 2.60702e+00
 2.60317e+00
 2.59932e+00
 2.59547e+00
 2.59162e+00
 2.58777e+00
 2.58392e+00
 2.58007e+00
 2.57622e+00
 2.57236e+00
 2.56851e+00
 2.56466e+00
 2.56081e+00
 2.55696e+00
 2.55311e+00
 2.54926e+00
 2.54541e+00
 2.54156e+00
 2.53771e+00
 2.53386e+00
 2.53001e+00
 2.52616e+00
 2.52231e+00
 2.51846e+00
 2.51461e+00
 2.51076e+00
 2.50691e+00
 2.50306e+00
 2.49921e+00
 2.49536e+00
 2.49151e+00
 2.48766e+00
 2.48381e+00
 2.47996e+00
 2.47611e+00
 2.47226e+00
 2.46841e+00
 2.46456e+00
 2.46071e+00
 2.45686e+00
 2.45301e+00
 2.44916e+00
 2.44531e+00
 2.44146e+00
 2.43761e+00
 2.43376e+00
 2.42992e+00
 2.42607e+00
 2.42222e+00
 2.41837e+00
 2.41452e+00
 2.41067e+00
 2.40682e+00
 2.40297e+00
 2.39912e+00
 2.39527e+00
 2.39142e+00
 2.38757e+00
 2.38372e+00
 2.37987e+00
 2.37602e+00
 2.37217e+00
 2.36832e+00
 2.36447e+00
 2.36062e+00
 2.35677e+00
 2.35292e+00
 2.34907e+00
 2.34523e+00
 2.34138e+00
 2.33753e+00
 2.33368e+00
 2.32983e+00
 2.32598e+00
 2.32213e+00
 2.31828e+00
 2.31443e+00
 2.31058e+00
 2.30673e+00
 2.30288e+00
 2.29903e+00
 2.29518e+00
 2.29134e+00
 2.28749e+00
 2.28364e+00
 2.27979e+00
 2.27594e+00
 2.27209e+00
 2.26824e+00
 2.26439e+00
 2.26054e+00
 2.25669e+00
 2.25284e+00
 2.24899e+00
 2.24515e+00
 2.24130e+00
 2.23745e+00
 2.23360e+00
 2.22975e+00
 2.22590e+00
 2.22205e+00
 2.21820e+00
 2.21435e+00
 2.21051e+00
 2.20666e+00
 2.20281e+00
 2.19896e+00
 2.19511e+00
 2.19126e+00
 2.18741e+00
 2.18356e+00
 2.17971e+00
 2.17587e+00
 2.17202e+00
 2.16817e+00
 2.16432e+00
 2.16047e+00
 2.15662e+00
 2.15277e+00
 2.14893e+00
 2.14508e+00
 2.14123e+00
 2.13738e+00
 2.13353e+00
 2.12968e+00
 2.12583e+00
 2.12199e+00
 2.11814e+00
 2.11429e+00
 2.11044e+00
 2.10659e+00
 2.10274e+00
 2.09889e+00
 2.09505e+00
 2.09120e+00
 2.08735e+00
 2.08350e+00
 2.07965e+00
 2.07580e+00
 2.07196e+00
 2.06811e+00
 2.06426e+00
 2.06041e+00
 2.05656e+00
 2.05271e+00
 2.04887e+00
 2.04502e+00
 2.04117e+00
 2.03732e+00
 2.03347e+00
 2.02962e+00
 2.02578e+00
 2.02193e+00
 2.01808e+00
 2.01423e+00
 2.01038e+00
 2.00654e+00
 2.00269e+00
 1.99884e+00
 1.99499e+00
 1.99114e+00
 1.98730e+00
 1.98345e+00
 1.97960e+00
 1.97575e+00
 1.97190e+00
 1.96806e+00
 1.96421e+00
 1.96036e+00
 1.95651e+00
 1.95266e+00
 1.94882e+00
 1.94497e+00
 1.94112e+00
 1.93727e+00
 1.93342e+00
 1.92958e+00
 1.92573e+00
 1.92188e+00
 1.91803e+00
 1.91419e+00
 1.91034e+00
 1.90649e+00
 1.90264e+00
 1.89880e+00
 1.89495e+00
 1.89110e+00
 1.88725e+00
 1.88340e+00
 1.87956e+00
 1.87571e+00
 1.87186e+00
 1.86801e+00
 1.86417e+00
 1.86032e+00
 1.85647e+00
 1.85262e+00
 1.84878e+00
 1.84493e+00
 1.84108e+00
 1.83723e+00
 1.83339e+00
 1.82954e+00
 1.82569e+00
 1.82184e+00
 1.81800e+00
 1.81415e+00
 1.81030e+00
 1.80646e+00
 1.80261e+00
 1.79876e+00
 1.79491e+00
 1.79107e+00
 1.78722e+00
 1.78337e+00
 1.77952e+00
 1.77568e+00
 1.77183e+00
 1.76798e+00
 1.76414e+00
 1.76029e+00
 1.75644e+00
 1.75259e+00
 1.74875e+00
 1.74490e+00
 1.74105e+00
 1.73721e+00
 1.73336e+00
 1.72951e+00
 1.72566e+00
 1.72182e+00
 1.71797e+00
 1.71412e+00
 1.71028e+00
 1.70643e+00
 1.70258e+00
 1.69874e+00
 1.69489e+00
 1.69104e+00
 1.68720e+00
 1.68335e+00
 1.67950e+00
 1.67565e+00
 1.67181e+00
 1.66796e+00
 1.66411e+00
 1.66027e+00
 1.65642e+00
 1.65257e+00
 1.64873e+00
 1.64488e+00
 1.64103e+00
 1.63719e+00
 1.63334e+00
 1.62949e+00
 1.62565e+00
 1.62180e+00
 1.61795e+00
 1.61411e+00
 1.61026e+00
 1.60641e+00
 1.60257e+00
 1.59872e+00
 1.59487e+00
 1.59103e+00
 1.58718e+00
 1.58334e+00
 1.57949e+00
 1.57564e+00
 1.57180e+00
 1.56795e+00
 1.56410e+00
 1.56026e+00
 1.55641e+00
 1.55256e+00
 1.54872e+00
 1.54487e+00
 1.54103e+00
 1.53718e+00
 1.53333e+00
 1.52949e+00
 1.52564e+00
 1.52179e+00
 1.51795e+00
 1.51410e+00
 1.51026e+00
 1.50641e+00
 1.50256e+00
 1.49872e+00
 1.49487e+00
 1.49102e+00
 1.48718e+00
 1.48333e+00
 1.47949e+00
 1.47564e+00
 1.47179e+00
 1.46795e+00
 1.46410e+00
 1.46026e+00
 1.45641e+00
 1.45256e+00
 1.44872e+00
 1.44487e+00
 1.44103e+00
 1.43718e+00
 1.43333e+00
 1.42949e+00
 1.42564e+00
 1.42180e+00
 1.41795e+00
 1.41411e+00
 1.41026e+00
 1.40641e+00
 1.40257e+00
 1.39872e+00
 1.39488e+00
 1.39103e+00
 1.38718e+00
 1.38334e+00
 1.37949e+00
 1.37565e+00
 1.37180e+00
 1.36796e+00
 1.36411e+00
 1.36027e+00
 1.35642e+00
 1.35257e+00
 1.34873e+00
 1.34488e+00
 1.34104e+00
 1.33719e+00
 1.33335e+00
 1.32950e+00
 1.32566e+00
 1.32181e+00
 1.31796e+00
 1.31412e+00
 1.31027e+00
 1.30643e+00
 1.30258e+00
 1.29874e+00
 1.29489e+00
 1.29105e+00
 1.28720e+00
 1.28336e+00
 1.27951e+00
 1.27567e+00
 1.27182e+00
 1.26797e+00
 1.26413e+00
 1.26028e+00
 1.25644e+00
 1.25259e+00
 1.24875e+00
 1.24490e+00
 1.24106e+00
 1.23721e+00
 1.23337e+00
 1.22952e+00
 1.22568e+00
 1.22183e+00
 1.21799e+00
 1.21414e+00
 1.21030e+00
 1.20645e+00
 1.20261e+00
 1.19876e+00
 1.19492e+00
 1.19107e+00
 1.18723e+00
 1.18338e+00
 1.17954e+00
 1.17569e+00
 1.17185e+00
 1.16800e+00
 1.16416e+00
 1.16031e+00
 1.15647e+00
 1.15262e+00
 1.14878e+00
 1.14493e+00
 1.14109e+00
 1.13724e+00
 1.13340e+00
 1.12956e+00
 1.12571e+00
 1.12187e+00
 1.11802e+00
 1.11418e+00
 1.11033e+00
 1.10649e+00
 1.10264e+00
 1.09880e+00
 1.09495e+00
 1.09111e+00
 1.08726e+00
 1.08342e+00
 1.07958e+00
 1.07573e+00
 1.07189e+00
 1.06804e+00
 1.06420e+00
 1.06035e+00
 1.05651e+00
 1.05266e+00
 1.04882e+00
 1.04498e+00
 1.04113e+00
 1.03729e+00
 1.03344e+00
 1.02960e+00
 1.02575e+00
 1.02191e+00
 1.01806e+00
 1.01422e+00
 1.01038e+00
 1.00653e+00
 1.00269e+00
 9.98843e-01
 9.94999e-01
 9.91155e-01
 9.87311e-01
 9.83467e-01
 9.79622e-01
 9.75778e-01
 9.71934e-01
 9.68090e-01
 9.64246e-01
 9.60402e-01
 9.56558e-01
 9.52714e-01
 9.48870e-01
 9.45026e-01
 9.41182e-01
 9.37338e-01
 9.33494e-01
 9.29650e-01
 9.25806e-01
 9.21962e-01
 9.18118e-01
 9.14274e-01
 9.10430e-01
 9.06586e-01
 9.02742e-01
 8.98899e-01
 8.95055e-01
 8.91211e-01
 8.87367e-01
 8.83523e-01
 8.79680e-01
 8.75836e-01
 8.71992e-01
 8.68148e-01
 8.64305e-01
 8.60461e-01
 8.56617e-01
 8.52774e-01
 8.48930e-01
 8.45086e-01
 8.41243e-01
 8.37399e-01
 8.33555e-01
 8.29712e-01
 8.25868e-01
 8.22025e-01
 8.18181e-01
 8.14338e-01
 8.10494e-01
 8.06651e-01
 8.02807e-01
 7.98964e-01
 7.95120e-01
 7.91277e-01
 7.87434e-01
 7.83590e-01
 7.79747e-01
 7.75903e-01
 7.72060e-01
 7.68217e-01
 7.64373e-01
 7.60530e-01
 7.56687e-01
 7.52843e-01
 7.49000e-01
 7.45157e-01
 7.41314e-01
 7.37470e-01
 7.33627e-01
 7.29784e-01
 7.25941e-01
 7.22098e-01
 7.18255e-01
 7.14411e-01
 7.10568e-01
 7.06725e-01
 7.02882e-01
 6.99039e-01
 6.95196e-01
 6.91353e-01
 6.87510e-01
 6.83667e-01
 6.79824e-01
 6.75981e-01
 6.72138e-01
 6.68295e-01
 6.64452e-01
 6.60609e-01
 6.56766e-01
 6.52923e-01
 6.49080e-01
 6.45238e-01
 6.41395e-01
 6.37552e-01
 6.33709e-01
 6.29866e-01
 6.26023e-01
 6.22181e-01
 6.18338e-01
 6.14495e-01
 6.10652e-01
 6.06810e-01
 6.02967e-01
 5.99124e-01
 5.95282e-01
 5.91439e-01
 5.87596e-01
 5.83754e-01
 5.79911e-01
 5.76068e-01
 5.72226e-01
 5.68383e-01
 5.64541e-01
 5.60698e-01
 5.56856e-01
 5.53013e-01
 5.49171e-01
 5.45328e-01
 5.41486e-01
 5.37643e-01
 5.33801e-01
 5.29958e-01
 5.26116e-01
 5.22274e-01
 5.18431e-01
 5.14589e-01
 5.10746e-01
 5.06904e-01
 5.03062e-01
 4.99219e-01
 4.95377e-01
 4.91535e-01
 4.87693e-01
 4.83850e-01
 4.80008e-01
 4.76166e-01
 4.72324e-01
 4.68482e-01
 4.64639e-01
 4.60797e-01
 4.56955e-01
 4.53113e-01
 4.49271e-01
 4.45429e-01
 4.41587e-01
 4.37745e-01
 4.33902e-01
 4.30060e-01
 4.26218e-01
 4.22376e-01
 4.18534e-01
 4.14692e-01
 4.10850e-01
 4.07008e-01
 4.03167e-01
 3.99325e-01
 3.95483e-01
 3.91641e-01
 3.87799e-01
 3.83957e-01
 3.80115e-01
 3.76273e-01
 3.72432e-01
 3.68590e-01
 3.64748e-01
 3.60906e-01
 3.57064e-01
 3.53223e-01
 3.49381e-01
 3.45539e-01
 3.41698e-01
 3.37856e-01
 3.34014e-01
 3.30173e-01
 3.26331e-01
 3.22489e-01
 3.18648e-01
 3.14806e-01
 3.10964e-01
 3.07123e-01
 3.03281e-01
 2.99440e-01
 2.95598e-01
 2.91757e-01
 2.87915e-01
 2.84074e-01
 2.80232e-01
 2.76391e-01
 2.72549e-01
 2.68708e-01
 2.64867e-01
 2.61025e-01
 2.57184e-01
 2.53342e-01
 2.49501e-01
 2.45660e-01
 2.41818e-01
 2.37977e-01
 2.34136e-01
 2.30295e-01
 2.26453e-01
 2.22612e-01
 2.18771e-01
 2.14930e-01
 2.11088e-01
 2.07247e-01
 2.03406e-01
 1.99565e-01
 1.95724e-01
 1.91883e-01
 1.88042e-01
 1.84200e-01
 1.80359e-01
 1.76518e-01
 1.72677e-01
 1.68836e-01
 1.64995e-01
 1.61154e-01
 1.57313e-01
 1.53472e-01
 1.49631e-01
 1.45790e-01
 1.41949e-01
 1.38108e-01
 1.34267e-01
 1.30427e-01
 1.26586e-01
 1.22745e-01
 1.18904e-01
 1.15063e-01
 1.11222e-01
 1.07382e-01
 1.03541e-01
 9.97000e-02
 9.58592e-02
 9.20185e-02
 8.81777e-02
 8.43370e-02
 8.04963e-02
 7.66556e-02
 7.28150e-02
 6.89743e-02
 6.51337e-02
 6.12930e-02
 5.74524e-02
 5.36118e-02
 4.97712e-02
 4.59307e-02
 4.20901e-02
 3.82496e-02
 3.44090e-02
 3.05685e-02
 2.67280e-02
 2.28876e-02
 1.90471e-02
 1.52066e-02
 1.13662e-02
 7.52578e-03
 3.68537e-03
 -1.55024e-04
 -3.99540e-03
 -7.83576e-03
 -1.16761e-02
 -1.55164e-02
 -1.93568e-02
 -2.31971e-02
 -2.70374e-02
 -3.08776e-02
 -3.47179e-02
 -3.85581e-02
 -4.23984e-02
 -4.62386e-02
 -5.00788e-02
 -5.39190e-02
 -5.77591e-02
 -6.15993e-02
 -6.54394e-02
 -6.92796e-02
 -7.31197e-02
 -7.69598e-02
 -8.07999e-02
 -8.46399e-02
 -8.84800e-02
 -9.23200e-02
 -9.61600e-02
 -1.00000e-01
 -1.03840e-01
 -1.07680e-01
 -1.11520e-01
 -1.15360e-01
 -1.19200e-01
 -1.23040e-01
 -1.26880e-01
 -1.30720e-01
 -1.34559e-01
 -1.38399e-01
 -1.42239e-01
 -1.46079e-01
 -1.49919e-01
 -1.53759e-01
 -1.57598e-01
 -1.61438e-01
 -1.65278e-01
 -1.69118e-01
 -1.72957e-01
 -1.76797e-01
 -1.80637e-01
 -1.84477e-01
 -1.88316e-01
 -1.92156e-01
 -1.95995e-01
 -1.99835e-01
 -2.03675e-01
 -2.07514e-01
 -2.11354e-01
 -2.15193e-01
 -2.19033e-01
 -2.22873e-01
 -2.26712e-01
 -2.30552e-01
 -2.34391e-01
 -2.38231e-01
 -2.42070e-01
 -2.45909e-01
 -2.49749e-01
 -2.53588e-01
 -2.57428e-01
 -2.61267e-01
 -2.65106e-01
 -2.68946e-01
 -2.72785e-01
 -2.76624e-01
 -2.80464e-01
 -2.84303e-01
 -2.88142e-01
 -2.91982e-01
 -2.95821e-01
 -2.99660e-01
 -3.03499e-01
 -3.07339e-01
 -3.11178e-01
 -3.15017e-01
 -3.18856e-01
 -3.22695e-01
 -3.26534e-01
 -3.30374e-01
 -3.34213e-01
 -3.38052e-01
 -3.41891e-01
 -3.45730e-01
 -3.49569e-01
 -3.53408e-01
 -3.57247e-01
 -3.61086e-01
 -3.64925e-01
 -3.68764e-01
 -3.72603e-01
 -3.76442e-01
 -3.80281e-01
 -3.84120e-01
 -3.87959e-01
 -3.91798e-01
 -3.95636e-01
 -3.99475e-01
 -4.03314e-01
 -4.07153e-01
 -4.10992e-01
 -4.14831e-01
 -4.18669e-01
 -4.22508e-01
 -4.26347e-01
 -4.30186e-01
 -4.34024e-01
 -4.37863e-01
 -4.41702e-01
 -4.45540e-01
 -4.49379e-01
 -4.53218e-01
 -4.57056e-01
 -4.60895e-01
 -4.64734e-01
 -4.68572e-01
 -4.72411e-01
 -4.76249e-01
 -4.80088e-01
 -4.83926e-01
 -4.87765e-01
 -4.91603e-01
 -4.95442e-01
 -4.99280e-01
 -5.03119e-01
 -5.06957e-01
 -5.10796e-01
 -5.14634e-01
 -5.18472e-01
 -5.22311e-01
 -5.26149e-01
 -5.29988e-01
 -5.33826e-01
 -5.37664e-01
 -5.41503e-01
 -5.45341e-01
 -5.49179e-01
 -5.53017e-01
 -5.56856e-01
 -5.60694e-01
 -5.64532e-01
 -5.68370e-01
 -5.72209e-01
 -5.76047e-01
 -5.79885e-01
 -5.83723e-01
 -5.87561e-01
 -5.91399e-01
 -5.95237e-01
 -5.99075e-01
 -6.02914e-01
 -6.06752e-01
 -6.10590e-01
 -6.14428e-01
 -6.18266e-01
 -6.22104e-01
 -6.25942e-01
 -6.29780e-01
 -6.33618e-01
 -6.37456e-01
 -6.41293e-01
 -6.45131e-01
 -6.48969e-01
 -6.52807e-01
 -6.56645e-01
 -6.60483e-01
 -6.64321e-01
 -6.68159e-01
 -6.71996e-01
 -6.75834e-01
 -6.79672e-01
 -6.83510e-01
 -6.87347e-01
 -6.91185e-01
 -6.95023e-01
 -6.98861e-01
 -7.02698e-01
 -7.06536e-01
 -7.10374e-01
 -7.14211e-01
 -7.18049e-01
 -7.21887e-01
 -7.25724e-01
 -7.29562e-01
 -7.33399e-01
 -7.37237e-01
 -7.41074e-01
 -7.44912e-01
 -7.48749e-01
 -7.52587e-01
 -7.56424e-01
 -7.60262e-01
 -7.64099e-01
 -7.67937e-01
 -7.71774e-01
 -7.75612e-01
 -7.79449e-01
 -7.83286e-01
 -7.87124e-01
 -7.90961e-01
 -7.94798e-01
 -7.98636e-01
 -8.02473e-01
 -8.06310e-01
 -8.10148e-01
 -8.13985e-01
 -8.17822e-01
 -8.21659e-01
 -8.25497e-01
 -8.29334e-01
 -8.33171e-01
 -8.37008e-01
 -8.40845e-01
 -8.44683e-01
 -8.48520e-01
 -8.52357e-01
 -8.56194e-01
 -8.60031e-01
 -8.63868e-01
 -8.67705e-01
 -8.71542e-01
 -8.75379e-01
 -8.79216e-01
 -8.83053e-01
 -8.86890e-01
 -8.90727e-01
 -8.94564e-01
 -8.98401e-01
 -9.02238e-01
 -9.06075e-01
 -9.09912e-01
 -9.13749e-01
 -9.17586e-01
 -9.21422e-01
 -9.25259e-01
 -9.29096e-01
 -9.32933e-01
 -9.36770e-01
 -9.40606e-01
 -9.44443e-01
 -9.48280e-01
 -9.52117e-01
 -9.55953e-01
 -9.59790e-01
 -9.63627e-01
 -9.67463e-01
 -9.71300e-01
 -9.75137e-01
 -9.78973e-01
 -9.82810e-01
 -9.86647e-01
 -9.90483e-01
 -9.94320e-01
 -9.98156e-01
 -1.00199e+00
 -1.00583e+00
 -1.00967e+00
 -1.01350e+00
 -1.01734e+00
 -1.02118e+00
 -1.02501e+00
 -1.02885e+00
 -1.03268e+00
 -1.03652e+00
 -1.04036e+00
 -1.04419e+00
 -1.04803e+00
 -1.05187e+00
 -1.05570e+00
 -1.05954e+00
 -1.06338e+00
 -1.06721e+00
 -1.07105e+00
 -1.07488e+00
 -1.07872e+00
 -1.08256e+00
 -1.08639e+00
 -1.09023e+00
 -1.09407e+00
 -1.09790e+00
 -1.10174e+00
 -1.10557e+00
 -1.10941e+00
 -1.11325e+00
 -1.11708e+00
 -1.12092e+00
 -1.12475e+00
 -1.12859e+00
 -1.13243e+00
 -1.13626e+00
 -1.14010e+00
 -1.14393e+00
 -1.14777e+00
 -1.15161e+00
 -1.15544e+00
 -1.15928e+00
 -1.16311e+00
 -1.16695e+00
 -1.17079e+00
 -1.17462e+00
 -1.17846e+00
 -1.18229e+00
 -1.18613e+00
 -1.18997e+00
 -1.19380e+00
 -1.19764e+00
 -1.20147e+00
 -1.20531e+00
 -1.20914e+00
 -1.21298e+00
 -1.21682e+00
 -1.22065e+00
 -1.22449e+00
 -1.22832e+00
 -1.23216e+00
 -1.23599e+00
 -1.23983e+00
 -1.24367e+00
 -1.24750e+00
 -1.25134e+00
 -1.25517e+00
 -1.25901e+00
 -1.26284e+00
 -1.26668e+00
 -1.27051e+00
 -1.27435e+00
 -1.27819e+00
 -1.28202e+00
 -1.28586e+00
 -1.28969e+00
 -1.29353e+00
 -1.29736e+00
 -1.30120e+00
 -1.30503e+00
 -1.30887e+00
 -1.31270e+00
 -1.31654e+00
 -1.32037e+00
 -1.32421e+00
 -1.32805e+00
 -1.33188e+00
 -1.33572e+00
 -1.33955e+00
 -1.34339e+00
 -1.34722e+00
 -1.35106e+00
 -1.35489e+00
 -1.35873e+00
 -1.36256e+00
 -1.36640e+00
 -1.37023e+00
 -1.37407e+00
 -1.37790e+00
 -1.38174e+00
 -1.38557e+00
 -1.38941e+00
 -1.39324e+00
 -1.39708e+00
 -1.40091e+00
 -1.40475e+00
 -1.40858e+00
 -1.41242e+00
 -1.41625e+00
 -1.42009e+00
 -1.42392e+00
 -1.42776e+00
 -1.43159e+00
 -1.43543e+00
 -1.43926e+00
 -1.44310e+00
 -1.44693e+00
 -1.45077e+00
 -1.45460e+00
 -1.45844e+00
 -1.46227e+00
 -1.46611e+00
 -1.46994e+00
 -1.47378e+00
 -1.47761e+00
 -1.48144e+00
 -1.48528e+00
 -1.48911e+00
 -1.49295e+00
 -1.49678e+00
 -1.50062e+00
 -1.50445e+00
 -1.50829e+00
 -1.51212e+00
 -1.51596e+00
 -1.51979e+00
 -1.52363e+00
 -1.52746e+00
 -1.53129e+00
 -1.53513e+00
 -1.53896e+00
 -1.54280e+00
 -1.54663e+00
 -1.55047e+00
 -1.55430e+00
 -1.55814e+00
 -1.56197e+00
 -1.56580e+00
 -1.56964e+00
 -1.57347e+00
 -1.57731e+00
 -1.58114e+00
 -1.58498e+00
 -1.58881e+00
 -1.59264e+00
 -1.59648e+00
 -1.60031e+00
 -1.60415e+00
 -1.60798e+00
 -1.61182e+00
 -1.61565e+00
 -1.61948e+00
 -1.62332e+00
 -1.62715e+00
 -1.63099e+00
 -1.63482e+00
 -1.63866e+00
 -1.64249e+00
 -1.64632e+00
 -1.65016e+00
 -1.65399e+00
 -1.65783e+00
 -1.66166e+00
 -1.66549e+00
 -1.66933e+00
 -1.67316e+00
 -1.67700e+00
 -1.68083e+00
 -1.68466e+00
 -1.68850e+00
 -1.69233e+00
 -1.69616e+00
 -1.70000e+00
 -1.70383e+00
 -1.70767e+00
 -1.71150e+00
 -1.71533e+00
 -1.71917e+00
 -1.72300e+00
 -1.72684e+00
 -1.73067e+00
 -1.73450e+00
 -1.73834e+00
 -1.74217e+00
 -1.74600e+00
 -1.74984e+00
 -1.75367e+00
 -1.75750e+00
 -1.76134e+00
 -1.76517e+00
 -1.76901e+00
 -1.77284e+00
 -1.77667e+00
 -1.78051e+00
 -1.78434e+00
 -1.78817e+00
 -1.79201e+00
 -1.79584e+00
 -1.79967e+00
 -1.80351e+00
 -1.80734e+00
 -1.81117e+00
 -1.81501e+00
 -1.81884e+00
 -1.82267e+00
 -1.82651e+00
 -1.83034e+00
 -1.83417e+00
 -1.83801e+00
 -1.84184e+00
 -1.84567e+00
 -1.84951e+00
 -1.85334e+00
 -1.85717e+00
 -1.86101e+00
 -1.86484e+00
 -1.86867e+00
 -1.87251e+00
 -1.87634e+00
 -1.88017e+00
 -1.88401e+00
 -1.88784e+00
 -1.89167e+00
 -1.89551e+00
 -1.89934e+00
 -1.90317e+00
 -1.90701e+00
 -1.91084e+00
 -1.91467e+00
 -1.91850e+00
 -1.92234e+00
 -1.92617e+00
 -1.93000e+00
 -1.93384e+00
 -1.93767e+00
 -1.94150e+00
 -1.94534e+00
 -1.94917e+00
 -1.95300e+00
 -1.95683e+00
 -1.96067e+00
 -1.96450e+00
 -1.96833e+00
 -1.97217e+00
 -1.97600e+00
 -1.97983e+00
 -1.98366e+00
 -1.98750e+00
 -1.99133e+00
 -1.99516e+00
 -1.99899e+00
 -2.00283e+00
 -2.00666e+00
 -2.01049e+00
 -2.01433e+00
 -2.01816e+00
 -2.02199e+00
 -2.02582e+00
 -2.02966e+00
 -2.03349e+00
 -2.03732e+00
 -2.04115e+00
 -2.04499e+00
 -2.04882e+00
 -2.05265e+00
 -2.05648e+00
 -2.06032e+00
 -2.06415e+00
 -2.06798e+00
 -2.07181e+00
 -2.07565e+00
 -2.07948e+00
 -2.08331e+00
 -2.08714e+00
 -2.09098e+00
 -2.09481e+00
 -2.09864e+00
 -2.10247e+00
 -2.10630e+00
 -2.11014e+00
 -2.11397e+00
 -2.11780e+00
 -2.12163e+00
 -2.12547e+00
 -2.12930e+00
 -2.13313e+00
 -2.13696e+00
 -2.14079e+00
 -2.14463e+00
 -2.14846e+00
 -2.15229e+00
 -2.15612e+00
 -2.15996e+00
 -2.16379e+00
 -2.16762e+00
 -2.17145e+00
 -2.17528e+00
 -2.17912e+00
 -2.18295e+00
 -2.18678e+00
 -2.19061e+00
 -2.19444e+00
 -2.19828e+00
 -2.20211e+00
 -2.20594e+00
 -2.20977e+00
 -2.21360e+00
 -2.21743e+00
 -2.22127e+00
 -2.22510e+00
 -2.22893e+00
 -2.23276e+00
 -2.23659e+00
 -2.24043e+00
 -2.24426e+00
 -2.24809e+00
 -2.25192e+00
 -2.25575e+00
 -2.25958e+00
 -2.26342e+00
 -2.26725e+00
 -2.27108e+00
 -2.27491e+00
 -2.27874e+00
 -2.28257e+00
 -2.28641e+00
 -2.29024e+00
 -2.29407e+00
 -2.29790e+00
 -2.30173e+00
 -2.30556e+00
 -2.30940e+00
 -2.31323e+00
 -2.31706e+00
 -2.32089e+00
 -2.32472e+00
 -2.32855e+00
 -2.33238e+00
 -2.33622e+00
 -2.34005e+00
 -2.34388e+00
 -2.34771e+00
 -2.35154e+00
 -2.35537e+00
 -2.35920e+00
 -2.36304e+00
 -2.36687e+00
 -2.37070e+00
 -2.37453e+00
 -2.37836e+00
 -2.38219e+00
 -2.38602e+00
 -2.38985e+00
 -2.39369e+00
 -2.39752e+00
 -2.40135e+00
 -2.40518e+00
 -2.40901e+00
 -2.41284e+00
 -2.41667e+00
 -2.42050e+00
 -2.42433e+00
 -2.42817e+00
 -2.43200e+00
 -2.43583e+00
 -2.43966e+00
 -2.44349e+00
 -2.44732e+00
 -2.45115e+00
 -2.45498e+00
 -2.45881e+00
 -2.46264e+00
 -2.46648e+00
 -2.47031e+00
 -2.47414e+00
 -2.47797e+00
 -2.48180e+00
 -2.48563e+00
 -2.48946e+00
 -2.49329e+00
 -2.49712e+00
 -2.50095e+00
 -2.50478e+00
 -2.50861e+00
 -2.51245e+00
 -2.51628e+00
 -2.52011e+00
 -2.52394e+00
 -2.52777e+00
 -2.53160e+00
 -2.53543e+00
 -2.53926e+00
 -2.54309e+00
 -2.54692e+00
 -2.55075e+00
 -2.55458e+00
 -2.55841e+00
 -2.56224e+00
 -2.56607e+00
 -2.56990e+00
 -2.57374e+00
 -2.57757e+00
 -2.58140e+00
 -2.58523e+00
 -2.58906e+00
 -2.59289e+00
 -2.59672e+00
 -2.60055e+00
 -2.60438e+00
 -2.60821e+00
 -2.61204e+00
 -2.61587e+00
 -2.61970e+00
 -2.62353e+00
 -2.62736e+00
 -2.63119e+00
 -2.63502e+00
 -2.63885e+00
 -2.64268e+00
 -2.64651e+00
 -2.65034e+00
 -2.65417e+00
 -2.65800e+00
 -2.66183e+00
 -2.66566e+00
 -2.66949e+00
 -2.67332e+00
 -2.67715e+00
 -2.68098e+00
 -2.68481e+00
 -2.68864e+00
 -2.69247e+00
 -2.69630e+00
 -2.70013e+00
 -2.70396e+00
 -2.70779e+00
 -2.71162e+00
 -2.71545e+00
 -2.71928e+00
 -2.72311e+00
 -2.72694e+00
 -2.73077e+00
 -2.73460e+00
 -2.73843e+00
 -2.74226e+00
 -2.74609e+00
 -2.74992e+00
 -2.75375e+00
 -2.75758e+00
 -2.76141e+00
 -2.76524e+00
 -2.76907e+00
 -2.77290e+00
 -2.77673e+00
 -2.78056e+00
 -2.78439e+00
 -2.78822e+00
 -2.79205e+00
 -2.79588e+00
 -2.79971e+00
 -2.80354e+00
 -2.80737e+00
 -2.81120e+00
 -2.81503e+00
 -2.81886e+00
 -2.82269e+00
 -2.82652e+00
 -2.83035e+00
 -2.83418e+00
 -2.83800e+00
 -2.84183e+00
 -2.84566e+00
 -2.84949e+00
 -2.85332e+00
 -2.85715e+00
 -2.86098e+00
 -2.86481e+00
 -2.86864e+00
 -2.87247e+00
 -2.87630e+00
 -2.88013e+00
 -2.88396e+00
 -2.88779e+00
 -2.89162e+00
 -2.89545e+00
 -2.89927e+00
 -2.90310e+00
 -2.90693e+00
 -2.91076e+00
 -2.91459e+00
 -2.91842e+00
 -2.92225e+00
 -2.92608e+00
 -2.92991e+00
 -2.93374e+00
 -2.93757e+00
 -2.94140e+00
 -2.94522e+00
 -2.94905e+00
 -2.95288e+00
 -2.95671e+00
 -2.96054e+00
 -2.96437e+00
 -2.96820e+00
 -2.97203e+00
 -2.97586e+00
 -2.97969e+00
 -2.98351e+00
 -2.98734e+00
 -2.99117e+00
 -2.99500e+00
 -2.99883e+00
 -3.00266e+00
 -3.00649e+00
 -3.01032e+00
 -3.01415e+00
 -3.01797e+00
 -3.02180e+00
 -3.02563e+00
 -3.02946e+00
 -3.03329e+00
 -3.03712e+00
 -3.04095e+00
 -3.04478e+00
 -3.04860e+00
 -3.05243e+00
 -3.05626e+00
 -3.06009e+00
 -3.06392e+00
 -3.06775e+00
 -3.07158e+00
 -3.07540e+00
 -3.07923e+00
 -3.08306e+00
 -3.08689e+00
 -3.09072e+00
 -3.09455e+00
 -3.09838e+00
 -3.10220e+00
 -3.10603e+00
 -3.10986e+00
 -3.11369e+00
 -3.11752e+00
 -3.12135e+00
 -3.12517e+00
 -3.12900e+00
 -3.13283e+00
 -3.13666e+00
 -3.14049e+00
 -3.14432e+00
 -3.14814e+00
 -3.15197e+00
 -3.15580e+00
 -3.15963e+00
 -3.16346e+00
 -3.16729e+00
 -3.17111e+00
 -3.17494e+00
 -3.17877e+00
 -3.18260e+00
 -3.18643e+00
 -3.19025e+00
 -3.19408e+00
 -3.19791e+00
 -3.20174e+00
 -3.20557e+00
 -3.20940e+00
 -3.21322e+00
 -3.21705e+00
 -3.22088e+00
 -3.22471e+00
 -3.22854e+00
 -3.23236e+00
 -3.23619e+00
 -3.24002e+00
 -3.24385e+00
 -3.24768e+00
 -3.25150e+00
 -3.25533e+00
 -3.25916e+00
 -3.26299e+00
 -3.26681e+00
 -3.27064e+00
 -3.27447e+00
 -3.27830e+00
 -3.28213e+00
 -3.28595e+00
 -3.28978e+00
 -3.29361e+00
 -3.29744e+00
 -3.30126e+00
 -3.30509e+00
 -3.30892e+00
 -3.31275e+00
 -3.31658e+00
 -3.32040e+00
 -3.32423e+00
 -3.32806e+00
 -3.33189e+00
 -3.33571e+00
 -3.33954e+00
 -3.34337e+00
 -3.34720e+00
 -3.35102e+00
 -3.35485e+00
 -3.35868e+00
 -3.36251e+00
 -3.36633e+00
 -3.37016e+00
 -3.37399e+00
 -3.37782e+00
 -3.38164e+00
 -3.38547e+00
 -3.38930e+00
 -3.39313e+00
 -3.39695e+00
 -3.40078e+00
 -3.40461e+00
 -3.40843e+00
 -3.41226e+00
 -3.41609e+00
 -3.41992e+00
 -3.42374e+00
 -3.42757e+00
 -3.43140e+00
 -3.43523e+00
 -3.43905e+00
 -3.44288e+00
 -3.44671e+00
 -3.45053e+00
 -3.45436e+00
 -3.45819e+00
 -3.46202e+00
 -3.46584e+00
 -3.46967e+00
 -3.47350e+00
 -3.47732e+00
 -3.48115e+00
 -3.48498e+00
 -3.48880e+00
 -3.49263e+00
 -3.49646e+00
 -3.50029e+00
 -3.50411e+00
 -3.50794e+00
 -3.51177e+00
 -3.51559e+00
 -3.51942e+00
 -3.52325e+00
 -3.52707e+00
 -3.53090e+00
 -3.53473e+00
 -3.53855e+00
 -3.54238e+00
 -3.54621e+00
 -3.55003e+00
 -3.55386e+00
 -3.55769e+00
 -3.56151e+00
 -3.56534e+00
 -3.56917e+00
 -3.57299e+00
 -3.57682e+00
 -3.58065e+00
 -3.58447e+00
 -3.58830e+00
 -3.59213e+00
 -3.59595e+00
 -3.59978e+00
 -3.60361e+00
 -3.60743e+00
 -3.61126e+00
 -3.61509e+00
 -3.61891e+00
 -3.62274e+00
 -3.62657e+00
 -3.63039e+00
 -3.63422e+00
 -3.63805e+00
 -3.64187e+00
 -3.64570e+00
 -3.64953e+00
 -3.65335e+00
 -3.65718e+00
 -3.66100e+00
 -3.66483e+00
 -3.66866e+00
 -3.67248e+00
 -3.67631e+00
 -3.68014e+00
 -3.68396e+00
 -3.68779e+00
 -3.69161e+00
 -3.69544e+00
 -3.69927e+00
 -3.70309e+00
 -3.70692e+00
 -3.71075e+00
 -3.71457e+00
 -3.71840e+00
 -3.72222e+00
 -3.72605e+00
 -3.72988e+00
 -3.73370e+00
 -3.73753e+00
 -3.74135e+00
 -3.74518e+00
 -3.74901e+00
 -3.75283e+00
 -3.75666e+00
 -3.76048e+00
 -3.76431e+00
 -3.76814e+00
 -3.77196e+00
 -3.77579e+00
 -3.77961e+00
 -3.78344e+00
 -3.78726e+00
 -3.79109e+00
 -3.79492e+00
 -3.79874e+00
 -3.80257e+00
 -3.80639e+00
 -3.81022e+00
 -3.81405e+00
 -3.81787e+00
 -3.82170e+00
 -3.82552e+00
 -3.82935e+00
 -3.83317e+00
 -3.83700e+00
 -3.84083e+00
 -3.84465e+00
 -3.84848e+00
 -3.85230e+00
 -3.85613e+00
 -3.85995e+00
 -3.86378e+00
 -3.86760e+00
 -3.87143e+00
 -3.87526e+00
 -3.87908e+00
 -3.88291e+00
 -3.88673e+00
 -3.89056e+00
 -3.89438e+00
 -3.89821e+00
 -3.90203e+00
 -3.90586e+00
 -3.90968e+00
 -3.91351e+00
 -3.91733e+00
 -3.92116e+00
 -3.92499e+00
 -3.92881e+00
 -3.93264e+00
 -3.93646e+00
 -3.94029e+00
 -3.94411e+00
 -3.94794e+00
 -3.95176e+00
 -3.95559e+00
 -3.95941e+00
 -3.96324e+00
 -3.96706e+00
 -3.97089e+00
 -3.97471e+00
 -3.97854e+00
 -3.98236e+00
 -3.98619e+00
 -3.99001e+00
 -3.99384e+00
 -3.99766e+00
 -4.00149e+00
 -4.00531e+00
 -4.00914e+00
 -4.01296e+00
 -4.01679e+00
 -4.02061e+00
 -4.02444e+00
 -4.02826e+00
 -4.03209e+00
 -4.03591e+00
 -4.03974e+00
 -4.04356e+00
 -4.04739e+00
 -4.05121e+00
 -4.05504e+00
 -4.05886e+00
 -4.06269e+00
 -4.06651e+00
 -4.07034e+00
 -4.07416e+00
 -4.07799e+00
 -4.08181e+00
 -4.08564e+00
 -4.08946e+00
 -4.09328e+00
 -4.09711e+00
 -4.10093e+00
 -4.10476e+00
 -4.10858e+00
 -4.11241e+00
 -4.11623e+00
 -4.12006e+00
 -4.12388e+00
 -4.12771e+00
 -4.13153e+00
 -4.13536e+00
 -4.13918e+00
 -4.14300e+00
 -4.14683e+00
 -4.15065e+00
 -4.15448e+00
 -4.15830e+00
 -4.16213e+00
 -4.16595e+00
 -4.16978e+00
 -4.17360e+00
 -4.17742e+00
 -4.18125e+00
 -4.18507e+00
 -4.18890e+00
 -4.19272e+00
 -4.19655e+00
 -4.20037e+00
 -4.20419e+00
 -4.20802e+00
 -4.21184e+00
 -4.21567e+00
 -4.21949e+00
 -4.22331e+00
 -4.22714e+00
 -4.23096e+00
 -4.23479e+00
 -4.23861e+00
 -4.24244e+00
 -4.24626e+00
 -4.25008e+00
 -4.25391e+00
 -4.25773e+00
 -4.26156e+00
 -4.26538e+00
 -4.26920e+00
 -4.27303e+00
 -4.27685e+00
 -4.28068e+00
 -4.28450e+00
 -4.28832e+00
 -4.29215e+00
 -4.29597e+00
 -4.29980e+00
 -4.30362e+00
 -4.30744e+00
 -4.31127e+00
 -4.31509e+00
 -4.31891e+00
 -4.32274e+00
 -4.32656e+00
 -4.33039e+00
 -4.33421e+00
 -4.33803e+00
 -4.34186e+00
 -4.34568e+00
 -4.34950e+00
 -4.35333e+00
 -4.35715e+00
 -4.36098e+00
 -4.36480e+00
 -4.36862e+00
 -4.37245e+00
 -4.37627e+00
 -4.38009e+00
 -4.38392e+00
 -4.38774e+00
 -4.39156e+00
 -4.39539e+00
 -4.39921e+00
 -4.40303e+00
 -4.40686e+00
 -4.41068e+00
 -4.41450e+00
 -4.41833e+00
 -4.42215e+00
 -4.42597e+00
 -4.42980e+00
 -4.43362e+00
 -4.43745e+00
 -4.44127e+00
 -4.44509e+00
 -4.44892e+00
 -4.45274e+00
 -4.45656e+00
 -4.46038e+00
 -4.46421e+00
 -4.46803e+00
 -4.47185e+00
 -4.47568e+00
 -4.47950e+00
 -4.48332e+00
 -4.48715e+00
 -4.49097e+00
 -4.49479e+00
 -4.49862e+00
 -4.50244e+00
 -4.50626e+00
 -4.51009e+00
 -4.51391e+00
 -4.51773e+00
 -4.52156e+00
 -4.52538e+00
 -4.52920e+00
 -4.53302e+00
 -4.53685e+00
 -4.54067e+00
 -4.54449e+00
 -4.54832e+00
 -4.55214e+00
 -4.55596e+00
 -4.55978e+00
 -4.56361e+00
 -4.56743e+00
 -4.57125e+00
 -4.57508e+00
 -4.57890e+00
 -4.58272e+00
 -4.58654e+00
 -4.59037e+00
 -4.59419e+00
 -4.59801e+00
 -4.60184e+00
 -4.60566e+00
 -4.60948e+00
 -4.61330e+00
 -4.61713e+00
 -4.62095e+00
 -4.62477e+00
 -4.62859e+00
 -4.63242e+00
 -4.63624e+00
 -4.64006e+00
 -4.64388e+00
 -4.64771e+00
 -4.65153e+00
 -4.65535e+00
 -4.65917e+00
 -4.66300e+00
 -4.66682e+00
 -4.67064e+00
 -4.67446e+00
 -4.67829e+00
 -4.68211e+00
 -4.68593e+00
 -4.68975e+00
 -4.69358e+00
 -4.69740e+00
 -4.70122e+00
 -4.70504e+00
 -4.70887e+00
 -4.71269e+00
 -4.71651e+00
 -4.72033e+00
 -4.72415e+00
 -4.72798e+00
 -4.73180e+00
 -4.73562e+00
 -4.73944e+00
 -4.74327e+00
 -4.74709e+00
 -4.75091e+00
 -4.75473e+00
 -4.75855e+00
 -4.76238e+00
 -4.76620e+00
 -4.77002e+00
 -4.77384e+00
 -4.77766e+00
 -4.78149e+00
 -4.78531e+00
 -4.78913e+00
 -4.79295e+00
 -4.79677e+00
 -4.80060e+00
 -4.80442e+00
 -4.80824e+00
 -4.81206e+00
 -4.81588e+00
 -4.81971e+00
 -4.82353e+00
 -4.82735e+00
 -4.83117e+00
 -4.83499e+00
 -4.83882e+00
 -4.84264e+00
 -4.84646e+00
 -4.85028e+00
 -4.85410e+00
 -4.85792e+00
 -4.86175e+00
 -4.86557e+00
 -4.86939e+00
 -4.87321e+00
 -4.87703e+00
 -4.88085e+00
 -4.88468e+00
 -4.88850e+00
 -4.89232e+00
 -4.89614e+00
 -4.89996e+00
 -4.90378e+00
 -4.90761e+00
 -4.91143e+00
 -4.91525e+00
 -4.91907e+00
 -4.92289e+00
 -4.92671e+00
 -4.93053e+00
 -4.93436e+00
 -4.93818e+00
 -4.94200e+00
 -4.94582e+00
 -4.94964e+00
 -4.95346e+00
 -4.95728e+00
 -4.96111e+00
 -4.96493e+00
 -4.96875e+00
 -4.97257e+00
 -4.97639e+00
 -4.98021e+00
 -4.98403e+00
 -4.98785e+00
 -4.99168e+00
 -4.99550e+00
 -4.99932e+00
 -5.00314e+00
 -5.00696e+00
 -5.01078e+00
 -5.01460e+00
 -5.01842e+00
 -5.02224e+00
 -5.02607e+00
 -5.02989e+00
 -5.03371e+00
 -5.03753e+00
 -5.04135e+00
 -5.04517e+00
 -5.04899e+00
 -5.05281e+00
 -5.05663e+00
 -5.06046e+00
 -5.06428e+00
 -5.06810e+00
 -5.07192e+00
 -5.07574e+00
 -5.07956e+00
 -5.08338e+00
 -5.08720e+00
 -5.09102e+00
 -5.09484e+00
 -5.09866e+00
 -5.10248e+00
 -5.10631e+00
 -5.11013e+00
 -5.11395e+00
 -5.11777e+00
 -5.12159e+00
 -5.12541e+00
 -5.12923e+00
 -5.13305e+00
 -5.13687e+00
 -5.14069e+00
 -5.14451e+00
 -5.14833e+00
 -5.15215e+00
 -5.15597e+00
 -5.15979e+00
 -5.16362e+00
 -5.16744e+00
 -5.17126e+00
 -5.17508e+00
 -5.17890e+00
 -5.18272e+00
 -5.18654e+00
 -5.19036e+00
 -5.19418e+00
 -5.19800e+00
 -5.20182e+00
 -5.20564e+00
 -5.20946e+00
 -5.21328e+00
 -5.21710e+00
 -5.22092e+00
 -5.22474e+00
 -5.22856e+00
 -5.23238e+00
 -5.23620e+00
 -5.24002e+00
 -5.24384e+00
 -5.24766e+00
 -5.25148e+00
 -5.25530e+00
 -5.25912e+00
 -5.26294e+00
 -5.26676e+00
 -5.27058e+00
 -5.27441e+00
 -5.27823e+00
 -5.28205e+00
 -5.28587e+00
 -5.28969e+00
 -5.29351e+00
 -5.29733e+00
 -5.30115e+00
 -5.30497e+00
 -5.30879e+00
 -5.31261e+00
 -5.31643e+00
 -5.32025e+00
 -5.32407e+00
 -5.32789e+00
 -5.33171e+00
 -5.33553e+00
 -5.33935e+00
 -5.34317e+00
 -5.34698e+00
 -5.35080e+00
 -5.35462e+00
 -5.35844e+00
 -5.36226e+00
 -5.36608e+00
 -5.36990e+00
 -5.37372e+00
 -5.37754e+00
 -5.38136e+00
 -5.38518e+00
 -5.38900e+00
 -5.39282e+00
 -5.39664e+00
 -5.40046e+00
 -5.40428e+00
 -5.40810e+00
 -5.41192e+00
 -5.41574e+00
 -5.41956e+00
 -5.42338e+00
 -5.42720e+00
 -5.43102e+00
 -5.43484e+00
 -5.43866e+00
 -5.44248e+00
 -5.44630e+00
 -5.45012e+00
 -5.45393e+00
 -5.45775e+00
 -5.46157e+00
 -5.46539e+00
 -5.46921e+00
 -5.47303e+00
 -5.47685e+00
 -5.48067e+00
 -5.48449e+00
 -5.48831e+00
 -5.49213e+00
 -5.49595e+00
 -5.49977e+00
 -5.50359e+00
 -5.50741e+00
 -5.51122e+00
 -5.51504e+00
 -5.51886e+00
 -5.52268e+00
 -5.52650e+00
 -5.53032e+00
 -5.53414e+00
 -5.53796e+00
 -5.54178e+00
 -5.54560e+00
 -5.54942e+00
 -5.55324e+00
 -5.55705e+00
 -5.56087e+00
 -5.56469e+00
 -5.56851e+00
 -5.57233e+00
 -5.57615e+00
 -5.57997e+00
 -5.58379e+00
 -5.58761e+00
 -5.59143e+00
 -5.59524e+00
 -5.59906e+00
 -5.60288e+00
 -5.60670e+00
 -5.61052e+00
 -5.61434e+00
 -5.61816e+00
 -5.62198e+00
 -5.62579e+00
 -5.62961e+00
 -5.63343e+00
 -5.63725e+00
 -5.64107e+00
 -5.64489e+00
 -5.64871e+00
 -5.65253e+00
 -5.65634e+00
 -5.66016e+00
 -5.66398e+00
 -5.66780e+00
 -5.67162e+00
 -5.67544e+00
 -5.67926e+00
 -5.68307e+00
 -5.68689e+00
 -5.69071e+00
 -5.69453e+00
 -5.69835e+00
 -5.70217e+00
 -5.70599e+00
 -5.70980e+00
 -5.71362e+00
 -5.71744e+00
 -5.72126e+00
 -5.72508e+00
 -5.72890e+00
 -5.73271e+00
 -5.73653e+00
 -5.74035e+00
 -5.74417e+00
 -5.74799e+00
 -5.75181e+00
 -5.75562e+00
 -5.75944e+00
 -5.76326e+00
 -5.76708e+00
 -5.77090e+00
 -5.77472e+00
 -5.77853e+00
 -5.78235e+00
 -5.78617e+00
 -5.78999e+00
 -5.79381e+00
 -5.79763e+00
 -5.80144e+00
 -5.80526e+00
 -5.80908e+00
 -5.81290e+00
 -5.81672e+00
 -5.82053e+00
 -5.82435e+00
 -5.82817e+00
 -5.83199e+00
 -5.83581e+00
 -5.83962e+00
 -5.84344e+00
 -5.84726e+00
 -5.85108e+00
 -5.85490e+00
 -5.85871e+00
 -5.86253e+00
 -5.86635e+00
 -5.87017e+00
 -5.87398e+00
 -5.87780e+00
 -5.88162e+00
 -5.88544e+00
 -5.88926e+00
 -5.89307e+00
 -5.89689e+00
 -5.90071e+00
 -5.90453e+00
 -5.90834e+00
 -5.91216e+00
 -5.91598e+00
 -5.91980e+00
 -5.92362e+00
 -5.92743e+00
 -5.93125e+00
 -5.93507e+00
 -5.93889e+00
 -5.94270e+00
 -5.94652e+00
 -5.95034e+00
 -5.95416e+00
 -5.95797e+00
 -5.96179e+00
 -5.96561e+00
 -5.96943e+00
 -5.97324e+00
 -5.97706e+00
 -5.98088e+00
 -5.98470e+00
 -5.98851e+00
 -5.99233e+00
 -5.99615e+00
 -5.99996e+00
 -6.00378e+00
 -6.00760e+00
 -6.01142e+00
 -6.01523e+00
 -6.01905e+00
 -6.02287e+00
 -6.02669e+00
 -6.03050e+00
 -6.03432e+00
 -6.03814e+00
 -6.04195e+00
 -6.04577e+00
 -6.04959e+00
 -6.05341e+00
 -6.05722e+00
 -6.06104e+00
 -6.06486e+00
 -6.06867e+00
 -6.07249e+00
 -6.07631e+00
 -6.08013e+00
 -6.08394e+00
 -6.08776e+00
 -6.09158e+00
 -6.09539e+00
 -6.09921e+00
 -6.10303e+00
 -6.10684e+00
 -6.11066e+00
 -6.11448e+00
 -6.11830e+00
 -6.12211e+00
 -6.12593e+00
 -6.12975e+00
 -6.13356e+00
 -6.13738e+00
 -6.14120e+00
 -6.14501e+00
 -6.14883e+00
 -6.15265e+00
 -6.15646e+00
 -6.16028e+00
 -6.16410e+00
 -6.16791e+00
 -6.17173e+00
 -6.17555e+00
 -6.17936e+00
 -6.18318e+00
 -6.18700e+00
 -6.19081e+00
 -6.19463e+00
 -6.19845e+00
 -6.20226e+00
 -6.20608e+00
 -6.20990e+00
 -6.21371e+00
 -6.21753e+00
 -6.22135e+00
 -6.22516e+00
 -6.22898e+00
 -6.23280e+00
 -6.23661e+00
 -6.24043e+00
 -6.24424e+00
 -6.24806e+00
 -6.25188e+00
 -6.25569e+00
 -6.25951e+00
 -6.26333e+00
 -6.26714e+00
 -6.27096e+00
 -6.27478e+00
 -6.27859e+00
 -6.28241e+00
 -6.28622e+00
 -6.29004e+00
 -6.29386e+00
 -6.29767e+00
 -6.30149e+00
 -6.30531e+00
 -6.30912e+00
 -6.31294e+00
 -6.31675e+00
 -6.32057e+00
 -6.32439e+00
 -6.32820e+00
 -6.33202e+00
 -6.33583e+00
 -6.33965e+00
 -6.34347e+00
 -6.34728e+00
 -6.35110e+00
 -6.35491e+00
 -6.35873e+00
 -6.36255e+00
 -6.36636e+00
 -6.37018e+00
 -6.37399e+00
 -6.37781e+00
 -6.38163e+00
 -6.38544e+00
 -6.38926e+00
 -6.39307e+00
 -6.39689e+00
 -6.40070e+00
 -6.40452e+00
 -6.40834e+00
 -6.41215e+00
 -6.41597e+00
 -6.41978e+00
 -6.42360e+00
 -6.42742e+00
 -6.43123e+00
 -6.43505e+00
 -6.43886e+00
 -6.44268e+00
 -6.44649e+00
 -6.45031e+00
 -6.45412e+00
 -6.45794e+00
 -6.46176e+00
 -6.46557e+00
 -6.46939e+00
 -6.47320e+00
 -6.47702e+00
 -6.48083e+00
 -6.48465e+00
 -6.48846e+00
 -6.49228e+00
 -6.49610e+00
 -6.49991e+00
 -6.50373e+00
 -6.50754e+00
 -6.51136e+00
 -6.51517e+00
 -6.51899e+00
 -6.52280e+00
 -6.52662e+00
 -6.53043e+00
 -6.53425e+00
 -6.53806e+00
 -6.54188e+00
 -6.54569e+00
 -6.54951e+00
 -6.55333e+00
 -6.55714e+00
 -6.56096e+00
 -6.56477e+00
 -6.56859e+00
 -6.57240e+00
 -6.57622e+00
 -6.58003e+00
 -6.58385e+00
 -6.58766e+00
 -6.59148e+00
 -6.59529e+00
 -6.59911e+00
 -6.60292e+00
 -6.60674e+00
 -6.61055e+00
 -6.61437e+00
 -6.61818e+00
 -6.62200e+00
 -6.62581e+00
 -6.62963e+00
 -6.63344e+00
 -6.63726e+00
 -6.64107e+00
 -6.64489e+00
 -6.64870e+00
 -6.65252e+00
 -6.65633e+00
 -6.66015e+00
 -6.66396e+00
 -6.66778e+00
 -6.67159e+00
 -6.67540e+00
 -6.67922e+00
 -6.68303e+00
 -6.68685e+00
 -6.69066e+00
 -6.69448e+00
 -6.69829e+00
 -6.70211e+00
 -6.70592e+00
 -6.70974e+00
 -6.71355e+00
 -6.71737e+00
 -6.72118e+00
 -6.72500e+00
 -6.72881e+00
 -6.73262e+00
 -6.73644e+00
 -6.74025e+00
 -6.74407e+00
 -6.74788e+00
 -6.75170e+00
 -6.75551e+00
 -6.75933e+00
 -6.76314e+00
 -6.76695e+00
 -6.77077e+00
 -6.77458e+00
 -6.77840e+00
 -6.78221e+00
 -6.78603e+00
 -6.78984e+00
 -6.79365e+00
 -6.79747e+00
 -6.80128e+00
 -6.80510e+00
 -6.80891e+00
 -6.81273e+00
 -6.81654e+00
 -6.82035e+00
 -6.82417e+00
 -6.82798e+00
 -6.83180e+00
 -6.83561e+00
 -6.83943e+00
 -6.84324e+00
 -6.84705e+00
 -6.85087e+00
 -6.85468e+00
 -6.85850e+00
 -6.86231e+00
 -6.86612e+00
 -6.86994e+00
 -6.87375e+00
 -6.87757e+00
 -6.88138e+00
 -6.88519e+00
 -6.88901e+00
 -6.89282e+00
 -6.89664e+00
 -6.90045e+00
 -6.90426e+00
 -6.90808e+00
 -6.91189e+00
 -6.91570e+00
 -6.91952e+00
 -6.92333e+00
 -6.92715e+00
 -6.93096e+00
 -6.93477e+00
 -6.93859e+00
 -6.94240e+00
 -6.94621e+00
 -6.95003e+00
 -6.95384e+00
 -6.95766e+00
 -6.96147e+00
 -6.96528e+00
 -6.96910e+00
 -6.97291e+00
 -6.97672e+00
 -6.98054e+00
 -6.98435e+00
 -6.98816e+00
 -6.99198e+00
 -6.99579e+00
 -6.99961e+00
 -7.00342e+00
 -7.00723e+00
 -7.01105e+00
 -7.01486e+00
 -7.01867e+00
 -7.02249e+00
 -7.02630e+00
 -7.03011e+00
 -7.03393e+00
 -7.03774e+00
 -7.04155e+00
 -7.04537e+00
 -7.04918e+00
 -7.05299e+00
 -7.05681e+00
 -7.06062e+00
 -7.06443e+00
 -7.06825e+00
 -7.07206e+00
 -7.07587e+00
 -7.07969e+00
 -7.08350e+00
 -7.08731e+00
 -7.09113e+00
 -7.09494e+00
 -7.09875e+00
 -7.10256e+00
 -7.10638e+00
 -7.11019e+00
 -7.11400e+00
 -7.11782e+00
 -7.12163e+00
 -7.12544e+00
 -7.12926e+00
 -7.13307e+00
 -7.13688e+00
 -7.14070e+00
 -7.14451e+00
 -7.14832e+00
 -7.15213e+00
 -7.15595e+00
 -7.15976e+00
 -7.16357e+00
 -7.16739e+00
 -7.17120e+00
 -7.17501e+00
 -7.17882e+00
 -7.18264e+00
 -7.18645e+00
 -7.19026e+00
 -7.19408e+00
 -7.19789e+00
 -7.20170e+00
 -7.20551e+00
 -7.20933e+00
 -7.21314e+00
 -7.21695e+00
 -7.22076e+00
 -7.22458e+00
 -7.22839e+00
 -7.23220e+00
 -7.23601e+00
 -7.23983e+00
 -7.24364e+00
 -7.24745e+00
 -7.25126e+00
 -7.25508e+00
 -7.25889e+00
 -7.26270e+00
 -7.26651e+00
 -7.27033e+00
 -7.27414e+00
 -7.27795e+00
 -7.28176e+00
 -7.28558e+00
 -7.28939e+00
 -7.29320e+00
 -7.29701e+00
 -7.30083e+00
 -7.30464e+00
 -7.30845e+00
 -7.31226e+00
 -7.31608e+00
 -7.31989e+00
 -7.32370e+00
 -7.32751e+00
 -7.33132e+00
 -7.33514e+00
 -7.33895e+00
 -7.34276e+00
 -7.34657e+00
 -7.35039e+00
 -7.35420e+00
 -7.35801e+00
 -7.36182e+00
 -7.36563e+00
 -7.36945e+00
 -7.37326e+00
 -7.37707e+00
 -7.38088e+00
 -7.38469e+00
 -7.38851e+00
 -7.39232e+00
 -7.39613e+00
 -7.39994e+00
 -7.40375e+00
 -7.40757e+00
 -7.41138e+00
 -7.41519e+00
 -7.41900e+00
 -7.42281e+00
 -7.42663e+00
 -7.43044e+00
 -7.43425e+00
 -7.43806e+00
 -7.44187e+00
 -7.44569e+00
 -7.44950e+00
 -7.45331e+00
 -7.45712e+00
 -7.46093e+00
 -7.46474e+00
 -7.46856e+00
 -7.47237e+00
 -7.47618e+00
 -7.47999e+00
 -7.48380e+00
 -7.48761e+00
 -7.49143e+00
 -7.49524e+00
 -7.49905e+00
 -7.50286e+00
 -7.50667e+00
 -7.51048e+00
 -7.51429e+00
 -7.51811e+00
 -7.52192e+00
 -7.52573e+00
 -7.52954e+00
 -7.53335e+00
 -7.53716e+00
 -7.54098e+00
 -7.54479e+00
 -7.54860e+00
 -7.55241e+00
 -7.55622e+00
 -7.56003e+00
 -7.56384e+00
 -7.56765e+00
 -7.57147e+00
 -7.57528e+00
 -7.57909e+00
 -7.58290e+00
 -7.58671e+00
 -7.59052e+00
 -7.59433e+00
 -7.59814e+00
 -7.60196e+00
 -7.60577e+00
 -7.60958e+00
 -7.61339e+00
 -7.61720e+00
 -7.62101e+00
 -7.62482e+00
 -7.62863e+00
 -7.63245e+00
 -7.63626e+00
 -7.64007e+00
 -7.64388e+00
 -7.64769e+00
 -7.65150e+00
 -7.65531e+00
 -7.65912e+00
 -7.66293e+00
 -7.66674e+00
 -7.67056e+00
 -7.67437e+00
 -7.67818e+00
 -7.68199e+00
 -7.68580e+00
 -7.68961e+00
 -7.69342e+00
 -7.69723e+00
 -7.70104e+00
 -7.70485e+00
 -7.70866e+00
 -7.71247e+00
 -7.71629e+00
 -7.72010e+00
 -7.72391e+00
 -7.72772e+00
 -7.73153e+00
 -7.73534e+00
 -7.73915e+00
 -7.74296e+00
 -7.74677e+00
 -7.75058e+00
 -7.75439e+00
 -7.75820e+00
 -7.76201e+00
 -7.76582e+00
 -7.76963e+00
 -7.77344e+00
 -7.77726e+00
 -7.78107e+00
 -7.78488e+00
 -7.78869e+00
 -7.79250e+00
 -7.79631e+00
 -7.80012e+00
 -7.80393e+00
 -7.80774e+00
 -7.81155e+00
 -7.81536e+00
 -7.81917e+00
 -7.82298e+00
 -7.82679e+00
 -7.83060e+00
 -7.83441e+00
 -7.83822e+00
 -7.84203e+00
 -7.84584e+00
 -7.84965e+00
 -7.85346e+00
 -7.85727e+00
 -7.86108e+00
 -7.86489e+00
 -7.86870e+00
 -7.87251e+00
 -7.87632e+00
 -7.88013e+00
 -7.88394e+00
 -7.88775e+00
 -7.89156e+00
 -7.89537e+00
 -7.89918e+00
 -7.90299e+00
 -7.90680e+00
 -7.91061e+00
 -7.91442e+00
 -7.91823e+00
 -7.92204e+00
 -7.92585e+00
 -7.92966e+00
 -7.93347e+00
 -7.93728e+00
 -7.94109e+00
 -7.94490e+00
 -7.94871e+00
 -7.95252e+00
 -7.95633e+00
 -7.96014e+00
 -7.96395e+00
 -7.96776e+00
 -7.97157e+00
 -7.97538e+00
 -7.97919e+00
 -7.98300e+00
 -7.98681e+00
 -7.99062e+00
 -7.99443e+00
 -7.99824e+00
 -8.00205e+00
 -8.00586e+00
 -8.00967e+00
 -8.01348e+00
 -8.01729e+00
 -8.02110e+00
 -8.02491e+00
 -8.02872e+00
 -8.03253e+00
 -8.03634e+00
 -8.04015e+00
 -8.04396e+00
 -8.04776e+00
 -8.05157e+00
 -8.05538e+00
 -8.05919e+00
 -8.06300e+00
 -8.06681e+00
 -8.07062e+00
 -8.07443e+00
 -8.07824e+00
 -8.08205e+00
 -8.08586e+00
 -8.08967e+00
 -8.09348e+00
 -8.09729e+00
 -8.10110e+00
 -8.10491e+00
 -8.10871e+00
 -8.11252e+00
 -8.11633e+00
 -8.12014e+00
 -8.12395e+00
 -8.12776e+00
 -8.13157e+00
 -8.13538e+00
 -8.13919e+00
 -8.14300e+00
 -8.14681e+00
 -8.15062e+00
 -8.15442e+00
 -8.15823e+00
 -8.16204e+00
 -8.16585e+00
 -8.16966e+00
 -8.17347e+00
 -8.17728e+00
 -8.18109e+00
 -8.18490e+00
 -8.18871e+00
 -8.19251e+00
 -8.19632e+00
 -8.20013e+00
 -8.20394e+00
 -8.20775e+00
 -8.21156e+00
 -8.21537e+00
 -8.21918e+00
 -8.22299e+00
 -8.22679e+00
 -8.23060e+00
 -8.23441e+00
 -8.23822e+00
 -8.24203e+00
 -8.24584e+00
 -8.24965e+00
 -8.25346e+00
 -8.25726e+00
 -8.26107e+00
 -8.26488e+00
 -8.26869e+00
 -8.27250e+00
 -8.27631e+00
 -8.28012e+00
 -8.28392e+00
 -8.28773e+00
 -8.29154e+00
 -8.29535e+00
 -8.29916e+00
 -8.30297e+00
 -8.30678e+00
 -8.31058e+00
 -8.31439e+00
 -8.31820e+00
 -8.32201e+00
 -8.32582e+00
 -8.32963e+00
 -8.33343e+00
 -8.33724e+00
 -8.34105e+00
 -8.34486e+00
 -8.34867e+00
 -8.35248e+00
 -8.35628e+00
 -8.36009e+00
 -8.36390e+00
 -8.36771e+00
 -8.37152e+00
 -8.37533e+00
 -8.37913e+00
 -8.38294e+00
 -8.38675e+00
 -8.39056e+00
 -8.39437e+00
 -8.39818e+00
 -8.40198e+00
 -8.40579e+00
 -8.40960e+00
 -8.41341e+00
 -8.41722e+00
 -8.42102e+00
 -8.42483e+00
 -8.42864e+00
 -8.43245e+00
 -8.43626e+00
 -8.44006e+00
 -8.44387e+00
 -8.44768e+00
 -8.45149e+00
 -8.45530e+00
 -8.45910e+00
 -8.46291e+00
 -8.46672e+00
 -8.47053e+00
 -8.47433e+00
 -8.47814e+00
 -8.48195e+00
 -8.48576e+00
 -8.48957e+00
 -8.49337e+00
 -8.49718e+00
 -8.50099e+00
 -8.50480e+00
 -8.50860e+00
 -8.51241e+00
 -8.51622e+00
 -8.52003e+00
 -8.52384e+00
 -8.52764e+00
 -8.53145e+00
 -8.53526e+00
 -8.53907e+00
 -8.54287e+00
 -8.54668e+00
 -8.55049e+00
 -8.55430e+00
 -8.55810e+00
 -8.56191e+00
 -8.56572e+00
 -8.56953e+00
 -8.57333e+00
 -8.57714e+00
 -8.58095e+00
 -8.58476e+00
 -8.58856e+00
 -8.59237e+00
 -8.59618e+00
 -8.59999e+00
 -8.60379e+00
 -8.60760e+00
 -8.61141e+00
 -8.61521e+00
 -8.61902e+00
 -8.62283e+00
 -8.62664e+00
 -8.63044e+00
 -8.63425e+00
 -8.63806e+00
 -8.64187e+00
 -8.64567e+00
 -8.64948e+00
 -8.65329e+00
 -8.65709e+00
 -8.66090e+00
 -8.66471e+00
 -8.66852e+00
 -8.67232e+00
 -8.67613e+00
 -8.67994e+00
 -8.68374e+00
 -8.68755e+00
 -8.69136e+00
 -8.69516e+00
 -8.69897e+00
 -8.70278e+00
 -8.70659e+00
 -8.71039e+00
 -8.71420e+00
 -8.71801e+00
 -8.72181e+00
 -8.72562e+00
 -8.72943e+00
 -8.73323e+00
 -8.73704e+00
 -8.74085e+00
 -8.74465e+00
 -8.74846e+00
 -8.75227e+00
 -8.75607e+00
 -8.75988e+00
 -8.76369e+00
 -8.76750e+00
 -8.77130e+00
 -8.77511e+00
 -8.77892e+00
 -8.78272e+00
 -8.78653e+00
 -8.79034e+00
 -8.79414e+00
 -8.79795e+00
 -8.80175e+00
 -8.80556e+00
 -8.80937e+00
 -8.81317e+00
 -8.81698e+00
 -8.82079e+00
 -8.82459e+00
 -8.82840e+00
 -8.83221e+00
 -8.83601e+00
 -8.83982e+00
 -8.84363e+00
 -8.84743e+00
 -8.85124e+00
 -8.85505e+00
 -8.85885e+00
 -8.86266e+00
 -8.86646e+00
 -8.87027e+00
 -8.87408e+00
 -8.87788e+00
 -8.88169e+00
 -8.88550e+00
 -8.88930e+00
 -8.89311e+00
 -8.89691e+00
 -8.90072e+00
 -8.90453e+00
 -8.90833e+00
 -8.91214e+00
 -8.91595e+00
 -8.91975e+00
 -8.92356e+00
 -8.92736e+00
 -8.93117e+00
 -8.93498e+00
 -8.93878e+00
 -8.94259e+00
 -8.94639e+00
 -8.95020e+00
 -8.95401e+00
 -8.95781e+00
 -8.96162e+00
 -8.96542e+00
 -8.96923e+00
 -8.97304e+00
 -8.97684e+00
 -8.98065e+00
 -8.98445e+00
 -8.98826e+00
 -8.99207e+00
 -8.99587e+00
 -8.99968e+00
 -9.00348e+00
 -9.00729e+00
 -9.01109e+00
 -9.01490e+00
 -9.01871e+00
 -9.02251e+00
 -9.02632e+00
 -9.03012e+00
 -9.03393e+00
 -9.03773e+00
 -9.04154e+00
 -9.04535e+00
 -9.04915e+00
 -9.05296e+00
 -9.05676e+00
 -9.06057e+00
 -9.06437e+00
 -9.06818e+00
 -9.07199e+00
 -9.07579e+00
 -9.07960e+00
 -9.08340e+00
 -9.08721e+00
 -9.09101e+00
 -9.09482e+00
 -9.09862e+00
 -9.10243e+00
 -9.10623e+00
 -9.11004e+00
 -9.11385e+00
 -9.11765e+00
 -9.12146e+00
 -9.12526e+00
 -9.12907e+00
 -9.13287e+00
 -9.13668e+00
 -9.14048e+00
 -9.14429e+00
 -9.14809e+00
 -9.15190e+00
 -9.15570e+00
 -9.15951e+00
 -9.16331e+00
 -9.16712e+00
 -9.17092e+00
 -9.17473e+00
 -9.17853e+00
 -9.18234e+00
 -9.18615e+00
 -9.18995e+00
 -9.19376e+00
 -9.19756e+00
 -9.20137e+00
 -9.20517e+00
 -9.20898e+00
 -9.21278e+00
 -9.21659e+00
 -9.22039e+00
 -9.22420e+00
 -9.22800e+00
 -9.23181e+00
 -9.23561e+00
 -9.23942e+00
 -9.24322e+00
 -9.24702e+00
 -9.25083e+00
 -9.25463e+00
 -9.25844e+00
 -9.26224e+00
 -9.26605e+00
 -9.26985e+00
 -9.27366e+00
 -9.27746e+00
 -9.28127e+00
 -9.28507e+00
 -9.28888e+00
 -9.29268e+00
 -9.29649e+00
 -9.30029e+00
 -9.30410e+00
 -9.30790e+00
 -9.31171e+00
 -9.31551e+00
 -9.31931e+00
 -9.32312e+00
 -9.32692e+00
 -9.33073e+00
 -9.33453e+00
 -9.33834e+00
 -9.34214e+00
 -9.34595e+00
 -9.34975e+00
 -9.35356e+00
 -9.35736e+00
 -9.36116e+00
 -9.36497e+00
 -9.36877e+00
 -9.37258e+00
 -9.37638e+00
 -9.38019e+00
 -9.38399e+00
 -9.38780e+00
 -9.39160e+00
 -9.39540e+00
 -9.39921e+00
 -9.40301e+00
 -9.40682e+00
 -9.41062e+00
 -9.41443e+00
 -9.41823e+00
 -9.42203e+00
 -9.42584e+00
 -9.42964e+00
 -9.43345e+00
 -9.43725e+00
 -9.44105e+00
 -9.44486e+00
 -9.44866e+00
 -9.45247e+00
 -9.45627e+00
 -9.46007e+00
 -9.46388e+00
 -9.46768e+00
 -9.47149e+00
 -9.47529e+00
 -9.47909e+00
 -9.48290e+00
 -9.48670e+00
 -9.49051e+00
 -9.49431e+00
 -9.49811e+00
 -9.50192e+00
 -9.50572e+00
 -9.50953e+00
 -9.51333e+00
 -9.51713e+00
 -9.52094e+00
 -9.52474e+00
 -9.52855e+00
 -9.53235e+00
 -9.53615e+00
 -9.53996e+00
 -9.54376e+00
 -9.54756e+00
 -9.55137e+00
 -9.55517e+00
 -9.55898e+00
 -9.56278e+00
 -9.56658e+00
 -9.57039e+00
 -9.57419e+00
 -9.57799e+00
 -9.58180e+00
 -9.58560e+00
 -9.58940e+00
 -9.59321e+00
 -9.59701e+00
 -9.60081e+00
 -9.60462e+00
 -9.60842e+00
 -9.61223e+00
 -9.61603e+00
 -9.61983e+00
 -9.62364e+00
 -9.62744e+00
 -9.63124e+00
 -9.63505e+00
 -9.63885e+00
 -9.64265e+00
 -9.64646e+00
 -9.65026e+00
 -9.65406e+00
 -9.65787e+00
 -9.66167e+00
 -9.66547e+00
 -9.66928e+00
 -9.67308e+00
 -9.67688e+00
 -9.68069e+00
 -9.68449e+00
 -9.68829e+00
 -9.69210e+00
 -9.69590e+00
 -9.69970e+00
 -9.70350e+00
 -9.70731e+00
 -9.71111e+00
 -9.71491e+00
 -9.71872e+00
 -9.72252e+00
 -9.72632e+00
 -9.73013e+00
 -9.73393e+00
 -9.73773e+00
 -9.74153e+00
 -9.74534e+00
 -9.74914e+00
 -9.75294e+00
 -9.75675e+00
 -9.76055e+00
 -9.76435e+00
 -9.76816e+00
 -9.77196e+00
 -9.77576e+00
 -9.77956e+00
 -9.78337e+00
 -9.78717e+00
 -9.79097e+00
 -9.79478e+00
 -9.79858e+00
 -9.80238e+00
 -9.80618e+00
 -9.80999e+00
 -9.81379e+00
 -9.81759e+00
 -9.82139e+00
 -9.82520e+00
 -9.82900e+00
 -9.83280e+00
 -9.83660e+00
 -9.84041e+00
 -9.84421e+00
 -9.84801e+00
 -9.85182e+00
 -9.85562e+00
 -9.85942e+00
 -9.86322e+00
 -9.86703e+00
 -9.87083e+00
 -9.87463e+00
 -9.87843e+00
 -9.88223e+00
 -9.88604e+00
 -9.88984e+00
 -9.89364e+00
 -9.89744e+00
 -9.90125e+00
 -9.90505e+00
 -9.90885e+00
 -9.91265e+00
 -9.91646e+00
 -9.92026e+00
 -9.92406e+00
 -9.92786e+00
 -9.93167e+00
 -9.93547e+00
 -9.93927e+00
 -9.94307e+00
 -9.94687e+00
 -9.95068e+00
 -9.95448e+00
 -9.95828e+00
 -9.96208e+00
 -9.96588e+00
 -9.96969e+00
 -9.97349e+00
 -9.97729e+00
 -9.98109e+00
 -9.98490e+00
 -9.98870e+00
 -9.99250e+00
 -9.99630e+00
 -1.00001e+01
 -1.00039e+01
 -1.00077e+01
 -1.00115e+01
 -1.00153e+01
 -1.00191e+01
 -1.00229e+01
 -1.00267e+01
 -1.00305e+01
 -1.00343e+01
 -1.00381e+01
 -1.00419e+01
 -1.00457e+01
 -1.00495e+01
 -1.00533e+01
 -1.00571e+01
 -1.00609e+01
 -1.00647e+01
 -1.00685e+01
 -1.00723e+01
 -1.00761e+01
 -1.00799e+01
 -1.00837e+01
 -1.00875e+01
 -1.00913e+01
 -1.00951e+01
 -1.00989e+01
 -1.01028e+01
 -1.01066e+01
 -1.01104e+01
 -1.01142e+01
 -1.01180e+01
 -1.01218e+01
 -1.01256e+01
 -1.01294e+01
 -1.01332e+01
 -1.01370e+01
 -1.01408e+01
 -1.01446e+01
 -1.01484e+01
 -1.01522e+01
 -1.01560e+01
 -1.01598e+01
 -1.01636e+01
 -1.01674e+01
 -1.01712e+01
 -1.01750e+01
 -1.01788e+01
 -1.01826e+01
 -1.01864e+01
 -1.01902e+01
 -1.01940e+01
 -1.01978e+01
 -1.02016e+01
 -1.02054e+01
 -1.02092e+01
 -1.02130e+01
 -1.02168e+01
 -1.02206e+01
 -1.02244e+01
 -1.02282e+01
 -1.02320e+01
 -1.02358e+01
 -1.02396e+01
 -1.02434e+01
 -1.02472e+01
 -1.02510e+01
 -1.02548e+01
 -1.02586e+01
 -1.02624e+01
 -1.02662e+01
 -1.02700e+01
 -1.02738e+01
 -1.02776e+01
 -1.02814e+01
 -1.02852e+01
 -1.02890e+01
 -1.02928e+01
 -1.02966e+01
 -1.03004e+01
 -1.03042e+01
 -1.03080e+01
 -1.03118e+01
 -1.03156e+01
 -1.03194e+01
 -1.03232e+01
 -1.03270e+01
 -1.03308e+01
 -1.03346e+01
 -1.03384e+01
 -1.03422e+01
 -1.03460e+01
 -1.03498e+01
 -1.03536e+01
 -1.03574e+01
 -1.03612e+01
 -1.03650e+01
 -1.03688e+01
 -1.03726e+01
 -1.03764e+01
 -1.03802e+01
 -1.03840e+01
 -1.03878e+01
 -1.03916e+01
 -1.03954e+01
 -1.03992e+01
 -1.04030e+01
 -1.04068e+01
 -1.04106e+01
 -1.04144e+01
 -1.04182e+01
 -1.04220e+01
 -1.04258e+01
 -1.04296e+01
 -1.04334e+01
 -1.04372e+01
 -1.04410e+01
 -1.04448e+01
 -1.04486e+01
 -1.04524e+01
 -1.04562e+01
 -1.04600e+01
 -1.04638e+01
 -1.04676e+01
 -1.04714e+01
 -1.04752e+01
 -1.04790e+01
 -1.04828e+01
 -1.04866e+01
 -1.04904e+01
 -1.04942e+01
 -1.04980e+01
 -1.05018e+01
 -1.05056e+01
 -1.05094e+01
 -1.05132e+01
 -1.05170e+01
 -1.05208e+01
 -1.05246e+01
 -1.05284e+01
 -1.05322e+01
 -1.05360e+01
 -1.05398e+01
 -1.05436e+01
 -1.05474e+01
 -1.05512e+01
 -1.05550e+01
 -1.05588e+01
 -1.05626e+01
 -1.05664e+01
 -1.05702e+01
 -1.05740e+01
 -1.05778e+01
 -1.05816e+01
 -1.05854e+01
 -1.05892e+01
 -1.05930e+01
 -1.05968e+01
 -1.06006e+01
 -1.06044e+01
 -1.06082e+01
 -1.06120e+01
 -1.06158e+01
 -1.06196e+01
 -1.06234e+01
 -1.06272e+01
 -1.06310e+01
 -1.06348e+01
 -1.06386e+01
 -1.06424e+01
 -1.06462e+01
 -1.06500e+01
 -1.06538e+01
 -1.06576e+01
 -1.06614e+01
 -1.06652e+01
 -1.06690e+01
 -1.06728e+01
 -1.06766e+01
 -1.06804e+01
 -1.06842e+01
 -1.06880e+01
 -1.06918e+01
 -1.06956e+01
 -1.06994e+01
 -1.07032e+01
 -1.07070e+01
 -1.07108e+01
 -1.07146e+01
 -1.07184e+01
 -1.07222e+01
 -1.07260e+01
 -1.07298e+01
 -1.07336e+01
 -1.07374e+01
 -1.07412e+01
 -1.07450e+01
 -1.07488e+01
 -1.07526e+01
 -1.07564e+01
 -1.07602e+01
 -1.07640e+01
 -1.07678e+01
 -1.07716e+01
 -1.07754e+01
 -1.07792e+01
 -1.07830e+01
 -1.07868e+01
 -1.07906e+01
 -1.07944e+01
 -1.07982e+01
 -1.08020e+01
 -1.08058e+01
 -1.08096e+01
 -1.08134e+01
 -1.08172e+01
 -1.08210e+01
 -1.08248e+01
 -1.08286e+01
 -1.08324e+01
 -1.08362e+01
 -1.08400e+01
 -1.08438e+01
 -1.08476e+01
 -1.08514e+01
 -1.08552e+01
 -1.08590e+01
 -1.08628e+01
 -1.08666e+01
 -1.08704e+01
 -1.08742e+01
 -1.08780e+01
 -1.08818e+01
 -1.08856e+01
 -1.08894e+01
 -1.08932e+01
 -1.08970e+01
 -1.09008e+01
 -1.09046e+01
 -1.09084e+01
 -1.09122e+01
 -1.09160e+01
 -1.09198e+01
 -1.09236e+01
 -1.09274e+01
 -1.09312e+01
 -1.09349e+01
 -1.09387e+01
 -1.09425e+01
 -1.09463e+01
 -1.09501e+01
 -1.09539e+01
 -1.09577e+01
 -1.09615e+01
 -1.09653e+01
 -1.09691e+01
 -1.09729e+01
 -1.09767e+01
 -1.09805e+01
 -1.09843e+01
 -1.09881e+01
 -1.09919e+01
 -1.09957e+01
 -1.09995e+01
 -1.10033e+01
 -1.10071e+01
 -1.10109e+01
 -1.10147e+01
 -1.10185e+01
 -1.10223e+01
 -1.10261e+01
 -1.10299e+01
 -1.10337e+01
 -1.10375e+01
 -1.10413e+01
 -1.10451e+01
 -1.10489e+01
 -1.10527e+01
 -1.10565e+01
 -1.10603e+01
 -1.10641e+01
 -1.10679e+01
 -1.10717e+01
 -1.10755e+01
 -1.10793e+01
 -1.10831e+01
 -1.10869e+01
 -1.10907e+01
 -1.10945e+01
 -1.10983e+01
 -1.11021e+01
 -1.11059e+01
 -1.11097e+01
 -1.11135e+01
 -1.11173e+01
 -1.11211e+01
 -1.11248e+01
 -1.11286e+01
 -1.11324e+01
 -1.11362e+01
 -1.11400e+01
 -1.11438e+01
 -1.11476e+01
 -1.11514e+01
 -1.11552e+01
 -1.11590e+01
 -1.11628e+01
 -1.11666e+01
 -1.11704e+01
 -1.11742e+01
 -1.11780e+01
 -1.11818e+01
 -1.11856e+01
 -1.11894e+01
 -1.11932e+01
 -1.11970e+01
 -1.12008e+01
 -1.12046e+01
 -1.12084e+01
 -1.12122e+01
 -1.12160e+01
 -1.12198e+01
 -1.12236e+01
 -1.12274e+01
 -1.12312e+01
 -1.12350e+01
 -1.12388e+01
 -1.12426e+01
 -1.12464e+01
 -1.12502e+01
 -1.12540e+01
 -1.12578e+01
 -1.12616e+01
 -1.12654e+01
 -1.12692e+01
 -1.12729e+01
 -1.12767e+01
 -1.12805e+01
 -1.12843e+01
 -1.12881e+01
 -1.12919e+01
 -1.12957e+01
 -1.12995e+01
 -1.13033e+01
 -1.13071e+01
 -1.13109e+01
 -1.13147e+01
 -1.13185e+01
 -1.13223e+01
 -1.13261e+01
 -1.13299e+01
 -1.13337e+01
 -1.13375e+01
 -1.13413e+01
 -1.13451e+01
 -1.13489e+01
 -1.13527e+01
 -1.13565e+01
 -1.13603e+01
 -1.13641e+01
 -1.13679e+01
 -1.13717e+01
 -1.13755e+01
 -1.13793e+01
 -1.13831e+01
 -1.13869e+01
 -1.13907e+01
 -1.13944e+01
 -1.13982e+01
 -1.14020e+01
 -1.14058e+01
 -1.14096e+01
 -1.14134e+01
 -1.14172e+01
 -1.14210e+01
 -1.14248e+01
 -1.14286e+01
 -1.14324e+01
 -1.14362e+01
 -1.14400e+01
 -1.14438e+01
 -1.14476e+01
 -1.14514e+01
 -1.14552e+01
 -1.14590e+01
 -1.14628e+01
 -1.14666e+01
 -1.14704e+01
 -1.14742e+01
 -1.14780e+01
 -1.14818e+01
 -1.14856e+01
 -1.14894e+01
 -1.14932e+01
 -1.14970e+01
 -1.15007e+01
 -1.15045e+01
 -1.15083e+01
 -1.15121e+01
 -1.15159e+01
 -1.15197e+01
 -1.15235e+01
 -1.15273e+01
 -1.15311e+01
 -1.15349e+01
 -1.15387e+01
 -1.15425e+01
 -1.15463e+01
 -1.15501e+01
 -1.15539e+01
 -1.15577e+01
 -1.15615e+01
 -1.15653e+01
 -1.15691e+01
 -1.15729e+01
 -1.15767e+01
 -1.15805e+01
 -1.15843e+01
 -1.15881e+01
 -1.15919e+01
 -1.15956e+01
 -1.15994e+01
 -1.16032e+01
 -1.16070e+01
 -1.16108e+01
 -1.16146e+01
 -1.16184e+01
 -1.16222e+01
 -1.16260e+01
 -1.16298e+01
 -1.16336e+01
 -1.16374e+01
 -1.16412e+01
 -1.16450e+01
 -1.16488e+01
 -1.16526e+01
 -1.16564e+01
 -1.16602e+01
 -1.16640e+01
 -1.16678e+01
 -1.16716e+01
 -1.16754e+01
 -1.16792e+01
 -1.16829e+01
 -1.16867e+01
 -1.16905e+01
 -1.16943e+01
 -1.16981e+01
 -1.17019e+01
 -1.17057e+01
 -1.17095e+01
 -1.17133e+01
 -1.17171e+01
 -1.17209e+01
 -1.17247e+01
 -1.17285e+01
 -1.17323e+01
 -1.17361e+01
 -1.17399e+01
 -1.17437e+01
 