7.41224
7.40100
7.38975
7.37851
7.36726
7.35602
7.34478
7.33353
7.32229
7.31105
7.29980
7.28856
7.27732
7.26607
7.25483
7.24359
7.23235
7.22111
7.20986
7.19862
7.18738
7.17614
7.16490
7.15366
7.14241
7.13117
7.11993
7.10869
7.09745
7.08621
7.07497
7.06373
7.05249
7.04125
7.03001
7.01877
7.00753
6.99629
6.98505
6.97381
6.96257
6.95133
6.94009
6.92885
6.91762
6.90638
6.89514
6.88390
6.87266
6.86142
6.85019
6.83895
6.82771
6.81647
6.80523
6.79400
6.78276
6.77152
6.76029
6.74905
6.73781
6.72658
6.71534
6.70410
6.69287
6.68163
6.67039
6.65916
6.64792
6.63669
6.62545
6.61422
6.60298
6.59175
6.58051
6.56928
6.55804
6.54681
6.53557
6.52434
6.51310
6.50187
6.49063
6.47940
6.46817
6.45693
6.44570
6.43447
6.42323
6.41200
6.40077
6.38953
6.37830
6.36707
6.35584
6.34460
6.33337
6.32214
6.31091
6.29968
6.28844
6.27721
6.26598
6.25475
6.24352
6.23229
6.22106
6.20983
6.19860
6.18736
6.17613
6.16490
6.15367
6.14244
6.13121
6.11998
6.10875
6.09752
6.08629
6.07507
6.06384
6.05261
6.04138
6.03015
6.01892
6.00769
5.99646
5.98523
5.97401
5.96278
5.95155
5.94032
5.92910
5.91787
5.90664
5.89541
5.88419
5.87296
5.86173
5.85050
5.83928
5.82805
5.81682
5.80560
5.79437
5.78315
5.77192
5.76069
5.74947
5.73824
5.72702
5.71579
5.70457
5.69334
5.68212
5.67089
5.65967
5.64844
5.63722
5.62599
5.61477
5.60355
5.59232
5.58110
5.56987
5.55865
5.54743
5.53620
5.52498
5.51376
5.50253
5.49131
5.48009
5.46887
5.45764
5.44642
5.43520
5.42398
5.41275
5.40153
5.39031
5.37909
5.36787
5.35665
5.34543
5.33420
5.32298
5.31176
5.30054
5.28932
5.27810
5.26688
5.25566
5.24444
5.23322
5.22200
5.21078
5.19956
5.18834
5.17712
5.16590
5.15468
5.14347
5.13225
5.12103
5.10981
5.09859
5.08737
5.07615
5.06494
5.05372
5.04250
5.03128
5.02007
5.00885
4.99763
4.98641
4.97520
4.96398
4.95276
4.94155
4.93033
4.91911
4.90790
4.89668
4.88546
4.87425
4.86303
4.85182
4.84060
4.82939
4.81817
4.80695
4.79574
4.78452
4.77331
4.76210
4.75088
4.73967
4.72845
4.71724
4.70602
4.69481
4.68360
4.67238
4.66117
4.64996
4.63874
4.62753
4.61632
4.60510
4.59389
4.58268
4.57146
4.56025
4.54904
4.53783
4.52662
4.51540
4.50419
4.49298
4.48177
4.47056
4.45935
4.44813
4.43692
4.42571
4.41450
4.40329
4.39208
4.38087
4.36966
4.35845
4.34724
4.33603
4.32482
4.31361
4.30240
4.29119
4.27998
4.26877
4.25756
4.24635
4.23515
4.22394
4.21273
4.20152
4.19031
4.17910
4.16790
4.15669
4.14548
4.13427
4.12306
4.11186
4.10065
4.08944
4.07824
4.06703
4.05582
4.04461
4.03341
4.02220
4.01100
3.99979
3.98858
3.97738
3.96617
3.95497
3.94376
3.93255
3.92135
3.91014
3.89894
3.88773
3.87653
3.86532
3.85412
3.84292
3.83171
3.82051
3.80930
3.79810
3.78690
3.77569
3.76449
3.75328
3.74208
3.73088
3.71967
3.70847
3.69727
3.68607
3.67486
3.66366
3.65246
3.64126
3.63005
3.61885
3.60765
3.59645
3.58525
3.57405
3.56284
3.55164
3.54044
3.52924
3.51804
3.50684
3.49564
3.48444
3.47324
3.46204
3.45084
3.43964
3.42844
3.41724
3.40604
3.39484
3.38364
3.37244
3.36124
3.35004
3.33884
3.32765
3.31645
3.30525
3.29405
3.28285
3.27165
3.26046
3.24926
3.23806
3.22686
3.21567
3.20447
3.19327
3.18207
3.17088
3.15968
3.14848
3.13729
3.12609
3.11489
3.10370
3.09250
3.08131
3.07011
3.05892
3.04772
3.03652
3.02533
3.01413
3.00294
2.99174
2.98055
2.96935
2.95816
2.94697
2.93577
2.92458
2.91338
2.90219
2.89099
2.87980
2.86861
2.85741
2.84622
2.83503
2.82383
2.81264
2.80145
2.79026
2.77906
2.76787
2.75668
2.74549
2.73429
2.72310
2.71191
2.70072
2.68953
2.67834
2.66714
2.65595
2.64476
2.63357
2.62238
2.61119
2.60000
2.58881
2.57762
2.56643
2.55524
2.54405
2.53286
2.52167
2.51048
2.49929
2.48810
2.47691
2.46572
2.45453
2.44334
2.43216
2.42097
2.40978
2.39859
2.38740
2.37621
2.36503
2.35384
2.34265
2.33146
2.32028
2.30909
2.29790
2.28671
2.27553
2.26434
2.25315
2.24197
2.23078
2.21959
2.20841
2.19722
2.18604
2.17485
2.16366
2.15248
2.14129
2.13011
2.11892
2.10774
2.09655
2.08537
2.07418
2.06300
2.05181
2.04063
2.02945
2.01826
2.00708
1.99589
1.98471
1.97353
1.96234
1.95116
1.93998
1.92879
1.91761
1.90643
1.89525
1.88406
1.87288
1.86170
1.85052
1.83933
1.82815
1.81697
1.80579
1.79461
1.78342
1.77224
1.76106
1.74988
1.73870
1.72752
1.71634
1.70516
1.69398
1.68280
1.67162
1.66044
1.64926
1.63808
1.62690
1.61572
1.60454
1.59336
1.58218
1.57100
1.55982
1.54864
1.53746
1.52629
1.51511
1.50393
1.49275
1.48157
1.47039
1.45922
1.44804
1.43686
1.42568
1.41451
1.40333
1.39215
1.38098
1.36980
1.35862
1.34745
1.33627
1.32509
1.31392
1.30274
1.29156
1.28039
1.26921
1.25804
1.24686
1.23569
1.22451
1.21334
1.20216
1.19099
1.17981
1.16864
1.15746
1.14629
1.13511
1.12394
1.11277
1.10159
1.09042
1.07924
1.06807
1.05690
1.04572
1.03455
1.02338
1.01221
1.00103
0.98986
0.97869
0.96752
0.95634
0.94517
0.93400
0.92283
0.91166
0.90048
0.88931
0.87814
0.86697
0.85580
0.84463
0.83346
0.82229
0.81112
0.79995
0.78877
0.77760
0.76643
0.75526
0.74409
0.73292
0.72176
0.71059
0.69942
0.68825
0.67708
0.66591
0.65474
0.64357
0.63240
0.62123
0.61007
0.59890
0.58773
0.57656
0.56539
0.55423
0.54306
0.53189
0.52072
0.50956
0.49839
0.48722
0.47606
0.46489
0.45372
0.44256
0.43139
0.42022
0.40906
0.39789
0.38673
0.37556
0.36439
0.35323
0.34206
0.33090
0.31973
0.30857
0.29740
0.28624
0.27507
0.26391
0.25274
0.24158
0.23042
0.21925
0.20809
0.19692
0.18576
0.17460
0.16343
0.15227
0.14111
0.12994
0.11878
0.10762
0.09646
0.08529
0.07413
0.06297
0.05181
0.04065
0.02948
0.01832
0.00716
-0.00400
-0.01516
-0.02632
-0.03749
-0.04865
-0.05981
-0.07097
-0.08213
-0.09329
-0.10445
-0.11561
-0.12677
-0.13793
-0.14909
-0.16025
-0.17141
-0.18257
-0.19373
-0.20489
-0.21605
-0.22721
-0.23836
-0.24952
-0.26068
-0.27184
-0.28300
-0.29416
-0.30532
-0.31647
-0.32763
-0.33879
-0.34995
-0.36110
-0.37226
-0.38342
-0.39458
-0.40573
-0.41689
-0.42805
-0.43920
-0.45036
-0.46152
-0.47267
-0.48383
-0.49498
-0.50614
-0.51730
-0.52845
-0.53961
-0.55076
-0.56192
-0.57307
-0.58423
-0.59538
-0.60654
-0.61769
-0.62885
-0.64000
-0.65116
-0.66231
-0.67346
-0.68462
-0.69577
-0.70693
-0.71808
-0.72923
-0.74039
-0.75154
-0.76269
-0.77384
-0.78500
-0.79615
-0.80730
-0.81846
-0.82961
-0.84076
-0.85191
-0.86306
-0.87422
-0.88537
-0.89652
-0.90767
-0.91882
-0.92997
-0.94112
-0.95227
-0.96343
-0.97458
-0.98573
-0.99688
-1.00803
-1.01918
-1.03033
-1.04148
-1.05263
-1.06378
-1.07493
-1.08608
-1.09723
-1.10837
-1.11952
-1.13067
-1.14182
-1.15297
-1.16412
-1.17527
-1.18642
-1.19756
-1.20871
-1.21986
-1.23101
-1.24215
-1.25330
-1.26445
-1.27560
-1.28674
-1.29789
-1.30904
-1.32019
-1.33133
-1.34248
-1.35362
-1.36477
-1.37592
-1.38706
-1.39821
-1.40936
-1.42050
-1.43165
-1.44279
-1.45394
-1.46508
-1.47623
-1.48737
-1.49852
-1.50966
-1.52081
-1.53195
-1.54310
-1.55424
-1.56538
-1.57653
-1.58767
-1.59882
-1.60996
-1.62110
-1.63225
-1.64339
-1.65453
-1.66567
-1.67682
-1.68796
-1.69910
-1.71025
-1.72139
-1.73253
-1.74367
-1.75481
-1.76596
-1.77710
-1.78824
-1.79938
-1.81052
-1.82166
-1.83280
-1.84395
-1.85509
-1.86623
-1.87737
-1.88851
-1.89965
-1.91079
-1.92193
-1.93307
-1.94421
-1.95535
-1.96649
-1.97763
-1.98877
-1.99991
-2.01104
-2.02218
-2.03332
-2.04446
-2.05560
-2.06674
-2.07788
-2.08901
-2.10015
-2.11129
-2.12243
-2.13357
-2.14470
-2.15584
-2.16698
-2.17812
-2.18925
-2.20039
-2.21153
-2.22266
-2.23380
-2.24494
-2.25607
-2.26721
-2.27835
-2.28948
-2.30062
-2.31175
-2.32289
-2.33402
-2.34516
-2.35630
-2.36743
-2.37857
-2.38970
-2.40084
-2.41197
-2.42310
-2.43424
-2.44537
-2.45651
-2.46764
-2.47877
-2.48991
-2.50104
-2.51218
-2.52331
-2.53444
-2.54558
-2.55671
-2.56784
-2.57897
-2.59011
-2.60124
-2.61237
-2.62350
-2.63464
-2.64577
-2.65690
-2.66803
-2.67916
-2.69030
-2.70143
-2.71256
-2.72369
-2.73482
-2.74595
-2.75708
-2.76821
-2.77934
-2.79047
-2.80160
-2.81273
-2.82386
-2.83499
-2.84612
-2.85725
-2.86838
-2.87951
-2.89064
-2.90177
-2.91290
-2.92403
-2.93516
-2.94629
-2.95741
-2.96854
-2.97967
-2.99080
-3.00193
-3.01306
-3.02418
-3.03531
-3.04644
-3.05757
-3.06869
-3.07982
-3.09095
-3.10207
-3.11320
-3.12433
-3.13545
-3.14658
-3.15771
-3.16883
-3.17996
-3.19109
-3.20221
-3.21334
-3.22446
-3.23559
-3.24671
-3.25784
-3.26896
-3.28009
-3.29121
-3.30234
-3.31346
-3.32459
-3.33571
-3.34684
-3.35796
-3.36908
-3.38021
-3.39133
-3.40245
-3.41358
-3.42470
-3.43582
-3.44695
-3.45807
-3.46919
-3.48032
-3.49144
-3.50256
-3.51368
-3.52481
-3.53593
-3.54705
-3.55817
-3.56929
-3.58041
-3.59154
-3.60266
-3.61378
-3.62490
-3.63602
-3.64714
-3.65826
-3.66938
-3.68050
-3.69162
-3.70274
-3.71386
-3.72498
-3.73610
-3.74722
-3.75834
-3.76946
-3.78058
-3.79170
-3.80282
-3.81394
-3.82506
-3.83618
-3.84730
-3.85841
-3.86953
-3.88065
-3.89177
-3.90289
-3.91400
-3.92512
-3.93624
-3.94736
-3.95847
-3.96959
-3.98071
-3.99183
-4.00294
-4.01406
-4.02518
-4.03629
-4.04741
-4.05853
-4.06964
-4.08076
-4.09187
-4.10299
-4.11410
-4.12522
-4.13634
-4.14745
-4.15857
-4.16968
-4.18080
-4.19191
-4.20303
-4.21414
-4.22525
-4.23637
-4.24748
-4.25860
-4.26971
-4.28082
-4.29194
-4.30305
-4.31416
-4.32528
-4.33639
-4.34750
-4.35862
-4.36973
-4.38084
-4.39196
-4.40307
-4.41418
-4.42529
-4.43640
-4.44752
-4.45863
-4.46974
-4.48085
-4.49196
-4.50307
-4.51418
-4.52530
-4.53641
-4.54752
-4.55863
-4.56974
-4.58085
-4.59196
-4.60307
-4.61418
-4.62529
-4.63640
-4.64751
-4.65862
-4.66973
-4.68084
-4.69195
-4.70306
-4.71416
-4.72527
-4.73638
-4.74749
-4.75860
-4.76971
-4.78082
-4.79192
-4.80303
-4.81414
-4.82525
-4.83635
-4.84746
-4.85857
-4.86968
-4.88078
-4.89189
-4.90300
-4.91410
-4.92521
-4.93632
-4.94742
-4.95853
-4.96964
-4.98074
-4.99185
-5.00295
-5.01406
-5.02516
-5.03627
-5.04737
-5.05848
-5.06958
-5.08069
-5.09179
-5.10290
-5.11400
-5.12511
-5.13621
-5.14732
-5.15842
-5.16952
-5.18063
-5.19173
-5.20283
-5.21394
-5.22504
-5.23614
-5.24725
-5.25835
-5.26945
-5.28056
-5.29166
-5.30276
-5.31386
-5.32497
-5.33607
-5.34717
-5.35827
-5.36937
-5.38047
-5.39158
-5.40268
-5.41378
-5.42488
-5.43598
-5.44708
-5.45818
-5.46928
-5.48038
-5.49148
-5.50258
-5.51368
-5.52478
-5.53588
-5.54698
-5.55808
-5.56918
-5.58028
-5.59138
-5.60248
-5.61358
-5.62468
-5.63577
-5.64687
-5.65797
-5.66907
-5.68017
-5.69127
-5.70236
-5.71346
-5.72456
-5.73566
-5.74675
-5.75785
-5.76895
-5.78005
-5.79114
-5.80224
-5.81334
-5.82443
-5.83553
-5.84662
-5.85772
-5.86882
-5.87991
-5.89101
-5.90210
-5.91320
-5.92430
-5.93539
-5.94649
-5.95758
-5.96868
-5.97977
-5.99087
-6.00196
-6.01305
-6.02415
-6.03524
-6.04634
-6.05743
-6.06852
-6.07962
-6.09071
-6.10181
-6.11290
-6.12399
-6.13508
-6.14618
-6.15727
-6.16836
-6.17946
-6.19055
-6.20164
-6.21273
-6.22382
-6.23492
-6.24601
-6.25710
-6.26819
-6.27928
-6.29037
-6.30147
-6.31256
-6.32365
-6.33474
-6.34583
-6.35692
-6.36801
-6.37910
-6.39019
-6.40128
-6.41237
-6.42346
-6.43455
-6.44564
-6.45673
-6.46782
-6.47891
-6.49000
-6.50109
-6.51218
-6.52326
-6.53435
-6.54544
-6.55653
-6.56762
-6.57871
-6.58979
-6.60088
-6.61197
-6.62306
-6.63414
-6.64523
-6.65632
-6.66741
-6.67849
-6.68958
-6.70067
-6.71175
-6.72284
-6.73393
-6.74501
-6.75610
-6.76719
-6.77827
-6.78936
-6.80044
-6.81153
-6.82261
-6.83370
-6.84478
-6.85587
-6.86695
-6.87804
-6.88912
-6.90021
-6.91129
-6.92238
-6.93346
-6.94454
-6.95563
-6.96671
-6.97780
-6.98888
-6.99996
-7.01105
-7.02213
-7.03321
-7.04430
-7.05538
-7.06646
-7.07754
-7.08863
-7.09971
-7.11079
-7.12187
-7.13295
-7.14404
-7.15512
-7.16620
-7.17728
-7.18836
-7.19944
-7.21052
-7.22161
-7.23269
-7.24377
-7.25485
-7.26593
-7.27701
-7.28809
-7.29917
-7.31025
-7.32133
-7.33241
-7.34349
-7.35457
-7.36565
-7.37673
-7.38781
-7.39888
-7.40996
-7.42104
-7.43212
-7.44320
-7.45428
-7.46536
-7.47643
-7.48751
-7.49859
-7.50967
-7.52074
-7.53182
-7.54290
-7.55398
-7.56505
-7.57613
-7.58721
-7.59828
-7.60936
-7.62044
-7.63151
-7.64259
-7.65367
-7.66474
-7.67582
-7.68689
-7.69797
-7.70904
-7.72012
-7.73120
-7.74227
-7.75335
-7.76442
-7.77550
-7.78657
-7.79764
-7.80872
-7.81979
-7.83087
-7.84194
-7.85302
-7.86409
-7.87516
-7.88624
-7.89731
-7.90838
-7.91946
-7.93053
-7.94160
-7.95267
-7.96375
-7.97482
-7.98589
-7.99696
-8.00804
-8.01911
-8.03018
-8.04125
-8.05232
-8.06340
-8.07447
-8.08554
-8.09661
-8.10768
-8.11875
-8.12982
-8.14089
-8.15196
-8.16303
-8.17410
-8.18517
-8.19624
-8.20731
-8.21838
-8.22945
-8.24052
-8.25159
-8.26266
-8.27373
-8.28480
-8.29587
-8.30694
-8.31801
-8.32908
-8.34014
-8.35121
-8.36228
-8.37335
-8.38442
-8.39548
-8.40655
-8.41762
-8.42869
-8.43975
-8.45082
-8.46189
-8.47296
-8.48402
-8.49509
-8.50616
-8.51722
-8.52829
-8.53936
-8.55042
-8.56149
-8.57255
-8.58362
-8.59468
-8.60575
-8.61682
-8.62788
-8.63895
-8.65001
-8.66108
-8.67214
-8.68321
-8.69427
-8.70533
-8.71640
-8.72746
-8.73853
-8.74959
-8.76065
-8.77172
-8.78278
-8.79384
-8.80491
-8.81597
-8.82703
-8.83810
-8.84916
-8.86022
-8.87129
-8.88235
-8.89341
-8.90447
-8.91553
-8.92660
-8.93766
-8.94872
-8.95978
-8.97084
-8.98190
-8.99296
-9.00403
-9.01509
-9.02615
-9.03721
-9.04827
-9.05933
-9.07039
-9.08145
-9.09251
-9.10357
-9.11463
-9.12569
-9.13675
-9.14781
-9.15887
-9.16993
-9.18099
-9.19205
-9.20310
-9.21416
-9.22522
-9.23628
-9.24734
-9.25840
-9.26945
-9.28051
-9.29157
-9.30263
-9.31369
-9.32474
-9.33580
-9.34686
-9.35791
-9.36897
-9.38003
-9.39109
-9.40214
-9.41320
-9.42425
-9.43531
-9.44637
-9.45742
-9.46848
-9.47953
-9.49059
-9.50165
-9.51270
-9.52376
-9.53481
-9.54587
-9.55692
-9.56798
-9.57903
-9.59009
-9.60114
-9.61219
-9.62325
-9.63430
-9.64536
-9.65641
-9.66746
-9.67852
-9.68957
-9.70062
-9.71168
-9.72273
-9.73378
-9.74484
-9.75589
-9.76694
-9.77799
-9.78905
-9.80010
-9.81115
-9.82220
-9.83325
-9.84430
-9.85536
-9.86641
-9.87746
-9.88851
-9.89956
-9.91061
-9.92166
-9.93271
-9.94376
-9.95481
-9.96587
-9.97692
-9.98797
-9.99902
-10.01007
-10.02111
-10.03216
-10.04321
-10.05426
-10.06531
-10.07636
-10.08741
-10.09846
-10.10951
-10.12056
-10.13161
-10.14265
-10.15370
-10.16475
-10.17580
-10.18685
-10.19789
-10.20894
-10.21999
-10.23104
-10.24208
-10.25313
-10.26418
-10.27522
-10.28627
-10.29732
-10.30836
-10.31941
-10.33046
-10.34150
-10.35255
-10.36359
-10.37464
-10.38569
-10.39673
-10.40778
-10.41882
-10.42987
-10.44091
-10.45196
-10.46300
-10.47405
-10.48509
-10.49614
-10.50718
-10.51822
-10.52927
-10.54031
-10.55136
-10.56240
-10.57344
-10.58449
-10.59553
-10.60657
-10.61762
-10.62866
-10.63970
-10.65074
-10.66179
-10.67283
-10.68387
-10.69491
-10.70596
-10.71700
-10.72804
-10.73908
-10.75012
-10.76116
-10.77221
-10.78325
-10.79429
-10.80533
-10.81637
-10.82741
-10.83845
-10.84949
-10.86053
-10.87157
-10.88261
-10.89365
-10.90469
-10.91573
-10.92677
-10.93781
-10.94885
-10.95989
-10.97093
-10.98197
-10.99301
-11.00404
-11.01508
-11.02612
-11.03716
-11.04820
-11.05924
-11.07027
-11.08131
-11.09235
-11.10339
-11.11442
-11.12546
-11.13650
-11.14754
-11.15857
-11.16961
-11.18065
-11.19168
-11.20272
-11.21376
-11.22479
-11.23583
-11.24687
-11.25790
-11.26894
-11.27997
-11.29101
-11.30204
-11.31308
-11.32411
-11.33515
-11.34618
-11.35722
-11.36825
-11.37929
-11.39032
-11.40136
-11.41239
-11.42342
-11.43446
-11.44549
-11.45653
-11.46756
-11.47859
-11.48963
-11.50066
-11.51169
-11.52273
-11.53376
-11.54479
-11.55582
-11.56686
-11.57789
-11.58892
-11.59995
-11.61098
-11.62202
-11.63305
-11.64408
-11.65511
-11.66614
-11.67717
-11.68820
-11.69924
-11.71027
-11.72130
-11.73233
-11.74336
-11.75439
-11.76542
-11.77645
-11.78748
-11.79851
-11.80954
-11.82057
-11.83160
-11.84263
-11.85366
-11.86469
-11.87571
-11.88674
-11.89777
-11.90880
-11.91983
-11.93086
-11.94189
-11.95291
-11.96394
-11.97497
-11.98600
-11.99703
-12.00805
-12.01908
-12.03011
-12.04113
-12.05216
-12.06319
-12.07422
-12.08524
-12.09627
-12.10730
-12.11832
-12.12935
-12.14037
-12.15140
-12.16243
-12.17345
-12.18448
-12.19550
-12.20653
-12.21755
-12.22858
-12.23960
-12.25063
-12.26165
-12.27268
-12.28370
-12.29473
-12.30575
-12.31677
-12.32780
-12.33882
-12.34985
-12.36087
-12.37189
-12.38292
-12.39394
-12.40496
-12.41598
-12.42701
-12.43803
-12.44905
-12.46008
-12.47110
-12.48212
-12.49314
-12.50416
-12.51519
-12.52621
-12.53723
-12.54825
-12.55927
-12.57029
-12.58131
-12.59234
-12.60336
-12.61438
-12.62540
-12.63642
-12.64744
-12.65846
-12.66948
-12.68050
-12.69152
-12.70254
-12.71356
-12.72458
-12.73560
-12.74662
-12.75764
-12.76865
-12.77967
-12.79069
-12.80171
-12.81273
-12.82375
-12.83477
-12.84578
-12.85680
-12.86782
-12.87884
-12.88986
-12.90087
-12.91189
-12.92291
-12.93393
-12.94494
-12.95596
-12.96698
-12.97799
-12.98901
-13.00003
-13.01104
-13.02206
-13.03307
-13.04409
-13.05511
-13.06612
-13.07714
-13.08815
-13.09917
-13.11018
-13.12120
-13.13221
-13.14323
-13.15424
-13.16526
-13.17627
-13.18729
-13.19830
-13.20932
-13.22033
-13.23134
-13.24236
-13.25337
-13.26438
-13.27540
-13.28641
-13.29742
-13.30844
-13.31945
-13.33046
-13.34148
-13.35249
-13.36350
-13.37451
-13.38552
-13.39654
-13.40755
-13.41856
-13.42957
-13.44058
-13.45159
-13.46261
-13.47362
-13.48463
-13.49564
-13.50665
-13.51766
-13.52867
-13.53968
-13.55069
-13.56170
-13.57271
-13.58372
-13.59473
-13.60574
-13.61675
-13.62776
-13.63877
-13.64978
-13.66079
-13.67180
-13.68281
-13.69381
-13.70482
-13.71583
-13.72684
-13.73785
-13.74886
-13.75986
-13.77087
-13.78188
-13.79289
-13.80390
-13.81490
-13.82591
-13.83692
-13.84792
-13.85893
-13.86994
-13.88094
-13.89195
-13.90296
-13.91396
-13.92497
-13.93598
-13.94698
-13.95799
-13.96899
-13.98000
-13.99100
-14.00201
-14.01301
-14.02402
-14.03502
-14.04603
-14.05703
-14.06804
-14.07904
-14.09005
-14.10105
-14.11205
-14.12306
-14.13406
-14.14507
-14.15607
-14.16707
-14.17808
-14.18908
-14.20008
-14.21109
-14.22209
-14.23309
-14.24409
-14.25510
-14.26610
-14.27710
-14.28810
-14.29910
-14.31011
-14.32111
-14.33211
-14.34311
-14.35411
-14.36511
-14.37611
-14.38712
-14.39812
-14.40912
-14.42012
-14.43112
-14.44212
-14.45312
-14.46412
-14.47512
-14.48612
-14.49712
-14.50812
-14.51912
-14.53012
-14.54112
-14.55212
-14.56311
-14.57411
-14.58511
-14.59611
-14.60711
-14.61811
-14.62911
-14.64010
-14.65110
-14.66210
-14.67310
-14.68410
-14.69509
-14.70609
-14.71709
-14.72808
-14.73908
-14.75008
-14.76108
-14.77207
-14.78307
-14.79406
-14.80506
-14.81606
-14.82705
-14.83805
-14.84905
-14.86004
-14.87104
-14.88203
-14.89303
-14.90402
-14.91502
-14.92601
-14.93701
-14.94800
-14.95900
-14.96999
-14.98099
-14.99198
-15.00297
-15.01397
-15.02496
-15.03596
-15.04695
-15.05794
-15.06894
-15.07993
-15.09092
-15.10192
-15.11291
-15.12390
-15.13489
-15.14589
-15.15688
-15.16787
-15.17886
-15.18985
-15.20085
-15.21184
-15.22283
-15.23382
-15.24481
-15.25580
-15.26680
-15.27779
-15.28878
-15.29977
-15.31076
-15.32175
-15.33274
-15.34373
-15.35472
-15.36571
-15.37670
-15.38769
-15.39868
-15.40967
-15.42066
-15.43165
-15.44264
-15.45363
-15.46461
-15.47560
-15.48659
-15.49758
-15.50857
-15.51956
-15.53055
-15.54153
-15.55252
-15.56351
-15.57450
-15.58549
-15.59647
-15.60746
-15.61845
-15.62943
-15.64042
-15.65141
-15.66239
-15.67338
-15.68437
-15.69535
-15.70634
-15.71733
-15.72831
-15.73930
-15.75028
-15.76127
-15.77226
-15.78324
-15.79423
-15.80521
-15.81620
-15.82718
-15.83817
-15.84915
-15.86014
-15.87112
-15.88210
-15.89309
-15.90407
-15.91506
-15.92604
-15.93702
-15.94801
-15.95899
-15.96997
-15.98096
-15.99194
-16.00292
-16.01391
-16.02489
-16.03587
-16.04685
-16.05784
-16.06882
-16.07980
-16.09078
-16.10176
-16.11275
-16.12373
-16.13471
-16.14569
-16.15667
-16.16765
-16.17863
-16.18961
-16.20059
-16.21158
-16.22256
-16.23354
-16.24452
-16.25550
-16.26648
-16.27746
-16.28844
-16.29942
-16.31040
-16.32137
-16.33235
-16.34333
-16.35431
-16.36529
-16.37627
-16.38725
-16.39823
-16.40921
-16.42018
-16.43116
-16.44214
-16.45312
-16.46410
-16.47507
-16.48605
-16.49703
-16.50801
-16.51898
-16.52996
-16.54094
-16.55191
-16.56289
-16.57387
-16.58484
-16.59582
-16.60680
-16.61777
-16.62875
-16.63972
-16.65070
-16.66167
-16.67265
-16.68363
-16.69460
-16.70558
-16.71655
-16.72753
-16.73850
-16.74947
-16.76045
-16.77142
-16.78240
-16.79337
-16.80435
-16.81532
-16.82629
-16.83727
-16.84824
-16.85921
-16.87019
-16.88116
-16.89213
-16.90311
-16.91408
-16.92505
-16.93602
-16.94700
-16.95797
-16.96894
-16.97991
-16.99088
-17.00186
-17.01283
-17.02380
-17.03477
-17.04574
-17.05671
-17.06768
-17.07866
-17.08963
-17.10060
-17.11157
-17.12254
-17.13351
-17.14448
-17.15545
-17.16642
-17.17739
-17.18836
-17.19933
-17.21030
-17.22127
-17.23224
-17.24320
-17.25417
-17.26514
-17.27611
-17.28708
-17.29805
-17.30902
-17.31999
-17.33095
-17.34192
-17.35289
-17.36386
-17.37482
-17.38579
-17.39676
-17.40773
-17.41869
-17.42966
-17.44063
-17.45159
-17.46256
-17.47353
-17.48449
-17.49546
-17.50643
-17.51739
-17.52836
-17.53932
-17.55029
-17.56126
-17.57222
-17.58319
-17.59415
-17.60512
-17.61608
-17.62705
-17.63801
-17.64898
-17.65994
-17.67090
-17.68187
-17.69283
-17.70380
-17.71476
-17.72572
-17.73669
-17.74765
-17.75861
-17.76958
-17.78054
-17.79150
-17.80247
-17.81343
-17.82439
-17.83535
-17.84632
-17.85728
-17.86824
-17.87920
-17.89016
-17.90113
-17.91209
-17.92305
-17.93401
-17.94497
-17.95593
-17.96689
-17.97786
-17.98882
-17.99978
-18.01074
-18.02170
-18.03266
-18.04362
-18.05458
-18.06554
-18.07650
-18.08746
-18.09842
-18.10938
-18.12034
-18.13129
-18.14225
-18.15321
-18.16417
-18.17513
-18.18609
-18.19705
-18.20801
-18.21896
-18.22992
-18.24088
-18.25184
-18.26280
-18.27375
-18.28471
-18.29567
-18.30663
-18.31758
-18.32854
-18.33950
-18.35045
-18.36141
-18.37237
-18.38332
-18.39428
-18.40523
-18.41619
-18.42715
-18.43810
-18.44906
-18.46001
-18.47097
-18.48192
-18.49288
-18.50383
-18.51479
-18.52574
-18.53670
-18.54765
-18.55861
-18.56956
-18.58052
-18.59147
-18.60242
-18.61338
-18.62433
-18.63528
-18.64624
-18.65719
-18.66814
-18.67910
-18.69005
-18.70100
-18.71196
-18.72291
-18.73386
-18.74481
-18.75577
-18.76672
-18.77767
-18.78862
-18.79957
-18.81053
-18.82148
-18.83243
-18.84338
-18.85433
-18.86528
-18.87623
-18.88718
-18.89813
-18.90908
-18.92003
-18.93098
-18.94193
-18.95288
-18.96383
-18.97478
-18.98573
-18.99668
-19.00763
-19.01858
-19.02953
-19.04048
-19.05143
-19.06238
-19.07333
-19.08428
-19.09522
-19.10617
-19.11712
-19.12807
-19.13902
-19.14996
-19.16091
-19.17186
-19.18281
-19.19375
-19.20470
-19.21565
-19.22660
-19.23754
-19.24849
-19.25944
-19.27038
-19.28133
-19.29227
-19.30322
-19.31417
-19.32511
-19.33606
-19.34700
-19.35795
-19.36889
-19.37984
-19.39078
-19.40173
-19.41267
-19.42362
-19.43456
-19.44551
-19.45645
-19.46740
-19.47834
-19.48929
-19.50023
-19.51117
-19.52212
-19.53306
-19.54400
-19.55495
-19.56589
-19.57683
-19.58778
-19.59872
-19.60966
-19.62060
-19.63155
-19.64249
-19.65343
-19.66437
-19.67531
-19.68626
-19.69720
-19.70814
-19.71908
-19.73002
-19.74096
-19.75191
-19.76285
-19.77379
-19.78473
-19.79567
-19.80661
-19.81755
-19.82849
-19.83943
-19.85037
-19.86131
-19.87225
-19.88319
-19.89413
-19.90507
-19.91601
-19.92695
-19.93788
-19.94882
-19.95976
-19.97070
-19.98164
-19.99258
-20.00352
-20.01445
-20.02539
-20.03633
-20.04727
-20.05821
-20.06914
-20.08008
-20.09102
-20.10196
-20.11289
-20.12383
-20.13477
-20.14570
-20.15664
-20.16758
-20.17851
-20.18945
-20.20038
-20.21132
-20.22226
-20.23319
-20.24413
-20.25506
-20.26600
-20.27693
-20.28787
-20.29880
-20.30974
-20.32067
-20.33161
-20.34254
-20.35348
-20.36441
-20.37535
-20.38628
-20.39721
-20.40815
-20.41908
-20.43001
-20.44095
-20.45188
-20.46281
-20.47375
-20.48468
-20.49561
-20.50655
-20.51748
-20.52841
-20.53934
-20.55027
-20.56121
-20.57214
-20.58307
-20.59400
-20.60493
-20.61587
-20.62680
-20.63773
-20.64866
-20.65959
-20.67052
-20.68145
-20.69238
-20.70331
-20.71424
-20.72517
-20.73610
-20.74703
-20.75796
-20.76889
-20.77982
-20.79075
-20.80168
-20.81261
-20.82354
-20.83447
-20.84540
-20.85633
-20.86725
-20.87818
-20.88911
-20.90004
-20.91097
-20.92190
-20.93282
-20.94375
-20.95468
-20.96561
-20.97653
-20.98746
-20.99839
-21.00932
-21.02024
-21.03117
-21.04210
-21.05302
-21.06395
-21.07488
-21.08580
-21.09673
-21.10765
-21.11858
-21.12951
-21.14043
-21.15136
-21.16228
-21.17321
-21.18413
-21.19506
-21.20598
-21.21691
-21.22783
-21.23876
-21.24968
-21.26060
-21.27153
-21.28245
-21.29338
-21.30430
-21.31522
-21.32615
-21.33707
-21.34799
-21.35892
-21.36984
-21.38076
-21.39169
-21.40261
-21.41353
-21.42445
-21.43538
-21.44630
-21.45722
-21.46814
-21.47906
-21.48999
-21.50091
-21.51183
-21.52275
-21.53367
-21.54459
-21.55551
-21.56643
-21.57735
-21.58828
-21.59920
-21.61012
-21.62104
-21.63196
-21.64288
-21.65380
-21.66472
-21.67564
-21.68656
-21.69747
-21.70839
-21.71931
-21.73023
-21.74115
-21.75207
-21.76299
-21.77391
-21.78483
-21.79574
-21.80666
-21.81758
-21.82850
-21.83942
-21.85033
-21.86125
-21.87217
-21.88309
-21.89400
-21.90492
-21.91584
-21.92675
-21.93767
-21.94859
-21.95950
-21.97042
-21.98134
-21.99225
-22.00317
-22.01408
-22.02500
-22.03591
-22.04683
-22.05775
-22.06866
-22.07958
-22.09049
-22.10141
-22.11232
-22.12324
-22.13415
-22.14506
-22.15598
-22.16689
-22.17781
-22.18872
-22.19963
-22.21055
-22.22146
-22.23237
-22.24329
-22.25420
-22.26511
-22.27603
-22.28694
-22.29785
-22.30877
-22.31968
-22.33059
-22.34150
-22.35241
-22.36333
-22.37424
-22.38515
-22.39606
-22.40697
-22.41788
-22.42880
-22.43971
-22.45062
-22.46153
-22.47244
-22.48335
-22.49426
-22.50517
-22.51608
-22.52699
-22.53790
-22.54881
-22.55972
-22.57063
-22.58154
-22.59245
-22.60336
-22.61427
-22.62518
-22.63609
-22.64699
-22.65790
-22.66881
-22.67972
-22.69063
-22.70154
-22.71244
-22.72335
-22.73426
-22.74517
-22.75607
-22.76698
-22.77789
-22.78880
-22.79970
-22.81061
-22.82152
-22.83242
-22.84333
-22.85424
-22.86514
-22.87605
-22.88696
-22.89786
-22.90877
-22.91967
-22.93058
-22.94148
-22.95239
-22.96330
-22.97420
-22.98511
-22.99601
-23.00692
-23.01782
-23.02872
-23.03963
-23.05053
-23.06144
-23.07234
-23.08325
-23.09415
-23.10505
-23.11596
-23.12686
-23.13776
-23.14867
-23.15957
-23.17047
-23.18137
-23.19228
-23.20318
-23.21408
-23.22498
-23.23589
-23.24679
-23.25769
-23.26859
-23.27949
-23.29040
-23.30130
-23.31220
-23.32310
-23.33400
-23.34490
-23.35580
-23.36670
-23.37760
-23.38850
-23.39941
-23.41031
-23.42121
-23.43211
-23.44301
-23.45391
-23.46481
-23.47570
-23.48660
-23.49750
-23.50840
-23.51930
-23.53020
-23.54110
-23.55200
-23.56290
-23.57379
-23.58469
-23.59559
-23.60649
-23.61739
-23.62829
-23.63918
-23.65008
-23.66098
-23.67188
-23.68277
-23.69367
-23.70457
-23.71546
-23.72636
-23.73726
-23.74815
-23.75905
-23.76995
-23.78084
-23.79174
-23.80263
-23.81353
-23.82443
-23.83532
-23.84622
-23.85711
-23.86801
-23.87890
-23.88980
-23.90069
-23.91159
-23.92248
-23.93337
-23.94427
-23.95516
-23.96606
-23.97695
-23.98784
-23.99874
-24.00963
-24.02053
-24.03142
-24.04231
-24.05321
-24.06410
-24.07499
-24.08588
-24.09678
-24.10767
-24.11856
-24.12945
-24.14035
-24.15124
-24.16213
-24.17302
-24.18391
-24.19480
-24.20570
-24.21659
-24.22748
-24.23837
-24.24926
-24.26015
-24.27104
-24.28193
-24.29282
-24.30371
-24.31460
-24.32549
-24.33638
-24.34727
-24.35816
-24.36905
-24.37994
-24.39083
-24.40172
-24.41261
-24.42350
-24.43439
-24.44528
-24.45616
-24.46705
-24.47794
-24.48883
-24.49972
-24.51060
-24.52149
-24.53238
-24.54327
-24.55416
-24.56504
-24.57593
-24.58682
-24.59770
-24.60859
-24.61948
-24.63036
-24.64125
-24.65214
-24.66302
-24.67391
-24.68480
-24.69568
-24.70657
-24.71745
-24.72834
-24.73922
-24.75011
-24.76099
-24.77188
-24.78276
-24.79365
-24.80453
-24.81542
-24.82630
-24.83719
-24.84807
-24.85896
-24.86984
-24.88072
-24.89161
-24.90249
-24.91337
-24.92426
-24.93514
-24.94602
-24.95691
-24.96779
-24.97867
-24.98956
-25.00044
-25.01132
-25.02220
-25.03308
-25.04397
-25.05485
-25.06573
-25.07661
-25.08749
-25.09838
-25.10926
-25.12014
-25.13102
-25.14190
-25.15278
-25.16366
-25.17454
-25.18542
-25.19630
-25.20718
-25.21806
-25.22894
-25.23982
-25.25070
-25.26158
-25.27246
-25.28334
-25.29422
-25.30510
-25.31598
-25.32686
-25.33774
-25.34861
-25.35949
-25.37037
-25.38125
-25.39213
-25.40301
-25.41388
-25.42476
-25.43564
-25.44652
-25.45739
-25.46827
-25.47915
-25.49003
-25.50090
-25.51178
-25.52266
-25.53353
-25.54441
-25.55528
-25.56616
-25.57704
-25.58791
-25.59879
-25.60966
-25.62054
-25.63142
-25.64229
-25.65317
-25.66404
-25.67492
-25.68579
-25.69667
-25.70754
-25.71841
-25.72929
-25.74016
-25.75104
-25.76191
-25.77279
-25.78366
-25.79453
-25.80541
-25.81628
-25.82715
-25.83803
-25.84890
-25.85977
-25.87065
-25.88152
-25.89239
-25.90326
-25.91414
-25.92501
-25.93588
-25.94675
-25.95762
-25.96849
-25.97937
-25.99024
-26.00111
-26.01198
-26.02285
-26.03372
-26.04459
-26.05546
-26.06633
-26.07721
-26.08808
-26.09895
-26.10982
-26.12069
-26.13156
-26.14243
-26.15330
-26.16416
-26.17503
-26.18590
-26.19677
-26.20764
-26.21851
-26.22938
-26.24025
-26.25112
-26.26198
-26.27285
-26.28372
-26.29459
-26.30546
-26.31633
-26.32719
-26.33806
-26.34893
-26.35980
-26.37066
-26.38153
-26.39240
-26.40326
-26.41413
-26.42500
-26.43586
-26.44673
-26.45760
-26.46846
-26.47933
-26.49019
-26.50106
-26.51193
-26.52279
-26.53366
-26.54452
-26.55539
-26.56625
-26.57712
-26.58798
-26.59885
-26.60971
-26.62057
-26.63144
-26.64230
-26.65317
-26.66403
-26.67490
-26.68576
-26.69662
-26.70749
-26.71835
-26.72921
-26.74008
-26.75094
-26.76180
-26.77266
-26.78353
-26.79439
-26.80525
-26.81611
-26.82698
-26.83784
-26.84870
-26.85956
-26.87042
-26.88128
-26.89215
-26.90301
-26.91387
-26.92473
-26.93559
-26.94645
-26.95731
-26.96817
-26.97903
-26.98989
-27.00075
-27.01161
-27.02247
-27.03333
-27.04419
-27.05505
-27.06591
-27.07677
-27.08763
-27.09849
-27.10935
-27.12021
-27.13107
-27.14192
-27.15278
-27.16364
-27.17450
-27.18536
-27.19622
-27.20707
-27.21793
-27.22879
-27.23965
-27.25050
-27.26136
-27.27222
-27.28308
-27.29393
-27.30479
-27.31565
-27.32650
-27.33736
-27.34822
-27.35907
-27.36993
-27.38078
-27.39164
-27.40249
-27.41335
-27.42421
-27.43506
-27.44592
-27.45677
-27.46763
-27.47848
-27.48934
-27.50019
-27.51105
-27.52190
-27.53275
-27.54361
-27.55446
-27.56532
-27.57617
-27.58702
-27.59788
-27.60873
-27.61958
-27.63044
-27.64129
-27.65214
-27.66300
-27.67385
-27.68470
-27.69555
-27.70641
-27.71726
-27.72811
-27.73896
-27.74981
-27.76066
-27.77152
-27.78237
-27.79322
-27.80407
-27.81492
-27.82577
-27.83662
-27.84747
-27.85832
-27.86918
-27.88003
-27.89088
-27.90173
-27.91258
-27.92343
-27.93428
-27.94513
-27.95597
-27.96682
-27.97767
-27.98852
-27.99937
-28.01022
-28.02107
-28.03192
-28.04277
-28.05361
-28.06446
-28.07531
-28.08616
-28.09701
-28.10786
-28.11870
-28.12955
-28.14040
-28.15125
-28.16209
-28.17294
-28.18379
-28.19463
-28.20548
-28.21633
-28.22717
-28.23802
-28.24887
-28.25971
-28.27056
-28.28140
-28.29225
-28.30310
-28.31394
-28.32479
-28.33563
-28.34648
-28.35732
-28.36817
-28.37901
-28.38986
-28.40070
-28.41155
-28.42239
-28.43323
-28.44408
-28.45492
-28.46577
-28.47661
-28.48745
-28.49830
-28.50914
-28.51998
-28.53083
-28.54167
-28.55251
-28.56335
-28.57420
-28.58504
-28.59588
-28.60672
-28.61757
-28.62841
-28.63925
-28.65009
-28.66093
-28.67178
-28.68262
-28.69346
-28.70430
-28.71514
-28.72598
-28.73682
-28.74766
-28.75850
-28.76934
-28.78018
-28.79102
-28.80186
-28.81270
-28.82354
-28.83438
-28.84522
-28.85606
-28.86690
-28.87774
-28.88858
-28.89942
-28.91026
-28.92110
-28.93194
-28.94277
-28.95361
-28.96445
-28.97529
-28.98613
-28.99696
-29.00780
-29.01864
-29.02948
-29.04032
-29.05115
-29.06199
-29.07283
-29.08366
-29.09450
-29.10534
-29.11617
-29.12701
-29.13785
-29.14868
-29.15952
-29.17035
-29.18119
-29.19203
-29.20286
-29.21370
-29.22453
-29.23537
-29.24620
-29.25704
-29.26787
-29.27871
-29.28954
-29.30038
-29.31121
-29.32205
-29.33288
-29.34371
-29.35455
-29.36538
-29.37621
-29.38705
-29.39788
-29.40872
-29.41955
-29.43038
-29.44121
-29.45205
-29.46288
-29.47371
-29.48454
-29.49538
-29.50621
-29.51704
-29.52787
-29.53871
-29.54954
-29.56037
-29.57120
-29.58203
-29.59286
-29.60369
-29.61453
-29.62536
-29.63619
-29.64702
-29.65785
-29.66868
-29.67951
-29.69034
-29.70117
-29.71200
-29.72283
-29.73366
-29.74449
-29.75532
-29.76615
-29.77698
-29.78780
-29.79863
-29.80946
-29.82029
-29.83112
-29.84195
-29.85278
-29.86360
-29.87443
-29.88526
-29.89609
-29.90692
-29.91774
-29.92857
-29.93940
-29.95023
-29.96105
-29.97188
-29.98271
-29.99353
-30.00436
-30.01519
-30.02601
-30.03684
-30.04767
-30.05849
-30.06932
-30.08014
-30.09097
-30.10180
-30.11262
-30.12345
-30.13427
-30.14510
-30.15592
-30.16675
-30.17757
-30.18840
-30.19922
-30.21004
-30.22087
-30.23169
-30.24252
-30.25334
-30.26416
-30.27499
-30.28581
-30.29664
-30.30746
-30.31828
-30.32910
-30.33993
-30.35075
-30.36157
-30.37240
-30.38322
-30.39404
-30.40486
-30.41568
-30.42651
-30.43733
-30.44815
-30.45897
-30.46979
-30.48061
-30.49144
-30.50226
-30.51308
-30.52390
-30.53472
-30.54554
-30.55636
-30.56718
-30.57800
-30.58882
-30.59964
-30.61046
-30.62128
-30.63210
-30.64292
-30.65374
-30.66456
-30.67538
-30.68620
-30.69702
-30.70783
-30.71865
-30.72947
-30.74029
-30.75111
-30.76193
-30.77274
-30.78356
-30.79438
-30.80520
-30.81602
-30.82683
-30.83765
-30.84847
-30.85928
-30.87010
-30.88092
-30.89174
-30.90255
-30.91337
-30.92419
-30.93500
-30.94582
-30.95663
-30.96745
-30.97827
-30.98908
-30.99990
-31.01071
-31.02153
-31.03234
-31.04316
-31.05397
-31.06479
-31.07560
-31.08642
-31.09723
-31.10805
-31.11886
-31.12967
-31.14049
-31.15130
-31.16211
-31.17293
-31.18374
-31.19456
-31.20537
-31.21618
-31.22699
-31.23781
-31.24862
-31.25943
-31.27025
-31.28106
-31.29187
-31.30268
-31.31349
-31.32431
-31.33512
-31.34593
-31.35674
-31.36755
-31.37836
-31.38918
-31.39999
-31.41080
-31.42161
-31.43242
-31.44323
-31.45404
-31.46485
-31.47566
-31.48647
-31.49728
-31.50809
-31.51890
-31.52971
-31.54052
-31.55133
-31.56214
-31.57295
-31.58376
-31.59457
-31.60537
-31.61618
-31.62699
-31.63780
-31.64861
-31.65942
-31.67022
-31.68103
-31.69184
-31.70265
-31.71346
-31.72426
-31.73507
-31.74588
-31.75668
-31.76749
-31.77830
-31.78910
-31.79991
-31.81072
-31.82152
-31.83233
-31.84314
-31.85394
-31.86475
-31.87555
-31.88636
-31.89717
-31.90797
-31.91878
-31.92958
-31.94039
-31.95119
-31.96200
-31.97280
-31.98361
-31.99441
-32.00521
-32.01602
-32.02682
-32.03763
-32.04843
-32.05923
-32.07004
-32.08084
-32.09164
-32.10245
-32.11325
-32.12405
-32.13486
-32.14566
-32.15646
-32.16726
-32.17807
-32.18887
-32.19967
-32.21047
-32.22128
-32.23208
-32.24288
-32.25368
-32.26448
-32.27528
-32.28608
-32.29689
-32.30769
-32.31849
-32.32929
-32.34009
-32.35089
-32.36169
-32.37249
-32.38329
-32.39409
-32.40489
-32.41569
-32.42649
-32.43729
-32.44809
-32.45889
-32.46969
-32.48049
-32.49128
-32.50208
-32.51288
-32.52368
-32.53448
-32.54528
-32.55608
-32.56687
-32.57767
-32.58847
-32.59927
-32.61006
-32.62086
-32.63166
-32.64246
-32.65325
-32.66405
-32.67485
-32.68564
-32.69644
-32.70724
-32.71803
-32.72883
-32.73963
-32.75042
-32.76122
-32.77201
-32.78281
-32.79360
-32.80440
-32.81520
-32.82599
-32.83679
-32.84758
-32.85838
-32.86917
-32.87996
-32.89076
-32.90155
-32.91235
-32.92314
-32.93394
-32.94473
-32.95552
-32.96632
-32.97711
-32.98790
-32.99870
-33.00949
-33.02028
-33.03108
-33.04187
-33.05266
-33.06345
-33.07425
-33.08504
-33.09583
-33.10662
-33.11741
-33.12821
-33.13900
-33.14979
-33.16058
-33.17137
-33.18216
-33.19295
-33.20375
-33.21454
-33.22533
-33.23612
-33.24691
-33.25770
-33.26849
-33.27928
-33.29007
-33.30086
-33.31165
-33.32244
-33.33323
-33.34402
-33.35481
-33.36559
-33.37638
-33.38717
-33.39796
-33.40875
-33.41954
-33.43033
-33.44112
-33.45190
-33.46269
-33.47348
-33.48427
-33.49505
-33.50584
-33.51663
-33.52742
-33.53820
-33.54899
-33.55978
-33.57057
-33.58135
-33.59214
-33.60293
-33.61371
-33.62450
-33.63528
-33.64607
-33.65686
-33.66764
-33.67843
-33.68921
-33.70000
-33.71078
-33.72157
-33.73235
-33.74314
-33.75392
-33.76471
-33.77549
-33.78628
-33.79706
-33.80785
-33.81863
-33.82941
-33.84020
-33.85098
-33.86176
-33.87255
-33.88333
-33.89411
-33.90490
-33.91568
-33.92646
-33.93725
-33.94803
-33.95881
-33.96959
-33.98038
-33.99116
-34.00194
-34.01272
-34.02350
-34.03429
-34.04507
-34.05585
-34.06663
-34.07741
-34.08819
-34.09897
-34.10975
-34.12054
-34.13132
-34.14210
-34.15288
-34.16366
-34.17444
-34.18522
-34.19600
-34.20678
-34.21756
-34.22834
-34.23912
-34.24989
-34.26067
-34.27145
-34.28223
-34.29301
-34.30379
-34.31457
-34.32535
-34.33612
-34.34690
-34.35768
-34.36846
-34.37924
-34.39001
-34.40079
-34.41157
-34.42235
-34.43312
-34.44390
-34.45468
-34.46545
-34.47623
-34.48701
-34.49778
-34.50856
-34.51934
-34.53011
-34.54089
-34.55167
-34.56244
-34.57322
-34.58399
-34.59477
-34.60554
-34.61632
-34.62709
-34.63787
-34.64864
-34.65942
-34.67019
-34.68097
-34.69174
-34.70252
-34.71329
-34.72406
-34.73484
-34.74561
-34.75638
-34.76716
-34.77793
-34.78870
-34.79948
-34.81025
-34.82102
-34.83180
-34.84257
-34.85334
-34.86411
-34.87489
-34.88566
-34.89643
-34.90720
-34.91797
-34.92875
-34.93952
-34.95029
-34.96106
-34.97183
-34.98260
-34.99337
-35.00414
-35.01492
-35.02569
-35.03646
-35.04723
-35.05800
-35.06877
-35.07954
-35.09031
-35.10108
-35.11185
-35.12262
-35.13339
-35.14415
-35.15492
-35.16569
-35.17646
-35.18723
-35.19800
-35.20877
-35.21954
-35.23030
-35.24107
-35.25184
-35.26261
-35.27338
-35.28414
-35.29491
-35.30568
-35.31645
-35.32721
-35.33798
-35.34875
-35.35952
-35.37028
-35.38105
-35.39181
-35.40258
-35.41335
-35.42411
-35.43488
-35.44565
-35.45641
-35.46718
-35.47794
-35.48871
-35.49947
-35.51024
-35.52100
-35.53177
-35.54253
-35.55330
-35.56406
-35.57483
-35.58559
-35.59636
-35.60712
-35.61788
-35.62865
-35.63941
-35.65018
-35.66094
-35.67170
-35.68247
-35.69323
-35.70399
-35.71475
-35.72552
-35.73628
-35.74704
-35.75781
-35.76857
-35.77933
-35.79009
-35.80085
-35.81162
-35.82238
-35.83314
-35.84390
-35.85466
-35.86542
-35.87618
-35.88695
-35.89771
-35.90847
-35.91923
-35.92999
-35.94075
-35.95151
-35.96227
-35.97303
-35.98379
-35.99455
-36.00531
-36.01607
-36.02683
-36.03759
-36.04835
-36.05910
-36.06986
-36.08062
-36.09138
-36.10214
-36.11290
-36.12366
-36.13441
-36.14517
-36.15593
-36.16669
-36.17745
-36.18820
-36.19896
-36.20972
-36.22048
-36.23123
-36.24199
-36.25275
-36.26350
-36.27426
-36.28502
-36.29577
-36.30653
-36.31729
-36.32804
-36.33880
-36.34955
-36.36031
-36.37107
-36.38182
-36.39258
-36.40333
-36.41409
-36.42484
-36.43560
-36.44635
-36.45711
-36.46786
-36.47861
-36.48937
-36.50012
-36.51088
-36.52163
-36.53238
-36.54314
-36.55389
-36.56465
-36.57540
-36.58615
-36.59691
-36.60766
-36.61841
-36.62916
-36.63992
-36.65067
-36.66142
-36.67217
-36.68293
-36.69368
-36.70443
-36.71518
-36.72593
-36.73668
-36.74744
-36.75819
-36.76894
-36.77969
-36.79044
-36.80119
-36.81194
-36.82269
-36.83344
-36.84419
-36.85494
-36.86569
-36.87644
-36.88719
-36.89794
-36.90869
-36.91944
-36.93019
-36.94094
-36.95169
-36.96244
-36.97319
-36.98394
-36.99468
-37.00543
-37.01618
-37.02693
-37.03768
-37.04843
-37.05917
-37.06992
-37.08067
-37.09142
-37.10216
-37.11291
-37.12366
-37.13441
-37.14515
-37.15590
-37.16665
-37.17739
-37.18814
-37.19889
-37.20963
-37.22038
-37.23112
-37.24187
-37.25262
-37.26336
-37.27411
-37.28485
-37.29560
-37.30634
-37.31709
-37.32783
-37.33858
-37.34932
-37.36007
-37.37081
-37.38156
-37.39230
-37.40304
-37.41379
-37.42453
-37.43528
-37.44602
-37.45676
-37.46751
-37.47825
-37.48899
-37.49974
-37.51048
-37.52122
-37.53196
-37.54271
-37.55345
-37.56419
-37.57493
-37.58567
-37.59642
-37.60716
-37.61790
-37.62864
-37.63938
-37.65012
-37.66087
-37.67161
-37.68235
-37.69309
-37.70383
-37.71457
-37.72531
-37.73605
-37.74679
-37.75753
-37.76827
-37.77901
-37.78975
-37.80049
-37.81123
-37.82197
-37.83271
-37.84345
-37.85419
-37.86493
-37.87566
-37.88640
-37.89714
-37.90788
-37.91862
-37.92936
-37.94009
-37.95083
-37.96157
-37.97231
-37.98305
-37.99378
-38.00452
-38.01526
-38.02600
-38.03673
-38.04747
-38.05821
-38.06894
-38.07968
-38.09042
-38.10115
-38.11189
-38.12262
-38.13336
-38.14410
-38.15483
-38.16557
-38.17630
-38.18704
-38.19777
-38.20851
-38.21924
-38.22998
-38.24071
-38.25145
-38.26218
-38.27292
-38.28365
-38.29438
-38.30512
-38.31585
-38.32659
-38.33732
-38.34805
-38.35879
-38.36952
-38.38025
-38.39099
-38.40172
-38.41245
-38.42318
-38.43392
-38.44465
-38.45538
-38.46611
-38.47685
-38.48758
-38.49831
-38.50904
-38.51977
-38.53050
-38.54124
-38.55197
-38.56270
-38.57343
-38.58416
-38.59489
-38.60562
-38.61635
-38.62708
-38.63781
-38.64854
-38.65927
-38.67000
-38.68073
-38.69146
-38.70219
-38.71292
-38.72365
-38.73438
-38.74511
-38.75584
-38.76657
-38.77730
-38.78802
-38.79875
-38.80948
-38.82021
-38.83094
-38.84167
-38.85239
-38.86312
-38.87385
-38.88458
-38.89530
-38.90603
-38.91676
-38.92749
-38.93821
-38.94894
-38.95967
-38.97039
-38.98112
-38.99185
-39.00257
-39.01330
-39.02402
-39.03475
-39.04548
-39.05620
-39.06693
-39.07765
-39.08838
-39.09910
-39.10983
-39.12055
-39.13128
-39.14200
-39.15273
-39.16345
-39.17417
-39.18490
-39.19562
-39.20635
-39.21707
-39.22779
-39.23852
-39.24924
-39.25996
-39.27069
-39.28141
-39.29213
-39.30286
-39.31358
-39.32430
-39.33502
-39.34575
-39.35647
-39.36719
-39.37791
-39.38864
-39.39936
-39.41008
-39.42080
-39.43152
-39.44224
-39.45296
-39.46369
-39.47441
-39.48513
-39.49585
-39.50657
-39.51729
-39.52801
-39.53873
-39.54945
-39.56017
-39.57089
-39.58161
-39.59233
-39.60305
-39.61377
-39.62449
-39.63521
-39.64593
-39.65664
-39.66736
-39.67808
-39.68880
-39.69952
-39.71024
-39.72096
-39.73167
-39.74239
-39.75311
-39.76383
-39.77455
-39.78526
-39.79598
-39.80670
-39.81741
-39.82813
-39.83885
-39.84956
-39.86028
-39.87100
-39.88171
-39.89243
-39.90315
-39.91386
-39.92458
-39.93529
-39.94601
-39.95673
-39.96744
-39.97816
-39.98887
-39.99959
-40.01030
-40.02102
-40.03173
-40.04245
-40.05316
-40.06388
-40.07459
-40.08530
-40.09602
-40.10673
-40.11745
-40.12816
-40.13887
-40.14959
-40.16030
-40.17101
-40.18173
-40.19244
-40.20315
-40.21386
-40.22458
-40.23529
-40.24600
-40.25671
-40.26743
-40.27814
-40.28885
-40.29956
-40.31027
-40.32098
-40.33170
-40.34241
-40.35312
-40.36383
-40.37454
-40.38525
-40.39596
-40.40667
-40.41738
-40.42809
-40.43880
-40.44951
-40.46022
-40.47093
-40.48164
-40.49235
-40.50306
-40.51377
-40.52448
-40.53519
-40.54590
-40.55661
-40.56732
-40.57802
-40.58873
-40.59944
-40.61015
-40.62086
-40.63157
-40.64227
-40.65298
-40.66369
-40.67440
-40.68510
-40.69581
-40.70652
-40.71723
-40.72793
-40.73864
-40.74935
-40.76005
-40.77076
-40.78147
-40.79217
-40.80288
-40.81358
-40.82429
-40.83500
-40.84570
-40.85641
-40.86711
-40.87782
-40.88852
-40.89923
-40.90993
-40.92064
-40.93134
-40.94205
-40.95275
-40.96346
-40.97416
-40.98486
-40.99557
-41.00627
-41.01698
-41.02768
-41.03838
-41.04909
-41.05979
-41.07049
-41.08120
-41.09190
-41.10260
-41.11330
-41.12401
-41.13471
-41.14541
-41.15611
-41.16682
-41.17752
-41.18822
-41.19892
-41.20962
-41.22032
-41.23103
-41.24173
-41.25243
-41.26313
-41.27383
-41.28453
-41.29523
-41.30593
-41.31663
-41.32733
-41.33803
-41.34873
-41.35943
-41.37013
-41.38083
-41.39153
-41.40223
-41.41293
-41.42363
-41.43433
-41.44503
-41.45573
-41.46642
-41.47712
-41.48782
-41.49852
-41.50922
-41.51992
-41.53061
-41.54131
-41.55201
-41.56271
-41.57341
-41.58410
-41.59480
-41.60550
-41.61619
-41.62689
-41.63759
-41.64828
-41.65898
-41.66968
-41.68037
-41.69107
-41.70177
-41.71246
-41.72316
-41.73385
-41.74455
-41.75525
-41.76594
-41.77664
-41.78733
-41.79803
-41.80872
-41.81942
-41.83011
-41.84080
-41.85150
-41.86219
-41.87289
-41.88358
-41.89428
-41.90497
-41.91566
-41.92636
-41.93705
-41.94774
-41.95844
-41.96913
-41.97982
-41.99052
-42.00121
-42.01190
-42.02259
-42.03329
-42.04398
-42.05467
-42.06536
-42.07605
-42.08675
-42.09744
-42.10813
-42.11882
-42.12951
-42.14020
-42.15089
-42.16159
-42.17228
-42.18297
-42.19366
-42.20435
-42.21504
-42.22573
-42.23642
-42.24711
-42.25780
-42.26849
-42.27918
-42.28987
-42.30056
-42.31125
-42.32194
-42.33262
-42.34331
-42.35400
-42.36469
-42.37538
-42.38607
-42.39676
-42.40744
-42.41813
-42.42882
-42.43951
-42.45020
-42.46088
-42.47157
-42.48226
-42.49295
-42.50363
-42.51432
-42.52501
-42.53569
-42.54638
-42.55707
-42.56775
-42.57844
-42.58913
-42.59981
-42.61050
-42.62118
-42.63187
-42.64256
-42.65324
-42.66393
-42.67461
-42.68530
-42.69598
-42.70667
-42.71735
-42.72804
-42.73872
-42.74940
-42.76009
-42.77077
-42.78146
-42.79214
-42.80283
-42.81351
-42.82419
-42.83488
-42.84556
-42.85624
-42.86693
-42.87761
-42.88829
-42.89897
-42.90966
-42.92034
-42.93102
-42.94170
-42.95239
-42.96307
-42.97375
-42.98443
-42.99511
-43.00579
-43.01648
-43.02716
-43.03784
-43.04852
-43.05920
-43.06988
-43.08056
-43.09124
-43.10192
-43.11260
-43.12328
-43.13396
-43.14464
-43.15532
-43.16600
-43.17668
-43.18736
-43.19804
-43.20872
-43.21940
-43.23008
-43.24076
-43.25144
-43.26212
-43.27279
-43.28347
-43.29415
-43.30483
-43.31551
-43.32619
-43.33686
-43.34754
-43.35822
-43.36890
-43.37957
-43.39025
-43.40093
-43.41160
-43.42228
-43.43296
-43.44363
-43.45431
-43.46499
-43.47566
-43.48634
-43.49702
-43.50769
-43.51837
-43.52904
-43.53972
-43.55039
-43.56107
-43.57175
-43.58242
-43.59310
-43.60377
-43.61445
-43.62512
-43.63579
-43.64647
-43.65714
-43.66782
-43.67849
-43.68917
-43.69984
-43.71051
-43.72119
-43.73186
-43.74253
-43.75321
-43.76388
-43.77455
-43.78522
-43.79590
-43.80657
-43.81724
-43.82792
-43.83859
-43.84926
-43.85993
-43.87060
-43.88128
-43.89195
-43.90262
-43.91329
-43.92396
-43.93463
-43.94530
-43.95597
-43.96664
-43.97732
-43.98799
-43.99866
-44.00933
-44.02000
-44.03067
-44.04134
-44.05201
-44.06268
-44.07335
-44.08402
-44.09469
-44.10535
-44.11602
-44.12669
-44.13736
-44.14803
-44.15870
-44.16937
-44.18004
-44.19070
-44.20137
-44.21204
-44.22271
-44.23338
-44.24404
-44.25471
-44.26538
-44.27605
-44.28671
-44.29738
-44.30805
-44.31872
-44.32938
-44.34005
-44.35072
-44.36138
-44.37205
-44.38271
-44.39338
-44.40405
-44.41471
-44.42538
-44.43604
-44.44671
-44.45737
-44.46804
-44.47870
-44.48937
-44.50003
-44.51070
-44.52136
-44.53203
-44.54269
-44.55336
-44.56402
-44.57468
-44.58535
-44.59601
-44.60668
-44.61734
-44.62800
-44.63867
-44.64933
-44.65999
-44.67066
-44.68132
-44.69198
-44.70264
-44.71331
-44.72397
-44.73463
-44.74529
-44.75596
-44.76662
-44.77728
-44.78794
-44.79860
-44.80926
-44.81992
-44.83059
-44.84125
-44.85191
-44.86257
-44.87323
-44.88389
-44.89455
-44.90521
-44.91587
-44.92653
-44.93719
-44.94785
-44.95851
-44.96917
-44.97983
-44.99049
-45.00115
-45.01181
-45.02247
-45.03313
-45.04378
-45.05444
-45.06510
-45.07576
-45.08642
-45.09708
-45.10773
-45.11839
-45.12905
-45.13971
-45.15037
-45.16102
-45.17168
-45.18234
-45.19299
-45.20365
-45.21431
-45.22497
-45.23562
-45.24628
-45.25694
-45.26759
-45.27825
-45.28890
-45.29956
-45.31022
-45.32087
-45.33153
-45.34218
-45.35284
-45.36349
-45.37415
-45.38480
-45.39546
-45.40611
-45.41677
-45.42742
-45.43808
-45.44873
-45.45938
-45.47004
-45.48069
-45.49135
-45.50200
-45.51265
-45.52331
-45.53396
-45.54461
-45.55527
-45.56592
-45.57657
-45.58722
-45.59788
-45.60853
-45.61918
-45.62983
-45.64049
-45.65114
-45.66179
-45.67244
-45.68309
-45.69375
-45.70440
-45.71505
-45.72570
-45.73635
-45.74700
-45.75765
-45.76830
-45.77895
-45.78960
-45.80025
-45.81090
-45.82155
-45.83220
-45.84285
-45.85350
-45.86415
-45.87480
-45.88545
-45.89610
-45.90675
-45.91740
-45.92805
-45.93870
-45.94935
-45.96000
-45.97064
-45.98129
-45.99194
-46.00259
-46.01324
-46.02388
-46.03453
-46.04518
-46.05583
-46.06647
-46.07712
-46.08777
-46.09842
-46.10906
-46.11971
-46.13036
-46.14100
-46.15165
-46.16230
-46.17294
-46.18359
-46.19423
-46.20488
-46.21553
-46.22617
-46.23682
-46.24746
-46.25811
-46.26875
-46.27940
-46.29004
-46.30069
-46.31133
-46.32198
-46.33262
-46.34326
-46.35391
-46.36455
-46.37520
-46.38584
-46.39648
-46.40713
-46.41777
-46.42841
-46.43906
-46.44970
-46.46034
-46.47099
-46.48163
-46.49227
-46.50291
-46.51356
-46.52420
-46.53484
-46.54548
-46.55613
-46.56677
-46.57741
-46.58805
-46.59869
-46.60933
-46.61997
-46.63062
-46.64126
-46.65190
-46.66254
-46.67318
-46.68382
-46.69446
-46.70510
-46.71574
-46.72638
-46.73702
-46.74766
-46.75830
-46.76894
-46.77958
-46.79022
-46.80086
-46.81150
-46.82213
-46.83277
-46.84341
-46.85405
-46.86469
-46.87533
-46.88597
-46.89660
-46.90724
-46.91788
-46.92852
-46.93915
-46.94979
-46.96043
-46.97107
-46.98170
-46.99234
-47.00298
-47.01362
-47.02425
-47.03489
-47.04552
-47.05616
-47.06680
-47.07743
-47.08807
-47.09871
-47.10934
-47.11998
-47.13061
-47.14125
-47.15188
-47.16252
-47.17315
-47.18379
-47.19442
-47.20506
-47.21569
-47.22633
-47.23696
-47.24759
-47.25823
