-3.01584
-3.00872
-3.00160
-2.99448
-2.98736
-2.98024
-2.97312
-2.96600
-2.95888
-2.95176
-2.94464
-2.93752
-2.93040
-2.92328
-2.91616
-2.90904
-2.90192
-2.89480
-2.88768
-2.88056
-2.87344
-2.86632
-2.85920
-2.85208
-2.84495
-2.83783
-2.83071
-2.82359
-2.81647
-2.80935
-2.80223
-2.79511
-2.78799
-2.78087
-2.77375
-2.76662
-2.75950
-2.75238
-2.74526
-2.73814
-2.73102
-2.72390
-2.71677
-2.70965
-2.70253
-2.69541
-2.68829
-2.68117
-2.67404
-2.66692
-2.65980
-2.65268
-2.64556
-2.63843
-2.63131
-2.62419
-2.61707
-2.60995
-2.60282
-2.59570
-2.58858
-2.58146
-2.57433
-2.56721
-2.56009
-2.55297
-2.54584
-2.53872
-2.53160
-2.52447
-2.51735
-2.51023
-2.50311
-2.49598
-2.48886
-2.48174
-2.47461
-2.46749
-2.46037
-2.45324
-2.44612
-2.43900
-2.43187
-2.42475
-2.41762
-2.41050
-2.40338
-2.39625
-2.38913
-2.38201
-2.37488
-2.36776
-2.36063
-2.35351
-2.34639
-2.33926
-2.33214
-2.32501
-2.31789
-2.31076
-2.30364
-2.29651
-2.28939
-2.28227
-2.27514
-2.26802
-2.26089
-2.25377
-2.24664
-2.23952
-2.23239
-2.22527
-2.21814
-2.21102
-2.20389
-2.19677
-2.18964
-2.18252
-2.17539
-2.16826
-2.16114
-2.15401
-2.14689
-2.13976
-2.13264
-2.12551
-2.11839
-2.11126
-2.10413
-2.09701
-2.08988
-2.08276
-2.07563
-2.06850
-2.06138
-2.05425
-2.04712
-2.04000
-2.03287
-2.02574
-2.01862
-2.01149
-2.00437
-1.99724
-1.99011
-1.98299
-1.97586
-1.96873
-1.96160
-1.95448
-1.94735
-1.94022
-1.93310
-1.92597
-1.91884
-1.91171
-1.90459
-1.89746
-1.89033
-1.88321
-1.87608
-1.86895
-1.86182
-1.85469
-1.84757
-1.84044
-1.83331
-1.82618
-1.81906
-1.81193
-1.80480
-1.79767
-1.79054
-1.78342
-1.77629
-1.76916
-1.76203
-1.75490
-1.74777
-1.74064
-1.73352
-1.72639
-1.71926
-1.71213
-1.70500
-1.69787
-1.69074
-1.68362
-1.67649
-1.66936
-1.66223
-1.65510
-1.64797
-1.64084
-1.63371
-1.62658
-1.61945
-1.61232
-1.60519
-1.59806
-1.59093
-1.58381
-1.57668
-1.56955
-1.56242
-1.55529
-1.54816
-1.54103
-1.53390
-1.52677
-1.51964
-1.51251
-1.50538
-1.49825
-1.49112
-1.48399
-1.47685
-1.46972
-1.46259
-1.45546
-1.44833
-1.44120
-1.43407
-1.42694
-1.41981
-1.41268
-1.40555
-1.39842
-1.39129
-1.38416
-1.37702
-1.36989
-1.36276
-1.35563
-1.34850
-1.34137
-1.33424
-1.32710
-1.31997
-1.31284
-1.30571
-1.29858
-1.29145
-1.28432
-1.27718
-1.27005
-1.26292
-1.25579
-1.24866
-1.24152
-1.23439
-1.22726
-1.22013
-1.21299
-1.20586
-1.19873
-1.19160
-1.18447
-1.17733
-1.17020
-1.16307
-1.15593
-1.14880
-1.14167
-1.13454
-1.12740
-1.12027
-1.11314
-1.10600
-1.09887
-1.09174
-1.08461
-1.07747
-1.07034
-1.06321
-1.05607
-1.04894
-1.04181
-1.03467
-1.02754
-1.02040
-1.01327
-1.00614
-0.99900
-0.99187
-0.98474
-0.97760
-0.97047
-0.96333
-0.95620
-0.94907
-0.94193
-0.93480
-0.92766
-0.92053
-0.91339
-0.90626
-0.89912
-0.89199
-0.88486
-0.87772
-0.87059
-0.86345
-0.85632
-0.84918
-0.84205
-0.83491
-0.82778
-0.82064
-0.81351
-0.80637
-0.79924
-0.79210
-0.78497
-0.77783
-0.77069
-0.76356
-0.75642
-0.74929
-0.74215
-0.73502
-0.72788
-0.72075
-0.71361
-0.70647
-0.69934
-0.69220
-0.68507
-0.67793
-0.67079
-0.66366
-0.65652
-0.64938
-0.64225
-0.63511
-0.62798
-0.62084
-0.61370
-0.60657
-0.59943
-0.59229
-0.58516
-0.57802
-0.57088
-0.56375
-0.55661
-0.54947
-0.54233
-0.53520
-0.52806
-0.52092
-0.51379
-0.50665
-0.49951
-0.49237
-0.48524
-0.47810
-0.47096
-0.46382
-0.45669
-0.44955
-0.44241
-0.43527
-0.42813
-0.42100
-0.41386
-0.40672
-0.39958
-0.39244
-0.38531
-0.37817
-0.37103
-0.36389
-0.35675
-0.34961
-0.34248
-0.33534
-0.32820
-0.32106
-0.31392
-0.30678
-0.29964
-0.29251
-0.28537
-0.27823
-0.27109
-0.26395
-0.25681
-0.24967
-0.24253
-0.23539
-0.22825
-0.22111
-0.21397
-0.20684
-0.19970
-0.19256
-0.18542
-0.17828
-0.17114
-0.16400
-0.15686
-0.14972
-0.14258
-0.13544
-0.12830
-0.12116
-0.11402
-0.10688
-0.09974
-0.09260
-0.08546
-0.07832
-0.07118
-0.06404
-0.05690
-0.04975
-0.04261
-0.03547
-0.02833
-0.02119
-0.01405
-0.00691
0.00023
0.00737
0.01451
0.02165
0.02880
0.03594
0.04308
0.05022
0.05736
0.06450
0.07164
0.07878
0.08593
0.09307
0.10021
0.10735
0.11449
0.12163
0.12878
0.13592
0.14306
0.15020
0.15734
0.16449
0.17163
0.17877
0.18591
0.19306
0.20020
0.20734
0.21448
0.22162
0.22877
0.23591
0.24305
0.25020
0.25734
0.26448
0.27162
0.27877
0.28591
0.29305
0.30020
0.30734
0.31448
0.32163
0.32877
0.33591
0.34306
0.35020
0.35734
0.36449
0.37163
0.37877
0.38592
0.39306
0.40020
0.40735
0.41449
0.42164
0.42878
0.43592
0.44307
0.45021
0.45736
0.46450
0.47164
0.47879
0.48593
0.49308
0.50022
0.50737
0.51451
0.52166
0.52880
0.53595
0.54309
0.55024
0.55738
0.56453
0.57167
0.57882
0.58596
0.59311
0.60025
0.60740
0.61454
0.62169
0.62883
0.63598
0.64312
0.65027
0.65741
0.66456
0.67171
0.67885
0.68600
0.69314
0.70029
0.70744
0.71458
0.72173
0.72887
0.73602
0.74317
0.75031
0.75746
0.76460
0.77175
0.77890
0.78604
0.79319
0.80034
0.80748
0.81463
0.82178
0.82892
0.83607
0.84322
0.85037
0.85751
0.86466
0.87181
0.87895
0.88610
0.89325
0.90040
0.90754
0.91469
0.92184
0.92899
0.93613
0.94328
0.95043
0.95758
0.96472
0.97187
0.97902
0.98617
0.99332
1.00046
1.00761
1.01476
1.02191
1.02906
1.03621
1.04335
1.05050
1.05765
1.06480
1.07195
1.07910
1.08625
1.09339
1.10054
1.10769
1.11484
1.12199
1.12914
1.13629
1.14344
1.15059
1.15773
1.16488
1.17203
1.17918
1.18633
1.19348
1.20063
1.20778
1.21493
1.22208
1.22923
1.23638
1.24353
1.25068
1.25783
1.26498
1.27213
1.27928
1.28643
1.29358
1.30073
1.30788
1.31503
1.32218
1.32933
1.33648
1.34363
1.35078
1.35793
1.36508
1.37223
1.37939
1.38654
1.39369
1.40084
1.40799
1.41514
1.42229
1.42944
1.43659
1.44374
1.45090
1.45805
1.46520
1.47235
1.47950
1.48665
1.49380
1.50096
1.50811
1.51526
1.52241
1.52956
1.53672
1.54387
1.55102
1.55817
1.56532
1.57248
1.57963
1.58678
1.59393
1.60108
1.60824
1.61539
1.62254
1.62969
1.63685
1.64400
1.65115
1.65831
1.66546
1.67261
1.67976
1.68692
1.69407
1.70122
1.70838
1.71553
1.72268
1.72984
1.73699
1.74414
1.75130
1.75845
1.76560
1.77276
1.77991
1.78706
1.79422
1.80137
1.80853
1.81568
1.82283
1.82999
1.83714
1.84430
1.85145
1.85860
1.86576
1.87291
1.88007
1.88722
1.89438
1.90153
1.90868
1.91584
1.92299
1.93015
1.93730
1.94446
1.95161
1.95877
1.96592
1.97308
1.98023
1.98739
1.99454
2.00170
2.00885
2.01601
2.02316
2.03032
2.03748
2.04463
2.05179
2.05894
2.06610
2.07325
2.08041
2.08756
2.09472
2.10188
2.10903
2.11619
2.12334
2.13050
2.13766
2.14481
2.15197
2.15913
2.16628
2.17344
2.18060
2.18775
2.19491
2.20207
2.20922
2.21638
2.22354
2.23069
2.23785
2.24501
2.25216
2.25932
2.26648
2.27363
2.28079
2.28795
2.29511
2.30226
2.30942
2.31658
2.32374
2.33089
2.33805
2.34521
2.35237
2.35952
2.36668
2.37384
2.38100
2.38816
2.39531
2.40247
2.40963
2.41679
2.42395
2.43110
2.43826
2.44542
2.45258
2.45974
2.46690
2.47406
2.48121
2.48837
2.49553
2.50269
2.50985
2.51701
2.52417
2.53133
2.53849
2.54564
2.55280
2.55996
2.56712
2.57428
2.58144
2.58860
2.59576
2.60292
2.61008
2.61724
2.62440
2.63156
2.63872
2.64588
2.65304
2.66020
2.66736
2.67452
2.68168
2.68884
2.69600
2.70316
2.71032
2.71748
2.72464
2.73180
2.73896
2.74612
2.75328
2.76044
2.76760
2.77476
2.78192
2.78908
2.79625
2.80341
2.81057
2.81773
2.82489
2.83205
2.83921
2.84637
2.85353
2.86070
2.86786
2.87502
2.88218
2.88934
2.89650
2.90366
2.91083
2.91799
2.92515
2.93231
2.93947
2.94664
2.95380
2.96096
2.96812
2.97528
2.98245
2.98961
2.99677
3.00393
3.01110
3.01826
3.02542
3.03258
3.03975
3.04691
3.05407
3.06123
3.06840
3.07556
3.08272
3.08989
3.09705
3.10421
3.11138
3.11854
3.12570
3.13287
3.14003
3.14719
3.15436
3.16152
3.16868
3.17585
3.18301
3.19017
3.19734
3.20450
3.21166
3.21883
3.22599
3.23316
3.24032
3.24748
3.25465
3.26181
3.26898
3.27614
3.28331
3.29047
3.29764
3.30480
3.31196
3.31913
3.32629
3.33346
3.34062
3.34779
3.35495
3.36212
3.36928
3.37645
3.38361
3.39078
3.39794
3.40511
3.41227
3.41944
3.42660
3.43377
3.44094
3.44810
3.45527
3.46243
3.46960
3.47676
3.48393
3.49110
3.49826
3.50543
3.51259
3.51976
3.52693
3.53409
3.54126
3.54842
3.55559
3.56276
3.56992
3.57709
3.58426
3.59142
3.59859
3.60576
3.61292
3.62009
3.62726
3.63442
3.64159
3.64876
3.65592
3.66309
3.67026
3.67743
3.68459
3.69176
3.69893
3.70609
3.71326
3.72043
3.72760
3.73476
3.74193
3.74910
3.75627
3.76344
3.77060
3.77777
3.78494
3.79211
3.79928
3.80644
3.81361
3.82078
3.82795
3.83512
3.84228
3.84945
3.85662
3.86379
3.87096
3.87813
3.88530
3.89246
3.89963
3.90680
3.91397
3.92114
3.92831
3.93548
3.94265
3.94982
3.95699
3.96415
3.97132
3.97849
3.98566
3.99283
4.00000
4.00717
4.01434
4.02151
4.02868
4.03585
4.04302
4.05019
4.05736
4.06453
4.07170
4.07887
4.08604
4.09321
4.10038
4.10755
4.11472
4.12189
4.12906
4.13623
4.14340
4.15057
4.15774
4.16491
4.17208
4.17926
4.18643
4.19360
4.20077
4.20794
4.21511
4.22228
4.22945
4.23662
4.24379
4.25097
4.25814
4.26531
4.27248
4.27965
4.28682
4.29400
4.30117
4.30834
4.31551
4.32268
4.32985
4.33703
4.34420
4.35137
4.35854
4.36571
4.37289
4.38006
4.38723
4.39440
4.40158
4.40875
4.41592
4.42309
4.43026
4.43744
4.44461
4.45178
4.45896
4.46613
4.47330
4.48047
4.48765
4.49482
4.50199
4.50917
4.51634
4.52351
4.53069
4.53786
4.54503
4.55221
4.55938
4.56655
4.57373
4.58090
4.58807
4.59525
4.60242
4.60960
4.61677
4.62394
4.63112
4.63829
4.64547
4.65264
4.65981
4.66699
4.67416
4.68134
4.68851
4.69569
4.70286
4.71003
4.71721
4.72438
4.73156
4.73873
4.74591
4.75308
4.76026
4.76743
4.77461
4.78178
4.78896
4.79613
4.80331
4.81048
4.81766
4.82483
4.83201
4.83919
4.84636
4.85354
4.86071
4.86789
4.87506
4.88224
4.88942
4.89659
4.90377
4.91094
4.91812
4.92530
4.93247
4.93965
4.94682
4.95400
4.96118
4.96835
4.97553
4.98271
4.98988
4.99706
5.00424
5.01141
5.01859
5.02577
5.03294
5.04012
5.04730
5.05447
5.06165
5.06883
5.07601
5.08318
5.09036
5.09754
5.10471
5.11189
5.11907
5.12625
5.13342
5.14060
5.14778
5.15496
5.16214
5.16931
5.17649
5.18367
5.19085
5.19803
5.20520
5.21238
5.21956
5.22674
5.23392
5.24109
5.24827
5.25545
5.26263
5.26981
5.27699
5.28417
5.29134
5.29852
5.30570
5.31288
5.32006
5.32724
5.33442
5.34160
5.34878
5.35596
5.36313
5.37031
5.37749
5.38467
5.39185
5.39903
5.40621
5.41339
5.42057
5.42775
5.43493
5.44211
5.44929
5.45647
5.46365
5.47083
5.47801
5.48519
5.49237
5.49955
5.50673
5.51391
5.52109
5.52827
5.53545
5.54263
5.54981
5.55699
5.56417
5.57135
5.57853
5.58572
5.59290
5.60008
5.60726
5.61444
5.62162
5.62880
5.63598
5.64316
5.65035
5.65753
5.66471
5.67189
5.67907
5.68625
5.69343
5.70062
5.70780
5.71498
5.72216
5.72934
5.73652
5.74371
5.75089
5.75807
5.76525
5.77243
5.77962
5.78680
5.79398
5.80116
5.80835
5.81553
5.82271
5.82989
5.83708
5.84426
5.85144
5.85862
5.86581
5.87299
5.88017
5.88736
5.89454
5.90172
5.90891
5.91609
5.92327
5.93046
5.93764
5.94482
5.95201
5.95919
5.96637
5.97356
5.98074
5.98792
5.99511
6.00229
6.00947
6.01666
6.02384
6.03103
6.03821
6.04539
6.05258
6.05976
6.06695
6.07413
6.08132
6.08850
6.09568
6.10287
6.11005
6.11724
6.12442
6.13161
6.13879
6.14598
6.15316
6.16035
6.16753
6.17472
6.18190
6.18909
6.19627
6.20346
6.21064
6.21783
6.22501
6.23220
6.23938
6.24657
6.25376
6.26094
6.26813
6.27531
6.28250
6.28968
6.29687
6.30406
6.31124
6.31843
6.32561
6.33280
6.33999
6.34717
6.35436
6.36155
6.36873
6.37592
6.38310
6.39029
6.39748
6.40466
6.41185
6.41904
6.42623
6.43341
6.44060
6.44779
6.45497
6.46216
6.46935
6.47653
6.48372
6.49091
6.49810
6.50528
6.51247
6.51966
6.52685
6.53403
6.54122
6.54841
6.55560
6.56278
6.56997
6.57716
6.58435
6.59154
6.59872
6.60591
6.61310
6.62029
6.62748
6.63467
6.64185
6.64904
6.65623
6.66342
6.67061
6.67780
6.68498
6.69217
6.69936
6.70655
6.71374
6.72093
6.72812
6.73531
6.74250
6.74968
6.75687
6.76406
6.77125
6.77844
6.78563
6.79282
6.80001
6.80720
6.81439
6.82158
6.82877
6.83596
6.84315
6.85034
6.85753
6.86472
6.87191
6.87910
6.88629
6.89348
6.90067
6.90786
6.91505
6.92224
6.92943
6.93662
6.94381
6.95100
6.95819
6.96538
6.97257
6.97976
6.98695
6.99415
7.00134
7.00853
7.01572
7.02291
7.03010
7.03729
7.04448
7.05167
7.05887
7.06606
7.07325
7.08044
7.08763
7.09482
7.10201
7.10921
7.11640
7.12359
7.13078
7.13797
7.14517
7.15236
7.15955
7.16674
7.17393
7.18113
7.18832
7.19551
7.20270
7.20990
7.21709
7.22428
7.23147
7.23867
7.24586
7.25305
7.26024
7.26744
7.27463
7.28182
7.28902
7.29621
7.30340
7.31059
7.31779
7.32498
7.33217
7.33937
7.34656
7.35375
7.36095
7.36814
7.37534
7.38253
7.38972
7.39692
7.40411
7.41130
7.41850
7.42569
7.43289
7.44008
7.44727
7.45447
7.46166
7.46886
7.47605
7.48325
7.49044
7.49763
7.50483
7.51202
7.51922
7.52641
7.53361
7.54080
7.54800
7.55519
7.56239
7.56958
7.57678
7.58397
7.59117
7.59836
7.60556
7.61275
7.61995
7.62714
7.63434
7.64153
7.64873
7.65593
7.66312
7.67032
7.67751
7.68471
7.69190
7.69910
7.70630
7.71349
7.72069
7.72788
7.73508
7.74228
7.74947
7.75667
7.76387
7.77106
7.77826
7.78546
7.79265
7.79985
7.80705
7.81424
7.82144
7.82864
7.83583
7.84303
7.85023
7.85742
7.86462
7.87182
7.87901
7.88621
7.89341
7.90061
7.90780
7.91500
7.92220
7.92940
7.93659
7.94379
7.95099
7.95819
7.96538
7.97258
7.97978
7.98698
7.99418
8.00137
8.00857
8.01577
8.02297
8.03017
8.03737
8.04456
8.05176
8.05896
8.06616
8.07336
8.08056
8.08776
8.09495
8.10215
8.10935
8.11655
8.12375
8.13095
8.13815
8.14535
8.15255
8.15975
8.16694
8.17414
8.18134
8.18854
8.19574
8.20294
8.21014
8.21734
8.22454
8.23174
8.23894
8.24614
8.25334
8.26054
8.26774
8.27494
8.28214
8.28934
8.29654
8.30374
8.31094
8.31814
8.32534
8.33254
8.33974
8.34694
8.35414
8.36134
8.36854
8.37574
8.38295
8.39015
8.39735
8.40455
8.41175
8.41895
8.42615
8.43335
8.44055
8.44776
8.45496
8.46216
8.46936
8.47656
8.48376
8.49096
8.49817
8.50537
8.51257
8.51977
8.52697
8.53417
8.54138
8.54858
8.55578
8.56298
8.57018
8.57739
8.58459
8.59179
8.59899
8.60620
8.61340
8.62060
8.62780
8.63501
8.64221
8.64941
8.65661
8.66382
8.67102
8.67822
8.68543
8.69263
8.69983
8.70703
8.71424
8.72144
8.72864
8.73585
8.74305
8.75025
8.75746
8.76466
8.77186
8.77907
8.78627
8.79348
8.80068
8.80788
8.81509
8.82229
8.82950
8.83670
8.84390
8.85111
8.85831
8.86552
8.87272
8.87992
8.88713
8.89433
8.90154
8.90874
8.91595
8.92315
8.93036
8.93756
8.94477
8.95197
8.95918
8.96638
8.97359
8.98079
8.98800
8.99520
9.00241
9.00961
9.01682
9.02402
9.03123
9.03843
9.04564
9.05284
9.06005
9.06726
9.07446
9.08167
9.08887
9.09608
9.10328
9.11049
9.11770
9.12490
9.13211
9.13931
9.14652
9.15373
9.16093
9.16814
9.17535
9.18255
9.18976
9.19697
9.20417
9.21138
9.21859
9.22579
9.23300
9.24021
9.24741
9.25462
9.26183
9.26903
9.27624
9.28345
9.29066
9.29786
9.30507
9.31228
9.31949
9.32669
9.33390
9.34111
9.34832
9.35552
9.36273
9.36994
9.37715
9.38436
9.39156
9.39877
9.40598
9.41319
9.42040
9.42760
9.43481
9.44202
9.44923
9.45644
9.46365
9.47086
9.47806
9.48527
9.49248
9.49969
9.50690
9.51411
9.52132
9.52853
9.53573
9.54294
9.55015
9.55736
9.56457
9.57178
9.57899
9.58620
9.59341
9.60062
9.60783
9.61504
9.62225
9.62946
9.63667
9.64388
9.65109
9.65830
9.66551
9.67272
9.67993
9.68714
9.69435
9.70156
9.70877
9.71598
9.72319
9.73040
9.73761
9.74482
9.75203
9.75924
9.76645
9.77366
9.78087
9.78808
9.79529
9.80250
9.80972
9.81693
9.82414
9.83135
9.83856
9.84577
9.85298
9.86019
9.86741
9.87462
9.88183
9.88904
9.89625
9.90346
9.91067
9.91789
9.92510
9.93231
9.93952
9.94673
9.95395
9.96116
9.96837
9.97558
9.98279
9.99001
9.99722
10.00443
10.01164
10.01886
10.02607
10.03328
10.04049
10.04771
10.05492
10.06213
10.06934
10.07656
10.08377
10.09098
10.09820
10.10541
10.11262
10.11984
10.12705
10.13426
10.14148
10.14869
10.15590
10.16312
10.17033
10.17754
10.18476
10.19197
10.19918
10.20640
10.21361
10.22083
10.22804
10.23525
10.24247
10.24968
10.25690
10.26411
10.27133
10.27854
10.28575
10.29297
10.30018
10.30740
10.31461
10.32183
10.32904
10.33626
10.34347
10.35069
10.35790
10.36512
10.37233
10.37955
10.38676
10.39398
10.40119
10.40841
10.41562
10.42284
10.43005
10.43727
10.44448
10.45170
10.45891
10.46613
10.47335
10.48056
10.48778
10.49499
10.50221
10.50942
10.51664
10.52386
10.53107
10.53829
10.54551
10.55272
10.55994
10.56715
10.57437
10.58159
10.58880
10.59602
10.60324
10.61045
10.61767
10.62489
10.63210
10.63932
10.64654
10.65376
10.66097
10.66819
10.67541
10.68262
10.68984
10.69706
10.70428
10.71149
10.71871
10.72593
10.73315
10.74036
10.74758
10.75480
10.76202
10.76923
10.77645
10.78367
10.79089
10.79811
10.80532
10.81254
10.81976
10.82698
10.83420
10.84142
10.84863
10.85585
10.86307
10.87029
10.87751
10.88473
10.89195
10.89916
10.90638
10.91360
10.92082
10.92804
10.93526
10.94248
10.94970
10.95692
10.96414
10.97135
10.97857
10.98579
10.99301
11.00023
11.00745
11.01467
11.02189
11.02911
11.03633
11.04355
11.05077
11.05799
11.06521
11.07243
11.07965
11.08687
11.09409
11.10131
11.10853
11.11575
11.12297
11.13019
11.13741
11.14463
11.15185
11.15907
11.16629
11.17352
11.18074
11.18796
11.19518
11.20240
11.20962
11.21684
11.22406
11.23128
11.23850
11.24573
11.25295
11.26017
11.26739
11.27461
11.28183
11.28905
11.29628
11.30350
11.31072
11.31794
11.32516
11.33238
11.33961
11.34683
11.35405
11.36127
11.36849
11.37572
11.38294
11.39016
11.39738
11.40461
11.41183
11.41905
11.42627
11.43350
11.44072
11.44794
11.45516
11.46239
11.46961
11.47683
11.48405
11.49128
11.49850
11.50572
11.51295
11.52017
11.52739
11.53462
11.54184
11.54906
11.55629
11.56351
11.57073
11.57796
11.58518
11.59240
11.59963
11.60685
11.61408
11.62130
11.62852
11.63575
11.64297
11.65020
11.65742
11.66464
11.67187
11.67909
11.68632
11.69354
11.70077
11.70799
11.71522
11.72244
11.72967
11.73689
11.74411
11.75134
11.75856
11.76579
11.77301
11.78024
11.78746
11.79469
11.80191
11.80914
11.81637
11.82359
11.83082
11.83804
11.84527
11.85249
11.85972
11.86694
11.87417
11.88140
11.88862
11.89585
11.90307
11.91030
11.91753
11.92475
11.93198
11.93920
11.94643
11.95366
11.96088
11.96811
11.97534
11.98256
11.98979
11.99701
12.00424
12.01147
12.01869
12.02592
12.03315
12.04038
12.04760
12.05483
12.06206
12.06928
12.07651
12.08374
12.09097
12.09819
12.10542
12.11265
12.11987
12.12710
12.13433
12.14156
12.14879
12.15601
12.16324
12.17047
12.17770
12.18492
12.19215
12.19938
12.20661
12.21384
12.22106
12.22829
12.23552
12.24275
12.24998
12.25721
12.26444
12.27166
12.27889
12.28612
12.29335
12.30058
12.30781
12.31504
12.32227
12.32949
12.33672
12.34395
12.35118
12.35841
12.36564
12.37287
12.38010
12.38733
12.39456
12.40179
12.40902
12.41625
12.42348
12.43070
12.43793
12.44516
12.45239
12.45962
12.46685
12.47408
12.48131
12.48854
12.49577
12.50300
12.51024
12.51747
12.52470
12.53193
12.53916
12.54639
12.55362
12.56085
12.56808
12.57531
12.58254
12.58977
12.59700
12.60423
12.61146
12.61870
12.62593
12.63316
12.64039
12.64762
12.65485
12.66208
12.66931
12.67655
12.68378
12.69101
12.69824
12.70547
12.71270
12.71994
12.72717
12.73440
12.74163
12.74886
12.75609
12.76333
12.77056
12.77779
12.78502
12.79226
12.79949
12.80672
12.81395
12.82119
12.82842
12.83565
12.84288
12.85012
12.85735
12.86458
12.87181
12.87905
12.88628
12.89351
12.90075
12.90798
12.91521
12.92245
12.92968
12.93691
12.94415
12.95138
12.95861
12.96585
12.97308
12.98031
12.98755
12.99478
13.00201
13.00925
13.01648
13.02372
13.03095
13.03818
13.04542
13.05265
13.05989
13.06712
13.07435
13.08159
13.08882
13.09606
13.10329
13.11053
13.11776
13.12500
13.13223
13.13947
13.14670
13.15394
13.16117
13.16840
13.17564
13.18288
13.19011
13.19735
13.20458
13.21182
13.21905
13.22629
13.23352
13.24076
13.24799
13.25523
13.26246
13.26970
13.27694
13.28417
13.29141
13.29864
13.30588
13.31312
13.32035
13.32759
13.33482
13.34206
13.34930
13.35653
13.36377
13.37100
13.37824
13.38548
13.39271
13.39995
13.40719
13.41442
13.42166
13.42890
13.43613
13.44337
13.45061
13.45785
13.46508
13.47232
13.47956
13.48679
13.49403
13.50127
13.50851
13.51574
13.52298
13.53022
13.53746
13.54469
13.55193
13.55917
13.56641
13.57365
13.58088
13.58812
13.59536
13.60260
13.60984
13.61707
13.62431
13.63155
13.63879
13.64603
13.65327
13.66050
13.66774
13.67498
13.68222
13.68946
13.69670
13.70394
13.71117
13.71841
13.72565
13.73289
13.74013
13.74737
13.75461
13.76185
13.76909
13.77633
13.78357
13.79080
13.79804
13.80528
13.81252
13.81976
13.82700
13.83424
13.84148
13.84872
13.85596
13.86320
13.87044
13.87768
13.88492
13.89216
13.89940
13.90664
13.91388
13.92112
13.92836
13.93560
13.94284
13.95008
13.95733
13.96457
13.97181
13.97905
13.98629
13.99353
14.00077
14.00801
14.01525
14.02249
14.02973
14.03698
14.04422
14.05146
14.05870
14.06594
14.07318
14.08042
14.08767
14.09491
14.10215
14.10939
14.11663
14.12387
14.13112
14.13836
14.14560
14.15284
14.16008
14.16733
14.17457
14.18181
14.18905
14.19629
14.20354
14.21078
14.21802
14.22526
14.23251
14.23975
14.24699
14.25423
14.26148
14.26872
14.27596
14.28321
14.29045
14.29769
14.30493
14.31218
14.31942
14.32666
14.33391
14.34115
14.34839
14.35564
14.36288
14.37012
14.37737
14.38461
14.39186
14.39910
14.40634
14.41359
14.42083
14.42808
14.43532
14.44256
14.44981
14.45705
14.46430
14.47154
14.47878
14.48603
14.49327
14.50052
14.50776
14.51501
14.52225
14.52950
14.53674
14.54399
14.55123
14.55848
14.56572
14.57297
14.58021
14.58746
14.59470
14.60195
14.60919
14.61644
14.62368
14.63093
14.63817
14.64542
14.65266
14.65991
14.66715
14.67440
14.68165
14.68889
14.69614
14.70338
14.71063
14.71788
14.72512
14.73237
14.73961
14.74686
14.75411
14.76135
14.76860
14.77585
14.78309
14.79034
14.79759
14.80483
14.81208
14.81933
14.82657
14.83382
14.84107
14.84831
14.85556
14.86281
14.87005
14.87730
14.88455
14.89180
14.89904
14.90629
14.91354
14.92079
14.92803
14.93528
14.94253
14.94978
14.95702
14.96427
14.97152
14.97877
14.98602
14.99326
15.00051
15.00776
15.01501
15.02226
15.02950
15.03675
15.04400
15.05125
15.05850
15.06575
15.07299
15.08024
15.08749
15.09474
15.10199
15.10924
15.11649
15.12374
15.13098
15.13823
15.14548
15.15273
15.15998
15.16723
15.17448
15.18173
15.18898
15.19623
15.20348
15.21073
15.21798
15.22523
15.23248
15.23973
15.24698
15.25423
15.26148
15.26873
15.27598
15.28323
15.29048
15.29773
15.30498
15.31223
15.31948
15.32673
15.33398
15.34123
15.34848
15.35573
15.36298
15.37023
15.37748
15.38473
15.39198
15.39923
15.40648
15.41374
15.42099
15.42824
15.43549
15.44274
15.44999
15.45724
15.46449
15.47175
15.47900
15.48625
15.49350
15.50075
15.50800
15.51525
15.52251
15.52976
15.53701
15.54426
15.55151
15.55877
15.56602
15.57327
15.58052
15.58777
15.59503
15.60228
15.60953
15.61678
15.62404
15.63129
15.63854
15.64579
15.65305
15.66030
15.66755
15.67481
15.68206
15.68931
15.69656
15.70382
15.71107
15.71832
15.72558
15.73283
15.74008
15.74734
15.75459
15.76184
15.76910
15.77635
15.78360
15.79086
15.79811
15.80537
15.81262
15.81987
15.82713
15.83438
15.84164
15.84889
15.85614
15.86340
15.87065
15.87791
15.88516
15.89242
15.89967
15.90692
15.91418
15.92143
15.92869
15.93594
15.94320
15.95045
15.95771
15.96496
15.97222
15.97947
15.98673
15.99398
16.00124
16.00849
16.01575
16.02300
16.03026
16.03751
16.04477
16.05203
16.05928
16.06654
16.07379
16.08105
16.08830
16.09556
16.10282
16.11007
16.11733
16.12458
16.13184
16.13910
16.14635
16.15361
16.16087
16.16812
16.17538
16.18263
16.18989
16.19715
16.20440
16.21166
16.21892
16.22617
16.23343
16.24069
16.24795
16.25520
16.26246
16.26972
16.27697
16.28423
16.29149
16.29875
16.30600
16.31326
16.32052
16.32778
16.33503
16.34229
16.34955
16.35681
16.36406
16.37132
16.37858
16.38584
16.39310
16.40035
16.40761
16.41487
16.42213
16.42939
16.43664
16.44390
16.45116
16.45842
16.46568
16.47294
16.48020
16.48745
16.49471
16.50197
16.50923
16.51649
16.52375
16.53101
16.53827
16.54552
16.55278
16.56004
16.56730
16.57456
16.58182
16.58908
16.59634
16.60360
16.61086
16.61812
16.62538
16.63264
16.63990
16.64716
16.65442
16.66168
16.66894
16.67620
16.68346
16.69072
16.69798
16.70524
16.71250
16.71976
16.72702
16.73428
16.74154
16.74880
16.75606
16.76332
16.77058
16.77784
16.78510
16.79236
16.79963
16.80689
16.81415
16.82141
16.82867
16.83593
16.84319
16.85045
16.85771
16.86498
16.87224
16.87950
16.88676
16.89402
16.90128
16.90854
16.91581
16.92307
16.93033
16.93759
16.94485
16.95212
16.95938
16.96664
16.97390
16.98116
16.98843
16.99569
17.00295
17.01021
17.01748
17.02474
17.03200
17.03926
17.04653
17.05379
17.06105
17.06831
17.07558
17.08284
17.09010
17.09737
17.10463
17.11189
17.11916
17.12642
17.13368
17.14095
17.14821
17.15547
17.16274
17.17000
17.17726
17.18453
17.19179
17.19905
17.20632
17.21358
17.22085
17.22811
17.23537
17.24264
17.24990
17.25717
17.26443
17.27169
17.27896
17.28622
17.29349
17.30075
17.30802
17.31528
17.32255
17.32981
17.33708
17.34434
17.35160
17.35887
17.36613
17.37340
17.38066
17.38793
17.39519
17.40246
17.40973
17.41699
17.42426
17.43152
17.43879
17.44605
17.45332
17.46058
17.46785
17.47511
17.48238
17.48965
17.49691
17.50418
17.51144
17.51871
17.52598
17.53324
17.54051
17.54777
17.55504
17.56231
17.56957
17.57684
17.58411
17.59137
17.59864
17.60591
17.61317
17.62044
17.62771
17.63497
17.64224
17.64951
17.65677
17.66404
17.67131
17.67858
17.68584
17.69311
17.70038
17.70765
17.71491
17.72218
17.72945
17.73672
17.74398
17.75125
17.75852
17.76579
17.77305
17.78032
17.78759
17.79486
17.80213
17.80939
17.81666
17.82393
17.83120
17.83847
17.84574
17.85300
17.86027
17.86754
17.87481
17.88208
17.88935
17.89662
17.90388
17.91115
17.91842
17.92569
17.93296
17.94023
17.94750
17.95477
17.96204
17.96931
17.97657
17.98384
17.99111
17.99838
18.00565
18.01292
18.02019
18.02746
18.03473
18.04200
18.04927
18.05654
18.06381
18.07108
18.07835
18.08562
18.09289
18.10016
18.10743
18.11470
18.12197
18.12924
18.13651
18.14378
18.15105
18.15832
18.16559
18.17287
18.18014
18.18741
18.19468
18.20195
18.20922
18.21649
18.22376
18.23103
18.23830
18.24557
18.25285
18.26012
18.26739
18.27466
18.28193
18.28920
18.29647
18.30375
18.31102
18.31829
18.32556
18.33283
18.34011
18.34738
18.35465
18.36192
18.36919
18.37647
18.38374
18.39101
18.39828
18.40555
18.41283
18.42010
18.42737
18.43464
18.44192
18.44919
18.45646
18.46374
18.47101
18.47828
18.48555
18.49283
18.50010
18.50737
18.51465
18.52192
18.52919
18.53647
18.54374
18.55101
18.55829
18.56556
18.57283
18.58011
18.58738
18.59465
18.60193
18.60920
18.61648
18.62375
18.63102
18.63830
18.64557
18.65285
18.66012
18.66739
18.67467
18.68194
18.68922
18.69649
18.70377
18.71104
18.71832
18.72559
18.73286
18.74014
18.74741
18.75469
18.76196
18.76924
18.77651
18.78379
18.79106
18.79834
18.80561
18.81289
18.82017
18.82744
18.83472
18.84199
18.84927
18.85654
18.86382
18.87109
18.87837
18.88565
18.89292
18.90020
18.90747
18.91475
18.92203
18.92930
18.93658
18.94385
18.95113
18.95841
18.96568
18.97296
18.98024
18.98751
18.99479
19.00207
19.00934
19.01662
19.02390
19.03117
19.03845
19.04573
19.05300
19.06028
19.06756
19.07483
19.08211
19.08939
19.09667
19.10394
19.11122
19.11850
19.12578
19.13305
19.14033
19.14761
19.15489
19.16216
19.16944
19.17672
19.18400
19.19128
19.19855
19.20583
19.21311
19.22039
19.22767
19.23494
19.24222
19.24950
19.25678
19.26406
19.27134
19.27862
19.28589
19.29317
19.30045
19.30773
19.31501
19.32229
19.32957
19.33685
19.34412
19.35140
19.35868
19.36596
19.37324
19.38052
19.38780
19.39508
19.40236
19.40964
19.41692
19.42420
19.43148
19.43876
19.44604
19.45332
19.46060
19.46788
19.47516
19.48244
19.48972
19.49700
19.50428
19.51156
19.51884
19.52612
19.53340
19.54068
19.54796
19.55524
19.56252
19.56980
19.57708
19.58436
19.59164
19.59892
19.60621
19.61349
19.62077
19.62805
19.63533
19.64261
19.64989
19.65717
19.66445
19.67174
19.67902
19.68630
19.69358
19.70086
19.70814
19.71543
19.72271
19.72999
19.73727
19.74455
19.75184
19.75912
19.76640
19.77368
19.78096
19.78825
19.79553
19.80281
19.81009
19.81738
19.82466
19.83194
19.83922
19.84651
19.85379
19.86107
19.86835
19.87564
19.88292
19.89020
19.89749
19.90477
19.91205
19.91933
19.92662
19.93390
19.94118
19.94847
19.95575
19.96304
19.97032
19.97760
19.98489
19.99217
19.99945
20.00674
20.01402
20.02130
20.02859
20.03587
20.04316
20.05044
20.05773
20.06501
20.07229
20.07958
20.08686
20.09415
20.10143
20.10872
20.11600
20.12328
20.13057
20.13785
20.14514
20.15242
20.15971
20.16699
20.17428
20.18156
20.18885
20.19613
20.20342
20.21070
20.21799
20.22528
20.23256
20.23985
20.24713
20.25442
20.26170
20.26899
20.27627
20.28356
20.29085
20.29813
20.30542
20.31270
20.31999
20.32728
20.33456
20.34185
20.34913
20.35642
20.36371
20.37099
20.37828
20.38557
20.39285
20.40014
20.40743
20.41471
20.42200
20.42929
20.43657
20.44386
20.45115
20.45843
20.46572
20.47301
20.48030
20.48758
20.49487
20.50216
20.50944
20.51673
20.52402
20.53131
20.53859
20.54588
20.55317
20.56046
20.56775
20.57503
20.58232
20.58961
20.59690
20.60419
20.61147
20.61876
20.62605
20.63334
20.64063
20.64791
20.65520
20.66249
20.66978
20.67707
20.68436
20.69165
20.69893
20.70622
20.71351
20.72080
20.72809
20.73538
20.74267
20.74996
20.75725
20.76454
20.77182
20.77911
20.78640
20.79369
20.80098
20.80827
20.81556
20.82285
20.83014
20.83743
20.84472
20.85201
20.85930
20.86659
20.87388
20.88117
20.88846
20.89575
20.90304
20.91033
20.91762
20.92491
20.93220
20.93949
20.94678
20.95407
20.96136
20.96865
20.97595
20.98324
20.99053
20.99782
21.00511
21.01240
21.01969
21.02698
21.03427
21.04156
21.04886
21.05615
21.06344
21.07073
21.07802
21.08531
21.09260
21.09990
21.10719
21.11448
21.12177
21.12906
21.13635
21.14365
21.15094
21.15823
21.16552
21.17281
21.18011
21.18740
21.19469
21.20198
21.20928
21.21657
21.22386
21.23115
21.23845
21.24574
21.25303
21.26032
21.26762
21.27491
21.28220
21.28950
21.29679
21.30408
21.31137
21.31867
21.32596
21.33325
21.34055
21.34784
21.35513
21.36243
21.36972
21.37701
21.38431
21.39160
21.39890
21.40619
21.41348
21.42078
21.42807
21.43537
21.44266
21.44995
21.45725
21.46454
21.47184
21.47913
21.48642
21.49372
21.50101
21.50831
21.51560
21.52290
21.53019
21.53749
21.54478
21.55208
21.55937
21.56667
21.57396
21.58126
21.58855
21.59585
21.60314
21.61044
21.61773
21.62503
21.63232
21.63962
21.64691
21.65421
21.66150
21.66880
21.67610
21.68339
21.69069
21.69798
21.70528
21.71258
21.71987
21.72717
21.73446
21.74176
21.74906
21.75635
21.76365
21.77095
21.77824
21.78554
21.79283
21.80013
21.80743
21.81472
21.82202
21.82932
21.83662
21.84391
21.85121
21.85851
21.86580
21.87310
21.88040
21.88769
21.89499
21.90229
21.90959
21.91688
21.92418
21.93148
21.93878
21.94607
21.95337
21.96067
21.96797
21.97527
21.98256
21.98986
21.99716
22.00446
22.01176
22.01905
22.02635
22.03365
22.04095
22.04825
22.05555
22.06284
22.07014
22.07744
22.08474
22.09204
22.09934
22.10664
22.11393
22.12123
22.12853
22.13583
22.14313
22.15043
22.15773
22.16503
22.17233
22.17963
22.18693
22.19423
22.20152
22.20882
22.21612
22.22342
22.23072
22.23802
22.24532
22.25262
22.25992
22.26722
22.27452
22.28182
22.28912
22.29642
22.30372
22.31102
22.31832
22.32562
22.33292
22.34022
22.34752
22.35483
22.36213
22.36943
22.37673
22.38403
22.39133
22.39863
22.40593
22.41323
22.42053
22.42783
22.43514
22.44244
22.44974
22.45704
22.46434
22.47164
22.47894
22.48624
22.49355
22.50085
22.50815
22.51545
22.52275
22.53005
22.53736
22.54466
22.55196
22.55926
22.56656
22.57387
22.58117
22.58847
22.59577
22.60308
22.61038
22.61768
22.62498
22.63229
22.63959
22.64689
22.65419
22.66150
22.66880
22.67610
22.68340
22.69071
22.69801
22.70531
22.71262
22.71992
22.72722
22.73453
22.74183
22.74913
22.75644
22.76374
22.77104
22.77835
22.78565
22.79295
22.80026
22.80756
22.81487
22.82217
22.82947
22.83678
22.84408
22.85139
22.85869
22.86599
22.87330
22.88060
22.88791
22.89521
22.90252
22.90982
22.91713
22.92443
22.93173
22.93904
22.94634
22.95365
22.96095
22.96826
22.97556
22.98287
22.99017
22.99748
23.00478
23.01209
23.01939
23.02670
23.03401
23.04131
23.04862
23.05592
23.06323
23.07053
23.07784
23.08514
23.09245
23.09976
23.10706
23.11437
23.12167
23.12898
23.13629
23.14359
23.15090
23.15821
23.16551
23.17282
23.18012
23.18743
23.19474
23.20204
23.20935
23.21666
23.22396
23.23127
23.23858
23.24589
23.25319
23.26050
23.26781
23.27511
23.28242
23.28973
23.29704
23.30434
23.31165
23.31896
23.32626
23.33357
23.34088
23.34819
23.35550
23.36280
23.37011
23.37742
23.38473
23.39203
23.39934
23.40665
23.41396
23.42127
23.42858
23.43588
23.44319
23.45050
23.45781
23.46512
23.47243
23.47973
23.48704
23.49435
23.50166
23.50897
23.51628
23.52359
23.53090
23.53820
23.54551
23.55282
23.56013
23.56744
23.57475
23.58206
23.58937
23.59668
23.60399
23.61130
23.61861
23.62592
23.63323
23.64054
23.64785
23.65516
23.66247
23.66978
23.67709
23.68440
23.69171
23.69902
23.70633
23.71364
23.72095
23.72826
23.73557
23.74288
23.75019
23.75750
23.76481
23.77212
23.77943
23.78674
23.79405
23.80136
23.80867
23.81599
23.82330
23.83061
23.83792
23.84523
23.85254
23.85985
23.86716
23.87448
23.88179
23.88910
23.89641
23.90372
23.91103
23.91835
23.92566
23.93297
23.94028
23.94759
23.95490
23.96222
23.96953
23.97684
23.98415
23.99147
23.99878
24.00609
24.01340
24.02072
24.02803
24.03534
24.04265
24.04997
24.05728
24.06459
24.07190
24.07922
24.08653
24.09384
24.10116
24.10847
24.11578
24.12309
24.13041
24.13772
24.14503
24.15235
24.15966
24.16698
24.17429
24.18160
24.18892
24.19623
24.20354
24.21086
24.21817
24.22549
24.23280
24.24011
24.24743
24.25474
24.26206
24.26937
24.27668
24.28400
24.29131
24.29863
24.30594
24.31326
24.32057
24.32789
24.33520
24.34251
24.34983
24.35714
24.36446
24.37177
24.37909
24.38640
24.39372
24.40103
24.40835
24.41567
24.42298
24.43030
24.43761
24.44493
24.45224
24.45956
24.46687
24.47419
24.48151
24.48882
24.49614
24.50345
24.51077
24.51808
24.52540
24.53272
24.54003
24.54735
24.55467
24.56198
24.56930
24.57661
24.58393
24.59125
24.59856
24.60588
24.61320
24.62051
24.62783
24.63515
24.64246
24.64978
24.65710
24.66442
24.67173
24.67905
24.68637
24.69368
24.70100
24.70832
24.71564
24.72295
24.73027
24.73759
24.74491
24.75222
24.75954
24.76686
24.77418
24.78150
24.78881
24.79613
24.80345
24.81077
24.81809
24.82540
24.83272
24.84004
24.84736
24.85468
24.86200
24.86931
24.87663
24.88395
24.89127
24.89859
24.90591
24.91323
24.92055
24.92786
24.93518
24.94250
24.94982
24.95714
24.96446
24.97178
24.97910
24.98642
24.99374
25.00106
25.00838
25.01570
25.02302
25.03034
25.03765
25.04497
25.05229
25.05961
25.06693
25.07425
25.08157
25.08889
25.09621
25.10353
25.11085
25.11818
25.12550
25.13282
25.14014
25.14746
25.15478
25.16210
25.16942
25.17674
25.18406
25.19138
25.19870
25.20602
25.21334
25.22066
25.22799
25.23531
25.24263
25.24995
25.25727
25.26459
25.27191
25.27923
25.28656
25.29388
25.30120
25.30852
25.31584
25.32316
25.33049
25.33781
25.34513
25.35245
25.35977
25.36710
25.37442
25.38174
25.38906
25.39639
25.40371
25.41103
25.41835
25.42567
25.43300
25.44032
25.44764
25.45497
25.46229
25.46961
25.47693
25.48426
25.49158
25.49890
25.50623
25.51355
25.52087
25.52820
25.53552
25.54284
25.55016
25.55749
25.56481
25.57214
25.57946
25.58678
25.59411
25.60143
25.60875
25.61608
25.62340
25.63073
25.63805
25.64537
25.65270
25.66002
25.66735
25.67467
25.68199
25.68932
25.69664
25.70397
25.71129
25.71862
25.72594
25.73327
25.74059
25.74792
25.75524
25.76257
25.76989
25.77722
25.78454
25.79187
25.79919
25.80652
25.81384
25.82117
25.82849
25.83582
25.84314
25.85047
25.85779
25.86512
25.87245
25.87977
25.88710
25.89442
25.90175
25.90907
25.91640
25.92373
25.93105
25.93838
25.94571
25.95303
25.96036
25.96768
25.97501
25.98234
25.98966
25.99699
26.00432
26.01164
26.01897
26.02630
26.03362
26.04095
26.04828
26.05560
26.06293
26.07026
26.07759
26.08491
26.09224
26.09957
26.10689
26.11422
26.12155
26.12888
26.13620
26.14353
26.15086
26.15819
26.16552
26.17284
26.18017
26.18750
26.19483
26.20216
26.20948
26.21681
26.22414
26.23147
26.23880
26.24612
26.25345
26.26078
26.26811
26.27544
26.28277
26.29010
26.29742
26.30475
26.31208
26.31941
26.32674
26.33407
26.34140
26.34873
26.35606
26.36339
26.37071
26.37804
26.38537
26.39270
26.40003
26.40736
26.41469
26.42202
26.42935
26.43668
26.44401
26.45134
26.45867
26.46600
26.47333
26.48066
26.48799
26.49532
26.50265
26.50998
26.51731
26.52464
26.53197
26.53930
26.54663
26.55396
26.56129
26.56862
26.57595
26.58329
26.59062
26.59795
26.60528
26.61261
26.61994
26.62727
26.63460
26.64193
26.64926
26.65660
26.66393
26.67126
26.67859
26.68592
26.69325
26.70058
26.70792
26.71525
26.72258
26.72991
26.73724
26.74457
26.75191
26.75924
26.76657
26.77390
26.78124
26.78857
26.79590
26.80323
26.81056
26.81790
26.82523
26.83256
26.83989
26.84723
26.85456
26.86189
26.86923
26.87656
26.88389
26.89122
26.89856
26.90589
26.91322
26.92056
26.92789
26.93522
26.94256
26.94989
26.95722
26.96456
26.97189
26.97922
26.98656
26.99389
27.00122
27.00856
27.01589
27.02323
27.03056
27.03789
27.04523
27.05256
27.05990
27.06723
27.07456
27.08190
27.08923
27.09657
27.10390
27.11124
27.11857
27.12591
27.13324
27.14058
27.14791
27.15525
27.16258
27.16992
27.17725
27.18459
27.19192
27.19926
27.20659
27.21393
27.22126
27.22860
27.23593
27.24327
27.25060
27.25794
27.26527
27.27261
27.27995
27.28728
27.29462
27.30195
27.30929
27.31663
27.32396
27.33130
27.33863
27.34597
27.35331
27.36064
27.36798
27.37531
27.38265
27.38999
27.39732
27.40466
27.41200
27.41933
27.42667
27.43401
27.44134
27.44868
27.45602
27.46336
27.47069
27.47803
27.48537
27.49270
27.50004
27.50738
27.51472
27.52205
27.52939
27.53673
27.54407
27.55140
27.55874
27.56608
27.57342
27.58076
27.58809
27.59543
27.60277
27.61011
27.61745
27.62478
27.63212
27.63946
27.64680
27.65414
27.66148
27.66881
27.67615
27.68349
27.69083
27.69817
27.70551
27.71285
27.72019
27.72752
27.73486
27.74220
27.74954
27.75688
27.76422
27.77156
27.77890
27.78624
27.79358
27.80092
27.80826
27.81560
27.82294
27.83027
27.83761
27.84495
27.85229
27.85963
27.86697
27.87431
27.88165
27.88899
27.89633
27.90367
27.91101
27.91835
27.92570
27.93304
27.94038
27.94772
27.95506
27.96240
27.96974
27.97708
27.98442
27.99176
27.99910
28.00644
28.01378
28.02112
28.02847
28.03581
28.04315
28.05049
28.05783
28.06517
28.07251
28.07985
28.08720
28.09454
28.10188
28.10922
28.11656
28.12390
28.13125
28.13859
28.14593
28.15327
28.16061
28.16796
28.17530
28.18264
28.18998
28.19732
28.20467
28.21201
28.21935
28.22669
28.23404
28.24138
28.24872
28.25606
28.26341
28.27075
28.27809
28.28544
28.29278
28.30012
28.30747
28.31481
28.32215
28.32949
28.33684
28.34418
28.35152
28.35887
28.36621
28.37356
28.38090
28.38824
28.39559
28.40293
28.41027
28.41762
28.42496
28.43231
28.43965
28.44699
28.45434
28.46168
28.46903
28.47637
28.48371
28.49106
28.49840
28.50575
28.51309
28.52044
28.52778
28.53513
28.54247
28.54982
28.55716
28.56451
28.57185
28.57920
28.58654
28.59389
28.60123
28.60858
28.61592
28.62327
28.63061
28.63796
28.64530
28.65265
28.65999
28.66734
28.67469
28.68203
28.68938
28.69672
28.70407
28.71141
28.71876
28.72611
28.73345
28.74080
28.74815
28.75549
28.76284
28.77018
28.77753
28.78488
28.79222
28.79957
28.80692
28.81426
28.82161
28.82896
28.83630
28.84365
28.85100
28.85834
28.86569
28.87304
28.88039
28.88773
28.89508
28.90243
28.90978
28.91712
28.92447
28.93182
28.93917
28.94651
28.95386
28.96121
28.96856
28.97590
28.98325
28.99060
28.99795
29.00530
29.01264
29.01999
29.02734
29.03469
29.04204
29.04939
29.05673
29.06408
29.07143
29.07878
29.08613
29.09348
29.10083
29.10817
29.11552
29.12287
29.13022
29.13757
29.14492
29.15227
29.15962
29.16697
29.17432
29.18166
29.18901
29.19636
29.20371
29.21106
29.21841
29.22576
29.23311
29.24046
29.24781
29.25516
29.26251
29.26986
29.27721
29.28456
29.29191
29.29926
29.30661
29.31396
29.32131
29.32866
29.33601
29.34336
29.35071
29.35806
29.36541
29.37277
29.38012
29.38747
29.39482
29.40217
29.40952
29.41687
29.42422
29.43157
29.43892
29.44627
29.45363
29.46098
29.46833
29.47568
29.48303
29.49038
29.49773
29.50509
29.51244
29.51979
29.52714
29.53449
29.54185
29.54920
29.55655
29.56390
29.57125
29.57861
29.58596
29.59331
29.60066
29.60801
29.61537
29.62272
29.63007
29.63742
29.64478
29.65213
29.65948
29.66684
29.67419
29.68154
29.68889
29.69625
29.70360
29.71095
29.71831
29.72566
29.73301
29.74037
29.74772
29.75507
29.76243
29.76978
29.77713
29.78449
29.79184
29.79919
29.80655
29.81390
29.82126
29.82861
29.83596
29.84332
29.85067
29.85803
29.86538
29.87273
29.88009
29.88744
29.89480
29.90215
29.90951
29.91686
29.92422
29.93157
29.93893
29.94628
29.95363
29.96099
29.96834
29.97570
29.98305
29.99041
29.99776
30.00512
30.01248
30.01983
30.02719
30.03454
30.04190
30.04925
30.05661
30.06396
30.07132
30.07867
30.08603
30.09339
30.10074
30.10810
30.11545
30.12281
30.13017
30.13752
30.14488
30.15223
30.15959
30.16695
30.17430
30.18166
30.18902
30.19637
30.20373
30.21109
30.21844
30.22580
30.23316
30.24051
30.24787
30.25523
30.26258
30.26994
30.27730
30.28466
30.29201
30.29937
30.30673
30.31409
30.32144
30.32880
30.33616
30.34352
30.35087
30.35823
30.36559
30.37295
30.38030
30.38766
30.39502
30.40238
30.40974
30.41709
30.42445
30.43181
30.43917
30.44653
30.45389
30.46124
30.46860
30.47596
30.48332
30.49068
30.49804
30.50540
30.51275
30.52011
30.52747
30.53483
30.54219
30.54955
30.55691
30.56427
30.57163
30.57899
30.58635
30.59371
30.60106
30.60842
30.61578
30.62314
30.63050
30.63786
30.64522
30.65258
30.65994
30.66730
30.67466
30.68202
30.68938
30.69674
30.70410
30.71146
30.71882
30.72618
30.73354
30.74090
30.74826
30.75563
30.76299
30.77035
30.77771
30.78507
30.79243
30.79979
30.80715
30.81451
30.82187
30.82923
30.83659
30.84396
30.85132
30.85868
30.86604
30.87340
30.88076
30.88812
30.89549
30.90285
30.91021
30.91757
30.92493
30.93229
30.93966
30.94702
30.95438
30.96174
30.96910
30.97647
30.98383
30.99119
30.99855
31.00592
31.01328
31.02064
31.02800
31.03537
31.04273
31.05009
31.05745
31.06482
31.07218
31.07954
31.08690
31.09427
31.10163
31.10899
31.11636
31.12372
31.13108
31.13845
31.14581
31.15317
31.16054
31.16790
31.17526
31.18263
31.18999
31.19735
31.20472
31.21208
31.21945
31.22681
31.23417
31.24154
31.24890
31.25627
31.26363
31.27099
31.27836
31.28572
31.29309
31.30045
31.30782
31.31518
31.32255
31.32991
31.33727
31.34464
31.35200
31.35937
31.36673
31.37410
31.38146
31.38883
31.39619
31.40356
31.41092
31.41829
31.42566
31.43302
31.44039
31.44775
31.45512
31.46248
31.46985
31.47721
31.48458
31.49195
31.49931
31.50668
31.51404
31.52141
31.52878
31.53614
31.54351
31.55087
31.55824
31.56561
31.57297
31.58034
31.58771
31.59507
31.60244
31.60981
31.61717
31.62454
31.63191
31.63927
31.64664
31.65401
31.66137
31.66874
31.67611
31.68348
31.69084
31.69821
31.70558
31.71294
31.72031
31.72768
31.73505
31.74241
31.74978
31.75715
31.76452
31.77189
31.77925
31.78662
31.79399
31.80136
31.80873
31.81609
31.82346
31.83083
31.83820
31.84557
31.85293
31.86030
31.86767
31.87504
31.88241
31.88978
31.89715
31.90452
31.91188
31.91925
31.92662
31.93399
31.94136
31.94873
31.95610
31.96347
31.97084
31.97821
31.98557
31.99294
32.00031
32.00768
32.01505
32.02242
32.02979
32.03716
32.04453
32.05190
32.05927
32.06664
32.07401
32.08138
32.08875
32.09612
32.10349
32.11086
32.11823
32.12560
32.13297
32.14034
32.14771
32.15508
32.16245
32.16983
32.17720
32.18457
32.19194
32.19931
32.20668
32.21405
32.22142
32.22879
32.23616
32.24353
32.25091
32.25828
32.26565
32.27302
32.28039
32.28776
32.29513
32.30251
32.30988
32.31725
32.32462
32.33199
32.33936
32.34674
32.35411
32.36148
32.36885
32.37622
32.38360
32.39097
32.39834
32.40571
32.41309
32.42046
32.42783
32.43520
32.44258
32.44995
32.45732
32.46469
32.47207
32.47944
32.48681
32.49419
32.50156
32.50893
32.51631
32.52368
32.53105
32.53842
32.54580
32.55317
32.56054
32.56792
32.57529
32.58267
32.59004
32.59741
32.60479
32.61216
32.61953
32.62691
32.63428
32.64166
32.64903
32.65640
32.66378
32.67115
32.67853
32.68590
32.69328
32.70065
32.70802
32.71540
32.72277
32.73015
32.73752
32.74490
32.75227
32.75965
32.76702
32.77440
32.78177
32.78915
32.79652
32.80390
32.81127
32.81865
32.82602
32.83340
32.84077
32.84815
32.85553
32.86290
32.87028
32.87765
32.88503
32.89240
32.89978
32.90716
32.91453
32.92191
32.92928
32.93666
32.94404
32.95141
32.95879
32.96617
32.97354
32.98092
32.98829
32.99567
33.00305
33.01042
33.01780
33.02518
33.03255
33.03993
33.04731
33.05469
33.06206
33.06944
33.07682
33.08419
33.09157
33.09895
33.10633
33.11370
33.12108
33.12846
33.13584
33.14321
33.15059
33.15797
33.16535
33.17272
33.18010
33.18748
33.19486
33.20224
33.20961
33.21699
