2.79093
2.78828
2.78563
2.78298
2.78034
2.77769
2.77504
2.77239
2.76974
2.76710
2.76445
2.76180
2.75915
2.75651
2.75386
2.75121
2.74856
2.74592
2.74327
2.74062
2.73797
2.73533
2.73268
2.73003
2.72738
2.72474
2.72209
2.71944
2.71679
2.71415
2.71150
2.70885
2.70620
2.70356
2.70091
2.69826
2.69561
2.69297
2.69032
2.68767
2.68502
2.68238
2.67973
2.67708
2.67443
2.67179
2.66914
2.66649
2.66384
2.66120
2.65855
2.65590
2.65325
2.65061
2.64796
2.64531
2.64266
2.64002
2.63737
2.63472
2.63208
2.62943
2.62678
2.62413
2.62149
2.61884
2.61619
2.61354
2.61090
2.60825
2.60560
2.60296
2.60031
2.59766
2.59501
2.59237
2.58972
2.58707
2.58443
2.58178
2.57913
2.57648
2.57384
2.57119
2.56854
2.56590
2.56325
2.56060
2.55795
2.55531
2.55266
2.55001
2.54737
2.54472
2.54207
2.53942
2.53678
2.53413
2.53148
2.52884
2.52619
2.52354
2.52089
2.51825
2.51560
2.51295
2.51031
2.50766
2.50501
2.50237
2.49972
2.49707
2.49443
2.49178
2.48913
2.48648
2.48384
2.48119
2.47854
2.47590
2.47325
2.47060
2.46796
2.46531
2.46266
2.46002
2.45737
2.45472
2.45208
2.44943
2.44678
2.44413
2.44149
2.43884
2.43619
2.43355
2.43090
2.42825
2.42561
2.42296
2.42031
2.41767
2.41502
2.41237
2.40973
2.40708
2.40443
2.40179
2.39914
2.39649
2.39385
2.39120
2.38855
2.38591
2.38326
2.38061
2.37797
2.37532
2.37267
2.37003
2.36738
2.36473
2.36209
2.35944
2.35679
2.35415
2.35150
2.34885
2.34621
2.34356
2.34091
2.33827
2.33562
2.33297
2.33033
2.32768
2.32504
2.32239
2.31974
2.31710
2.31445
2.31180
2.30916
2.30651
2.30386
2.30122
2.29857
2.29592
2.29328
2.29063
2.28799
2.28534
2.28269
2.28005
2.27740
2.27475
2.27211
2.26946
2.26681
2.26417
2.26152
2.25888
2.25623
2.25358
2.25094
2.24829
2.24564
2.24300
2.24035
2.23771
2.23506
2.23241
2.22977
2.22712
2.22447
2.22183
2.21918
2.21654
2.21389
2.21124
2.20860
2.20595
2.20330
2.20066
2.19801
2.19537
2.19272
2.19007
2.18743
2.18478
2.18214
2.17949
2.17684
2.17420
2.17155
2.16890
2.16626
2.16361
2.16097
2.15832
2.15567
2.15303
2.15038
2.14774
2.14509
2.14244
2.13980
2.13715
2.13451
2.13186
2.12921
2.12657
2.12392
2.12128
2.11863
2.11598
2.11334
2.11069
2.10805
2.10540
2.10275
2.10011
2.09746
2.09482
2.09217
2.08953
2.08688
2.08423
2.08159
2.07894
2.07630
2.07365
2.07100
2.06836
2.06571
2.06307
2.06042
2.05778
2.05513
2.05248
2.04984
2.04719
2.04455
2.04190
2.03926
2.03661
2.03396
2.03132
2.02867
2.02603
2.02338
2.02074
2.01809
2.01544
2.01280
2.01015
2.00751
2.00486
2.00222
1.99957
1.99692
1.99428
1.99163
1.98899
1.98634
1.98370
1.98105
1.97841
1.97576
1.97311
1.97047
1.96782
1.96518
1.96253
1.95989
1.95724
1.95460
1.95195
1.94930
1.94666
1.94401
1.94137
1.93872
1.93608
1.93343
1.93079
1.92814
1.92549
1.92285
1.92020
1.91756
1.91491
1.91227
1.90962
1.90698
1.90433
1.90169
1.89904
1.89640
1.89375
1.89110
1.88846
1.88581
1.88317
1.88052
1.87788
1.87523
1.87259
1.86994
1.86730
1.86465
1.86201
1.85936
1.85672
1.85407
1.85143
1.84878
1.84614
1.84349
1.84084
1.83820
1.83555
1.83291
1.83026
1.82762
1.82497
1.82233
1.81968
1.81704
1.81439
1.81175
1.80910
1.80646
1.80381
1.80117
1.79852
1.79588
1.79323
1.79059
1.78794
1.78530
1.78265
1.78001
1.77736
1.77472
1.77207
1.76943
1.76678
1.76414
1.76149
1.75885
1.75620
1.75356
1.75091
1.74827
1.74562
1.74298
1.74033
1.73769
1.73504
1.73240
1.72975
1.72711
1.72446
1.72182
1.71917
1.71653
1.71388
1.71124
1.70859
1.70595
1.70330
1.70066
1.69801
1.69537
1.69272
1.69008
1.68743
1.68479
1.68214
1.67950
1.67685
1.67421
1.67157
1.66892
1.66628
1.66363
1.66099
1.65834
1.65570
1.65305
1.65041
1.64776
1.64512
1.64247
1.63983
1.63718
1.63454
1.63189
1.62925
1.62661
1.62396
1.62132
1.61867
1.61603
1.61338
1.61074
1.60809
1.60545
1.60280
1.60016
1.59751
1.59487
1.59223
1.58958
1.58694
1.58429
1.58165
1.57900
1.57636
1.57371
1.57107
1.56842
1.56578
1.56314
1.56049
1.55785
1.55520
1.55256
1.54991
1.54727
1.54462
1.54198
1.53934
1.53669
1.53405
1.53140
1.52876
1.52611
1.52347
1.52083
1.51818
1.51554
1.51289
1.51025
1.50760
1.50496
1.50231
1.49967
1.49703
1.49438
1.49174
1.48909
1.48645
1.48380
1.48116
1.47852
1.47587
1.47323
1.47058
1.46794
1.46529
1.46265
1.46001
1.45736
1.45472
1.45207
1.44943
1.44679
1.44414
1.44150
1.43885
1.43621
1.43356
1.43092
1.42828
1.42563
1.42299
1.42034
1.41770
1.41506
1.41241
1.40977
1.40712
1.40448
1.40184
1.39919
1.39655
1.39390
1.39126
1.38862
1.38597
1.38333
1.38068
1.37804
1.37540
1.37275
1.37011
1.36746
1.36482
1.36218
1.35953
1.35689
1.35424
1.35160
1.34896
1.34631
1.34367
1.34102
1.33838
1.33574
1.33309
1.33045
1.32780
1.32516
1.32252
1.31987
1.31723
1.31459
1.31194
1.30930
1.30665
1.30401
1.30137
1.29872
1.29608
1.29344
1.29079
1.28815
1.28550
1.28286
1.28022
1.27757
1.27493
1.27229
1.26964
1.26700
1.26435
1.26171
1.25907
1.25642
1.25378
1.25114
1.24849
1.24585
1.24320
1.24056
1.23792
1.23527
1.23263
1.22999
1.22734
1.22470
1.22206
1.21941
1.21677
1.21413
1.21148
1.20884
1.20619
1.20355
1.20091
1.19826
1.19562
1.19298
1.19033
1.18769
1.18505
1.18240
1.17976
1.17712
1.17447
1.17183
1.16919
1.16654
1.16390
1.16126
1.15861
1.15597
1.15333
1.15068
1.14804
1.14540
1.14275
1.14011
1.13747
1.13482
1.13218
1.12954
1.12689
1.12425
1.12161
1.11896
1.11632
1.11368
1.11103
1.10839
1.10575
1.10310
1.10046
1.09782
1.09517
1.09253
1.08989
1.08724
1.08460
1.08196
1.07931
1.07667
1.07403
1.07138
1.06874
1.06610
1.06345
1.06081
1.05817
1.05552
1.05288
1.05024
1.04760
1.04495
1.04231
1.03967
1.03702
1.03438
1.03174
1.02909
1.02645
1.02381
1.02116
1.01852
1.01588
1.01324
1.01059
1.00795
1.00531
1.00266
1.00002
0.99738
0.99473
0.99209
0.98945
0.98681
0.98416
0.98152
0.97888
0.97623
0.97359
0.97095
0.96830
0.96566
0.96302
0.96038
0.95773
0.95509
0.95245
0.94980
0.94716
0.94452
0.94188
0.93923
0.93659
0.93395
0.93130
0.92866
0.92602
0.92338
0.92073
0.91809
0.91545
0.91281
0.91016
0.90752
0.90488
0.90223
0.89959
0.89695
0.89431
0.89166
0.88902
0.88638
0.88374
0.88109
0.87845
0.87581
0.87316
0.87052
0.86788
0.86524
0.86259
0.85995
0.85731
0.85467
0.85202
0.84938
0.84674
0.84410
0.84145
0.83881
0.83617
0.83353
0.83088
0.82824
0.82560
0.82296
0.82031
0.81767
0.81503
0.81239
0.80974
0.80710
0.80446
0.80182
0.79917
0.79653
0.79389
0.79125
0.78860
0.78596
0.78332
0.78068
0.77803
0.77539
0.77275
0.77011
0.76746
0.76482
0.76218
0.75954
0.75689
0.75425
0.75161
0.74897
0.74632
0.74368
0.74104
0.73840
0.73576
0.73311
0.73047
0.72783
0.72519
0.72254
0.71990
0.71726
0.71462
0.71198
0.70933
0.70669
0.70405
0.70141
0.69876
0.69612
0.69348
0.69084
0.68820
0.68555
0.68291
0.68027
0.67763
0.67498
0.67234
0.66970
0.66706
0.66442
0.66177
0.65913
0.65649
0.65385
0.65121
0.64856
0.64592
0.64328
0.64064
0.63800
0.63535
0.63271
0.63007
0.62743
0.62479
0.62214
0.61950
0.61686
0.61422
0.61158
0.60893
0.60629
0.60365
0.60101
0.59837
0.59572
0.59308
0.59044
0.58780
0.58516
0.58251
0.57987
0.57723
0.57459
0.57195
0.56930
0.56666
0.56402
0.56138
0.55874
0.55610
0.55345
0.55081
0.54817
0.54553
0.54289
0.54024
0.53760
0.53496
0.53232
0.52968
0.52704
0.52439
0.52175
0.51911
0.51647
0.51383
0.51119
0.50854
0.50590
0.50326
0.50062
0.49798
0.49534
0.49269
0.49005
0.48741
0.48477
0.48213
0.47949
0.47684
0.47420
0.47156
0.46892
0.46628
0.46364
0.46099
0.45835
0.45571
0.45307
0.45043
0.44779
0.44515
0.44250
0.43986
0.43722
0.43458
0.43194
0.42930
0.42665
0.42401
0.42137
0.41873
0.41609
0.41345
0.41081
0.40816
0.40552
0.40288
0.40024
0.39760
0.39496
0.39232
0.38967
0.38703
0.38439
0.38175
0.37911
0.37647
0.37383
0.37119
0.36854
0.36590
0.36326
0.36062
0.35798
0.35534
0.35270
0.35006
0.34741
0.34477
0.34213
0.33949
0.33685
0.33421
0.33157
0.32893
0.32628
0.32364
0.32100
0.31836
0.31572
0.31308
0.31044
0.30780
0.30515
0.30251
0.29987
0.29723
0.29459
0.29195
0.28931
0.28667
0.28403
0.28138
0.27874
0.27610
0.27346
0.27082
0.26818
0.26554
0.26290
0.26026
0.25761
0.25497
0.25233
0.24969
0.24705
0.24441
0.24177
0.23913
0.23649
0.23385
0.23120
0.22856
0.22592
0.22328
0.22064
0.21800
0.21536
0.21272
0.21008
0.20744
0.20480
0.20215
0.19951
0.19687
0.19423
0.19159
0.18895
0.18631
0.18367
0.18103
0.17839
0.17575
0.17311
0.17046
0.16782
0.16518
0.16254
0.15990
0.15726
0.15462
0.15198
0.14934
0.14670
0.14406
0.14142
0.13878
0.13613
0.13349
0.13085
0.12821
0.12557
0.12293
0.12029
0.11765
0.11501
0.11237
0.10973
0.10709
0.10445
0.10181
0.09917
0.09652
0.09388
0.09124
0.08860
0.08596
0.08332
0.08068
0.07804
0.07540
0.07276
0.07012
0.06748
0.06484
0.06220
0.05956
0.05692
0.05428
0.05164
0.04899
0.04635
0.04371
0.04107
0.03843
0.03579
0.03315
0.03051
0.02787
0.02523
0.02259
0.01995
0.01731
0.01467
0.01203
0.00939
0.00675
0.00411
0.00147
-0.00117
-0.00381
-0.00645
-0.00909
-0.01173
-0.01437
-0.01702
-0.01966
-0.02230
-0.02494
-0.02758
-0.03022
-0.03286
-0.03550
-0.03814
-0.04078
-0.04342
-0.04606
-0.04870
-0.05134
-0.05398
-0.05662
-0.05926
-0.06190
-0.06454
-0.06718
-0.06982
-0.07246
-0.07510
-0.07774
-0.08038
-0.08302
-0.08566
-0.08830
-0.09094
-0.09358
-0.09622
-0.09886
-0.10150
-0.10414
-0.10678
-0.10942
-0.11206
-0.11470
-0.11734
-0.11998
-0.12262
-0.12526
-0.12790
-0.13054
-0.13318
-0.13582
-0.13846
-0.14110
-0.14374
-0.14638
-0.14902
-0.15166
-0.15430
-0.15694
-0.15958
-0.16222
-0.16486
-0.16750
-0.17014
-0.17278
-0.17542
-0.17806
-0.18070
-0.18334
-0.18598
-0.18862
-0.19126
-0.19390
-0.19654
-0.19918
-0.20182
-0.20446
-0.20710
-0.20974
-0.21238
-0.21502
-0.21766
-0.22030
-0.22294
-0.22558
-0.22822
-0.23086
-0.23350
-0.23614
-0.23878
-0.24142
-0.24406
-0.24670
-0.24934
-0.25197
-0.25461
-0.25725
-0.25989
-0.26253
-0.26517
-0.26781
-0.27045
-0.27309
-0.27573
-0.27837
-0.28101
-0.28365
-0.28629
-0.28893
-0.29157
-0.29421
-0.29685
-0.29949
-0.30213
-0.30477
-0.30741
-0.31005
-0.31269
-0.31533
-0.31796
-0.32060
-0.32324
-0.32588
-0.32852
-0.33116
-0.33380
-0.33644
-0.33908
-0.34172
-0.34436
-0.34700
-0.34964
-0.35228
-0.35492
-0.35756
-0.36020
-0.36284
-0.36547
-0.36811
-0.37075
-0.37339
-0.37603
-0.37867
-0.38131
-0.38395
-0.38659
-0.38923
-0.39187
-0.39451
-0.39715
-0.39979
-0.40243
-0.40506
-0.40770
-0.41034
-0.41298
-0.41562
-0.41826
-0.42090
-0.42354
-0.42618
-0.42882
-0.43146
-0.43410
-0.43674
-0.43937
-0.44201
-0.44465
-0.44729
-0.44993
-0.45257
-0.45521
-0.45785
-0.46049
-0.46313
-0.46577
-0.46841
-0.47104
-0.47368
-0.47632
-0.47896
-0.48160
-0.48424
-0.48688
-0.48952
-0.49216
-0.49480
-0.49744
-0.50007
-0.50271
-0.50535
-0.50799
-0.51063
-0.51327
-0.51591
-0.51855
-0.52119
-0.52383
-0.52646
-0.52910
-0.53174
-0.53438
-0.53702
-0.53966
-0.54230
-0.54494
-0.54758
-0.55021
-0.55285
-0.55549
-0.55813
-0.56077
-0.56341
-0.56605
-0.56869
-0.57133
-0.57396
-0.57660
-0.57924
-0.58188
-0.58452
-0.58716
-0.58980
-0.59244
-0.59508
-0.59771
-0.60035
-0.60299
-0.60563
-0.60827
-0.61091
-0.61355
-0.61619
-0.61882
-0.62146
-0.62410
-0.62674
-0.62938
-0.63202
-0.63466
-0.63729
-0.63993
-0.64257
-0.64521
-0.64785
-0.65049
-0.65313
-0.65577
-0.65840
-0.66104
-0.66368
-0.66632
-0.66896
-0.67160
-0.67424
-0.67687
-0.67951
-0.68215
-0.68479
-0.68743
-0.69007
-0.69271
-0.69534
-0.69798
-0.70062
-0.70326
-0.70590
-0.70854
-0.71117
-0.71381
-0.71645
-0.71909
-0.72173
-0.72437
-0.72701
-0.72964
-0.73228
-0.73492
-0.73756
-0.74020
-0.74284
-0.74547
-0.74811
-0.75075
-0.75339
-0.75603
-0.75867
-0.76130
-0.76394
-0.76658
-0.76922
-0.77186
-0.77450
-0.77713
-0.77977
-0.78241
-0.78505
-0.78769
-0.79033
-0.79296
-0.79560
-0.79824
-0.80088
-0.80352
-0.80616
-0.80879
-0.81143
-0.81407
-0.81671
-0.81935
-0.82198
-0.82462
-0.82726
-0.82990
-0.83254
-0.83518
-0.83781
-0.84045
-0.84309
-0.84573
-0.84837
-0.85100
-0.85364
-0.85628
-0.85892
-0.86156
-0.86419
-0.86683
-0.86947
-0.87211
-0.87475
-0.87738
-0.88002
-0.88266
-0.88530
-0.88794
-0.89057
-0.89321
-0.89585
-0.89849
-0.90113
-0.90376
-0.90640
-0.90904
-0.91168
-0.91432
-0.91695
-0.91959
-0.92223
-0.92487
-0.92751
-0.93014
-0.93278
-0.93542
-0.93806
-0.94070
-0.94333
-0.94597
-0.94861
-0.95125
-0.95388
-0.95652
-0.95916
-0.96180
-0.96444
-0.96707
-0.96971
-0.97235
-0.97499
-0.97763
-0.98026
-0.98290
-0.98554
-0.98818
-0.99081
-0.99345
-0.99609
-0.99873
-1.00136
-1.00400
-1.00664
-1.00928
-1.01192
-1.01455
-1.01719
-1.01983
-1.02247
-1.02510
-1.02774
-1.03038
-1.03302
-1.03565
-1.03829
-1.04093
-1.04357
-1.04620
-1.04884
-1.05148
-1.05412
-1.05676
-1.05939
-1.06203
-1.06467
-1.06731
-1.06994
-1.07258
-1.07522
-1.07786
-1.08049
-1.08313
-1.08577
-1.08841
-1.09104
-1.09368
-1.09632
-1.09896
-1.10159
-1.10423
-1.10687
-1.10950
-1.11214
-1.11478
-1.11742
-1.12005
-1.12269
-1.12533
-1.12797
-1.13060
-1.13324
-1.13588
-1.13852
-1.14115
-1.14379
-1.14643
-1.14907
-1.15170
-1.15434
-1.15698
-1.15961
-1.16225
-1.16489
-1.16753
-1.17016
-1.17280
-1.17544
-1.17808
-1.18071
-1.18335
-1.18599
-1.18862
-1.19126
-1.19390
-1.19654
-1.19917
-1.20181
-1.20445
-1.20708
-1.20972
-1.21236
-1.21500
-1.21763
-1.22027
-1.22291
-1.22554
-1.22818
-1.23082
-1.23346
-1.23609
-1.23873
-1.24137
-1.24400
-1.24664
-1.24928
-1.25192
-1.25455
-1.25719
-1.25983
-1.26246
-1.26510
-1.26774
-1.27037
-1.27301
-1.27565
-1.27829
-1.28092
-1.28356
-1.28620
-1.28883
-1.29147
-1.29411
-1.29674
-1.29938
-1.30202
-1.30466
-1.30729
-1.30993
-1.31257
-1.31520
-1.31784
-1.32048
-1.32311
-1.32575
-1.32839
-1.33102
-1.33366
-1.33630
-1.33893
-1.34157
-1.34421
-1.34684
-1.34948
-1.35212
-1.35476
-1.35739
-1.36003
-1.36267
-1.36530
-1.36794
-1.37058
-1.37321
-1.37585
-1.37849
-1.38112
-1.38376
-1.38640
-1.38903
-1.39167
-1.39431
-1.39694
-1.39958
-1.40222
-1.40485
-1.40749
-1.41013
-1.41276
-1.41540
-1.41804
-1.42067
-1.42331
-1.42595
-1.42858
-1.43122
-1.43386
-1.43649
-1.43913
-1.44176
-1.44440
-1.44704
-1.44967
-1.45231
-1.45495
-1.45758
-1.46022
-1.46286
-1.46549
-1.46813
-1.47077
-1.47340
-1.47604
-1.47868
-1.48131
-1.48395
-1.48659
-1.48922
-1.49186
-1.49449
-1.49713
-1.49977
-1.50240
-1.50504
-1.50768
-1.51031
-1.51295
-1.51559
-1.51822
-1.52086
-1.52349
-1.52613
-1.52877
-1.53140
-1.53404
-1.53668
-1.53931
-1.54195
-1.54458
-1.54722
-1.54986
-1.55249
-1.55513
-1.55777
-1.56040
-1.56304
-1.56567
-1.56831
-1.57095
-1.57358
-1.57622
-1.57886
-1.58149
-1.58413
-1.58676
-1.58940
-1.59204
-1.59467
-1.59731
-1.59995
-1.60258
-1.60522
-1.60785
-1.61049
-1.61313
-1.61576
-1.61840
-1.62103
-1.62367
-1.62631
-1.62894
-1.63158
-1.63421
-1.63685
-1.63949
-1.64212
-1.64476
-1.64739
-1.65003
-1.65267
-1.65530
-1.65794
-1.66057
-1.66321
-1.66585
-1.66848
-1.67112
-1.67375
-1.67639
-1.67903
-1.68166
-1.68430
-1.68693
-1.68957
-1.69221
-1.69484
-1.69748
-1.70011
-1.70275
-1.70538
-1.70802
-1.71066
-1.71329
-1.71593
-1.71856
-1.72120
-1.72384
-1.72647
-1.72911
-1.73174
-1.73438
-1.73701
-1.73965
-1.74229
-1.74492
-1.74756
-1.75019
-1.75283
-1.75546
-1.75810
-1.76074
-1.76337
-1.76601
-1.76864
-1.77128
-1.77391
-1.77655
-1.77919
-1.78182
-1.78446
-1.78709
-1.78973
-1.79236
-1.79500
-1.79764
-1.80027
-1.80291
-1.80554
-1.80818
-1.81081
-1.81345
-1.81608
-1.81872
-1.82136
-1.82399
-1.82663
-1.82926
-1.83190
-1.83453
-1.83717
-1.83980
-1.84244
-1.84507
-1.84771
-1.85035
-1.85298
-1.85562
-1.85825
-1.86089
-1.86352
-1.86616
-1.86879
-1.87143
-1.87406
-1.87670
-1.87934
-1.88197
-1.88461
-1.88724
-1.88988
-1.89251
-1.89515
-1.89778
-1.90042
-1.90305
-1.90569
-1.90832
-1.91096
-1.91360
-1.91623
-1.91887
-1.92150
-1.92414
-1.92677
-1.92941
-1.93204
-1.93468
-1.93731
-1.93995
-1.94258
-1.94522
-1.94785
-1.95049
-1.95312
-1.95576
-1.95839
-1.96103
-1.96366
-1.96630
-1.96893
-1.97157
-1.97421
-1.97684
-1.97948
-1.98211
-1.98475
-1.98738
-1.99002
-1.99265
-1.99529
-1.99792
-2.00056
-2.00319
-2.00583
-2.00846
-2.01110
-2.01373
-2.01637
-2.01900
-2.02164
-2.02427
-2.02691
-2.02954
-2.03218
-2.03481
-2.03745
-2.04008
-2.04272
-2.04535
-2.04799
-2.05062
-2.05326
-2.05589
-2.05853
-2.06116
-2.06380
-2.06643
-2.06907
-2.07170
-2.07434
-2.07697
-2.07961
-2.08224
-2.08487
-2.08751
-2.09014
-2.09278
-2.09541
-2.09805
-2.10068
-2.10332
-2.10595
-2.10859
-2.11122
-2.11386
-2.11649
-2.11913
-2.12176
-2.12440
-2.12703
-2.12967
-2.13230
-2.13494
-2.13757
-2.14021
-2.14284
-2.14547
-2.14811
-2.15074
-2.15338
-2.15601
-2.15865
-2.16128
-2.16392
-2.16655
-2.16919
-2.17182
-2.17446
-2.17709
-2.17972
-2.18236
-2.18499
-2.18763
-2.19026
-2.19290
-2.19553
-2.19817
-2.20080
-2.20344
-2.20607
-2.20870
-2.21134
-2.21397
-2.21661
-2.21924
-2.22188
-2.22451
-2.22715
-2.22978
-2.23242
-2.23505
-2.23768
-2.24032
-2.24295
-2.24559
-2.24822
-2.25086
-2.25349
-2.25613
-2.25876
-2.26139
-2.26403
-2.26666
-2.26930
-2.27193
-2.27457
-2.27720
-2.27983
-2.28247
-2.28510
-2.28774
-2.29037
-2.29301
-2.29564
-2.29827
-2.30091
-2.30354
-2.30618
-2.30881
-2.31145
-2.31408
-2.31671
-2.31935
-2.32198
-2.32462
-2.32725
-2.32989
-2.33252
-2.33515
-2.33779
-2.34042
-2.34306
-2.34569
-2.34832
-2.35096
-2.35359
-2.35623
-2.35886
-2.36150
-2.36413
-2.36676
-2.36940
-2.37203
-2.37467
-2.37730
-2.37993
-2.38257
-2.38520
-2.38784
-2.39047
-2.39310
-2.39574
-2.39837
-2.40101
-2.40364
-2.40627
-2.40891
-2.41154
-2.41418
-2.41681
-2.41944
-2.42208
-2.42471
-2.42735
-2.42998
-2.43261
-2.43525
-2.43788
-2.44052
-2.44315
-2.44578
-2.44842
-2.45105
-2.45369
-2.45632
-2.45895
-2.46159
-2.46422
-2.46685
-2.46949
-2.47212
-2.47476
-2.47739
-2.48002
-2.48266
-2.48529
-2.48793
-2.49056
-2.49319
-2.49583
-2.49846
-2.50109
-2.50373
-2.50636
-2.50900
-2.51163
-2.51426
-2.51690
-2.51953
-2.52216
-2.52480
-2.52743
-2.53006
-2.53270
-2.53533
-2.53797
-2.54060
-2.54323
-2.54587
-2.54850
-2.55113
-2.55377
-2.55640
-2.55903
-2.56167
-2.56430
-2.56694
-2.56957
-2.57220
-2.57484
-2.57747
-2.58010
-2.58274
-2.58537
-2.58800
-2.59064
-2.59327
-2.59590
-2.59854
-2.60117
-2.60380
-2.60644
-2.60907
-2.61171
-2.61434
-2.61697
-2.61961
-2.62224
-2.62487
-2.62751
-2.63014
-2.63277
-2.63541
-2.63804
-2.64067
-2.64331
-2.64594
-2.64857
-2.65121
-2.65384
-2.65647
-2.65911
-2.66174
-2.66437
-2.66701
-2.66964
-2.67227
-2.67491
-2.67754
-2.68017
-2.68281
-2.68544
-2.68807
-2.69071
-2.69334
-2.69597
-2.69861
-2.70124
-2.70387
-2.70651
-2.70914
-2.71177
-2.71440
-2.71704
-2.71967
-2.72230
-2.72494
-2.72757
-2.73020
-2.73284
-2.73547
-2.73810
-2.74074
-2.74337
-2.74600
-2.74864
-2.75127
-2.75390
-2.75653
-2.75917
-2.76180
-2.76443
-2.76707
-2.76970
-2.77233
-2.77497
-2.77760
-2.78023
-2.78287
-2.78550
-2.78813
-2.79076
-2.79340
-2.79603
-2.79866
-2.80130
-2.80393
-2.80656
-2.80919
-2.81183
-2.81446
-2.81709
-2.81973
-2.82236
-2.82499
-2.82763
-2.83026
-2.83289
-2.83552
-2.83816
-2.84079
-2.84342
-2.84606
-2.84869
-2.85132
-2.85395
-2.85659
-2.85922
-2.86185
-2.86448
-2.86712
-2.86975
-2.87238
-2.87502
-2.87765
-2.88028
-2.88291
-2.88555
-2.88818
-2.89081
-2.89345
-2.89608
-2.89871
-2.90134
-2.90398
-2.90661
-2.90924
-2.91187
-2.91451
-2.91714
-2.91977
-2.92240
-2.92504
-2.92767
-2.93030
-2.93294
-2.93557
-2.93820
-2.94083
-2.94347
-2.94610
-2.94873
-2.95136
-2.95400
-2.95663
-2.95926
-2.96189
-2.96453
-2.96716
-2.96979
-2.97242
-2.97506
-2.97769
-2.98032
-2.98295
-2.98559
-2.98822
-2.99085
-2.99348
-2.99612
-2.99875
-3.00138
-3.00401
-3.00665
-3.00928
-3.01191
-3.01454
-3.01717
-3.01981
-3.02244
-3.02507
-3.02770
-3.03034
-3.03297
-3.03560
-3.03823
-3.04087
-3.04350
-3.04613
-3.04876
-3.05140
-3.05403
-3.05666
-3.05929
-3.06192
-3.06456
-3.06719
-3.06982
-3.07245
-3.07509
-3.07772
-3.08035
-3.08298
-3.08561
-3.08825
-3.09088
-3.09351
-3.09614
-3.09878
-3.10141
-3.10404
-3.10667
-3.10930
-3.11194
-3.11457
-3.11720
-3.11983
-3.12246
-3.12510
-3.12773
-3.13036
-3.13299
-3.13563
-3.13826
-3.14089
-3.14352
-3.14615
-3.14879
-3.15142
-3.15405
-3.15668
-3.15931
-3.16195
-3.16458
-3.16721
-3.16984
-3.17247
-3.17511
-3.17774
-3.18037
-3.18300
-3.18563
-3.18827
-3.19090
-3.19353
-3.19616
-3.19879
-3.20142
-3.20406
-3.20669
-3.20932
-3.21195
-3.21458
-3.21722
-3.21985
-3.22248
-3.22511
-3.22774
-3.23038
-3.23301
-3.23564
-3.23827
-3.24090
-3.24353
-3.24617
-3.24880
-3.25143
-3.25406
-3.25669
-3.25933
-3.26196
-3.26459
-3.26722
-3.26985
-3.27248
-3.27512
-3.27775
-3.28038
-3.28301
-3.28564
-3.28827
-3.29091
-3.29354
-3.29617
-3.29880
-3.30143
-3.30406
-3.30670
-3.30933
-3.31196
-3.31459
-3.31722
-3.31985
-3.32248
-3.32512
-3.32775
-3.33038
-3.33301
-3.33564
-3.33827
-3.34091
-3.34354
-3.34617
-3.34880
-3.35143
-3.35406
-3.35669
-3.35933
-3.36196
-3.36459
-3.36722
-3.36985
-3.37248
-3.37512
-3.37775
-3.38038
-3.38301
-3.38564
-3.38827
-3.39090
-3.39354
-3.39617
-3.39880
-3.40143
-3.40406
-3.40669
-3.40932
-3.41195
-3.41459
-3.41722
-3.41985
-3.42248
-3.42511
-3.42774
-3.43037
-3.43301
-3.43564
-3.43827
-3.44090
-3.44353
-3.44616
-3.44879
-3.45142
-3.45406
-3.45669
-3.45932
-3.46195
-3.46458
-3.46721
-3.46984
-3.47247
-3.47510
-3.47774
-3.48037
-3.48300
-3.48563
-3.48826
-3.49089
-3.49352
-3.49615
-3.49879
-3.50142
-3.50405
-3.50668
-3.50931
-3.51194
-3.51457
-3.51720
-3.51983
-3.52246
-3.52510
-3.52773
-3.53036
-3.53299
-3.53562
-3.53825
-3.54088
-3.54351
-3.54614
-3.54878
-3.55141
-3.55404
-3.55667
-3.55930
-3.56193
-3.56456
-3.56719
-3.56982
-3.57245
-3.57508
-3.57772
-3.58035
-3.58298
-3.58561
-3.58824
-3.59087
-3.59350
-3.59613
-3.59876
-3.60139
-3.60402
-3.60666
-3.60929
-3.61192
-3.61455
-3.61718
-3.61981
-3.62244
-3.62507
-3.62770
-3.63033
-3.63296
-3.63559
-3.63822
-3.64086
-3.64349
-3.64612
-3.64875
-3.65138
-3.65401
-3.65664
-3.65927
-3.66190
-3.66453
-3.66716
-3.66979
-3.67242
-3.67505
-3.67768
-3.68032
-3.68295
-3.68558
-3.68821
-3.69084
-3.69347
-3.69610
-3.69873
-3.70136
-3.70399
-3.70662
-3.70925
-3.71188
-3.71451
-3.71714
-3.71977
-3.72240
-3.72504
-3.72767
-3.73030
-3.73293
-3.73556
-3.73819
-3.74082
-3.74345
-3.74608
-3.74871
-3.75134
-3.75397
-3.75660
-3.75923
-3.76186
-3.76449
-3.76712
-3.76975
-3.77238
-3.77501
-3.77764
-3.78027
-3.78290
-3.78554
-3.78817
-3.79080
-3.79343
-3.79606
-3.79869
-3.80132
-3.80395
-3.80658
-3.80921
-3.81184
-3.81447
-3.81710
-3.81973
-3.82236
-3.82499
-3.82762
-3.83025
-3.83288
-3.83551
-3.83814
-3.84077
-3.84340
-3.84603
-3.84866
-3.85129
-3.85392
-3.85655
-3.85918
-3.86181
-3.86444
-3.86707
-3.86970
-3.87233
-3.87496
-3.87759
-3.88022
-3.88285
-3.88548
-3.88811
-3.89074
-3.89337
-3.89600
-3.89863
-3.90126
-3.90389
-3.90652
-3.90915
-3.91178
-3.91441
-3.91704
-3.91967
-3.92230
-3.92493
-3.92756
-3.93019
-3.93282
-3.93545
-3.93808
-3.94071
-3.94334
-3.94597
-3.94860
-3.95123
-3.95386
-3.95649
-3.95912
-3.96175
-3.96438
-3.96701
-3.96964
-3.97227
-3.97490
-3.97753
-3.98016
-3.98279
-3.98542
-3.98805
-3.99068
-3.99331
-3.99594
-3.99857
-4.00120
-4.00383
-4.00646
-4.00909
-4.01172
-4.01435
-4.01698
-4.01961
-4.02224
-4.02487
-4.02750
-4.03013
-4.03276
-4.03539
-4.03802
-4.04065
-4.04328
-4.04591
-4.04854
-4.05117
-4.05380
-4.05643
-4.05905
-4.06168
-4.06431
-4.06694
-4.06957
-4.07220
-4.07483
-4.07746
-4.08009
-4.08272
-4.08535
-4.08798
-4.09061
-4.09324
-4.09587
-4.09850
-4.10113
-4.10376
-4.10639
-4.10902
-4.11165
-4.11428
-4.11691
-4.11953
-4.12216
-4.12479
-4.12742
-4.13005
-4.13268
-4.13531
-4.13794
-4.14057
-4.14320
-4.14583
-4.14846
-4.15109
-4.15372
-4.15635
-4.15898
-4.16161
-4.16423
-4.16686
-4.16949
-4.17212
-4.17475
-4.17738
-4.18001
-4.18264
-4.18527
-4.18790
-4.19053
-4.19316
-4.19579
-4.19842
-4.20105
-4.20367
-4.20630
-4.20893
-4.21156
-4.21419
-4.21682
-4.21945
-4.22208
-4.22471
-4.22734
-4.22997
-4.23260
-4.23522
-4.23785
-4.24048
-4.24311
-4.24574
-4.24837
-4.25100
-4.25363
-4.25626
-4.25889
-4.26152
-4.26415
-4.26677
-4.26940
-4.27203
-4.27466
-4.27729
-4.27992
-4.28255
-4.28518
-4.28781
-4.29044
-4.29306
-4.29569
-4.29832
-4.30095
-4.30358
-4.30621
-4.30884
-4.31147
-4.31410
-4.31673
-4.31935
-4.32198
-4.32461
-4.32724
-4.32987
-4.33250
-4.33513
-4.33776
-4.34039
-4.34301
-4.34564
-4.34827
-4.35090
-4.35353
-4.35616
-4.35879
-4.36142
-4.36405
-4.36667
-4.36930
-4.37193
-4.37456
-4.37719
-4.37982
-4.38245
-4.38508
-4.38771
-4.39033
-4.39296
-4.39559
-4.39822
-4.40085
-4.40348
-4.40611
-4.40873
-4.41136
-4.41399
-4.41662
-4.41925
-4.42188
-4.42451
-4.42714
-4.42976
-4.43239
-4.43502
-4.43765
-4.44028
-4.44291
-4.44554
-4.44816
-4.45079
-4.45342
-4.45605
-4.45868
-4.46131
-4.46394
-4.46656
-4.46919
-4.47182
-4.47445
-4.47708
-4.47971
-4.48234
-4.48496
-4.48759
-4.49022
-4.49285
-4.49548
-4.49811
-4.50074
-4.50336
-4.50599
-4.50862
-4.51125
-4.51388
-4.51651
-4.51913
-4.52176
-4.52439
-4.52702
-4.52965
-4.53228
-4.53491
-4.53753
-4.54016
-4.54279
-4.54542
-4.54805
-4.55068
-4.55330
-4.55593
-4.55856
-4.56119
-4.56382
-4.56645
-4.56907
-4.57170
-4.57433
-4.57696
-4.57959
-4.58221
-4.58484
-4.58747
-4.59010
-4.59273
-4.59536
-4.59798
-4.60061
-4.60324
-4.60587
-4.60850
-4.61113
-4.61375
-4.61638
-4.61901
-4.62164
-4.62427
-4.62689
-4.62952
-4.63215
-4.63478
-4.63741
-4.64003
-4.64266
-4.64529
-4.64792
-4.65055
-4.65318
-4.65580
-4.65843
-4.66106
-4.66369
-4.66632
-4.66894
-4.67157
-4.67420
-4.67683
-4.67946
-4.68208
-4.68471
-4.68734
-4.68997
-4.69260
-4.69522
-4.69785
-4.70048
-4.70311
-4.70574
-4.70836
-4.71099
-4.71362
-4.71625
-4.71887
-4.72150
-4.72413
-4.72676
-4.72939
-4.73201
-4.73464
-4.73727
-4.73990
-4.74253
-4.74515
-4.74778
-4.75041
-4.75304
-4.75566
-4.75829
-4.76092
-4.76355
-4.76618
-4.76880
-4.77143
-4.77406
-4.77669
-4.77931
-4.78194
-4.78457
-4.78720
-4.78983
-4.79245
-4.79508
-4.79771
-4.80034
-4.80296
-4.80559
-4.80822
-4.81085
-4.81347
-4.81610
-4.81873
-4.82136
-4.82398
-4.82661
-4.82924
-4.83187
-4.83450
-4.83712
-4.83975
-4.84238
-4.84501
-4.84763
-4.85026
-4.85289
-4.85552
-4.85814
-4.86077
-4.86340
-4.86603
-4.86865
-4.87128
-4.87391
-4.87654
-4.87916
-4.88179
-4.88442
-4.88705
-4.88967
-4.89230
-4.89493
-4.89756
-4.90018
-4.90281
-4.90544
-4.90806
-4.91069
-4.91332
-4.91595
-4.91857
-4.92120
-4.92383
-4.92646
-4.92908
-4.93171
-4.93434
-4.93697
-4.93959
-4.94222
-4.94485
-4.94747
-4.95010
-4.95273
-4.95536
-4.95798
-4.96061
-4.96324
-4.96587
-4.96849
-4.97112
-4.97375
-4.97637
-4.97900
-4.98163
-4.98426
-4.98688
-4.98951
-4.99214
-4.99477
-4.99739
-5.00002
-5.00265
-5.00527
-5.00790
-5.01053
-5.01316
-5.01578
-5.01841
-5.02104
-5.02366
-5.02629
-5.02892
-5.03154
-5.03417
-5.03680
-5.03943
-5.04205
-5.04468
-5.04731
-5.04993
-5.05256
-5.05519
-5.05782
-5.06044
-5.06307
-5.06570
-5.06832
-5.07095
-5.07358
-5.07620
-5.07883
-5.08146
-5.08408
-5.08671
-5.08934
-5.09197
-5.09459
-5.09722
-5.09985
-5.10247
-5.10510
-5.10773
-5.11035
-5.11298
-5.11561
-5.11823
-5.12086
-5.12349
-5.12611
-5.12874
-5.13137
-5.13400
-5.13662
-5.13925
-5.14188
-5.14450
-5.14713
-5.14976
-5.15238
-5.15501
-5.15764
-5.16026
-5.16289
-5.16552
-5.16814
-5.17077
-5.17340
-5.17602
-5.17865
-5.18128
-5.18390
-5.18653
-5.18916
-5.19178
-5.19441
-5.19704
-5.19966
-5.20229
-5.20492
-5.20754
-5.21017
-5.21280
-5.21542
-5.21805
-5.22068
-5.22330
-5.22593
-5.22856
-5.23118
-5.23381
-5.23643
-5.23906
-5.24169
-5.24431
-5.24694
-5.24957
-5.25219
-5.25482
-5.25745
-5.26007
-5.26270
-5.26533
-5.26795
-5.27058
-5.27321
-5.27583
-5.27846
-5.28108
-5.28371
-5.28634
-5.28896
-5.29159
-5.29422
-5.29684
-5.29947
-5.30210
-5.30472
-5.30735
-5.30997
-5.31260
-5.31523
-5.31785
-5.32048
-5.32311
-5.32573
-5.32836
-5.33099
-5.33361
-5.33624
-5.33886
-5.34149
-5.34412
-5.34674
-5.34937
-5.35200
-5.35462
-5.35725
-5.35987
-5.36250
-5.36513
-5.36775
-5.37038
-5.37300
-5.37563
-5.37826
-5.38088
-5.38351
-5.38614
-5.38876
-5.39139
-5.39401
-5.39664
-5.39927
-5.40189
-5.40452
-5.40714
-5.40977
-5.41240
-5.41502
-5.41765
-5.42027
-5.42290
-5.42553
-5.42815
-5.43078
-5.43340
-5.43603
-5.43866
-5.44128
-5.44391
-5.44653
-5.44916
-5.45179
-5.45441
-5.45704
-5.45966
-5.46229
-5.46492
-5.46754
-5.47017
-5.47279
-5.47542
-5.47805
-5.48067
-5.48330
-5.48592
-5.48855
-5.49118
-5.49380
-5.49643
-5.49905
-5.50168
-5.50430
-5.50693
-5.50956
-5.51218
-5.51481
-5.51743
-5.52006
-5.52268
-5.52531
-5.52794
-5.53056
-5.53319
-5.53581
-5.53844
-5.54107
-5.54369
-5.54632
-5.54894
-5.55157
-5.55419
-5.55682
-5.55945
-5.56207
-5.56470
-5.56732
-5.56995
-5.57257
-5.57520
-5.57782
-5.58045
-5.58308
-5.58570
-5.58833
-5.59095
-5.59358
-5.59620
-5.59883
-5.60145
-5.60408
-5.60671
-5.60933
-5.61196
-5.61458
-5.61721
-5.61983
-5.62246
-5.62508
-5.62771
-5.63034
-5.63296
-5.63559
-5.63821
-5.64084
-5.64346
-5.64609
-5.64871
-5.65134
-5.65396
-5.65659
-5.65922
-5.66184
-5.66447
-5.66709
-5.66972
-5.67234
-5.67497
-5.67759
-5.68022
-5.68284
-5.68547
-5.68809
-5.69072
-5.69335
-5.69597
-5.69860
-5.70122
-5.70385
-5.70647
-5.70910
-5.71172
-5.71435
-5.71697
-5.71960
-5.72222
-5.72485
-5.72747
-5.73010
-5.73272
-5.73535
-5.73797
-5.74060
-5.74323
-5.74585
-5.74848
-5.75110
-5.75373
-5.75635
-5.75898
-5.76160
-5.76423
-5.76685
-5.76948
-5.77210
-5.77473
-5.77735
-5.77998
-5.78260
-5.78523
-5.78785
-5.79048
-5.79310
-5.79573
-5.79835
-5.80098
-5.80360
-5.80623
-5.80885
-5.81148
-5.81410
-5.81673
-5.81935
-5.82198
-5.82460
-5.82723
-5.82985
-5.83248
-5.83510
-5.83773
-5.84035
-5.84298
-5.84560
-5.84823
-5.85085
-5.85348
-5.85610
-5.85873
-5.86135
-5.86398
-5.86660
-5.86923
-5.87185
-5.87448
-5.87710
-5.87973
-5.88235
-5.88498
-5.88760
-5.89022
-5.89285
-5.89547
-5.89810
-5.90072
-5.90335
-5.90597
-5.90860
-5.91122
-5.91385
-5.91647
-5.91910
-5.92172
-5.92435
-5.92697
-5.92960
-5.93222
-5.93485
-5.93747
-5.94009
-5.94272
-5.94534
-5.94797
-5.95059
-5.95322
-5.95584
-5.95847
-5.96109
-5.96372
-5.96634
-5.96897
-5.97159
-5.97421
-5.97684
-5.97946
-5.98209
-5.98471
-5.98734
-5.98996
-5.99259
-5.99521
-5.99784
-6.00046
-6.00308
-6.00571
-6.00833
-6.01096
-6.01358
-6.01621
-6.01883
-6.02146
-6.02408
-6.02671
-6.02933
-6.03195
-6.03458
-6.03720
-6.03983
-6.04245
-6.04508
-6.04770
-6.05032
-6.05295
-6.05557
-6.05820
-6.06082
-6.06345
-6.06607
-6.06870
-6.07132
-6.07394
-6.07657
-6.07919
-6.08182
-6.08444
-6.08707
-6.08969
-6.09231
-6.09494
-6.09756
-6.10019
-6.10281
-6.10544
-6.10806
-6.11068
-6.11331
-6.11593
-6.11856
-6.12118
-6.12380
-6.12643
-6.12905
-6.13168
-6.13430
-6.13693
-6.13955
-6.14217
-6.14480
-6.14742
-6.15005
-6.15267
-6.15529
-6.15792
-6.16054
-6.16317
-6.16579
-6.16841
-6.17104
-6.17366
-6.17629
-6.17891
-6.18153
-6.18416
-6.18678
-6.18941
-6.19203
-6.19466
-6.19728
-6.19990
-6.20253
-6.20515
-6.20777
-6.21040
-6.21302
-6.21565
-6.21827
-6.22089
-6.22352
-6.22614
-6.22877
-6.23139
-6.23401
-6.23664
-6.23926
-6.24189
-6.24451
-6.24713
-6.24976
-6.25238
-6.25501
-6.25763
-6.26025
-6.26288
-6.26550
-6.26812
-6.27075
-6.27337
-6.27600
-6.27862
-6.28124
-6.28387
-6.28649
-6.28911
-6.29174
-6.29436
-6.29699
-6.29961
-6.30223
-6.30486
-6.30748
-6.31010
-6.31273
-6.31535
-6.31798
-6.32060
-6.32322
-6.32585
-6.32847
-6.33109
-6.33372
-6.33634
-6.33896
-6.34159
-6.34421
-6.34684
-6.34946
-6.35208
-6.35471
-6.35733
-6.35995
-6.36258
-6.36520
-6.36782
-6.37045
-6.37307
-6.37569
-6.37832
-6.38094
-6.38356
-6.38619
-6.38881
-6.39144
-6.39406
-6.39668
-6.39931
-6.40193
-6.40455
-6.40718
-6.40980
-6.41242
-6.41505
-6.41767
-6.42029
-6.42292
-6.42554
-6.42816
-6.43079
-6.43341
-6.43603
-6.43866
-6.44128
-6.44390
-6.44653
-6.44915
-6.45177
-6.45440
-6.45702
-6.45964
-6.46227
-6.46489
-6.46751
-6.47014
-6.47276
-6.47538
-6.47801
-6.48063
-6.48325
-6.48588
-6.48850
-6.49112
-6.49375
-6.49637
-6.49899
-6.50162
-6.50424
-6.50686
-6.50948
-6.51211
-6.51473
-6.51735
-6.51998
-6.52260
-6.52522
-6.52785
-6.53047
-6.53309
-6.53572
-6.53834
-6.54096
-6.54359
-6.54621
-6.54883
-6.55145
-6.55408
-6.55670
-6.55932
-6.56195
-6.56457
-6.56719
-6.56982
-6.57244
-6.57506
-6.57768
-6.58031
-6.58293
-6.58555
-6.58818
-6.59080
-6.59342
-6.59605
-6.59867
-6.60129
-6.60391
-6.60654
-6.60916
-6.61178
-6.61441
-6.61703
-6.61965
-6.62227
-6.62490
-6.62752
-6.63014
-6.63277
-6.63539
-6.63801
-6.64063
-6.64326
-6.64588
-6.64850
-6.65113
-6.65375
-6.65637
-6.65899
-6.66162
-6.66424
-6.66686
-6.66948
-6.67211
-6.67473
-6.67735
-6.67998
-6.68260
-6.68522
-6.68784
-6.69047
-6.69309
-6.69571
-6.69833
-6.70096
-6.70358
-6.70620
-6.70883
-6.71145
-6.71407
-6.71669
-6.71932
-6.72194
-6.72456
-6.72718
-6.72981
-6.73243
-6.73505
-6.73767
-6.74030
-6.74292
-6.74554
-6.74816
-6.75079
-6.75341
-6.75603
-6.75865
-6.76128
-6.76390
-6.76652
-6.76914
-6.77177
-6.77439
-6.77701
-6.77963
-6.78226
-6.78488
-6.78750
-6.79012
-6.79275
-6.79537
-6.79799
-6.80061
-6.80324
-6.80586
-6.80848
-6.81110
-6.81373
-6.81635
-6.81897
-6.82159
-6.82421
-6.82684
-6.82946
-6.83208
-6.83470
-6.83733
-6.83995
-6.84257
-6.84519
-6.84782
-6.85044
-6.85306
-6.85568
-6.85830
-6.86093
-6.86355
-6.86617
-6.86879
-6.87142
-6.87404
-6.87666
-6.87928
-6.88190
-6.88453
-6.88715
-6.88977
-6.89239
-6.89502
-6.89764
-6.90026
-6.90288
-6.90550
-6.90813
-6.91075
-6.91337
-6.91599
-6.91861
-6.92124
-6.92386
-6.92648
-6.92910
-6.93172
-6.93435
-6.93697
-6.93959
-6.94221
-6.94483
-6.94746
-6.95008
-6.95270
-6.95532
-6.95794
-6.96057
-6.96319
-6.96581
-6.96843
-6.97105
-6.97368
-6.97630
-6.97892
-6.98154
-6.98416
-6.98679
-6.98941
-6.99203
-6.99465
-6.99727
-6.99990
-7.00252
-7.00514
-7.00776
-7.01038
-7.01300
-7.01563
-7.01825
-7.02087
-7.02349
-7.02611
-7.02874
-7.03136
-7.03398
-7.03660
-7.03922
-7.04184
-7.04447
-7.04709
-7.04971
-7.05233
-7.05495
-7.05757
-7.06020
-7.06282
-7.06544
-7.06806
-7.07068
-7.07330
-7.07593
-7.07855
-7.08117
-7.08379
-7.08641
-7.08903
-7.09166
-7.09428
-7.09690
-7.09952
-7.10214
-7.10476
-7.10739
-7.11001
-7.11263
-7.11525
-7.11787
-7.12049
-7.12312
-7.12574
-7.12836
-7.13098
-7.13360
-7.13622
-7.13884
-7.14147
-7.14409
-7.14671
-7.14933
-7.15195
-7.15457
-7.15720
-7.15982
-7.16244
-7.16506
-7.16768
-7.17030
-7.17292
-7.17555
-7.17817
-7.18079
-7.18341
-7.18603
-7.18865
-7.19127
-7.19389
-7.19652
-7.19914
-7.20176
-7.20438
-7.20700
-7.20962
-7.21224
-7.21487
-7.21749
-7.22011
-7.22273
-7.22535
-7.22797
-7.23059
-7.23321
-7.23584
-7.23846
-7.24108
-7.24370
-7.24632
-7.24894
-7.25156
-7.25418
-7.25681
-7.25943
-7.26205
-7.26467
-7.26729
-7.26991
-7.27253
-7.27515
-7.27777
-7.28040
-7.28302
-7.28564
-7.28826
-7.29088
-7.29350
-7.29612
-7.29874
-7.30136
-7.30399
-7.30661
-7.30923
-7.31185
-7.31447
-7.31709
-7.31971
-7.32233
-7.32495
-7.32758
-7.33020
-7.33282
-7.33544
-7.33806
-7.34068
-7.34330
-7.34592
-7.34854
-7.35116
-7.35378
-7.35641
-7.35903
-7.36165
-7.36427
-7.36689
-7.36951
-7.37213
-7.37475
-7.37737
-7.37999
-7.38261
-7.38524
-7.38786
-7.39048
-7.39310
-7.39572
-7.39834
-7.40096
-7.40358
-7.40620
-7.40882
-7.41144
-7.41406
-7.41669
-7.41931
-7.42193
-7.42455
-7.42717
-7.42979
-7.43241
-7.43503
-7.43765
-7.44027
-7.44289
-7.44551
-7.44813
-7.45075
-7.45338
-7.45600
-7.45862
-7.46124
-7.46386
-7.46648
-7.46910
-7.47172
-7.47434
-7.47696
-7.47958
-7.48220
-7.48482
-7.48744
-7.49006
-7.49268
-7.49531
-7.49793
-7.50055
-7.50317
-7.50579
-7.50841
-7.51103
-7.51365
-7.51627
-7.51889
-7.52151
-7.52413
-7.52675
-7.52937
-7.53199
-7.53461
-7.53723
-7.53985
-7.54247
-7.54509
-7.54772
-7.55034
-7.55296
-7.55558
-7.55820
-7.56082
-7.56344
-7.56606
-7.56868
-7.57130
-7.57392
-7.57654
-7.57916
-7.58178
-7.58440
-7.58702
-7.58964
-7.59226
-7.59488
-7.59750
-7.60012
-7.60274
-7.60536
-7.60798
-7.61060
-7.61322
-7.61584
-7.61846
-7.62108
-7.62370
-7.62632
-7.62894
-7.63156
-7.63419
-7.63681
-7.63943
-7.64205
-7.64467
-7.64729
-7.64991
-7.65253
-7.65515
-7.65777
-7.66039
-7.66301
-7.66563
-7.66825
-7.67087
-7.67349
-7.67611
-7.67873
-7.68135
-7.68397
-7.68659
-7.68921
-7.69183
-7.69445
-7.69707
-7.69969
-7.70231
-7.70493
-7.70755
-7.71017
-7.71279
-7.71541
-7.71803
-7.72065
-7.72327
-7.72589
-7.72851
-7.73113
-7.73375
-7.73637
-7.73899
-7.74161
-7.74423
-7.74685
-7.74947
-7.75209
-7.75471
-7.75733
-7.75995
-7.76257
-7.76519
-7.76781
-7.77043
-7.77305
-7.77567
-7.77829
-7.78091
-7.78353
-7.78614
-7.78876
-7.79138
-7.79400
-7.79662
-7.79924
-7.80186
-7.80448
-7.80710
-7.80972
-7.81234
-7.81496
-7.81758
-7.82020
-7.82282
-7.82544
-7.82806
-7.83068
-7.83330
-7.83592
-7.83854
-7.84116
-7.84378
-7.84640
-7.84902
-7.85164
-7.85426
-7.85688
-7.85950
-7.86212
-7.86474
-7.86736
-7.86997
-7.87259
-7.87521
-7.87783
-7.88045
-7.88307
-7.88569
-7.88831
-7.89093
-7.89355
-7.89617
-7.89879
-7.90141
-7.90403
-7.90665
-7.90927
-7.91189
-7.91451
-7.91713
-7.91975
-7.92236
-7.92498
-7.92760
-7.93022
-7.93284
-7.93546
-7.93808
-7.94070
-7.94332
-7.94594
-7.94856
-7.95118
-7.95380
-7.95642
-7.95904
-7.96166
-7.96427
-7.96689
-7.96951
-7.97213
-7.97475
-7.97737
-7.97999
-7.98261
-7.98523
-7.98785
-7.99047
-7.99309
-7.99571
-7.99833
-8.00094
-8.00356
-8.00618
-8.00880
-8.01142
-8.01404
-8.01666
-8.01928
-8.02190
-8.02452
-8.02714
-8.02976
-8.03237
-8.03499
-8.03761
-8.04023
-8.04285
-8.04547
-8.04809
-8.05071
-8.05333
-8.05595
-8.05857
-8.06119
-8.06380
-8.06642
-8.06904
-8.07166
-8.07428
-8.07690
-8.07952
-8.08214
-8.08476
-8.08738
-8.08999
-8.09261
-8.09523
-8.09785
-8.10047
-8.10309
-8.10571
-8.10833
-8.11095
-8.11357
-8.11618
-8.11880
-8.12142
-8.12404
-8.12666
-8.12928
-8.13190
-8.13452
-8.13714
-8.13975
-8.14237
-8.14499
-8.14761
-8.15023
-8.15285
-8.15547
-8.15809
-8.16070
-8.16332
-8.16594
-8.16856
-8.17118
-8.17380
-8.17642
-8.17904
-8.18165
-8.18427
-8.18689
-8.18951
-8.19213
-8.19475
-8.19737
-8.19999
-8.20260
-8.20522
-8.20784
-8.21046
-8.21308
-8.21570
-8.21832
-8.22094
-8.22355
-8.22617
-8.22879
-8.23141
-8.23403
-8.23665
-8.23927
-8.24188
-8.24450
-8.24712
-8.24974
-8.25236
-8.25498
-8.25760
-8.26021
-8.26283
-8.26545
-8.26807
-8.27069
-8.27331
-8.27593
-8.27854
-8.28116
-8.28378
-8.28640
-8.28902
-8.29164
-8.29425
-8.29687
-8.29949
-8.30211
-8.30473
-8.30735
-8.30997
-8.31258
-8.31520
-8.31782
-8.32044
-8.32306
-8.32568
-8.32829
-8.33091
-8.33353
-8.33615
-8.33877
-8.34139
-8.34400
-8.34662
-8.34924
-8.35186
-8.35448
-8.35710
-8.35971
-8.36233
-8.36495
-8.36757
-8.37019
-8.37281
-8.37542
-8.37804
-8.38066
-8.38328
-8.38590
-8.38851
-8.39113
-8.39375
-8.39637
-8.39899
-8.40161
-8.40422
-8.40684
-8.40946
-8.41208
-8.41470
-8.41731
-8.41993
-8.42255
-8.42517
-8.42779
-8.43040
-8.43302
-8.43564
-8.43826
-8.44088
-8.44350
-8.44611
-8.44873
-8.45135
-8.45397
-8.45659
-8.45920
-8.46182
-8.46444
-8.46706
-8.46968
-8.47229
-8.47491
-8.47753
-8.48015
-8.48277
-8.48538
-8.48800
-8.49062
-8.49324
-8.49586
-8.49847
-8.50109
-8.50371
-8.50633
-8.50894
-8.51156
-8.51418
-8.51680
-8.51942
-8.52203
-8.52465
-8.52727
-8.52989
-8.53251
-8.53512
-8.53774
-8.54036
-8.54298
-8.54559
-8.54821
-8.55083
-8.55345
-8.55607
-8.55868
-8.56130
-8.56392
-8.56654
-8.56915
-8.57177
-8.57439
-8.57701
-8.57962
-8.58224
-8.58486
-8.58748
-8.59010
-8.59271
-8.59533
-8.59795
-8.60057
-8.60318
-8.60580
-8.60842
-8.61104
-8.61365
-8.61627
-8.61889
-8.62151
-8.62412
-8.62674
-8.62936
-8.63198
-8.63460
-8.63721
-8.63983
-8.64245
-8.64507
-8.64768
-8.65030
-8.65292
-8.65554
-8.65815
-8.66077
-8.66339
-8.66601
-8.66862
-8.67124
-8.67386
-8.67648
-8.67909
-8.68171
-8.68433
-8.68694
-8.68956
-8.69218
-8.69480
-8.69741
-8.70003
-8.70265
-8.70527
-8.70788
-8.71050
-8.71312
-8.71574
-8.71835
-8.72097
-8.72359
-8.72621
-8.72882
-8.73144
-8.73406
-8.73667
-8.73929
-8.74191
-8.74453
-8.74714
-8.74976
-8.75238
-8.75500
-8.75761
-8.76023
-8.76285
-8.76546
-8.76808
-8.77070
-8.77332
-8.77593
-8.77855
-8.78117
-8.78378
-8.78640
-8.78902
-8.79164
-8.79425
-8.79687
-8.79949
-8.80210
-8.80472
-8.80734
-8.80996
-8.81257
-8.81519
-8.81781
-8.82042
-8.82304
-8.82566
-8.82828
-8.83089
-8.83351
-8.83613
-8.83874
-8.84136
-8.84398
-8.84659
-8.84921
-8.85183
-8.85445
-8.85706
-8.85968
-8.86230
-8.86491
-8.86753
-8.87015
-8.87276
-8.87538
-8.87800
-8.88061
-8.88323
-8.88585
-8.88847
-8.89108
-8.89370
-8.89632
-8.89893
-8.90155
-8.90417
-8.90678
-8.90940
-8.91202
-8.91463
-8.91725
-8.91987
-8.92248
-8.92510
-8.92772
-8.93033
-8.93295
-8.93557
-8.93818
-8.94080
-8.94342
-8.94604
-8.94865
-8.95127
-8.95389
-8.95650
-8.95912
-8.96174
-8.96435
-8.96697
-8.96959
-8.97220
-8.97482
-8.97744
-8.98005
-8.98267
-8.98529
-8.98790
-8.99052
-8.99314
-8.99575
-8.99837
-9.00098
-9.00360
-9.00622
-9.00883
-9.01145
-9.01407
-9.01668
-9.01930
-9.02192
-9.02453
-9.02715
-9.02977
-9.03238
-9.03500
-9.03762
-9.04023
-9.04285
-9.04547
-9.04808
-9.05070
-9.05332
-9.05593
-9.05855
-9.06116
-9.06378
-9.06640
-9.06901
-9.07163
-9.07425
-9.07686
-9.07948
-9.08210
-9.08471
-9.08733
-9.08994
-9.09256
-9.09518
-9.09779
-9.10041
-9.10303
-9.10564
-9.10826
-9.11088
-9.11349
-9.11611
-9.11872
-9.12134
-9.12396
-9.12657
-9.12919
-9.13181
-9.13442
-9.13704
-9.13965
-9.14227
-9.14489
-9.14750
-9.15012
-9.15274
-9.15535
-9.15797
-9.16058
-9.16320
-9.16582
-9.16843
-9.17105
-9.17366
-9.17628
-9.17890
-9.18151
-9.18413
-9.18675
-9.18936
-9.19198
-9.19459
-9.19721
-9.19983
-9.20244
-9.20506
-9.20767
-9.21029
-9.21291
-9.21552
-9.21814
-9.22075
-9.22337
-9.22599
-9.22860
-9.23122
-9.23383
-9.23645
-9.23907
-9.24168
-9.24430
-9.24691
-9.24953
-9.25215
-9.25476
-9.25738
-9.25999
-9.26261
-9.26522
-9.26784
-9.27046
-9.27307
-9.27569
-9.27830
-9.28092
-9.28354
-9.28615
-9.28877
-9.29138
-9.29400
-9.29662
-9.29923
-9.30185
-9.30446
-9.30708
-9.30969
-9.31231
-9.31493
-9.31754
-9.32016
-9.32277
-9.32539
-9.32800
-9.33062
-9.33324
-9.33585
-9.33847
-9.34108
-9.34370
-9.34631
-9.34893
-9.35155
-9.35416
-9.35678
-9.35939
-9.36201
-9.36462
-9.36724
-9.36985
-9.37247
-9.37509
-9.37770
-9.38032
-9.38293
-9.38555
-9.38816
-9.39078
-9.39340
-9.39601
-9.39863
-9.40124
-9.40386
-9.40647
-9.40909
-9.41170
-9.41432
-9.41693
-9.41955
-9.42217
-9.42478
-9.42740
-9.43001
-9.43263
-9.43524
-9.43786
-9.44047
-9.44309
-9.44570
-9.44832
-9.45094
-9.45355
-9.45617
-9.45878
-9.46140
-9.46401
-9.46663
-9.46924
-9.47186
-9.47447
-9.47709
-9.47970
-9.48232
-9.48494
-9.48755
-9.49017
-9.49278
-9.49540
-9.49801
-9.50063
-9.50324
-9.50586
-9.50847
-9.51109
-9.51370
-9.51632
-9.51893
-9.52155
-9.52416
-9.52678
-9.52939
-9.53201
-9.53462
-9.53724
-9.53986
-9.54247
-9.54509
-9.54770
-9.55032
-9.55293
-9.55555
-9.55816
-9.56078
-9.56339
-9.56601
-9.56862
-9.57124
-9.57385
-9.57647
-9.57908
-9.58170
-9.58431
-9.58693
-9.58954
-9.59216
-9.59477
-9.59739
-9.60000
-9.60262
-9.60523
-9.60785
-9.61046
-9.61308
-9.61569
-9.61831
-9.62092
-9.62354
-9.62615
-9.62877
-9.63138
-9.63400
-9.63661
-9.63923
-9.64184
-9.64446
-9.64707
-9.64969
-9.65230
-9.65492
-9.65753
-9.66015
-9.66276
-9.66538
-9.66799
-9.67060
-9.67322
-9.67583
-9.67845
-9.68106
-9.68368
-9.68629
-9.68891
-9.69152
-9.69414
-9.69675
-9.69937
-9.70198
-9.70460
-9.70721
-9.70983
-9.71244
-9.71506
-9.71767
-9.72028
-9.72290
-9.72551
-9.72813
-9.73074
-9.73336
-9.73597
-9.73859
-9.74120
-9.74382
-9.74643
-9.74905
-9.75166
-9.75428
-9.75689
-9.75950
-9.76212
-9.76473
-9.76735
-9.76996
-9.77258
-9.77519
-9.77781
-9.78042
-9.78304
-9.78565
-9.78826
-9.79088
-9.79349
-9.79611
-9.79872
-9.80134
-9.80395
-9.80657
-9.80918
-9.81179
-9.81441
-9.81702
-9.81964
-9.82225
-9.82487
-9.82748
-9.83010
-9.83271
-9.83532
-9.83794
-9.84055
-9.84317
-9.84578
-9.84840
-9.85101
-9.85363
-9.85624
-9.85885
-9.86147
-9.86408
-9.86670
-9.86931
-9.87193
-9.87454
-9.87715
-9.87977
-9.88238
-9.88500
-9.88761
-9.89023
-9.89284
-9.89545
-9.89807
-9.90068
-9.90330
-9.90591
-9.90852
-9.91114
-9.91375
-9.91637
-9.91898
-9.92160
-9.92421
-9.92682
-9.92944
-9.93205
-9.93467
-9.93728
-9.93989
-9.94251
-9.94512
-9.94774
-9.95035
-9.95296
-9.95558
-9.95819
-9.96081
-9.96342
-9.96604
-9.96865
-9.97126
-9.97388
-9.97649
-9.97911
-9.98172
-9.98433
-9.98695
-9.98956
-9.99218
-9.99479
-9.99740
-10.00002
-10.00263
-10.00524
-10.00786
-10.01047
-10.01309
-10.01570
-10.01831
-10.02093
-10.02354
-10.02616
-10.02877
-10.03138
-10.03400
-10.03661
-10.03923
-10.04184
-10.04445
-10.04707
-10.04968
-10.05229
-10.05491
-10.05752
-10.06014
-10.06275
-10.06536
-10.06798
-10.07059
-10.07320
-10.07582
-10.07843
-10.08105
-10.08366
-10.08627
-10.08889
-10.09150
-10.09411
-10.09673
-10.09934
-10.10196
-10.10457
-10.10718
-10.10980
-10.11241
-10.11502
-10.11764
-10.12025
-10.12286
-10.12548
-10.12809
-10.13071
-10.13332
-10.13593
-10.13855
-10.14116
-10.14377
-10.14639
-10.14900
-10.15161
-10.15423
-10.15684
-10.15945
-10.16207
-10.16468
-10.16730
-10.16991
-10.17252
-10.17514
-10.17775
-10.18036
-10.18298
-10.18559
-10.18820
-10.19082
-10.19343
-10.19604
-10.19866
-10.20127
-10.20388
-10.20650
-10.20911
-10.21172
-10.21434
-10.21695
-10.21956
-10.22218
-10.22479
-10.22740
-10.23002
-10.23263
-10.23524
-10.23786
-10.24047
-10.24308
-10.24570
-10.24831
-10.25092
-10.25354
-10.25615
-10.25876
-10.26138
-10.26399
-10.26660
-10.26922
-10.27183
-10.27444
-10.27706
-10.27967
-10.28228
-10.28490
-10.28751
-10.29012
-10.29274
-10.29535
-10.29796
-10.30058
-10.30319
-10.30580
-10.30841
-10.31103
-10.31364
-10.31625
-10.31887
-10.32148
-10.32409
-10.32671
-10.32932
-10.33193
-10.33455
-10.33716
-10.33977
-10.34238
-10.34500
-10.34761
-10.35022
-10.35284
-10.35545
-10.35806
