2.79093
2.78840
2.78587
2.78334
2.78082
2.77829
2.77576
2.77323
2.77071
2.76818
2.76565
2.76313
2.76060
2.75807
2.75554
2.75302
2.75049
2.74796
2.74543
2.74291
2.74038
2.73785
2.73533
2.73280
2.73027
2.72774
2.72522
2.72269
2.72016
2.71764
2.71511
2.71258
2.71005
2.70753
2.70500
2.70247
2.69994
2.69742
2.69489
2.69236
2.68984
2.68731
2.68478
2.68226
2.67973
2.67720
2.67467
2.67215
2.66962
2.66709
2.66457
2.66204
2.65951
2.65698
2.65446
2.65193
2.64940
2.64688
2.64435
2.64182
2.63930
2.63677
2.63424
2.63171
2.62919
2.62666
2.62413
2.62161
2.61908
2.61655
2.61403
2.61150
2.60897
2.60645
2.60392
2.60139
2.59886
2.59634
2.59381
2.59128
2.58876
2.58623
2.58370
2.58118
2.57865
2.57612
2.57360
2.57107
2.56854
2.56602
2.56349
2.56096
2.55844
2.55591
2.55338
2.55085
2.54833
2.54580
2.54327
2.54075
2.53822
2.53569
2.53317
2.53064
2.52811
2.52559
2.52306
2.52053
2.51801
2.51548
2.51295
2.51043
2.50790
2.50537
2.50285
2.50032
2.49779
2.49527
2.49274
2.49021
2.48769
2.48516
2.48263
2.48011
2.47758
2.47505
2.47253
2.47000
2.46747
2.46495
2.46242
2.45990
2.45737
2.45484
2.45232
2.44979
2.44726
2.44474
2.44221
2.43968
2.43716
2.43463
2.43210
2.42958
2.42705
2.42452
2.42200
2.41947
2.41695
2.41442
2.41189
2.40937
2.40684
2.40431
2.40179
2.39926
2.39673
2.39421
2.39168
2.38915
2.38663
2.38410
2.38158
2.37905
2.37652
2.37400
2.37147
2.36894
2.36642
2.36389
2.36137
2.35884
2.35631
2.35379
2.35126
2.34873
2.34621
2.34368
2.34116
2.33863
2.33610
2.33358
2.33105
2.32852
2.32600
2.32347
2.32095
2.31842
2.31589
2.31337
2.31084
2.30831
2.30579
2.30326
2.30074
2.29821
2.29568
2.29316
2.29063
2.28811
2.28558
2.28305
2.28053
2.27800
2.27548
2.27295
2.27042
2.26790
2.26537
2.26284
2.26032
2.25779
2.25527
2.25274
2.25021
2.24769
2.24516
2.24264
2.24011
2.23758
2.23506
2.23253
2.23001
2.22748
2.22496
2.22243
2.21990
2.21738
2.21485
2.21233
2.20980
2.20727
2.20475
2.20222
2.19970
2.19717
2.19464
2.19212
2.18959
2.18707
2.18454
2.18201
2.17949
2.17696
2.17444
2.17191
2.16939
2.16686
2.16433
2.16181
2.15928
2.15676
2.15423
2.15171
2.14918
2.14665
2.14413
2.14160
2.13908
2.13655
2.13403
2.13150
2.12897
2.12645
2.12392
2.12140
2.11887
2.11635
2.11382
2.11129
2.10877
2.10624
2.10372
2.10119
2.09867
2.09614
2.09361
2.09109
2.08856
2.08604
2.08351
2.08099
2.07846
2.07594
2.07341
2.07088
2.06836
2.06583
2.06331
2.06078
2.05826
2.05573
2.05321
2.05068
2.04815
2.04563
2.04310
2.04058
2.03805
2.03553
2.03300
2.03048
2.02795
2.02543
2.02290
2.02037
2.01785
2.01532
2.01280
2.01027
2.00775
2.00522
2.00270
2.00017
1.99765
1.99512
1.99260
1.99007
1.98754
1.98502
1.98249
1.97997
1.97744
1.97492
1.97239
1.96987
1.96734
1.96482
1.96229
1.95977
1.95724
1.95472
1.95219
1.94966
1.94714
1.94461
1.94209
1.93956
1.93704
1.93451
1.93199
1.92946
1.92694
1.92441
1.92189
1.91936
1.91684
1.91431
1.91179
1.90926
1.90674
1.90421
1.90169
1.89916
1.89664
1.89411
1.89159
1.88906
1.88654
1.88401
1.88149
1.87896
1.87644
1.87391
1.87139
1.86886
1.86634
1.86381
1.86129
1.85876
1.85624
1.85371
1.85119
1.84866
1.84614
1.84361
1.84109
1.83856
1.83604
1.83351
1.83099
1.82846
1.82594
1.82341
1.82089
1.81836
1.81584
1.81331
1.81079
1.80826
1.80574
1.80321
1.80069
1.79816
1.79564
1.79311
1.79059
1.78806
1.78554
1.78301
1.78049
1.77796
1.77544
1.77291
1.77039
1.76786
1.76534
1.76281
1.76029
1.75776
1.75524
1.75271
1.75019
1.74767
1.74514
1.74262
1.74009
1.73757
1.73504
1.73252
1.72999
1.72747
1.72494
1.72242
1.71989
1.71737
1.71484
1.71232
1.70979
1.70727
1.70475
1.70222
1.69970
1.69717
1.69465
1.69212
1.68960
1.68707
1.68455
1.68202
1.67950
1.67698
1.67445
1.67193
1.66940
1.66688
1.66435
1.66183
1.65930
1.65678
1.65425
1.65173
1.64921
1.64668
1.64416
1.64163
1.63911
1.63658
1.63406
1.63153
1.62901
1.62649
1.62396
1.62144
1.61891
1.61639
1.61386
1.61134
1.60881
1.60629
1.60377
1.60124
1.59872
1.59619
1.59367
1.59114
1.58862
1.58609
1.58357
1.58105
1.57852
1.57600
1.57347
1.57095
1.56842
1.56590
1.56338
1.56085
1.55833
1.55580
1.55328
1.55075
1.54823
1.54571
1.54318
1.54066
1.53813
1.53561
1.53309
1.53056
1.52804
1.52551
1.52299
1.52046
1.51794
1.51542
1.51289
1.51037
1.50784
1.50532
1.50280
1.50027
1.49775
1.49522
1.49270
1.49017
1.48765
1.48513
1.48260
1.48008
1.47755
1.47503
1.47251
1.46998
1.46746
1.46493
1.46241
1.45989
1.45736
1.45484
1.45231
1.44979
1.44727
1.44474
1.44222
1.43969
1.43717
1.43465
1.43212
1.42960
1.42707
1.42455
1.42203
1.41950
1.41698
1.41445
1.41193
1.40941
1.40688
1.40436
1.40184
1.39931
1.39679
1.39426
1.39174
1.38922
1.38669
1.38417
1.38164
1.37912
1.37660
1.37407
1.37155
1.36903
1.36650
1.36398
1.36145
1.35893
1.35641
1.35388
1.35136
1.34884
1.34631
1.34379
1.34126
1.33874
1.33622
1.33369
1.33117
1.32865
1.32612
1.32360
1.32107
1.31855
1.31603
1.31350
1.31098
1.30846
1.30593
1.30341
1.30089
1.29836
1.29584
1.29332
1.29079
1.28827
1.28574
1.28322
1.28070
1.27817
1.27565
1.27313
1.27060
1.26808
1.26556
1.26303
1.26051
1.25799
1.25546
1.25294
1.25041
1.24789
1.24537
1.24284
1.24032
1.23780
1.23527
1.23275
1.23023
1.22770
1.22518
1.22266
1.22013
1.21761
1.21509
1.21256
1.21004
1.20752
1.20499
1.20247
1.19995
1.19742
1.19490
1.19238
1.18985
1.18733
1.18481
1.18228
1.17976
1.17724
1.17471
1.17219
1.16967
1.16714
1.16462
1.16210
1.15957
1.15705
1.15453
1.15200
1.14948
1.14696
1.14443
1.14191
1.13939
1.13686
1.13434
1.13182
1.12929
1.12677
1.12425
1.12173
1.11920
1.11668
1.11416
1.11163
1.10911
1.10659
1.10406
1.10154
1.09902
1.09649
1.09397
1.09145
1.08892
1.08640
1.08388
1.08136
1.07883
1.07631
1.07379
1.07126
1.06874
1.06622
1.06369
1.06117
1.05865
1.05613
1.05360
1.05108
1.04856
1.04603
1.04351
1.04099
1.03846
1.03594
1.03342
1.03090
1.02837
1.02585
1.02333
1.02080
1.01828
1.01576
1.01324
1.01071
1.00819
1.00567
1.00314
1.00062
0.99810
0.99558
0.99305
0.99053
0.98801
0.98548
0.98296
0.98044
0.97792
0.97539
0.97287
0.97035
0.96782
0.96530
0.96278
0.96026
0.95773
0.95521
0.95269
0.95016
0.94764
0.94512
0.94260
0.94007
0.93755
0.93503
0.93251
0.92998
0.92746
0.92494
0.92242
0.91989
0.91737
0.91485
0.91232
0.90980
0.90728
0.90476
0.90223
0.89971
0.89719
0.89467
0.89214
0.88962
0.88710
0.88458
0.88205
0.87953
0.87701
0.87449
0.87196
0.86944
0.86692
0.86440
0.86187
0.85935
0.85683
0.85431
0.85178
0.84926
0.84674
0.84422
0.84169
0.83917
0.83665
0.83413
0.83160
0.82908
0.82656
0.82404
0.82151
0.81899
0.81647
0.81395
0.81142
0.80890
0.80638
0.80386
0.80133
0.79881
0.79629
0.79377
0.79125
0.78872
0.78620
0.78368
0.78116
0.77863
0.77611
0.77359
0.77107
0.76854
0.76602
0.76350
0.76098
0.75846
0.75593
0.75341
0.75089
0.74837
0.74584
0.74332
0.74080
0.73828
0.73576
0.73323
0.73071
0.72819
0.72567
0.72314
0.72062
0.71810
0.71558
0.71306
0.71053
0.70801
0.70549
0.70297
0.70045
0.69792
0.69540
0.69288
0.69036
0.68784
0.68531
0.68279
0.68027
0.67775
0.67522
0.67270
0.67018
0.66766
0.66514
0.66261
0.66009
0.65757
0.65505
0.65253
0.65000
0.64748
0.64496
0.64244
0.63992
0.63740
0.63487
0.63235
0.62983
0.62731
0.62479
0.62226
0.61974
0.61722
0.61470
0.61218
0.60965
0.60713
0.60461
0.60209
0.59957
0.59704
0.59452
0.59200
0.58948
0.58696
0.58444
0.58191
0.57939
0.57687
0.57435
0.57183
0.56930
0.56678
0.56426
0.56174
0.55922
0.55670
0.55417
0.55165
0.54913
0.54661
0.54409
0.54157
0.53904
0.53652
0.53400
0.53148
0.52896
0.52644
0.52391
0.52139
0.51887
0.51635
0.51383
0.51131
0.50878
0.50626
0.50374
0.50122
0.49870
0.49618
0.49365
0.49113
0.48861
0.48609
0.48357
0.48105
0.47853
0.47600
0.47348
0.47096
0.46844
0.46592
0.46340
0.46087
0.45835
0.45583
0.45331
0.45079
0.44827
0.44575
0.44322
0.44070
0.43818
0.43566
0.43314
0.43062
0.42810
0.42557
0.42305
0.42053
0.41801
0.41549
0.41297
0.41045
0.40792
0.40540
0.40288
0.40036
0.39784
0.39532
0.39280
0.39028
0.38775
0.38523
0.38271
0.38019
0.37767
0.37515
0.37263
0.37010
0.36758
0.36506
0.36254
0.36002
0.35750
0.35498
0.35246
0.34993
0.34741
0.34489
0.34237
0.33985
0.33733
0.33481
0.33229
0.32977
0.32724
0.32472
0.32220
0.31968
0.31716
0.31464
0.31212
0.30960
0.30708
0.30455
0.30203
0.29951
0.29699
0.29447
0.29195
0.28943
0.28691
0.28439
0.28186
0.27934
0.27682
0.27430
0.27178
0.26926
0.26674
0.26422
0.26170
0.25918
0.25665
0.25413
0.25161
0.24909
0.24657
0.24405
0.24153
0.23901
0.23649
0.23397
0.23144
0.22892
0.22640
0.22388
0.22136
0.21884
0.21632
0.21380
0.21128
0.20876
0.20624
0.20372
0.20119
0.19867
0.19615
0.19363
0.19111
0.18859
0.18607
0.18355
0.18103
0.17851
0.17599
0.17347
0.17094
0.16842
0.16590
0.16338
0.16086
0.15834
0.15582
0.15330
0.15078
0.14826
0.14574
0.14322
0.14070
0.13818
0.13565
0.13313
0.13061
0.12809
0.12557
0.12305
0.12053
0.11801
0.11549
0.11297
0.11045
0.10793
0.10541
0.10289
0.10037
0.09784
0.09532
0.09280
0.09028
0.08776
0.08524
0.08272
0.08020
0.07768
0.07516
0.07264
0.07012
0.06760
0.06508
0.06256
0.06004
0.05752
0.05500
0.05248
0.04996
0.04743
0.04491
0.04239
0.03987
0.03735
0.03483
0.03231
0.02979
0.02727
0.02475
0.02223
0.01971
0.01719
0.01467
0.01215
0.00963
0.00711
0.00459
0.00207
-0.00045
-0.00297
-0.00549
-0.00801
-0.01053
-0.01305
-0.01557
-0.01810
-0.02062
-0.02314
-0.02566
-0.02818
-0.03070
-0.03322
-0.03574
-0.03826
-0.04078
-0.04330
-0.04582
-0.04834
-0.05086
-0.05338
-0.05590
-0.05842
-0.06094
-0.06346
-0.06598
-0.06850
-0.07102
-0.07354
-0.07606
-0.07858
-0.08110
-0.08362
-0.08614
-0.08866
-0.09118
-0.09370
-0.09622
-0.09874
-0.10126
-0.10378
-0.10630
-0.10882
-0.11134
-0.11386
-0.11638
-0.11890
-0.12142
-0.12394
-0.12646
-0.12898
-0.13150
-0.13402
-0.13654
-0.13906
-0.14158
-0.14410
-0.14662
-0.14914
-0.15166
-0.15418
-0.15670
-0.15922
-0.16174
-0.16426
-0.16678
-0.16930
-0.17182
-0.17434
-0.17686
-0.17938
-0.18190
-0.18442
-0.18694
-0.18946
-0.19198
-0.19450
-0.19702
-0.19954
-0.20206
-0.20458
-0.20710
-0.20962
-0.21214
-0.21466
-0.21718
-0.21970
-0.22222
-0.22474
-0.22726
-0.22978
-0.23230
-0.23482
-0.23734
-0.23986
-0.24238
-0.24490
-0.24742
-0.24993
-0.25245
-0.25497
-0.25749
-0.26001
-0.26253
-0.26505
-0.26757
-0.27009
-0.27261
-0.27513
-0.27765
-0.28017
-0.28269
-0.28521
-0.28773
-0.29025
-0.29277
-0.29529
-0.29781
-0.30033
-0.30285
-0.30537
-0.30789
-0.31041
-0.31293
-0.31545
-0.31796
-0.32048
-0.32300
-0.32552
-0.32804
-0.33056
-0.33308
-0.33560
-0.33812
-0.34064
-0.34316
-0.34568
-0.34820
-0.35072
-0.35324
-0.35576
-0.35828
-0.36080
-0.36332
-0.36583
-0.36835
-0.37087
-0.37339
-0.37591
-0.37843
-0.38095
-0.38347
-0.38599
-0.38851
-0.39103
-0.39355
-0.39607
-0.39859
-0.40111
-0.40363
-0.40614
-0.40866
-0.41118
-0.41370
-0.41622
-0.41874
-0.42126
-0.42378
-0.42630
-0.42882
-0.43134
-0.43386
-0.43638
-0.43890
-0.44141
-0.44393
-0.44645
-0.44897
-0.45149
-0.45401
-0.45653
-0.45905
-0.46157
-0.46409
-0.46661
-0.46913
-0.47164
-0.47416
-0.47668
-0.47920
-0.48172
-0.48424
-0.48676
-0.48928
-0.49180
-0.49432
-0.49684
-0.49935
-0.50187
-0.50439
-0.50691
-0.50943
-0.51195
-0.51447
-0.51699
-0.51951
-0.52203
-0.52455
-0.52706
-0.52958
-0.53210
-0.53462
-0.53714
-0.53966
-0.54218
-0.54470
-0.54722
-0.54974
-0.55225
-0.55477
-0.55729
-0.55981
-0.56233
-0.56485
-0.56737
-0.56989
-0.57241
-0.57492
-0.57744
-0.57996
-0.58248
-0.58500
-0.58752
-0.59004
-0.59256
-0.59508
-0.59759
-0.60011
-0.60263
-0.60515
-0.60767
-0.61019
-0.61271
-0.61523
-0.61774
-0.62026
-0.62278
-0.62530
-0.62782
-0.63034
-0.63286
-0.63538
-0.63789
-0.64041
-0.64293
-0.64545
-0.64797
-0.65049
-0.65301
-0.65553
-0.65804
-0.66056
-0.66308
-0.66560
-0.66812
-0.67064
-0.67316
-0.67567
-0.67819
-0.68071
-0.68323
-0.68575
-0.68827
-0.69079
-0.69330
-0.69582
-0.69834
-0.70086
-0.70338
-0.70590
-0.70842
-0.71093
-0.71345
-0.71597
-0.71849
-0.72101
-0.72353
-0.72605
-0.72856
-0.73108
-0.73360
-0.73612
-0.73864
-0.74116
-0.74368
-0.74619
-0.74871
-0.75123
-0.75375
-0.75627
-0.75879
-0.76130
-0.76382
-0.76634
-0.76886
-0.77138
-0.77390
-0.77641
-0.77893
-0.78145
-0.78397
-0.78649
-0.78901
-0.79153
-0.79404
-0.79656
-0.79908
-0.80160
-0.80412
-0.80663
-0.80915
-0.81167
-0.81419
-0.81671
-0.81923
-0.82174
-0.82426
-0.82678
-0.82930
-0.83182
-0.83434
-0.83685
-0.83937
-0.84189
-0.84441
-0.84693
-0.84945
-0.85196
-0.85448
-0.85700
-0.85952
-0.86204
-0.86455
-0.86707
-0.86959
-0.87211
-0.87463
-0.87714
-0.87966
-0.88218
-0.88470
-0.88722
-0.88974
-0.89225
-0.89477
-0.89729
-0.89981
-0.90233
-0.90484
-0.90736
-0.90988
-0.91240
-0.91492
-0.91743
-0.91995
-0.92247
-0.92499
-0.92751
-0.93002
-0.93254
-0.93506
-0.93758
-0.94010
-0.94261
-0.94513
-0.94765
-0.95017
-0.95269
-0.95520
-0.95772
-0.96024
-0.96276
-0.96528
-0.96779
-0.97031
-0.97283
-0.97535
-0.97786
-0.98038
-0.98290
-0.98542
-0.98794
-0.99045
-0.99297
-0.99549
-0.99801
-1.00053
-1.00304
-1.00556
-1.00808
-1.01060
-1.01311
-1.01563
-1.01815
-1.02067
-1.02319
-1.02570
-1.02822
-1.03074
-1.03326
-1.03577
-1.03829
-1.04081
-1.04333
-1.04585
-1.04836
-1.05088
-1.05340
-1.05592
-1.05843
-1.06095
-1.06347
-1.06599
-1.06850
-1.07102
-1.07354
-1.07606
-1.07857
-1.08109
-1.08361
-1.08613
-1.08865
-1.09116
-1.09368
-1.09620
-1.09872
-1.10123
-1.10375
-1.10627
-1.10879
-1.11130
-1.11382
-1.11634
-1.11886
-1.12137
-1.12389
-1.12641
-1.12893
-1.13144
-1.13396
-1.13648
-1.13900
-1.14151
-1.14403
-1.14655
-1.14907
-1.15158
-1.15410
-1.15662
-1.15914
-1.16165
-1.16417
-1.16669
-1.16920
-1.17172
-1.17424
-1.17676
-1.17927
-1.18179
-1.18431
-1.18683
-1.18934
-1.19186
-1.19438
-1.19690
-1.19941
-1.20193
-1.20445
-1.20696
-1.20948
-1.21200
-1.21452
-1.21703
-1.21955
-1.22207
-1.22459
-1.22710
-1.22962
-1.23214
-1.23465
-1.23717
-1.23969
-1.24221
-1.24472
-1.24724
-1.24976
-1.25228
-1.25479
-1.25731
-1.25983
-1.26234
-1.26486
-1.26738
-1.26990
-1.27241
-1.27493
-1.27745
-1.27996
-1.28248
-1.28500
-1.28752
-1.29003
-1.29255
-1.29507
-1.29758
-1.30010
-1.30262
-1.30513
-1.30765
-1.31017
-1.31269
-1.31520
-1.31772
-1.32024
-1.32275
-1.32527
-1.32779
-1.33030
-1.33282
-1.33534
-1.33786
-1.34037
-1.34289
-1.34541
-1.34792
-1.35044
-1.35296
-1.35547
-1.35799
-1.36051
-1.36303
-1.36554
-1.36806
-1.37058
-1.37309
-1.37561
-1.37813
-1.38064
-1.38316
-1.38568
-1.38819
-1.39071
-1.39323
-1.39574
-1.39826
-1.40078
-1.40329
-1.40581
-1.40833
-1.41084
-1.41336
-1.41588
-1.41840
-1.42091
-1.42343
-1.42595
-1.42846
-1.43098
-1.43350
-1.43601
-1.43853
-1.44105
-1.44356
-1.44608
-1.44860
-1.45111
-1.45363
-1.45615
-1.45866
-1.46118
-1.46370
-1.46621
-1.46873
-1.47125
-1.47376
-1.47628
-1.47880
-1.48131
-1.48383
-1.48635
-1.48886
-1.49138
-1.49390
-1.49641
-1.49893
-1.50144
-1.50396
-1.50648
-1.50899
-1.51151
-1.51403
-1.51654
-1.51906
-1.52158
-1.52409
-1.52661
-1.52913
-1.53164
-1.53416
-1.53668
-1.53919
-1.54171
-1.54423
-1.54674
-1.54926
-1.55177
-1.55429
-1.55681
-1.55932
-1.56184
-1.56436
-1.56687
-1.56939
-1.57191
-1.57442
-1.57694
-1.57946
-1.58197
-1.58449
-1.58700
-1.58952
-1.59204
-1.59455
-1.59707
-1.59959
-1.60210
-1.60462
-1.60713
-1.60965
-1.61217
-1.61468
-1.61720
-1.61972
-1.62223
-1.62475
-1.62726
-1.62978
-1.63230
-1.63481
-1.63733
-1.63985
-1.64236
-1.64488
-1.64739
-1.64991
-1.65243
-1.65494
-1.65746
-1.65998
-1.66249
-1.66501
-1.66752
-1.67004
-1.67256
-1.67507
-1.67759
-1.68010
-1.68262
-1.68514
-1.68765
-1.69017
-1.69268
-1.69520
-1.69772
-1.70023
-1.70275
-1.70526
-1.70778
-1.71030
-1.71281
-1.71533
-1.71784
-1.72036
-1.72288
-1.72539
-1.72791
-1.73042
-1.73294
-1.73546
-1.73797
-1.74049
-1.74300
-1.74552
-1.74804
-1.75055
-1.75307
-1.75558
-1.75810
-1.76062
-1.76313
-1.76565
-1.76816
-1.77068
-1.77320
-1.77571
-1.77823
-1.78074
-1.78326
-1.78577
-1.78829
-1.79081
-1.79332
-1.79584
-1.79835
-1.80087
-1.80339
-1.80590
-1.80842
-1.81093
-1.81345
-1.81596
-1.81848
-1.82100
-1.82351
-1.82603
-1.82854
-1.83106
-1.83357
-1.83609
-1.83861
-1.84112
-1.84364
-1.84615
-1.84867
-1.85118
-1.85370
-1.85622
-1.85873
-1.86125
-1.86376
-1.86628
-1.86879
-1.87131
-1.87383
-1.87634
-1.87886
-1.88137
-1.88389
-1.88640
-1.88892
-1.89143
-1.89395
-1.89647
-1.89898
-1.90150
-1.90401
-1.90653
-1.90904
-1.91156
-1.91407
-1.91659
-1.91911
-1.92162
-1.92414
-1.92665
-1.92917
-1.93168
-1.93420
-1.93671
-1.93923
-1.94174
-1.94426
-1.94678
-1.94929
-1.95181
-1.95432
-1.95684
-1.95935
-1.96187
-1.96438
-1.96690
-1.96941
-1.97193
-1.97444
-1.97696
-1.97948
-1.98199
-1.98451
-1.98702
-1.98954
-1.99205
-1.99457
-1.99708
-1.99960
-2.00211
-2.00463
-2.00714
-2.00966
-2.01217
-2.01469
-2.01720
-2.01972
-2.02224
-2.02475
-2.02727
-2.02978
-2.03230
-2.03481
-2.03733
-2.03984
-2.04236
-2.04487
-2.04739
-2.04990
-2.05242
-2.05493
-2.05745
-2.05996
-2.06248
-2.06499
-2.06751
-2.07002
-2.07254
-2.07505
-2.07757
-2.08008
-2.08260
-2.08511
-2.08763
-2.09014
-2.09266
-2.09517
-2.09769
-2.10020
-2.10272
-2.10523
-2.10775
-2.11026
-2.11278
-2.11529
-2.11781
-2.12032
-2.12284
-2.12535
-2.12787
-2.13038
-2.13290
-2.13541
-2.13793
-2.14044
-2.14296
-2.14547
-2.14799
-2.15050
-2.15302
-2.15553
-2.15805
-2.16056
-2.16308
-2.16559
-2.16811
-2.17062
-2.17314
-2.17565
-2.17817
-2.18068
-2.18320
-2.18571
-2.18823
-2.19074
-2.19326
-2.19577
-2.19829
-2.20080
-2.20332
-2.20583
-2.20835
-2.21086
-2.21338
-2.21589
-2.21840
-2.22092
-2.22343
-2.22595
-2.22846
-2.23098
-2.23349
-2.23601
-2.23852
-2.24104
-2.24355
-2.24607
-2.24858
-2.25110
-2.25361
-2.25613
-2.25864
-2.26115
-2.26367
-2.26618
-2.26870
-2.27121
-2.27373
-2.27624
-2.27876
-2.28127
-2.28379
-2.28630
-2.28882
-2.29133
-2.29384
-2.29636
-2.29887
-2.30139
-2.30390
-2.30642
-2.30893
-2.31145
-2.31396
-2.31647
-2.31899
-2.32150
-2.32402
-2.32653
-2.32905
-2.33156
-2.33408
-2.33659
-2.33911
-2.34162
-2.34413
-2.34665
-2.34916
-2.35168
-2.35419
-2.35671
-2.35922
-2.36173
-2.36425
-2.36676
-2.36928
-2.37179
-2.37431
-2.37682
-2.37934
-2.38185
-2.38436
-2.38688
-2.38939
-2.39191
-2.39442
-2.39694
-2.39945
-2.40196
-2.40448
-2.40699
-2.40951
-2.41202
-2.41454
-2.41705
-2.41956
-2.42208
-2.42459
-2.42711
-2.42962
-2.43214
-2.43465
-2.43716
-2.43968
-2.44219
-2.44471
-2.44722
-2.44973
-2.45225
-2.45476
-2.45728
-2.45979
-2.46231
-2.46482
-2.46733
-2.46985
-2.47236
-2.47488
-2.47739
-2.47990
-2.48242
-2.48493
-2.48745
-2.48996
-2.49247
-2.49499
-2.49750
-2.50002
-2.50253
-2.50504
-2.50756
-2.51007
-2.51259
-2.51510
-2.51761
-2.52013
-2.52264
-2.52516
-2.52767
-2.53018
-2.53270
-2.53521
-2.53773
-2.54024
-2.54275
-2.54527
-2.54778
-2.55030
-2.55281
-2.55532
-2.55784
-2.56035
-2.56287
-2.56538
-2.56789
-2.57041
-2.57292
-2.57543
-2.57795
-2.58046
-2.58298
-2.58549
-2.58800
-2.59052
-2.59303
-2.59555
-2.59806
-2.60057
-2.60309
-2.60560
-2.60811
-2.61063
-2.61314
-2.61566
-2.61817
-2.62068
-2.62320
-2.62571
-2.62822
-2.63074
-2.63325
-2.63577
-2.63828
-2.64079
-2.64331
-2.64582
-2.64833
-2.65085
-2.65336
-2.65587
-2.65839
-2.66090
-2.66342
-2.66593
-2.66844
-2.67096
-2.67347
-2.67598
-2.67850
-2.68101
-2.68352
-2.68604
-2.68855
-2.69106
-2.69358
-2.69609
-2.69861
-2.70112
-2.70363
-2.70615
-2.70866
-2.71117
-2.71369
-2.71620
-2.71871
-2.72123
-2.72374
-2.72625
-2.72877
-2.73128
-2.73379
-2.73631
-2.73882
-2.74133
-2.74385
-2.74636
-2.74887
-2.75139
-2.75390
-2.75642
-2.75893
-2.76144
-2.76396
-2.76647
-2.76898
-2.77150
-2.77401
-2.77652
-2.77904
-2.78155
-2.78406
-2.78658
-2.78909
-2.79160
-2.79412
-2.79663
-2.79914
-2.80166
-2.80417
-2.80668
-2.80919
-2.81171
-2.81422
-2.81673
-2.81925
-2.82176
-2.82427
-2.82679
-2.82930
-2.83181
-2.83433
-2.83684
-2.83935
-2.84187
-2.84438
-2.84689
-2.84941
-2.85192
-2.85443
-2.85695
-2.85946
-2.86197
-2.86448
-2.86700
-2.86951
-2.87202
-2.87454
-2.87705
-2.87956
-2.88208
-2.88459
-2.88710
-2.88962
-2.89213
-2.89464
-2.89715
-2.89967
-2.90218
-2.90469
-2.90721
-2.90972
-2.91223
-2.91475
-2.91726
-2.91977
-2.92228
-2.92480
-2.92731
-2.92982
-2.93234
-2.93485
-2.93736
-2.93988
-2.94239
-2.94490
-2.94741
-2.94993
-2.95244
-2.95495
-2.95747
-2.95998
-2.96249
-2.96500
-2.96752
-2.97003
-2.97254
-2.97506
-2.97757
-2.98008
-2.98259
-2.98511
-2.98762
-2.99013
-2.99265
-2.99516
-2.99767
-3.00018
-3.00270
-3.00521
-3.00772
-3.01024
-3.01275
-3.01526
-3.01777
-3.02029
-3.02280
-3.02531
-3.02782
-3.03034
-3.03285
-3.03536
-3.03787
-3.04039
-3.04290
-3.04541
-3.04793
-3.05044
-3.05295
-3.05546
-3.05798
-3.06049
-3.06300
-3.06551
-3.06803
-3.07054
-3.07305
-3.07556
-3.07808
-3.08059
-3.08310
-3.08561
-3.08813
-3.09064
-3.09315
-3.09566
-3.09818
-3.10069
-3.10320
-3.10571
-3.10823
-3.11074
-3.11325
-3.11576
-3.11828
-3.12079
-3.12330
-3.12581
-3.12833
-3.13084
-3.13335
-3.13586
-3.13838
-3.14089
-3.14340
-3.14591
-3.14843
-3.15094
-3.15345
-3.15596
-3.15848
-3.16099
-3.16350
-3.16601
-3.16853
-3.17104
-3.17355
-3.17606
-3.17858
-3.18109
-3.18360
-3.18611
-3.18862
-3.19114
-3.19365
-3.19616
-3.19867
-3.20119
-3.20370
-3.20621
-3.20872
-3.21123
-3.21375
-3.21626
-3.21877
-3.22128
-3.22380
-3.22631
-3.22882
-3.23133
-3.23384
-3.23636
-3.23887
-3.24138
-3.24389
-3.24641
-3.24892
-3.25143
-3.25394
-3.25645
-3.25897
-3.26148
-3.26399
-3.26650
-3.26901
-3.27153
-3.27404
-3.27655
-3.27906
-3.28158
-3.28409
-3.28660
-3.28911
-3.29162
-3.29414
-3.29665
-3.29916
-3.30167
-3.30418
-3.30670
-3.30921
-3.31172
-3.31423
-3.31674
-3.31926
-3.32177
-3.32428
-3.32679
-3.32930
-3.33182
-3.33433
-3.33684
-3.33935
-3.34186
-3.34437
-3.34689
-3.34940
-3.35191
-3.35442
-3.35693
-3.35945
-3.36196
-3.36447
-3.36698
-3.36949
-3.37201
-3.37452
-3.37703
-3.37954
-3.38205
-3.38456
-3.38708
-3.38959
-3.39210
-3.39461
-3.39712
-3.39964
-3.40215
-3.40466
-3.40717
-3.40968
-3.41219
-3.41471
-3.41722
-3.41973
-3.42224
-3.42475
-3.42726
-3.42978
-3.43229
-3.43480
-3.43731
-3.43982
-3.44233
-3.44485
-3.44736
-3.44987
-3.45238
-3.45489
-3.45740
-3.45992
-3.46243
-3.46494
-3.46745
-3.46996
-3.47247
-3.47499
-3.47750
-3.48001
-3.48252
-3.48503
-3.48754
-3.49005
-3.49257
-3.49508
-3.49759
-3.50010
-3.50261
-3.50512
-3.50764
-3.51015
-3.51266
-3.51517
-3.51768
-3.52019
-3.52270
-3.52522
-3.52773
-3.53024
-3.53275
-3.53526
-3.53777
-3.54028
-3.54280
-3.54531
-3.54782
-3.55033
-3.55284
-3.55535
-3.55786
-3.56038
-3.56289
-3.56540
-3.56791
-3.57042
-3.57293
-3.57544
-3.57795
-3.58047
-3.58298
-3.58549
-3.58800
-3.59051
-3.59302
-3.59553
-3.59805
-3.60056
-3.60307
-3.60558
-3.60809
-3.61060
-3.61311
-3.61562
-3.61813
-3.62065
-3.62316
-3.62567
-3.62818
-3.63069
-3.63320
-3.63571
-3.63822
-3.64074
-3.64325
-3.64576
-3.64827
-3.65078
-3.65329
-3.65580
-3.65831
-3.66082
-3.66334
-3.66585
-3.66836
-3.67087
-3.67338
-3.67589
-3.67840
-3.68091
-3.68342
-3.68594
-3.68845
-3.69096
-3.69347
-3.69598
-3.69849
-3.70100
-3.70351
-3.70602
-3.70853
-3.71105
-3.71356
-3.71607
-3.71858
-3.72109
-3.72360
-3.72611
-3.72862
-3.73113
-3.73364
-3.73616
-3.73867
-3.74118
-3.74369
-3.74620
-3.74871
-3.75122
-3.75373
-3.75624
-3.75875
-3.76126
-3.76377
-3.76629
-3.76880
-3.77131
-3.77382
-3.77633
-3.77884
-3.78135
-3.78386
-3.78637
-3.78888
-3.79139
-3.79390
-3.79642
-3.79893
-3.80144
-3.80395
-3.80646
-3.80897
-3.81148
-3.81399
-3.81650
-3.81901
-3.82152
-3.82403
-3.82654
-3.82905
-3.83157
-3.83408
-3.83659
-3.83910
-3.84161
-3.84412
-3.84663
-3.84914
-3.85165
-3.85416
-3.85667
-3.85918
-3.86169
-3.86420
-3.86671
-3.86922
-3.87174
-3.87425
-3.87676
-3.87927
-3.88178
-3.88429
-3.88680
-3.88931
-3.89182
-3.89433
-3.89684
-3.89935
-3.90186
-3.90437
-3.90688
-3.90939
-3.91190
-3.91441
-3.91692
-3.91944
-3.92195
-3.92446
-3.92697
-3.92948
-3.93199
-3.93450
-3.93701
-3.93952
-3.94203
-3.94454
-3.94705
-3.94956
-3.95207
-3.95458
-3.95709
-3.95960
-3.96211
-3.96462
-3.96713
-3.96964
-3.97215
-3.97466
-3.97717
-3.97968
-3.98219
-3.98471
-3.98722
-3.98973
-3.99224
-3.99475
-3.99726
-3.99977
-4.00228
-4.00479
-4.00730
-4.00981
-4.01232
-4.01483
-4.01734
-4.01985
-4.02236
-4.02487
-4.02738
-4.02989
-4.03240
-4.03491
-4.03742
-4.03993
-4.04244
-4.04495
-4.04746
-4.04997
-4.05248
-4.05499
-4.05750
-4.06001
-4.06252
-4.06503
-4.06754
-4.07005
-4.07256
-4.07507
-4.07758
-4.08009
-4.08260
-4.08511
-4.08762
-4.09013
-4.09264
-4.09515
-4.09766
-4.10017
-4.10268
-4.10519
-4.10770
-4.11021
-4.11272
-4.11523
-4.11774
-4.12025
-4.12276
-4.12527
-4.12778
-4.13029
-4.13280
-4.13531
-4.13782
-4.14033
-4.14284
-4.14535
-4.14786
-4.15037
-4.15288
-4.15539
-4.15790
-4.16041
-4.16292
-4.16543
-4.16794
-4.17045
-4.17296
-4.17547
-4.17798
-4.18049
-4.18300
-4.18551
-4.18802
-4.19053
-4.19304
-4.19555
-4.19806
-4.20057
-4.20308
-4.20559
-4.20810
-4.21061
-4.21312
-4.21563
-4.21814
-4.22064
-4.22315
-4.22566
-4.22817
-4.23068
-4.23319
-4.23570
-4.23821
-4.24072
-4.24323
-4.24574
-4.24825
-4.25076
-4.25327
-4.25578
-4.25829
-4.26080
-4.26331
-4.26582
-4.26833
-4.27084
-4.27335
-4.27586
-4.27837
-4.28088
-4.28339
-4.28589
-4.28840
-4.29091
-4.29342
-4.29593
-4.29844
-4.30095
-4.30346
-4.30597
-4.30848
-4.31099
-4.31350
-4.31601
-4.31852
-4.32103
-4.32354
-4.32605
-4.32856
-4.33107
-4.33357
-4.33608
-4.33859
-4.34110
-4.34361
-4.34612
-4.34863
-4.35114
-4.35365
-4.35616
-4.35867
-4.36118
-4.36369
-4.36620
-4.36871
-4.37122
-4.37372
-4.37623
-4.37874
-4.38125
-4.38376
-4.38627
-4.38878
-4.39129
-4.39380
-4.39631
-4.39882
-4.40133
-4.40384
-4.40635
-4.40885
-4.41136
-4.41387
-4.41638
-4.41889
-4.42140
-4.42391
-4.42642
-4.42893
-4.43144
-4.43395
-4.43646
-4.43896
-4.44147
-4.44398
-4.44649
-4.44900
-4.45151
-4.45402
-4.45653
-4.45904
-4.46155
-4.46406
-4.46656
-4.46907
-4.47158
-4.47409
-4.47660
-4.47911
-4.48162
-4.48413
-4.48664
-4.48915
-4.49166
-4.49416
-4.49667
-4.49918
-4.50169
-4.50420
-4.50671
-4.50922
-4.51173
-4.51424
-4.51675
-4.51925
-4.52176
-4.52427
-4.52678
-4.52929
-4.53180
-4.53431
-4.53682
-4.53933
-4.54183
-4.54434
-4.54685
-4.54936
-4.55187
-4.55438
-4.55689
-4.55940
-4.56191
-4.56441
-4.56692
-4.56943
-4.57194
-4.57445
-4.57696
-4.57947
-4.58198
-4.58448
-4.58699
-4.58950
-4.59201
-4.59452
-4.59703
-4.59954
-4.60205
-4.60455
-4.60706
-4.60957
-4.61208
-4.61459
-4.61710
-4.61961
-4.62212
-4.62462
-4.62713
-4.62964
-4.63215
-4.63466
-4.63717
-4.63968
-4.64218
-4.64469
-4.64720
-4.64971
-4.65222
-4.65473
-4.65724
-4.65975
-4.66225
-4.66476
-4.66727
-4.66978
-4.67229
-4.67480
-4.67731
-4.67981
-4.68232
-4.68483
-4.68734
-4.68985
-4.69236
-4.69486
-4.69737
-4.69988
-4.70239
-4.70490
-4.70741
-4.70992
-4.71242
-4.71493
-4.71744
-4.71995
-4.72246
-4.72497
-4.72747
-4.72998
-4.73249
-4.73500
-4.73751
-4.74002
-4.74253
-4.74503
-4.74754
-4.75005
-4.75256
-4.75507
-4.75758
-4.76008
-4.76259
-4.76510
-4.76761
-4.77012
-4.77263
-4.77513
-4.77764
-4.78015
-4.78266
-4.78517
-4.78768
-4.79018
-4.79269
-4.79520
-4.79771
-4.80022
-4.80272
-4.80523
-4.80774
-4.81025
-4.81276
-4.81527
-4.81777
-4.82028
-4.82279
-4.82530
-4.82781
-4.83031
-4.83282
-4.83533
-4.83784
-4.84035
-4.84286
-4.84536
-4.84787
-4.85038
-4.85289
-4.85540
-4.85790
-4.86041
-4.86292
-4.86543
-4.86794
-4.87044
-4.87295
-4.87546
-4.87797
-4.88048
-4.88298
-4.88549
-4.88800
-4.89051
-4.89302
-4.89552
-4.89803
-4.90054
-4.90305
-4.90556
-4.90806
-4.91057
-4.91308
-4.91559
-4.91810
-4.92060
-4.92311
-4.92562
-4.92813
-4.93064
-4.93314
-4.93565
-4.93816
-4.94067
-4.94318
-4.94568
-4.94819
-4.95070
-4.95321
-4.95572
-4.95822
-4.96073
-4.96324
-4.96575
-4.96825
-4.97076
-4.97327
-4.97578
-4.97829
-4.98079
-4.98330
-4.98581
-4.98832
-4.99082
-4.99333
-4.99584
-4.99835
-5.00086
-5.00336
-5.00587
-5.00838
-5.01089
-5.01339
-5.01590
-5.01841
-5.02092
-5.02342
-5.02593
-5.02844
-5.03095
-5.03346
-5.03596
-5.03847
-5.04098
-5.04349
-5.04599
-5.04850
-5.05101
-5.05352
-5.05602
-5.05853
-5.06104
-5.06355
-5.06605
-5.06856
-5.07107
-5.07358
-5.07608
-5.07859
-5.08110
-5.08361
-5.08611
-5.08862
-5.09113
-5.09364
-5.09614
-5.09865
-5.10116
-5.10367
-5.10617
-5.10868
-5.11119
-5.11370
-5.11620
-5.11871
-5.12122
-5.12373
-5.12623
-5.12874
-5.13125
-5.13376
-5.13626
-5.13877
-5.14128
-5.14379
-5.14629
-5.14880
-5.15131
-5.15382
-5.15632
-5.15883
-5.16134
-5.16384
-5.16635
-5.16886
-5.17137
-5.17387
-5.17638
-5.17889
-5.18140
-5.18390
-5.18641
-5.18892
-5.19142
-5.19393
-5.19644
-5.19895
-5.20145
-5.20396
-5.20647
-5.20898
-5.21148
-5.21399
-5.21650
-5.21900
-5.22151
-5.22402
-5.22653
-5.22903
-5.23154
-5.23405
-5.23655
-5.23906
-5.24157
-5.24408
-5.24658
-5.24909
-5.25160
-5.25410
-5.25661
-5.25912
-5.26163
-5.26413
-5.26664
-5.26915
-5.27165
-5.27416
-5.27667
-5.27917
-5.28168
-5.28419
-5.28670
-5.28920
-5.29171
-5.29422
-5.29672
-5.29923
-5.30174
-5.30424
-5.30675
-5.30926
-5.31177
-5.31427
-5.31678
-5.31929
-5.32179
-5.32430
-5.32681
-5.32931
-5.33182
-5.33433
-5.33683
-5.33934
-5.34185
-5.34436
-5.34686
-5.34937
-5.35188
-5.35438
-5.35689
-5.35940
-5.36190
-5.36441
-5.36692
-5.36942
-5.37193
-5.37444
-5.37694
-5.37945
-5.38196
-5.38446
-5.38697
-5.38948
-5.39198
-5.39449
-5.39700
-5.39950
-5.40201
-5.40452
-5.40702
-5.40953
-5.41204
-5.41455
-5.41705
-5.41956
-5.42207
-5.42457
-5.42708
-5.42959
-5.43209
-5.43460
-5.43711
-5.43961
-5.44212
-5.44462
-5.44713
-5.44964
-5.45214
-5.45465
-5.45716
-5.45966
-5.46217
-5.46468
-5.46718
-5.46969
-5.47220
-5.47470
-5.47721
-5.47972
-5.48222
-5.48473
-5.48724
-5.48974
-5.49225
-5.49476
-5.49726
-5.49977
-5.50228
-5.50478
-5.50729
-5.50979
-5.51230
-5.51481
-5.51731
-5.51982
-5.52233
-5.52483
-5.52734
-5.52985
-5.53235
-5.53486
-5.53737
-5.53987
-5.54238
-5.54488
-5.54739
-5.54990
-5.55240
-5.55491
-5.55742
-5.55992
-5.56243
-5.56494
-5.56744
-5.56995
-5.57245
-5.57496
-5.57747
-5.57997
-5.58248
-5.58499
-5.58749
-5.59000
-5.59250
-5.59501
-5.59752
-5.60002
-5.60253
-5.60504
-5.60754
-5.61005
-5.61255
-5.61506
-5.61757
-5.62007
-5.62258
-5.62508
-5.62759
-5.63010
-5.63260
-5.63511
-5.63762
-5.64012
-5.64263
-5.64513
-5.64764
-5.65015
-5.65265
-5.65516
-5.65766
-5.66017
-5.66268
-5.66518
-5.66769
-5.67019
-5.67270
-5.67521
-5.67771
-5.68022
-5.68272
-5.68523
-5.68774
-5.69024
-5.69275
-5.69525
-5.69776
-5.70027
-5.70277
-5.70528
-5.70778
-5.71029
-5.71280
-5.71530
-5.71781
-5.72031
-5.72282
-5.72533
-5.72783
-5.73034
-5.73284
-5.73535
-5.73786
-5.74036
-5.74287
-5.74537
-5.74788
-5.75038
-5.75289
-5.75540
-5.75790
-5.76041
-5.76291
-5.76542
-5.76793
-5.77043
-5.77294
-5.77544
-5.77795
-5.78045
-5.78296
-5.78547
-5.78797
-5.79048
-5.79298
-5.79549
-5.79799
-5.80050
-5.80301
-5.80551
-5.80802
-5.81052
-5.81303
-5.81553
-5.81804
-5.82055
-5.82305
-5.82556
-5.82806
-5.83057
-5.83307
-5.83558
-5.83809
-5.84059
-5.84310
-5.84560
-5.84811
-5.85061
-5.85312
-5.85562
-5.85813
-5.86064
-5.86314
-5.86565
-5.86815
-5.87066
-5.87316
-5.87567
-5.87817
-5.88068
-5.88319
-5.88569
-5.88820
-5.89070
-5.89321
-5.89571
-5.89822
-5.90072
-5.90323
-5.90573
-5.90824
-5.91075
-5.91325
-5.91576
-5.91826
-5.92077
-5.92327
-5.92578
-5.92828
-5.93079
-5.93329
-5.93580
-5.93831
-5.94081
-5.94332
-5.94582
-5.94833
-5.95083
-5.95334
-5.95584
-5.95835
-5.96085
-5.96336
-5.96586
-5.96837
-5.97087
-5.97338
-5.97589
-5.97839
-5.98090
-5.98340
-5.98591
-5.98841
-5.99092
-5.99342
-5.99593
-5.99843
-6.00094
-6.00344
-6.00595
-6.00845
-6.01096
-6.01346
-6.01597
-6.01847
-6.02098
-6.02348
-6.02599
-6.02849
-6.03100
-6.03350
-6.03601
-6.03851
-6.04102
-6.04353
-6.04603
-6.04854
-6.05104
-6.05355
-6.05605
-6.05856
-6.06106
-6.06357
-6.06607
-6.06858
-6.07108
-6.07359
-6.07609
-6.07860
-6.08110
-6.08361
-6.08611
-6.08862
-6.09112
-6.09363
-6.09613
-6.09864
-6.10114
-6.10365
-6.10615
-6.10866
-6.11116
-6.11367
-6.11617
-6.11868
-6.12118
-6.12369
-6.12619
-6.12870
-6.13120
-6.13370
-6.13621
-6.13871
-6.14122
-6.14372
-6.14623
-6.14873
-6.15124
-6.15374
-6.15625
-6.15875
-6.16126
-6.16376
-6.16627
-6.16877
-6.17128
-6.17378
-6.17629
-6.17879
-6.18130
-6.18380
-6.18631
-6.18881
-6.19132
-6.19382
-6.19632
-6.19883
-6.20133
-6.20384
-6.20634
-6.20885
-6.21135
-6.21386
-6.21636
-6.21887
-6.22137
-6.22388
-6.22638
-6.22889
-6.23139
-6.23389
-6.23640
-6.23890
-6.24141
-6.24391
-6.24642
-6.24892
-6.25143
-6.25393
-6.25644
-6.25894
-6.26145
-6.26395
-6.26645
-6.26896
-6.27146
-6.27397
-6.27647
-6.27898
-6.28148
-6.28399
-6.28649
-6.28900
-6.29150
-6.29400
-6.29651
-6.29901
-6.30152
-6.30402
-6.30653
-6.30903
-6.31154
-6.31404
-6.31654
-6.31905
-6.32155
-6.32406
-6.32656
-6.32907
-6.33157
-6.33407
-6.33658
-6.33908
-6.34159
-6.34409
-6.34660
-6.34910
-6.35161
-6.35411
-6.35661
-6.35912
-6.36162
-6.36413
-6.36663
-6.36914
-6.37164
-6.37414
-6.37665
-6.37915
-6.38166
-6.38416
-6.38667
-6.38917
-6.39167
-6.39418
-6.39668
-6.39919
-6.40169
-6.40419
-6.40670
-6.40920
-6.41171
-6.41421
-6.41672
-6.41922
-6.42172
-6.42423
-6.42673
-6.42924
-6.43174
-6.43424
-6.43675
-6.43925
-6.44176
-6.44426
-6.44677
-6.44927
-6.45177
-6.45428
-6.45678
-6.45929
-6.46179
-6.46429
-6.46680
-6.46930
-6.47181
-6.47431
-6.47681
-6.47932
-6.48182
-6.48433
-6.48683
-6.48933
-6.49184
-6.49434
-6.49685
-6.49935
-6.50185
-6.50436
-6.50686
-6.50937
-6.51187
-6.51437
-6.51688
-6.51938
-6.52188
-6.52439
-6.52689
-6.52940
-6.53190
-6.53440
-6.53691
-6.53941
-6.54192
-6.54442
-6.54692
-6.54943
-6.55193
-6.55444
-6.55694
-6.55944
-6.56195
-6.56445
-6.56695
-6.56946
-6.57196
-6.57447
-6.57697
-6.57947
-6.58198
-6.58448
-6.58698
-6.58949
-6.59199
-6.59450
-6.59700
-6.59950
-6.60201
-6.60451
-6.60701
-6.60952
-6.61202
-6.61452
-6.61703
-6.61953
-6.62204
-6.62454
-6.62704
-6.62955
-6.63205
-6.63455
-6.63706
-6.63956
-6.64206
-6.64457
-6.64707
-6.64958
-6.65208
-6.65458
-6.65709
-6.65959
-6.66209
-6.66460
-6.66710
-6.66960
-6.67211
-6.67461
-6.67711
-6.67962
-6.68212
-6.68463
-6.68713
-6.68963
-6.69214
-6.69464
-6.69714
-6.69965
-6.70215
-6.70465
-6.70716
-6.70966
-6.71216
-6.71467
-6.71717
-6.71967
-6.72218
-6.72468
-6.72718
-6.72969
-6.73219
-6.73469
-6.73720
-6.73970
-6.74220
-6.74471
-6.74721
-6.74971
-6.75222
-6.75472
-6.75722
-6.75973
-6.76223
-6.76473
-6.76724
-6.76974
-6.77224
-6.77475
-6.77725
-6.77975
-6.78226
-6.78476
-6.78726
-6.78977
-6.79227
-6.79477
-6.79728
-6.79978
-6.80228
-6.80479
-6.80729
-6.80979
-6.81229
-6.81480
-6.81730
-6.81980
-6.82231
-6.82481
-6.82731
-6.82982
-6.83232
-6.83482
-6.83733
-6.83983
-6.84233
-6.84484
-6.84734
-6.84984
-6.85234
-6.85485
-6.85735
-6.85985
-6.86236
-6.86486
-6.86736
-6.86987
-6.87237
-6.87487
-6.87737
-6.87988
-6.88238
-6.88488
-6.88739
-6.88989
-6.89239
-6.89490
-6.89740
-6.89990
-6.90240
-6.90491
-6.90741
-6.90991
-6.91242
-6.91492
-6.91742
-6.91993
-6.92243
-6.92493
-6.92743
-6.92994
-6.93244
-6.93494
-6.93745
-6.93995
-6.94245
-6.94495
-6.94746
-6.94996
-6.95246
-6.95497
-6.95747
-6.95997
-6.96247
-6.96498
-6.96748
-6.96998
-6.97248
-6.97499
-6.97749
-6.97999
-6.98250
-6.98500
-6.98750
-6.99000
-6.99251
-6.99501
-6.99751
-7.00001
-7.00252
-7.00502
-7.00752
-7.01003
-7.01253
-7.01503
-7.01753
-7.02004
-7.02254
-7.02504
-7.02754
-7.03005
-7.03255
-7.03505
-7.03755
-7.04006
-7.04256
-7.04506
-7.04756
-7.05007
-7.05257
-7.05507
-7.05757
-7.06008
-7.06258
-7.06508
-7.06758
-7.07009
-7.07259
-7.07509
-7.07760
-7.08010
-7.08260
-7.08510
-7.08760
-7.09011
-7.09261
-7.09511
-7.09761
-7.10012
-7.10262
-7.10512
-7.10762
-7.11013
-7.11263
-7.11513
-7.11763
-7.12014
-7.12264
-7.12514
-7.12764
-7.13015
-7.13265
-7.13515
-7.13765
-7.14016
-7.14266
-7.14516
-7.14766
-7.15016
-7.15267
-7.15517
-7.15767
-7.16017
-7.16268
-7.16518
-7.16768
-7.17018
-7.17269
-7.17519
-7.17769
-7.18019
-7.18269
-7.18520
-7.18770
-7.19020
-7.19270
-7.19521
-7.19771
-7.20021
-7.20271
-7.20521
-7.20772
-7.21022
-7.21272
-7.21522
-7.21772
-7.22023
-7.22273
-7.22523
-7.22773
-7.23024
-7.23274
-7.23524
-7.23774
-7.24024
-7.24275
-7.24525
-7.24775
-7.25025
-7.25275
-7.25526
-7.25776
-7.26026
-7.26276
-7.26526
-7.26777
-7.27027
-7.27277
-7.27527
-7.27777
-7.28028
-7.28278
-7.28528
-7.28778
-7.29028
-7.29279
-7.29529
-7.29779
-7.30029
-7.30279
-7.30530
-7.30780
-7.31030
-7.31280
-7.31530
-7.31781
-7.32031
-7.32281
-7.32531
-7.32781
-7.33032
-7.33282
-7.33532
-7.33782
-7.34032
-7.34282
-7.34533
-7.34783
-7.35033
-7.35283
-7.35533
-7.35784
-7.36034
-7.36284
-7.36534
-7.36784
-7.37034
-7.37285
-7.37535
-7.37785
-7.38035
-7.38285
-7.38535
-7.38786
-7.39036
-7.39286
-7.39536
-7.39786
-7.40036
-7.40287
-7.40537
-7.40787
-7.41037
-7.41287
-7.41537
-7.41788
-7.42038
-7.42288
-7.42538
-7.42788
-7.43038
-7.43289
-7.43539
-7.43789
-7.44039
-7.44289
-7.44539
-7.44790
-7.45040
-7.45290
-7.45540
-7.45790
-7.46040
-7.46290
-7.46541
-7.46791
-7.47041
-7.47291
-7.47541
-7.47791
-7.48042
-7.48292
-7.48542
-7.48792
-7.49042
-7.49292
-7.49542
-7.49793
-7.50043
-7.50293
-7.50543
-7.50793
-7.51043
-7.51293
-7.51544
-7.51794
-7.52044
-7.52294
-7.52544
-7.52794
-7.53044
-7.53295
-7.53545
-7.53795
-7.54045
-7.54295
-7.54545
-7.54795
-7.55045
-7.55296
-7.55546
-7.55796
-7.56046
-7.56296
-7.56546
-7.56796
-7.57046
-7.57297
-7.57547
-7.57797
-7.58047
-7.58297
-7.58547
-7.58797
-7.59047
-7.59298
-7.59548
-7.59798
-7.60048
-7.60298
-7.60548
-7.60798
-7.61048
-7.61299
-7.61549
-7.61799
-7.62049
-7.62299
-7.62549
-7.62799
-7.63049
-7.63299
-7.63550
-7.63800
-7.64050
-7.64300
-7.64550
-7.64800
-7.65050
-7.65300
-7.65550
-7.65800
-7.66051
-7.66301
-7.66551
-7.66801
-7.67051
-7.67301
-7.67551
-7.67801
-7.68051
-7.68301
-7.68552
-7.68802
-7.69052
-7.69302
-7.69552
-7.69802
-7.70052
-7.70302
-7.70552
-7.70802
-7.71053
-7.71303
-7.71553
-7.71803
-7.72053
-7.72303
-7.72553
-7.72803
-7.73053
-7.73303
-7.73553
-7.73803
-7.74054
-7.74304
-7.74554
-7.74804
-7.75054
-7.75304
-7.75554
-7.75804
-7.76054
-7.76304
-7.76554
-7.76804
-7.77055
-7.77305
-7.77555
-7.77805
-7.78055
-7.78305
-7.78555
-7.78805
-7.79055
-7.79305
-7.79555
-7.79805
-7.80055
-7.80305
-7.80555
-7.80806
-7.81056
-7.81306
-7.81556
-7.81806
-7.82056
-7.82306
-7.82556
-7.82806
-7.83056
-7.83306
-7.83556
-7.83806
-7.84056
-7.84306
-7.84556
-7.84807
-7.85057
-7.85307
-7.85557
-7.85807
-7.86057
-7.86307
-7.86557
-7.86807
-7.87057
-7.87307
-7.87557
-7.87807
-7.88057
-7.88307
-7.88557
-7.88807
-7.89057
-7.89307
-7.89557
-7.89808
-7.90058
-7.90308
-7.90558
-7.90808
-7.91058
-7.91308
-7.91558
-7.91808
-7.92058
-7.92308
-7.92558
-7.92808
-7.93058
-7.93308
-7.93558
-7.93808
-7.94058
-7.94308
-7.94558
-7.94808
-7.95058
-7.95308
-7.95558
-7.95808
-7.96058
-7.96308
-7.96558
-7.96808
-7.97059
-7.97309
-7.97559
-7.97809
-7.98059
-7.98309
-7.98559
-7.98809
-7.99059
-7.99309
-7.99559
-7.99809
-8.00059
-8.00309
-8.00559
-8.00809
-8.01059
-8.01309
-8.01559
-8.01809
-8.02059
-8.02309
-8.02559
-8.02809
-8.03059
-8.03309
-8.03559
-8.03809
-8.04059
-8.04309
-8.04559
-8.04809
-8.05059
-8.05309
-8.05559
-8.05809
-8.06059
-8.06309
-8.06559
-8.06809
-8.07059
-8.07309
-8.07559
-8.07809
-8.08059
-8.08309
-8.08559
-8.08809
-8.09059
-8.09309
-8.09559
-8.09809
-8.10059
-8.10309
-8.10559
-8.10809
-8.11059
-8.11309
-8.11559
-8.11809
-8.12059
-8.12309
-8.12559
-8.12809
-8.13059
-8.13309
-8.13559
-8.13809
-8.14059
-8.14309
-8.14559
-8.14809
-8.15059
-8.15309
-8.15559
-8.15809
-8.16059
-8.16309
-8.16559
-8.16808
-8.17058
-8.17308
-8.17558
-8.17808
-8.18058
-8.18308
-8.18558
-8.18808
-8.19058
-8.19308
-8.19558
-8.19808
-8.20058
-8.20308
-8.20558
-8.20808
-8.21058
-8.21308
-8.21558
-8.21808
-8.22058
-8.22308
-8.22558
-8.22808
-8.23058
-8.23308
-8.23558
-8.23808
-8.24058
-8.24307
-8.24557
-8.24807
-8.25057
-8.25307
-8.25557
-8.25807
-8.26057
-8.26307
-8.26557
-8.26807
-8.27057
-8.27307
-8.27557
-8.27807
-8.28057
-8.28307
-8.28557
-8.28807
-8.29057
-8.29306
-8.29556
-8.29806
-8.30056
-8.30306
-8.30556
-8.30806
-8.31056
-8.31306
-8.31556
-8.31806
-8.32056
-8.32306
-8.32556
-8.32806
-8.33056
-8.33305
-8.33555
-8.33805
-8.34055
-8.34305
-8.34555
-8.34805
-8.35055
-8.35305
-8.35555
-8.35805
-8.36055
-8.36305
-8.36555
-8.36804
-8.37054
-8.37304
-8.37554
-8.37804
-8.38054
-8.38304
-8.38554
-8.38804
-8.39054
-8.39304
-8.39554
-8.39804
-8.40053
-8.40303
-8.40553
-8.40803
-8.41053
-8.41303
-8.41553
-8.41803
-8.42053
-8.42303
-8.42553
-8.42802
-8.43052
-8.43302
-8.43552
-8.43802
-8.44052
-8.44302
-8.44552
-8.44802
-8.45052
-8.45302
-8.45551
-8.45801
-8.46051
-8.46301
-8.46551
-8.46801
-8.47051
-8.47301
-8.47551
-8.47801
-8.48050
-8.48300
-8.48550
-8.48800
-8.49050
-8.49300
-8.49550
-8.49800
-8.50050
-8.50299
-8.50549
-8.50799
-8.51049
-8.51299
-8.51549
-8.51799
-8.52049
-8.52299
-8.52548
-8.52798
-8.53048
-8.53298
-8.53548
-8.53798
-8.54048
-8.54298
-8.54548
-8.54797
-8.55047
-8.55297
-8.55547
-8.55797
-8.56047
-8.56297
-8.56547
-8.56796
-8.57046
-8.57296
-8.57546
-8.57796
-8.58046
-8.58296
-8.58546
-8.58795
-8.59045
-8.59295
-8.59545
-8.59795
-8.60045
-8.60295
-8.60544
-8.60794
-8.61044
-8.61294
-8.61544
-8.61794
-8.62044
-8.62294
-8.62543
-8.62793
-8.63043
-8.63293
-8.63543
-8.63793
-8.64043
-8.64292
-8.64542
-8.64792
-8.65042
-8.65292
-8.65542
-8.65791
-8.66041
-8.66291
-8.66541
-8.66791
-8.67041
-8.67291
-8.67540
-8.67790
-8.68040
-8.68290
-8.68540
-8.68790
-8.69040
-8.69289
-8.69539
-8.69789
-8.70039
-8.70289
-8.70539
-8.70788
-8.71038
-8.71288
-8.71538
-8.71788
-8.72038
-8.72287
-8.72537
-8.72787
-8.73037
-8.73287
-8.73537
-8.73786
-8.74036
-8.74286
-8.74536
-8.74786
-8.75036
-8.75285
-8.75535
-8.75785
-8.76035
-8.76285
-8.76535
-8.76784
-8.77034
-8.77284
-8.77534
-8.77784
-8.78033
-8.78283
-8.78533
-8.78783
-8.79033
-8.79283
-8.79532
-8.79782
-8.80032
-8.80282
-8.80532
-8.80781
-8.81031
-8.81281
-8.81531
-8.81781
-8.82031
-8.82280
-8.82530
-8.82780
-8.83030
-8.83280
-8.83529
-8.83779
-8.84029
-8.84279
-8.84529
-8.84778
-8.85028
-8.85278
-8.85528
-8.85778
-8.86027
-8.86277
-8.86527
-8.86777
-8.87027
-8.87276
-8.87526
-8.87776
-8.88026
-8.88276
-8.88525
-8.88775
-8.89025
-8.89275
-8.89525
-8.89774
-8.90024
-8.90274
-8.90524
-8.90773
-8.91023
-8.91273
-8.91523
-8.91773
-8.92022
-8.92272
-8.92522
-8.92772
-8.93022
-8.93271
-8.93521
-8.93771
-8.94021
-8.94270
-8.94520
-8.94770
-8.95020
-8.95270
-8.95519
-8.95769
-8.96019
-8.96269
-8.96518
-8.96768
-8.97018
-8.97268
-8.97518
-8.97767
-8.98017
-8.98267
-8.98517
-8.98766
-8.99016
-8.99266
-8.99516
-8.99765
-9.00015
-9.00265
-9.00515
-9.00765
-9.01014
-9.01264
-9.01514
-9.01764
-9.02013
-9.02263
-9.02513
-9.02763
-9.03012
-9.03262
-9.03512
-9.03762
-9.04011
-9.04261
-9.04511
-9.04761
-9.05010
-9.05260
-9.05510
-9.05760
-9.06009
-9.06259
-9.06509
-9.06759
-9.07008
-9.07258
-9.07508
-9.07758
-9.08007
-9.08257
-9.08507
-9.08757
-9.09006
-9.09256
-9.09506
-9.09756
-9.10005
-9.10255
-9.10505
-9.10755
-9.11004
-9.11254
-9.11504
-9.11754
-9.12003
-9.12253
-9.12503
-9.12752
-9.13002
-9.13252
-9.13502
-9.13751
-9.14001
-9.14251
-9.14501
-9.14750
-9.15000
-9.15250
-9.15499
-9.15749
-9.15999
-9.16249
-9.16498
-9.16748
-9.16998
-9.17248
-9.17497
-9.17747
-9.17997
-9.18246
-9.18496
-9.18746
-9.18996
-9.19245
-9.19495
-9.19745
-9.19994
-9.20244
-9.20494
-9.20744
-9.20993
-9.21243
-9.21493
-9.21742
-9.21992
-9.22242
-9.22492
-9.22741
-9.22991
-9.23241
-9.23490
-9.23740
-9.23990
-9.24240
-9.24489
-9.24739
-9.24989
-9.25238
-9.25488
-9.25738
-9.25987
-9.26237
-9.26487
-9.26737
-9.26986
-9.27236
-9.27486
-9.27735
-9.27985
-9.28235
-9.28484
-9.28734
-9.28984
-9.29233
-9.29483
-9.29733
-9.29983
-9.30232
-9.30482
-9.30732
-9.30981
-9.31231
-9.31481
-9.31730
-9.31980
-9.32230
-9.32479
-9.32729
-9.32979
-9.33228
-9.33478
-9.33728
-9.33977
-9.34227
-9.34477
-9.34727
-9.34976
-9.35226
-9.35476
-9.35725
-9.35975
-9.36225
-9.36474
-9.36724
-9.36974
-9.37223
-9.37473
-9.37723
-9.37972
-9.38222
-9.38472
-9.38721
-9.38971
-9.39221
-9.39470
-9.39720
-9.39970
-9.40219
-9.40469
-9.40719
-9.40968
-9.41218
-9.41468
-9.41717
-9.41967
-9.42217
-9.42466
-9.42716
-9.42966
-9.43215
-9.43465
-9.43715
-9.43964
-9.44214
-9.44463
-9.44713
-9.44963
-9.45212
-9.45462
-9.45712
-9.45961
-9.46211
-9.46461
-9.46710
-9.46960
-9.47210
-9.47459
-9.47709
-9.47959
-9.48208
-9.48458
-9.48707
-9.48957
-9.49207
-9.49456
-9.49706
-9.49956
-9.50205
-9.50455
-9.50705
-9.50954
-9.51204
-9.51454
-9.51703
-9.51953
-9.52202
-9.52452
-9.52702
-9.52951
-9.53201
-9.53451
-9.53700
-9.53950
-9.54199
-9.54449
-9.54699
-9.54948
-9.55198
-9.55448
-9.55697
-9.55947
-9.56196
-9.56446
-9.56696
-9.56945
-9.57195
-9.57445
-9.57694
-9.57944
-9.58193
-9.58443
-9.58693
-9.58942
-9.59192
-9.59442
-9.59691
-9.59941
-9.60190
-9.60440
-9.60690
-9.60939
-9.61189
-9.61438
-9.61688
-9.61938
-9.62187
-9.62437
-9.62686
-9.62936
-9.63186
-9.63435
-9.63685
-9.63935
-9.64184
-9.64434
-9.64683
-9.64933
-9.65183
-9.65432
-9.65682
-9.65931
-9.66181
-9.66431
-9.66680
-9.66930
-9.67179
-9.67429
-9.67679
-9.67928
-9.68178
-9.68427
-9.68677
-9.68926
-9.69176
-9.69426
-9.69675
-9.69925
-9.70174
-9.70424
-9.70674
-9.70923
-9.71173
-9.71422
-9.71672
-9.71922
-9.72171
-9.72421
-9.72670
-9.72920
-9.73169
-9.73419
-9.73669
-9.73918
-9.74168
-9.74417
-9.74667
-9.74916
-9.75166
-9.75416
-9.75665
-9.75915
-9.76164
-9.76414
