-0.89791
-0.89785
-0.89779
-0.89773
-0.89767
-0.89761
-0.89755
-0.89749
-0.89743
-0.89737
-0.89731
-0.89725
-0.89719
-0.89713
-0.89707
-0.89701
-0.89695
-0.89689
-0.89683
-0.89677
-0.89671
-0.89665
-0.89659
-0.89653
-0.89647
-0.89641
-0.89635
-0.89629
-0.89623
-0.89617
-0.89611
-0.89605
-0.89599
-0.89593
-0.89587
-0.89581
-0.89575
-0.89569
-0.89563
-0.89557
-0.89551
-0.89545
-0.89539
-0.89533
-0.89527
-0.89521
-0.89515
-0.89509
-0.89503
-0.89497
-0.89491
-0.89485
-0.89479
-0.89473
-0.89467
-0.89461
-0.89455
-0.89449
-0.89443
-0.89438
-0.89432
-0.89426
-0.89420
-0.89414
-0.89408
-0.89402
-0.89396
-0.89390
-0.89384
-0.89378
-0.89372
-0.89366
-0.89360
-0.89354
-0.89348
-0.89342
-0.89336
-0.89330
-0.89324
-0.89318
-0.89312
-0.89306
-0.89300
-0.89294
-0.89288
-0.89282
-0.89276
-0.89270
-0.89264
-0.89258
-0.89252
-0.89246
-0.89240
-0.89234
-0.89228
-0.89222
-0.89216
-0.89210
-0.89204
-0.89198
-0.89192
-0.89186
-0.89180
-0.89174
-0.89168
-0.89162
-0.89156
-0.89150
-0.89144
-0.89138
-0.89132
-0.89126
-0.89120
-0.89114
-0.89108
-0.89102
-0.89096
-0.89090
-0.89084
-0.89078
-0.89072
-0.89066
-0.89060
-0.89054
-0.89048
-0.89042
-0.89036
-0.89030
-0.89024
-0.89018
-0.89012
-0.89006
-0.89000
-0.88994
-0.88988
-0.88982
-0.88976
-0.88970
-0.88964
-0.88958
-0.88952
-0.88946
-0.88940
-0.88934
-0.88928
-0.88922
-0.88916
-0.88910
-0.88904
-0.88898
-0.88892
-0.88886
-0.88880
-0.88874
-0.88868
-0.88862
-0.88856
-0.88850
-0.88844
-0.88838
-0.88832
-0.88826
-0.88820
-0.88814
-0.88808
-0.88802
-0.88796
-0.88790
-0.88784
-0.88778
-0.88772
-0.88766
-0.88760
-0.88754
-0.88748
-0.88742
-0.88736
-0.88730
-0.88724
-0.88718
-0.88712
-0.88706
-0.88700
-0.88694
-0.88688
-0.88682
-0.88676
-0.88670
-0.88664
-0.88658
-0.88652
-0.88646
-0.88640
-0.88634
-0.88628
-0.88622
-0.88616
-0.88610
-0.88604
-0.88598
-0.88592
-0.88586
-0.88580
-0.88574
-0.88568
-0.88562
-0.88556
-0.88550
-0.88544
-0.88538
-0.88532
-0.88526
-0.88520
-0.88514
-0.88508
-0.88502
-0.88496
-0.88490
-0.88484
-0.88478
-0.88472
-0.88466
-0.88460
-0.88454
-0.88448
-0.88442
-0.88436
-0.88430
-0.88424
-0.88418
-0.88412
-0.88406
-0.88400
-0.88394
-0.88388
-0.88382
-0.88376
-0.88370
-0.88364
-0.88358
-0.88352
-0.88346
-0.88340
-0.88334
-0.88328
-0.88322
-0.88316
-0.88310
-0.88304
-0.88298
-0.88292
-0.88286
-0.88280
-0.88274
-0.88268
-0.88262
-0.88256
-0.88250
-0.88244
-0.88238
-0.88232
-0.88226
-0.88220
-0.88214
-0.88208
-0.88202
-0.88196
-0.88190
-0.88184
-0.88178
-0.88172
-0.88166
-0.88160
-0.88154
-0.88148
-0.88142
-0.88136
-0.88130
-0.88124
-0.88118
-0.88113
-0.88107
-0.88101
-0.88095
-0.88089
-0.88083
-0.88077
-0.88071
-0.88065
-0.88059
-0.88053
-0.88047
-0.88041
-0.88035
-0.88029
-0.88023
-0.88017
-0.88011
-0.88005
-0.87999
-0.87993
-0.87987
-0.87981
-0.87975
-0.87969
-0.87963
-0.87957
-0.87951
-0.87945
-0.87939
-0.87933
-0.87927
-0.87921
-0.87915
-0.87909
-0.87903
-0.87897
-0.87891
-0.87885
-0.87879
-0.87873
-0.87867
-0.87861
-0.87855
-0.87849
-0.87843
-0.87837
-0.87831
-0.87825
-0.87819
-0.87813
-0.87807
-0.87801
-0.87795
-0.87789
-0.87783
-0.87777
-0.87771
-0.87765
-0.87759
-0.87753
-0.87747
-0.87741
-0.87735
-0.87729
-0.87723
-0.87717
-0.87711
-0.87705
-0.87699
-0.87693
-0.87687
-0.87681
-0.87675
-0.87669
-0.87663
-0.87657
-0.87651
-0.87645
-0.87639
-0.87633
-0.87627
-0.87621
-0.87615
-0.87609
-0.87603
-0.87597
-0.87591
-0.87585
-0.87579
-0.87573
-0.87567
-0.87561
-0.87555
-0.87549
-0.87543
-0.87537
-0.87531
-0.87525
-0.87519
-0.87513
-0.87507
-0.87501
-0.87495
-0.87489
-0.87483
-0.87477
-0.87471
-0.87465
-0.87459
-0.87453
-0.87447
-0.87441
-0.87435
-0.87429
-0.87423
-0.87417
-0.87411
-0.87405
-0.87399
-0.87393
-0.87387
-0.87381
-0.87375
-0.87369
-0.87363
-0.87357
-0.87351
-0.87345
-0.87339
-0.87333
-0.87327
-0.87321
-0.87315
-0.87309
-0.87303
-0.87297
-0.87291
-0.87285
-0.87279
-0.87273
-0.87267
-0.87261
-0.87255
-0.87249
-0.87243
-0.87237
-0.87231
-0.87225
-0.87219
-0.87213
-0.87207
-0.87201
-0.87195
-0.87189
-0.87183
-0.87177
-0.87171
-0.87165
-0.87159
-0.87153
-0.87147
-0.87141
-0.87135
-0.87129
-0.87123
-0.87117
-0.87111
-0.87105
-0.87099
-0.87093
-0.87087
-0.87081
-0.87075
-0.87069
-0.87063
-0.87057
-0.87051
-0.87045
-0.87039
-0.87033
-0.87027
-0.87021
-0.87015
-0.87009
-0.87003
-0.86997
-0.86991
-0.86985
-0.86979
-0.86973
-0.86967
-0.86961
-0.86955
-0.86949
-0.86943
-0.86937
-0.86931
-0.86925
-0.86919
-0.86913
-0.86907
-0.86901
-0.86895
-0.86889
-0.86883
-0.86877
-0.86871
-0.86865
-0.86859
-0.86853
-0.86847
-0.86841
-0.86835
-0.86829
-0.86823
-0.86817
-0.86811
-0.86805
-0.86799
-0.86793
-0.86787
-0.86781
-0.86775
-0.86769
-0.86764
-0.86758
-0.86752
-0.86746
-0.86740
-0.86734
-0.86728
-0.86722
-0.86716
-0.86710
-0.86704
-0.86698
-0.86692
-0.86686
-0.86680
-0.86674
-0.86668
-0.86662
-0.86656
-0.86650
-0.86644
-0.86638
-0.86632
-0.86626
-0.86620
-0.86614
-0.86608
-0.86602
-0.86596
-0.86590
-0.86584
-0.86578
-0.86572
-0.86566
-0.86560
-0.86554
-0.86548
-0.86542
-0.86536
-0.86530
-0.86524
-0.86518
-0.86512
-0.86506
-0.86500
-0.86494
-0.86488
-0.86482
-0.86476
-0.86470
-0.86464
-0.86458
-0.86452
-0.86446
-0.86440
-0.86434
-0.86428
-0.86422
-0.86416
-0.86410
-0.86404
-0.86398
-0.86392
-0.86386
-0.86380
-0.86374
-0.86368
-0.86362
-0.86356
-0.86350
-0.86344
-0.86338
-0.86332
-0.86326
-0.86320
-0.86314
-0.86308
-0.86302
-0.86296
-0.86290
-0.86284
-0.86278
-0.86272
-0.86266
-0.86260
-0.86254
-0.86248
-0.86242
-0.86236
-0.86230
-0.86224
-0.86218
-0.86212
-0.86206
-0.86200
-0.86194
-0.86188
-0.86182
-0.86176
-0.86170
-0.86164
-0.86158
-0.86152
-0.86146
-0.86140
-0.86134
-0.86128
-0.86122
-0.86116
-0.86110
-0.86104
-0.86098
-0.86092
-0.86086
-0.86080
-0.86074
-0.86068
-0.86062
-0.86056
-0.86050
-0.86044
-0.86038
-0.86032
-0.86026
-0.86020
-0.86014
-0.86008
-0.86002
-0.85996
-0.85990
-0.85984
-0.85978
-0.85972
-0.85966
-0.85960
-0.85954
-0.85948
-0.85942
-0.85936
-0.85930
-0.85924
-0.85918
-0.85912
-0.85906
-0.85900
-0.85894
-0.85888
-0.85882
-0.85876
-0.85870
-0.85864
-0.85858
-0.85852
-0.85846
-0.85840
-0.85834
-0.85828
-0.85822
-0.85816
-0.85810
-0.85804
-0.85798
-0.85792
-0.85786
-0.85780
-0.85774
-0.85768
-0.85762
-0.85756
-0.85750
-0.85744
-0.85738
-0.85732
-0.85726
-0.85720
-0.85714
-0.85708
-0.85702
-0.85696
-0.85690
-0.85684
-0.85678
-0.85672
-0.85666
-0.85660
-0.85654
-0.85648
-0.85642
-0.85636
-0.85630
-0.85624
-0.85618
-0.85612
-0.85606
-0.85600
-0.85594
-0.85588
-0.85582
-0.85576
-0.85570
-0.85564
-0.85558
-0.85552
-0.85546
-0.85540
-0.85534
-0.85528
-0.85522
-0.85516
-0.85510
-0.85504
-0.85498
-0.85492
-0.85486
-0.85480
-0.85474
-0.85468
-0.85462
-0.85456
-0.85450
-0.85444
-0.85438
-0.85432
-0.85426
-0.85420
-0.85414
-0.85408
-0.85402
-0.85396
-0.85391
-0.85385
-0.85379
-0.85373
-0.85367
-0.85361
-0.85355
-0.85349
-0.85343
-0.85337
-0.85331
-0.85325
-0.85319
-0.85313
-0.85307
-0.85301
-0.85295
-0.85289
-0.85283
-0.85277
-0.85271
-0.85265
-0.85259
-0.85253
-0.85247
-0.85241
-0.85235
-0.85229
-0.85223
-0.85217
-0.85211
-0.85205
-0.85199
-0.85193
-0.85187
-0.85181
-0.85175
-0.85169
-0.85163
-0.85157
-0.85151
-0.85145
-0.85139
-0.85133
-0.85127
-0.85121
-0.85115
-0.85109
-0.85103
-0.85097
-0.85091
-0.85085
-0.85079
-0.85073
-0.85067
-0.85061
-0.85055
-0.85049
-0.85043
-0.85037
-0.85031
-0.85025
-0.85019
-0.85013
-0.85007
-0.85001
-0.84995
-0.84989
-0.84983
-0.84977
-0.84971
-0.84965
-0.84959
-0.84953
-0.84947
-0.84941
-0.84935
-0.84929
-0.84923
-0.84917
-0.84911
-0.84905
-0.84899
-0.84893
-0.84887
-0.84881
-0.84875
-0.84869
-0.84863
-0.84857
-0.84851
-0.84845
-0.84839
-0.84833
-0.84827
-0.84821
-0.84815
-0.84809
-0.84803
-0.84797
-0.84791
-0.84785
-0.84779
-0.84773
-0.84767
-0.84761
-0.84755
-0.84749
-0.84743
-0.84737
-0.84731
-0.84725
-0.84719
-0.84713
-0.84707
-0.84701
-0.84695
-0.84689
-0.84683
-0.84677
-0.84671
-0.84665
-0.84659
-0.84653
-0.84647
-0.84641
-0.84635
-0.84629
-0.84623
-0.84617
-0.84611
-0.84605
-0.84599
-0.84593
-0.84587
-0.84581
-0.84575
-0.84569
-0.84563
-0.84557
-0.84551
-0.84545
-0.84539
-0.84533
-0.84527
-0.84521
-0.84515
-0.84509
-0.84503
-0.84497
-0.84491
-0.84485
-0.84479
-0.84473
-0.84467
-0.84461
-0.84455
-0.84449
-0.84443
-0.84437
-0.84431
-0.84425
-0.84419
-0.84413
-0.84407
-0.84401
-0.84395
-0.84389
-0.84383
-0.84377
-0.84371
-0.84365
-0.84359
-0.84353
-0.84347
-0.84341
-0.84335
-0.84329
-0.84323
-0.84317
-0.84311
-0.84305
-0.84299
-0.84293
-0.84287
-0.84281
-0.84275
-0.84269
-0.84263
-0.84257
-0.84251
-0.84245
-0.84239
-0.84233
-0.84227
-0.84221
-0.84215
-0.84209
-0.84203
-0.84197
-0.84191
-0.84185
-0.84179
-0.84173
-0.84167
-0.84161
-0.84155
-0.84149
-0.84143
-0.84137
-0.84131
-0.84125
-0.84119
-0.84113
-0.84107
-0.84101
-0.84095
-0.84089
-0.84083
-0.84077
-0.84071
-0.84065
-0.84059
-0.84053
-0.84047
-0.84041
-0.84035
-0.84029
-0.84023
-0.84017
-0.84011
-0.84005
-0.83999
-0.83994
-0.83988
-0.83982
-0.83976
-0.83970
-0.83964
-0.83958
-0.83952
-0.83946
-0.83940
-0.83934
-0.83928
-0.83922
-0.83916
-0.83910
-0.83904
-0.83898
-0.83892
-0.83886
-0.83880
-0.83874
-0.83868
-0.83862
-0.83856
-0.83850
-0.83844
-0.83838
-0.83832
-0.83826
-0.83820
-0.83814
-0.83808
-0.83802
-0.83796
-0.83790
-0.83784
-0.83778
-0.83772
-0.83766
-0.83760
-0.83754
-0.83748
-0.83742
-0.83736
-0.83730
-0.83724
-0.83718
-0.83712
-0.83706
-0.83700
-0.83694
-0.83688
-0.83682
-0.83676
-0.83670
-0.83664
-0.83658
-0.83652
-0.83646
-0.83640
-0.83634
-0.83628
-0.83622
-0.83616
-0.83610
-0.83604
-0.83598
-0.83592
-0.83586
-0.83580
-0.83574
-0.83568
-0.83562
-0.83556
-0.83550
-0.83544
-0.83538
-0.83532
-0.83526
-0.83520
-0.83514
-0.83508
-0.83502
-0.83496
-0.83490
-0.83484
-0.83478
-0.83472
-0.83466
-0.83460
-0.83454
-0.83448
-0.83442
-0.83436
-0.83430
-0.83424
-0.83418
-0.83412
-0.83406
-0.83400
-0.83394
-0.83388
-0.83382
-0.83376
-0.83370
-0.83364
-0.83358
-0.83352
-0.83346
-0.83340
-0.83334
-0.83328
-0.83322
-0.83316
-0.83310
-0.83304
-0.83298
-0.83292
-0.83286
-0.83280
-0.83274
-0.83268
-0.83262
-0.83256
-0.83250
-0.83244
-0.83238
-0.83232
-0.83226
-0.83220
-0.83214
-0.83208
-0.83202
-0.83196
-0.83190
-0.83184
-0.83178
-0.83172
-0.83166
-0.83160
-0.83154
-0.83148
-0.83142
-0.83136
-0.83130
-0.83124
-0.83118
-0.83112
-0.83106
-0.83100
-0.83094
-0.83088
-0.83082
-0.83076
-0.83070
-0.83064
-0.83058
-0.83052
-0.83046
-0.83040
-0.83034
-0.83028
-0.83022
-0.83016
-0.83010
-0.83004
-0.82998
-0.82992
-0.82986
-0.82980
-0.82974
-0.82968
-0.82962
-0.82956
-0.82950
-0.82944
-0.82938
-0.82932
-0.82926
-0.82920
-0.82914
-0.82908
-0.82902
-0.82896
-0.82890
-0.82884
-0.82878
-0.82872
-0.82866
-0.82860
-0.82854
-0.82848
-0.82842
-0.82836
-0.82830
-0.82824
-0.82818
-0.82812
-0.82806
-0.82800
-0.82794
-0.82788
-0.82782
-0.82776
-0.82770
-0.82764
-0.82758
-0.82752
-0.82746
-0.82740
-0.82734
-0.82728
-0.82722
-0.82716
-0.82710
-0.82704
-0.82698
-0.82692
-0.82686
-0.82680
-0.82674
-0.82668
-0.82662
-0.82656
-0.82650
-0.82644
-0.82638
-0.82632
-0.82626
-0.82620
-0.82614
-0.82608
-0.82602
-0.82596
-0.82590
-0.82584
-0.82578
-0.82572
-0.82566
-0.82561
-0.82555
-0.82549
-0.82543
-0.82537
-0.82531
-0.82525
-0.82519
-0.82513
-0.82507
-0.82501
-0.82495
-0.82489
-0.82483
-0.82477
-0.82471
-0.82465
-0.82459
-0.82453
-0.82447
-0.82441
-0.82435
-0.82429
-0.82423
-0.82417
-0.82411
-0.82405
-0.82399
-0.82393
-0.82387
-0.82381
-0.82375
-0.82369
-0.82363
-0.82357
-0.82351
-0.82345
-0.82339
-0.82333
-0.82327
-0.82321
-0.82315
-0.82309
-0.82303
-0.82297
-0.82291
-0.82285
-0.82279
-0.82273
-0.82267
-0.82261
-0.82255
-0.82249
-0.82243
-0.82237
-0.82231
-0.82225
-0.82219
-0.82213
-0.82207
-0.82201
-0.82195
-0.82189
-0.82183
-0.82177
-0.82171
-0.82165
-0.82159
-0.82153
-0.82147
-0.82141
-0.82135
-0.82129
-0.82123
-0.82117
-0.82111
-0.82105
-0.82099
-0.82093
-0.82087
-0.82081
-0.82075
-0.82069
-0.82063
-0.82057
-0.82051
-0.82045
-0.82039
-0.82033
-0.82027
-0.82021
-0.82015
-0.82009
-0.82003
-0.81997
-0.81991
-0.81985
-0.81979
-0.81973
-0.81967
-0.81961
-0.81955
-0.81949
-0.81943
-0.81937
-0.81931
-0.81925
-0.81919
-0.81913
-0.81907
-0.81901
-0.81895
-0.81889
-0.81883
-0.81877
-0.81871
-0.81865
-0.81859
-0.81853
-0.81847
-0.81841
-0.81835
-0.81829
-0.81823
-0.81817
-0.81811
-0.81805
-0.81799
-0.81793
-0.81787
-0.81781
-0.81775
-0.81769
-0.81763
-0.81757
-0.81751
-0.81745
-0.81739
-0.81733
-0.81727
-0.81721
-0.81715
-0.81709
-0.81703
-0.81697
-0.81691
-0.81685
-0.81679
-0.81673
-0.81667
-0.81661
-0.81655
-0.81649
-0.81643
-0.81637
-0.81631
-0.81625
-0.81619
-0.81613
-0.81607
-0.81601
-0.81595
-0.81589
-0.81583
-0.81577
-0.81571
-0.81565
-0.81559
-0.81553
-0.81547
-0.81541
-0.81535
-0.81529
-0.81523
-0.81517
-0.81511
-0.81505
-0.81499
-0.81493
-0.81487
-0.81481
-0.81475
-0.81469
-0.81463
-0.81457
-0.81451
-0.81445
-0.81439
-0.81433
-0.81427
-0.81421
-0.81415
-0.81409
-0.81403
-0.81397
-0.81391
-0.81385
-0.81379
-0.81373
-0.81367
-0.81361
-0.81355
-0.81349
-0.81343
-0.81337
-0.81331
-0.81325
-0.81319
-0.81313
-0.81307
-0.81301
-0.81295
-0.81289
-0.81283
-0.81277
-0.81271
-0.81265
-0.81259
-0.81253
-0.81247
-0.81241
-0.81235
-0.81229
-0.81223
-0.81217
-0.81211
-0.81205
-0.81199
-0.81193
-0.81187
-0.81181
-0.81175
-0.81169
-0.81163
-0.81157
-0.81151
-0.81145
-0.81139
-0.81133
-0.81127
-0.81121
-0.81115
-0.81109
-0.81104
-0.81098
-0.81092
-0.81086
-0.81080
-0.81074
-0.81068
-0.81062
-0.81056
-0.81050
-0.81044
-0.81038
-0.81032
-0.81026
-0.81020
-0.81014
-0.81008
-0.81002
-0.80996
-0.80990
-0.80984
-0.80978
-0.80972
-0.80966
-0.80960
-0.80954
-0.80948
-0.80942
-0.80936
-0.80930
-0.80924
-0.80918
-0.80912
-0.80906
-0.80900
-0.80894
-0.80888
-0.80882
-0.80876
-0.80870
-0.80864
-0.80858
-0.80852
-0.80846
-0.80840
-0.80834
-0.80828
-0.80822
-0.80816
-0.80810
-0.80804
-0.80798
-0.80792
-0.80786
-0.80780
-0.80774
-0.80768
-0.80762
-0.80756
-0.80750
-0.80744
-0.80738
-0.80732
-0.80726
-0.80720
-0.80714
-0.80708
-0.80702
-0.80696
-0.80690
-0.80684
-0.80678
-0.80672
-0.80666
-0.80660
-0.80654
-0.80648
-0.80642
-0.80636
-0.80630
-0.80624
-0.80618
-0.80612
-0.80606
-0.80600
-0.80594
-0.80588
-0.80582
-0.80576
-0.80570
-0.80564
-0.80558
-0.80552
-0.80546
-0.80540
-0.80534
-0.80528
-0.80522
-0.80516
-0.80510
-0.80504
-0.80498
-0.80492
-0.80486
-0.80480
-0.80474
-0.80468
-0.80462
-0.80456
-0.80450
-0.80444
-0.80438
-0.80432
-0.80426
-0.80420
-0.80414
-0.80408
-0.80402
-0.80396
-0.80390
-0.80384
-0.80378
-0.80372
-0.80366
-0.80360
-0.80354
-0.80348
-0.80342
-0.80336
-0.80330
-0.80324
-0.80318
-0.80312
-0.80306
-0.80300
-0.80294
-0.80288
-0.80282
-0.80276
-0.80270
-0.80264
-0.80258
-0.80252
-0.80246
-0.80240
-0.80234
-0.80228
-0.80222
-0.80216
-0.80210
-0.80204
-0.80198
-0.80192
-0.80186
-0.80180
-0.80174
-0.80168
-0.80162
-0.80156
-0.80150
-0.80144
-0.80138
-0.80132
-0.80126
-0.80120
-0.80114
-0.80108
-0.80102
-0.80096
-0.80090
-0.80084
-0.80078
-0.80072
-0.80066
-0.80060
-0.80054
-0.80048
-0.80042
-0.80036
-0.80030
-0.80024
-0.80018
-0.80012
-0.80006
-0.80000
-0.79994
-0.79988
-0.79982
-0.79976
-0.79970
-0.79964
-0.79958
-0.79952
-0.79946
-0.79940
-0.79934
-0.79928
-0.79922
-0.79916
-0.79910
-0.79904
-0.79898
-0.79892
-0.79886
-0.79880
-0.79874
-0.79868
-0.79862
-0.79856
-0.79850
-0.79844
-0.79838
-0.79832
-0.79826
-0.79820
-0.79814
-0.79808
-0.79802
-0.79796
-0.79790
-0.79784
-0.79778
-0.79772
-0.79766
-0.79760
-0.79754
-0.79748
-0.79742
-0.79736
-0.79730
-0.79724
-0.79718
-0.79712
-0.79706
-0.79700
-0.79694
-0.79688
-0.79682
-0.79676
-0.79670
-0.79664
-0.79658
-0.79652
-0.79646
-0.79640
-0.79634
-0.79628
-0.79622
-0.79617
-0.79611
-0.79605
-0.79599
-0.79593
-0.79587
-0.79581
-0.79575
-0.79569
-0.79563
-0.79557
-0.79551
-0.79545
-0.79539
-0.79533
-0.79527
-0.79521
-0.79515
-0.79509
-0.79503
-0.79497
-0.79491
-0.79485
-0.79479
-0.79473
-0.79467
-0.79461
-0.79455
-0.79449
-0.79443
-0.79437
-0.79431
-0.79425
-0.79419
-0.79413
-0.79407
-0.79401
-0.79395
-0.79389
-0.79383
-0.79377
-0.79371
-0.79365
-0.79359
-0.79353
-0.79347
-0.79341
-0.79335
-0.79329
-0.79323
-0.79317
-0.79311
-0.79305
-0.79299
-0.79293
-0.79287
-0.79281
-0.79275
-0.79269
-0.79263
-0.79257
-0.79251
-0.79245
-0.79239
-0.79233
-0.79227
-0.79221
-0.79215
-0.79209
-0.79203
-0.79197
-0.79191
-0.79185
-0.79179
-0.79173
-0.79167
-0.79161
-0.79155
-0.79149
-0.79143
-0.79137
-0.79131
-0.79125
-0.79119
-0.79113
-0.79107
-0.79101
-0.79095
-0.79089
-0.79083
-0.79077
-0.79071
-0.79065
-0.79059
-0.79053
-0.79047
-0.79041
-0.79035
-0.79029
-0.79023
-0.79017
-0.79011
-0.79005
-0.78999
-0.78993
-0.78987
-0.78981
-0.78975
-0.78969
-0.78963
-0.78957
-0.78951
-0.78945
-0.78939
-0.78933
-0.78927
-0.78921
-0.78915
-0.78909
-0.78903
-0.78897
-0.78891
-0.78885
-0.78879
-0.78873
-0.78867
-0.78861
-0.78855
-0.78849
-0.78843
-0.78837
-0.78831
-0.78825
-0.78819
-0.78813
-0.78807
-0.78801
-0.78795
-0.78789
-0.78783
-0.78777
-0.78771
-0.78765
-0.78759
-0.78753
-0.78747
-0.78741
-0.78735
-0.78729
-0.78723
-0.78717
-0.78711
-0.78705
-0.78699
-0.78693
-0.78687
-0.78681
-0.78675
-0.78669
-0.78663
-0.78657
-0.78651
-0.78645
-0.78639
-0.78633
-0.78627
-0.78621
-0.78615
-0.78609
-0.78603
-0.78597
-0.78591
-0.78585
-0.78579
-0.78573
-0.78567
-0.78561
-0.78555
-0.78549
-0.78543
-0.78537
-0.78531
-0.78525
-0.78519
-0.78513
-0.78507
-0.78501
-0.78495
-0.78489
-0.78483
-0.78477
-0.78471
-0.78465
-0.78459
-0.78453
-0.78447
-0.78441
-0.78435
-0.78429
-0.78423
-0.78417
-0.78411
-0.78405
-0.78399
-0.78393
-0.78387
-0.78381
-0.78375
-0.78369
-0.78363
-0.78357
-0.78351
-0.78345
-0.78339
-0.78333
-0.78327
-0.78321
-0.78315
-0.78309
-0.78303
-0.78297
-0.78291
-0.78285
-0.78279
-0.78273
-0.78267
-0.78261
-0.78255
-0.78249
-0.78243
-0.78237
-0.78231
-0.78225
-0.78219
-0.78213
-0.78207
-0.78201
-0.78195
-0.78189
-0.78183
-0.78177
-0.78171
-0.78165
-0.78159
-0.78153
-0.78147
-0.78141
-0.78135
-0.78129
-0.78123
-0.78117
-0.78111
-0.78105
-0.78099
-0.78093
-0.78088
-0.78082
-0.78076
-0.78070
-0.78064
-0.78058
-0.78052
-0.78046
-0.78040
-0.78034
-0.78028
-0.78022
-0.78016
-0.78010
-0.78004
-0.77998
-0.77992
-0.77986
-0.77980
-0.77974
-0.77968
-0.77962
-0.77956
-0.77950
-0.77944
-0.77938
-0.77932
-0.77926
-0.77920
-0.77914
-0.77908
-0.77902
-0.77896
-0.77890
-0.77884
-0.77878
-0.77872
-0.77866
-0.77860
-0.77854
-0.77848
-0.77842
-0.77836
-0.77830
-0.77824
-0.77818
-0.77812
-0.77806
-0.77800
-0.77794
-0.77788
-0.77782
-0.77776
-0.77770
-0.77764
-0.77758
-0.77752
-0.77746
-0.77740
-0.77734
-0.77728
-0.77722
-0.77716
-0.77710
-0.77704
-0.77698
-0.77692
-0.77686
-0.77680
-0.77674
-0.77668
-0.77662
-0.77656
-0.77650
-0.77644
-0.77638
-0.77632
-0.77626
-0.77620
-0.77614
-0.77608
-0.77602
-0.77596
-0.77590
-0.77584
-0.77578
-0.77572
-0.77566
-0.77560
-0.77554
-0.77548
-0.77542
-0.77536
-0.77530
-0.77524
-0.77518
-0.77512
-0.77506
-0.77500
-0.77494
-0.77488
-0.77482
-0.77476
-0.77470
-0.77464
-0.77458
-0.77452
-0.77446
-0.77440
-0.77434
-0.77428
-0.77422
-0.77416
-0.77410
-0.77404
-0.77398
-0.77392
-0.77386
-0.77380
-0.77374
-0.77368
-0.77362
-0.77356
-0.77350
-0.77344
-0.77338
-0.77332
-0.77326
-0.77320
-0.77314
-0.77308
-0.77302
-0.77296
-0.77290
-0.77284
-0.77278
-0.77272
-0.77266
-0.77260
-0.77254
-0.77248
-0.77242
-0.77236
-0.77230
-0.77224
-0.77218
-0.77212
-0.77206
-0.77200
-0.77194
-0.77188
-0.77182
-0.77176
-0.77170
-0.77164
-0.77158
-0.77152
-0.77146
-0.77140
-0.77134
-0.77128
-0.77122
-0.77116
-0.77110
-0.77104
-0.77098
-0.77092
-0.77086
-0.77080
-0.77074
-0.77068
-0.77062
-0.77056
-0.77050
-0.77044
-0.77038
-0.77032
-0.77026
-0.77020
-0.77014
-0.77008
-0.77002
-0.76996
-0.76990
-0.76984
-0.76978
-0.76972
-0.76966
-0.76960
-0.76954
-0.76948
-0.76942
-0.76936
-0.76930
-0.76924
-0.76918
-0.76912
-0.76906
-0.76900
-0.76894
-0.76888
-0.76882
-0.76876
-0.76870
-0.76864
-0.76858
-0.76852
-0.76846
-0.76840
-0.76834
-0.76828
-0.76822
-0.76816
-0.76810
-0.76804
-0.76798
-0.76792
-0.76786
-0.76780
-0.76774
-0.76768
-0.76762
-0.76756
-0.76750
-0.76744
-0.76738
-0.76732
-0.76726
-0.76720
-0.76714
-0.76708
-0.76702
-0.76696
-0.76690
-0.76684
-0.76678
-0.76672
-0.76666
-0.76660
-0.76654
-0.76648
-0.76642
-0.76636
-0.76630
-0.76624
-0.76618
-0.76612
-0.76606
-0.76600
-0.76594
-0.76588
-0.76582
-0.76576
-0.76570
-0.76564
-0.76558
-0.76552
-0.76546
-0.76540
-0.76534
-0.76529
-0.76523
-0.76517
-0.76511
-0.76505
-0.76499
-0.76493
-0.76487
-0.76481
-0.76475
-0.76469
-0.76463
-0.76457
-0.76451
-0.76445
-0.76439
-0.76433
-0.76427
-0.76421
-0.76415
-0.76409
-0.76403
-0.76397
-0.76391
-0.76385
-0.76379
-0.76373
-0.76367
-0.76361
-0.76355
-0.76349
-0.76343
-0.76337
-0.76331
-0.76325
-0.76319
-0.76313
-0.76307
-0.76301
-0.76295
-0.76289
-0.76283
-0.76277
-0.76271
-0.76265
-0.76259
-0.76253
-0.76247
-0.76241
-0.76235
-0.76229
-0.76223
-0.76217
-0.76211
-0.76205
-0.76199
-0.76193
-0.76187
-0.76181
-0.76175
-0.76169
-0.76163
-0.76157
-0.76151
-0.76145
-0.76139
-0.76133
-0.76127
-0.76121
-0.76115
-0.76109
-0.76103
-0.76097
-0.76091
-0.76085
-0.76079
-0.76073
-0.76067
-0.76061
-0.76055
-0.76049
-0.76043
-0.76037
-0.76031
-0.76025
-0.76019
-0.76013
-0.76007
-0.76001
-0.75995
-0.75989
-0.75983
-0.75977
-0.75971
-0.75965
-0.75959
-0.75953
-0.75947
-0.75941
-0.75935
-0.75929
-0.75923
-0.75917
-0.75911
-0.75905
-0.75899
-0.75893
-0.75887
-0.75881
-0.75875
-0.75869
-0.75863
-0.75857
-0.75851
-0.75845
-0.75839
-0.75833
-0.75827
-0.75821
-0.75815
-0.75809
-0.75803
-0.75797
-0.75791
-0.75785
-0.75779
-0.75773
-0.75767
-0.75761
-0.75755
-0.75749
-0.75743
-0.75737
-0.75731
-0.75725
-0.75719
-0.75713
-0.75707
-0.75701
-0.75695
-0.75689
-0.75683
-0.75677
-0.75671
-0.75665
-0.75659
-0.75653
-0.75647
-0.75641
-0.75635
-0.75629
-0.75623
-0.75617
-0.75611
-0.75605
-0.75599
-0.75593
-0.75587
-0.75581
-0.75575
-0.75569
-0.75563
-0.75557
-0.75551
-0.75545
-0.75539
-0.75533
-0.75527
-0.75521
-0.75515
-0.75509
-0.75503
-0.75497
-0.75491
-0.75485
-0.75479
-0.75473
-0.75467
-0.75461
-0.75455
-0.75449
-0.75443
-0.75437
-0.75431
-0.75425
-0.75419
-0.75413
-0.75407
-0.75401
-0.75395
-0.75389
-0.75383
-0.75377
-0.75371
-0.75365
-0.75359
-0.75353
-0.75347
-0.75341
-0.75335
-0.75329
-0.75323
-0.75317
-0.75311
-0.75305
-0.75299
-0.75293
-0.75287
-0.75281
-0.75275
-0.75269
-0.75263
-0.75257
-0.75251
-0.75245
-0.75239
-0.75233
-0.75227
-0.75221
-0.75215
-0.75209
-0.75203
-0.75197
-0.75191
-0.75185
-0.75179
-0.75173
-0.75167
-0.75161
-0.75155
-0.75149
-0.75143
-0.75137
-0.75131
-0.75125
-0.75119
-0.75113
-0.75107
-0.75101
-0.75095
-0.75089
-0.75083
-0.75077
-0.75071
-0.75065
-0.75059
-0.75053
-0.75047
-0.75041
-0.75035
-0.75029
-0.75023
-0.75017
-0.75011
-0.75005
-0.74999
-0.74993
-0.74987
-0.74981
-0.74975
-0.74969
-0.74963
-0.74957
-0.74951
-0.74945
-0.74939
-0.74933
-0.74928
-0.74922
-0.74916
-0.74910
-0.74904
-0.74898
-0.74892
-0.74886
-0.74880
-0.74874
-0.74868
-0.74862
-0.74856
-0.74850
-0.74844
-0.74838
-0.74832
-0.74826
-0.74820
-0.74814
-0.74808
-0.74802
-0.74796
-0.74790
-0.74784
-0.74778
-0.74772
-0.74766
-0.74760
-0.74754
-0.74748
-0.74742
-0.74736
-0.74730
-0.74724
-0.74718
-0.74712
-0.74706
-0.74700
-0.74694
-0.74688
-0.74682
-0.74676
-0.74670
-0.74664
-0.74658
-0.74652
-0.74646
-0.74640
-0.74634
-0.74628
-0.74622
-0.74616
-0.74610
-0.74604
-0.74598
-0.74592
-0.74586
-0.74580
-0.74574
-0.74568
-0.74562
-0.74556
-0.74550
-0.74544
-0.74538
-0.74532
-0.74526
-0.74520
-0.74514
-0.74508
-0.74502
-0.74496
-0.74490
-0.74484
-0.74478
-0.74472
-0.74466
-0.74460
-0.74454
-0.74448
-0.74442
-0.74436
-0.74430
-0.74424
-0.74418
-0.74412
-0.74406
-0.74400
-0.74394
-0.74388
-0.74382
-0.74376
-0.74370
-0.74364
-0.74358
-0.74352
-0.74346
-0.74340
-0.74334
-0.74328
-0.74322
-0.74316
-0.74310
-0.74304
-0.74298
-0.74292
-0.74286
-0.74280
-0.74274
-0.74268
-0.74262
-0.74256
-0.74250
-0.74244
-0.74238
-0.74232
-0.74226
-0.74220
-0.74214
-0.74208
-0.74202
-0.74196
-0.74190
-0.74184
-0.74178
-0.74172
-0.74166
-0.74160
-0.74154
-0.74148
-0.74142
-0.74136
-0.74130
-0.74124
-0.74118
-0.74112
-0.74106
-0.74100
-0.74094
-0.74088
-0.74082
-0.74076
-0.74070
-0.74064
-0.74058
-0.74052
-0.74046
-0.74040
-0.74034
-0.74028
-0.74022
-0.74016
-0.74010
-0.74004
-0.73998
-0.73992
-0.73986
-0.73980
-0.73974
-0.73968
-0.73962
-0.73956
-0.73950
-0.73944
-0.73938
-0.73932
-0.73926
-0.73920
-0.73914
-0.73908
-0.73902
-0.73896
-0.73890
-0.73884
-0.73878
-0.73872
-0.73866
-0.73860
-0.73854
-0.73848
-0.73842
-0.73836
-0.73830
-0.73824
-0.73818
-0.73812
-0.73806
-0.73800
-0.73794
-0.73788
-0.73782
-0.73776
-0.73770
-0.73764
-0.73758
-0.73752
-0.73746
-0.73740
-0.73734
-0.73728
-0.73722
-0.73716
-0.73710
-0.73704
-0.73698
-0.73692
-0.73686
-0.73680
-0.73674
-0.73668
-0.73662
-0.73656
-0.73650
-0.73644
-0.73638
-0.73632
-0.73626
-0.73620
-0.73614
-0.73608
-0.73602
-0.73596
-0.73590
-0.73584
-0.73578
-0.73572
-0.73566
-0.73560
-0.73554
-0.73548
-0.73542
-0.73536
-0.73530
-0.73524
-0.73518
-0.73512
-0.73506
-0.73500
-0.73494
-0.73488
-0.73482
-0.73476
-0.73470
-0.73464
-0.73458
-0.73452
-0.73446
-0.73440
-0.73434
-0.73428
-0.73422
-0.73416
-0.73410
-0.73404
-0.73398
-0.73392
-0.73386
-0.73380
-0.73374
-0.73368
-0.73362
-0.73356
-0.73350
-0.73344
-0.73338
-0.73332
-0.73326
-0.73320
-0.73314
-0.73308
-0.73302
-0.73296
-0.73290
-0.73284
-0.73279
-0.73273
-0.73267
-0.73261
-0.73255
-0.73249
-0.73243
-0.73237
-0.73231
-0.73225
-0.73219
-0.73213
-0.73207
-0.73201
-0.73195
-0.73189
-0.73183
-0.73177
-0.73171
-0.73165
-0.73159
-0.73153
-0.73147
-0.73141
-0.73135
-0.73129
-0.73123
-0.73117
-0.73111
-0.73105
-0.73099
-0.73093
-0.73087
-0.73081
-0.73075
-0.73069
-0.73063
-0.73057
-0.73051
-0.73045
-0.73039
-0.73033
-0.73027
-0.73021
-0.73015
-0.73009
-0.73003
-0.72997
-0.72991
-0.72985
-0.72979
-0.72973
-0.72967
-0.72961
-0.72955
-0.72949
-0.72943
-0.72937
-0.72931
-0.72925
-0.72919
-0.72913
-0.72907
-0.72901
-0.72895
-0.72889
-0.72883
-0.72877
-0.72871
-0.72865
-0.72859
-0.72853
-0.72847
-0.72841
-0.72835
-0.72829
-0.72823
-0.72817
-0.72811
-0.72805
-0.72799
-0.72793
-0.72787
-0.72781
-0.72775
-0.72769
-0.72763
-0.72757
-0.72751
-0.72745
-0.72739
-0.72733
-0.72727
-0.72721
-0.72715
-0.72709
-0.72703
-0.72697
-0.72691
-0.72685
-0.72679
-0.72673
-0.72667
-0.72661
-0.72655
-0.72649
-0.72643
-0.72637
-0.72631
-0.72625
-0.72619
-0.72613
-0.72607
-0.72601
-0.72595
-0.72589
-0.72583
-0.72577
-0.72571
-0.72565
-0.72559
-0.72553
-0.72547
-0.72541
-0.72535
-0.72529
-0.72523
-0.72517
-0.72511
-0.72505
-0.72499
-0.72493
-0.72487
-0.72481
-0.72475
-0.72469
-0.72463
-0.72457
-0.72451
-0.72445
-0.72439
-0.72433
-0.72427
-0.72421
-0.72415
-0.72409
-0.72403
-0.72397
-0.72391
-0.72385
-0.72379
-0.72373
-0.72367
-0.72361
-0.72355
-0.72349
-0.72343
-0.72337
-0.72331
-0.72325
-0.72319
-0.72313
-0.72307
-0.72301
-0.72295
-0.72289
-0.72283
-0.72277
-0.72271
-0.72265
-0.72259
-0.72253
-0.72247
-0.72241
-0.72235
-0.72229
-0.72223
-0.72217
-0.72211
-0.72205
-0.72199
-0.72193
-0.72187
-0.72181
-0.72175
-0.72169
-0.72163
-0.72157
-0.72151
-0.72145
-0.72139
-0.72133
-0.72127
-0.72121
-0.72115
-0.72109
-0.72103
-0.72097
-0.72091
-0.72085
-0.72079
-0.72073
-0.72067
-0.72061
-0.72055
-0.72049
-0.72043
-0.72037
-0.72031
-0.72025
-0.72019
-0.72013
-0.72007
-0.72001
-0.71995
-0.71989
-0.71983
-0.71977
-0.71971
-0.71965
-0.71959
-0.71953
-0.71947
-0.71941
-0.71935
-0.71929
-0.71923
-0.71917
-0.71911
-0.71905
-0.71899
-0.71893
-0.71887
-0.71881
-0.71875
-0.71869
-0.71863
-0.71857
-0.71851
-0.71845
-0.71839
-0.71833
-0.71827
-0.71821
-0.71815
-0.71809
-0.71803
-0.71797
-0.71791
-0.71785
-0.71779
-0.71773
-0.71767
-0.71761
-0.71755
-0.71749
-0.71743
-0.71737
-0.71731
-0.71725
-0.71719
-0.71713
-0.71707
-0.71701
-0.71695
-0.71689
-0.71683
-0.71677
-0.71671
-0.71665
-0.71659
-0.71653
-0.71647
-0.71641
-0.71635
-0.71629
-0.71623
-0.71617
-0.71611
-0.71605
-0.71599
-0.71593
-0.71588
-0.71582
-0.71576
-0.71570
-0.71564
-0.71558
-0.71552
-0.71546
-0.71540
-0.71534
-0.71528
-0.71522
-0.71516
-0.71510
-0.71504
-0.71498
-0.71492
-0.71486
-0.71480
-0.71474
-0.71468
-0.71462
-0.71456
-0.71450
-0.71444
-0.71438
-0.71432
-0.71426
-0.71420
-0.71414
-0.71408
-0.71402
-0.71396
-0.71390
-0.71384
-0.71378
-0.71372
-0.71366
-0.71360
-0.71354
-0.71348
-0.71342
-0.71336
-0.71330
-0.71324
-0.71318
-0.71312
-0.71306
-0.71300
-0.71294
-0.71288
-0.71282
-0.71276
-0.71270
-0.71264
-0.71258
-0.71252
-0.71246
-0.71240
-0.71234
-0.71228
-0.71222
-0.71216
-0.71210
-0.71204
-0.71198
-0.71192
-0.71186
-0.71180
-0.71174
-0.71168
-0.71162
-0.71156
-0.71150
-0.71144
-0.71138
-0.71132
-0.71126
-0.71120
-0.71114
-0.71108
-0.71102
-0.71096
-0.71090
-0.71084
-0.71078
-0.71072
-0.71066
-0.71060
-0.71054
-0.71048
-0.71042
-0.71036
-0.71030
-0.71024
-0.71018
-0.71012
-0.71006
-0.71000
-0.70994
-0.70988
-0.70982
-0.70976
-0.70970
-0.70964
-0.70958
-0.70952
-0.70946
-0.70940
-0.70934
-0.70928
-0.70922
-0.70916
-0.70910
-0.70904
-0.70898
-0.70892
-0.70886
-0.70880
-0.70874
-0.70868
-0.70862
-0.70856
-0.70850
-0.70844
-0.70838
-0.70832
-0.70826
-0.70820
-0.70814
-0.70808
-0.70802
-0.70796
-0.70790
-0.70784
-0.70778
-0.70772
-0.70766
-0.70760
-0.70754
-0.70748
-0.70742
-0.70736
-0.70730
-0.70724
-0.70718
-0.70712
-0.70706
-0.70700
-0.70694
-0.70688
-0.70682
-0.70676
-0.70670
-0.70664
-0.70658
-0.70652
-0.70646
-0.70640
-0.70634
-0.70628
-0.70622
-0.70616
-0.70610
-0.70604
-0.70598
-0.70592
-0.70586
-0.70580
-0.70574
-0.70568
-0.70562
-0.70556
-0.70550
-0.70544
-0.70538
-0.70532
-0.70526
-0.70520
-0.70514
-0.70508
-0.70502
-0.70496
-0.70490
-0.70484
-0.70478
-0.70472
-0.70466
-0.70460
-0.70454
-0.70448
-0.70442
-0.70436
-0.70430
-0.70424
-0.70418
-0.70412
-0.70406
-0.70400
-0.70394
-0.70388
-0.70382
-0.70376
-0.70370
-0.70364
-0.70358
-0.70352
-0.70346
-0.70340
-0.70334
-0.70328
-0.70322
-0.70316
-0.70310
-0.70304
-0.70298
-0.70292
-0.70286
-0.70280
-0.70274
-0.70268
-0.70262
-0.70256
-0.70250
-0.70244
-0.70238
-0.70232
-0.70226
-0.70220
-0.70214
-0.70208
-0.70202
-0.70196
-0.70190
-0.70184
-0.70178
-0.70172
-0.70166
-0.70160
-0.70154
-0.70148
-0.70142
-0.70136
-0.70130
-0.70124
-0.70118
-0.70112
-0.70106
-0.70100
-0.70094
-0.70088
-0.70082
-0.70076
-0.70070
-0.70064
-0.70058
-0.70052
-0.70046
-0.70040
-0.70034
-0.70028
-0.70022
-0.70016
-0.70010
-0.70004
-0.69998
-0.69992
-0.69986
-0.69980
-0.69974
-0.69968
-0.69962
-0.69956
-0.69950
-0.69944
-0.69938
-0.69932
-0.69926
-0.69920
-0.69914
-0.69908
-0.69902
-0.69896
-0.69890
-0.69884
-0.69878
-0.69872
-0.69866
-0.69860
-0.69854
-0.69849
-0.69843
-0.69837
-0.69831
-0.69825
-0.69819
-0.69813
-0.69807
-0.69801
-0.69795
-0.69789
-0.69783
-0.69777
-0.69771
-0.69765
-0.69759
-0.69753
-0.69747
-0.69741
-0.69735
-0.69729
-0.69723
-0.69717
-0.69711
-0.69705
-0.69699
-0.69693
-0.69687
-0.69681
-0.69675
-0.69669
-0.69663
-0.69657
-0.69651
-0.69645
-0.69639
-0.69633
-0.69627
-0.69621
-0.69615
-0.69609
-0.69603
-0.69597
-0.69591
-0.69585
-0.69579
-0.69573
-0.69567
-0.69561
-0.69555
-0.69549
-0.69543
-0.69537
-0.69531
-0.69525
-0.69519
-0.69513
-0.69507
-0.69501
-0.69495
-0.69489
-0.69483
-0.69477
-0.69471
-0.69465
-0.69459
-0.69453
-0.69447
-0.69441
-0.69435
-0.69429
-0.69423
-0.69417
-0.69411
-0.69405
-0.69399
-0.69393
-0.69387
-0.69381
-0.69375
-0.69369
-0.69363
-0.69357
-0.69351
-0.69345
-0.69339
-0.69333
-0.69327
-0.69321
-0.69315
-0.69309
-0.69303
-0.69297
-0.69291
-0.69285
-0.69279
-0.69273
-0.69267
-0.69261
-0.69255
-0.69249
-0.69243
-0.69237
-0.69231
-0.69225
-0.69219
-0.69213
-0.69207
-0.69201
-0.69195
-0.69189
-0.69183
-0.69177
-0.69171
-0.69165
-0.69159
-0.69153
-0.69147
-0.69141
-0.69135
-0.69129
-0.69123
-0.69117
-0.69111
-0.69105
-0.69099
-0.69093
-0.69087
-0.69081
-0.69075
-0.69069
-0.69063
-0.69057
-0.69051
-0.69045
-0.69039
-0.69033
-0.69027
-0.69021
-0.69015
-0.69009
-0.69003
-0.68997
-0.68991
-0.68985
-0.68979
-0.68973
-0.68967
-0.68961
-0.68955
-0.68949
-0.68943
-0.68937
-0.68931
-0.68925
-0.68919
-0.68913
-0.68907
-0.68901
-0.68895
-0.68889
-0.68883
-0.68877
-0.68871
-0.68865
-0.68859
-0.68853
-0.68847
-0.68841
-0.68835
-0.68829
-0.68823
-0.68817
-0.68811
-0.68805
-0.68799
-0.68793
-0.68787
-0.68781
-0.68775
-0.68769
-0.68763
-0.68757
-0.68751
-0.68745
-0.68739
-0.68733
-0.68727
-0.68721
-0.68715
-0.68709
-0.68703
-0.68697
-0.68691
-0.68685
-0.68679
-0.68673
-0.68667
-0.68661
-0.68655
-0.68649
-0.68643
-0.68637
-0.68631
-0.68625
-0.68619
-0.68613
-0.68607
-0.68601
-0.68595
-0.68589
-0.68583
-0.68577
-0.68571
-0.68565
-0.68559
-0.68553
-0.68547
-0.68541
-0.68535
-0.68529
-0.68523
-0.68517
-0.68511
-0.68505
-0.68499
-0.68493
-0.68487
-0.68481
-0.68475
-0.68469
-0.68463
-0.68457
-0.68451
-0.68445
-0.68439
-0.68433
-0.68427
-0.68421
-0.68415
-0.68409
-0.68403
-0.68397
-0.68391
-0.68385
-0.68379
-0.68373
-0.68367
-0.68361
-0.68355
-0.68349
-0.68343
-0.68337
-0.68331
-0.68325
-0.68319
-0.68313
-0.68307
-0.68301
-0.68295
-0.68289
-0.68283
-0.68277
-0.68271
-0.68265
-0.68259
-0.68253
-0.68247
-0.68241
-0.68235
-0.68229
-0.68223
-0.68217
-0.68211
-0.68205
-0.68199
-0.68193
-0.68187
-0.68181
-0.68175
-0.68169
-0.68163
-0.68157
-0.68151
-0.68145
-0.68139
-0.68133
-0.68127
-0.68121
-0.68115
-0.68109
-0.68103
-0.68097
-0.68091
-0.68085
-0.68079
-0.68073
-0.68067
-0.68061
-0.68055
-0.68050
-0.68044
-0.68038
-0.68032
-0.68026
-0.68020
-0.68014
-0.68008
-0.68002
-0.67996
-0.67990
-0.67984
-0.67978
-0.67972
-0.67966
-0.67960
-0.67954
-0.67948
-0.67942
-0.67936
-0.67930
-0.67924
-0.67918
-0.67912
-0.67906
-0.67900
-0.67894
-0.67888
-0.67882
-0.67876
-0.67870
-0.67864
-0.67858
-0.67852
-0.67846
-0.67840
-0.67834
-0.67828
-0.67822
-0.67816
-0.67810
-0.67804
-0.67798
-0.67792
-0.67786
-0.67780
-0.67774
-0.67768
-0.67762
-0.67756
-0.67750
-0.67744
-0.67738
-0.67732
-0.67726
-0.67720
-0.67714
-0.67708
-0.67702
-0.67696
-0.67690
-0.67684
-0.67678
-0.67672
-0.67666
-0.67660
-0.67654
-0.67648
-0.67642
-0.67636
-0.67630
-0.67624
-0.67618
-0.67612
-0.67606
-0.67600
-0.67594
-0.67588
-0.67582
-0.67576
-0.67570
-0.67564
-0.67558
-0.67552
-0.67546
-0.67540
-0.67534
-0.67528
-0.67522
-0.67516
-0.67510
-0.67504
-0.67498
-0.67492
-0.67486
-0.67480
-0.67474
-0.67468
-0.67462
-0.67456
-0.67450
-0.67444
-0.67438
-0.67432
-0.67426
-0.67420
-0.67414
-0.67408
-0.67402
-0.67396
-0.67390
-0.67384
-0.67378
-0.67372
-0.67366
-0.67360
-0.67354
-0.67348
-0.67342
-0.67336
-0.67330
-0.67324
-0.67318
-0.67312
-0.67306
-0.67300
-0.67294
-0.67288
-0.67282
-0.67276
-0.67270
-0.67264
-0.67258
-0.67252
-0.67246
-0.67240
-0.67234
-0.67228
-0.67222
-0.67216
-0.67210
-0.67204
-0.67198
-0.67192
-0.67186
-0.67180
-0.67174
-0.67168
-0.67162
-0.67156
-0.67150
-0.67144
-0.67138
-0.67132
-0.67126
-0.67120
-0.67114
-0.67108
-0.67102
-0.67096
-0.67090
-0.67084
-0.67078
-0.67072
-0.67066
-0.67060
-0.67054
-0.67048
-0.67042
-0.67036
-0.67030
-0.67024
-0.67018
-0.67012
-0.67006
-0.67000
-0.66994
-0.66988
-0.66982
-0.66976
-0.66970
-0.66964
-0.66958
-0.66952
-0.66946
-0.66940
-0.66934
-0.66928
-0.66922
-0.66916
-0.66910
-0.66904
-0.66898
-0.66892
-0.66886
-0.66880
-0.66874
-0.66868
-0.66862
-0.66856
-0.66850
-0.66844
-0.66838
-0.66832
-0.66826
-0.66820
-0.66814
-0.66808
-0.66802
-0.66796
-0.66790
-0.66784
-0.66778
-0.66772
-0.66766
-0.66760
-0.66754
-0.66748
-0.66742
-0.66736
-0.66730
-0.66724
-0.66718
-0.66712
-0.66706
-0.66700
-0.66694
-0.66688
-0.66682
-0.66676
-0.66670
-0.66664
-0.66658
-0.66652
-0.66646
-0.66640
-0.66634
-0.66628
-0.66622
-0.66616
-0.66610
-0.66604
-0.66598
-0.66592
-0.66586
-0.66580
-0.66574
-0.66568
-0.66562
-0.66556
-0.66550
-0.66544
-0.66538
-0.66532
-0.66526
-0.66520
-0.66514
-0.66508
-0.66502
-0.66496
-0.66490
-0.66484
-0.66478
-0.66472
-0.66466
-0.66460
-0.66454
-0.66448
-0.66442
-0.66436
-0.66430
-0.66424
-0.66418
-0.66412
-0.66406
-0.66400
-0.66394
-0.66388
-0.66382
-0.66376
-0.66370
-0.66364
-0.66358
-0.66352
-0.66346
-0.66340
-0.66334
-0.66328
-0.66322
-0.66316
-0.66310
-0.66304
-0.66298
-0.66292
-0.66286
-0.66280
-0.66274
-0.66268
-0.66262
-0.66256
-0.66250
-0.66244
-0.66238
-0.66232
-0.66226
-0.66220
-0.66214
-0.66208
-0.66202
-0.66197
-0.66191
-0.66185
-0.66179
-0.66173
-0.66167
-0.66161
-0.66155
-0.66149
-0.66143
-0.66137
-0.66131
-0.66125
-0.66119
-0.66113
-0.66107
-0.66101
-0.66095
-0.66089
-0.66083
-0.66077
-0.66071
-0.66065
-0.66059
-0.66053
-0.66047
-0.66041
-0.66035
-0.66029
-0.66023
-0.66017
-0.66011
-0.66005
-0.65999
-0.65993
-0.65987
-0.65981
-0.65975
-0.65969
-0.65963
-0.65957
-0.65951
-0.65945
-0.65939
-0.65933
-0.65927
-0.65921
-0.65915
-0.65909
-0.65903
-0.65897
-0.65891
-0.65885
-0.65879
-0.65873
-0.65867
-0.65861
-0.65855
-0.65849
-0.65843
-0.65837
-0.65831
-0.65825
-0.65819
-0.65813
-0.65807
-0.65801
-0.65795
-0.65789
-0.65783
-0.65777
-0.65771
-0.65765
-0.65759
-0.65753
-0.65747
-0.65741
-0.65735
-0.65729
-0.65723
-0.65717
-0.65711
-0.65705
-0.65699
-0.65693
-0.65687
-0.65681
-0.65675
-0.65669
-0.65663
-0.65657
-0.65651
-0.65645
-0.65639
-0.65633
-0.65627
-0.65621
-0.65615
-0.65609
-0.65603
-0.65597
-0.65591
-0.65585
-0.65579
-0.65573
-0.65567
-0.65561
-0.65555
-0.65549
-0.65543
-0.65537
-0.65531
-0.65525
-0.65519
-0.65513
-0.65507
-0.65501
-0.65495
-0.65489
-0.65483
-0.65477
-0.65471
-0.65465
-0.65459
-0.65453
-0.65447
-0.65441
-0.65435
-0.65429
-0.65423
-0.65417
-0.65411
-0.65405
-0.65399
-0.65393
-0.65387
-0.65381
-0.65375
-0.65369
-0.65363
-0.65357
-0.65351
-0.65345
-0.65339
-0.65333
-0.65327
-0.65321
-0.65315
-0.65309
-0.65303
-0.65297
-0.65291
-0.65285
-0.65279
-0.65273
-0.65267
-0.65261
-0.65255
-0.65249
-0.65243
-0.65237
-0.65231
-0.65225
-0.65219
-0.65213
-0.65207
-0.65201
-0.65195
-0.65189
-0.65183
-0.65177
-0.65171
-0.65165
-0.65159
-0.65153
-0.65147
-0.65141
-0.65135
-0.65129
-0.65123
-0.65117
-0.65111
-0.65105
-0.65099
-0.65093
-0.65087
-0.65081
-0.65075
-0.65069
-0.65063
-0.65057
-0.65051
-0.65045
-0.65039
-0.65033
-0.65027
-0.65021
-0.65015
-0.65009
-0.65003
-0.64997
-0.64991
-0.64985
-0.64979
-0.64973
-0.64967
-0.64961
-0.64955
-0.64949
-0.64943
-0.64937
-0.64931
-0.64925
-0.64919
-0.64913
-0.64907
-0.64901
-0.64895
-0.64889
-0.64883
-0.64877
-0.64871
-0.64865
-0.64859
-0.64853
-0.64847
-0.64841
-0.64835
-0.64829
-0.64823
-0.64817
-0.64811
-0.64805
-0.64799
-0.64793
-0.64787
-0.64781
-0.64775
-0.64769
-0.64763
-0.64757
-0.64751
-0.64745
-0.64739
-0.64733
-0.64727
-0.64721
-0.64715
-0.64709
-0.64703
-0.64697
-0.64691
-0.64685
-0.64679
-0.64673
-0.64667
-0.64661
-0.64655
-0.64649
-0.64643
-0.64637
-0.64631
-0.64625
-0.64619
-0.64613
-0.64607
-0.64601
-0.64595
-0.64589
-0.64583
-0.64577
-0.64571
-0.64565
-0.64559
-0.64553
-0.64547
-0.64541
-0.64535
-0.64529
-0.64523
-0.64517
-0.64511
-0.64505
-0.64499
-0.64493
-0.64487
-0.64481
-0.64475
-0.64469
-0.64463
-0.64457
-0.64451
-0.64445
-0.64439
-0.64433
-0.64427
-0.64421
-0.64415
-0.64409
-0.64403
-0.64397
-0.64391
-0.64385
-0.64379
-0.64373
-0.64367
-0.64361
-0.64355
-0.64349
-0.64343
-0.64337
-0.64331
-0.64325
-0.64319
-0.64313
-0.64307
-0.64301
-0.64295
-0.64289
-0.64283
-0.64277
-0.64271
-0.64266
-0.64260
-0.64254
-0.64248
-0.64242
-0.64236
-0.64230
-0.64224
-0.64218
-0.64212
-0.64206
-0.64200
-0.64194
-0.64188
-0.64182
-0.64176
-0.64170
-0.64164
-0.64158
-0.64152
-0.64146
-0.64140
-0.64134
-0.64128
-0.64122
-0.64116
-0.64110
-0.64104
-0.64098
-0.64092
-0.64086
-0.64080
-0.64074
-0.64068
-0.64062
-0.64056
-0.64050
-0.64044
-0.64038
-0.64032
-0.64026
-0.64020
-0.64014
-0.64008
-0.64002
-0.63996
-0.63990
-0.63984
-0.63978
-0.63972
-0.63966
-0.63960
-0.63954
-0.63948
-0.63942
-0.63936
-0.63930
-0.63924
-0.63918
-0.63912
-0.63906
-0.63900
-0.63894
-0.63888
-0.63882
-0.63876
-0.63870
-0.63864
-0.63858
-0.63852
-0.63846
-0.63840
-0.63834
-0.63828
-0.63822
-0.63816
-0.63810
-0.63804
-0.63798
-0.63792
-0.63786
-0.63780
-0.63774
-0.63768
-0.63762
-0.63756
-0.63750
-0.63744
-0.63738
-0.63732
-0.63726
-0.63720
-0.63714
-0.63708
-0.63702
-0.63696
-0.63690
-0.63684
-0.63678
-0.63672
-0.63666
-0.63660
-0.63654
-0.63648
-0.63642
-0.63636
-0.63630
-0.63624
-0.63618
-0.63612
-0.63606
-0.63600
-0.63594
-0.63588
-0.63582
-0.63576
-0.63570
-0.63564
-0.63558
-0.63552
-0.63546
-0.63540
-0.63534
-0.63528
-0.63522
-0.63516
-0.63510
-0.63504
-0.63498
-0.63492
-0.63486
-0.63480
-0.63474
-0.63468
-0.63462
-0.63456
-0.63450
-0.63444
-0.63438
-0.63432
-0.63426
-0.63420
-0.63414
-0.63408
-0.63402
-0.63396
-0.63390
-0.63384
-0.63378
-0.63372
-0.63366
-0.63360
-0.63354
-0.63348
-0.63342
-0.63336
-0.63330
-0.63324
-0.63318
-0.63312
-0.63306
-0.63300
-0.63294
-0.63288
-0.63282
-0.63276
-0.63270
-0.63264
-0.63258
-0.63252
-0.63246
-0.63240
-0.63234
-0.63228
-0.63222
-0.63216
-0.63210
-0.63204
-0.63198
-0.63192
-0.63186
-0.63180
-0.63174
-0.63168
-0.63162
-0.63156
-0.63150
-0.63144
-0.63138
-0.63132
-0.63126
-0.63120
-0.63114
-0.63108
-0.63102
-0.63096
-0.63090
-0.63084
-0.63078
-0.63072
-0.63066
-0.63060
-0.63054
-0.63048
-0.63042
-0.63036
-0.63030
-0.63024
-0.63018
-0.63012
-0.63006
-0.63000
-0.62994
-0.62988
-0.62982
-0.62976
-0.62970
-0.62964
-0.62958
-0.62952
-0.62946
-0.62940
-0.62934
-0.62928
-0.62922
-0.62916
-0.62910
-0.62904
-0.62898
-0.62892
-0.62886
-0.62880
-0.62874
-0.62868
-0.62862
-0.62856
-0.62850
-0.62844
-0.62838
-0.62832
-0.62826
-0.62820
-0.62814
-0.62808
-0.62802
-0.62796
-0.62790
-0.62784
-0.62778
-0.62772
-0.62766
-0.62760
-0.62754
-0.62748
-0.62742
-0.62736
-0.62730
-0.62724
-0.62718
-0.62712
-0.62706
-0.62700
-0.62694
-0.62688
-0.62682
-0.62676
-0.62670
-0.62664
-0.62658
-0.62652
-0.62646
-0.62640
-0.62634
-0.62628
-0.62622
-0.62616
-0.62610
-0.62604
-0.62598
-0.62592
-0.62586
-0.62580
-0.62574
-0.62568
-0.62562
-0.62556
-0.62550
-0.62544
-0.62538
-0.62532
-0.62526
-0.62520
-0.62514
-0.62508
-0.62502
-0.62496
-0.62490
-0.62484
-0.62478
-0.62472
-0.62466
-0.62460
-0.62454
-0.62448
-0.62442
-0.62436
-0.62430
-0.62424
-0.62418
-0.62412
-0.62406
-0.62400
-0.62394
-0.62388
-0.62382
-0.62376
-0.62370
-0.62364
-0.62358
-0.62352
-0.62346
-0.62340
-0.62334
-0.62328
-0.62322
-0.62316
-0.62310
-0.62304
-0.62298
-0.62292
-0.62286
-0.62280
-0.62274
-0.62269
-0.62263
-0.62257
-0.62251
-0.62245
-0.62239
-0.62233
-0.62227
-0.62221
-0.62215
-0.62209
-0.62203
-0.62197
-0.62191
-0.62185
-0.62179
-0.62173
-0.62167
-0.62161
-0.62155
-0.62149
-0.62143
-0.62137
-0.62131
-0.62125
-0.62119
-0.62113
-0.62107
-0.62101
-0.62095
-0.62089
-0.62083
-0.62077
-0.62071
-0.62065
-0.62059
-0.62053
-0.62047
-0.62041
-0.62035
-0.62029
-0.62023
-0.62017
-0.62011
-0.62005
-0.61999
-0.61993
-0.61987
-0.61981
-0.61975
-0.61969
-0.61963
-0.61957
-0.61951
-0.61945
-0.61939
-0.61933
-0.61927
-0.61921
-0.61915
-0.61909
-0.61903
-0.61897
-0.61891
-0.61885
-0.61879
-0.61873
-0.61867
-0.61861
-0.61855
-0.61849
-0.61843
-0.61837
-0.61831
-0.61825
-0.61819
-0.61813
-0.61807
-0.61801
-0.61795
-0.61789
-0.61783
-0.61777
-0.61771
-0.61765
-0.61759
-0.61753
-0.61747
-0.61741
-0.61735
-0.61729
-0.61723
-0.61717
-0.61711
-0.61705
-0.61699
-0.61693
-0.61687
-0.61681
-0.61675
-0.61669
-0.61663
-0.61657
-0.61651
-0.61645
-0.61639
-0.61633
-0.61627
-0.61621
-0.61615
-0.61609
-0.61603
-0.61597
-0.61591
-0.61585
-0.61579
-0.61573
-0.61567
-0.61561
-0.61555
-0.61549
-0.61543
-0.61537
-0.61531
-0.61525
-0.61519
-0.61513
-0.61507
-0.61501
-0.61495
-0.61489
-0.61483
-0.61477
-0.61471
-0.61465
-0.61459
-0.61453
-0.61447
-0.61441
-0.61435
-0.61429
-0.61423
-0.61417
-0.61411
-0.61405
-0.61399
-0.61393
-0.61387
-0.61381
-0.61375
-0.61369
-0.61363
-0.61357
-0.61351
-0.61345
-0.61339
-0.61333
-0.61327
-0.61321
-0.61315
-0.61309
-0.61303
-0.61297
-0.61291
-0.61285
-0.61279
-0.61273
-0.61267
-0.61261
-0.61255
-0.61249
-0.61243
-0.61237
-0.61231
-0.61225
-0.61219
-0.61213
-0.61207
-0.61201
-0.61195
-0.61189
-0.61183
-0.61177
-0.61171
-0.61165
-0.61159
-0.61153
-0.61147
-0.61141
-0.61135
-0.61129
-0.61123
-0.61117
-0.61111
-0.61105
-0.61099
-0.61093
-0.61087
-0.61081
-0.61075
-0.61069
-0.61063
-0.61057
-0.61051
-0.61045
-0.61039
-0.61033
-0.61027
-0.61021
-0.61015
-0.61009
-0.61003
-0.60997
-0.60991
-0.60985
-0.60979
-0.60973
-0.60967
-0.60961
-0.60955
-0.60949
-0.60943
-0.60937
-0.60931
-0.60925
-0.60919
-0.60913
-0.60907
-0.60901
-0.60895
-0.60889
-0.60883
-0.60877
-0.60871
-0.60865
-0.60859
-0.60853
-0.60847
-0.60841
-0.60835
-0.60829
-0.60823
-0.60817
-0.60811
-0.60805
-0.60799
-0.60793
-0.60787
-0.60781
-0.60775
-0.60769
-0.60763
-0.60757
-0.60751
-0.60745
-0.60739
-0.60733
-0.60727
-0.60721
-0.60715
-0.60709
-0.60703
-0.60697
-0.60691
-0.60685
-0.60679
-0.60673
-0.60667
-0.60661
-0.60655
-0.60649
-0.60643
-0.60637
-0.60631
-0.60625
-0.60619
-0.60613
-0.60607
-0.60601
-0.60595
-0.60589
-0.60583
-0.60577
-0.60571
-0.60565
-0.60559
-0.60553
-0.60547
-0.60541
-0.60535
-0.60529
-0.60523
-0.60517
-0.60511
-0.60505
-0.60499
-0.60493
-0.60487
-0.60481
-0.60475
-0.60469
-0.60463
-0.60457
-0.60451
-0.60445
-0.60439
-0.60433
-0.60427
-0.60421
-0.60415
-0.60409
-0.60403
-0.60397
-0.60391
-0.60385
-0.60379
-0.60373
-0.60367
-0.60361
-0.60355
-0.60349
-0.60343
-0.60337
-0.60331
-0.60325
-0.60319
-0.60313
-0.60307
-0.60301
-0.60295
-0.60289
-0.60283
-0.60277
-0.60271
-0.60265
-0.60259
-0.60253
-0.60247
-0.60241
-0.60235
-0.60229
-0.60223
-0.60217
-0.60211
-0.60205
-0.60199
-0.60193
-0.60187
-0.60182
-0.60176
-0.60170
-0.60164
-0.60158
-0.60152
-0.60146
-0.60140
-0.60134
-0.60128
-0.60122
-0.60116
-0.60110
-0.60104
-0.60098
-0.60092
-0.60086
-0.60080
-0.60074
-0.60068
-0.60062
-0.60056
-0.60050
-0.60044
-0.60038
-0.60032
-0.60026
-0.60020
-0.60014
-0.60008
-0.60002
-0.59996
-0.59990
-0.59984
-0.59978
-0.59972
-0.59966
-0.59960
-0.59954
-0.59948
-0.59942
-0.59936
-0.59930
-0.59924
-0.59918
-0.59912
-0.59906
-0.59900
-0.59894
-0.59888
-0.59882
-0.59876
-0.59870
-0.59864
-0.59858
-0.59852
-0.59846
-0.59840
-0.59834
-0.59828
-0.59822
-0.59816
