-13.23886
-13.20854
-13.17822
-13.14790
-13.11758
-13.08726
-13.05694
-13.02662
-12.99629
-12.96597
-12.93564
-12.90531
-12.87499
-12.84466
-12.81433
-12.78400
-12.75366
-12.72333
-12.69300
-12.66266
-12.63233
-12.60199
-12.57165
-12.54132
-12.51098
-12.48064
-12.45029
-12.41995
-12.38961
-12.35927
-12.32892
-12.29858
-12.26823
-12.23788
-12.20753
-12.17718
-12.14683
-12.11648
-12.08613
-12.05578
-12.02542
-11.99507
-11.96471
-11.93435
-11.90400
-11.87364
-11.84328
-11.81292
-11.78255
-11.75219
-11.72183
-11.69146
-11.66110
-11.63073
-11.60037
-11.57000
-11.53963
-11.50926
-11.47889
-11.44851
-11.41814
-11.38777
-11.35739
-11.32702
-11.29664
-11.26626
-11.23589
-11.20551
-11.17513
-11.14474
-11.11436
-11.08398
-11.05360
-11.02321
-10.99282
-10.96244
-10.93205
-10.90166
-10.87127
-10.84088
-10.81049
-10.78010
-10.74970
-10.71931
-10.68891
-10.65852
-10.62812
-10.59772
-10.56732
-10.53692
-10.50652
-10.47612
-10.44572
-10.41532
-10.38491
-10.35451
-10.32410
-10.29369
-10.26328
-10.23287
-10.20246
-10.17205
-10.14164
-10.11123
-10.08081
-10.05040
-10.01998
-9.98957
-9.95915
-9.92873
-9.89831
-9.86789
-9.83747
-9.80705
-9.77662
-9.74620
-9.71577
-9.68535
-9.65492
-9.62449
-9.59406
-9.56363
-9.53320
-9.50277
-9.47234
-9.44191
-9.41147
-9.38104
-9.35060
-9.32016
-9.28972
-9.25929
-9.22885
-9.19840
-9.16796
-9.13752
-9.10708
-9.07663
-9.04618
-9.01574
-8.98529
-8.95484
-8.92439
-8.89394
-8.86349
-8.83304
-8.80259
-8.77213
-8.74168
-8.71122
-8.68076
-8.65031
-8.61985
-8.58939
-8.55893
-8.52846
-8.49800
-8.46754
-8.43707
-8.40661
-8.37614
-8.34568
-8.31521
-8.28474
-8.25427
-8.22380
-8.19333
-8.16285
-8.13238
-8.10190
-8.07143
-8.04095
-8.01047
-7.98000
-7.94952
-7.91904
-7.88856
-7.85807
-7.82759
-7.79711
-7.76662
-7.73613
-7.70565
-7.67516
-7.64467
-7.61418
-7.58369
-7.55320
-7.52271
-7.49221
-7.46172
-7.43122
-7.40073
-7.37023
-7.33973
-7.30923
-7.27873
-7.24823
-7.21773
-7.18723
-7.15672
-7.12622
-7.09571
-7.06521
-7.03470
-7.00419
-6.97368
-6.94317
-6.91266
-6.88215
-6.85163
-6.82112
-6.79061
-6.76009
-6.72957
-6.69906
-6.66854
-6.63802
-6.60750
-6.57697
-6.54645
-6.51593
-6.48540
-6.45488
-6.42435
-6.39383
-6.36330
-6.33277
-6.30224
-6.27171
-6.24118
-6.21064
-6.18011
-6.14957
-6.11904
-6.08850
-6.05796
-6.02743
-5.99689
-5.96635
-5.93581
-5.90526
-5.87472
-5.84418
-5.81363
-5.78308
-5.75254
-5.72199
-5.69144
-5.66089
-5.63034
-5.59979
-5.56924
-5.53868
-5.50813
-5.47757
-5.44702
-5.41646
-5.38590
-5.35534
-5.32478
-5.29422
-5.26366
-5.23310
-5.20253
-5.17197
-5.14140
-5.11084
-5.08027
-5.04970
-5.01913
-4.98856
-4.95799
-4.92742
-4.89684
-4.86627
-4.83569
-4.80512
-4.77454
-4.74396
-4.71339
-4.68281
-4.65222
-4.62164
-4.59106
-4.56048
-4.52989
-4.49931
-4.46872
-4.43813
-4.40755
-4.37696
-4.34637
-4.31578
-4.28518
-4.25459
-4.22400
-4.19340
-4.16281
-4.13221
-4.10161
-4.07101
-4.04041
-4.00981
-3.97921
-3.94861
-3.91801
-3.88740
-3.85680
-3.82619
-3.79558
-3.76498
-3.73437
-3.70376
-3.67315
-3.64253
-3.61192
-3.58131
-3.55069
-3.52008
-3.48946
-3.45884
-3.42823
-3.39761
-3.36699
-3.33637
-3.30574
-3.27512
-3.24450
-3.21387
-3.18325
-3.15262
-3.12199
-3.09136
-3.06073
-3.03010
-2.99947
-2.96884
-2.93821
-2.90757
-2.87694
-2.84630
-2.81566
-2.78502
-2.75439
-2.72375
-2.69310
-2.66246
-2.63182
-2.60118
-2.57053
-2.53989
-2.50924
-2.47859
-2.44794
-2.41729
-2.38664
-2.35599
-2.32534
-2.29469
-2.26403
-2.23338
-2.20272
-2.17207
-2.14141
-2.11075
-2.08009
-2.04943
-2.01877
-1.98810
-1.95744
-1.92678
-1.89611
-1.86545
-1.83478
-1.80411
-1.77344
-1.74277
-1.71210
-1.68143
-1.65075
-1.62008
-1.58941
-1.55873
-1.52805
-1.49738
-1.46670
-1.43602
-1.40534
-1.37466
-1.34397
-1.31329
-1.28261
-1.25192
-1.22123
-1.19055
-1.15986
-1.12917
-1.09848
-1.06779
-1.03710
-1.00641
-0.97571
-0.94502
-0.91432
-0.88363
-0.85293
-0.82223
-0.79153
-0.76083
-0.73013
-0.69943
-0.66872
-0.63802
-0.60731
-0.57661
-0.54590
-0.51519
-0.48449
-0.45378
-0.42307
-0.39235
-0.36164
-0.33093
-0.30021
-0.26950
-0.23878
-0.20806
-0.17735
-0.14663
-0.11591
-0.08519
-0.05446
-0.02374
0.00698
0.03771
0.06843
0.09916
0.12989
0.16062
0.19135
0.22208
0.25281
0.28354
0.31427
0.34501
0.37574
0.40648
0.43722
0.46795
0.49869
0.52943
0.56017
0.59091
0.62166
0.65240
0.68315
0.71389
0.74464
0.77539
0.80613
0.83688
0.86763
0.89838
0.92914
0.95989
0.99064
1.02140
1.05216
1.08291
1.11367
1.14443
1.17519
1.20595
1.23671
1.26747
1.29824
1.32900
1.35977
1.39053
1.42130
1.45207
1.48284
1.51361
1.54438
1.57515
1.60592
1.63670
1.66747
1.69825
1.72903
1.75980
1.79058
1.82136
1.85214
1.88292
1.91371
1.94449
1.97527
2.00606
2.03684
2.06763
2.09842
2.12921
2.16000
2.19079
2.22158
2.25237
2.28317
2.31396
2.34476
2.37556
2.40635
2.43715
2.46795
2.49875
2.52955
2.56035
2.59116
2.62196
2.65277
2.68357
2.71438
2.74519
2.77600
2.80681
2.83762
2.86843
2.89924
2.93006
2.96087
2.99169
3.02250
3.05332
3.08414
3.11496
3.14578
3.17660
3.20742
3.23824
3.26907
3.29989
3.33072
3.36155
3.39237
3.42320
3.45403
3.48486
3.51570
3.54653
3.57736
3.60820
3.63903
3.66987
3.70070
3.73154
3.76238
3.79322
3.82406
3.85491
3.88575
3.91659
3.94744
3.97828
4.00913
4.03998
4.07083
4.10168
4.13253
4.16338
4.19423
4.22508
4.25594
4.28679
4.31765
4.34851
4.37937
4.41022
4.44109
4.47195
4.50281
4.53367
4.56453
4.59540
4.62627
4.65713
4.68800
4.71887
4.74974
4.78061
4.81148
4.84235
4.87323
4.90410
4.93498
4.96585
4.99673
5.02761
5.05849
5.08937
5.12025
5.15113
5.18201
5.21290
5.24378
5.27467
5.30555
5.33644
5.36733
5.39822
5.42911
5.46000
5.49089
5.52179
5.55268
5.58357
5.61447
5.64537
5.67627
5.70716
5.73806
5.76897
5.79987
5.83077
5.86167
5.89258
5.92348
5.95439
5.98530
6.01621
6.04712
6.07803
6.10894
6.13985
6.17076
6.20168
6.23259
6.26351
6.29443
6.32534
6.35626
6.38718
6.41810
6.44902
6.47995
6.51087
6.54180
6.57272
6.60365
6.63458
6.66550
6.69643
6.72736
6.75829
6.78923
6.82016
6.85109
6.88203
6.91297
6.94390
6.97484
7.00578
7.03672
7.06766
7.09860
7.12954
7.16049
7.19143
7.22238
7.25332
7.28427
7.31522
7.34617
7.37712
7.40807
7.43902
7.46998
7.50093
7.53189
7.56284
7.59380
7.62476
7.65571
7.68667
7.71764
7.74860
7.77956
7.81052
7.84149
7.87245
7.90342
7.93439
7.96536
7.99632
8.02730
8.05827
8.08924
8.12021
8.15119
8.18216
8.21314
8.24411
8.27509
8.30607
8.33705
8.36803
8.39901
8.42999
8.46098
8.49196
8.52295
8.55393
8.58492
8.61591
8.64690
8.67789
8.70888
8.73987
8.77087
8.80186
8.83286
8.86385
8.89485
8.92585
8.95685
8.98785
9.01885
9.04985
9.08085
9.11185
9.14286
9.17386
9.20487
9.23588
9.26689
9.29790
9.32891
9.35992
9.39093
9.42194
9.45296
9.48397
9.51499
9.54600
9.57702
9.60804
9.63906
9.67008
9.70110
9.73213
9.76315
9.79417
9.82520
9.85623
9.88725
9.91828
9.94931
9.98034
10.01137
10.04240
10.07344
10.10447
10.13551
10.16654
10.19758
10.22862
10.25966
10.29070
10.32174
10.35278
10.38382
10.41486
10.44591
10.47695
10.50800
10.53905
10.57010
10.60115
10.63220
10.66325
10.69430
10.72535
10.75641
10.78746
10.81852
10.84957
10.88063
10.91169
10.94275
10.97381
11.00487
11.03594
11.06700
11.09807
11.12913
11.16020
11.19126
11.22233
11.25340
11.28447
11.31554
11.34662
11.37769
11.40876
11.43984
11.47091
11.50199
11.53307
11.56415
11.59523
11.62631
11.65739
11.68847
11.71956
11.75064
11.78173
11.81281
11.84390
11.87499
11.90608
11.93717
11.96826
11.99935
12.03045
12.06154
12.09264
12.12373
12.15483
12.18593
12.21703
12.24813
12.27923
12.31033
12.34143
12.37254
12.40364
12.43475
12.46585
12.49696
12.52807
12.55918
12.59029
12.62140
12.65251
12.68363
12.71474
12.74586
12.77697
12.80809
12.83921
12.87033
12.90145
12.93257
12.96369
12.99481
13.02594
13.05706
13.08819
13.11931
13.15044
13.18157
13.21270
13.24383
13.27496
13.30609
13.33723
13.36836
13.39950
13.43063
13.46177
13.49291
13.52405
13.55519
13.58633
13.61747
13.64861
13.67976
13.71090
13.74205
13.77319
13.80434
13.83549
13.86664
13.89779
13.92894
13.96009
13.99125
14.02240
14.05356
14.08471
14.11587
14.14703
14.17819
14.20935
14.24051
14.27167
14.30284
14.33400
14.36516
14.39633
14.42750
14.45867
14.48983
14.52100
14.55217
14.58335
14.61452
14.64569
14.67687
14.70804
14.73922
14.77040
14.80158
14.83275
14.86393
14.89512
14.92630
14.95748
14.98867
15.01985
15.05104
15.08222
15.11341
15.14460
15.17579
15.20698
15.23817
15.26937
15.30056
15.33175
15.36295
15.39415
15.42534
15.45654
15.48774
15.51894
15.55014
15.58135
15.61255
15.64375
15.67496
15.70617
15.73737
15.76858
15.79979
15.83100
15.86221
15.89342
15.92464
15.95585
15.98706
16.01828
16.04950
16.08071
16.11193
16.14315
16.17437
16.20559
16.23682
16.26804
16.29926
16.33049
16.36172
16.39294
16.42417
16.45540
16.48663
16.51786
16.54909
16.58033
16.61156
16.64280
16.67403
16.70527
16.73651
16.76775
16.79899
16.83023
16.86147
16.89271
16.92395
16.95520
16.98644
17.01769
17.04894
17.08019
17.11144
17.14269
17.17394
17.20519
17.23644
17.26770
17.29895
17.33021
17.36147
17.39272
17.42398
17.45524
17.48650
17.51776
17.54903
17.58029
17.61156
17.64282
17.67409
17.70536
17.73662
17.76789
17.79916
17.83044
17.86171
17.89298
17.92426
17.95553
17.98681
18.01808
18.04936
18.08064
18.11192
18.14320
18.17449
18.20577
18.23705
18.26834
18.29962
18.33091
18.36220
18.39349
18.42478
18.45607
18.48736
18.51865
18.54994
18.58124
18.61253
18.64383
18.67513
18.70643
18.73773
18.76903
18.80033
18.83163
18.86293
18.89424
18.92554
18.95685
18.98815
19.01946
19.05077
19.08208
19.11339
19.14470
19.17602
19.20733
19.23865
19.26996
19.30128
19.33260
19.36391
19.39523
19.42655
19.45788
19.48920
19.52052
19.55185
19.58317
19.61450
19.64582
19.67715
19.70848
19.73981
19.77114
19.80247
19.83381
19.86514
19.89648
19.92781
19.95915
19.99049
20.02183
20.05317
20.08451
20.11585
20.14719
20.17853
20.20988
20.24122
20.27257
20.30392
20.33527
20.36662
20.39797
20.42932
20.46067
20.49202
20.52338
20.55473
20.58609
20.61745
20.64880
20.68016
20.71152
20.74288
20.77425
20.80561
20.83697
20.86834
20.89970
20.93107
20.96244
20.99381
21.02518
21.05655
21.08792
21.11929
21.15066
21.18204
21.21341
21.24479
21.27617
21.30754
21.33892
21.37030
21.40169
21.43307
21.46445
21.49583
21.52722
21.55861
21.58999
21.62138
21.65277
21.68416
21.71555
21.74694
21.77833
21.80973
21.84112
21.87252
21.90392
21.93531
21.96671
21.99811
22.02951
22.06091
22.09231
22.12372
22.15512
22.18653
22.21793
22.24934
22.28075
22.31216
22.34357
22.37498
22.40639
22.43780
22.46922
22.50063
22.53205
22.56347
22.59488
22.62630
22.65772
22.68914
22.72057
22.75199
22.78341
22.81484
22.84626
22.87769
22.90912
22.94054
22.97197
23.00340
23.03484
23.06627
23.09770
23.12913
23.16057
23.19201
23.22344
23.25488
23.28632
23.31776
23.34920
23.38064
23.41209
23.44353
23.47498
23.50642
23.53787
23.56932
23.60076
23.63221
23.66366
23.69512
23.72657
23.75802
23.78948
23.82093
23.85239
23.88385
23.91530
23.94676
23.97822
24.00969
24.04115
24.07261
24.10408
24.13554
24.16701
24.19847
24.22994
24.26141
24.29288
24.32435
24.35582
24.38730
24.41877
24.45025
24.48172
24.51320
24.54468
24.57615
24.60763
24.63911
24.67060
24.70208
24.73356
24.76505
24.79653
24.82802
24.85951
24.89099
24.92248
24.95397
24.98547
25.01696
25.04845
25.07994
25.11144
25.14294
25.17443
25.20593
25.23743
25.26893
25.30043
25.33193
25.36344
25.39494
25.42644
25.45795
25.48946
25.52097
25.55247
25.58398
25.61549
25.64701
25.67852
25.71003
25.74155
25.77306
25.80458
25.83610
25.86761
25.89913
25.93065
25.96217
25.99370
26.02522
26.05674
26.08827
26.11980
26.15132
26.18285
26.21438
26.24591
26.27744
26.30897
26.34051
26.37204
26.40357
26.43511
26.46665
26.49818
26.52972
26.56126
26.59280
26.62435
26.65589
26.68743
26.71898
26.75052
26.78207
26.81362
26.84516
26.87671
26.90826
26.93981
26.97137
27.00292
27.03447
27.06603
27.09759
27.12914
27.16070
27.19226
27.22382
27.25538
27.28694
27.31851
27.35007
27.38164
27.41320
27.44477
27.47634
27.50790
27.53947
27.57104
27.60262
27.63419
27.66576
27.69734
27.72891
27.76049
27.79207
27.82365
27.85522
27.88681
27.91839
27.94997
27.98155
28.01314
28.04472
28.07631
28.10790
28.13948
28.17107
28.20266
28.23425
28.26585
28.29744
28.32903
28.36063
28.39222
28.42382
28.45542
28.48702
28.51862
28.55022
28.58182
28.61342
28.64503
28.67663
28.70824
28.73984
28.77145
28.80306
28.83467
28.86628
28.89789
28.92950
28.96112
28.99273
29.02435
29.05596
29.08758
29.11920
29.15082
29.18244
29.21406
29.24568
29.27730
29.30893
29.34055
29.37218
29.40381
29.43543
29.46706
29.49869
29.53032
29.56196
29.59359
29.62522
29.65686
29.68849
29.72013
29.75177
29.78341
29.81505
29.84669
29.87833
29.90997
29.94161
29.97326
30.00490
30.03655
30.06820
30.09985
30.13150
30.16315
30.19480
30.22645
30.25810
30.28976
30.32141
30.35307
30.38473
30.41638
30.44804
30.47970
30.51136
30.54303
30.57469
30.60635
30.63802
30.66968
30.70135
30.73302
30.76469
30.79636
30.82803
30.85970
30.89137
30.92305
30.95472
30.98640
31.01807
31.04975
31.08143
31.11311
31.14479
31.17647
31.20815
31.23984
31.27152
31.30321
31.33489
31.36658
31.39827
31.42996
31.46165
31.49334
31.52503
31.55672
31.58842
31.62011
31.65181
31.68351
31.71521
31.74690
31.77860
31.81031
31.84201
31.87371
31.90541
31.93712
31.96882
32.00053
32.03224
32.06395
32.09566
32.12737
32.15908
32.19079
32.22251
32.25422
32.28594
32.31765
32.34937
32.38109
32.41281
32.44453
32.47625
32.50797
32.53970
32.57142
32.60315
32.63487
32.66660
32.69833
32.73006
32.76179
32.79352
32.82525
32.85698
32.88872
32.92045
32.95219
32.98393
33.01566
33.04740
33.07914
33.11088
33.14263
33.17437
33.20611
33.23786
33.26960
33.30135
33.33310
33.36485
33.39660
33.42835
33.46010
33.49185
33.52360
33.55536
33.58711
33.61887
33.65063
33.68239
33.71415
33.74591
33.77767
33.80943
33.84119
33.87296
33.90472
33.93649
33.96826
34.00002
34.03179
34.06356
34.09534
34.12711
34.15888
34.19065
34.22243
34.25421
34.28598
34.31776
34.34954
34.38132
34.41310
34.44488
34.47667
34.50845
34.54023
34.57202
34.60381
34.63559
34.66738
34.69917
34.73096
34.76276
34.79455
34.82634
34.85814
34.88993
34.92173
34.95353
34.98532
35.01712
35.04892
35.08073
35.11253
35.14433
35.17614
35.20794
35.23975
35.27155
35.30336
35.33517
35.36698
35.39879
35.43061
35.46242
35.49423
35.52605
35.55786
35.58968
35.62150
35.65332
35.68514
35.71696
35.74878
35.78060
35.81243
35.84425
35.87608
35.90791
35.93973
35.97156
36.00339
36.03522
36.06705
36.09889
36.13072
36.16256
36.19439
36.22623
36.25807
36.28990
36.32174
36.35358
36.38543
36.41727
36.44911
36.48096
36.51280
36.54465
36.57650
36.60834
36.64019
36.67204
36.70389
36.73575
36.76760
36.79945
36.83131
36.86317
36.89502
36.92688
36.95874
36.99060
37.02246
37.05432
37.08619
37.11805
37.14992
37.18178
37.21365
37.24552
37.27739
37.30926
37.34113
37.37300
37.40487
37.43674
37.46862
37.50050
37.53237
37.56425
37.59613
37.62801
37.65989
37.69177
37.72365
37.75554
37.78742
37.81931
37.85119
37.88308
37.91497
37.94686
37.97875
38.01064
38.04253
38.07443
38.10632
38.13822
38.17011
38.20201
38.23391
38.26581
38.29771
38.32961
38.36151
38.39341
38.42532
38.45722
38.48913
38.52104
38.55295
38.58485
38.61676
38.64868
38.68059
38.71250
38.74441
38.77633
38.80825
38.84016
38.87208
38.90400
38.93592
38.96784
38.99976
39.03168
39.06361
39.09553
39.12746
39.15939
39.19131
39.22324
39.25517
39.28710
39.31903
39.35097
39.38290
39.41484
39.44677
39.47871
39.51064
39.54258
39.57452
39.60646
39.63840
39.67035
39.70229
39.73424
39.76618
39.79813
39.83007
39.86202
39.89397
39.92592
39.95787
39.98983
40.02178
40.05373
40.08569
40.11764
40.14960
40.18156
40.21352
40.24548
40.27744
40.30940
40.34137
40.37333
40.40529
40.43726
40.46923
40.50120
40.53316
40.56513
40.59711
40.62908
40.66105
40.69302
40.72500
40.75697
40.78895
40.82093
40.85291
40.88489
40.91687
40.94885
40.98083
41.01282
41.04480
41.07679
41.10877
41.14076
41.17275
41.20474
41.23673
41.26872
41.30071
41.33271
41.36470
41.39670
41.42869
41.46069
41.49269
41.52469
41.55669
41.58869
41.62069
41.65270
41.68470
41.71671
41.74871
41.78072
41.81273
41.84474
41.87675
41.90876
41.94077
41.97278
42.00480
42.03681
42.06883
42.10085
42.13286
42.16488
42.19690
42.22892
42.26095
42.29297
42.32499
42.35702
42.38905
42.42107
42.45310
42.48513
42.51716
42.54919
42.58122
42.61325
42.64529
42.67732
42.70936
42.74140
42.77343
42.80547
42.83751
42.86955
42.90159
42.93364
42.96568
42.99773
43.02977
43.06182
43.09387
43.12591
43.15796
43.19001
43.22207
43.25412
43.28617
43.31823
43.35028
43.38234
43.41440
43.44645
43.47851
43.51057
43.54264
43.57470
43.60676
43.63883
43.67089
43.70296
43.73502
43.76709
43.79916
43.83123
43.86330
43.89538
43.92745
43.95952
43.99160
44.02367
44.05575
44.08783
44.11991
44.15199
44.18407
44.21615
44.24824
44.28032
44.31241
44.34449
44.37658
44.40867
44.44076
44.47285
44.50494
44.53703
44.56912
44.60121
44.63331
44.66541
44.69750
44.72960
44.76170
44.79380
44.82590
44.85800
44.89010
44.92221
44.95431
44.98642
45.01853
45.05063
45.08274
45.11485
45.14696
45.17907
45.21119
45.24330
45.27542
45.30753
45.33965
45.37177
45.40388
45.43600
45.46812
45.50025
45.53237
45.56449
45.59662
45.62874
45.66087
45.69300
45.72512
45.75725
45.78938
45.82152
45.85365
45.88578
45.91792
45.95005
45.98219
46.01432
46.04646
46.07860
46.11074
46.14288
46.17503
46.20717
46.23931
46.27146
46.30361
46.33575
46.36790
46.40005
46.43220
46.46435
46.49650
46.52866
46.56081
46.59297
46.62512
46.65728
46.68944
46.72160
46.75376
46.78592
46.81808
46.85024
46.88241
46.91457
46.94674
46.97890
47.01107
47.04324
47.07541
47.10758
47.13975
47.17193
47.20410
47.23628
47.26845
47.30063
47.33281
47.36499
47.39717
47.42935
47.46153
47.49371
47.52589
47.55808
47.59027
47.62245
47.65464
47.68683
47.71902
47.75121
47.78340
47.81559
47.84779
47.87998
47.91218
47.94437
47.97657
48.00877
48.04097
48.07317
48.10537
48.13757
48.16978
48.20198
48.23419
48.26639
48.29860
48.33081
48.36302
48.39523
48.42744
48.45965
48.49187
48.52408
48.55630
48.58851
48.62073
48.65295
48.68517
48.71739
48.74961
48.78183
48.81406
48.84628
48.87851
48.91073
48.94296
48.97519
49.00742
49.03965
49.07188
49.10411
49.13635
49.16858
49.20082
49.23305
49.26529
49.29753
49.32977
49.36201
49.39425
49.42649
49.45873
49.49098
49.52322
49.55547
49.58772
49.61996
49.65221
49.68446
49.71671
49.74897
49.78122
49.81347
49.84573
49.87798
49.91024
49.94250
49.97476
50.00702
50.03928
50.07154
50.10380
50.13607
50.16833
50.20060
50.23287
50.26513
50.29740
50.32967
50.36194
50.39422
50.42649
50.45876
50.49104
50.52331
50.55559
50.58787
50.62015
50.65243
50.68471
50.71699
50.74927
50.78156
50.81384
50.84613
50.87841
50.91070
50.94299
50.97528
51.00757
51.03986
51.07216
51.10445
51.13674
51.16904
51.20134
51.23363
51.26593
51.29823
51.33053
51.36283
51.39514
51.42744
51.45975
51.49205
51.52436
51.55667
51.58897
51.62128
51.65359
51.68591
51.71822
51.75053
51.78285
51.81516
51.84748
51.87980
51.91212
51.94443
51.97676
52.00908
52.04140
52.07372
52.10605
52.13837
52.17070
52.20303
52.23536
52.26768
52.30002
52.33235
52.36468
52.39701
52.42935
52.46168
52.49402
52.52636
52.55869
52.59103
52.62337
52.65572
52.68806
52.72040
52.75275
52.78509
52.81744
52.84979
52.88213
52.91448
52.94683
52.97918
53.01154
53.04389
53.07624
53.10860
53.14096
53.17331
53.20567
53.23803
53.27039
53.30275
53.33511
53.36748
53.39984
53.43221
53.46457
53.49694
53.52931
53.56168
53.59405
53.62642
53.65879
53.69117
53.72354
53.75591
53.78829
53.82067
53.85305
53.88543
53.91781
53.95019
53.98257
54.01495
54.04734
54.07972
54.11211
54.14449
54.17688
54.20927
54.24166
54.27405
54.30645
54.33884
54.37123
54.40363
54.43602
54.46842
54.50082
54.53322
54.56562
54.59802
54.63042
54.66282
54.69523
54.72763
54.76004
54.79245
54.82485
54.85726
54.88967
54.92208
54.95450
54.98691
55.01932
55.05174
55.08415
55.11657
55.14899
55.18141
55.21383
55.24625
55.27867
55.31109
55.34352
55.37594
55.40837
55.44080
55.47322
55.50565
55.53808
55.57051
55.60295
55.63538
55.66781
55.70025
55.73268
55.76512
55.79756
55.83000
55.86244
55.89488
55.92732
55.95976
55.99221
56.02465
56.05710
56.08955
56.12199
56.15444
56.18689
56.21934
56.25179
56.28425
56.31670
56.34916
56.38161
56.41407
56.44653
56.47899
56.51145
56.54391
56.57637
56.60883
56.64130
56.67376
56.70623
56.73869
56.77116
56.80363
56.83610
56.86857
56.90104
56.93351
56.96599
56.99846
57.03094
57.06342
57.09589
57.12837
57.16085
57.19333
57.22582
57.25830
57.29078
57.32327
57.35575
57.38824
57.42073
57.45322
57.48571
57.51820
57.55069
57.58318
57.61567
57.64817
57.68067
57.71316
57.74566
57.77816
57.81066
57.84316
57.87566
57.90816
57.94067
57.97317
58.00568
58.03818
58.07069
58.10320
58.13571
58.16822
58.20073
58.23325
58.26576
58.29828
58.33079
58.36331
58.39583
58.42834
58.46086
58.49338
58.52591
58.55843
58.59095
58.62348
58.65600
58.68853
58.72106
58.75359
58.78612
58.81865
58.85118
58.88371
58.91625
58.94878
58.98132
59.01385
59.04639
59.07893
59.11147
59.14401
59.17655
59.20909
59.24164
59.27418
59.30673
59.33927
59.37182
59.40437
59.43692
59.46947
59.50202
59.53458
59.56713
59.59968
59.63224
59.66480
59.69736
59.72991
59.76247
59.79503
59.82760
59.86016
59.89272
59.92529
59.95785
59.99042
60.02299
60.05556
60.08813
60.12070
60.15327
60.18584
60.21842
60.25099
60.28357
60.31614
60.34872
60.38130
60.41388
60.44646
60.47904
60.51162
60.54421
60.57679
60.60938
60.64196
60.67455
60.70714
60.73973
60.77232
60.80491
60.83751
60.87010
60.90270
60.93529
60.96789
61.00049
61.03308
61.06568
61.09828
61.13089
61.16349
61.19609
61.22870
61.26130
61.29391
61.32652
61.35913
61.39174
61.42435
61.45696
61.48957
61.52219
61.55480
61.58742
61.62003
61.65265
61.68527
61.71789
61.75051
61.78313
61.81576
61.84838
61.88100
61.91363
61.94626
61.97888
62.01151
62.04414
62.07677
62.10941
62.14204
62.17467
62.20731
62.23994
62.27258
62.30522
62.33786
62.37050
62.40314
62.43578
62.46842
62.50107
62.53371
62.56636
62.59900
62.63165
62.66430
62.69695
62.72960
62.76225
62.79491
62.82756
62.86022
62.89287
62.92553
62.95819
62.99085
63.02351
63.05617
63.08883
63.12149
63.15415
63.18682
63.21949
63.25215
63.28482
63.31749
63.35016
63.38283
63.41550
63.44818
63.48085
63.51352
63.54620
63.57888
63.61156
63.64423
63.67691
63.70960
63.74228
63.77496
63.80764
63.84033
63.87302
63.90570
63.93839
63.97108
64.00377
64.03646
64.06915
64.10185
64.13454
64.16724
64.19993
64.23263
64.26533
64.29803
64.33073
64.36343
64.39613
64.42883
64.46154
64.49424
64.52695
64.55965
64.59236
64.62507
64.65778
64.69049
64.72321
64.75592
64.78863
64.82135
64.85406
64.88678
64.91950
64.95222
64.98494
65.01766
65.05038
65.08311
65.11583
65.14855
65.18128
65.21401
65.24674
65.27947
65.31220
65.34493
65.37766
65.41039
65.44313
65.47586
65.50860
65.54134
65.57407
65.60681
65.63955
65.67230
65.70504
65.73778
65.77053
65.80327
65.83602
65.86876
65.90151
65.93426
65.96701
65.99976
66.03252
66.06527
66.09802
66.13078
66.16354
66.19629
66.22905
66.26181
66.29457
66.32733
66.36010
66.39286
66.42562
66.45839
66.49115
66.52392
66.55669
66.58946
66.62223
66.65500
66.68777
66.72055
66.75332
66.78610
66.81888
66.85165
66.88443
66.91721
66.94999
66.98277
67.01556
67.04834
67.08112
67.11391
67.14670
67.17948
67.21227
67.24506
67.27785
67.31064
67.34344
67.37623
67.40903
67.44182
67.47462
67.50742
67.54021
67.57301
67.60581
67.63862
67.67142
67.70422
67.73703
67.76983
67.80264
67.83545
67.86826
67.90107
67.93388
67.96669
67.99950
68.03232
68.06513
68.09795
68.13076
68.16358
68.19640
68.22922
68.26204
68.29486
68.32769
68.36051
68.39333
68.42616
68.45899
68.49181
68.52464
68.55747
68.59030
68.62314
68.65597
68.68880
68.72164
68.75447
68.78731
68.82015
68.85299
68.88583
68.91867
68.95151
68.98436
69.01720
69.05004
69.08289
69.11574
69.14859
69.18143
69.21428
69.24714
69.27999
69.31284
69.34570
69.37855
69.41141
69.44426
69.47712
69.50998
69.54284
69.57570
69.60857
69.64143
69.67429
69.70716
69.74002
69.77289
69.80576
69.83863
69.87150
69.90437
69.93724
69.97012
70.00299
70.03587
70.06874
70.10162
70.13450
70.16738
70.20026
70.23314
70.26602
70.29891
70.33179
70.36468
70.39756
70.43045
70.46334
70.49623
70.52912
70.56201
70.59490
70.62780
70.66069
70.69359
70.72648
70.75938
70.79228
70.82518
70.85808
70.89098
70.92388
70.95679
70.98969
71.02260
71.05550
71.08841
71.12132
71.15423
71.18714
71.22005
71.25297
71.28588
71.31879
71.35171
71.38463
71.41754
71.45046
71.48338
71.51630
71.54923
71.58215
71.61507
71.64800
71.68092
71.71385
71.74678
71.77971
71.81264
71.84557
71.87850
71.91143
71.94437
71.97730
72.01024
72.04318
72.07611
72.10905
72.14199
72.17493
72.20788
72.24082
72.27376
72.30671
72.33965
72.37260
72.40555
72.43850
72.47145
72.50440
72.53735
72.57031
72.60326
72.63622
72.66917
72.70213
72.73509
72.76805
72.80101
72.83397
72.86693
72.89989
72.93286
72.96582
72.99879
73.03176
73.06473
73.09770
73.13067
73.16364
73.19661
73.22958
73.26256
73.29553
73.32851
73.36149
73.39447
73.42745
73.46043
73.49341
73.52639
73.55937
73.59236
73.62534
73.65833
73.69132
73.72431
73.75730
73.79029
73.82328
73.85627
73.88927
73.92226
73.95526
73.98825
74.02125
74.05425
74.08725
74.12025
74.15325
74.18626
74.21926
74.25227
74.28527
74.31828
74.35129
74.38429
74.41730
74.45032
74.48333
74.51634
74.54936
74.58237
74.61539
74.64840
74.68142
74.71444
74.74746
74.78048
74.81350
74.84653
74.87955
74.91258
74.94560
74.97863
75.01166
75.04469
75.07772
75.11075
75.14378
75.17681
75.20985
75.24288
75.27592
75.30896
75.34200
75.37504
75.40808
75.44112
75.47416
75.50720
75.54025
75.57329
75.60634
75.63939
75.67244
75.70549
75.73854
75.77159
75.80464
75.83769
75.87075
75.90380
75.93686
75.96992
76.00298
76.03604
76.06910
76.10216
76.13522
76.16829
76.20135
76.23442
76.26748
76.30055
76.33362
76.36669
76.39976
76.43283
76.46591
76.49898
76.53206
76.56513
76.59821
76.63129
76.66437
76.69745
76.73053
76.76361
76.79669
76.82978
76.86286
76.89595
76.92903
76.96212
76.99521
77.02830
77.06139
77.09449
77.12758
77.16067
77.19377
77.22686
77.25996
77.29306
77.32616
77.35926
77.39236
77.42546
77.45857
77.49167
77.52478
77.55788
77.59099
77.62410
77.65721
77.69032
77.72343
77.75654
77.78966
77.82277
77.85589
77.88900
77.92212
77.95524
77.98836
78.02148
78.05460
78.08773
78.12085
78.15397
78.18710
78.22023
78.25335
78.28648
78.31961
78.35274
78.38588
78.41901
78.45214
78.48528
78.51841
78.55155
78.58469
78.61783
78.65097
78.68411
78.71725
78.75039
78.78354
78.81668
78.84983
78.88298
78.91613
78.94928
78.98243
79.01558
79.04873
79.08188
79.11504
79.14819
79.18135
79.21451
79.24766
79.28082
79.31398
79.34715
79.38031
79.41347
79.44664
79.47980
79.51297
79.54614
79.57930
79.61247
79.64564
79.67882
79.71199
79.74516
79.77834
79.81151
79.84469
79.87787
79.91105
79.94423
79.97741
80.01059
80.04377
80.07696
80.11014
80.14333
80.17651
80.20970
80.24289
80.27608
80.30927
80.34246
80.37566
80.40885
80.44205
80.47524
80.50844
80.54164
80.57484
80.60804
80.64124
80.67444
80.70764
80.74085
80.77405
80.80726
80.84047
80.87367
80.90688
80.94009
80.97331
81.00652
81.03973
81.07295
81.10616
81.13938
81.17260
81.20581
81.23903
81.27225
81.30548
81.33870
81.37192
81.40515
81.43837
81.47160
81.50483
81.53806
81.57129
81.60452
81.63775
81.67098
81.70421
81.73745
81.77069
81.80392
81.83716
81.87040
81.90364
81.93688
81.97012
82.00337
82.03661
82.06985
82.10310
82.13635
82.16960
82.20285
82.23610
82.26935
82.30260
82.33585
82.36911
82.40236
82.43562
82.46888
82.50213
82.53539
82.56865
82.60192
82.63518
82.66844
82.70171
82.73497
82.76824
82.80151
82.83477
82.86804
82.90131
82.93459
82.96786
83.00113
83.03441
83.06768
83.10096
83.13424
83.16752
83.20080
83.23408
83.26736
83.30064
83.33393
83.36721
83.40050
83.43378
83.46707
83.50036
83.53365
83.56694
83.60023
83.63353
83.66682
83.70012
83.73341
83.76671
83.80001
83.83331
83.86661
83.89991
83.93321
83.96652
83.99982
84.03313
84.06643
84.09974
84.13305
84.16636
84.19967
84.23298
84.26629
84.29961
84.33292
84.36624
84.39955
84.43287
84.46619
84.49951
84.53283
84.56615
84.59947
84.63280
84.66612
84.69945
84.73278
84.76610
84.79943
84.83276
84.86609
84.89943
84.93276
84.96609
84.99943
85.03276
85.06610
85.09944
85.13278
85.16612
85.19946
85.23280
85.26615
85.29949
85.33284
85.36618
85.39953
85.43288
85.46623
85.49958
85.53293
85.56628
85.59964
85.63299
85.66635
85.69970
85.73306
85.76642
85.79978
85.83314
85.86650
85.89986
85.93323
85.96659
85.99996
86.03332
86.06669
86.10006
86.13343
86.16680
86.20017
86.23355
86.26692
86.30030
86.33367
86.36705
86.40043
86.43381
86.46719
86.50057
86.53395
86.56733
86.60072
86.63410
86.66749
86.70088
86.73427
86.76766
86.80105
86.83444
86.86783
86.90122
86.93462
86.96801
87.00141
87.03481
87.06821
87.10161
87.13501
87.16841
87.20181
87.23522
87.26862
87.30203
87.33543
87.36884
87.40225
87.43566
87.46907
87.50248
87.53590
87.56931
87.60272
87.63614
87.66956
87.70298
87.73640
87.76982
87.80324
87.83666
87.87008
87.90351
87.93693
87.97036
88.00379
88.03721
88.07064
88.10407
88.13751
88.17094
88.20437
88.23781
88.27124
88.30468
88.33812
88.37156
88.40500
88.43844
88.47188
88.50532
88.53876
88.57221
88.60566
88.63910
88.67255
88.70600
88.73945
88.77290
88.80635
88.83981
88.87326
88.90671
88.94017
88.97363
89.00709
89.04055
89.07401
89.10747
89.14093
89.17439
89.20786
89.24132
89.27479
89.30826
89.34173
89.37519
89.40867
89.44214
89.47561
89.50908
89.54256
89.57603
89.60951
89.64299
89.67647
89.70995
89.74343
89.77691
89.81039
89.84388
89.87736
89.91085
89.94433
89.97782
90.01131
90.04480
90.07829
90.11179
90.14528
90.17877
90.21227
90.24576
90.27926
90.31276
90.34626
90.37976
90.41326
90.44676
90.48027
90.51377
90.54728
90.58078
90.61429
90.64780
90.68131
90.71482
90.74833
90.78185
90.81536
90.84887
90.88239
90.91591
90.94942
90.98294
91.01646
91.04998
91.08351
91.11703
91.15055
91.18408
91.21761
91.25113
91.28466
91.31819
91.35172
91.38525
91.41878
91.45232
91.48585
91.51939
91.55292
91.58646
91.62000
91.65354
91.68708
91.72062
91.75416
91.78771
91.82125
91.85480
91.88834
91.92189
91.95544
91.98899
92.02254
92.05609
92.08965
92.12320
92.15676
92.19031
92.22387
92.25743
92.29099
92.32455
92.35811
92.39167
92.42523
92.45880
92.49236
92.52593
92.55950
92.59306
92.62663
92.66020
92.69378
92.72735
92.76092
92.79450
92.82807
92.86165
92.89523
92.92881
92.96239
92.99597
93.02955
93.06313
93.09672
93.13030
93.16389
93.19747
93.23106
93.26465
93.29824
93.33183
93.36542
93.39902
93.43261
93.46621
93.49980
93.53340
93.56700
93.60060
93.63420
93.66780
93.70140
93.73501
93.76861
93.80222
93.83582
93.86943
93.90304
93.93665
93.97026
94.00387
94.03748
94.07110
94.10471
94.13833
94.17194
94.20556
94.23918
94.27280
94.30642
94.34004
94.37367
94.40729
94.44092
94.47454
94.50817
94.54180
94.57543
94.60906
94.64269
94.67632
94.70996
94.74359
94.77723
94.81086
94.84450
94.87814
94.91178
94.94542
94.97906
95.01270
95.04635
95.07999
95.11364
95.14728
95.18093
95.21458
95.24823
95.28188
95.31553
95.34919
95.38284
95.41650
95.45015
95.48381
95.51747
95.55113
95.58479
95.61845
95.65211
95.68578
95.71944
95.75311
95.78677
95.82044
95.85411
95.88778
95.92145
95.95512
95.98879
96.02247
96.05614
96.08982
96.12349
96.15717
96.19085
96.22453
96.25821
96.29189
96.32558
96.35926
96.39295
96.42663
96.46032
96.49401
96.52770
96.56139
96.59508
96.62877
96.66247
96.69616
96.72986
96.76355
96.79725
96.83095
96.86465
96.89835
96.93205
96.96575
96.99946
97.03316
97.06687
97.10057
97.13428
97.16799
97.20170
97.23541
97.26912
97.30284
97.33655
97.37027
97.40398
97.43770
97.47142
97.50514
97.53886
97.57258
97.60630
97.64003
97.67375
97.70748
97.74120
97.77493
97.80866
97.84239
97.87612
97.90985
97.94358
97.97732
98.01105
98.04479
98.07853
98.11226
98.14600
98.17974
98.21348
98.24723
98.28097
98.31471
98.34846
98.38220
98.41595
98.44970
98.48345
98.51720
98.55095
98.58470
98.61846
98.65221
98.68597
98.71972
98.75348
98.78724
98.82100
98.85476
98.88852
98.92229
98.95605
98.98982
99.02358
99.05735
99.09112
99.12489
99.15866
99.19243
99.22620
99.25997
99.29375
99.32752
99.36130
99.39508
99.42885
99.46263
99.49641
99.53020
99.56398
99.59776
99.63155
99.66533
99.69912
99.73291
99.76670
99.80049
99.83428
99.86807
99.90186
99.93566
99.96945
100.00325
100.03704
100.07084
100.10464
100.13844
100.17224
100.20604
100.23985
100.27365
100.30746
100.34126
100.37507
100.40888
100.44269
100.47650
100.51031
100.54412
100.57794
100.61175
100.64557
100.67939
100.71320
100.74702
100.78084
100.81466
100.84849
100.88231
100.91613
100.94996
100.98378
101.01761
101.05144
101.08527
101.11910
101.15293
101.18676
101.22060
101.25443
101.28827
101.32210
101.35594
101.38978
101.42362
101.45746
101.49130
101.52515
101.55899
101.59283
101.62668
101.66053
101.69438
101.72822
101.76207
101.79593
101.82978
101.86363
101.89749
101.93134
101.96520
101.99905
102.03291
102.06677
102.10063
102.13449
102.16836
102.20222
102.23609
102.26995
102.30382
102.33769
102.37155
102.40542
102.43930
102.47317
102.50704
102.54091
102.57479
102.60867
102.64254
102.67642
102.71030
102.74418
102.77806
102.81194
102.84583
102.87971
102.91360
102.94748
102.98137
103.01526
103.04915
103.08304
103.11693
103.15083
103.18472
103.21861
103.25251
103.28641
103.32030
103.35420
103.38810
103.42201
103.45591
103.48981
103.52371
103.55762
103.59153
103.62543
103.65934
103.69325
103.72716
103.76107
103.79499
103.82890
103.86281
103.89673
103.93065
103.96456
103.99848
104.03240
104.06632
104.10025
104.13417
104.16809
104.20202
104.23594
104.26987
104.30380
104.33773
104.37166
104.40559
104.43952
104.47346
104.50739
104.54133
104.57526
104.60920
104.64314
104.67708
104.71102
104.74496
104.77890
104.81285
104.84679
104.88074
104.91469
104.94863
104.98258
105.01653
105.05048
105.08444
105.11839
105.15234
105.18630
105.22026
105.25421
105.28817
105.32213
105.35609
105.39005
105.42402
105.45798
105.49194
105.52591
105.55988
105.59385
105.62781
105.66178
105.69575
105.72973
105.76370
105.79767
105.83165
105.86563
105.89960
105.93358
105.96756
106.00154
106.03552
106.06950
106.10349
106.13747
106.17146
106.20544
106.23943
106.27342
106.30741
106.34140
106.37539
106.40939
106.44338
106.47738
106.51137
106.54537
106.57937
106.61337
106.64737
106.68137
106.71537
106.74937
106.78338
106.81738
106.85139
106.88540
106.91941
106.95342
106.98743
107.02144
107.05545
107.08946
107.12348
107.15749
107.19151
107.22553
107.25955
107.29357
107.32759
107.36161
107.39564
107.42966
107.46368
107.49771
107.53174
107.56577
107.59980
107.63383
107.66786
107.70189
107.73592
107.76996
107.80400
107.83803
107.87207
107.90611
107.94015
107.97419
108.00823
108.04227
108.07632
108.11036
108.14441
108.17846
108.21251
108.24656
108.28061
108.31466
108.34871
108.38276
108.41682
108.45087
108.48493
108.51899
108.55305
108.58711
108.62117
108.65523
108.68929
108.72336
108.75742
108.79149
108.82555
108.85962
108.89369
108.92776
108.96183
108.99591
109.02998
109.06405
109.09813
109.13221
109.16628
109.20036
109.23444
109.26852
109.30260
109.33669
109.37077
109.40486
109.43894
109.47303
109.50712
109.54121
109.57530
109.60939
109.64348
109.67757
109.71167
109.74576
109.77986
109.81396
109.84806
109.88215
109.91626
109.95036
109.98446
110.01856
110.05267
110.08677
110.12088
110.15499
110.18910
110.22321
110.25732
110.29143
110.32555
110.35966
110.39377
110.42789
110.46201
110.49613
110.53025
110.56437
110.59849
110.63261
110.66674
110.70086
110.73499
110.76911
110.80324
110.83737
110.87150
110.90563
110.93976
110.97390
111.00803
111.04217
111.07630
111.11044
111.14458
111.17872
111.21286
111.24700
111.28114
111.31528
111.34943
111.38358
111.41772
111.45187
111.48602
111.52017
111.55432
111.58847
111.62262
111.65678
111.69093
111.72509
111.75925
111.79341
111.82757
111.86173
111.89589
111.93005
111.96421
111.99838
112.03254
112.06671
112.10088
112.13505
112.16922
112.20339
112.23756
112.27173
112.30591
112.34008
112.37426
112.40844
112.44261
112.47679
112.51097
112.54515
112.57934
112.61352
112.64771
112.68189
112.71608
112.75027
112.78445
112.81864
112.85283
112.88703
112.92122
112.95541
112.98961
113.02380
113.05800
113.09220
113.12640
113.16060
113.19480
113.22900
113.26321
113.29741
113.33162
113.36582
113.40003
113.43424
113.46845
113.50266
113.53687
113.57109
113.60530
113.63951
113.67373
113.70795
113.74217
113.77639
113.81061
113.84483
113.87905
113.91327
113.94750
113.98172
114.01595
114.05018
114.08441
114.11864
114.15287
114.18710
114.22133
114.25557
114.28980
114.32404
114.35827
114.39251
114.42675
114.46099
114.49523
114.52947
114.56372
114.59796
114.63221
114.66646
114.70070
114.73495
114.76920
114.80345
114.83770
114.87196
114.90621
114.94047
114.97472
115.00898
115.04324
115.07750
115.11176
115.14602
115.18028
115.21454
115.24881
115.28307
115.31734
115.35161
115.38588
115.42015
115.45442
115.48869
115.52296
115.55724
115.59151
115.62579
115.66006
115.69434
115.72862
115.76290
115.79718
115.83147
115.86575
115.90003
115.93432
115.96861
116.00289
116.03718
116.07147
116.10576
116.14005
116.17435
116.20864
116.24294
116.27723
116.31153
116.34583
116.38013
116.41443
116.44873
116.48303
116.51733
116.55164
116.58594
116.62025
116.65456
116.68887
116.72318
116.75749
116.79180
116.82611
116.86043
116.89474
116.92906
116.96338
116.99769
117.03201
117.06633
117.10065
117.13498
117.16930
117.20362
117.23795
117.27228
117.30660
117.34093
117.37526
117.40959
117.44393
117.47826
117.51259
117.54693
117.58126
117.61560
117.64994
117.68428
117.71862
117.75296
117.78730
117.82165
117.85599
117.89034
117.92468
117.95903
117.99338
118.02773
118.06208
118.09643
118.13079
118.16514
118.19950
118.23385
118.26821
118.30257
118.33693
118.37129
118.40565
118.44001
118.47437
118.50874
118.54311
118.57747
118.61184
118.64621
118.68058
118.71495
118.74932
118.78369
118.81807
118.85244
118.88682
118.92120
118.95558
118.98996
119.02434
119.05872
119.09310
119.12748
119.16187
119.19625
119.23064
119.26503
119.29942
119.33381
119.36820
119.40259
119.43698
119.47138
119.50577
119.54017
119.57457
119.60897
119.64337
119.67777
119.71217
119.74657
119.78097
119.81538
119.84978
119.88419
119.91860
119.95301
119.98742
120.02183
120.05624
120.09065
120.12507
120.15948
120.19390
120.22832
120.26274
120.29716
120.33158
120.36600
120.40042
120.43485
120.46927
120.50370
120.53812
120.57255
120.60698
120.64141
120.67584
120.71027
120.74471
120.77914
120.81358
120.84801
120.88245
120.91689
120.95133
120.98577
121.02021
121.05466
121.08910
121.12354
121.15799
121.19244
121.22689
121.26133
121.29578
121.33024
121.36469
121.39914
121.43360
121.46805
121.50251
121.53697
121.57143
121.60589
121.64035
121.67481
121.70927
121.74373
121.77820
121.81267
121.84713
121.88160
121.91607
121.95054
121.98501
122.01949
122.05396
122.08843
122.12291
122.15739
122.19186
122.22634
122.26082
122.29530
122.32979
122.36427
122.39875
122.43324
122.46772
122.50221
122.53670
122.57119
122.60568
122.64017
122.67466
122.70916
122.74365
122.77815
122.81265
122.84714
122.88164
122.91614
122.95064
122.98515
123.01965
123.05415
123.08866
123.12316
123.15767
123.19218
123.22669
123.26120
123.29571
123.33023
123.36474
123.39925
123.43377
123.46829
123.50281
123.53732
123.57184
123.60637
123.64089
123.67541
123.70994
123.74446
123.77899
123.81352
123.84804
123.88257
123.91710
123.95164
123.98617
124.02070
124.05524
124.08977
124.12431
124.15885
124.19339
124.22793
124.26247
124.29701
124.33156
124.36610
124.40065
124.43519
124.46974
124.50429
124.53884
124.57339
124.60794
124.64250
124.67705
124.71161
124.74616
124.78072
124.81528
124.84984
124.88440
124.91896
124.95352
124.98809
125.02265
125.05722
125.09178
125.12635
125.16092
125.19549
125.23006
125.26463
125.29921
125.33378
125.36836
125.40293
125.43751
125.47209
125.50667
125.54125
125.57583
125.61041
125.64500
125.67958
125.71417
125.74876
125.78334
125.81793
125.85252
125.88712
125.92171
125.95630
125.99090
126.02549
126.06009
126.09469
126.12928
126.16388
126.19849
126.23309
126.26769
126.30229
126.33690
126.37151
126.40611
126.44072
126.47533
126.50994
126.54455
126.57917
126.61378
126.64839
126.68301
126.71763
126.75224
126.78686
126.82148
126.85610
126.89073
126.92535
126.95997
126.99460
127.02923
127.06385
127.09848
127.13311
127.16774
127.20237
127.23701
127.27164
127.30628
127.34091
127.37555
127.41019
127.44483
127.47947
127.51411
127.54875
127.58339
127.61804
127.65268
127.68733
127.72198
127.75663
127.79128
127.82593
127.86058
127.89523
127.92989
127.96454
127.99920
128.03386
128.06851
128.10317
128.13783
128.17250
128.20716
128.24182
128.27649
128.31115
128.34582
128.38049
128.41516
128.44983
128.48450
128.51917
128.55384
128.58852
128.62319
128.65787
128.69255
128.72722
128.76190
128.79659
128.83127
128.86595
128.90063
128.93532
128.97000
129.00469
129.03938
129.07407
129.10876
129.14345
129.17814
129.21284
129.24753
129.28223
129.31692
129.35162
129.38632
129.42102
129.45572
129.49042
129.52513
129.55983
129.59454
129.62924
129.66395
129.69866
129.73337
129.76808
129.80279
129.83750
129.87222
129.90693
129.94165
129.97636
130.01108
130.04580
130.08052
130.11524
130.14996
130.18469
130.21941
130.25414
130.28886
130.32359
130.35832
130.39305
130.42778
130.46251
130.49725
130.53198
130.56672
130.60145
130.63619
130.67093
130.70567
130.74041
130.77515
130.80989
130.84463
130.87938
130.91413
130.94887
130.98362
131.01837
131.05312
131.08787
131.12262
131.15738
131.19213
131.22689
131.26164
131.29640
131.33116
131.36592
131.40068
131.43544
131.47020
131.50497
131.53973
131.57450
131.60927
131.64403
131.67880
131.71357
131.74834
131.78312
131.81789
131.85267
131.88744
131.92222
131.95700
131.99177
132.02655
132.06134
132.09612
132.13090
132.16568
132.20047
132.23526
132.27004
132.30483
132.33962
132.37441
132.40920
132.44400
132.47879
132.51359
132.54838
132.58318
132.61798
132.65278
132.68758
132.72238
132.75718
132.79198
132.82679
132.86159
132.89640
132.93121
132.96602
133.00083
133.03564
133.07045
133.10526
133.14008
133.17489
133.20971
133.24453
133.27934
133.31416
133.34898
133.38381
133.41863
133.45345
133.48828
133.52310
133.55793
133.59276
133.62759
133.66242
133.69725
133.73208
133.76692
133.80175
133.83659
133.87142
133.90626
133.94110
133.97594
134.01078
134.04562
134.08046
134.11531
134.15015
134.18500
134.21985
134.25470
134.28955
134.32440
134.35925
134.39410
134.42895
134.46381
134.49866
134.53352
134.56838
134.60324
134.63810
134.67296
134.70782
134.74269
134.77755
134.81242
134.84728
134.88215
134.91702
134.95189
134.98676
135.02163
135.05650
135.09138
135.12625
135.16113
135.19601
135.23089
135.26577
135.30065
135.33553
135.37041
135.40529
135.44018
135.47507
135.50995
135.54484
135.57973
135.61462
135.64951
135.68440
135.71930
135.75419
135.78909
135.82398
135.85888
135.89378
135.92868
135.96358
135.99848
136.03339
136.06829
136.10319
136.13810
136.17301
136.20792
136.24283
136.27774
136.31265
136.34756
136.38248
136.41739
136.45231
136.48722
136.52214
136.55706
136.59198
136.62690
136.66182
136.69675
136.73167
136.76660
136.80152
136.83645
136.87138
136.90631
136.94124
136.97617
137.01111
137.04604
137.08098
137.11591
137.15085
137.18579
137.22073
137.25567
137.29061
137.32555
137.36050
137.39544
137.43039
137.46533
137.50028
137.53523
137.57018
137.60513
137.64009
137.67504
137.70999
137.74495
137.77991
137.81486
137.84982
137.88478
137.91974
137.95471
137.98967
138.02463
138.05960
138.09457
138.12953
138.16450
138.19947
138.23444
138.26941
138.30439
138.33936
138.37434
138.40931
138.44429
138.47927
138.51425
138.54923
138.58421
138.61919
138.65417
138.68916
138.72414
138.75913
138.79412
138.82911
138.86410
138.89909
138.93408
138.96907
139.00407
139.03906
139.07406
139.10906
139.14406
139.17906
139.21406
139.24906
139.28406
139.31907
139.35407
139.38908
139.42408
139.45909
139.49410
139.52911
139.56412
139.59914
139.63415
139.66917
139.70418
139.73920
139.77422
139.80924
139.84426
139.87928
139.91430
139.94932
139.98435
140.01937
140.05440
140.08943
140.12446
140.15949
140.19452
140.22955
140.26458
140.29962
140.33465
140.36969
140.40472
140.43976
140.47480
140.50984
140.54488
140.57993
140.61497
140.65002
140.68506
140.72011
140.75516
140.79021
140.82526
140.86031
140.89536
140.93041
140.96547
141.00052
141.03558
141.07064
141.10570
141.14076
141.17582
141.21088
141.24594
141.28101
141.31607
141.35114
141.38621
141.42128
141.45635
141.49142
141.52649
141.56156
141.59664
141.63171
141.66679
141.70186
141.73694
141.77202
141.80710
141.84218
141.87727
141.91235
141.94743
141.98252
142.01761
142.05270
142.08778
142.12287
142.15797
142.19306
142.22815
142.26325
142.29834
142.33344
142.36854
142.40363
142.43873
142.47384
142.50894
142.54404
142.57914
142.61425
142.64936
142.68446
142.71957
142.75468
142.78979
142.82490
142.86002
142.89513
142.93025
142.96536
143.00048
143.03560
143.07072
143.10584
143.14096
143.17608
143.21120
143.24633
143.28145
143.31658
143.35171
143.38684
143.42197
143.45710
143.49223
143.52737
143.56250
143.59763
143.63277
143.66791
143.70305
143.73819
143.77333
143.80847
143.84361
143.87876
143.91390
143.94905
143.98420
144.01934
144.05449
144.08964
144.12480
144.15995
144.19510
144.23026
144.26541
144.30057
144.33573
144.37089
144.40605
144.44121
144.47637
144.51154
144.54670
144.58187
144.61703
144.65220
144.68737
144.72254
144.75771
144.79288
144.82806
144.86323
144.89841
144.93358
144.96876
145.00394
145.03912
145.07430
145.10948
145.14466
145.17985
145.21503
145.25022
145.28541
145.32060
145.35579
145.39098
145.42617
145.46136
145.49655
145.53175
145.56694
145.60214
145.63734
145.67254
145.70774
145.74294
145.77814
145.81335
145.84855
145.88376
145.91896
145.95417
145.98938
146.02459
146.05980
146.09501
146.13023
146.16544
146.20066
146.23587
146.27109
146.30631
146.34153
146.37675
146.41197
146.44720
146.48242
146.51764
146.55287
146.58810
146.62333
146.65856
146.69379
146.72902
146.76425
146.79949
146.83472
146.86996
146.90519
146.94043
146.97567
147.01091
147.04615
147.08139
147.11664
147.15188
147.18713
147.22238
147.25762
147.29287
147.32812
147.36337
147.39863
147.43388
147.46913
147.50439
147.53965
147.57490
147.61016
147.64542
147.68068
147.71595
147.75121
147.78647
147.82174
147.85700
147.89227
147.92754
147.96281
147.99808
148.03335
148.06862
148.10390
148.13917
148.17445
148.20973
148.24500
148.28028
148.31556
148.35085
148.38613
148.42141
148.45670
148.49198
148.52727
148.56256
148.59785
148.63314
148.66843
148.70372
148.73901
148.77431
148.80960
148.84490
148.88020
148.91550
148.95080
148.98610
149.02140
149.05670
149.09201
149.12731
149.16262
149.19793
149.23324
149.26855
149.30386
149.33917
149.37448
149.40980
149.44511
149.48043
149.51574
149.55106
149.58638
149.62170
149.65702
149.69235
149.72767
149.76300
149.79832
149.83365
149.86898
149.90431
149.93964
149.97497
150.01030
150.04563
150.08097
150.11630
150.15164
150.18698
150.22232
150.25766
150.29300
150.32834
150.36368
150.39903
150.43437
150.46972
150.50507
150.54042
150.57577
