-153.96496
-153.96473
-153.96346
-153.96029
-153.95444
-153.94521
-153.93200
-153.91431
-153.89175
-153.86404
-153.83101
-153.79257
-153.74871
-153.69950
-153.64508
-153.58562
-153.52133
-153.45246
-153.37926
-153.30201
-153.22097
-153.13642
-153.04861
-152.95782
-152.86428
-152.76822
-152.66986
-152.56940
-152.46705
-152.36296
-152.25730
-152.15023
-152.04186
-151.93234
-151.82177
-151.71025
-151.59788
-151.48474
-151.37090
-151.25644
-151.14142
-151.02589
-150.90991
-150.79351
-150.67675
-150.55965
-150.44225
-150.32459
-150.20668
-150.08855
-149.97023
-149.85173
-149.73307
-149.61427
-149.49534
-149.37629
-149.25714
-149.13790
-149.01857
-148.89916
-148.77969
-148.66016
-148.54057
-148.42093
-148.30125
-148.18152
-148.06177
-147.94198
-147.82216
-147.70231
-147.58245
-147.46256
-147.34266
-147.22274
-147.10280
-146.98286
-146.86290
-146.74293
-146.62296
-146.50298
-146.38300
-146.26300
-146.14301
-146.02301
-145.90302
-145.78301
-145.66301
-145.54301
-145.42301
-145.30301
-145.18301
-145.06301
-144.94302
-144.82303
-144.70303
-144.58305
-144.46306
-144.34308
-144.22311
-144.10313
-143.98317
-143.86320
-143.74324
-143.62329
-143.50334
-143.38340
-143.26346
-143.14353
-143.02360
-142.90368
-142.78377
-142.66386
-142.54396
-142.42406
-142.30417
-142.18429
-142.06441
-141.94455
-141.82468
-141.70483
-141.58498
-141.46514
-141.34531
-141.22549
-141.10567
-140.98586
-140.86606
-140.74627
-140.62648
-140.50670
-140.38693
-140.26717
-140.14742
-140.02768
-139.90794
-139.78821
-139.66850
-139.54879
-139.42909
-139.30940
-139.18972
-139.07004
-138.95038
-138.83073
-138.71108
-138.59145
-138.47182
-138.35221
-138.23260
-138.11301
-137.99342
-137.87385
-137.75428
-137.63473
-137.51518
-137.39565
-137.27613
-137.15662
-137.03711
-136.91762
-136.79814
-136.67867
-136.55922
-136.43977
-136.32034
-136.20091
-136.08150
-135.96210
-135.84271
-135.72333
-135.60397
-135.48462
-135.36528
-135.24595
-135.12663
-135.00733
-134.88803
-134.76875
-134.64949
-134.53023
-134.41099
-134.29176
-134.17255
-134.05335
-133.93416
-133.81498
-133.69582
-133.57667
-133.45754
-133.33841
-133.21931
-133.10021
-132.98113
-132.86207
-132.74301
-132.62398
-132.50495
-132.38594
-132.26695
-132.14797
-132.02901
-131.91006
-131.79112
-131.67220
-131.55330
-131.43441
-131.31553
-131.19667
-131.07783
-130.95900
-130.84019
-130.72139
-130.60261
-130.48385
-130.36510
-130.24637
-130.12765
-130.00896
-129.89027
-129.77161
-129.65296
-129.53433
-129.41571
-129.29711
-129.17853
-129.05997
-128.94142
-128.82289
-128.70438
-128.58589
-128.46741
-128.34895
-128.23051
-128.11209
-127.99369
-127.87530
-127.75694
-127.63859
-127.52026
-127.40195
-127.28366
-127.16538
-127.04713
-126.92889
-126.81068
-126.69248
-126.57431
-126.45615
-126.33801
-126.21989
-126.10180
-125.98372
-125.86566
-125.74762
-125.62961
-125.51161
-125.39364
-125.27568
-125.15775
-125.03983
-124.92194
-124.80407
-124.68622
-124.56839
-124.45059
-124.33280
-124.21504
-124.09729
-123.97957
-123.86188
-123.74420
-123.62655
-123.50892
-123.39131
-123.27372
-123.15616
-123.03862
-122.92110
-122.80360
-122.68613
-122.56869
-122.45126
-122.33386
-122.21648
-122.09913
-121.98180
-121.86449
-121.74721
-121.62995
-121.51272
-121.39551
-121.27833
-121.16117
-121.04403
-120.92692
-120.80984
-120.69278
-120.57574
-120.45873
-120.34175
-120.22479
-120.10786
-119.99095
-119.87407
-119.75722
-119.64039
-119.52359
-119.40681
-119.29006
-119.17334
-119.05665
-118.93998
-118.82334
-118.70672
-118.59014
-118.47358
-118.35705
-118.24054
-118.12406
-118.00762
-117.89120
-117.77480
-117.65844
-117.54210
-117.42580
-117.30952
-117.19327
-117.07705
-116.96085
-116.84469
-116.72856
-116.61245
-116.49638
-116.38033
-116.26432
-116.14833
-116.03238
-115.91645
-115.80056
-115.68469
-115.56886
-115.45305
-115.33728
-115.22154
-115.10583
-114.99015
-114.87450
-114.75888
-114.64329
-114.52774
-114.41222
-114.29672
-114.18127
-114.06584
-113.95044
-113.83508
-113.71975
-113.60446
-113.48919
-113.37396
-113.25876
-113.14360
-113.02846
-112.91336
-112.79830
-112.68327
-112.56827
-112.45331
-112.33838
-112.22348
-112.10862
-111.99379
-111.87900
-111.76424
-111.64952
-111.53483
-111.42018
-111.30556
-111.19098
-111.07643
-110.96192
-110.84744
-110.73300
-110.61860
-110.50423
-110.38990
-110.27561
-110.16135
-110.04712
-109.93294
-109.81879
-109.70468
-109.59060
-109.47657
-109.36257
-109.24861
-109.13468
-109.02079
-108.90695
-108.79313
-108.67936
-108.56563
-108.45193
-108.33828
-108.22466
-108.11108
-107.99754
-107.88403
-107.77057
-107.65715
-107.54377
-107.43042
-107.31712
-107.20385
-107.09063
-106.97745
-106.86430
-106.75120
-106.63814
-106.52512
-106.41213
-106.29919
-106.18630
-106.07344
-105.96062
-105.84785
-105.73511
-105.62242
-105.50977
-105.39717
-105.28460
-105.17208
-105.05960
-104.94716
-104.83476
-104.72241
-104.61010
-104.49783
-104.38561
-104.27343
-104.16130
-104.04920
-103.93715
-103.82515
-103.71319
-103.60127
-103.48940
-103.37757
-103.26579
-103.15405
-103.04235
-102.93071
-102.81910
-102.70754
-102.59603
-102.48456
-102.37314
-102.26176
-102.15043
-102.03915
-101.92791
-101.81672
-101.70558
-101.59448
-101.48342
-101.37242
-101.26146
-101.15055
-101.03969
-100.92887
-100.81810
-100.70738
-100.59671
-100.48608
-100.37550
-100.26497
-100.15449
-100.04406
-99.93368
-99.82334
-99.71306
-99.60282
-99.49263
-99.38249
-99.27240
-99.16236
-99.05237
-98.94243
-98.83254
-98.72270
-98.61291
-98.50317
-98.39348
-98.28384
-98.17425
-98.06472
-97.95523
-97.84579
-97.73641
-97.62708
-97.51780
-97.40857
-97.29939
-97.19026
-97.08119
-96.97217
-96.86320
-96.75428
-96.64542
-96.53661
-96.42785
-96.31914
-96.21049
-96.10189
-95.99335
-95.88485
-95.77641
-95.66803
-95.55970
-95.45142
-95.34320
-95.23503
-95.12692
-95.01886
-94.91085
-94.80290
-94.69501
-94.58717
-94.47938
-94.37165
-94.26398
-94.15636
-94.04880
-93.94129
-93.83384
-93.72644
-93.61910
-93.51182
-93.40460
-93.29743
-93.19031
-93.08326
-92.97626
-92.86932
-92.76243
-92.65561
-92.54884
-92.44213
-92.33547
-92.22888
-92.12234
-92.01586
-91.90944
-91.80307
-91.69677
-91.59052
-91.48434
-91.37821
-91.27214
-91.16613
-91.06018
-90.95429
-90.84846
-90.74268
-90.63697
-90.53132
-90.42573
-90.32019
-90.21472
-90.10931
-90.00396
-89.89867
-89.79344
-89.68827
-89.58316
-89.47812
-89.37313
-89.26821
-89.16334
-89.05854
-88.95380
-88.84913
-88.74451
-88.63996
-88.53547
-88.43104
-88.32667
-88.22237
-88.11813
-88.01395
-87.90984
-87.80578
-87.70179
-87.59787
-87.49401
-87.39021
-87.28647
-87.18280
-87.07919
-86.97565
-86.87217
-86.76876
-86.66541
-86.56212
-86.45890
-86.35574
-86.25265
-86.14962
-86.04666
-85.94377
-85.84093
-85.73817
-85.63547
-85.53283
-85.43026
-85.32776
-85.22532
-85.12295
-85.02064
-84.91841
-84.81623
-84.71413
-84.61209
-84.51011
-84.40821
-84.30637
-84.20460
-84.10289
-84.00126
-83.89969
-83.79818
-83.69675
-83.59538
-83.49408
-83.39285
-83.29169
-83.19059
-83.08956
-82.98860
-82.88771
-82.78689
-82.68614
-82.58545
-82.48484
-82.38429
-82.28381
-82.18341
-82.08307
-81.98280
-81.88260
-81.78247
-81.68241
-81.58241
-81.48249
-81.38264
-81.28286
-81.18315
-81.08351
-80.98394
-80.88444
-80.78501
-80.68565
-80.58636
-80.48715
-80.38800
-80.28893
-80.18992
-80.09099
-79.99213
-79.89334
-79.79462
-79.69597
-79.59740
-79.49890
-79.40046
-79.30211
-79.20382
-79.10560
-79.00746
-78.90939
-78.81139
-78.71347
-78.61562
-78.51784
-78.42013
-78.32249
-78.22493
-78.12745
-78.03003
-77.93269
-77.83542
-77.73823
-77.64111
-77.54406
-77.44708
-77.35018
-77.25336
-77.15661
-77.05993
-76.96332
-76.86679
-76.77034
-76.67396
-76.57765
-76.48142
-76.38526
-76.28917
-76.19317
-76.09723
-76.00137
-75.90559
-75.80988
-75.71425
-75.61869
-75.52321
-75.42780
-75.33247
-75.23721
-75.14203
-75.04692
-74.95189
-74.85694
-74.76206
-74.66726
-74.57253
-74.47788
-74.38331
-74.28881
-74.19439
-74.10005
-74.00578
-73.91159
-73.81747
-73.72343
-73.62947
-73.53559
-73.44178
-73.34805
-73.25439
-73.16082
-73.06732
-72.97389
-72.88055
-72.78728
-72.69409
-72.60098
-72.50794
-72.41498
-72.32210
-72.22930
-72.13657
-72.04392
-71.95135
-71.85886
-71.76645
-71.67411
-71.58186
-71.48968
-71.39757
-71.30555
-71.21361
-71.12174
-71.02995
-70.93824
-70.84661
-70.75506
-70.66359
-70.57219
-70.48087
-70.38964
-70.29848
-70.20740
-70.11640
-70.02548
-69.93463
-69.84387
-69.75318
-69.66258
-69.57205
-69.48160
-69.39124
-69.30095
-69.21074
-69.12061
-69.03056
-68.94059
-68.85070
-68.76089
-68.67115
-68.58150
-68.49193
-68.40244
-68.31302
-68.22369
-68.13444
-68.04527
-67.95617
-67.86716
-67.77823
-67.68937
-67.60060
-67.51191
-67.42329
-67.33476
-67.24631
-67.15794
-67.06964
-66.98143
-66.89330
-66.80525
-66.71728
-66.62939
-66.54158
-66.45385
-66.36620
-66.27864
-66.19115
-66.10374
-66.01642
-65.92917
-65.84201
-65.75492
-65.66792
-65.58099
-65.49415
-65.40739
-65.32071
-65.23411
-65.14759
-65.06116
-64.97480
-64.88852
-64.80233
-64.71621
-64.63018
-64.54423
-64.45836
-64.37257
-64.28686
-64.20123
-64.11568
-64.03022
-63.94483
-63.85953
-63.77430
-63.68916
-63.60410
-63.51912
-63.43422
-63.34941
-63.26467
-63.18002
-63.09544
-63.01095
-62.92654
-62.84221
-62.75796
-62.67379
-62.58971
-62.50570
-62.42178
-62.33793
-62.25417
-62.17049
-62.08689
-62.00337
-61.91994
-61.83658
-61.75331
-61.67011
-61.58700
-61.50397
-61.42102
-61.33815
-61.25536
-61.17266
-61.09003
-61.00749
-60.92503
-60.84264
-60.76034
-60.67813
-60.59599
-60.51393
-60.43195
-60.35006
-60.26825
-60.18651
-60.10486
-60.02329
-59.94180
-59.86039
-59.77907
-59.69782
-59.61666
-59.53557
-59.45457
-59.37364
-59.29280
-59.21204
-59.13136
-59.05076
-58.97025
-58.88981
-58.80945
-58.72918
-58.64898
-58.56887
-58.48883
-58.40888
-58.32901
-58.24922
-58.16951
-58.08988
-58.01033
-57.93086
-57.85147
-57.77216
-57.69294
-57.61379
-57.53472
-57.45574
-57.37683
-57.29800
-57.21926
-57.14059
-57.06201
-56.98351
-56.90508
-56.82674
-56.74847
-56.67029
-56.59219
-56.51416
-56.43622
-56.35835
-56.28057
-56.20286
-56.12524
-56.04770
-55.97023
-55.89285
-55.81554
-55.73831
-55.66117
-55.58410
-55.50711
-55.43021
-55.35338
-55.27663
-55.19996
-55.12337
-55.04686
-54.97043
-54.89407
-54.81780
-54.74161
-54.66549
-54.58945
-54.51350
-54.43762
-54.36182
-54.28610
-54.21046
-54.13489
-54.05941
-53.98400
-53.90867
-53.83343
-53.75825
-53.68316
-53.60815
-53.53321
-53.45835
-53.38358
-53.30887
-53.23425
-53.15971
-53.08524
-53.01085
-52.93654
-52.86230
-52.78815
-52.71407
-52.64007
-52.56615
-52.49230
-52.41853
-52.34484
-52.27123
-52.19769
-52.12423
-52.05085
-51.97755
-51.90432
-51.83117
-51.75809
-51.68510
-51.61218
-51.53933
-51.46657
-51.39388
-51.32126
-51.24872
-51.17626
-51.10388
-51.03157
-50.95934
-50.88718
-50.81510
-50.74310
-50.67117
-50.59931
-50.52754
-50.45584
-50.38421
-50.31266
-50.24119
-50.16979
-50.09846
-50.02721
-49.95604
-49.88494
-49.81392
-49.74297
-49.67210
-49.60130
-49.53057
-49.45992
-49.38935
-49.31885
-49.24842
-49.17807
-49.10779
-49.03759
-48.96746
-48.89740
-48.82742
-48.75752
-48.68768
-48.61792
-48.54824
-48.47862
-48.40908
-48.33962
-48.27022
-48.20090
-48.13166
-48.06249
-47.99338
-47.92436
-47.85540
-47.78652
-47.71771
-47.64897
-47.58031
-47.51172
-47.44320
-47.37475
-47.30638
-47.23807
-47.16984
-47.10168
-47.03359
-46.96558
-46.89763
-46.82976
-46.76196
-46.69423
-46.62657
-46.55898
-46.49146
-46.42402
-46.35664
-46.28934
-46.22211
-46.15494
-46.08785
-46.02083
-45.95388
-45.88699
-45.82018
-45.75344
-45.68677
-45.62017
-45.55364
-45.48717
-45.42078
-45.35446
-45.28820
-45.22202
-45.15590
-45.08986
-45.02388
-44.95797
-44.89213
-44.82636
-44.76066
-44.69502
-44.62946
-44.56396
-44.49853
-44.43317
-44.36788
-44.30265
-44.23750
-44.17241
-44.10738
-44.04243
-43.97754
-43.91272
-43.84797
-43.78328
-43.71867
-43.65411
-43.58963
-43.52521
-43.46086
-43.39657
-43.33236
-43.26820
-43.20412
-43.14010
-43.07614
-43.01225
-42.94843
-42.88468
-42.82098
-42.75736
-42.69380
-42.63030
-42.56687
-42.50351
-42.44021
-42.37697
-42.31380
-42.25069
-42.18765
-42.12468
-42.06176
-41.99891
-41.93613
-41.87341
-41.81075
-41.74816
-41.68563
-41.62316
-41.56076
-41.49842
-41.43615
-41.37393
-41.31178
-41.24970
-41.18767
-41.12571
-41.06381
-41.00197
-40.94020
-40.87849
-40.81684
-40.75525
-40.69372
-40.63226
-40.57086
-40.50951
-40.44824
-40.38702
-40.32586
-40.26476
-40.20373
-40.14275
-40.08184
-40.02099
-39.96020
-39.89946
-39.83879
-39.77818
-39.71763
-39.65714
-39.59671
-39.53634
-39.47602
-39.41577
-39.35558
-39.29545
-39.23537
-39.17536
-39.11540
-39.05550
-38.99566
-38.93588
-38.87616
-38.81650
-38.75689
-38.69735
-38.63786
-38.57843
-38.51906
-38.45974
-38.40048
-38.34128
-38.28214
-38.22306
-38.16403
-38.10506
-38.04614
-37.98728
-37.92848
-37.86974
-37.81105
-37.75242
-37.69384
-37.63533
-37.57686
-37.51846
-37.46010
-37.40181
-37.34357
-37.28538
-37.22725
-37.16918
-37.11116
-37.05319
-36.99528
-36.93743
-36.87963
-36.82188
-36.76419
-36.70655
-36.64897
-36.59144
-36.53397
-36.47654
-36.41918
-36.36186
-36.30460
-36.24739
-36.19024
-36.13314
-36.07609
-36.01909
-35.96215
-35.90526
-35.84842
-35.79164
-35.73490
-35.67822
-35.62159
-35.56502
-35.50849
-35.45202
-35.39560
-35.33923
-35.28291
-35.22664
-35.17042
-35.11426
-35.05814
-35.00208
-34.94606
-34.89010
-34.83419
-34.77833
-34.72251
-34.66675
-34.61104
-34.55538
-34.49976
-34.44420
-34.38869
-34.33322
-34.27781
-34.22244
-34.16712
-34.11186
-34.05664
-34.00147
-33.94634
-33.89127
-33.83624
-33.78127
-33.72634
-33.67146
-33.61662
-33.56184
-33.50710
-33.45241
-33.39776
-33.34317
-33.28862
-33.23412
-33.17966
-33.12525
-33.07089
-33.01657
-32.96231
-32.90808
-32.85391
-32.79978
-32.74569
-32.69165
-32.63766
-32.58372
-32.52981
-32.47596
-32.42215
-32.36838
-32.31466
-32.26099
-32.20735
-32.15377
-32.10023
-32.04673
-31.99328
-31.93987
-31.88650
-31.83318
-31.77991
-31.72668
-31.67349
-31.62034
-31.56724
-31.51418
-31.46117
-31.40819
-31.35527
-31.30238
-31.24954
-31.19673
-31.14398
-31.09126
-31.03859
-30.98596
-30.93337
-30.88082
-30.82831
-30.77585
-30.72343
-30.67105
-30.61871
-30.56641
-30.51415
-30.46194
-30.40976
-30.35763
-30.30554
-30.25349
-30.20147
-30.14950
-30.09757
-30.04568
-29.99383
-29.94202
-29.89025
-29.83852
-29.78683
-29.73517
-29.68356
-29.63199
-29.58045
-29.52896
-29.47750
-29.42608
-29.37471
-29.32337
-29.27207
-29.22080
-29.16958
-29.11839
-29.06724
-29.01613
-28.96506
-28.91403
-28.86303
-28.81207
-28.76115
-28.71026
-28.65942
-28.60861
-28.55783
-28.50710
-28.45640
-28.40574
-28.35511
-28.30452
-28.25397
-28.20345
-28.15297
-28.10252
-28.05212
-28.00174
-27.95141
-27.90110
-27.85084
-27.80061
-27.75041
-27.70025
-27.65013
-27.60004
-27.54998
-27.49996
-27.44998
-27.40003
-27.35011
-27.30023
-27.25038
-27.20057
-27.15079
-27.10104
-27.05133
-27.00165
-26.95201
-26.90240
-26.85282
-26.80327
-26.75376
-26.70429
-26.65484
-26.60543
-26.55605
-26.50671
-26.45739
-26.40811
-26.35886
-26.30965
-26.26046
-26.21131
-26.16219
-26.11310
-26.06405
-26.01502
-25.96603
-25.91707
-25.86814
-25.81924
-25.77038
-25.72154
-25.67274
-25.62396
-25.57522
-25.52651
-25.47783
-25.42918
-25.38055
-25.33196
-25.28340
-25.23488
-25.18638
-25.13791
-25.08947
-25.04106
-24.99268
-24.94432
-24.89600
-24.84771
-24.79945
-24.75122
-24.70301
-24.65484
-24.60669
-24.55857
-24.51048
-24.46242
-24.41439
-24.36639
-24.31841
-24.27047
-24.22255
-24.17466
-24.12680
-24.07896
-24.03116
-23.98338
-23.93563
-23.88790
-23.84021
-23.79254
-23.74490
-23.69728
-23.64969
-23.60213
-23.55460
-23.50709
-23.45961
-23.41216
-23.36473
-23.31733
-23.26996
-23.22261
-23.17529
-23.12799
-23.08072
-23.03348
-22.98626
-22.93907
-22.89190
-22.84476
-22.79764
-22.75055
-22.70349
-22.65645
-22.60943
-22.56245
-22.51548
-22.46854
-22.42163
-22.37474
-22.32787
-22.28103
-22.23421
-22.18742
-22.14065
-22.09391
-22.04719
-22.00049
-21.95382
-21.90717
-21.86054
-21.81394
-21.76737
-21.72081
-21.67428
-21.62778
-21.58129
-21.53483
-21.48839
-21.44198
-21.39559
-21.34922
-21.30287
-21.25655
-21.21025
-21.16397
-21.11771
-21.07148
-21.02527
-20.97908
-20.93291
-20.88677
-20.84064
-20.79454
-20.74846
-20.70241
-20.65637
-20.61036
-20.56436
-20.51839
-20.47244
-20.42651
-20.38060
-20.33472
-20.28885
-20.24301
-20.19718
-20.15138
-20.10560
-20.05984
-20.01409
-19.96837
-19.92267
-19.87699
-19.83133
-19.78569
-19.74007
-19.69447
-19.64889
-19.60333
-19.55779
-19.51227
-19.46677
-19.42129
-19.37583
-19.33039
-19.28497
-19.23956
-19.19418
-19.14881
-19.10347
-19.05814
-19.01283
-18.96754
-18.92227
-18.87702
-18.83179
-18.78657
-18.74138
-18.69620
-18.65104
-18.60590
-18.56078
-18.51567
-18.47059
-18.42552
-18.38047
-18.33543
-18.29042
-18.24542
-18.20044
-18.15548
-18.11054
-18.06561
-18.02070
-17.97581
-17.93093
-17.88608
-17.84124
-17.79641
-17.75161
-17.70682
-17.66204
-17.61729
-17.57255
-17.52783
-17.48312
-17.43843
-17.39376
-17.34910
-17.30446
-17.25984
-17.21523
-17.17064
-17.12606
-17.08150
-17.03696
-16.99243
-16.94792
-16.90342
-16.85894
-16.81448
-16.77003
-16.72560
-16.68118
-16.63677
-16.59239
-16.54801
-16.50366
-16.45932
-16.41499
-16.37068
-16.32638
-16.28210
-16.23783
-16.19358
-16.14934
-16.10512
-16.06091
-16.01672
-15.97254
-15.92837
-15.88422
-15.84009
-15.79597
-15.75186
-15.70777
-15.66369
-15.61962
-15.57557
-15.53153
-15.48751
-15.44350
-15.39950
-15.35552
-15.31155
-15.26760
-15.22365
-15.17973
-15.13581
-15.09191
-15.04802
-15.00415
-14.96028
-14.91644
-14.87260
-14.82878
-14.78497
-14.74117
-14.69739
-14.65362
-14.60986
-14.56611
-14.52238
-14.47866
-14.43495
-14.39126
-14.34757
-14.30390
-14.26025
-14.21660
-14.17297
-14.12934
-14.08574
-14.04214
-13.99855
-13.95498
-13.91142
-13.86787
-13.82433
-13.78081
-13.73729
-13.69379
-13.65030
-13.60682
-13.56335
-13.51990
-13.47645
-13.43302
-13.38959
-13.34618
-13.30278
-13.25940
-13.21602
-13.17265
-13.12930
-13.08595
-13.04262
-12.99930
-12.95599
-12.91268
-12.86939
-12.82612
-12.78285
-12.73959
-12.69634
-12.65310
-12.60988
-12.56666
-12.52346
-12.48026
-12.43708
-12.39390
-12.35074
-12.30758
-12.26444
-12.22131
-12.17818
-12.13507
-12.09196
-12.04887
-12.00579
-11.96271
-11.91965
-11.87659
-11.83355
-11.79051
-11.74748
-11.70447
-11.66146
-11.61846
-11.57548
-11.53250
-11.48953
-11.44657
-11.40362
-11.36068
-11.31774
-11.27482
-11.23191
-11.18900
-11.14610
-11.10322
-11.06034
-11.01747
-10.97461
-10.93176
-10.88892
-10.84608
-10.80326
-10.76044
-10.71763
-10.67483
-10.63204
-10.58926
-10.54649
-10.50372
-10.46097
-10.41822
-10.37548
-10.33275
-10.29002
-10.24731
-10.20460
-10.16190
-10.11921
-10.07653
-10.03385
-9.99119
-9.94853
-9.90588
-9.86323
-9.82060
-9.77797
-9.73535
-9.69274
-9.65013
-9.60754
-9.56495
-9.52237
-9.47979
-9.43723
-9.39467
-9.35212
-9.30958
-9.26704
-9.22451
-9.18199
-9.13947
-9.09697
-9.05447
-9.01198
-8.96949
-8.92701
-8.88454
-8.84208
-8.79962
-8.75717
-8.71473
-8.67229
-8.62986
-8.58744
-8.54502
-8.50262
-8.46021
-8.41782
-8.37543
-8.33305
-8.29067
-8.24831
-8.20594
-8.16359
-8.12124
-8.07890
-8.03656
-7.99423
-7.95191
-7.90960
-7.86729
-7.82498
-7.78268
-7.74039
-7.69811
-7.65583
-7.61356
-7.57129
-7.52903
-7.48678
-7.44453
-7.40229
-7.36005
-7.31782
-7.27560
-7.23338
-7.19117
-7.14896
-7.10676
-7.06457
-7.02238
-6.98020
-6.93802
-6.89585
-6.85368
-6.81152
-6.76937
-6.72722
-6.68508
-6.64294
-6.60081
-6.55868
-6.51656
-6.47444
-6.43233
-6.39023
-6.34813
-6.30604
-6.26395
-6.22186
-6.17979
-6.13771
-6.09565
-6.05358
-6.01153
-5.96947
-5.92743
-5.88539
-5.84335
-5.80132
-5.75929
-5.71727
-5.67525
-5.63324
-5.59123
-5.54923
-5.50724
-5.46524
-5.42326
-5.38128
-5.33930
-5.29733
-5.25536
-5.21340
-5.17144
-5.12948
-5.08753
-5.04559
-5.00365
-4.96172
-4.91979
-4.87786
-4.83594
-4.79402
-4.75211
-4.71020
-4.66830
-4.62640
-4.58451
-4.54262
-4.50073
-4.45885
-4.41697
-4.37510
-4.33323
-4.29137
-4.24951
-4.20765
-4.16580
-4.12396
-4.08211
-4.04027
-3.99844
-3.95661
-3.91478
-3.87296
-3.83114
-3.78933
-3.74752
-3.70571
-3.66391
-3.62211
-3.58032
-3.53853
-3.49674
-3.45496
-3.41318
-3.37141
-3.32964
-3.28787
-3.24611
-3.20435
-3.16260
-3.12084
-3.07910
-3.03735
-2.99561
-2.95388
-2.91214
-2.87041
-2.82869
-2.78697
-2.74525
-2.70353
-2.66182
-2.62012
-2.57841
-2.53671
-2.49501
-2.45332
-2.41163
-2.36995
-2.32826
-2.28658
-2.24491
-2.20323
-2.16157
-2.11990
-2.07824
-2.03658
-1.99492
-1.95327
-1.91162
-1.86997
-1.82833
-1.78669
-1.74506
-1.70342
-1.66179
-1.62017
-1.57854
-1.53692
-1.49531
-1.45369
-1.41208
-1.37048
-1.32887
-1.28727
-1.24567
-1.20408
-1.16249
-1.12090
-1.07931
-1.03773
-0.99615
-0.95457
-0.91300
-0.87143
-0.82986
-0.78829
-0.74673
-0.70517
-0.66362
-0.62206
-0.58051
-0.53896
-0.49742
-0.45588
-0.41434
-0.37280
-0.33127
-0.28974
-0.24821
-0.20668
-0.16516
-0.12364
-0.08213
-0.04061
0.00090
0.04241
0.08391
0.12542
0.16692
0.20842
0.24991
0.29141
0.33290
0.37438
0.41587
0.45735
0.49883
0.54031
0.58178
0.62325
0.66472
0.70619
0.74765
0.78912
0.83058
0.87203
0.91349
0.95494
0.99639
1.03784
1.07928
1.12072
1.16216
1.20360
1.24504
1.28647
1.32790
1.36933
1.41075
1.45217
1.49359
1.53501
1.57643
1.61784
1.65925
1.70066
1.74207
1.78347
1.82488
1.86628
1.90767
1.94907
1.99046
2.03185
2.07324
2.11463
2.15601
2.19740
2.23878
2.28015
2.32153
2.36290
2.40427
2.44564
2.48701
2.52837
2.56974
2.61110
2.65246
2.69381
2.73517
2.77652
2.81787
2.85922
2.90056
2.94190
2.98325
3.02459
3.06592
3.10726
3.14859
3.18992
3.23125
3.27258
3.31391
3.35523
3.39655
3.43787
3.47919
3.52050
3.56182
3.60313
3.64444
3.68574
3.72705
3.76835
3.80965
3.85095
3.89225
3.93355
3.97484
4.01613
4.05742
4.09871
4.14000
4.18128
4.22257
4.26385
4.30513
4.34640
4.38768
4.42895
4.47022
4.51149
4.55276
4.59403
4.63529
4.67655
4.71781
4.75907
4.80033
4.84158
4.88284
4.92409
4.96534
5.00659
5.04783
5.08908
5.13032
5.17156
5.21280
5.25404
5.29527
5.33651
5.37774
5.41897
5.46020
5.50142
5.54265
5.58387
5.62509
5.66631
5.70753
5.74875
5.78996
5.83118
5.87239
5.91360
5.95481
5.99601
6.03722
6.07842
6.11962
6.16082
6.20202
6.24322
6.28441
6.32560
6.36680
6.40799
6.44917
6.49036
6.53155
6.57273
6.61391
6.65509
6.69627
6.73745
6.77862
6.81980
6.86097
6.90214
6.94331
6.98447
7.02564
7.06680
7.10797
7.14913
7.19029
7.23144
7.27260
7.31375
7.35491
7.39606
7.43721
7.47836
7.51950
7.56065
7.60179
7.64293
7.68407
7.72521
7.76635
7.80749
7.84862
7.88975
7.93088
7.97201
8.01314
8.05427
8.09539
8.13652
8.17764
8.21876
8.25988
8.30099
8.34211
8.38322
8.42434
8.46545
8.50656
8.54767
8.58877
8.62988
8.67098
8.71208
8.75318
8.79428
8.83538
8.87648
8.91757
8.95867
8.99976
9.04085
9.08194
9.12302
9.16411
9.20519
9.24628
9.28736
9.32844
9.36952
9.41059
9.45167
9.49274
9.53381
9.57489
9.61595
9.65702
9.69809
9.73915
9.78022
9.82128
9.86234
9.90340
9.94446
9.98551
10.02657
10.06762
10.10867
10.14972
10.19077
10.23182
10.27287
10.31391
10.35495
10.39600
10.43704
10.47807
10.51911
10.56015
10.60118
10.64222
10.68325
10.72428
10.76531
10.80633
10.84736
10.88838
10.92940
10.97043
11.01145
11.05246
11.09348
11.13450
11.17551
11.21652
11.25753
11.29854
11.33955
11.38056
11.42156
11.46257
11.50357
11.54457
11.58557
11.62657
11.66757
11.70856
11.74956
11.79055
11.83154
11.87253
11.91352
11.95450
11.99549
12.03647
12.07745
12.11844
12.15941
12.20039
12.24137
12.28234
12.32332
12.36429
12.40526
12.44623
12.48720
12.52816
12.56913
12.61009
12.65105
12.69202
12.73297
12.77393
12.81489
12.85584
12.89680
12.93775
12.97870
13.01965
13.06060
13.10154
13.14249
13.18343
13.22437
13.26531
13.30625
13.34719
13.38812
13.42906
13.46999
13.51092
13.55185
13.59278
13.63371
13.67464
13.71556
13.75648
13.79740
13.83832
13.87924
13.92016
13.96107
14.00199
14.04290
14.08381
14.12472
14.16563
14.20654
14.24744
14.28835
14.32925
14.37015
14.41105
14.45195
14.49284
14.53374
14.57463
14.61552
14.65641
14.69730
14.73819
14.77908
14.81996
14.86085
14.90173
14.94261
14.98349
15.02436
15.06524
15.10611
15.14699
15.18786
15.22873
15.26960
15.31046
15.35133
15.39219
15.43305
15.47391
15.51477
15.55563
15.59649
15.63734
15.67820
15.71905
15.75990
15.80075
15.84160
15.88244
15.92329
15.96413
16.00497
16.04581
16.08665
16.12748
16.16832
16.20915
16.24999
16.29082
16.33165
16.37247
16.41330
16.45412
16.49495
16.53577
16.57659
16.61741
16.65822
16.69904
16.73985
16.78067
16.82148
16.86229
16.90309
16.94390
16.98471
17.02551
17.06631
17.10711
17.14791
17.18871
17.22950
17.27030
17.31109
17.35188
17.39267
17.43346
17.47424
17.51503
17.55581
17.59659
17.63737
17.67815
17.71893
17.75970
17.80047
17.84125
17.88202
17.92279
17.96355
18.00432
18.04508
18.08585
18.12661
18.16737
18.20812
18.24888
18.28964
18.33039
18.37114
18.41189
18.45264
18.49339
18.53413
18.57487
18.61562
18.65636
18.69710
18.73783
18.77857
18.81930
18.86003
18.90077
18.94149
18.98222
19.02295
19.06367
19.10440
19.14512
19.18584
19.22655
19.26727
19.30798
19.34870
19.38941
19.43012
19.47083
19.51153
19.55224
19.59294
19.63364
19.67434
19.71504
19.75574
19.79643
19.83713
19.87782
19.91851
19.95920
19.99988
20.04057
20.08125
20.12193
20.16261
20.20329
20.24397
20.28464
20.32532
20.36599
20.40666
20.44733
20.48799
20.52866
20.56932
20.60998
20.65064
20.69130
20.73196
20.77261
20.81327
20.85392
20.89457
20.93522
20.97586
21.01651
21.05715
21.09779
21.13843
21.17907
21.21971
21.26034
21.30098
21.34161
21.38224
21.42286
21.46349
21.50411
21.54474
21.58536
21.62598
21.66659
21.70721
21.74782
21.78844
21.82905
21.86966
21.91026
21.95087
21.99147
22.03208
22.07268
22.11327
22.15387
22.19447
22.23506
22.27565
22.31624
22.35683
22.39741
22.43800
22.47858
22.51916
22.55974
22.60032
22.64090
22.68147
22.72204
22.76261
22.80318
22.84375
22.88431
22.92488
22.96544
23.00600
23.04656
23.08711
23.12767
23.16822
23.20877
23.24932
23.28987
23.33041
23.37096
23.41150
23.45204
23.49258
23.53311
23.57365
23.61418
23.65471
23.69524
23.73577
23.77630
23.81682
23.85734
23.89786
23.93838
23.97890
24.01941
24.05993
24.10044
24.14095
24.18145
24.22196
24.26246
24.30297
24.34347
24.38396
24.42446
24.46496
24.50545
24.54594
24.58643
24.62692
24.66740
24.70789
24.74837
24.78885
24.82933
24.86980
24.91028
24.95075
24.99122
25.03169
25.07216
25.11262
25.15308
25.19355
25.23401
25.27446
25.31492
25.35537
25.39583
25.43628
25.47672
25.51717
25.55761
25.59806
25.63850
25.67894
25.71937
25.75981
25.80024
25.84067
25.88110
25.92153
25.96196
26.00238
26.04280
26.08322
26.12364
26.16406
26.20447
26.24488
26.28529
26.32570
26.36611
26.40651
26.44692
26.48732
26.52772
26.56811
26.60851
26.64890
26.68929
26.72968
26.77007
26.81046
26.85084
26.89122
26.93160
26.97198
27.01236
27.05273
27.09310
27.13347
27.17384
27.21421
27.25457
27.29493
27.33529
27.37565
27.41601
27.45636
27.49671
27.53707
27.57741
27.61776
27.65811
27.69845
27.73879
27.77913
27.81946
27.85980
27.90013
27.94046
27.98079
28.02112
28.06144
28.10177
28.14209
28.18241
28.22273
28.26304
28.30335
28.34366
28.38397
28.42428
28.46459
28.50489
28.54519
28.58549
28.62579
28.66608
28.70638
28.74667
28.78696
28.82724
28.86753
28.90781
28.94809
28.98837
29.02865
29.06893
29.10920
29.14947
29.18974
29.23001
29.27027
29.31054
29.35080
29.39106
29.43131
29.47157
29.51182
29.55207
29.59232
29.63257
29.67281
29.71306
29.75330
29.79354
29.83377
29.87401
29.91424
29.95447
29.99470
30.03493
30.07515
30.11538
30.15560
30.19581
30.23603
30.27625
30.31646
30.35667
30.39688
30.43708
30.47729
30.51749
30.55769
30.59789
30.63808
30.67828
30.71847
30.75866
30.79885
30.83903
30.87922
30.91940
30.95958
30.99976
31.03993
31.08010
31.12028
31.16045
31.20061
31.24078
31.28094
31.32110
31.36126
31.40142
31.44157
31.48172
31.52187
31.56202
31.60217
31.64231
31.68246
31.72260
31.76273
31.80287
31.84300
31.88314
31.92327
31.96339
32.00352
32.04364
32.08376
32.12388
32.16400
32.20411
32.24423
32.28434
32.32445
32.36455
32.40466
32.44476
32.48486
32.52496
32.56506
32.60515
32.64524
32.68533
32.72542
32.76550
32.80559
32.84567
32.88575
32.92582
32.96590
33.00597
33.04604
33.08611
33.12618
33.16624
33.20631
33.24637
33.28642
33.32648
33.36653
33.40658
33.44663
33.48668
33.52673
33.56677
33.60681
33.64685
33.68689
33.72692
33.76695
33.80698
33.84701
33.88704
33.92706
33.96708
34.00710
34.04712
34.08714
34.12715
34.16716
34.20717
34.24718
34.28718
34.32718
34.36718
34.40718
34.44718
34.48717
34.52716
34.56715
34.60714
34.64713
34.68711
34.72709
34.76707
34.80705
34.84702
34.88699
34.92696
34.96693
35.00690
35.04686
35.08682
35.12678
35.16674
35.20669
35.24665
35.28660
35.32655
35.36649
35.40644
35.44638
35.48632
35.52626
35.56619
35.60613
35.64606
35.68599
35.72591
35.76584
35.80576
35.84568
35.88560
35.92552
35.96543
36.00534
36.04525
36.08516
36.12506
36.16497
36.20487
36.24477
36.28466
36.32456
36.36445
36.40434
36.44423
36.48411
36.52400
36.56388
36.60376
36.64363
36.68351
36.72338
36.76325
36.80312
36.84298
36.88285
36.92271
36.96257
37.00243
37.04228
37.08213
37.12198
37.16183
37.20168
37.24152
37.28136
37.32120
37.36104
37.40088
37.44071
37.48054
37.52037
37.56020
37.60002
37.63984
37.67966
37.71948
37.75930
37.79911
37.83892
37.87873
37.91854
37.95834
37.99814
38.03794
38.07774
38.11754
38.15733
38.19712
38.23691
38.27670
38.31648
38.35627
38.39605
38.43582
38.47560
38.51537
38.55515
38.59491
38.63468
38.67445
38.71421
38.75397
38.79373
38.83348
38.87324
38.91299
38.95274
38.99249
39.03223
39.07198
39.11172
39.15145
39.19119
39.23092
39.27066
39.31039
39.35011
39.38984
39.42956
39.46928
39.50900
39.54872
39.58843
39.62814
39.66785
39.70756
39.74727
39.78697
39.82667
39.86637
39.90607
39.94576
39.98545
40.02514
40.06483
40.10451
40.14420
40.18388
40.22356
40.26323
40.30291
40.34258
40.38225
40.42192
40.46158
40.50125
40.54091
40.58057
40.62022
40.65988
40.69953
40.73918
40.77883
40.81847
40.85812
40.89776
40.93740
40.97703
41.01667
41.05630
41.09593
41.13556
41.17518
41.21481
41.25443
41.29405
41.33367
41.37328
41.41289
41.45250
41.49211
41.53172
41.57132
41.61092
41.65052
41.69012
41.72971
41.76930
41.80889
41.84848
41.88807
41.92765
41.96723
42.00681
42.04639
42.08596
42.12554
42.16511
42.20467
42.24424
42.28380
42.32337
42.36292
42.40248
42.44204
42.48159
42.52114
42.56069
42.60023
42.63978
42.67932
42.71886
42.75840
42.79793
42.83746
42.87699
42.91652
42.95605
42.99557
43.03509
43.07461
43.11413
43.15364
43.19316
43.23267
43.27218
43.31168
43.35119
43.39069
43.43019
43.46968
43.50918
43.54867
43.58816
43.62765
43.66714
43.70662
43.74610
43.78558
43.82506
43.86454
43.90401
43.94348
43.98295
44.02241
44.06188
44.10134
44.14080
44.18026
44.21971
44.25917
44.29862
44.33807
44.37751
44.41696
44.45640
44.49584
44.53528
44.57471
44.61415
44.65358
44.69301
44.73243
44.77186
44.81128
44.85070
44.89012
44.92953
44.96895
45.00836
45.04777
45.08717
45.12658
45.16598
45.20538
45.24478
45.28417
45.32357
45.36296
45.40235
45.44174
45.48112
45.52050
45.55988
45.59926
45.63864
45.67801
45.71738
45.75675
45.79612
45.83549
45.87485
45.91421
45.95357
45.99293
46.03228
46.07163
46.11098
46.15033
46.18967
46.22902
46.26836
46.30770
46.34703
46.38637
46.42570
46.46503
46.50436
46.54369
46.58301
46.62233
46.66165
46.70097
46.74028
46.77959
46.81890
46.85821
46.89752
46.93682
46.97613
47.01542
47.05472
47.09402
47.13331
47.17260
47.21189
47.25118
47.29046
47.32974
47.36902
47.40830
47.44758
47.48685
47.52612
47.56539
47.60466
47.64392
47.68319
47.72245
47.76170
47.80096
47.84021
47.87947
47.91872
47.95796
47.99721
48.03645
48.07569
48.11493
48.15417
48.19340
48.23264
48.27187
48.31109
48.35032
48.38954
48.42877
48.46798
48.50720
48.54642
48.58563
48.62484
48.66405
48.70326
48.74246
48.78166
48.82086
48.86006
48.89926
48.93845
48.97764
49.01683
49.05602
49.09520
49.13439
49.17357
49.21275
49.25192
49.29110
49.33027
49.36944
49.40861
49.44777
49.48694
49.52610
49.56526
49.60441
49.64357
49.68272
49.72187
49.76102
49.80017
49.83931
49.87845
49.91759
49.95673
49.99587
50.03500
50.07413
50.11326
50.15239
50.19151
50.23064
50.26976
50.30888
50.34799
50.38711
50.42622
50.46533
50.50444
50.54355
50.58265
50.62175
50.66085
50.69995
50.73905
50.77814
50.81723
50.85632
50.89541
50.93449
50.97357
51.01265
51.05173
51.09081
51.12988
51.16896
51.20803
51.24709
51.28616
51.32522
51.36429
51.40335
51.44240
51.48146
51.52051
51.55956
51.59861
51.63766
51.67671
51.71575
51.75479
51.79383
51.83286
51.87190
51.91093
51.94996
51.98899
52.02802
52.06704
52.10606
52.14508
52.18410
52.22312
52.26213
52.30114
52.34015
52.37916
52.41816
52.45717
52.49617
52.53517
52.57416
52.61316
52.65215
52.69114
52.73013
52.76912
52.80810
52.84709
52.88607
52.92505
52.96402
53.00300
53.04197
53.08094
53.11991
53.15887
53.19784
53.23680
53.27576
53.31472
53.35367
53.39263
53.43158
53.47053
53.50947
53.54842
53.58736
53.62630
53.66524
53.70418
53.74312
53.78205
53.82098
53.85991
53.89884
53.93776
53.97669
54.01561
54.05453
54.09344
54.13236
54.17127
54.21018
54.24909
54.28800
54.32690
54.36580
54.40470
54.44360
54.48250
54.52139
54.56029
54.59918
54.63807
54.67695
54.71584
54.75472
54.79360
54.83248
54.87136
54.91023
54.94910
54.98797
55.02684
55.06571
55.10457
55.14343
55.18229
55.22115
55.26001
55.29886
55.33772
55.37657
55.41541
55.45426
55.49310
55.53195
55.57079
55.60963
55.64846
55.68730
55.72613
55.76496
55.80379
55.84261
55.88144
55.92026
55.95908
55.99790
56.03672
56.07553
56.11434
56.15315
56.19196
56.23077
56.26957
56.30838
56.34718
56.38597
56.42477
56.46357
56.50236
56.54115
56.57994
56.61872
56.65751
56.69629
56.73507
56.77385
56.81263
56.85140
56.89018
56.92895
56.96772
57.00649
57.04525
57.08401
57.12278
57.16153
57.20029
57.23905
57.27780
57.31655
57.35530
57.39405
57.43280
57.47154
57.51028
57.54902
57.58776
57.62650
57.66523
57.70396
57.74269
57.78142
57.82015
57.85887
57.89760
57.93632
57.97503
58.01375
58.05247
58.09118
58.12989
58.16860
58.20731
58.24601
58.28472
58.32342
58.36212
58.40081
58.43951
58.47820
58.51690
58.55559
58.59427
58.63296
58.67165
58.71033
58.74901
58.78769
58.82636
58.86504
58.90371
58.94238
58.98105
59.01972
59.05838
59.09705
59.13571
59.17437
59.21303
59.25168
59.29034
59.32899
59.36764
59.40629
59.44493
59.48358
59.52222
59.56086
59.59950
59.63814
59.67677
59.71541
59.75404
59.79267
59.83130
59.86992
59.90855
59.94717
59.98579
60.02441
60.06303
60.10164
60.14025
60.17886
60.21747
60.25608
60.29469
60.33329
60.37189
60.41049
60.44909
60.48769
60.52628
60.56487
60.60347
60.64205
60.68064
60.71923
60.75781
60.79639
60.83497
60.87355
60.91213
60.95070
60.98927
61.02784
61.06641
61.10498
61.14355
61.18211
61.22067
61.25923
61.29779
61.33634
61.37490
61.41345
61.45200
61.49055
61.52910
61.56764
61.60619
61.64473
61.68327
61.72181
61.76034
61.79888
61.83741
61.87594
61.91447
61.95300
61.99152
62.03005
62.06857
62.10709
62.14561
62.18413
62.22264
62.26115
62.29966
62.33817
62.37668
62.41519
62.45369
62.49219
62.53070
62.56919
62.60769
62.64619
62.68468
62.72317
62.76166
62.80015
62.83864
62.87712
62.91560
62.95409
62.99257
63.03104
63.06952
63.10799
63.14647
63.18494
63.22341
63.26187
63.30034
63.33880
63.37727
63.41573
63.45418
63.49264
63.53110
63.56955
63.60800
63.64645
63.68490
63.72335
63.76179
63.80023
63.83867
63.87711
63.91555
63.95399
63.99242
64.03086
64.06929
64.10772
64.14614
64.18457
64.22299
64.26142
64.29984
64.33826
64.37667
64.41509
64.45350
64.49192
64.53033
64.56873
64.60714
64.64555
64.68395
64.72235
64.76075
64.79915
64.83755
64.87595
64.91434
64.95273
64.99112
65.02951
65.06790
65.10628
65.14467
65.18305
65.22143
65.25981
65.29818
65.33656
65.37493
65.41330
65.45167
65.49004
65.52841
65.56678
65.60514
65.64350
65.68186
65.72022
65.75858
65.79693
65.83529
65.87364
65.91199
65.95034
65.98868
66.02703
66.06537
66.10372
66.14206
66.18040
66.21873
66.25707
66.29540
66.33374
66.37207
66.41040
66.44872
66.48705
66.52537
66.56370
66.60202
66.64034
66.67865
66.71697
66.75529
66.79360
66.83191
66.87022
66.90853
66.94684
66.98514
67.02344
67.06175
67.10005
67.13834
67.17664
67.21494
67.25323
67.29152
67.32981
67.36810
67.40639
67.44468
67.48296
67.52124
67.55952
67.59780
67.63608
67.67436
67.71263
67.75091
67.78918
67.82745
67.86572
67.90398
67.94225
67.98051
68.01878
68.05704
68.09530
68.13355
68.17181
68.21006
68.24832
68.28657
68.32482
68.36307
68.40131
68.43956
68.47780
68.51604
68.55428
68.59252
68.63076
68.66900
68.70723
68.74546
68.78370
68.82193
68.86015
68.89838
68.93661
68.97483
69.01305
69.05127
69.08949
69.12771
69.16593
69.20414
69.24235
69.28056
69.31877
69.35698
69.39519
69.43340
69.47160
69.50980
69.54800
69.58620
69.62440
69.66260
69.70079
69.73899
69.77718
69.81537
69.85356
69.89175
69.92993
69.96812
70.00630
70.04448
70.08266
70.12084
70.15902
70.19719
70.23537
70.27354
70.31171
70.34988
70.38805
70.42622
70.46438
70.50255
70.54071
70.57887
70.61703
70.65519
70.69335
70.73150
70.76965
70.80781
70.84596
70.88411
70.92225
70.96040
70.99855
71.03669
71.07483
71.11297
71.15111
71.18925
71.22739
71.26552
71.30366
71.34179
71.37992
71.41805
71.45618
71.49430
71.53243
71.57055
71.60867
71.64679
71.68491
71.72303
71.76115
71.79926
71.83738
71.87549
71.91360
71.95171
71.98982
72.02793
72.06603
72.10413
72.14224
72.18034
72.21844
72.25654
72.29463
72.33273
72.37082
72.40892
72.44701
72.48510
72.52319
72.56127
72.59936
72.63744
72.67553
72.71361
72.75169
72.78977
72.82785
72.86592
72.90400
72.94207
72.98014
73.01821
73.05628
73.09435
73.13242
73.17048
73.20855
73.24661
73.28467
73.32273
73.36079
73.39885
73.43690
73.47496
73.51301
73.55106
73.58912
73.62716
73.66521
73.70326
73.74130
73.77935
73.81739
73.85543
73.89347
73.93151
73.96955
74.00758
74.04562
74.08365
74.12169
74.15972
74.19775
74.23577
74.27380
74.31183
74.34985
74.38787
74.42589
74.46391
74.50193
74.53995
74.57797
74.61598
74.65400
74.69201
74.73002
74.76803
74.80604
74.84405
74.88205
74.92006
74.95806
74.99606
75.03406
75.07206
75.11006
75.14806
75.18606
75.22405
75.26204
75.30004
75.33803
75.37602
75.41400
75.45199
75.48998
75.52796
75.56595
75.60393
75.64191
75.67989
75.71787
75.75584
75.79382
75.83179
75.86977
75.90774
75.94571
75.98368
76.02165
76.05961
76.09758
76.13554
76.17351
76.21147
76.24943
76.28739
76.32535
76.36331
76.40126
76.43922
76.47717
76.51512
76.55307
76.59102
76.62897
76.66692
76.70487
76.74281
76.78076
76.81870
76.85664
76.89458
76.93252
76.97046
77.00839
77.04633
77.08426
77.12220
77.16013
77.19806
77.23599
77.27392
77.31184
77.34977
77.38769
77.42562
77.46354
77.50146
77.53938
77.57730
77.61522
77.65314
77.69105
77.72896
77.76688
77.80479
77.84270
77.88061
77.91852
77.95643
77.99433
78.03224
78.07014
78.10804
78.14594
78.18385
78.22174
78.25964
78.29754
78.33544
78.37333
78.41122
78.44912
78.48701
78.52490
78.56279
78.60067
78.63856
78.67645
78.71433
78.75221
78.79010
78.82798
78.86586
78.90374
78.94161
78.97949
79.01737
79.05524
79.09311
79.13099
79.16886
79.20673
79.24460
79.28246
79.32033
79.35820
79.39606
79.43392
79.47179
79.50965
79.54751
79.58537
79.62322
79.66108
79.69894
79.73679
79.77464
79.81250
79.85035
79.88820
79.92605
79.96390
80.00174
80.03959
80.07743
80.11528
80.15312
80.19096
80.22880
80.26664
80.30448
80.34232
80.38015
80.41799
80.45582
80.49366
80.53149
80.56932
80.60715
80.64498
80.68281
80.72063
80.75846
80.79629
80.83411
80.87193
80.90975
80.94757
80.98539
81.02321
81.06103
81.09885
81.13666
81.17448
81.21229
81.25010
81.28792
81.32573
81.36354
81.40134
81.43915
81.47696
81.51476
81.55257
81.59037
81.62817
81.66597
81.70377
81.74157
81.77937
81.81717
81.85497
81.89276
81.93056
81.96835
82.00614
82.04393
82.08172
82.11951
82.15730
82.19509
82.23288
82.27066
82.30844
82.34623
82.38401
82.42179
82.45957
82.49735
82.53513
82.57291
82.61069
82.64846
82.68624
82.72401
82.76178
82.79956
82.83733
82.87510
82.91287
82.95063
82.98840
83.02617
83.06393
83.10170
83.13946
83.17722
83.21498
83.25274
83.29050
83.32826
83.36602
83.40378
83.44153
83.47929
83.51704
83.55479
83.59255
83.63030
83.66805
83.70580
83.74355
83.78129
83.81904
83.85679
83.89453
83.93227
83.97002
84.00776
84.04550
84.08324
84.12098
84.15872
84.19646
84.23419
84.27193
84.30966
84.34740
84.38513
84.42286
84.46059
84.49832
84.53605
84.57378
84.61151
84.64923
84.68696
84.72469
84.76241
84.80013
84.83786
84.87558
84.91330
84.95102
84.98874
85.02645
85.06417
85.10189
85.13960
85.17732
85.21503
85.25274
85.29046
85.32817
85.36588
85.40359
85.44130
85.47900
85.51671
85.55442
85.59212
85.62982
85.66753
85.70523
85.74293
85.78063
85.81833
85.85603
85.89373
85.93143
85.96913
86.00682
86.04452
86.08221
86.11990
86.15760
86.19529
86.23298
86.27067
86.30836
86.34605
86.38374
86.42142
86.45911
86.49679
86.53448
86.57216
86.60984
86.64753
86.68521
86.72289
86.76057
86.79825
86.83592
86.87360
86.91128
86.94895
86.98663
87.02430
87.06198
87.09965
87.13732
87.17499
87.21266
87.25033
87.28800
87.32567
87.36333
87.40100
87.43866
87.47633
87.51399
87.55166
87.58932
87.62698
87.66464
87.70230
87.73996
87.77762
87.81528
87.85293
87.89059
87.92825
87.96590
88.00355
88.04121
88.07886
88.11651
88.15416
88.19181
88.22946
88.26711
88.30476
88.34241
88.38005
88.41770
88.45534
88.49299
88.53063
88.56827
88.60592
88.64356
88.68120
88.71884
88.75648
88.79412
88.83175
88.86939
88.90703
88.94466
88.98230
89.01993
89.05757
89.09520
89.13283
89.17046
89.20809
89.24572
89.28335
89.32098
89.35861
89.39624
89.43386
89.47149
89.50911
89.54674
89.58436
89.62198
89.65961
89.69723
89.73485
89.77247
89.81009
89.84771
89.88533
89.92294
89.96056
89.99818
90.03579
90.07341
90.11102
90.14864
90.18625
90.22386
90.26147
90.29908
90.33669
90.37430
90.41191
90.44952
90.48713
90.52473
90.56234
90.59995
90.63755
90.67516
90.71276
90.75036
90.78796
90.82557
90.86317
90.90077
90.93837
90.97597
91.01357
91.05116
91.08876
91.12636
91.16395
91.20155
91.23914
91.27674
91.31433
91.35192
91.38952
91.42711
91.46470
91.50229
91.53988
91.57747
91.61506
91.65264
91.69023
91.72782
91.76540
91.80299
91.84057
91.87816
91.91574
91.95333
91.99091
92.02849
92.06607
92.10365
92.14123
92.17881
92.21639
92.25397
92.29155
92.32912
92.36670
92.40428
92.44185
92.47943
92.51700
92.55457
92.59215
92.62972
92.66729
92.70486
92.74243
92.78000
92.81757
92.85514
92.89271
92.93028
92.96785
93.00541
93.04298
93.08054
93.11811
93.15567
93.19324
93.23080
93.26836
93.30593
93.34349
93.38105
93.41861
93.45617
93.49373
93.53129
93.56885
93.60641
93.64396
93.68152
93.71908
93.75663
93.79419
93.83174
93.86930
93.90685
93.94440
93.98196
94.01951
94.05706
94.09461
94.13216
94.16971
94.20726
94.24481
94.28236
94.31991
94.35746
94.39500
94.43255
94.47009
94.50764
94.54519
94.58273
94.62027
94.65782
94.69536
94.73290
94.77044
94.80799
94.84553
94.88307
94.92061
94.95815
94.99569
95.03322
95.07076
95.10830
95.14584
95.18337
95.22091
95.25845
95.29598
95.33352
95.37105
95.40858
95.44612
95.48365
95.52118
95.55871
95.59624
95.63378
95.67131
95.70884
95.74637
95.78389
95.82142
95.85895
95.89648
95.93401
95.97153
96.00906
96.04659
96.08411
96.12164
96.15916
96.19668
96.23421
96.27173
96.30925
96.34678
96.38430
96.42182
96.45934
96.49686
96.53438
96.57190
96.60942
96.64694
96.68446
96.72198
96.75949
96.79701
96.83453
96.87204
96.90956
96.94707
96.98459
97.02210
97.05962
97.09713
97.13465
97.17216
97.20967
97.24718
97.28469
97.32221
97.35972
97.39723
97.43474
97.47225
97.50976
97.54727
97.58477
97.62228
97.65979
97.69730
97.73480
97.77231
97.80982
97.84732
97.88483
97.92233
97.95984
97.99734
98.03485
98.07235
98.10985
98.14735
98.18486
98.22236
98.25986
98.29736
98.33486
98.37236
98.40986
98.44736
98.48486
98.52236
98.55986
98.59736
98.63486
98.67235
98.70985
98.74735
98.78484
98.82234
98.85984
98.89733
98.93483
98.97232
99.00982
99.04731
99.08480
99.12230
99.15979
99.19728
99.23478
99.27227
99.30976
99.34725
99.38474
99.42223
99.45972
99.49721
99.53470
99.57219
99.60968
99.64717
99.68466
99.72215
99.75963
99.79712
99.83461
99.87209
99.90958
99.94707
99.98455
100.02204
100.05952
100.09701
100.13449
100.17198
100.20946
100.24695
100.28443
100.32191
100.35939
100.39688
100.43436
100.47184
100.50932
100.54680
100.58428
100.62177
100.65925
100.69673
100.73421
100.77169
100.80916
100.84664
100.88412
100.92160
100.95908
100.99656
101.03403
101.07151
101.10899
101.14646
101.18394
101.22142
101.25889
101.29637
101.33384
101.37132
101.40879
101.44627
101.48374
101.52122
101.55869
101.59616
101.63364
101.67111
101.70858
101.74606
101.78353
101.82100
101.85847
101.89594
101.93341
101.97089
102.00836
102.04583
102.08330
102.12077
102.15824
102.19571
102.23318
102.27064
102.30811
102.34558
102.38305
102.42052
102.45799
102.49545
102.53292
102.57039
102.60786
102.64532
102.68279
102.72026
102.75772
102.79519
102.83265
102.87012
102.90758
102.94505
102.98251
103.01998
103.05744
103.09491
103.13237
103.16983
103.20730
103.24476
103.28222
103.31969
103.35715
103.39461
103.43207
103.46954
103.50700
103.54446
103.58192
103.61938
103.65684
103.69430
103.73176
103.76923
103.80669
103.84415
103.88161
103.91907
103.95652
103.99398
104.03144
104.06890
104.10636
104.14382
104.18128
104.21874
104.25620
104.29365
104.33111
104.36857
104.40603
104.44348
104.48094
104.51840
104.55585
104.59331
104.63077
104.66822
104.70568
104.74314
104.78059
104.81805
104.85550
104.89296
104.93041
104.96787
105.00532
105.04278
105.08023
105.11769
105.15514
105.19260
105.23005
105.26750
105.30496
105.34241
105.37987
105.41732
105.45477
105.49222
105.52968
105.56713
105.60458
105.64204
105.67949
105.71694
105.75439
105.79184
105.82930
105.86675
105.90420
105.94165
105.97910
106.01655
106.05401
106.09146
106.12891
106.16636
106.20381
106.24126
106.27871
106.31616
106.35361
106.39106
106.42851
106.46596
106.50341
106.54086
106.57831
106.61576
106.65321
106.69066
106.72811
106.76556
106.80301
106.84046
106.87790
106.91535
106.95280
106.99025
107.02770
107.06515
107.10260
107.14004
107.17749
107.21494
107.25239
107.28984
107.32728
107.36473
107.40218
107.43963
107.47707
107.51452
107.55197
107.58942
107.62686
107.66431
107.70176
107.73921
107.77665
107.81410
107.85155
107.88899
107.92644
107.96389
108.00133
108.03878
108.07623
108.11367
108.15112
108.18857
108.22601
108.26346
108.30090
108.33835
108.37580
108.41324
108.45069
108.48814
108.52558
108.56303
108.60047
108.63792
108.67536
108.71281
108.75026
108.78770
108.82515
108.86259
108.90004
108.93748
108.97493
109.01237
109.04982
109.08727
109.12471
109.16216
109.19960
109.23705
109.27449
109.31194
109.34938
109.38683
109.42427
109.46172
109.49916
109.53661
109.57405
109.61150
109.64894
109.68639
109.72383
109.76128
109.79872
109.83617
109.87361
109.91106
109.94851
109.98595
110.02340
110.06084
110.09829
110.13573
110.17318
110.21062
110.24807
110.28551
110.32296
110.36040
110.39785
110.43529
110.47274
110.51018
110.54763
110.58507
110.62252
110.65996
110.69741
110.73485
110.77230
110.80974
110.84719
110.88464
110.92208
110.95953
110.99697
111.03442
111.07186
111.10931
111.14675
111.18420
111.22165
111.25909
111.29654
111.33398
111.37143
111.40887
111.44632
111.48377
111.52121
111.55866
111.59610
111.63355
111.67100
111.70844
111.74589
111.78334
111.82078
111.85823
111.89567
111.93312
111.97057
112.00801
112.04546
112.08291
112.12035
112.15780
112.19525
112.23270
112.27014
112.30759
112.34504
112.38248
112.41993
112.45738
112.49483
112.53227
112.56972
112.60717
112.64462
112.68206
112.71951
112.75696
112.79441
112.83186
112.86931
112.90675
112.94420
112.98165
113.01910
113.05655
113.09400
113.13145
113.16889
113.20634
113.24379
113.28124
113.31869
113.35614
113.39359
113.43104
113.46849
113.50594
113.54339
113.58084
113.61829
113.65574
113.69319
113.73064
113.76809
113.80554
113.84299
113.88044
113.91789
113.95534
113.99279
114.03025
114.06770
114.10515
114.14260
114.18005
114.21750
114.25496
114.29241
114.32986
114.36731
114.40476
114.44222
114.47967
114.51712
114.55458
114.59203
114.62948
114.66693
114.70439
114.74184
114.77930
114.81675
114.85420
114.89166
114.92911
114.96657
115.00402
115.04147
115.07893
115.11638
115.15384
115.19129
115.22875
115.26621
115.30366
115.34112
115.37857
115.41603
115.45349
115.49094
115.52840
115.56585
115.60331
115.64077
115.67823
115.71568
115.75314
115.79060
115.82806
115.86551
115.90297
115.94043
