-1.53965e+02
 -1.53920e+02
 -1.53875e+02
 -1.53830e+02
 -1.53785e+02
 -1.53740e+02
 -1.53695e+02
 -1.53650e+02
 -1.53605e+02
 -1.53559e+02
 -1.53514e+02
 -1.53469e+02
 -1.53424e+02
 -1.53379e+02
 -1.53334e+02
 -1.53289e+02
 -1.53244e+02
 -1.53199e+02
 -1.53154e+02
 -1.53109e+02
 -1.53064e+02
 -1.53018e+02
 -1.52973e+02
 -1.52928e+02
 -1.52883e+02
 -1.52838e+02
 -1.52793e+02
 -1.52748e+02
 -1.52703e+02
 -1.52658e+02
 -1.52612e+02
 -1.52567e+02
 -1.52522e+02
 -1.52477e+02
 -1.52432e+02
 -1.52387e+02
 -1.52342e+02
 -1.52297e+02
 -1.52251e+02
 -1.52206e+02
 -1.52161e+02
 -1.52116e+02
 -1.52071e+02
 -1.52026e+02
 -1.51981e+02
 -1.51935e+02
 -1.51890e+02
 -1.51845e+02
 -1.51800e+02
 -1.51755e+02
 -1.51710e+02
 -1.51664e+02
 -1.51619e+02
 -1.51574e+02
 -1.51529e+02
 -1.51484e+02
 -1.51439e+02
 -1.51393e+02
 -1.51348e+02
 -1.51303e+02
 -1.51258e+02
 -1.51213e+02
 -1.51167e+02
 -1.51122e+02
 -1.51077e+02
 -1.51032e+02
 -1.50987e+02
 -1.50941e+02
 -1.50896e+02
 -1.50851e+02
 -1.50806e+02
 -1.50761e+02
 -1.50715e+02
 -1.50670e+02
 -1.50625e+02
 -1.50580e+02
 -1.50534e+02
 -1.50489e+02
 -1.50444e+02
 -1.50399e+02
 -1.50353e+02
 -1.50308e+02
 -1.50263e+02
 -1.50218e+02
 -1.50172e+02
 -1.50127e+02
 -1.50082e+02
 -1.50037e+02
 -1.49991e+02
 -1.49946e+02
 -1.49901e+02
 -1.49856e+02
 -1.49810e+02
 -1.49765e+02
 -1.49720e+02
 -1.49675e+02
 -1.49629e+02
 -1.49584e+02
 -1.49539e+02
 -1.49493e+02
 -1.49448e+02
 -1.49403e+02
 -1.49358e+02
 -1.49312e+02
 -1.49267e+02
 -1.49222e+02
 -1.49176e+02
 -1.49131e+02
 -1.49086e+02
 -1.49041e+02
 -1.48995e+02
 -1.48950e+02
 -1.48905e+02
 -1.48859e+02
 -1.48814e+02
 -1.48769e+02
 -1.48723e+02
 -1.48678e+02
 -1.48633e+02
 -1.48587e+02
 -1.48542e+02
 -1.48497e+02
 -1.48451e+02
 -1.48406e+02
 -1.48361e+02
 -1.48315e+02
 -1.48270e+02
 -1.48225e+02
 -1.48179e+02
 -1.48134e+02
 -1.48088e+02
 -1.48043e+02
 -1.47998e+02
 -1.47952e+02
 -1.47907e+02
 -1.47862e+02
 -1.47816e+02
 -1.47771e+02
 -1.47726e+02
 -1.47680e+02
 -1.47635e+02
 -1.47589e+02
 -1.47544e+02
 -1.47499e+02
 -1.47453e+02
 -1.47408e+02
 -1.47362e+02
 -1.47317e+02
 -1.47272e+02
 -1.47226e+02
 -1.47181e+02
 -1.47135e+02
 -1.47090e+02
 -1.47045e+02
 -1.46999e+02
 -1.46954e+02
 -1.46908e+02
 -1.46863e+02
 -1.46817e+02
 -1.46772e+02
 -1.46727e+02
 -1.46681e+02
 -1.46636e+02
 -1.46590e+02
 -1.46545e+02
 -1.46499e+02
 -1.46454e+02
 -1.46408e+02
 -1.46363e+02
 -1.46318e+02
 -1.46272e+02
 -1.46227e+02
 -1.46181e+02
 -1.46136e+02
 -1.46090e+02
 -1.46045e+02
 -1.45999e+02
 -1.45954e+02
 -1.45908e+02
 -1.45863e+02
 -1.45817e+02
 -1.45772e+02
 -1.45726e+02
 -1.45681e+02
 -1.45635e+02
 -1.45590e+02
 -1.45545e+02
 -1.45499e+02
 -1.45454e+02
 -1.45408e+02
 -1.45363e+02
 -1.45317e+02
 -1.45271e+02
 -1.45226e+02
 -1.45180e+02
 -1.45135e+02
 -1.45089e+02
 -1.45044e+02
 -1.44998e+02
 -1.44953e+02
 -1.44907e+02
 -1.44862e+02
 -1.44816e+02
 -1.44771e+02
 -1.44725e+02
 -1.44680e+02
 -1.44634e+02
 -1.44589e+02
 -1.44543e+02
 -1.44497e+02
 -1.44452e+02
 -1.44406e+02
 -1.44361e+02
 -1.44315e+02
 -1.44270e+02
 -1.44224e+02
 -1.44179e+02
 -1.44133e+02
 -1.44087e+02
 -1.44042e+02
 -1.43996e+02
 -1.43951e+02
 -1.43905e+02
 -1.43860e+02
 -1.43814e+02
 -1.43768e+02
 -1.43723e+02
 -1.43677e+02
 -1.43632e+02
 -1.43586e+02
 -1.43540e+02
 -1.43495e+02
 -1.43449e+02
 -1.43404e+02
 -1.43358e+02
 -1.43312e+02
 -1.43267e+02
 -1.43221e+02
 -1.43175e+02
 -1.43130e+02
 -1.43084e+02
 -1.43039e+02
 -1.42993e+02
 -1.42947e+02
 -1.42902e+02
 -1.42856e+02
 -1.42810e+02
 -1.42765e+02
 -1.42719e+02
 -1.42673e+02
 -1.42628e+02
 -1.42582e+02
 -1.42537e+02
 -1.42491e+02
 -1.42445e+02
 -1.42400e+02
 -1.42354e+02
 -1.42308e+02
 -1.42263e+02
 -1.42217e+02
 -1.42171e+02
 -1.42126e+02
 -1.42080e+02
 -1.42034e+02
 -1.41988e+02
 -1.41943e+02
 -1.41897e+02
 -1.41851e+02
 -1.41806e+02
 -1.41760e+02
 -1.41714e+02
 -1.41669e+02
 -1.41623e+02
 -1.41577e+02
 -1.41531e+02
 -1.41486e+02
 -1.41440e+02
 -1.41394e+02
 -1.41349e+02
 -1.41303e+02
 -1.41257e+02
 -1.41211e+02
 -1.41166e+02
 -1.41120e+02
 -1.41074e+02
 -1.41029e+02
 -1.40983e+02
 -1.40937e+02
 -1.40891e+02
 -1.40846e+02
 -1.40800e+02
 -1.40754e+02
 -1.40708e+02
 -1.40663e+02
 -1.40617e+02
 -1.40571e+02
 -1.40525e+02
 -1.40480e+02
 -1.40434e+02
 -1.40388e+02
 -1.40342e+02
 -1.40296e+02
 -1.40251e+02
 -1.40205e+02
 -1.40159e+02
 -1.40113e+02
 -1.40068e+02
 -1.40022e+02
 -1.39976e+02
 -1.39930e+02
 -1.39884e+02
 -1.39839e+02
 -1.39793e+02
 -1.39747e+02
 -1.39701e+02
 -1.39655e+02
 -1.39610e+02
 -1.39564e+02
 -1.39518e+02
 -1.39472e+02
 -1.39426e+02
 -1.39380e+02
 -1.39335e+02
 -1.39289e+02
 -1.39243e+02
 -1.39197e+02
 -1.39151e+02
 -1.39105e+02
 -1.39060e+02
 -1.39014e+02
 -1.38968e+02
 -1.38922e+02
 -1.38876e+02
 -1.38830e+02
 -1.38785e+02
 -1.38739e+02
 -1.38693e+02
 -1.38647e+02
 -1.38601e+02
 -1.38555e+02
 -1.38509e+02
 -1.38463e+02
 -1.38418e+02
 -1.38372e+02
 -1.38326e+02
 -1.38280e+02
 -1.38234e+02
 -1.38188e+02
 -1.38142e+02
 -1.38096e+02
 -1.38051e+02
 -1.38005e+02
 -1.37959e+02
 -1.37913e+02
 -1.37867e+02
 -1.37821e+02
 -1.37775e+02
 -1.37729e+02
 -1.37683e+02
 -1.37637e+02
 -1.37591e+02
 -1.37546e+02
 -1.37500e+02
 -1.37454e+02
 -1.37408e+02
 -1.37362e+02
 -1.37316e+02
 -1.37270e+02
 -1.37224e+02
 -1.37178e+02
 -1.37132e+02
 -1.37086e+02
 -1.37040e+02
 -1.36994e+02
 -1.36948e+02
 -1.36902e+02
 -1.36856e+02
 -1.36810e+02
 -1.36765e+02
 -1.36719e+02
 -1.36673e+02
 -1.36627e+02
 -1.36581e+02
 -1.36535e+02
 -1.36489e+02
 -1.36443e+02
 -1.36397e+02
 -1.36351e+02
 -1.36305e+02
 -1.36259e+02
 -1.36213e+02
 -1.36167e+02
 -1.36121e+02
 -1.36075e+02
 -1.36029e+02
 -1.35983e+02
 -1.35937e+02
 -1.35891e+02
 -1.35845e+02
 -1.35799e+02
 -1.35753e+02
 -1.35707e+02
 -1.35661e+02
 -1.35615e+02
 -1.35569e+02
 -1.35523e+02
 -1.35477e+02
 -1.35431e+02
 -1.35385e+02
 -1.35338e+02
 -1.35292e+02
 -1.35246e+02
 -1.35200e+02
 -1.35154e+02
 -1.35108e+02
 -1.35062e+02
 -1.35016e+02
 -1.34970e+02
 -1.34924e+02
 -1.34878e+02
 -1.34832e+02
 -1.34786e+02
 -1.34740e+02
 -1.34694e+02
 -1.34648e+02
 -1.34602e+02
 -1.34555e+02
 -1.34509e+02
 -1.34463e+02
 -1.34417e+02
 -1.34371e+02
 -1.34325e+02
 -1.34279e+02
 -1.34233e+02
 -1.34187e+02
 -1.34141e+02
 -1.34095e+02
 -1.34048e+02
 -1.34002e+02
 -1.33956e+02
 -1.33910e+02
 -1.33864e+02
 -1.33818e+02
 -1.33772e+02
 -1.33726e+02
 -1.33679e+02
 -1.33633e+02
 -1.33587e+02
 -1.33541e+02
 -1.33495e+02
 -1.33449e+02
 -1.33403e+02
 -1.33357e+02
 -1.33310e+02
 -1.33264e+02
 -1.33218e+02
 -1.33172e+02
 -1.33126e+02
 -1.33080e+02
 -1.33033e+02
 -1.32987e+02
 -1.32941e+02
 -1.32895e+02
 -1.32849e+02
 -1.32803e+02
 -1.32756e+02
 -1.32710e+02
 -1.32664e+02
 -1.32618e+02
 -1.32572e+02
 -1.32526e+02
 -1.32479e+02
 -1.32433e+02
 -1.32387e+02
 -1.32341e+02
 -1.32295e+02
 -1.32248e+02
 -1.32202e+02
 -1.32156e+02
 -1.32110e+02
 -1.32064e+02
 -1.32017e+02
 -1.31971e+02
 -1.31925e+02
 -1.31879e+02
 -1.31832e+02
 -1.31786e+02
 -1.31740e+02
 -1.31694e+02
 -1.31647e+02
 -1.31601e+02
 -1.31555e+02
 -1.31509e+02
 -1.31463e+02
 -1.31416e+02
 -1.31370e+02
 -1.31324e+02
 -1.31278e+02
 -1.31231e+02
 -1.31185e+02
 -1.31139e+02
 -1.31092e+02
 -1.31046e+02
 -1.31000e+02
 -1.30954e+02
 -1.30907e+02
 -1.30861e+02
 -1.30815e+02
 -1.30769e+02
 -1.30722e+02
 -1.30676e+02
 -1.30630e+02
 -1.30583e+02
 -1.30537e+02
 -1.30491e+02
 -1.30445e+02
 -1.30398e+02
 -1.30352e+02
 -1.30306e+02
 -1.30259e+02
 -1.30213e+02
 -1.30167e+02
 -1.30120e+02
 -1.30074e+02
 -1.30028e+02
 -1.29981e+02
 -1.29935e+02
 -1.29889e+02
 -1.29842e+02
 -1.29796e+02
 -1.29750e+02
 -1.29703e+02
 -1.29657e+02
 -1.29611e+02
 -1.29564e+02
 -1.29518e+02
 -1.29472e+02
 -1.29425e+02
 -1.29379e+02
 -1.29333e+02
 -1.29286e+02
 -1.29240e+02
 -1.29194e+02
 -1.29147e+02
 -1.29101e+02
 -1.29054e+02
 -1.29008e+02
 -1.28962e+02
 -1.28915e+02
 -1.28869e+02
 -1.28823e+02
 -1.28776e+02
 -1.28730e+02
 -1.28683e+02
 -1.28637e+02
 -1.28591e+02
 -1.28544e+02
 -1.28498e+02
 -1.28451e+02
 -1.28405e+02
 -1.28359e+02
 -1.28312e+02
 -1.28266e+02
 -1.28219e+02
 -1.28173e+02
 -1.28126e+02
 -1.28080e+02
 -1.28034e+02
 -1.27987e+02
 -1.27941e+02
 -1.27894e+02
 -1.27848e+02
 -1.27801e+02
 -1.27755e+02
 -1.27709e+02
 -1.27662e+02
 -1.27616e+02
 -1.27569e+02
 -1.27523e+02
 -1.27476e+02
 -1.27430e+02
 -1.27383e+02
 -1.27337e+02
 -1.27290e+02
 -1.27244e+02
 -1.27198e+02
 -1.27151e+02
 -1.27105e+02
 -1.27058e+02
 -1.27012e+02
 -1.26965e+02
 -1.26919e+02
 -1.26872e+02
 -1.26826e+02
 -1.26779e+02
 -1.26733e+02
 -1.26686e+02
 -1.26640e+02
 -1.26593e+02
 -1.26547e+02
 -1.26500e+02
 -1.26454e+02
 -1.26407e+02
 -1.26361e+02
 -1.26314e+02
 -1.26268e+02
 -1.26221e+02
 -1.26175e+02
 -1.26128e+02
 -1.26081e+02
 -1.26035e+02
 -1.25988e+02
 -1.25942e+02
 -1.25895e+02
 -1.25849e+02
 -1.25802e+02
 -1.25756e+02
 -1.25709e+02
 -1.25663e+02
 -1.25616e+02
 -1.25569e+02
 -1.25523e+02
 -1.25476e+02
 -1.25430e+02
 -1.25383e+02
 -1.25337e+02
 -1.25290e+02
 -1.25243e+02
 -1.25197e+02
 -1.25150e+02
 -1.25104e+02
 -1.25057e+02
 -1.25011e+02
 -1.24964e+02
 -1.24917e+02
 -1.24871e+02
 -1.24824e+02
 -1.24778e+02
 -1.24731e+02
 -1.24684e+02
 -1.24638e+02
 -1.24591e+02
 -1.24545e+02
 -1.24498e+02
 -1.24451e+02
 -1.24405e+02
 -1.24358e+02
 -1.24311e+02
 -1.24265e+02
 -1.24218e+02
 -1.24172e+02
 -1.24125e+02
 -1.24078e+02
 -1.24032e+02
 -1.23985e+02
 -1.23938e+02
 -1.23892e+02
 -1.23845e+02
 -1.23798e+02
 -1.23752e+02
 -1.23705e+02
 -1.23658e+02
 -1.23612e+02
 -1.23565e+02
 -1.23518e+02
 -1.23472e+02
 -1.23425e+02
 -1.23378e+02
 -1.23332e+02
 -1.23285e+02
 -1.23238e+02
 -1.23192e+02
 -1.23145e+02
 -1.23098e+02
 -1.23052e+02
 -1.23005e+02
 -1.22958e+02
 -1.22912e+02
 -1.22865e+02
 -1.22818e+02
 -1.22771e+02
 -1.22725e+02
 -1.22678e+02
 -1.22631e+02
 -1.22585e+02
 -1.22538e+02
 -1.22491e+02
 -1.22444e+02
 -1.22398e+02
 -1.22351e+02
 -1.22304e+02
 -1.22257e+02
 -1.22211e+02
 -1.22164e+02
 -1.22117e+02
 -1.22071e+02
 -1.22024e+02
 -1.21977e+02
 -1.21930e+02
 -1.21884e+02
 -1.21837e+02
 -1.21790e+02
 -1.21743e+02
 -1.21696e+02
 -1.21650e+02
 -1.21603e+02
 -1.21556e+02
 -1.21509e+02
 -1.21463e+02
 -1.21416e+02
 -1.21369e+02
 -1.21322e+02
 -1.21275e+02
 -1.21229e+02
 -1.21182e+02
 -1.21135e+02
 -1.21088e+02
 -1.21042e+02
 -1.20995e+02
 -1.20948e+02
 -1.20901e+02
 -1.20854e+02
 -1.20807e+02
 -1.20761e+02
 -1.20714e+02
 -1.20667e+02
 -1.20620e+02
 -1.20573e+02
 -1.20527e+02
 -1.20480e+02
 -1.20433e+02
 -1.20386e+02
 -1.20339e+02
 -1.20292e+02
 -1.20246e+02
 -1.20199e+02
 -1.20152e+02
 -1.20105e+02
 -1.20058e+02
 -1.20011e+02
 -1.19964e+02
 -1.19918e+02
 -1.19871e+02
 -1.19824e+02
 -1.19777e+02
 -1.19730e+02
 -1.19683e+02
 -1.19636e+02
 -1.19589e+02
 -1.19543e+02
 -1.19496e+02
 -1.19449e+02
 -1.19402e+02
 -1.19355e+02
 -1.19308e+02
 -1.19261e+02
 -1.19214e+02
 -1.19167e+02
 -1.19121e+02
 -1.19074e+02
 -1.19027e+02
 -1.18980e+02
 -1.18933e+02
 -1.18886e+02
 -1.18839e+02
 -1.18792e+02
 -1.18745e+02
 -1.18698e+02
 -1.18651e+02
 -1.18605e+02
 -1.18558e+02
 -1.18511e+02
 -1.18464e+02
 -1.18417e+02
 -1.18370e+02
 -1.18323e+02
 -1.18276e+02
 -1.18229e+02
 -1.18182e+02
 -1.18135e+02
 -1.18088e+02
 -1.18041e+02
 -1.17994e+02
 -1.17947e+02
 -1.17900e+02
 -1.17853e+02
 -1.17806e+02
 -1.17759e+02
 -1.17712e+02
 -1.17665e+02
 -1.17618e+02
 -1.17571e+02
 -1.17524e+02
 -1.17477e+02
 -1.17430e+02
 -1.17383e+02
 -1.17336e+02
 -1.17289e+02
 -1.17242e+02
 -1.17195e+02
 -1.17148e+02
 -1.17101e+02
 -1.17054e+02
 -1.17007e+02
 -1.16960e+02
 -1.16913e+02
 -1.16866e+02
 -1.16819e+02
 -1.16772e+02
 -1.16725e+02
 -1.16678e+02
 -1.16631e+02
 -1.16584e+02
 -1.16537e+02
 -1.16490e+02
 -1.16443e+02
 -1.16396e+02
 -1.16349e+02
 -1.16302e+02
 -1.16255e+02
 -1.16208e+02
 -1.16161e+02
 -1.16114e+02
 -1.16067e+02
 -1.16020e+02
 -1.15972e+02
 -1.15925e+02
 -1.15878e+02
 -1.15831e+02
 -1.15784e+02
 -1.15737e+02
 -1.15690e+02
 -1.15643e+02
 -1.15596e+02
 -1.15549e+02
 -1.15502e+02
 -1.15455e+02
 -1.15407e+02
 -1.15360e+02
 -1.15313e+02
 -1.15266e+02
 -1.15219e+02
 -1.15172e+02
 -1.15125e+02
 -1.15078e+02
 -1.15031e+02
 -1.14983e+02
 -1.14936e+02
 -1.14889e+02
 -1.14842e+02
 -1.14795e+02
 -1.14748e+02
 -1.14701e+02
 -1.14654e+02
 -1.14606e+02
 -1.14559e+02
 -1.14512e+02
 -1.14465e+02
 -1.14418e+02
 -1.14371e+02
 -1.14323e+02
 -1.14276e+02
 -1.14229e+02
 -1.14182e+02
 -1.14135e+02
 -1.14088e+02
 -1.14041e+02
 -1.13993e+02
 -1.13946e+02
 -1.13899e+02
 -1.13852e+02
 -1.13805e+02
 -1.13757e+02
 -1.13710e+02
 -1.13663e+02
 -1.13616e+02
 -1.13569e+02
 -1.13521e+02
 -1.13474e+02
 -1.13427e+02
 -1.13380e+02
 -1.13333e+02
 -1.13285e+02
 -1.13238e+02
 -1.13191e+02
 -1.13144e+02
 -1.13097e+02
 -1.13049e+02
 -1.13002e+02
 -1.12955e+02
 -1.12908e+02
 -1.12860e+02
 -1.12813e+02
 -1.12766e+02
 -1.12719e+02
 -1.12671e+02
 -1.12624e+02
 -1.12577e+02
 -1.12530e+02
 -1.12482e+02
 -1.12435e+02
 -1.12388e+02
 -1.12341e+02
 -1.12293e+02
 -1.12246e+02
 -1.12199e+02
 -1.12152e+02
 -1.12104e+02
 -1.12057e+02
 -1.12010e+02
 -1.11962e+02
 -1.11915e+02
 -1.11868e+02
 -1.11821e+02
 -1.11773e+02
 -1.11726e+02
 -1.11679e+02
 -1.11631e+02
 -1.11584e+02
 -1.11537e+02
 -1.11489e+02
 -1.11442e+02
 -1.11395e+02
 -1.11348e+02
 -1.11300e+02
 -1.11253e+02
 -1.11206e+02
 -1.11158e+02
 -1.11111e+02
 -1.11064e+02
 -1.11016e+02
 -1.10969e+02
 -1.10922e+02
 -1.10874e+02
 -1.10827e+02
 -1.10780e+02
 -1.10732e+02
 -1.10685e+02
 -1.10638e+02
 -1.10590e+02
 -1.10543e+02
 -1.10495e+02
 -1.10448e+02
 -1.10401e+02
 -1.10353e+02
 -1.10306e+02
 -1.10259e+02
 -1.10211e+02
 -1.10164e+02
 -1.10116e+02
 -1.10069e+02
 -1.10022e+02
 -1.09974e+02
 -1.09927e+02
 -1.09880e+02
 -1.09832e+02
 -1.09785e+02
 -1.09737e+02
 -1.09690e+02
 -1.09643e+02
 -1.09595e+02
 -1.09548e+02
 -1.09500e+02
 -1.09453e+02
 -1.09405e+02
 -1.09358e+02
 -1.09311e+02
 -1.09263e+02
 -1.09216e+02
 -1.09168e+02
 -1.09121e+02
 -1.09073e+02
 -1.09026e+02
 -1.08979e+02
 -1.08931e+02
 -1.08884e+02
 -1.08836e+02
 -1.08789e+02
 -1.08741e+02
 -1.08694e+02
 -1.08646e+02
 -1.08599e+02
 -1.08551e+02
 -1.08504e+02
 -1.08457e+02
 -1.08409e+02
 -1.08362e+02
 -1.08314e+02
 -1.08267e+02
 -1.08219e+02
 -1.08172e+02
 -1.08124e+02
 -1.08077e+02
 -1.08029e+02
 -1.07982e+02
 -1.07934e+02
 -1.07887e+02
 -1.07839e+02
 -1.07792e+02
 -1.07744e+02
 -1.07697e+02
 -1.07649e+02
 -1.07602e+02
 -1.07554e+02
 -1.07507e+02
 -1.07459e+02
 -1.07412e+02
 -1.07364e+02
 -1.07317e+02
 -1.07269e+02
 -1.07221e+02
 -1.07174e+02
 -1.07126e+02
 -1.07079e+02
 -1.07031e+02
 -1.06984e+02
 -1.06936e+02
 -1.06889e+02
 -1.06841e+02
 -1.06794e+02
 -1.06746e+02
 -1.06698e+02
 -1.06651e+02
 -1.06603e+02
 -1.06556e+02
 -1.06508e+02
 -1.06461e+02
 -1.06413e+02
 -1.06365e+02
 -1.06318e+02
 -1.06270e+02
 -1.06223e+02
 -1.06175e+02
 -1.06127e+02
 -1.06080e+02
 -1.06032e+02
 -1.05985e+02
 -1.05937e+02
 -1.05889e+02
 -1.05842e+02
 -1.05794e+02
 -1.05747e+02
 -1.05699e+02
 -1.05651e+02
 -1.05604e+02
 -1.05556e+02
 -1.05509e+02
 -1.05461e+02
 -1.05413e+02
 -1.05366e+02
 -1.05318e+02
 -1.05270e+02
 -1.05223e+02
 -1.05175e+02
 -1.05127e+02
 -1.05080e+02
 -1.05032e+02
 -1.04984e+02
 -1.04937e+02
 -1.04889e+02
 -1.04841e+02
 -1.04794e+02
 -1.04746e+02
 -1.04698e+02
 -1.04651e+02
 -1.04603e+02
 -1.04555e+02
 -1.04508e+02
 -1.04460e+02
 -1.04412e+02
 -1.04365e+02
 -1.04317e+02
 -1.04269e+02
 -1.04222e+02
 -1.04174e+02
 -1.04126e+02
 -1.04079e+02
 -1.04031e+02
 -1.03983e+02
 -1.03935e+02
 -1.03888e+02
 -1.03840e+02
 -1.03792e+02
 -1.03745e+02
 -1.03697e+02
 -1.03649e+02
 -1.03601e+02
 -1.03554e+02
 -1.03506e+02
 -1.03458e+02
 -1.03410e+02
 -1.03363e+02
 -1.03315e+02
 -1.03267e+02
 -1.03219e+02
 -1.03172e+02
 -1.03124e+02
 -1.03076e+02
 -1.03028e+02
 -1.02981e+02
 -1.02933e+02
 -1.02885e+02
 -1.02837e+02
 -1.02790e+02
 -1.02742e+02
 -1.02694e+02
 -1.02646e+02
 -1.02599e+02
 -1.02551e+02
 -1.02503e+02
 -1.02455e+02
 -1.02407e+02
 -1.02360e+02
 -1.02312e+02
 -1.02264e+02
 -1.02216e+02
 -1.02168e+02
 -1.02121e+02
 -1.02073e+02
 -1.02025e+02
 -1.01977e+02
 -1.01929e+02
 -1.01881e+02
 -1.01834e+02
 -1.01786e+02
 -1.01738e+02
 -1.01690e+02
 -1.01642e+02
 -1.01595e+02
 -1.01547e+02
 -1.01499e+02
 -1.01451e+02
 -1.01403e+02
 -1.01355e+02
 -1.01307e+02
 -1.01260e+02
 -1.01212e+02
 -1.01164e+02
 -1.01116e+02
 -1.01068e+02
 -1.01020e+02
 -1.00972e+02
 -1.00925e+02
 -1.00877e+02
 -1.00829e+02
 -1.00781e+02
 -1.00733e+02
 -1.00685e+02
 -1.00637e+02
 -1.00589e+02
 -1.00542e+02
 -1.00494e+02
 -1.00446e+02
 -1.00398e+02
 -1.00350e+02
 -1.00302e+02
 -1.00254e+02
 -1.00206e+02
 -1.00158e+02
 -1.00110e+02
 -1.00062e+02
 -1.00015e+02
 -9.99666e+01
 -9.99187e+01
 -9.98708e+01
 -9.98228e+01
 -9.97749e+01
 -9.97270e+01
 -9.96790e+01
 -9.96311e+01
 -9.95832e+01
 -9.95352e+01
 -9.94873e+01
 -9.94393e+01
 -9.93914e+01
 -9.93434e+01
 -9.92955e+01
 -9.92475e+01
 -9.91995e+01
 -9.91516e+01
 -9.91036e+01
 -9.90556e+01
 -9.90077e+01
 -9.89597e+01
 -9.89117e+01
 -9.88637e+01
 -9.88157e+01
 -9.87678e+01
 -9.87198e+01
 -9.86718e+01
 -9.86238e+01
 -9.85758e+01
 -9.85278e+01
 -9.84798e+01
 -9.84318e+01
 -9.83838e+01
 -9.83358e+01
 -9.82878e+01
 -9.82398e+01
 -9.81917e+01
 -9.81437e+01
 -9.80957e+01
 -9.80477e+01
 -9.79997e+01
 -9.79516e+01
 -9.79036e+01
 -9.78556e+01
 -9.78075e+01
 -9.77595e+01
 -9.77114e+01
 -9.76634e+01
 -9.76154e+01
 -9.75673e+01
 -9.75193e+01
 -9.74712e+01
 -9.74231e+01
 -9.73751e+01
 -9.73270e+01
 -9.72790e+01
 -9.72309e+01
 -9.71828e+01
 -9.71347e+01
 -9.70867e+01
 -9.70386e+01
 -9.69905e+01
 -9.69424e+01
 -9.68943e+01
 -9.68463e+01
 -9.67982e+01
 -9.67501e+01
 -9.67020e+01
 -9.66539e+01
 -9.66058e+01
 -9.65577e+01
 -9.65096e+01
 -9.64615e+01
 -9.64134e+01
 -9.63652e+01
 -9.63171e+01
 -9.62690e+01
 -9.62209e+01
 -9.61728e+01
 -9.61246e+01
 -9.60765e+01
 -9.60284e+01
 -9.59802e+01
 -9.59321e+01
 -9.58840e+01
 -9.58358e+01
 -9.57877e+01
 -9.57395e+01
 -9.56914e+01
 -9.56432e+01
 -9.55951e+01
 -9.55469e+01
 -9.54988e+01
 -9.54506e+01
 -9.54024e+01
 -9.53543e+01
 -9.53061e+01
 -9.52579e+01
 -9.52098e+01
 -9.51616e+01
 -9.51134e+01
 -9.50652e+01
 -9.50170e+01
 -9.49689e+01
 -9.49207e+01
 -9.48725e+01
 -9.48243e+01
 -9.47761e+01
 -9.47279e+01
 -9.46797e+01
 -9.46315e+01
 -9.45833e+01
 -9.45350e+01
 -9.44868e+01
 -9.44386e+01
 -9.43904e+01
 -9.43422e+01
 -9.42940e+01
 -9.42457e+01
 -9.41975e+01
 -9.41493e+01
 -9.41010e+01
 -9.40528e+01
 -9.40046e+01
 -9.39563e+01
 -9.39081e+01
 -9.38598e+01
 -9.38116e+01
 -9.37633e+01
 -9.37151e+01
 -9.36668e+01
 -9.36186e+01
 -9.35703e+01
 -9.35220e+01
 -9.34738e+01
 -9.34255e+01
 -9.33772e+01
 -9.33290e+01
 -9.32807e+01
 -9.32324e+01
 -9.31841e+01
 -9.31358e+01
 -9.30875e+01
 -9.30392e+01
 -9.29910e+01
 -9.29427e+01
 -9.28944e+01
 -9.28461e+01
 -9.27978e+01
 -9.27495e+01
 -9.27011e+01
 -9.26528e+01
 -9.26045e+01
 -9.25562e+01
 -9.25079e+01
 -9.24596e+01
 -9.24112e+01
 -9.23629e+01
 -9.23146e+01
 -9.22663e+01
 -9.22179e+01
 -9.21696e+01
 -9.21212e+01
 -9.20729e+01
 -9.20246e+01
 -9.19762e+01
 -9.19279e+01
 -9.18795e+01
 -9.18312e+01
 -9.17828e+01
 -9.17344e+01
 -9.16861e+01
 -9.16377e+01
 -9.15893e+01
 -9.15410e+01
 -9.14926e+01
 -9.14442e+01
 -9.13959e+01
 -9.13475e+01
 -9.12991e+01
 -9.12507e+01
 -9.12023e+01
 -9.11539e+01
 -9.11055e+01
 -9.10571e+01
 -9.10087e+01
 -9.09603e+01
 -9.09119e+01
 -9.08635e+01
 -9.08151e+01
 -9.07667e+01
 -9.07183e+01
 -9.06699e+01
 -9.06215e+01
 -9.05730e+01
 -9.05246e+01
 -9.04762e+01
 -9.04278e+01
 -9.03793e+01
 -9.03309e+01
 -9.02825e+01
 -9.02340e+01
 -9.01856e+01
 -9.01371e+01
 -9.00887e+01
 -9.00402e+01
 -8.99918e+01
 -8.99433e+01
 -8.98949e+01
 -8.98464e+01
 -8.97979e+01
 -8.97495e+01
 -8.97010e+01
 -8.96525e+01
 -8.96041e+01
 -8.95556e+01
 -8.95071e+01
 -8.94586e+01
 -8.94102e+01
 -8.93617e+01
 -8.93132e+01
 -8.92647e+01
 -8.92162e+01
 -8.91677e+01
 -8.91192e+01
 -8.90707e+01
 -8.90222e+01
 -8.89737e+01
 -8.89252e+01
 -8.88767e+01
 -8.88281e+01
 -8.87796e+01
 -8.87311e+01
 -8.86826e+01
 -8.86341e+01
 -8.85855e+01
 -8.85370e+01
 -8.84885e+01
 -8.84399e+01
 -8.83914e+01
 -8.83429e+01
 -8.82943e+01
 -8.82458e+01
 -8.81972e+01
 -8.81487e+01
 -8.81001e+01
 -8.80516e+01
 -8.80030e+01
 -8.79544e+01
 -8.79059e+01
 -8.78573e+01
 -8.78088e+01
 -8.77602e+01
 -8.77116e+01
 -8.76630e+01
 -8.76145e+01
 -8.75659e+01
 -8.75173e+01
 -8.74687e+01
 -8.74201e+01
 -8.73715e+01
 -8.73229e+01
 -8.72743e+01
 -8.72257e+01
 -8.71771e+01
 -8.71285e+01
 -8.70799e+01
 -8.70313e+01
 -8.69827e+01
 -8.69341e+01
 -8.68855e+01
 -8.68368e+01
 -8.67882e+01
 -8.67396e+01
 -8.66910e+01
 -8.66423e+01
 -8.65937e+01
 -8.65451e+01
 -8.64964e+01
 -8.64478e+01
 -8.63991e+01
 -8.63505e+01
 -8.63018e+01
 -8.62532e+01
 -8.62045e+01
 -8.61559e+01
 -8.61072e+01
 -8.60586e+01
 -8.60099e+01
 -8.59612e+01
 -8.59126e+01
 -8.58639e+01
 -8.58152e+01
 -8.57665e+01
 -8.57179e+01
 -8.56692e+01
 -8.56205e+01
 -8.55718e+01
 -8.55231e+01
 -8.54744e+01
 -8.54257e+01
 -8.53770e+01
 -8.53283e+01
 -8.52796e+01
 -8.52309e+01
 -8.51822e+01
 -8.51335e+01
 -8.50848e+01
 -8.50361e+01
 -8.49873e+01
 -8.49386e+01
 -8.48899e+01
 -8.48412e+01
 -8.47924e+01
 -8.47437e+01
 -8.46950e+01
 -8.46462e+01
 -8.45975e+01
 -8.45488e+01
 -8.45000e+01
 -8.44513e+01
 -8.44025e+01
 -8.43538e+01
 -8.43050e+01
 -8.42562e+01
 -8.42075e+01
 -8.41587e+01
 -8.41100e+01
 -8.40612e+01
 -8.40124e+01
 -8.39636e+01
 -8.39149e+01
 -8.38661e+01
 -8.38173e+01
 -8.37685e+01
 -8.37197e+01
 -8.36710e+01
 -8.36222e+01
 -8.35734e+01
 -8.35246e+01
 -8.34758e+01
 -8.34270e+01
 -8.33782e+01
 -8.33294e+01
 -8.32805e+01
 -8.32317e+01
 -8.31829e+01
 -8.31341e+01
 -8.30853e+01
 -8.30365e+01
 -8.29876e+01
 -8.29388e+01
 -8.28900e+01
 -8.28411e+01
 -8.27923e+01
 -8.27435e+01
 -8.26946e+01
 -8.26458e+01
 -8.25969e+01
 -8.25481e+01
 -8.24992e+01
 -8.24504e+01
 -8.24015e+01
 -8.23527e+01
 -8.23038e+01
 -8.22549e+01
 -8.22061e+01
 -8.21572e+01
 -8.21083e+01
 -8.20595e+01
 -8.20106e+01
 -8.19617e+01
 -8.19128e+01
 -8.18639e+01
 -8.18150e+01
 -8.17662e+01
 -8.17173e+01
 -8.16684e+01
 -8.16195e+01
 -8.15706e+01
 -8.15217e+01
 -8.14728e+01
 -8.14239e+01
 -8.13749e+01
 -8.13260e+01
 -8.12771e+01
 -8.12282e+01
 -8.11793e+01
 -8.11303e+01
 -8.10814e+01
 -8.10325e+01
 -8.09836e+01
 -8.09346e+01
 -8.08857e+01
 -8.08367e+01
 -8.07878e+01
 -8.07389e+01
 -8.06899e+01
 -8.06410e+01
 -8.05920e+01
 -8.05431e+01
 -8.04941e+01
 -8.04451e+01
 -8.03962e+01
 -8.03472e+01
 -8.02982e+01
 -8.02493e+01
 -8.02003e+01
 -8.01513e+01
 -8.01023e+01
 -8.00534e+01
 -8.00044e+01
 -7.99554e+01
 -7.99064e+01
 -7.98574e+01
 -7.98084e+01
 -7.97594e+01
 -7.97104e+01
 -7.96614e+01
 -7.96124e+01
 -7.95634e+01
 -7.95144e+01
 -7.94654e+01
 -7.94164e+01
 -7.93673e+01
 -7.93183e+01
 -7.92693e+01
 -7.92203e+01
 -7.91712e+01
 -7.91222e+01
 -7.90732e+01
 -7.90241e+01
 -7.89751e+01
 -7.89261e+01
 -7.88770e+01
 -7.88280e+01
 -7.87789e+01
 -7.87299e+01
 -7.86808e+01
 -7.86318e+01
 -7.85827e+01
 -7.85336e+01
 -7.84846e+01
 -7.84355e+01
 -7.83864e+01
 -7.83374e+01
 -7.82883e+01
 -7.82392e+01
 -7.81901e+01
 -7.81410e+01
 -7.80919e+01
 -7.80429e+01
 -7.79938e+01
 -7.79447e+01
 -7.78956e+01
 -7.78465e+01
 -7.77974e+01
 -7.77483e+01
 -7.76992e+01
 -7.76501e+01
 -7.76009e+01
 -7.75518e+01
 -7.75027e+01
 -7.74536e+01
 -7.74045e+01
 -7.73553e+01
 -7.73062e+01
 -7.72571e+01
 -7.72080e+01
 -7.71588e+01
 -7.71097e+01
 -7.70605e+01
 -7.70114e+01
 -7.69623e+01
 -7.69131e+01
 -7.68640e+01
 -7.68148e+01
 -7.67656e+01
 -7.67165e+01
 -7.66673e+01
 -7.66182e+01
 -7.65690e+01
 -7.65198e+01
 -7.64706e+01
 -7.64215e+01
 -7.63723e+01
 -7.63231e+01
 -7.62739e+01
 -7.62247e+01
 -7.61756e+01
 -7.61264e+01
 -7.60772e+01
 -7.60280e+01
 -7.59788e+01
 -7.59296e+01
 -7.58804e+01
 -7.58312e+01
 -7.57820e+01
 -7.57327e+01
 -7.56835e+01
 -7.56343e+01
 -7.55851e+01
 -7.55359e+01
 -7.54866e+01
 -7.54374e+01
 -7.53882e+01
 -7.53390e+01
 -7.52897e+01
 -7.52405e+01
 -7.51912e+01
 -7.51420e+01
 -7.50928e+01
 -7.50435e+01
 -7.49943e+01
 -7.49450e+01
 -7.48957e+01
 -7.48465e+01
 -7.47972e+01
 -7.47480e+01
 -7.46987e+01
 -7.46494e+01
 -7.46002e+01
 -7.45509e+01
 -7.45016e+01
 -7.44523e+01
 -7.44030e+01
 -7.43538e+01
 -7.43045e+01
 -7.42552e+01
 -7.42059e+01
 -7.41566e+01
 -7.41073e+01
 -7.40580e+01
 -7.40087e+01
 -7.39594e+01
 -7.39101e+01
 -7.38608e+01
 -7.38114e+01
 -7.37621e+01
 -7.37128e+01
 -7.36635e+01
 -7.36142e+01
 -7.35648e+01
 -7.35155e+01
 -7.34662e+01
 -7.34168e+01
 -7.33675e+01
 -7.33182e+01
 -7.32688e+01
 -7.32195e+01
 -7.31701e+01
 -7.31208e+01
 -7.30714e+01
 -7.30221e+01
 -7.29727e+01
 -7.29233e+01
 -7.28740e+01
 -7.28246e+01
 -7.27752e+01
 -7.27259e+01
 -7.26765e+01
 -7.26271e+01
 -7.25777e+01
 -7.25284e+01
 -7.24790e+01
 -7.24296e+01
 -7.23802e+01
 -7.23308e+01
 -7.22814e+01
 -7.22320e+01
 -7.21826e+01
 -7.21332e+01
 -7.20838e+01
 -7.20344e+01
 -7.19850e+01
 -7.19356e+01
 -7.18862e+01
 -7.18367e+01
 -7.17873e+01
 -7.17379e+01
 -7.16885e+01
 -7.16390e+01
 -7.15896e+01
 -7.15402e+01
 -7.14907e+01
 -7.14413e+01
 -7.13918e+01
 -7.13424e+01
 -7.12930e+01
 -7.12435e+01
 -7.11941e+01
 -7.11446e+01
 -7.10951e+01
 -7.10457e+01
 -7.09962e+01
 -7.09467e+01
 -7.08973e+01
 -7.08478e+01
 -7.07983e+01
 -7.07489e+01
 -7.06994e+01
 -7.06499e+01
 -7.06004e+01
 -7.05509e+01
 -7.05014e+01
 -7.04519e+01
 -7.04024e+01
 -7.03529e+01
 -7.03034e+01
 -7.02539e+01
 -7.02044e+01
 -7.01549e+01
 -7.01054e+01
 -7.00559e+01
 -7.00064e+01
 -6.99569e+01
 -6.99073e+01
 -6.98578e+01
 -6.98083e+01
 -6.97588e+01
 -6.97092e+01
 -6.96597e+01
 -6.96102e+01
 -6.95606e+01
 -6.95111e+01
 -6.94615e+01
 -6.94120e+01
 -6.93624e+01
 -6.93129e+01
 -6.92633e+01
 -6.92138e+01
 -6.91642e+01
 -6.91146e+01
 -6.90651e+01
 -6.90155e+01
 -6.89659e+01
 -6.89164e+01
 -6.88668e+01
 -6.88172e+01
 -6.87676e+01
 -6.87180e+01
 -6.86684e+01
 -6.86188e+01
 -6.85693e+01
 -6.85197e+01
 -6.84701e+01
 -6.84205e+01
 -6.83709e+01
 -6.83213e+01
 -6.82716e+01
 -6.82220e+01
 -6.81724e+01
 -6.81228e+01
 -6.80732e+01
 -6.80236e+01
 -6.79739e+01
 -6.79243e+01
 -6.78747e+01
 -6.78250e+01
 -6.77754e+01
 -6.77258e+01
 -6.76761e+01
 -6.76265e+01
 -6.75768e+01
 -6.75272e+01
 -6.74775e+01
 -6.74279e+01
 -6.73782e+01
 -6.73286e+01
 -6.72789e+01
 -6.72292e+01
 -6.71796e+01
 -6.71299e+01
 -6.70802e+01
 -6.70306e+01
 -6.69809e+01
 -6.69312e+01
 -6.68815e+01
 -6.68318e+01
 -6.67821e+01
 -6.67325e+01
 -6.66828e+01
 -6.66331e+01
 -6.65834e+01
 -6.65337e+01
 -6.64840e+01
 -6.64343e+01
 -6.63845e+01
 -6.63348e+01
 -6.62851e+01
 -6.62354e+01
 -6.61857e+01
 -6.61360e+01
 -6.60862e+01
 -6.60365e+01
 -6.59868e+01
 -6.59370e+01
 -6.58873e+01
 -6.58376e+01
 -6.57878e+01
 -6.57381e+01
 -6.56883e+01
 -6.56386e+01
 -6.55888e+01
 -6.55391e+01
 -6.54893e+01
 -6.54396e+01
 -6.53898e+01
 -6.53400e+01
 -6.52903e+01
 -6.52405e+01
 -6.51907e+01
 -6.51410e+01
 -6.50912e+01
 -6.50414e+01
 -6.49916e+01
 -6.49418e+01
 -6.48920e+01
 -6.48422e+01
 -6.47925e+01
 -6.47427e+01
 -6.46929e+01
 -6.46431e+01
 -6.45932e+01
 -6.45434e+01
 -6.44936e+01
 -6.44438e+01
 -6.43940e+01
 -6.43442e+01
 -6.42944e+01
 -6.42445e+01
 -6.41947e+01
 -6.41449e+01
 -6.40951e+01
 -6.40452e+01
 -6.39954e+01
 -6.39455e+01
 -6.38957e+01
 -6.38459e+01
 -6.37960e+01
 -6.37462e+01
 -6.36963e+01
 -6.36465e+01
 -6.35966e+01
 -6.35467e+01
 -6.34969e+01
 -6.34470e+01
 -6.33971e+01
 -6.33473e+01
 -6.32974e+01
 -6.32475e+01
 -6.31976e+01
 -6.31478e+01
 -6.30979e+01
 -6.30480e+01
 -6.29981e+01
 -6.29482e+01
 -6.28983e+01
 -6.28484e+01
 -6.27985e+01
 -6.27486e+01
 -6.26987e+01
 -6.26488e+01
 -6.25989e+01
 -6.25490e+01
 -6.24991e+01
 -6.24491e+01
 -6.23992e+01
 -6.23493e+01
 -6.22994e+01
 -6.22494e+01
 -6.21995e+01
 -6.21496e+01
 -6.20996e+01
 -6.20497e+01
 -6.19997e+01
 -6.19498e+01
 -6.18999e+01
 -6.18499e+01
 -6.17999e+01
 -6.17500e+01
 -6.17000e+01
 -6.16501e+01
 -6.16001e+01
 -6.15501e+01
 -6.15002e+01
 -6.14502e+01
 -6.14002e+01
 -6.13502e+01
 -6.13003e+01
 -6.12503e+01
 -6.12003e+01
 -6.11503e+01
 -6.11003e+01
 -6.10503e+01
 -6.10003e+01
 -6.09503e+01
 -6.09003e+01
 -6.08503e+01
 -6.08003e+01
 -6.07503e+01
 -6.07003e+01
 -6.06503e+01
 -6.06003e+01
 -6.05502e+01
 -6.05002e+01
 -6.04502e+01
 -6.04002e+01
 -6.03501e+01
 -6.03001e+01
 -6.02501e+01
 -6.02000e+01
 -6.01500e+01
 -6.00999e+01
 -6.00499e+01
 -5.99999e+01
 -5.99498e+01
 -5.98997e+01
 -5.98497e+01
 -5.97996e+01
 -5.97496e+01
 -5.96995e+01
 -5.96494e+01
 -5.95994e+01
 -5.95493e+01
 -5.94992e+01
 -5.94491e+01
 -5.93991e+01
 -5.93490e+01
 -5.92989e+01
 -5.92488e+01
 -5.91987e+01
 -5.91486e+01
 -5.90985e+01
 -5.90484e+01
 -5.89983e+01
 -5.89482e+01
 -5.88981e+01
 -5.88480e+01
 -5.87979e+01
 -5.87478e+01
 -5.86976e+01
 -5.86475e+01
 -5.85974e+01
 -5.85473e+01
 -5.84971e+01
 -5.84470e+01
 -5.83969e+01
 -5.83467e+01
 -5.82966e+01
 -5.82464e+01
 -5.81963e+01
 -5.81462e+01
 -5.80960e+01
 -5.80458e+01
 -5.79957e+01
 -5.79455e+01
 -5.78954e+01
 -5.78452e+01
 -5.77950e+01
 -5.77449e+01
 -5.76947e+01
 -5.76445e+01
 -5.75943e+01
 -5.75442e+01
 -5.74940e+01
 -5.74438e+01
 -5.73936e+01
 -5.73434e+01
 -5.72932e+01
 -5.72430e+01
 -5.71928e+01
 -5.71426e+01
 -5.70924e+01
 -5.70422e+01
 -5.69920e+01
 -5.69418e+01
 -5.68916e+01
 -5.68414e+01
 -5.67911e+01
 -5.67409e+01
 -5.66907e+01
 -5.66405e+01
 -5.65902e+01
 -5.65400e+01
 -5.64898e+01
 -5.64395e+01
 -5.63893e+01
 -5.63390e+01
 -5.62888e+01
 -5.62385e+01
 -5.61883e+01
 -5.61380e+01
 -5.60878e+01
 -5.60375e+01
 -5.59873e+01
 -5.59370e+01
 -5.58867e+01
 -5.58365e+01
 -5.57862e+01
 -5.57359e+01
 -5.56856e+01
 -5.56353e+01
 -5.55851e+01
 -5.55348e+01
 -5.54845e+01
 -5.54342e+01
 -5.53839e+01
 -5.53336e+01
 -5.52833e+01
 -5.52330e+01
 -5.51827e+01
 -5.51324e+01
 -5.50821e+01
 -5.50318e+01
 -5.49814e+01
 -5.49311e+01
 -5.48808e+01
 -5.48305e+01
 -5.47801e+01
 -5.47298e+01
 -5.46795e+01
 -5.46292e+01
 -5.45788e+01
 -5.45285e+01
 -5.44781e+01
 -5.44278e+01
 -5.43774e+01
 -5.43271e+01
 -5.42767e+01
 -5.42264e+01
 -5.41760e+01
 -5.41257e+01
 -5.40753e+01
 -5.40249e+01
 -5.39745e+01
 -5.39242e+01
 -5.38738e+01
 -5.38234e+01
 -5.37730e+01
 -5.37227e+01
 -5.36723e+01
 -5.36219e+01
 -5.35715e+01
 -5.35211e+01
 -5.34707e+01
 -5.34203e+01
 -5.33699e+01
 -5.33195e+01
 -5.32691e+01
 -5.32187e+01
 -5.31683e+01
 -5.31178e+01
 -5.30674e+01
 -5.30170e+01
 -5.29666e+01
 -5.29162e+01
 -5.28657e+01
 -5.28153e+01
 -5.27649e+01
 -5.27144e+01
 -5.26640e+01
 -5.26135e+01
 -5.25631e+01
 -5.25126e+01
 -5.24622e+01
 -5.24117e+01
 -5.23613e+01
 -5.23108e+01
 -5.22604e+01
 -5.22099e+01
 -5.21594e+01
 -5.21090e+01
 -5.20585e+01
 -5.20080e+01
 -5.19575e+01
 -5.19071e+01
 -5.18566e+01
 -5.18061e+01
 -5.17556e+01
 -5.17051e+01
 -5.16546e+01
 -5.16041e+01
 -5.15536e+01
 -5.15031e+01
 -5.14526e+01
 -5.14021e+01
 -5.13516e+01
 -5.13011e+01
 -5.12506e+01
 -5.12001e+01
 -5.11495e+01
 -5.10990e+01
 -5.10485e+01
 -5.09980e+01
 -5.09474e+01
 -5.08969e+01
 -5.08464e+01
 -5.07958e+01
 -5.07453e+01
 -5.06947e+01
 -5.06442e+01
 -5.05936e+01
 -5.05431e+01
 -5.04925e+01
 -5.04420e+01
 -5.03914e+01
 -5.03408e+01
 -5.02903e+01
 -5.02397e+01
 -5.01891e+01
 -5.01386e+01
 -5.00880e+01
 -5.00374e+01
 -4.99868e+01
 -4.99362e+01
 -4.98857e+01
 -4.98351e+01
 -4.97845e+01
 -4.97339e+01
 -4.96833e+01
 -4.96327e+01
 -4.95821e+01
 -4.95315e+01
 -4.94809e+01
 -4.94302e+01
 -4.93796e+01
 -4.93290e+01
 -4.92784e+01
 -4.92278e+01
 -4.91771e+01
 -4.91265e+01
 -4.90759e+01
 -4.90252e+01
 -4.89746e+01
 -4.89240e+01
 -4.88733e+01
 -4.88227e+01
 -4.87720e+01
 -4.87214e+01
 -4.86707e+01
 -4.86201e+01
 -4.85694e+01
 -4.85188e+01
 -4.84681e+01
 -4.84174e+01
 -4.83668e+01
 -4.83161e+01
 -4.82654e+01
 -4.82147e+01
 -4.81641e+01
 -4.81134e+01
 -4.80627e+01
 -4.80120e+01
 -4.79613e+01
 -4.79106e+01
 -4.78599e+01
 -4.78092e+01
 -4.77585e+01
 -4.77078e+01
 -4.76571e+01
 -4.76064e+01
 -4.75557e+01
 -4.75050e+01
 -4.74543e+01
 -4.74035e+01
 -4.73528e+01
 -4.73021e+01
 -4.72514e+01
 -4.72006e+01
 -4.71499e+01
 -4.70992e+01
 -4.70484e+01
 -4.69977e+01
 -4.69469e+01
 -4.68962e+01
 -4.68454e+01
 -4.67947e+01
 -4.67439e+01
 -4.66932e+01
 -4.66424e+01
 -4.65917e+01
 -4.65409e+01
 -4.64901e+01
 -4.64394e+01
 -4.63886e+01
 -4.63378e+01
 -4.62870e+01
 -4.62362e+01
 -4.61855e+01
 -4.61347e+01
 -4.60839e+01
 -4.60331e+01
 -4.59823e+01
 -4.59315e+01
 -4.58807e+01
 -4.58299e+01
 -4.57791e+01
 -4.57283e+01
 -4.56775e+01
 -4.56266e+01
 -4.55758e+01
 -4.55250e+01
 -4.54742e+01
 -4.54234e+01
 -4.53725e+01
 -4.53217e+01
 -4.52709e+01
 -4.52200e+01
 -4.51692e+01
 -4.51184e+01
 -4.50675e+01
 -4.50167e+01
 -4.49658e+01
 -4.49150e+01
 -4.48641e+01
 -4.48132e+01
 -4.47624e+01
 -4.47115e+01
 -4.46607e+01
 -4.46098e+01
 -4.45589e+01
 -4.45080e+01
 -4.44572e+01
 -4.44063e+01
 -4.43554e+01
 -4.43045e+01
 -4.42536e+01
 -4.42027e+01
 -4.41518e+01
 -4.41010e+01
 -4.40501e+01
 -4.39992e+01
 -4.39482e+01
 -4.38973e+01
 -4.38464e+01
 -4.37955e+01
 -4.37446e+01
 -4.36937e+01
 -4.36428e+01
 -4.35918e+01
 -4.35409e+01
 -4.34900e+01
 -4.34391e+01
 -4.33881e+01
 -4.33372e+01
 -4.32862e+01
 -4.32353e+01
 -4.31844e+01
 -4.31334e+01
 -4.30825e+01
 -4.30315e+01
 -4.29806e+01
 -4.29296e+01
 -4.28786e+01
 -4.28277e+01
 -4.27767e+01
 -4.27257e+01
 -4.26748e+01
 -4.26238e+01
 -4.25728e+01
 -4.25218e+01
 -4.24709e+01
 -4.24199e+01
 -4.23689e+01
 -4.23179e+01
 -4.22669e+01
 -4.22159e+01
 -4.21649e+01
 -4.21139e+01
 -4.20629e+01
 -4.20119e+01
 -4.19609e+01
 -4.19099e+01
 -4.18588e+01
 -4.18078e+01
 -4.17568e+01
 -4.17058e+01
 -4.16548e+01
 -4.16037e+01
 -4.15527e+01
 -4.15017e+01
 -4.14506e+01
 -4.13996e+01
 -4.13485e+01
 -4.12975e+01
 -4.12465e+01
 -4.11954e+01
 -4.11444e+01
 -4.10933e+01
 -4.10422e+01
 -4.09912e+01
 -4.09401e+01
 -4.08890e+01
 -4.08380e+01
 -4.07869e+01
 -4.07358e+01
 -4.06848e+01
 -4.06337e+01
 -4.05826e+01
 -4.05315e+01
 -4.04804e+01
 -4.04293e+01
 -4.03782e+01
 -4.03271e+01
 -4.02760e+01
 -4.02249e+01
 -4.01738e+01
 -4.01227e+01
 -4.00716e+01
 -4.00205e+01
 -3.99694e+01
 -3.99183e+01
 -3.98671e+01
 -3.98160e+01
 -3.97649e+01
 -3.97138e+01
 -3.96626e+01
 -3.96115e+01
 -3.95604e+01
 -3.95092e+01
 -3.94581e+01
 -3.94069e+01
 -3.93558e+01
 -3.93046e+01
 -3.92535e+01
 -3.92023e+01
 -3.91512e+01
 -3.91000e+01
 -3.90488e+01
 -3.89977e+01
 -3.89465e+01
 -3.88953e+01
 -3.88441e+01
 -3.87930e+01
 -3.87418e+01
 -3.86906e+01
 -3.86394e+01
 -3.85882e+01
 -3.85370e+01
 -3.84858e+01
 -3.84346e+01
 -3.83834e+01
 -3.83322e+01
 -3.82810e+01
 -3.82298e+01
 -3.81786e+01
 -3.81274e+01
 -3.80762e+01
 -3.80250e+01
 -3.79737e+01
 -3.79225e+01
 -3.78713e+01
 -3.78201e+01
 -3.77688e+01
 -3.77176e+01
 -3.76663e+01
 -3.76151e+01
 -3.75639e+01
 -3.75126e+01
 -3.74614e+01
 -3.74101e+01
 -3.73589e+01
 -3.73076e+01
 -3.72563e+01
 -3.72051e+01
 -3.71538e+01
 -3.71025e+01
 -3.70513e+01
 -3.70000e+01
 -3.69487e+01
 -3.68974e+01
 -3.68462e+01
 -3.67949e+01
 -3.67436e+01
 -3.66923e+01
 -3.66410e+01
 -3.65897e+01
 -3.65384e+01
 -3.64871e+01
 -3.64358e+01
 -3.63845e+01
 -3.63332e+01
 -3.62819e+01
 -3.62306e+01
 -3.61792e+01
 -3.61279e+01
 -3.60766e+01
 -3.60253e+01
 -3.59739e+01
 -3.59226e+01
 -3.58713e+01
 -3.58199e+01
 -3.57686e+01
 -3.57173e+01
 -3.56659e+01
 -3.56146e+01
 -3.55632e+01
 -3.55119e+01
 -3.54605e+01
 -3.54092e+01
 -3.53578e+01
 -3.53064e+01
 -3.52551e+01
 -3.52037e+01
 -3.51523e+01
 -3.51009e+01
 -3.50496e+01
 -3.49982e+01
 -3.49468e+01
 -3.48954e+01
 -3.48440e+01
 -3.47926e+01
 -3.47412e+01
 -3.46898e+01
 -3.46384e+01
 -3.45870e+01
 -3.45356e+01
 -3.44842e+01
 -3.44328e+01
 -3.43814e+01
 -3.43300e+01
 -3.42786e+01
 -3.42272e+01
 -3.41757e+01
 -3.41243e+01
 -3.40729e+01
 -3.40214e+01
 -3.39700e+01
 -3.39186e+01
 -3.38671e+01
 -3.38157e+01
 -3.37642e+01
 -3.37128e+01
 -3.36613e+01
 -3.36099e+01
 -3.35584e+01
 -3.35070e+01
 -3.34555e+01
 -3.34040e+01
 -3.33526e+01
 -3.33011e+01
 -3.32496e+01
 -3.31981e+01
 -3.31467e+01
 -3.30952e+01
 -3.30437e+01
 -3.29922e+01
 -3.29407e+01
 -3.28892e+01
 -3.28377e+01
 -3.27862e+01
 -3.27347e+01
 -3.26832e+01
 -3.26317e+01
 -3.25802e+01
 -3.25287e+01
 -3.24772e+01
 -3.24257e+01
 -3.23742e+01
 -3.23226e+01
 -3.22711e+01
 -3.22196e+01
 -3.21680e+01
 -3.21165e+01
 -3.20650e+01
 -3.20134e+01
 -3.19619e+01
 -3.19103e+01
 -3.18588e+01
 -3.18073e+01
 -3.17557e+01
 -3.17041e+01
 -3.16526e+01
 -3.16010e+01
 -3.15495e+01
 -3.14979e+01
 -3.14463e+01
 -3.13947e+01
 -3.13432e+01
 -3.12916e+01
 -3.12400e+01
 -3.11884e+01
 -3.11368e+01
 -3.10853e+01
 -3.10337e+01
 -3.09821e+01
 -3.09305e+01
 -3.08789e+01
 -3.08273e+01
 -3.07757e+01
 -3.07241e+01
 -3.06724e+01
 -3.06208e+01
 -3.05692e+01
 -3.05176e+01
 -3.04660e+01
 -3.04144e+01
 -3.03627e+01
 -3.03111e+01
 -3.02595e+01
 -3.02078e+01
 -3.01562e+01
 -3.01045e+01
 -3.00529e+01
 -3.00013e+01
 -2.99496e+01
 -2.98980e+01
 -2.98463e+01
 -2.97946e+01
 -2.97430e+01
 -2.96913e+01
 -2.96397e+01
 -2.95880e+01
 -2.95363e+01
 -2.94846e+01
 -2.94330e+01
 -2.93813e+01
 -2.93296e+01
 -2.92779e+01
 -2.92262e+01
 -2.91745e+01
 -2.91228e+01
 -2.90711e+01
 -2.90195e+01
 -2.89677e+01
 -2.89160e+01
 -2.88643e+01
 -2.88126e+01
 -2.87609e+01
 -2.87092e+01
 -2.86575e+01
 -2.86058e+01
 -2.85540e+01
 -2.85023e+01
 -2.84506e+01
 -2.83989e+01
 -2.83471e+01
 -2.82954e+01
 -2.82436e+01
 -2.81919e+01
 -2.81401e+01
 -2.80884e+01
 -2.80367e+01
 -2.79849e+01
 -2.79331e+01
 -2.78814e+01
 -2.78296e+01
 -2.77779e+01
 -2.77261e+01
 -2.76743e+01
 -2.76225e+01
 -2.75708e+01
 -2.75190e+01
 -2.74672e+01
 -2.74154e+01
 -2.73636e+01
 -2.73118e+01
 -2.72601e+01
 -2.72083e+01
 -2.71565e+01
 -2.71047e+01
 -2.70529e+01
 -2.70010e+01
 -2.69492e+01
 -2.68974e+01
 -2.68456e+01
 -2.67938e+01
 -2.67420e+01
 -2.66902e+01
 -2.66383e+01
 -2.65865e+01
 -2.65347e+01
 -2.64828e+01
 -2.64310e+01
 -2.63792e+01
 -2.63273e+01
 -2.62755e+01
 -2.62236e+01
 -2.61718e+01
 -2.61199e+01
 -2.60681e+01
 -2.60162e+01
 -2.59643e+01
 -2.59125e+01
 -2.58606e+01
 -2.58087e+01
 -2.57569e+01
 -2.57050e+01
 -2.56531e+01
 -2.56012e+01
 -2.55494e+01
 -2.54975e+01
 -2.54456e+01
 -2.53937e+01
 -2.53418e+01
 -2.52899e+01
 -2.52380e+01
 -2.51861e+01
 -2.51342e+01
 -2.50823e+01
 -2.50304e+01
 -2.49785e+01
 -2.49265e+01
 -2.48746e+01
 -2.48227e+01
 -2.47708e+01
 -2.47188e+01
 -2.46669e+01
 -2.46150e+01
 -2.45630e+01
 -2.45111e+01
 -2.44592e+01
 -2.44072e+01
 -2.43553e+01
 -2.43033e+01
 -2.42514e+01
 -2.41994e+01
 -2.41475e+01
 -2.40955e+01
 -2.40435e+01
 -2.39916e+01
 -2.39396e+01
 -2.38876e+01
 -2.38356e+01
 -2.37837e+01
 -2.37317e+01
 -2.36797e+01
 -2.36277e+01
 -2.35757e+01
 -2.35237e+01
 -2.34717e+01
 -2.34197e+01
 -2.33677e+01
 -2.33157e+01
 -2.32637e+01
 -2.32117e+01
 -2.31597e+01
 -2.31077e+01
 -2.30557e+01
 -2.30037e+01
 -2.29516e+01
 -2.28996e+01
 -2.28476e+01
 -2.27956e+01
 -2.27435e+01
 -2.26915e+01
 -2.26395e+01
 -2.25874e+01
 -2.25354e+01
 -2.24833e+01
 -2.24313e+01
 -2.23792e+01
 -2.23272e+01
 -2.22751e+01
 -2.22231e+01
 -2.21710e+01
 -2.21189e+01
 -2.20669e+01
 -2.20148e+01
 -2.19627e+01
 -2.19106e+01
 -2.18586e+01
 -2.18065e+01
 -2.17544e+01
 -2.17023e+01
 -2.16502e+01
 -2.15981e+01
 -2.15460e+01
 -2.14939e+01
 -2.14418e+01
 -2.13897e+01
 -2.13376e+01
 -2.12855e+01
 -2.12334e+01
 -2.11813e+01
 -2.11291e+01
 -2.10770e+01
 -2.10249e+01
 -2.09728e+01
 -2.09206e+01
 -2.08685e+01
 -2.08164e+01
 -2.07642e+01
 -2.07121e+01
 -2.06599e+01
 -2.06078e+01
 -2.05556e+01
 -2.05035e+01
 -2.04513e+01
 -2.03992e+01
 -2.03470e+01
 -2.02949e+01
 -2.02427e+01
 -2.01905e+01
 -2.01384e+01
 -2.00862e+01
 -2.00340e+01
 -1.99818e+01
 -1.99296e+01
 -1.98775e+01
 -1.98253e+01
 -1.97731e+01
 -1.97209e+01
 -1.96687e+01
 -1.96165e+01
 -1.95643e+01
 -1.95121e+01
 -1.94599e+01
 -1.94077e+01
 -1.93554e+01
 -1.93032e+01
 -1.92510e+01
 -1.91988e+01
 -1.91466e+01
 -1.90943e+01
 -1.90421e+01
 -1.89899e+01
 -1.89376e+01
 -1.88854e+01
 -1.88332e+01
 -1.87809e+01
 -1.87287e+01
 -1.86764e+01
 -1.86242e+01
 -1.85719e+01
 -1.85197e+01
 -1.84674e+01
 -1.84151e+01
 -1.83629e+01
 -1.83106e+01
 -1.82583e+01
 -1.82060e+01
 -1.81538e+01
 -1.81015e+01
 -1.80492e+01
 -1.79969e+01
 -1.79446e+01
 -1.78923e+01
 -1.78400e+01
 -1.77877e+01
 -1.77354e+01
 -1.76831e+01
 -1.76308e+01
 -1.75785e+01
 -1.75262e+01
 -1.74739e+01
 -1.74216e+01
 -1.73693e+01
 -1.73170e+01
 -1.72646e+01
 -1.72123e+01
 -1.71600e+01
 -1.71076e+01
 -1.70553e+01
 -1.70030e+01
 -1.69506e+01
 -1.68983e+01
 -1.68459e+01
 -1.67936e+01
 -1.67412e+01
 -1.66889e+01
 -1.66365e+01
 -1.65842e+01
 -1.65318e+01
 -1.64794e+01
 -1.64271e+01
 -1.63747e+01
 -1.63223e+01
 -1.62699e+01
 -1.62175e+01
 -1.61652e+01
 -1.61128e+01
 -1.60604e+01
 -1.60080e+01
 -1.59556e+01
 -1.59032e+01
 -1.58508e+01
 -1.57984e+01
 -1.57460e+01
 -1.56936e+01
 -1.56412e+01
 -1.55888e+01
 -1.55363e+01
 -1.54839e+01
 -1.54315e+01
 -1.53791e+01
 -1.53267e+01
 -1.52742e+01
 -1.52218e+01
 -1.51694e+01
 -1.51169e+01
 -1.50645e+01
 -1.50120e+01
 -1.49596e+01
 -1.49071e+01
 -1.48547e+01
 -1.48022e+01
 -1.47498e+01
 -1.46973e+01
 -1.46448e+01
 -1.45924e+01
 -1.45399e+01
 -1.44874e+01
 -1.44350e+01
 -1.43825e+01
 -1.43300e+01
 -1.42775e+01
 -1.42250e+01
 -1.41725e+01
 -1.41200e+01
 -1.40675e+01
 -1.40151e+01
 -1.39625e+01
 -1.39100e+01
 -1.38575e+01
 -1.38050e+01
 -1.37525e+01
 -1.37000e+01
 -1.36475e+01
 -1.35950e+01
 -1.35424e+01
 -1.34899e+01
 -1.34374e+01
 -1.33849e+01
 -1.33323e+01
 -1.32798e+01
 -1.32272e+01
 -1.31747e+01
 -1.31222e+01
 -1.30696e+01
 -1.30171e+01
 -1.29645e+01
 -1.29120e+01
 -1.28594e+01
 -1.28068e+01
 -1.27543e+01
 -1.27017e+01
 -1.26491e+01
 -1.25966e+01
 -1.25440e+01
 -1.24914e+01
 -1.24388e+01
 -1.23862e+01
 -1.23336e+01
 -1.22811e+01
 -1.22285e+01
 -1.21759e+01
 -1.21233e+01
 -1.20707e+01
 -1.20181e+01
 -1.19655e+01
 -1.19128e+01
 -1.18602e+01
 -1.18076e+01
 -1.17550e+01
 -1.17024e+01
 -1.16498e+01
 -1.15971e+01
 -1.15445e+01
 -1.14919e+01
 -1.14392e+01
 -1.13866e+01
 -1.13340e+01
 -1.12813e+01
 -1.12287e+01
 -1.11760e+01
 -1.11234e+01
 -1.10707e+01
 -1.10181e+01
 -1.09654e+01
 -1.09127e+01
 -1.08601e+01
 -1.08074e+01
 -1.07547e+01
 -1.07021e+01
 -1.06494e+01
 -1.05967e+01
 -1.05440e+01
 -1.04913e+01
 -1.04386e+01
 -1.03860e+01
 -1.03333e+01
 -1.02806e+01
 -1.02279e+01
 -1.01752e+01
 -1.01225e+01
 -1.00697e+01
 -1.00170e+01
 -9.96432e+00
 -9.91161e+00
 -9.85889e+00
 -9.80617e+00
 -9.75344e+00
 -9.70071e+00
 -9.64798e+00
 -9.59525e+00
 -9.54251e+00
 -9.48978e+00
 -9.43703e+00
 -9.38429e+00
 -9.33154e+00
 -9.27879e+00
 -9.22604e+00
 -9.17329e+00
 -9.12053e+00
 -9.06777e+00
 -9.01500e+00
 -8.96224e+00
 -8.90947e+00
 -8.85669e+00
 -8.80392e+00
 -8.75114e+00
 -8.69836e+00
 -8.64558e+00
 -8.59279e+00
 -8.54000e+00
 -8.48721e+00
 -8.43441e+00
 -8.38162e+00
 -8.32882e+00
 -8.27601e+00
 -8.22321e+00
 -8.17040e+00
 -8.11759e+00
 -8.06477e+00
 -8.01195e+00
 -7.95913e+00
 -7.90631e+00
 -7.85348e+00
 -7.80066e+00
 -7.74782e+00
 -7.69499e+00
 -7.64215e+00
 -7.58931e+00
 -7.53647e+00
 -7.48363e+00
 -7.43078e+00
 -7.37793e+00
 -7.32507e+00
 -7.27222e+00
 -7.21936e+00
 -7.16649e+00
 -7.11363e+00
 -7.06076e+00
 -7.00789e+00
 -6.95502e+00
 -6.90214e+00
 -6.84926e+00
 -6.79638e+00
 -6.74349e+00
 -6.69061e+00
 -6.63772e+00
 -6.58482e+00
 -6.53193e+00
 -6.47903e+00
 -6.42613e+00
 -6.37322e+00
 -6.32031e+00
 -6.26740e+00
 -6.21449e+00
 -6.16157e+00
 -6.10866e+00
 -6.05573e+00
 -6.00281e+00
 -5.94988e+00
 -5.89695e+00
 -5.84402e+00
 -5.79108e+00
 -5.73815e+00
 -5.68521e+00
 -5.63226e+00
 -5.57931e+00
 -5.52636e+00
 -5.47341e+00
 -5.42046e+00
 -5.36750e+00
 -5.31454e+00
 -5.26157e+00
 -5.20861e+00
 -5.15564e+00
 -5.10267e+00
 -5.04969e+00
 -4.99671e+00
 -4.94373e+00
 -4.89075e+00
 -4.83776e+00
 -4.78477e+00
 -4.73178e+00
 -4.67879e+00
 -4.62579e+00
 -4.57279e+00
 -4.51979e+00
 -4.46678e+00
 -4.41377e+00
 -4.36076e+00
 -4.30774e+00
 -4.25473e+00
 -4.20171e+00
 -4.14868e+00
 -4.09566e+00
 -4.04263e+00
 -3.98960e+00
 -3.93656e+00
 -3.88353e+00
 -3.83049e+00
 -3.77744e+00
 -3.72440e+00
 -3.67135e+00
 -3.61830e+00
 -3.56524e+00
 -3.51219e+00
 -3.45913e+00
 -3.40606e+00
 -3.35300e+00
 -3.29993e+00
 -3.24686e+00
 -3.19379e+00
 -3.14071e+00
 -3.08763e+00
 -3.03455e+00
 -2.98146e+00
 -2.92837e+00
 -2.87528e+00
 -2.82219e+00
 -2.76909e+00
 -2.71599e+00
 -2.66289e+00
 -2.60979e+00
 -2.55668e+00
 -2.50357e+00
 -2.45046e+00
 -2.39734e+00
 -2.34422e+00
 -2.29110e+00
 -2.23797e+00
 -2.18485e+00
 -2.13172e+00
 -2.07858e+00
 -2.02545e+00
 -1.97231e+00
 -1.91917e+00
 -1.86602e+00
 -1.81287e+00
 -1.75972e+00
 -1.70657e+00
 -1.65341e+00
 -1.60026e+00
 -1.54709e+00
 -1.49393e+00
 -1.44076e+00
 -1.38759e+00
 -1.33442e+00
 -1.28124e+00
 -1.22807e+00
 -1.17488e+00
 -1.12170e+00
 -1.06851e+00
 -1.01532e+00
 -9.62130e-01
 -9.08935e-01
 -8.55736e-01
 -8.02535e-01
 -7.49331e-01
 -6.96124e-01
 -6.42915e-01
 -5.89702e-01
 -5.36487e-01
 -4.83269e-01
 -4.30048e-01
 -3.76824e-01
 -3.23597e-01
 -2.70368e-01
 -2.17135e-01
 -1.63900e-01
 -1.10662e-01
 -5.74212e-02
 -4.17752e-03
 4.90690e-02
 1.02318e-01
 1.55571e-01
 2.08826e-01
 2.62083e-01
 3.15344e-01
 3.68608e-01
 4.21874e-01
 4.75143e-01
 5.28415e-01
 5.81690e-01
 6.34968e-01
 6.88248e-01
 7.41532e-01
 7.94818e-01
 8.48107e-01
 9.01399e-01
 9.54694e-01
 1.00799e+00
 1.06129e+00
 1.11460e+00
 1.16790e+00
 1.22121e+00
 1.27452e+00
 1.32784e+00
 1.38115e+00
 1.43447e+00
 1.48780e+00
 1.54112e+00
 1.59445e+00
 1.64778e+00
 1.70112e+00
 1.75446e+00
 1.80780e+00
 1.86114e+00
 1.91448e+00
 1.96783e+00
 2.02118e+00
 2.07454e+00
 2.12790e+00
 2.18126e+00
 2.23462e+00
 2.28798e+00
 2.34135e+00
 2.39472e+00
 2.44810e+00
 2.50148e+00
 2.55486e+00
 2.60824e+00
 2.66162e+00
 2.71501e+00
 2.76840e+00
 2.82180e+00
 2.87520e+00
 2.92860e+00
 2.98200e+00
 3.03540e+00
 3.08881e+00
 3.14222e+00
 3.19564e+00
 3.24905e+00
 3.30247e+00
 3.35590e+00
 3.40932e+00
 3.46275e+00
 3.51618e+00
 3.56962e+00
 3.62305e+00
 3.67649e+00
 3.72993e+00
 3.78338e+00
 3.83683e+00
 3.89028e+00
 3.94373e+00
 3.99719e+00
 4.05065e+00
 4.10411e+00
 4.15758e+00
 4.21104e+00
 4.26452e+00
 4.31799e+00
 4.37147e+00
 4.42495e+00
 4.47843e+00
 4.53191e+00
 4.58540e+00
 4.63889e+00
 4.69239e+00
 4.74588e+00
 4.79938e+00
 4.85288e+00
 4.90639e+00
 4.95990e+00
 5.01341e+00
 5.06692e+00
 5.12044e+00
 5.17396e+00
 5.22748e+00
 5.28101e+00
 5.33453e+00
 5.38806e+00
 5.44160e+00
 5.49513e+00
 5.54867e+00
 5.60222e+00
 5.65576e+00
 5.70931e+00
 5.76286e+00
 5.81641e+00
 5.86997e+00
 5.92353e+00
 5.97709e+00
 6.03066e+00
 6.08422e+00
 6.13779e+00
 6.19137e+00
 6.24494e+00
 6.29852e+00
 6.35211e+00
 6.40569e+00
 6.45928e+00
 6.51287e+00
 6.56646e+00
 6.62006e+00
 6.67366e+00
 6.72726e+00
 6.78087e+00
 6.83447e+00
 6.88808e+00
 6.94170e+00
 6.99531e+00
 7.04893e+00
 7.10256e+00
 7.15618e+00
 7.20981e+00
 7.26344e+00
 7.31707e+00
 7.37071e+00
 7.42435e+00
 7.47799e+00
 7.53163e+00
 7.58528e+00
 7.63893e+00
 7.69259e+00
 7.74624e+00
 7.79990e+00
 7.85356e+00
 7.90723e+00
 7.96090e+00
 8.01457e+00
 8.06824e+00
 8.12192e+00
 8.17560e+00
 8.22928e+00
 8.28296e+00
 8.33665e+00
 8.39034e+00
 8.44404e+00
 8.49773e+00
 8.55143e+00
 8.60513e+00
 8.65884e+00
 8.71255e+00
 8.76626e+00
 8.81997e+00
 8.87369e+00
 8.92741e+00
 8.98113e+00
 9.03485e+00
 9.08858e+00
 9.14231e+00
 9.19604e+00
 9.24978e+00
 9.30352e+00
 9.35726e+00
 9.41101e+00
 9.46476e+00
 9.51851e+00
 9.57226e+00
 9.62602e+00
 9.67978e+00
 9.73354e+00
 9.78730e+00
 9.84107e+00
 9.89484e+00
 9.94861e+00
 1.00024e+01
 1.00562e+01
 1.01100e+01
 1.01637e+01
 1.02175e+01
 1.02713e+01
 1.03251e+01
 1.03789e+01
 1.04327e+01
 1.04865e+01
 1.05403e+01
 1.05941e+01
 1.06479e+01
 1.07017e+01
 1.07556e+01
 1.08094e+01
 1.08632e+01
 1.09170e+01
 1.09709e+01
 1.10247e+01
 1.10785e+01
 1.11324e+01
 1.11862e+01
 1.12400e+01
 1.12939e+01
 1.13477e+01
 1.14016e+01
 1.14554e+01
 1.15093e+01
 1.15632e+01
 1.16170e+01
 1.16709e+01
 1.17248e+01
 1.17786e+01
 1.18325e+01
 1.18864e+01
 1.19403e+01
 1.19941e+01
 1.20480e+01
 1.21019e+01
 1.21558e+01
 1.22097e+01
 1.22636e+01
 1.23175e+01
 1.23714e+01
 1.24253e+01
 1.24792e+01
 1.25331e+01
 1.25870e+01
 1.26409e+01
 1.26949e+01
 1.27488e+01
 1.28027e+01
 1.28566e+01
 1.29106e+01
 1.29645e+01
 1.30184e+01
 1.30724e+01
 1.31263e+01
 1.31803e+01
 1.32342e+01
 1.32882e+01
 1.33421e+01
 1.33961e+01
 1.34500e+01
 1.35040e+01
 1.35580e+01
 1.36119e+01
 1.36659e+01
 1.37199e+01
 1.37739e+01
 1.38278e+01
 1.38818e+01
 1.39358e+01
 1.39898e+01
 1.40438e+01
 1.40978e+01
 1.41518e+01
 1.42058e+01
 1.42598e+01
 1.43138e+01
 1.43678e+01
 1.44218e+01
 1.44758e+01
 1.45299e+01
 1.45839e+01
 1.46379e+01
 1.46919e+01
 1.47460e+01
 1.48000e+01
 1.48540e+01
 1.49081e+01
 1.49621e+01
 1.50161e+01
 1.50702e+01
 1.51242e+01
 1.51783e+01
 1.52323e+01
 1.52864e+01
 1.53405e+01
 1.53945e+01
 1.54486e+01
 1.55027e+01
 1.55567e+01
 1.56108e+01
 1.56649e+01
 1.57190e+01
 1.57730e+01
 1.58271e+01
 1.58812e+01
 1.59353e+01
 1.59894e+01
 1.60435e+01
 1.60976e+01
 1.61517e+01
 1.62058e+01
 1.62599e+01
 1.63140e+01
 1.63682e+01
 1.64223e+01
 1.64764e+01
 1.65305e+01
 1.65847e+01
 1.66388e+01
 1.66929e+01
 1.67470e+01
 1.68012e+01
 1.68553e+01
 1.69095e+01
 1.69636e+01
 1.70178e+01
 1.70719e+01
 1.71261e+01
 1.71802e+01
 1.72344e+01
 1.72886e+01
 1.73427e+01
 1.73969e+01
 1.74511e+01
 1.75053e+01
 1.75594e+01
 1.76136e+01
 1.76678e+01
 1.77220e+01
 1.77762e+01
 1.78304e+01
 1.78846e+01
 1.79388e+01
 1.79930e+01
 1.80472e+01
 1.81014e+01
 1.81556e+01
 1.82098e+01
 1.82640e+01
 1.83182e+01
 1.83725e+01
 1.84267e+01
 1.84809e+01
 1.85351e+01
 1.85894e+01
 1.86436e+01
 1.86979e+01
 1.87521e+01
 1.88063e+01
 1.88606e+01
 1.89148e+01
 1.89691e+01
 1.90233e+01
 1.90776e+01
 1.91319e+01
 1.91861e+01
 1.92404e+01
 1.92947e+01
 1.93490e+01
 1.94032e+01
 1.94575e+01
 1.95118e+01
 1.95661e+01
 1.96204e+01
 1.96747e+01
 1.97290e+01
 1.97832e+01
 1.98375e+01
 1.98919e+01
 1.99462e+01
 2.00005e+01
 2.00548e+01
 2.01091e+01
 2.01634e+01
 2.02177e+01
 2.02721e+01
 2.03264e+01
 2.03807e+01
 2.04350e+01
 2.04894e+01
 2.05437e+01
 2.05981e+01
 2.06524e+01
 2.07067e+01
 2.07611e+01
 2.08154e+01
 2.08698e+01
 2.09242e+01
 2.09785e+01
 2.10329e+01
 2.10872e+01
 2.11416e+01
 2.11960e+01
 2.12504e+01
 2.13047e+01
 2.13591e+01
 2.14135e+01
 2.14679e+01
 2.15223e+01
 2.15767e+01
 2.16311e+01
 2.16855e+01
 2.17399e+01
 2.17943e+01
 2.18487e+01
 2.19031e+01
 2.19575e+01
 2.20119e+01
 2.20663e+01
 2.21208e+01
 2.21752e+01
 2.22296e+01
 2.22840e+01
 2.23385e+01
 2.23929e+01
 2.24474e+01
 2.25018e+01
 2.25562e+01
 2.26107e+01
 2.26651e+01
 2.27196e+01
 2.27741e+01
 2.28285e+01
 2.28830e+01
 2.29374e+01
 2.29919e+01
 2.30464e+01
 2.31009e+01
 2.31553e+01
 2.32098e+01
 2.32643e+01
 2.33188e+01
 2.33733e+01
 2.34278e+01
 2.34823e+01
 2.35367e+01
 2.35912e+01
 2.36458e+01
 2.37003e+01
 2.37548e+01
 2.38093e+01
 2.38638e+01
 2.39183e+01
 2.39728e+01
 2.40274e+01
 2.40819e+01
 2.41364e+01
 2.41909e+01
 2.42455e+01
 2.43000e+01
 2.43546e+01
 2.44091e+01
 2.44636e+01
 2.45182e+01
 2.45727e+01
 2.46273e+01
 2.46819e+01
 2.47364e+01
 2.47910e+01
 2.48455e+01
 2.49001e+01
 2.49547e+01
 2.50093e+01
 2.50638e+01
 2.51184e+01
 2.51730e+01
 2.52276e+01
 2.52822e+01
 2.53368e+01
 2.53914e+01
 2.54460e+01
 2.55006e+01
 2.55552e+01
 2.56098e+01
 2.56644e+01
 2.57190e+01
 2.57736e+01
 2.58282e+01
 2.58829e+01
 2.59375e+01
 2.59921e+01
 2.60468e+01
 2.61014e+01
 2.61560e+01
 2.62107e+01
 2.62653e+01
 2.63200e+01
 2.63746e+01
 2.64293e+01
 2.64839e+01
 2.65386e+01
 2.65932e+01
 2.66479e+01
 2.67025e+01
 2.67572e+01
 2.68119e+01
 2.68666e+01
 2.69212e+01
 2.69759e+01
 2.70306e+01
 2.70853e+01
 2.71400e+01
 2.71947e+01
 2.72494e+01
 2.73041e+01
 2.73588e+01
 2.74135e+01
 2.74682e+01
 2.75229e+01
 2.75776e+01
 2.76323e+01
 2.76870e+01
 2.77417e+01
 2.77965e+01
 2.78512e+01
 2.79059e+01
 2.79607e+01
 2.80154e+01
 2.80701e+01
 2.81249e+01
 2.81796e+01
 2.82344e+01
 2.82891e+01
 2.83439e+01
 2.83986e+01
 2.84534e+01
 2.85081e+01
 2.85629e+01
 2.86177e+01
 2.86725e+01
 2.87272e+01
 2.87820e+01
 2.88368e+01
 2.88916e+01
 2.89463e+01
 2.90011e+01
 2.90559e+01
 2.91107e+01
 2.91655e+01
 2.92203e+01
 2.92751e+01
 2.93299e+01
 2.93847e+01
 2.94395e+01
 2.94944e+01
 2.95492e+01
 2.96040e+01
 2.96588e+01
 2.97136e+01
 2.97685e+01
 2.98233e+01
 2.98781e+01
 2.99330e+01
 2.99878e+01
 3.00427e+01
 3.00975e+01
 3.01524e+01
 3.02072e+01
 3.02621e+01
 3.03169e+01
 3.03718e+01
 3.04267e+01
 3.04815e+01
 3.05364e+01
 3.05913e+01
 3.06461e+01
 3.07010e+01
 3.07559e+01
 3.08108e+01
 3.08657e+01
 3.09206e+01
 3.09755e+01
 3.10303e+01
 3.10852e+01
 3.11401e+01
 3.11951e+01
 3.12500e+01
 3.13049e+01
 3.13598e+01
 3.14147e+01
 3.14696e+01
 3.15245e+01
 3.15795e+01
 3.16344e+01
 3.16893e+01
 3.17443e+01
 3.17992e+01
 3.18541e+01
 3.19091e+01
 3.19640e+01
 3.20190e+01
 3.20739e+01
 3.21289e+01
 3.21838e+01
 3.22388e+01
 3.22938e+01
 3.23487e+01
 3.24037e+01
 3.24587e+01
 3.25136e+01
 3.25686e+01
 3.26236e+01
 3.26786e+01
 3.27336e+01
 3.27886e+01
 3.28436e+01
 3.28986e+01
 3.29536e+01
 3.30086e+01
 3.30636e+01
 3.31186e+01
 3.31736e+01
 3.32286e+01
 3.32836e+01
 3.33386e+01
 3.33936e+01
 3.34487e+01
 3.35037e+01
 3.35587e+01
 3.36138e+01
 3.36688e+01
 3.37238e+01
 3.37789e+01
 3.38339e+01
 3.38890e+01
 3.39440e+01
 3.39991e+01
 3.40541e+01
 3.41092e+01
 3.41643e+01
 3.42193e+01
 3.42744e+01
 3.43295e+01
 3.43845e+01
 3.44396e+01
 3.44947e+01
 3.45498e+01
 3.46049e+01
 3.46600e+01
 3.47151e+01
 3.47701e+01
 3.48252e+01
 3.48803e+01
 3.49354e+01
 3.49906e+01
 3.50457e+01
 3.51008e+01
 3.51559e+01
 3.52110e+01
 3.52661e+01
 3.53213e+01
 3.53764e+01
 3.54315e+01
 3.54867e+01
 3.55418e+01
 3.55969e+01
 3.56521e+01
 3.57072e+01
 3.57624e+01
 3.58175e+01
 3.58727e+01
 3.59278e+01
 3.59830e+01
 3.60381e+01
 3.60933e+01
 3.61485e+01
 3.62037e+01
 3.62588e+01
 3.63140e+01
 3.63692e+01
 3.64244e+01
 3.64796e+01
 3.65347e+01
 3.65899e+01
 3.66451e+01
 3.67003e+01
 3.67555e+01
 3.68107e+01
 3.68659e+01
 3.69211e+01
 3.69764e+01
 3.70316e+01
 3.70868e+01
 3.71420e+01
 3.71972e+01
 3.72525e+01
 3.73077e+01
 3.73629e+01
 3.74182e+01
 3.74734e+01
 3.75287e+01
 3.75839e+01
 3.76391e+01
 3.76944e+01
 3.77496e+01
 3.78049e+01
 3.78602e+01
 3.79154e+01
 3.79707e+01
 3.80260e+01
 3.80812e+01
 3.81365e+01
 3.81918e+01
 3.82471e+01
 3.83023e+01
 3.83576e+01
 3.84129e+01
 3.84682e+01
 3.85235e+01
 3.85788e+01
 3.86341e+01
 3.86894e+01
 3.87447e+01
 3.88000e+01
 3.88553e+01
 3.89107e+01
 3.89660e+01
 3.90213e+01
 3.90766e+01
 3.91320e+01
 3.91873e+01
 3.92426e+01
 3.92980e+01
 3.93533e+01
 3.94086e+01
 3.94640e+01
 3.95193e+01
 3.95747e+01
 3.96300e+01
 3.96854e+01
 3.97407e+01
 3.97961e+01
 3.98515e+01
 3.99068e+01
 3.99622e+01
 4.00176e+01
 4.00730e+01
 4.01283e+01
 4.01837e+01
 4.02391e+01
 4.02945e+01
 4.03499e+01
 4.04053e+01
 4.04607e+01
 4.05161e+01
 4.05715e+01
 4.06269e+01
 4.06823e+01
 4.07377e+01
 4.07931e+01
 4.08486e+01
 4.09040e+01
 4.09594e+01
 4.10148e+01
 4.10703e+01
 4.11257e+01
 4.11811e+01
 4.12366e+01
 4.12920e+01
 4.13475e+01
 4.14029e+01
 4.14584e+01
 4.15138e+01
 4.15693e+01
 4.16247e+01
 4.16802e+01
 4.17357e+01
 4.17911e+01
 4.18466e+01
 4.19021e+01
 4.19576e+01
 4.20130e+01
 4.20685e+01
 4.21240e+01
 4.21795e+01
 4.22350e+01
 4.22905e+01
 4.23460e+01
 4.24015e+01
 4.24570e+01
 4.25125e+01
 4.25680e+01
 4.26235e+01
 4.26790e+01
 4.27346e+01
 4.27901e+01
 4.28456e+01
 4.29011e+01
 4.29567e+01
 4.30122e+01
 4.30677e+01
 4.31233e+01
 4.31788e+01
 4.32344e+01
 4.32899e+01
 4.33455e+01
 4.34010e+01
 4.34566e+01
 4.35121e+01
 4.35677e+01
 4.36233e+01
 4.36788e+01
 4.37344e+01
 4.37900e+01
 4.38456e+01
 4.39011e+01
 4.39567e+01
 4.40123e+01
 4.40679e+01
 4.41235e+01
 4.41791e+01
 4.42347e+01
 4.42903e+01
 4.43459e+01
 4.44015e+01
 4.44571e+01
 4.45127e+01
 4.45684e+01
 4.46240e+01
 4.46796e+01
 4.47352e+01
 4.47909e+01
 4.48465e+01
 4.49021e+01
 4.49578e+01
 4.50134e+01
 4.50690e+01
 4.51247e+01
 4.51803e+01
 4.52360e+01
 4.52916e+01
 4.53473e+01
 4.54030e+01
 4.54586e+01
 4.55143e+01
 4.55700e+01
 4.56256e+01
 4.56813e+01
 4.57370e+01
 4.57927e+01
 4.58484e+01
 4.59041e+01
 4.59597e+01
 4.60154e+01
 4.60711e+01
 4.61268e+01
 4.61825e+01
 4.62382e+01
 4.62939e+01
 4.63497e+01
 4.64054e+01
 4.64611e+01
 4.65168e+01
 4.65725e+01
 4.66283e+01
 4.66840e+01
 4.67397e+01
 4.67955e+01
 4.68512e+01
 4.69069e+01
 4.69627e+01
 4.70184e+01
 4.70742e+01
 4.71299e+01
 4.71857e+01
 4.72415e+01
 4.72972e+01
 4.73530e+01
 4.74087e+01
 4.74645e+01
 4.75203e+01
 4.75761e+01
 4.76319e+01
 4.76876e+01
 4.77434e+01
 4.77992e+01
 4.78550e+01
 4.79108e+01
 4.79666e+01
 4.80224e+01
 4.80782e+01
 4.81340e+01
 4.81898e+01
 4.82456e+01
 4.83014e+01
 4.83573e+01
 4.84131e+01
 4.84689e+01
 4.85247e+01
 4.85806e+01
 4.86364e+01
 4.86922e+01
 4.87481e+01
 4.88039e+01
 4.88598e+01
 4.89156e+01
 4.89715e+01
 4.90273e+01
 4.90832e+01
 4.91390e+01
 4.91949e+01
 4.92508e+01
 4.93066e+01
 4.93625e+01
 4.94184e+01
 4.94743e+01
 4.95301e+01
 4.95860e+01
 4.96419e+01
 4.96978e+01
 4.97537e+01
 4.98096e+01
 4.98655e+01
 4.99214e+01
 4.99773e+01
 5.00332e+01
 5.00891e+01
 5.01450e+01
 5.02009e+01
 5.02569e+01
 5.03128e+01
 5.03687e+01
 5.04246e+01
 5.04806e+01
 5.05365e+01
 5.05924e+01
 5.06484e+01
 5.07043e+01
 5.07603e+01
 5.08162e+01
 5.08722e+01
 5.09281e+01
 5.09841e+01
 5.10401e+01
 5.10960e+01
 5.11520e+01
 5.12080e+01
 5.12639e+01
 5.13199e+01
 5.13759e+01
 5.14319e+01
 5.14879e+01
 5.15438e+01
 5.15998e+01
 5.16558e+01
 5.17118e+01
 5.17678e+01
 5.18238e+01
 5.18798e+01
 5.19358e+01
 5.19919e+01
 5.20479e+01
 5.21039e+01
 5.21599e+01
 5.22159e+01
 5.22720e+01
 5.23280e+01
 5.23840e+01
 5.24401e+01
 5.24961e+01
 5.25521e+01
 5.26082e+01
 5.26642e+01
 5.27203e+01
 5.27763e+01
 5.28324e+01
 5.28885e+01
 5.29445e+01
 5.30006e+01
 5.30567e+01
 5.31127e+01
 5.31688e+01
 5.32249e+01
 5.32810e+01
 5.33370e+01
 5.33931e+01
 5.34492e+01
 5.35053e+01
 5.35614e+01
 5.36175e+01
 5.36736e+01
 5.37297e+01
 5.37858e+01
 5.38419e+01
 5.38980e+01
 5.39542e+01
 5.40103e+01
 5.40664e+01
 5.41225e+01
 5.41787e+01
 5.42348e+01
 5.42909e+01
 5.43471e+01
 5.44032e+01
 5.44593e+01
 5.45155e+01
 5.45716e+01
 5.46278e+01
 5.46839e+01
 5.47401e+01
 5.47963e+01
 5.48524e+01
 5.49086e+01
 5.49648e+01
 5.50209e+01
 5.50771e+01
 5.51333e+01
 5.51895e+01
 5.52457e+01
 5.53019e+01
 5.53580e+01
 5.54142e+01
 5.54704e+01
 5.55266e+01
 5.55828e+01
 5.56391e+01
 5.56953e+01
 5.57515e+01
 5.58077e+01
 5.58639e+01
 5.59201e+01
 5.59764e+01
 5.60326e+01
 5.60888e+01
 5.61450e+01
 5.62013e+01
 5.62575e+01
 5.63138e+01
 5.63700e+01
 5.64263e+01
 5.64825e+01
 5.65388e+01
 5.65950e+01
 5.66513e+01
 5.67075e+01
 5.67638e+01
 5.68201e+01
 5.68763e+01
 5.69326e+01
 5.69889e+01
 5.70452e+01
 5.71015e+01
 5.71578e+01
 5.72140e+01
 5.72703e+01
 5.73266e+01
 5.73829e+01
 5.74392e+01
 5.74955e+01
 5.75518e+01
 5.76082e+01
 5.76645e+01
 5.77208e+01
 5.77771e+01
 5.78334e+01
 5.78898e+01
 5.79461e+01
 5.80024e+01
 5.80588e+01
 5.81151e+01
 5.81714e+01
 5.82278e+01
 5.82841e+01
 5.83405e+01
 5.83968e+01
 5.84532e+01
 5.85095e+01
 5.85659e+01
 5.86223e+01
 5.86786e+01
 5.87350e+01
 5.87914e+01
 5.88478e+01
 5.89041e+01
 5.89605e+01
 5.90169e+01
 5.90733e+01
 5.91297e+01
 5.91861e+01
 5.92425e+01
 5.92989e+01
 5.93553e+01
 5.94117e+01
 5.94681e+01
 5.95245e+01
 5.95809e+01
 5.96374e+01
 5.96938e+01
 5.97502e+01
 5.98066e+01
 5.98631e+01
 5.99195e+01
 5.99759e+01
 6.00324e+01
 6.00888e+01
 6.01453e+01
 6.02017e+01
 6.02582e+01
 6.03146e+01
 6.03711e+01
 6.04275e+01
 6.04840e+01
 6.05405e+01
 6.05969e+01
 6.06534e+01
 6.07099e+01
 6.07664e+01
 6.08229e+01
 6.08793e+01
 6.09358e+01
 6.09923e+01
 6.10488e+01
 6.11053e+01
 6.11618e+01
 6.12183e+01
 6.12748e+01
 6.13313e+01
 6.13878e+01
 6.14444e+01
 6.15009e+01
 6.15574e+01
 6.16139e+01
 6.16705e+01
 6.17270e+01
 6.17835e+01
 6.18401e+01
 6.18966e+01
 6.19531e+01
 6.20097e+01
 6.20662e+01
 6.21228e+01
 6.21793e+01
 6.22359e+01
 6.22925e+01
 6.23490e+01
 6.24056e+01
 6.24622e+01
 6.25187e+01
 6.25753e+01
 6.26319e+01
 6.26885e+01
 6.27450e+01
 6.28016e+01
 6.28582e+01
 6.29148e+01
 6.29714e+01
 6.30280e+01
 6.30846e+01
 6.31412e+01
 6.31978e+01
 6.32544e+01
 6.33111e+01
 6.33677e+01
 6.34243e+01
 6.34809e+01
 6.35376e+01
 6.35942e+01
 6.36508e+01
 6.37074e+01
 6.37641e+01
 6.38207e+01
 6.38774e+01
 6.39340e+01
 6.39907e+01
 6.40473e+01
 6.41040e+01
 6.41606e+01
 6.42173e+01
 6.42740e+01
 6.43306e+01
 6.43873e+01
 6.44440e+01
 6.45007e+01
 6.45574e+01
 6.46140e+01
 6.46707e+01
 6.47274e+01
 6.47841e+01
 6.48408e+01
 6.48975e+01
 6.49542e+01
 6.50109e+01
 6.50676e+01
 6.51243e+01
 6.51810e+01
 6.52378e+01
 6.52945e+01
 6.53512e+01
 6.54079e+01
 6.54647e+01
 6.55214e+01
 6.55781e+01
 6.56349e+01
 6.56916e+01
 6.57484e+01
 6.58051e+01
 6.58619e+01
 6.59186e+01
 6.59754e+01
 6.60321e+01
 6.60889e+01
 6.61456e+01
 6.62024e+01
 6.62592e+01
 6.63160e+01
 6.63727e+01
 6.64295e+01
 6.64863e+01
 6.65431e+01
 6.65999e+01
 6.66567e+01
 6.67135e+01
 6.67703e+01
 6.68271e+01
 6.68839e+01
 6.69407e+01
 6.69975e+01
 6.70543e+01
 6.71111e+01
 6.71680e+01
 6.72248e+01
 6.72816e+01
 6.73384e+01
 6.73953e+01
 6.74521e+01
 6.75089e+01
 6.75658e+01
 6.76226e+01
 6.76795e+01
 6.77363e+01
 6.77932e+01
 6.78500e+01
 6.79069e+01
 6.79638e+01
 6.80206e+01
 6.80775e+01
 6.81344e+01
 6.81912e+01
 6.82481e+01
 6.83050e+01
 6.83619e+01
 6.84188e+01
 6.84757e+01
 6.85325e+01
 6.85894e+01
 6.86463e+01
 6.87032e+01
 6.87601e+01
 6.88171e+01
 6.88740e+01
 6.89309e+01
 6.89878e+01
 6.90447e+01
 6.91016e+01
 6.91586e+01
 6.92155e+01
 6.92724e+01
 6.93294e+01
 6.93863e+01
 6.94432e+01
 6.95002e+01
 6.95571e+01
 6.96141e+01
 6.96710e+01
 6.97280e+01
 6.97850e+01
 6.98419e+01
 6.98989e+01
 6.99558e+01
 7.00128e+01
 7.00698e+01
 7.01268e+01
 7.01838e+01
 7.02407e+01
 7.02977e+01
 7.03547e+01
 7.04117e+01
 7.04687e+01
 7.05257e+01
 7.05827e+01
 7.06397e+01
 7.06967e+01
 7.07537e+01
 7.08107e+01
 7.08678e+01
 7.09248e+01
 7.09818e+01
 7.10388e+01
 7.10959e+01
 7.11529e+01
 7.12099e+01
 7.12670e+01
 7.13240e+01
 7.13811e+01
 7.14381e+01
 7.14951e+01
 7.15522e+01
 7.16093e+01
 7.16663e+01
 7.17234e+01
 7.17804e+01
 7.18375e+01
 7.18946e+01
 7.19517e+01
 7.20087e+01
 7.20658e+01
 7.21229e+01
 7.21800e+01
 7.22371e+01
 7.22942e+01
 7.23513e+01
 7.24084e+01
 7.24655e+01
 7.25226e+01
 7.25797e+01
 7.26368e+01
 7.26939e+01
 7.27510e+01
 7.28082e+01
 7.28653e+01
 7.29224e+01
 7.29795e+01
 7.30367e+01
 7.30938e+01
 7.31509e+01
 7.32081e+01
 7.32652e+01
 7.33224e+01
 7.33795e+01
 7.34367e+01
 7.34938e+01
 7.35510e+01
 7.36082e+01
 7.36653e+01
 7.37225e+01
 7.37797e+01
 7.38368e+01
 7.38940e+01
 7.39512e+01
 7.40084e+01
 7.40656e+01
 7.41228e+01
 7.41800e+01
 7.42372e+01
 7.42944e+01
 7.43516e+01
 7.44088e+01
 7.44660e+01
 7.45232e+01
 7.45804e+01
 7.46376e+01
 7.46948e+01
 7.47521e+01
 7.48093e+01
 7.48665e+01
 7.49237e+01
 7.49810e+01
 7.50382e+01
 7.50955e+01
 7.51527e+01
 7.52100e+01
 7.52672e+01
 7.53245e+01
 7.53817e+01
 7.54390e+01
 7.54962e+01
 7.55535e+01
 7.56108e+01
 7.56681e+01
 7.57253e+01
 7.57826e+01
 7.58399e+01
 7.58972e+01
 7.59545e+01
 7.60118e+01
 7.60691e+01
 7.61263e+01
 7.61837e+01
 7.62410e+01
 7.62983e+01
 7.63556e+01
 7.64129e+01
 7.64702e+01
 7.65275e+01
 7.65848e+01
 7.66422e+01
 7.66995e+01
 7.67568e+01
 7.68142e+01
 7.68715e+01
 7.69288e+01
 7.69862e+01
 7.70435e+01
 7.71009e+01
 7.71582e+01
 7.72156e+01
 7.72729e+01
 7.73303e+01
 7.73877e+01
 7.74450e+01
 7.75024e+01
 7.75598e+01
 7.76171e+01
 7.76745e+01
 7.77319e+01
 7.77893e+01
 7.78467e+01
 7.79041e+01
 7.79615e+01
 7.80189e+01
 7.80763e+01
 7.81337e+01
 7.81911e+01
 7.82485e+01
 7.83059e+01
 7.83633e+01
 7.84207e+01
 7.84782e+01
 7.85356e+01
 7.85930e+01
 7.86504e+01
 7.87079e+01
 7.87653e+01
 7.88228e+01
 7.88802e+01
 7.89377e+01
 7.89951e+01
 7.90526e+01
 7.91100e+01
 7.91675e+01
 7.92249e+01
 7.92824e+01
 7.93399e+01
 7.93973e+01
 7.94548e+01
 7.95123e+01
 7.95698e+01
 7.96273e+01
 7.96847e+01
 7.97422e+01
 7.97997e+01
 7.98572e+01
 7.99147e+01
 7.99722e+01
 8.00297e+01
 8.00872e+01
 8.01447e+01
 8.02023e+01
 8.02598e+01
 8.03173e+01
 8.03748e+01
 8.04323e+01
 8.04899e+01
 8.05474e+01
 8.06049e+01
 8.06625e+01
 8.07200e+01
 8.07776e+01
 8.08351e+01
 8.08927e+01
 8.09502e+01
 8.10078e+01
 8.10653e+01
 8.11229e+01
 8.11805e+01
 8.12380e+01
 8.12956e+01
 8.13532e+01
 8.14108e+01
 8.14683e+01
 8.15259e+01
 8.15835e+01
 8.16411e+01
 8.16987e+01
 8.17563e+01
 8.18139e+01
 8.18715e+01
 8.19291e+01
 8.19867e+01
 8.20443e+01
 8.21019e+01
 8.21596e+01
 8.22172e+01
 8.22748e+01
 8.23324e+01
 8.23901e+01
 8.24477e+01
 8.25053e+01
 8.25630e+01
 8.26206e+01
 8.26783e+01
 8.27359e+01
 8.27936e+01
 8.28512e+01
 8.29089e+01
 8.29665e+01
 8.30242e+01
 8.30819e+01
 8.31395e+01
 8.31972e+01
 8.32549e+01
 8.33126e+01
 8.33703e+01
 8.34279e+01
 8.34856e+01
 8.35433e+01
 8.36010e+01
 8.36587e+01
 8.37164e+01
 8.37741e+01
 8.38318e+01
 8.38895e+01
 8.39473e+01
 8.40050e+01
 8.40627e+01
 8.41204e+01
 8.41781e+01
 8.42359e+01
 8.42936e+01
 8.43513e+01
 8.44091e+01
 8.44668e+01
 8.45246e+01
 8.45823e+01
 8.46401e+01
 8.46978e+01
 8.47556e+01
 8.48133e+01
 8.48711e+01
 8.49289e+01
 8.49866e+01
 8.50444e+01
 8.51022e+01
 8.51600e+01
 8.52177e+01
 8.52755e+01
 8.53333e+01
 8.53911e+01
 8.54489e+01
 8.55067e+01
 8.55645e+01
 8.56223e+01
 8.56801e+01
 8.57379e+01
 8.57957e+01
 8.58535e+01
 8.59113e+01
 8.59692e+01
 8.60270e+01
 8.60848e+01
 8.61427e+01
 8.62005e+01
 8.62583e+01
 8.63162e+01
 8.63740e+01
 8.64318e+01
 8.64897e+01
 8.65475e+01
 8.66054e+01
 8.66633e+01
 8.67211e+01
 8.67790e+01
 8.68369e+01
 8.68947e+01
 8.69526e+01
 8.70105e+01
 8.70684e+01
 8.71262e+01
 8.71841e+01
 8.72420e+01
 8.72999e+01
 8.73578e+01
 8.74157e+01
 8.74736e+01
 8.75315e+01
 8.75894e+01
 8.76473e+01
 8.77052e+01
 8.77632e+01
 8.78211e+01
 8.78790e+01
 8.79369e+01
 8.79949e+01
 8.80528e+01
 8.81107e+01
 8.81687e+01
 8.82266e+01
 8.82845e+01
 8.83425e+01
 8.84004e+01
 8.84584e+01
 8.85164e+01
 8.85743e+01
 8.86323e+01
 8.86902e+01
 8.87482e+01
 8.88062e+01
 8.88642e+01
 8.89221e+01
 8.89801e+01
 8.90381e+01
 8.90961e+01
 8.91541e+01
 8.92121e+01
 8.92701e+01
 8.93281e+01
 8.93861e+01
 8.94441e+01
 8.95021e+01
 8.95601e+01
 8.96181e+01
 8.96761e+01
 8.97342e+01
 8.97922e+01
 8.98502e+01
 8.99082e+01
 8.99663e+01
 9.00243e+01
 9.00824e+01
 9.01404e+01
 9.01984e+01
 9.02565e+01
 9.03145e+01
 9.03726e+01
 9.04307e+01
 9.04887e+01
 9.05468e+01
 9.06049e+01
 9.06629e+01
 9.07210e+01
 9.07791e+01
 9.08372e+01
 9.08952e+01
 9.09533e+01
 9.10114e+01
 9.10695e+01
 9.11276e+01
 9.11857e+01
 9.12438e+01
 9.13019e+01
 9.13600e+01
 9.14181e+01
 9.14762e+01
 9.15344e+01
 9.15925e+01
 9.16506e+01
 9.17087e+01
 9.17669e+01
 9.18250e+01
 9.18831e+01
 9.19413e+01
 9.19994e+01
 9.20576e+01
 9.21157e+01
 9.21739e+01
 9.22320e+01
 9.22902e+01
 9.23483e+01
 9.24065e+01
 9.24647e+01
 9.25228e+01
 9.25810e+01
 9.26392e+01
 9.26974e+01
 9.27556e+01
 9.28137e+01
 9.28719e+01
 9.29301e+01
 9.29883e+01
 9.30465e+01
 9.31047e+01
 9.31629e+01
 9.32211e+01
 9.32793e+01
 9.33375e+01
 9.33958e+01
 9.34540e+01
 9.35122e+01
 9.35704e+01
 9.36287e+01
 9.36869e+01
 9.37451e+01
 9.38034e+01
 9.38616e+01
 9.39199e+01
 9.39781e+01
 9.40364e+01
 9.40946e+01
 9.41529e+01
 9.42111e+01
 9.42694e+01
 9.43277e+01
 9.43859e+01
 9.44442e+01
 9.45025e+01
 9.45607e+01
 9.46190e+01
 9.46773e+01
 9.47356e+01
 9.47939e+01
 9.48522e+01
 9.49105e+01
 9.49688e+01
 9.50271e+01
 9.50854e+01
 9.51437e+01
 9.52020e+01
 9.52603e+01
 9.53187e+01
 9.53770e+01
 9.54353e+01
 9.54936e+01
 9.55520e+01
 9.56103e+01
 9.56686e+01
 9.57270e+01
 9.57853e+01
 9.58437e+01
 9.59020e+01
 9.59604e+01
 9.60187e+01
 9.60771e+01
 9.61354e+01
 9.61938e+01
 9.62522e+01
 9.63106e+01
 9.63689e+01
 9.64273e+01
 9.64857e+01
 9.65441e+01
 9.66025e+01
 9.66608e+01
 9.67192e+01
 9.67776e+01
 9.68360e+01
 9.68944e+01
 9.69528e+01
 9.70113e+01
 9.70697e+01
 9.71281e+01
 9.71865e+01
 9.72449e+01
 9.73033e+01
 9.73618e+01
 9.74202e+01
 9.74786e+01
 9.75371e+01
 9.75955e+01
 9.76540e+01
 9.77124e+01
 9.77709e+01
 9.78293e+01
 9.78878e+01
 9.79462e+01
 9.80047e+01
 9.80632e+01
 9.81216e+01
 9.81801e+01
 9.82386e+01
 9.82970e+01
 9.83555e+01
 9.84140e+01
 9.84725e+01
 9.85310e+01
 9.85895e+01
 9.86480e+01
 9.87065e+01
 9.87650e+01
 9.88235e+01
 9.88820e+01
 9.89405e+01
 9.89990e+01
 9.90575e+01
 9.91161e+01
 9.91746e+01
 9.92331e+01
 9.92916e+01
 9.93502e+01
 9.94087e+01
 9.94673e+01
 9.95258e+01
 9.95843e+01
 9.96429e+01
 9.97014e+01
 9.97600e+01
 9.98186e+01
 9.98771e+01
 9.99357e+01
 9.99943e+01
 1.00053e+02
 1.00111e+02
 1.00170e+02
 1.00229e+02
 1.00287e+02
 1.00346e+02
 1.00404e+02
 1.00463e+02
 1.00522e+02
 1.00580e+02
 1.00639e+02
 1.00697e+02
 1.00756e+02
 1.00815e+02
 1.00873e+02
 1.00932e+02
 1.00990e+02
 1.01049e+02
 1.01108e+02
 1.01166e+02
 1.01225e+02
 1.01284e+02
 1.01342e+02
 1.01401e+02
 1.01459e+02
 1.01518e+02
 1.01577e+02
 1.01635e+02
 1.01694e+02
 1.01753e+02
 1.01811e+02
 1.01870e+02
 1.01929e+02
 1.01987e+02
 1.02046e+02
 1.02105e+02
 1.02163e+02
 1.02222e+02
 1.02281e+02
 1.02340e+02
 1.02398e+02
 1.02457e+02
 1.02516e+02
 1.02574e+02
 1.02633e+02
 1.02692e+02
 1.02750e+02
 1.02809e+02
 1.02868e+02
 1.02927e+02
 1.02985e+02
 1.03044e+02
 1.03103e+02
 1.03162e+02
 1.03220e+02
 1.03279e+02
 1.03338e+02
 1.03397e+02
 1.03455e+02
 1.03514e+02
 1.03573e+02
 1.03632e+02
 1.03690e+02
 1.03749e+02
 1.03808e+02
 1.03867e+02
 1.03925e+02
 1.03984e+02
 1.04043e+02
 