1.00000
0.99970
0.99940
0.99910
0.99880
0.99850
0.99820
0.99790
0.99760
0.99730
0.99700
0.99671
0.99641
0.99611
0.99581
0.99551
0.99521
0.99491
0.99461
0.99432
0.99402
0.99372
0.99342
0.99312
0.99282
0.99253
0.99223
0.99193
0.99163
0.99134
0.99104
0.99074
0.99044
0.99015
0.98985
0.98955
0.98926
0.98896
0.98866
0.98837
0.98807
0.98777
0.98748
0.98718
0.98689
0.98659
0.98629
0.98600
0.98570
0.98541
0.98511
0.98481
0.98452
0.98422
0.98393
0.98363
0.98334
0.98304
0.98275
0.98245
0.98216
0.98186
0.98157
0.98128
0.98098
0.98069
0.98039
0.98010
0.97980
0.97951
0.97922
0.97892
0.97863
0.97834
0.97804
0.97775
0.97745
0.97716
0.97687
0.97658
0.97628
0.97599
0.97570
0.97540
0.97511
0.97482
0.97453
0.97423
0.97394
0.97365
0.97336
0.97307
0.97277
0.97248
0.97219
0.97190
0.97161
0.97132
0.97102
0.97073
0.97044
0.97015
0.96986
0.96957
0.96928
0.96899
0.96870
0.96841
0.96812
0.96782
0.96753
0.96724
0.96695
0.96666
0.96637
0.96608
0.96579
0.96550
0.96521
0.96493
0.96464
0.96435
0.96406
0.96377
0.96348
0.96319
0.96290
0.96261
0.96232
0.96203
0.96175
0.96146
0.96117
0.96088
0.96059
0.96030
0.96002
0.95973
0.95944
0.95915
0.95886
0.95858
0.95829
0.95800
0.95771
0.95743
0.95714
0.95685
0.95657
0.95628
0.95599
0.95570
0.95542
0.95513
0.95485
0.95456
0.95427
0.95399
0.95370
0.95341
0.95313
0.95284
0.95256
0.95227
0.95198
0.95170
0.95141
0.95113
0.95084
0.95056
0.95027
0.94999
0.94970
0.94942
0.94913
0.94885
0.94856
0.94828
0.94799
0.94771
0.94743
0.94714
0.94686
0.94657
0.94629
0.94601
0.94572
0.94544
0.94515
0.94487
0.94459
0.94430
0.94402
0.94374
0.94345
0.94317
0.94289
0.94261
0.94232
0.94204
0.94176
0.94147
0.94119
0.94091
0.94063
0.94035
0.94006
0.93978
0.93950
0.93922
0.93894
0.93865
0.93837
0.93809
0.93781
0.93753
0.93725
0.93697
0.93668
0.93640
0.93612
0.93584
0.93556
0.93528
0.93500
0.93472
0.93444
0.93416
0.93388
0.93360
0.93332
0.93304
0.93276
0.93248
0.93220
0.93192
0.93164
0.93136
0.93108
0.93080
0.93052
0.93024
0.92996
0.92968
0.92941
0.92913
0.92885
0.92857
0.92829
0.92801
0.92773
0.92746
0.92718
0.92690
0.92662
0.92634
0.92607
0.92579
0.92551
0.92523
0.92495
0.92468
0.92440
0.92412
0.92385
0.92357
0.92329
0.92301
0.92274
0.92246
0.92218
0.92191
0.92163
0.92135
0.92108
0.92080
0.92053
0.92025
0.91997
0.91970
0.91942
0.91915
0.91887
0.91859
0.91832
0.91804
0.91777
0.91749
0.91722
0.91694
0.91667
0.91639
0.91612
0.91584
0.91557
0.91529
0.91502
0.91474
0.91447
0.91419
0.91392
0.91365
0.91337
0.91310
0.91282
0.91255
0.91228
0.91200
0.91173
0.91146
0.91118
0.91091
0.91064
0.91036
0.91009
0.90982
0.90954
0.90927
0.90900
0.90872
0.90845
0.90818
0.90791
0.90764
0.90736
0.90709
0.90682
0.90655
0.90627
0.90600
0.90573
0.90546
0.90519
0.90492
0.90464
0.90437
0.90410
0.90383
0.90356
0.90329
0.90302
0.90275
0.90248
0.90220
0.90193
0.90166
0.90139
0.90112
0.90085
0.90058
0.90031
0.90004
0.89977
0.89950
0.89923
0.89896
0.89869
0.89842
0.89815
0.89788
0.89761
0.89735
0.89708
0.89681
0.89654
0.89627
0.89600
0.89573
0.89546
0.89519
0.89493
0.89466
0.89439
0.89412
0.89385
0.89358
0.89332
0.89305
0.89278
0.89251
0.89224
0.89198
0.89171
0.89144
0.89117
0.89091
0.89064
0.89037
0.89011
0.88984
0.88957
0.88930
0.88904
0.88877
0.88850
0.88824
0.88797
0.88770
0.88744
0.88717
0.88691
0.88664
0.88637
0.88611
0.88584
0.88558
0.88531
0.88505
0.88478
0.88451
0.88425
0.88398
0.88372
0.88345
0.88319
0.88292
0.88266
0.88239
0.88213
0.88186
0.88160
0.88134
0.88107
0.88081
0.88054
0.88028
0.88001
0.87975
0.87949
0.87922
0.87896
0.87870
0.87843
0.87817
0.87790
0.87764
0.87738
0.87711
0.87685
0.87659
0.87633
0.87606
0.87580
0.87554
0.87527
0.87501
0.87475
0.87449
0.87422
0.87396
0.87370
0.87344
0.87318
0.87291
0.87265
0.87239
0.87213
0.87187
0.87161
0.87134
0.87108
0.87082
0.87056
0.87030
0.87004
0.86978
0.86952
0.86926
0.86899
0.86873
0.86847
0.86821
0.86795
0.86769
0.86743
0.86717
0.86691
0.86665
0.86639
0.86613
0.86587
0.86561
0.86535
0.86509
0.86483
0.86457
0.86431
0.86405
0.86380
0.86354
0.86328
0.86302
0.86276
0.86250
0.86224
0.86198
0.86172
0.86147
0.86121
0.86095
0.86069
0.86043
0.86017
0.85992
0.85966
0.85940
0.85914
0.85888
0.85863
0.85837
0.85811
0.85785
0.85760
0.85734
0.85708
0.85683
0.85657
0.85631
0.85605
0.85580
0.85554
0.85528
0.85503
0.85477
0.85452
0.85426
0.85400
0.85375
0.85349
0.85323
0.85298
0.85272
0.85247
0.85221
0.85196
0.85170
0.85144
0.85119
0.85093
0.85068
0.85042
0.85017
0.84991
0.84966
0.84940
0.84915
0.84889
0.84864
0.84838
0.84813
0.84788
0.84762
0.84737
0.84711
0.84686
0.84660
0.84635
0.84610
0.84584
0.84559
0.84533
0.84508
0.84483
0.84457
0.84432
0.84407
0.84381
0.84356
0.84331
0.84306
0.84280
0.84255
0.84230
0.84204
0.84179
0.84154
0.84129
0.84103
0.84078
0.84053
0.84028
0.84003
0.83977
0.83952
0.83927
0.83902
0.83877
0.83851
0.83826
0.83801
0.83776
0.83751
0.83726
0.83701
0.83676
0.83650
0.83625
0.83600
0.83575
0.83550
0.83525
0.83500
0.83475
0.83450
0.83425
0.83400
0.83375
0.83350
0.83325
0.83300
0.83275
0.83250
0.83225
0.83200
0.83175
0.83150
0.83125
0.83100
0.83075
0.83050
0.83025
0.83000
0.82975
0.82951
0.82926
0.82901
0.82876
0.82851
0.82826
0.82801
0.82777
0.82752
0.82727
0.82702
0.82677
0.82652
0.82628
0.82603
0.82578
0.82553
0.82529
0.82504
0.82479
0.82454
0.82430
0.82405
0.82380
0.82355
0.82331
0.82306
0.82281
0.82257
0.82232
0.82207
0.82183
0.82158
0.82133
0.82109
0.82084
0.82059
0.82035
0.82010
0.81986
0.81961
0.81936
0.81912
0.81887
0.81863
0.81838
0.81814
0.81789
0.81765
0.81740
0.81715
0.81691
0.81666
0.81642
0.81617
0.81593
0.81568
0.81544
0.81520
0.81495
0.81471
0.81446
0.81422
0.81397
0.81373
0.81349
0.81324
0.81300
0.81275
0.81251
0.81227
0.81202
0.81178
0.81153
0.81129
0.81105
0.81080
0.81056
0.81032
0.81008
0.80983
0.80959
0.80935
0.80910
0.80886
0.80862
0.80838
0.80813
0.80789
0.80765
0.80741
0.80716
0.80692
0.80668
0.80644
0.80620
0.80595
0.80571
0.80547
0.80523
0.80499
0.80475
0.80450
0.80426
0.80402
0.80378
0.80354
0.80330
0.80306
0.80282
0.80258
0.80233
0.80209
0.80185
0.80161
0.80137
0.80113
0.80089
0.80065
0.80041
0.80017
0.79993
0.79969
0.79945
0.79921
0.79897
0.79873
0.79849
0.79825
0.79801
0.79777
0.79753
0.79730
0.79706
0.79682
0.79658
0.79634
0.79610
0.79586
0.79562
0.79538
0.79515
0.79491
0.79467
0.79443
0.79419
0.79395
0.79372
0.79348
0.79324
0.79300
0.79276
0.79253
0.79229
0.79205
0.79181
0.79157
0.79134
0.79110
0.79086
0.79063
0.79039
0.79015
0.78991
0.78968
0.78944
0.78920
0.78897
0.78873
0.78849
0.78826
0.78802
0.78778
0.78755
0.78731
0.78707
0.78684
0.78660
0.78637
0.78613
0.78589
0.78566
0.78542
0.78519
0.78495
0.78472
0.78448
0.78425
0.78401
0.78378
0.78354
0.78331
0.78307
0.78284
0.78260
0.78237
0.78213
0.78190
0.78166
0.78143
0.78119
0.78096
0.78072
0.78049
0.78026
0.78002
0.77979
0.77955
0.77932
0.77909
0.77885
0.77862
0.77839
0.77815
0.77792
0.77769
0.77745
0.77722
0.77699
0.77675
0.77652
0.77629
0.77605
0.77582
0.77559
0.77536
0.77512
0.77489
0.77466
0.77443
0.77419
0.77396
0.77373
0.77350
0.77326
0.77303
0.77280
0.77257
0.77234
0.77211
0.77187
0.77164
0.77141
0.77118
0.77095
0.77072
0.77049
0.77025
0.77002
0.76979
0.76956
0.76933
0.76910
0.76887
0.76864
0.76841
0.76818
0.76795
0.76772
0.76749
0.76726
0.76703
0.76680
0.76657
0.76634
0.76611
0.76588
0.76565
0.76542
0.76519
0.76496
0.76473
0.76450
0.76427
0.76404
0.76381
0.76358
0.76335
0.76312
0.76289
0.76267
0.76244
0.76221
0.76198
0.76175
0.76152
0.76129
0.76107
0.76084
0.76061
0.76038
0.76015
0.75992
0.75970
0.75947
0.75924
0.75901
0.75879
0.75856
0.75833
0.75810
0.75787
0.75765
0.75742
0.75719
0.75697
0.75674
0.75651
0.75628
0.75606
0.75583
0.75560
0.75538
0.75515
0.75492
0.75470
0.75447
0.75425
0.75402
0.75379
0.75357
0.75334
0.75311
0.75289
0.75266
0.75244
0.75221
0.75199
0.75176
0.75153
0.75131
0.75108
0.75086
0.75063
0.75041
0.75018
0.74996
0.74973
0.74951
0.74928
0.74906
0.74883
0.74861
0.74838
0.74816
0.74794
0.74771
0.74749
0.74726
0.74704
0.74681
0.74659
0.74637
0.74614
0.74592
0.74569
0.74547
0.74525
0.74502
0.74480
0.74458
0.74435
0.74413
0.74391
0.74368
0.74346
0.74324
0.74301
0.74279
0.74257
0.74235
0.74212
0.74190
0.74168
0.74146
0.74123
0.74101
0.74079
0.74057
0.74034
0.74012
0.73990
0.73968
0.73946
0.73923
0.73901
0.73879
0.73857
0.73835
0.73813
0.73790
0.73768
0.73746
0.73724
0.73702
0.73680
0.73658
0.73636
0.73614
0.73591
0.73569
0.73547
0.73525
0.73503
0.73481
0.73459
0.73437
0.73415
0.73393
0.73371
0.73349
0.73327
0.73305
0.73283
0.73261
0.73239
0.73217
0.73195
0.73173
0.73151
0.73129
0.73107
0.73085
0.73063
0.73042
0.73020
0.72998
0.72976
0.72954
0.72932
0.72910
0.72888
0.72866
0.72845
0.72823
0.72801
0.72779
0.72757
0.72735
0.72714
0.72692
0.72670
0.72648
0.72626
0.72605
0.72583
0.72561
0.72539
0.72517
0.72496
0.72474
0.72452
0.72430
0.72409
0.72387
0.72365
0.72344
0.72322
0.72300
0.72279
0.72257
0.72235
0.72213
0.72192
0.72170
0.72149
0.72127
0.72105
0.72084
0.72062
0.72040
0.72019
0.71997
0.71976
0.71954
0.71932
0.71911
0.71889
0.71868
0.71846
0.71825
0.71803
0.71781
0.71760
0.71738
0.71717
0.71695
0.71674
0.71652
0.71631
0.71609
0.71588
0.71566
0.71545
0.71523
0.71502
0.71481
0.71459
0.71438
0.71416
0.71395
0.71373
0.71352
0.71331
0.71309
0.71288
0.71266
0.71245
0.71224
0.71202
0.71181
0.71160
0.71138
0.71117
0.71096
0.71074
0.71053
0.71032
0.71010
0.70989
0.70968
0.70946
0.70925
0.70904
0.70883
0.70861
0.70840
0.70819
0.70798
0.70776
0.70755
0.70734
0.70713
0.70691
0.70670
0.70649
0.70628
0.70607
0.70585
0.70564
0.70543
0.70522
0.70501
0.70480
0.70458
0.70437
0.70416
0.70395
0.70374
0.70353
0.70332
0.70311
0.70290
0.70268
0.70247
0.70226
0.70205
0.70184
0.70163
0.70142
0.70121
0.70100
0.70079
0.70058
0.70037
0.70016
0.69995
0.69974
0.69953
0.69932
0.69911
0.69890
0.69869
0.69848
0.69827
0.69806
0.69785
0.69764
0.69743
0.69722
0.69702
0.69681
0.69660
0.69639
0.69618
0.69597
0.69576
0.69555
0.69534
0.69514
0.69493
0.69472
0.69451
0.69430
0.69409
0.69389
0.69368
0.69347
0.69326
0.69305
0.69285
0.69264
0.69243
0.69222
0.69201
0.69181
0.69160
0.69139
0.69118
0.69098
0.69077
0.69056
0.69035
0.69015
0.68994
0.68973
0.68953
0.68932
0.68911
0.68891
0.68870
0.68849
0.68829
0.68808
0.68787
0.68767
0.68746
0.68725
0.68705
0.68684
0.68664
0.68643
0.68622
0.68602
0.68581
0.68561
0.68540
0.68520
0.68499
0.68478
0.68458
0.68437
0.68417
0.68396
0.68376
0.68355
0.68335
0.68314
0.68294
0.68273
0.68253
0.68232
0.68212
0.68191
0.68171
0.68151
0.68130
0.68110
0.68089
0.68069
0.68048
0.68028
0.68008
0.67987
0.67967
0.67946
0.67926
0.67906
0.67885
0.67865
0.67845
0.67824
0.67804
0.67783
0.67763
0.67743
0.67722
0.67702
0.67682
0.67662
0.67641
0.67621
0.67601
0.67580
0.67560
0.67540
0.67520
0.67499
0.67479
0.67459
0.67439
0.67418
0.67398
0.67378
0.67358
0.67338
0.67317
0.67297
0.67277
0.67257
0.67237
0.67216
0.67196
0.67176
0.67156
0.67136
0.67116
0.67095
0.67075
0.67055
0.67035
0.67015
0.66995
0.66975
0.66955
0.66935
0.66915
0.66894
0.66874
0.66854
0.66834
0.66814
0.66794
0.66774
0.66754
0.66734
0.66714
0.66694
0.66674
0.66654
0.66634
0.66614
0.66594
0.66574
0.66554
0.66534
0.66514
0.66494
0.66474
0.66454
0.66434
0.66415
0.66395
0.66375
0.66355
0.66335
0.66315
0.66295
0.66275
0.66255
0.66235
0.66216
0.66196
0.66176
0.66156
0.66136
0.66116
0.66096
0.66077
0.66057
0.66037
0.66017
0.65997
0.65978
0.65958
0.65938
0.65918
0.65898
0.65879
0.65859
0.65839
0.65819
0.65800
0.65780
0.65760
0.65740
0.65721
0.65701
0.65681
0.65662
0.65642
0.65622
0.65603
0.65583
0.65563
0.65543
0.65524
0.65504
0.65485
0.65465
0.65445
0.65426
0.65406
0.65386
0.65367
0.65347
0.65328
0.65308
0.65288
0.65269
0.65249
0.65230
0.65210
0.65190
0.65171
0.65151
0.65132
0.65112
0.65093
0.65073
0.65054
0.65034
0.65015
0.64995
0.64976
0.64956
0.64937
0.64917
0.64898
0.64878
0.64859
0.64839
0.64820
0.64800
0.64781
0.64762
0.64742
0.64723
0.64703
0.64684
0.64664
0.64645
0.64626
0.64606
0.64587
0.64568
0.64548
0.64529
0.64509
0.64490
0.64471
0.64451
0.64432
0.64413
0.64393
0.64374
0.64355
0.64335
0.64316
0.64297
0.64278
0.64258
0.64239
0.64220
0.64201
0.64181
0.64162
0.64143
0.64124
0.64104
0.64085
0.64066
0.64047
0.64027
0.64008
0.63989
0.63970
0.63951
0.63931
0.63912
0.63893
0.63874
0.63855
0.63836
0.63816
0.63797
0.63778
0.63759
0.63740
0.63721
0.63702
0.63683
0.63663
0.63644
0.63625
0.63606
0.63587
0.63568
0.63549
0.63530
0.63511
0.63492
0.63473
0.63454
0.63435
0.63416
0.63397
0.63378
0.63359
0.63340
0.63321
0.63302
0.63283
0.63264
0.63245
0.63226
0.63207
0.63188
0.63169
0.63150
0.63131
0.63112
0.63093
0.63074
0.63055
0.63036
0.63017
0.62998
0.62979
0.62961
0.62942
0.62923
0.62904
0.62885
0.62866
0.62847
0.62828
0.62810
0.62791
0.62772
0.62753
0.62734
0.62715
0.62697
0.62678
0.62659
0.62640
0.62621
0.62603
0.62584
0.62565
0.62546
0.62528
0.62509
0.62490
0.62471
0.62453
0.62434
0.62415
0.62396
0.62378
0.62359
0.62340
0.62322
0.62303
0.62284
0.62265
0.62247
0.62228
0.62209
0.62191
0.62172
0.62153
0.62135
0.62116
0.62098
0.62079
0.62060
0.62042
0.62023
0.62004
0.61986
0.61967
0.61949
0.61930
0.61912
0.61893
0.61874
0.61856
0.61837
0.61819
0.61800
0.61782
0.61763
0.61745
0.61726
0.61708
0.61689
0.61671
0.61652
0.61634
0.61615
0.61597
0.61578
0.61560
0.61541
0.61523
0.61504
0.61486
0.61467
0.61449
0.61430
0.61412
0.61394
0.61375
0.61357
0.61338
0.61320
0.61302
0.61283
0.61265
0.61246
0.61228
0.61210
0.61191
0.61173
0.61155
0.61136
0.61118
0.61100
0.61081
0.61063
0.61045
0.61026
0.61008
0.60990
0.60971
0.60953
0.60935
0.60917
0.60898
0.60880
0.60862
0.60843
0.60825
0.60807
0.60789
0.60770
0.60752
0.60734
0.60716
0.60698
0.60679
0.60661
0.60643
0.60625
0.60607
0.60588
0.60570
0.60552
0.60534
0.60516
0.60498
0.60479
0.60461
0.60443
0.60425
0.60407
0.60389
0.60371
0.60353
0.60334
0.60316
0.60298
0.60280
0.60262
0.60244
0.60226
0.60208
0.60190
0.60172
0.60154
0.60136
0.60118
0.60100
0.60082
0.60063
0.60045
0.60027
0.60009
0.59991
0.59973
0.59955
0.59937
0.59919
0.59902
0.59884
0.59866
0.59848
0.59830
0.59812
0.59794
0.59776
0.59758
0.59740
0.59722
0.59704
0.59686
0.59668
0.59650
0.59633
0.59615
0.59597
0.59579
0.59561
0.59543
0.59525
0.59507
0.59490
0.59472
0.59454
0.59436
0.59418
0.59400
0.59383
0.59365
0.59347
0.59329
0.59311
0.59294
0.59276
0.59258
0.59240
0.59222
0.59205
0.59187
0.59169
0.59151
0.59134
0.59116
0.59098
0.59080
0.59063
0.59045
0.59027
0.59010
0.58992
0.58974
0.58956
0.58939
0.58921
0.58903
0.58886
0.58868
0.58850
0.58833
0.58815
0.58798
0.58780
0.58762
0.58745
0.58727
0.58709
0.58692
0.58674
0.58657
0.58639
0.58621
0.58604
0.58586
0.58569
0.58551
0.58533
0.58516
0.58498
0.58481
0.58463
0.58446
0.58428
0.58411
0.58393
0.58376
0.58358
0.58341
0.58323
0.58306
0.58288
0.58271
0.58253
0.58236
0.58218
0.58201
0.58183
0.58166
0.58148
0.58131
0.58113
0.58096
0.58079
0.58061
0.58044
0.58026
0.58009
0.57992
0.57974
0.57957
0.57939
0.57922
0.57905
0.57887
0.57870
0.57853
0.57835
0.57818
0.57800
0.57783
0.57766
0.57748
0.57731
0.57714
0.57697
0.57679
0.57662
0.57645
0.57627
0.57610
0.57593
0.57575
0.57558
0.57541
0.57524
0.57506
0.57489
0.57472
0.57455
0.57437
0.57420
0.57403
0.57386
0.57369
0.57351
0.57334
0.57317
0.57300
0.57283
0.57265
0.57248
0.57231
0.57214
0.57197
0.57180
0.57162
0.57145
0.57128
0.57111
0.57094
0.57077
0.57060
0.57042
0.57025
0.57008
0.56991
0.56974
0.56957
0.56940
0.56923
0.56906
0.56889
0.56872
0.56854
0.56837
0.56820
0.56803
0.56786
0.56769
0.56752
0.56735
0.56718
0.56701
0.56684
0.56667
0.56650
0.56633
0.56616
0.56599
0.56582
0.56565
0.56548
0.56531
0.56514
0.56497
0.56480
0.56463
0.56447
0.56430
0.56413
0.56396
0.56379
0.56362
0.56345
0.56328
0.56311
0.56294
0.56277
0.56261
0.56244
0.56227
0.56210
0.56193
0.56176
0.56159
0.56143
0.56126
0.56109
0.56092
0.56075
0.56058
0.56042
0.56025
0.56008
0.55991
0.55974
0.55958
0.55941
0.55924
0.55907
0.55890
0.55874
0.55857
0.55840
0.55823
0.55807
0.55790
0.55773
0.55756
0.55740
0.55723
0.55706
0.55690
0.55673
0.55656
0.55639
0.55623
0.55606
0.55589
0.55573
0.55556
0.55539
0.55523
0.55506
0.55489
0.55473
0.55456
0.55439
0.55423
0.55406
0.55390
0.55373
0.55356
0.55340
0.55323
0.55307
0.55290
0.55273
0.55257
0.55240
0.55224
0.55207
0.55191
0.55174
0.55157
0.55141
0.55124
0.55108
0.55091
0.55075
0.55058
0.55042
0.55025
0.55009
0.54992
0.54976
0.54959
0.54943
0.54926
0.54910
0.54893
0.54877
0.54860
0.54844
0.54827
0.54811
0.54795
0.54778
0.54762
0.54745
0.54729
0.54712
0.54696
0.54680
0.54663
0.54647
0.54630
0.54614
0.54598
0.54581
0.54565
0.54548
0.54532
0.54516
0.54499
0.54483
0.54467
0.54450
0.54434
0.54418
0.54401
0.54385
0.54369
0.54352
0.54336
0.54320
0.54304
0.54287
0.54271
0.54255
0.54238
0.54222
0.54206
0.54190
0.54173
0.54157
0.54141
0.54125
0.54108
0.54092
0.54076
0.54060
0.54043
0.54027
0.54011
0.53995
0.53979
0.53962
0.53946
0.53930
0.53914
0.53898
0.53882
0.53865
0.53849
0.53833
0.53817
0.53801
0.53785
0.53768
0.53752
0.53736
0.53720
0.53704
0.53688
0.53672
0.53656
0.53640
0.53623
0.53607
0.53591
0.53575
0.53559
0.53543
0.53527
0.53511
0.53495
0.53479
0.53463
0.53447
0.53431
0.53415
0.53399
0.53383
0.53367
0.53351
0.53335
0.53319
0.53303
0.53287
0.53271
0.53255
0.53239
0.53223
0.53207
0.53191
0.53175
0.53159
0.53143
0.53127
0.53111
0.53095
0.53079
0.53063
0.53047
0.53031
0.53016
0.53000
0.52984
0.52968
0.52952
0.52936
0.52920
0.52904
0.52888
0.52873
0.52857
0.52841
0.52825
0.52809
0.52793
0.52778
0.52762
0.52746
0.52730
0.52714
0.52698
0.52683
0.52667
0.52651
0.52635
0.52619
0.52604
0.52588
0.52572
0.52556
0.52541
0.52525
0.52509
0.52493
0.52477
0.52462
0.52446
0.52430
0.52415
0.52399
0.52383
0.52367
0.52352
0.52336
0.52320
0.52305
0.52289
0.52273
0.52258
0.52242
0.52226
0.52210
0.52195
0.52179
0.52164
0.52148
0.52132
0.52117
0.52101
0.52085
0.52070
0.52054
0.52038
0.52023
0.52007
0.51992
0.51976
0.51960
0.51945
0.51929
0.51914
0.51898
0.51883
0.51867
0.51851
0.51836
0.51820
0.51805
0.51789
0.51774
0.51758
0.51743
0.51727
0.51712
0.51696
0.51681
0.51665
0.51650
0.51634
0.51619
0.51603
0.51588
0.51572
0.51557
0.51541
0.51526
0.51510
0.51495
0.51479
0.51464
0.51449
0.51433
0.51418
0.51402
0.51387
0.51371
0.51356
0.51341
0.51325
0.51310
0.51294
0.51279
0.51264
0.51248
0.51233
0.51217
0.51202
0.51187
0.51171
0.51156
0.51141
0.51125
0.51110
0.51095
0.51079
0.51064
0.51049
0.51033
0.51018
0.51003
0.50987
0.50972
0.50957
0.50942
0.50926
0.50911
0.50896
0.50881
0.50865
0.50850
0.50835
0.50819
0.50804
0.50789
0.50774
0.50759
0.50743
0.50728
0.50713
0.50698
0.50682
0.50667
0.50652
0.50637
0.50622
0.50606
0.50591
0.50576
0.50561
0.50546
0.50531
0.50515
0.50500
0.50485
0.50470
0.50455
0.50440
0.50425
0.50409
0.50394
0.50379
0.50364
0.50349
0.50334
0.50319
0.50304
0.50289
0.50274
0.50258
0.50243
0.50228
0.50213
0.50198
0.50183
0.50168
0.50153
0.50138
0.50123
0.50108
0.50093
0.50078
0.50063
0.50048
0.50033
0.50018
0.50003
0.49988
0.49973
0.49958
0.49943
0.49928
0.49913
0.49898
0.49883
0.49868
0.49853
0.49838
0.49823
0.49808
0.49793
0.49778
0.49763
0.49748
0.49733
0.49718
0.49704
0.49689
0.49674
0.49659
0.49644
0.49629
0.49614
0.49599
0.49584
0.49570
0.49555
0.49540
0.49525
0.49510
0.49495
0.49480
0.49466
0.49451
0.49436
0.49421
0.49406
0.49391
0.49377
0.49362
0.49347
0.49332
0.49317
0.49303
0.49288
0.49273
0.49258
0.49243
0.49229
0.49214
0.49199
0.49184
0.49170
0.49155
0.49140
0.49125
0.49111
0.49096
0.49081
0.49066
0.49052
0.49037
0.49022
0.49008
0.48993
0.48978
0.48963
0.48949
0.48934
0.48919
0.48905
0.48890
0.48875
0.48861
0.48846
0.48831
0.48817
0.48802
0.48788
0.48773
0.48758
0.48744
0.48729
0.48714
0.48700
0.48685
0.48671
0.48656
0.48641
0.48627
0.48612
0.48598
0.48583
0.48568
0.48554
0.48539
0.48525
0.48510
0.48496
0.48481
0.48467
0.48452
0.48437
0.48423
0.48408
0.48394
0.48379
0.48365
0.48350
0.48336
0.48321
0.48307
0.48292
0.48278
0.48263
0.48249
0.48234
0.48220
0.48205
0.48191
0.48177
0.48162
0.48148
0.48133
0.48119
0.48104
0.48090
0.48075
0.48061
0.48047
0.48032
0.48018
0.48003
0.47989
0.47975
0.47960
0.47946
0.47931
0.47917
0.47903
0.47888
0.47874
0.47860
0.47845
0.47831
0.47817
0.47802
0.47788
0.47774
0.47759
0.47745
0.47731
0.47716
0.47702
0.47688
0.47673
0.47659
0.47645
0.47630
0.47616
0.47602
0.47588
0.47573
0.47559
0.47545
0.47530
0.47516
0.47502
0.47488
0.47473
0.47459
0.47445
0.47431
0.47417
0.47402
0.47388
0.47374
0.47360
0.47345
0.47331
0.47317
0.47303
0.47289
0.47274
0.47260
0.47246
0.47232
0.47218
0.47204
0.47189
0.47175
0.47161
0.47147
0.47133
0.47119
0.47105
0.47090
0.47076
0.47062
0.47048
0.47034
0.47020
0.47006
0.46992
0.46978
0.46963
0.46949
0.46935
0.46921
0.46907
0.46893
0.46879
0.46865
0.46851
0.46837
0.46823
0.46809
0.46795
0.46781
0.46767
0.46753
0.46739
0.46725
0.46710
0.46696
0.46682
0.46668
0.46654
0.46640
0.46626
0.46612
0.46599
0.46585
0.46571
0.46557
0.46543
0.46529
0.46515
0.46501
0.46487
0.46473
0.46459
0.46445
0.46431
0.46417
0.46403
0.46389
0.46375
0.46361
0.46348
0.46334
0.46320
0.46306
0.46292
0.46278
0.46264
0.46250
0.46236
0.46223
0.46209
0.46195
0.46181
0.46167
0.46153
0.46139
0.46126
0.46112
0.46098
0.46084
0.46070
0.46056
0.46043
0.46029
0.46015
0.46001
0.45987
0.45974
0.45960
0.45946
0.45932
0.45918
0.45905
0.45891
0.45877
0.45863
0.45850
0.45836
0.45822
0.45808
0.45795
0.45781
0.45767
0.45753
0.45740
0.45726
0.45712
0.45699
0.45685
0.45671
0.45657
0.45644
0.45630
0.45616
0.45603
0.45589
0.45575
0.45562
0.45548
0.45534
0.45521
0.45507
0.45493
0.45480
0.45466
0.45452
0.45439
0.45425
0.45411
0.45398
0.45384
0.45371
0.45357
0.45343
0.45330
0.45316
0.45303
0.45289
0.45275
0.45262
0.45248
0.45235
0.45221
0.45208
0.45194
0.45180
0.45167
0.45153
0.45140
0.45126
0.45113
0.45099
0.45086
0.45072
0.45059
0.45045
0.45032
0.45018
0.45005
0.44991
0.44978
0.44964
0.44951
0.44937
0.44924
0.44910
0.44897
0.44883
0.44870
0.44856
0.44843
0.44829
0.44816
0.44802
0.44789
0.44776
0.44762
0.44749
0.44735
0.44722
0.44708
0.44695
0.44682
0.44668
0.44655
0.44641
0.44628
0.44615
0.44601
0.44588
0.44575
0.44561
0.44548
0.44534
0.44521
0.44508
0.44494
0.44481
0.44468
0.44454
0.44441
0.44428
0.44414
0.44401
0.44388
0.44374
0.44361
0.44348
0.44334
0.44321
0.44308
0.44295
0.44281
0.44268
0.44255
0.44241
0.44228
0.44215
0.44202
0.44188
0.44175
0.44162
0.44149
0.44135
0.44122
0.44109
0.44096
0.44082
0.44069
0.44056
0.44043
0.44030
0.44016
0.44003
0.43990
0.43977
0.43964
0.43950
0.43937
0.43924
0.43911
0.43898
0.43884
0.43871
0.43858
0.43845
0.43832
0.43819
0.43806
0.43792
0.43779
0.43766
0.43753
0.43740
0.43727
0.43714
0.43701
0.43687
0.43674
0.43661
0.43648
0.43635
0.43622
0.43609
0.43596
0.43583
0.43570
0.43557
0.43543
0.43530
0.43517
0.43504
0.43491
0.43478
0.43465
0.43452
0.43439
0.43426
0.43413
0.43400
0.43387
0.43374
0.43361
0.43348
0.43335
0.43322
0.43309
0.43296
0.43283
0.43270
0.43257
0.43244
0.43231
0.43218
0.43205
0.43192
0.43179
0.43166
0.43153
0.43140
0.43127
0.43114
0.43102
0.43089
0.43076
0.43063
0.43050
0.43037
0.43024
0.43011
0.42998
0.42985
0.42972
0.42959
0.42947
0.42934
0.42921
0.42908
0.42895
0.42882
0.42869
0.42856
0.42844
0.42831
0.42818
0.42805
0.42792
0.42779
0.42767
0.42754
0.42741
0.42728
0.42715
0.42702
0.42690
0.42677
0.42664
0.42651
0.42638
0.42626
0.42613
0.42600
0.42587
0.42575
0.42562
0.42549
0.42536
0.42523
0.42511
0.42498
0.42485
0.42472
0.42460
0.42447
0.42434
0.42422
0.42409
0.42396
0.42383
0.42371
0.42358
0.42345
0.42333
0.42320
0.42307
0.42294
0.42282
0.42269
0.42256
0.42244
0.42231
0.42218
0.42206
0.42193
0.42180
0.42168
0.42155
0.42142
0.42130
0.42117
0.42105
0.42092
0.42079
0.42067
0.42054
0.42041
0.42029
0.42016
0.42004
0.41991
0.41978
0.41966
0.41953
0.41941
0.41928
0.41915
0.41903
0.41890
0.41878
0.41865
0.41853
0.41840
0.41827
0.41815
0.41802
0.41790
0.41777
0.41765
0.41752
0.41740
0.41727
0.41715
0.41702
0.41690
0.41677
0.41665
0.41652
0.41640
0.41627
0.41615
0.41602
0.41590
0.41577
0.41565
0.41552
0.41540
0.41527
0.41515
0.41502
0.41490
0.41478
0.41465
0.41453
0.41440
0.41428
0.41415
0.41403
0.41391
0.41378
0.41366
0.41353
0.41341
0.41329
0.41316
0.41304
0.41291
0.41279
0.41267
0.41254
0.41242
0.41229
0.41217
0.41205
0.41192
0.41180
0.41168
0.41155
0.41143
0.41131
0.41118
0.41106
0.41094
0.41081
0.41069
0.41057
0.41044
0.41032
0.41020
0.41007
0.40995
0.40983
0.40970
0.40958
0.40946
0.40934
0.40921
0.40909
0.40897
0.40884
0.40872
0.40860
0.40848
0.40835
0.40823
0.40811
0.40799
0.40786
0.40774
0.40762
0.40750
0.40738
0.40725
0.40713
0.40701
0.40689
0.40676
0.40664
0.40652
0.40640
0.40628
0.40616
0.40603
0.40591
0.40579
0.40567
0.40555
0.40542
0.40530
0.40518
0.40506
0.40494
0.40482
0.40470
0.40457
0.40445
0.40433
0.40421
0.40409
0.40397
0.40385
0.40373
0.40360
0.40348
0.40336
0.40324
0.40312
0.40300
0.40288
0.40276
0.40264
0.40252
0.40239
0.40227
0.40215
0.40203
0.40191
0.40179
0.40167
0.40155
0.40143
0.40131
0.40119
0.40107
0.40095
0.40083
0.40071
0.40059
0.40047
0.40035
0.40023
0.40011
0.39999
0.39987
0.39975
0.39963
0.39951
0.39939
0.39927
0.39915
0.39903
0.39891
0.39879
0.39867
0.39855
0.39843
0.39831
0.39819
0.39807
0.39795
0.39783
0.39771
0.39759
0.39748
0.39736
0.39724
0.39712
0.39700
0.39688
0.39676
0.39664
0.39652
0.39640
0.39628
0.39617
0.39605
0.39593
0.39581
0.39569
0.39557
0.39545
0.39533
0.39522
0.39510
0.39498
0.39486
0.39474
0.39462
0.39450
0.39439
0.39427
0.39415
0.39403
0.39391
0.39380
0.39368
0.39356
0.39344
0.39332
0.39320
0.39309
0.39297
0.39285
0.39273
0.39262
0.39250
0.39238
0.39226
0.39214
0.39203
0.39191
0.39179
0.39167
0.39156
0.39144
0.39132
0.39120
0.39109
0.39097
0.39085
0.39074
0.39062
0.39050
0.39038
0.39027
0.39015
0.39003
0.38992
0.38980
0.38968
0.38956
0.38945
0.38933
0.38921
0.38910
0.38898
0.38886
0.38875
0.38863
0.38851
0.38840
0.38828
0.38816
0.38805
0.38793
0.38782
0.38770
0.38758
0.38747
0.38735
0.38723
0.38712
0.38700
0.38689
0.38677
0.38665
0.38654
0.38642
0.38631
0.38619
0.38607
0.38596
0.38584
0.38573
0.38561
0.38549
0.38538
0.38526
0.38515
0.38503
0.38492
0.38480
0.38469
0.38457
0.38446
0.38434
0.38422
0.38411
0.38399
0.38388
0.38376
0.38365
0.38353
0.38342
0.38330
0.38319
0.38307
0.38296
0.38284
0.38273
0.38261
0.38250
0.38238
0.38227
0.38216
0.38204
0.38193
0.38181
0.38170
0.38158
0.38147
0.38135
0.38124
0.38112
0.38101
0.38090
0.38078
0.38067
0.38055
0.38044
0.38033
0.38021
0.38010
0.37998
0.37987
0.37975
0.37964
0.37953
0.37941
0.37930
0.37919
0.37907
0.37896
0.37884
0.37873
0.37862
0.37850
0.37839
0.37828
0.37816
0.37805
0.37794
0.37782
0.37771
0.37760
0.37748
0.37737
0.37726
0.37714
0.37703
0.37692
0.37680
0.37669
0.37658
0.37646
0.37635
0.37624
0.37613
0.37601
0.37590
0.37579
0.37568
0.37556
0.37545
0.37534
0.37522
0.37511
0.37500
0.37489
0.37477
0.37466
0.37455
0.37444
0.37432
0.37421
0.37410
0.37399
0.37388
0.37376
0.37365
0.37354
0.37343
0.37332
0.37320
0.37309
0.37298
0.37287
0.37276
0.37264
0.37253
0.37242
0.37231
0.37220
0.37209
0.37197
0.37186
0.37175
0.37164
0.37153
0.37142
0.37130
0.37119
0.37108
0.37097
0.37086
0.37075
0.37064
0.37053
0.37041
0.37030
0.37019
0.37008
0.36997
0.36986
0.36975
0.36964
0.36953
0.36942
0.36930
0.36919
0.36908
0.36897
0.36886
0.36875
0.36864
0.36853
0.36842
0.36831
0.36820
0.36809
0.36798
0.36787
0.36776
0.36765
0.36754
0.36743
0.36732
0.36721
0.36710
0.36699
0.36688
0.36677
0.36666
0.36655
0.36644
0.36633
0.36622
0.36611
0.36600
0.36589
0.36578
0.36567
0.36556
0.36545
0.36534
0.36523
0.36512
0.36501
0.36490
0.36479
0.36468
0.36457
0.36446
0.36435
0.36424
0.36413
0.36402
0.36392
0.36381
0.36370
0.36359
0.36348
0.36337
0.36326
0.36315
0.36304
0.36293
0.36282
0.36272
0.36261
0.36250
0.36239
0.36228
0.36217
0.36206
0.36195
0.36185
0.36174
0.36163
0.36152
0.36141
0.36130
0.36120
0.36109
0.36098
0.36087
0.36076
0.36065
0.36055
0.36044
0.36033
0.36022
0.36011
0.36001
0.35990
0.35979
0.35968
0.35957
0.35947
0.35936
0.35925
0.35914
0.35903
0.35893
0.35882
0.35871
0.35860
0.35850
0.35839
0.35828
0.35817
0.35807
0.35796
0.35785
0.35774
0.35764
0.35753
0.35742
0.35732
0.35721
0.35710
0.35699
0.35689
0.35678
0.35667
0.35657
0.35646
0.35635
0.35624
0.35614
0.35603
0.35592
0.35582
0.35571
0.35560
0.35550
0.35539
0.35528
0.35518
0.35507
0.35496
0.35486
0.35475
0.35464
0.35454
0.35443
0.35433
0.35422
0.35411
0.35401
0.35390
0.35379
0.35369
0.35358
0.35348
0.35337
0.35326
0.35316
0.35305
0.35295
0.35284
0.35273
0.35263
0.35252
0.35242
0.35231
0.35221
0.35210
0.35199
0.35189
0.35178
0.35168
0.35157
0.35147
0.35136
0.35126
0.35115
0.35105
0.35094
0.35083
0.35073
0.35062
0.35052
0.35041
0.35031
0.35020
0.35010
0.34999
0.34989
0.34978
0.34968
0.34957
0.34947
0.34936
0.34926
0.34915
0.34905
0.34895
0.34884
0.34874
0.34863
0.34853
0.34842
0.34832
0.34821
0.34811
0.34800
0.34790
0.34780
0.34769
0.34759
0.34748
0.34738
0.34727
0.34717
0.34707
0.34696
0.34686
0.34675
0.34665
0.34655
0.34644
0.34634
0.34623
0.34613
0.34603
0.34592
0.34582
0.34571
0.34561
0.34551
0.34540
0.34530
0.34520
0.34509
0.34499
0.34489
0.34478
0.34468
0.34458
0.34447
0.34437
0.34427
0.34416
0.34406
0.34396
0.34385
0.34375
0.34365
0.34354
0.34344
0.34334
0.34323
0.34313
0.34303
0.34293
0.34282
0.34272
0.34262
0.34251
0.34241
0.34231
0.34221
0.34210
0.34200
0.34190
0.34180
0.34169
0.34159
0.34149
0.34139
0.34128
0.34118
0.34108
0.34098
0.34087
0.34077
0.34067
0.34057
0.34046
0.34036
0.34026
0.34016
0.34006
0.33995
0.33985
0.33975
0.33965
0.33955
0.33944
0.33934
0.33924
0.33914
0.33904
0.33894
0.33883
0.33873
0.33863
0.33853
0.33843
0.33833
0.33822
0.33812
0.33802
0.33792
0.33782
0.33772
0.33762
0.33752
0.33741
0.33731
0.33721
0.33711
0.33701
0.33691
0.33681
0.33671
0.33660
0.33650
0.33640
0.33630
0.33620
0.33610
0.33600
0.33590
0.33580
0.33570
0.33560
0.33550
0.33540
0.33529
0.33519
0.33509
0.33499
0.33489
0.33479
0.33469
0.33459
0.33449
0.33439
0.33429
0.33419
0.33409
0.33399
0.33389
0.33379
0.33369
0.33359
0.33349
0.33339
0.33329
0.33319
0.33309
0.33299
0.33289
0.33279
0.33269
0.33259
0.33249
0.33239
0.33229
0.33219
0.33209
0.33199
0.33189
0.33179
0.33169
0.33159
0.33149
0.33139
0.33129
0.33120
0.33110
0.33100
0.33090
0.33080
0.33070
0.33060
0.33050
0.33040
0.33030
0.33020
0.33010
0.33000
0.32991
0.32981
0.32971
0.32961
0.32951
0.32941
0.32931
0.32921
0.32911
0.32902
0.32892
0.32882
0.32872
0.32862
0.32852
0.32842
0.32833
0.32823
0.32813
0.32803
0.32793
0.32783
0.32774
0.32764
0.32754
0.32744
0.32734
0.32724
0.32715
0.32705
0.32695
0.32685
0.32675
0.32666
0.32656
0.32646
0.32636
0.32626
0.32617
0.32607
0.32597
0.32587
0.32577
0.32568
0.32558
0.32548
0.32538
0.32529
0.32519
0.32509
0.32499
0.32490
0.32480
0.32470
0.32460
0.32451
0.32441
0.32431
0.32421
0.32412
0.32402
0.32392
0.32383
0.32373
0.32363
0.32353
0.32344
0.32334
0.32324
0.32315
0.32305
0.32295
0.32286
0.32276
0.32266
0.32256
0.32247
0.32237
0.32227
0.32218
0.32208
0.32198
0.32189
0.32179
0.32170
0.32160
0.32150
0.32141
0.32131
0.32121
0.32112
0.32102
0.32092
0.32083
0.32073
0.32064
0.32054
0.32044
0.32035
0.32025
0.32015
0.32006
0.31996
0.31987
0.31977
0.31967
0.31958
0.31948
0.31939
0.31929
0.31920
0.31910
0.31900
0.31891
0.31881
0.31872
0.31862
0.31853
0.31843
0.31833
0.31824
0.31814
0.31805
0.31795
0.31786
0.31776
0.31767
0.31757
0.31748
0.31738
0.31729
0.31719
0.31710
0.31700
0.31691
0.31681
0.31671
0.31662
0.31652
0.31643
0.31634
0.31624
0.31615
0.31605
0.31596
0.31586
0.31577
0.31567
0.31558
0.31548
0.31539
0.31529
0.31520
0.31510
0.31501
0.31491
0.31482
0.31473
0.31463
0.31454
0.31444
0.31435
0.31425
0.31416
0.31407
0.31397
0.31388
0.31378
0.31369
0.31359
0.31350
0.31341
0.31331
0.31322
0.31312
0.31303
0.31294
0.31284
0.31275
0.31265
0.31256
0.31247
0.31237
0.31228
0.31219
0.31209
0.31200
0.31191
0.31181
0.31172
0.31162
0.31153
0.31144
0.31134
0.31125
0.31116
0.31106
0.31097
0.31088
0.31078
0.31069
0.31060
0.31050
0.31041
0.31032
0.31023
0.31013
0.31004
0.30995
0.30985
0.30976
0.30967
0.30957
0.30948
0.30939
0.30930
0.30920
0.30911
0.30902
0.30893
0.30883
0.30874
0.30865
0.30855
0.30846
0.30837
0.30828
0.30818
0.30809
0.30800
0.30791
0.30781
0.30772
0.30763
0.30754
0.30745
0.30735
0.30726
0.30717
0.30708
0.30698
0.30689
0.30680
0.30671
0.30662
0.30652
0.30643
0.30634
0.30625
0.30616
0.30606
0.30597
0.30588
0.30579
0.30570
0.30561
0.30551
0.30542
0.30533
0.30524
0.30515
0.30506
0.30496
0.30487
0.30478
0.30469
0.30460
0.30451
0.30442
0.30433
0.30423
0.30414
0.30405
0.30396
0.30387
0.30378
0.30369
0.30360
0.30350
0.30341
0.30332
0.30323
0.30314
0.30305
0.30296
0.30287
0.30278
0.30269
0.30260
0.30250
0.30241
0.30232
0.30223
0.30214
0.30205
0.30196
0.30187
0.30178
0.30169
0.30160
0.30151
0.30142
0.30133
0.30124
0.30115
0.30106
0.30097
0.30088
0.30078
0.30069
0.30060
0.30051
0.30042
0.30033
0.30024
0.30015
0.30006
0.29997
0.29988
0.29979
0.29970
0.29961
0.29952
0.29943
0.29934
0.29925
0.29916
0.29907
0.29899
0.29890
0.29881
0.29872
0.29863
0.29854
0.29845
0.29836
0.29827
0.29818
0.29809
0.29800
0.29791
0.29782
0.29773
0.29764
0.29755
0.29746
0.29737
0.29729
0.29720
0.29711
0.29702
0.29693
0.29684
0.29675
0.29666
0.29657
0.29648
0.29640
0.29631
0.29622
0.29613
0.29604
0.29595
0.29586
0.29577
0.29568
0.29560
0.29551
0.29542
0.29533
0.29524
0.29515
0.29506
0.29498
0.29489
0.29480
0.29471
0.29462
0.29453
0.29445
0.29436
0.29427
0.29418
0.29409
0.29400
0.29392
0.29383
0.29374
0.29365
0.29356
0.29347
0.29339
0.29330
0.29321
0.29312
0.29303
0.29295
0.29286
0.29277
0.29268
0.29260
0.29251
0.29242
0.29233
0.29224
0.29216
0.29207
0.29198
0.29189
0.29181
0.29172
0.29163
0.29154
0.29146
0.29137
0.29128
0.29119
0.29111
0.29102
0.29093
0.29085
0.29076
0.29067
0.29058
0.29050
0.29041
0.29032
0.29023
0.29015
0.29006
0.28997
0.28989
0.28980
0.28971
0.28963
0.28954
0.28945
0.28937
0.28928
0.28919
0.28910
0.28902
0.28893
0.28884
0.28876
0.28867
0.28858
0.28850
0.28841
0.28833
0.28824
0.28815
0.28807
0.28798
0.28789
0.28781
0.28772
0.28763
0.28755
0.28746
0.28738
0.28729
0.28720
0.28712
0.28703
0.28694
0.28686
0.28677
0.28669
0.28660
0.28651
0.28643
0.28634
0.28626
0.28617
0.28608
0.28600
0.28591
0.28583
0.28574
0.28566
0.28557
0.28548
0.28540
0.28531
0.28523
0.28514
0.28506
0.28497
0.28489
0.28480
0.28471
0.28463
0.28454
0.28446
0.28437
0.28429
0.28420
0.28412
0.28403
0.28395
0.28386
0.28378
0.28369
0.28361
0.28352
0.28344
0.28335
0.28327
0.28318
0.28310
0.28301
0.28293
0.28284
0.28276
0.28267
0.28259
0.28250
0.28242
0.28233
0.28225
0.28216
0.28208
0.28199
0.28191
0.28183
0.28174
0.28166
0.28157
0.28149
0.28140
0.28132
0.28123
0.28115
0.28107
0.28098
0.28090
0.28081
0.28073
0.28064
0.28056
0.28048
0.28039
0.28031
0.28022
0.28014
0.28005
0.27997
0.27989
0.27980
0.27972
0.27964
0.27955
0.27947
0.27938
0.27930
0.27922
0.27913
0.27905
0.27896
0.27888
0.27880
0.27871
0.27863
0.27855
0.27846
0.27838
0.27830
0.27821
0.27813
0.27805
0.27796
0.27788
0.27780
0.27771
0.27763
0.27755
0.27746
0.27738
0.27730
0.27721
0.27713
0.27705
0.27696
0.27688
0.27680
0.27671
0.27663
0.27655
0.27646
0.27638
0.27630
0.27622
0.27613
0.27605
0.27597
0.27588
0.27580
0.27572
0.27564
0.27555
0.27547
0.27539
0.27531
0.27522
0.27514
0.27506
0.27498
0.27489
0.27481
0.27473
0.27465
0.27456
0.27448
0.27440
0.27432
0.27423
0.27415
0.27407
0.27399
0.27391
0.27382
0.27374
0.27366
0.27358
0.27349
0.27341
0.27333
0.27325
0.27317
0.27308
0.27300
0.27292
0.27284
0.27276
0.27268
0.27259
0.27251
0.27243
0.27235
0.27227
0.27218
0.27210
0.27202
0.27194
0.27186
0.27178
0.27170
0.27161
0.27153
0.27145
0.27137
0.27129
0.27121
0.27113
0.27104
0.27096
0.27088
0.27080
0.27072
0.27064
0.27056
0.27048
0.27039
0.27031
0.27023
0.27015
0.27007
0.26999
0.26991
0.26983
0.26975
0.26967
0.26958
0.26950
0.26942
0.26934
0.26926
0.26918
0.26910
0.26902
0.26894
0.26886
0.26878
0.26870
0.26862
0.26853
0.26845
0.26837
0.26829
0.26821
0.26813
0.26805
0.26797
0.26789
0.26781
0.26773
0.26765
0.26757
0.26749
0.26741
0.26733
0.26725
0.26717
0.26709
0.26701
0.26693
0.26685
0.26677
0.26669
0.26661
0.26653
0.26645
0.26637
0.26629
0.26621
0.26613
0.26605
0.26597
0.26589
0.26581
0.26573
0.26565
0.26557
0.26549
0.26541
0.26533
0.26525
0.26517
0.26509
0.26501
0.26493
0.26485
0.26477
0.26469
0.26462
0.26454
0.26446
0.26438
0.26430
0.26422
0.26414
0.26406
0.26398
0.26390
0.26382
0.26374
0.26366
0.26359
0.26351
0.26343
0.26335
0.26327
0.26319
0.26311
0.26303
0.26295
0.26287
0.26280
0.26272
0.26264
0.26256
0.26248
0.26240
0.26232
0.26224
0.26217
0.26209
0.26201
0.26193
0.26185
0.26177
0.26169
0.26162
0.26154
0.26146
0.26138
0.26130
0.26122
0.26115
0.26107
0.26099
0.26091
0.26083
0.26075
0.26068
0.26060
0.26052
0.26044
0.26036
0.26028
0.26021
0.26013
0.26005
0.25997
0.25989
0.25982
0.25974
0.25966
0.25958
0.25950
0.25943
0.25935
0.25927
0.25919
0.25912
0.25904
0.25896
0.25888
0.25881
0.25873
0.25865
0.25857
0.25849
0.25842
0.25834
0.25826
0.25818
0.25811
0.25803
0.25795
0.25787
0.25780
0.25772
0.25764
0.25757
0.25749
0.25741
0.25733
0.25726
0.25718
0.25710
0.25703
0.25695
0.25687
0.25679
0.25672
0.25664
0.25656
0.25649
0.25641
0.25633
0.25626
0.25618
0.25610
0.25602
0.25595
0.25587
0.25579
0.25572
0.25564
0.25556
0.25549
0.25541
0.25533
0.25526
0.25518
0.25510
0.25503
0.25495
0.25487
0.25480
0.25472
0.25465
0.25457
0.25449
0.25442
0.25434
0.25426
0.25419
0.25411
0.25404
0.25396
0.25388
0.25381
0.25373
0.25365
0.25358
0.25350
0.25343
0.25335
0.25327
0.25320
0.25312
0.25305
0.25297
0.25289
0.25282
0.25274
0.25267
0.25259
0.25252
0.25244
0.25236
0.25229
0.25221
0.25214
0.25206
0.25199
0.25191
0.25183
0.25176
0.25168
0.25161
0.25153
0.25146
0.25138
0.25131
0.25123
0.25116
0.25108
0.25100
0.25093
0.25085
0.25078
0.25070
0.25063
0.25055
0.25048
0.25040
0.25033
0.25025
0.25018
0.25010
0.25003
0.24995
0.24988
0.24980
0.24973
0.24965
0.24958
0.24950
0.24943
0.24935
0.24928
0.24920
0.24913
0.24905
0.24898
0.24890
0.24883
0.24876
0.24868
0.24861
0.24853
0.24846
0.24838
0.24831
0.24823
0.24816
0.24808
0.24801
0.24794
0.24786
0.24779
0.24771
0.24764
0.24756
0.24749
0.24742
0.24734
0.24727
0.24719
0.24712
0.24704
0.24697
0.24690
0.24682
0.24675
0.24667
0.24660
0.24653
0.24645
0.24638
0.24630
0.24623
0.24616
0.24608
0.24601
0.24594
0.24586
0.24579
0.24571
0.24564
0.24557
0.24549
0.24542
0.24535
0.24527
0.24520
0.24512
0.24505
0.24498
0.24490
0.24483
0.24476
0.24468
0.24461
0.24454
0.24446
0.24439
0.24432
0.24424
0.24417
0.24410
0.24402
0.24395
0.24388
0.24380
0.24373
0.24366
0.24359
0.24351
0.24344
0.24337
0.24329
0.24322
0.24315
0.24307
0.24300
0.24293
0.24286
0.24278
0.24271
0.24264
0.24256
0.24249
0.24242
0.24235
0.24227
0.24220
0.24213
0.24206
0.24198
0.24191
0.24184
0.24176
0.24169
0.24162
0.24155
0.24147
0.24140
0.24133
0.24126
0.24119
0.24111
0.24104
0.24097
0.24090
0.24082
0.24075
0.24068
0.24061
0.24053
0.24046
0.24039
0.24032
0.24025
0.24017
0.24010
0.24003
0.23996
0.23989
0.23981
0.23974
0.23967
0.23960
0.23953
0.23945
0.23938
0.23931
0.23924
0.23917
0.23910
0.23902
0.23895
0.23888
0.23881
0.23874
0.23867
0.23859
0.23852
0.23845
0.23838
0.23831
0.23824
0.23817
0.23809
0.23802
0.23795
0.23788
0.23781
0.23774
0.23767
0.23759
0.23752
0.23745
0.23738
0.23731
0.23724
0.23717
0.23710
0.23702
0.23695
0.23688
0.23681
0.23674
0.23667
0.23660
0.23653
0.23646
0.23639
0.23631
0.23624
0.23617
0.23610
0.23603
0.23596
0.23589
0.23582
0.23575
0.23568
0.23561
0.23554
0.23547
0.23539
0.23532
0.23525
0.23518
0.23511
0.23504
0.23497
0.23490
0.23483
0.23476
0.23469
0.23462
0.23455
0.23448
0.23441
0.23434
0.23427
0.23420
0.23413
0.23406
0.23399
0.23392
0.23385
0.23378
0.23371
0.23364
0.23357
0.23350
0.23343
0.23336
0.23329
0.23322
0.23315
0.23308
0.23301
0.23294
0.23287
0.23280
0.23273
0.23266
0.23259
0.23252
0.23245
0.23238
0.23231
0.23224
0.23217
0.23210
0.23203
0.23196
0.23189
0.23182
0.23175
0.23168
0.23161
0.23154
0.23147
0.23140
0.23133
0.23126
0.23119
0.23113
0.23106
0.23099
0.23092
0.23085
0.23078
0.23071
0.23064
0.23057
0.23050
0.23043
0.23036
0.23029
0.23023
0.23016
0.23009
0.23002
0.22995
0.22988
0.22981
0.22974
0.22967
0.22960
0.22954
0.22947
0.22940
0.22933
0.22926
0.22919
0.22912
0.22905
0.22899
0.22892
0.22885
0.22878
0.22871
0.22864
0.22857
0.22851
0.22844
0.22837
0.22830
0.22823
0.22816
0.22809
0.22803
0.22796
0.22789
0.22782
0.22775
0.22768
0.22762
0.22755
0.22748
0.22741
0.22734
0.22727
0.22721
0.22714
0.22707
0.22700
0.22693
0.22687
0.22680
0.22673
0.22666
0.22659
0.22653
0.22646
0.22639
0.22632
0.22625
0.22619
0.22612
0.22605
0.22598
0.22591
0.22585
0.22578
0.22571
0.22564
0.22558
0.22551
0.22544
0.22537
0.22531
0.22524
0.22517
0.22510
0.22504
0.22497
0.22490
0.22483
0.22477
0.22470
0.22463
0.22456
0.22450
0.22443
0.22436
0.22429
0.22423
0.22416
0.22409
0.22402
0.22396
0.22389
0.22382
0.22376
0.22369
0.22362
0.22355
0.22349
0.22342
0.22335
0.22329
0.22322
0.22315
