1.00000
0.99880
0.99760
0.99641
0.99521
0.99402
0.99282
0.99163
0.99044
0.98926
0.98807
0.98688
0.98570
0.98452
0.98334
0.98216
0.98098
0.97980
0.97863
0.97745
0.97628
0.97511
0.97394
0.97277
0.97161
0.97044
0.96928
0.96811
0.96695
0.96579
0.96463
0.96348
0.96232
0.96117
0.96001
0.95886
0.95771
0.95656
0.95542
0.95427
0.95313
0.95198
0.95084
0.94970
0.94856
0.94742
0.94629
0.94515
0.94402
0.94289
0.94175
0.94062
0.93950
0.93837
0.93724
0.93612
0.93500
0.93388
0.93275
0.93164
0.93052
0.92940
0.92829
0.92717
0.92606
0.92495
0.92384
0.92273
0.92163
0.92052
0.91942
0.91831
0.91721
0.91611
0.91501
0.91392
0.91282
0.91172
0.91063
0.90954
0.90845
0.90736
0.90627
0.90518
0.90410
0.90301
0.90193
0.90085
0.89977
0.89869
0.89761
0.89653
0.89546
0.89438
0.89331
0.89224
0.89117
0.89010
0.88903
0.88797
0.88690
0.88584
0.88477
0.88371
0.88265
0.88159
0.88054
0.87948
0.87843
0.87737
0.87632
0.87527
0.87422
0.87317
0.87212
0.87108
0.87003
0.86899
0.86795
0.86690
0.86586
0.86483
0.86379
0.86275
0.86172
0.86068
0.85965
0.85862
0.85759
0.85656
0.85553
0.85451
0.85348
0.85246
0.85144
0.85042
0.84940
0.84838
0.84736
0.84634
0.84533
0.84431
0.84330
0.84229
0.84128
0.84027
0.83926
0.83826
0.83725
0.83625
0.83524
0.83424
0.83324
0.83224
0.83124
0.83025
0.82925
0.82825
0.82726
0.82627
0.82528
0.82429
0.82330
0.82231
0.82133
0.82034
0.81936
0.81837
0.81739
0.81641
0.81543
0.81445
0.81348
0.81250
0.81153
0.81055
0.80958
0.80861
0.80764
0.80667
0.80570
0.80474
0.80377
0.80281
0.80184
0.80088
0.79992
0.79896
0.79800
0.79705
0.79609
0.79514
0.79418
0.79323
0.79228
0.79133
0.79038
0.78943
0.78848
0.78754
0.78659
0.78565
0.78471
0.78377
0.78283
0.78189
0.78095
0.78001
0.77908
0.77814
0.77721
0.77628
0.77535
0.77442
0.77349
0.77256
0.77163
0.77071
0.76978
0.76886
0.76794
0.76702
0.76610
0.76518
0.76426
0.76334
0.76243
0.76151
0.76060
0.75969
0.75877
0.75786
0.75696
0.75605
0.75514
0.75423
0.75333
0.75243
0.75152
0.75062
0.74972
0.74882
0.74792
0.74703
0.74613
0.74524
0.74434
0.74345
0.74256
0.74167
0.74078
0.73989
0.73900
0.73811
0.73723
0.73635
0.73546
0.73458
0.73370
0.73282
0.73194
0.73106
0.73018
0.72931
0.72843
0.72756
0.72669
0.72582
0.72495
0.72408
0.72321
0.72234
0.72147
0.72061
0.71974
0.71888
0.71802
0.71716
0.71630
0.71544
0.71458
0.71372
0.71287
0.71201
0.71116
0.71030
0.70945
0.70860
0.70775
0.70690
0.70605
0.70521
0.70436
0.70352
0.70267
0.70183
0.70099
0.70015
0.69931
0.69847
0.69763
0.69679
0.69596
0.69512
0.69429
0.69346
0.69262
0.69179
0.69096
0.69014
0.68931
0.68848
0.68765
0.68683
0.68601
0.68518
0.68436
0.68354
0.68272
0.68190
0.68108
0.68027
0.67945
0.67864
0.67782
0.67701
0.67620
0.67539
0.67458
0.67377
0.67296
0.67215
0.67134
0.67054
0.66973
0.66893
0.66813
0.66733
0.66653
0.66573
0.66493
0.66413
0.66333
0.66254
0.66174
0.66095
0.66016
0.65937
0.65858
0.65779
0.65700
0.65621
0.65542
0.65463
0.65385
0.65307
0.65228
0.65150
0.65072
0.64994
0.64916
0.64838
0.64760
0.64682
0.64605
0.64527
0.64450
0.64373
0.64295
0.64218
0.64141
0.64064
0.63988
0.63911
0.63834
0.63758
0.63681
0.63605
0.63528
0.63452
0.63376
0.63300
0.63224
0.63148
0.63073
0.62997
0.62921
0.62846
0.62770
0.62695
0.62620
0.62545
0.62470
0.62395
0.62320
0.62245
0.62171
0.62096
0.62022
0.61947
0.61873
0.61799
0.61725
0.61651
0.61577
0.61503
0.61429
0.61355
0.61282
0.61208
0.61135
0.61061
0.60988
0.60915
0.60842
0.60769
0.60696
0.60623
0.60551
0.60478
0.60405
0.60333
0.60261
0.60188
0.60116
0.60044
0.59972
0.59900
0.59828
0.59756
0.59685
0.59613
0.59542
0.59470
0.59399
0.59328
0.59256
0.59185
0.59114
0.59043
0.58973
0.58902
0.58831
0.58761
0.58690
0.58620
0.58549
0.58479
0.58409
0.58339
0.58269
0.58199
0.58129
0.58060
0.57990
0.57920
0.57851
0.57782
0.57712
0.57643
0.57574
0.57505
0.57436
0.57367
0.57298
0.57229
0.57161
0.57092
0.57024
0.56955
0.56887
0.56819
0.56751
0.56683
0.56615
0.56547
0.56479
0.56411
0.56343
0.56276
0.56208
0.56141
0.56074
0.56006
0.55939
0.55872
0.55805
0.55738
0.55671
0.55604
0.55538
0.55471
0.55405
0.55338
0.55272
0.55205
0.55139
0.55073
0.55007
0.54941
0.54875
0.54809
0.54744
0.54678
0.54612
0.54547
0.54481
0.54416
0.54351
0.54286
0.54220
0.54155
0.54090
0.54026
0.53961
0.53896
0.53831
0.53767
0.53702
0.53638
0.53574
0.53509
0.53445
0.53381
0.53317
0.53253
0.53189
0.53125
0.53062
0.52998
0.52934
0.52871
0.52807
0.52744
0.52681
0.52618
0.52555
0.52492
0.52429
0.52366
0.52303
0.52240
0.52177
0.52115
0.52052
0.51990
0.51928
0.51865
0.51803
0.51741
0.51679
0.51617
0.51555
0.51493
0.51431
0.51370
0.51308
0.51247
0.51185
0.51124
0.51062
0.51001
0.50940
0.50879
0.50818
0.50757
0.50696
0.50635
0.50574
0.50514
0.50453
0.50393
0.50332
0.50272
0.50211
0.50151
0.50091
0.50031
0.49971
0.49911
0.49851
0.49791
0.49732
0.49672
0.49612
0.49553
0.49493
0.49434
0.49375
0.49316
0.49256
0.49197
0.49138
0.49079
0.49021
0.48962
0.48903
0.48844
0.48786
0.48727
0.48669
0.48610
0.48552
0.48494
0.48436
0.48378
0.48320
0.48262
0.48204
0.48146
0.48088
0.48030
0.47973
0.47915
0.47858
0.47800
0.47743
0.47686
0.47629
0.47572
0.47514
0.47457
0.47401
0.47344
0.47287
0.47230
0.47174
0.47117
0.47060
0.47004
0.46948
0.46891
0.46835
0.46779
0.46723
0.46667
0.46611
0.46555
0.46499
0.46443
0.46387
0.46332
0.46276
0.46221
0.46165
0.46110
0.46055
0.45999
0.45944
0.45889
0.45834
0.45779
0.45724
0.45669
0.45615
0.45560
0.45505
0.45451
0.45396
0.45342
0.45287
0.45233
0.45179
0.45124
0.45070
0.45016
0.44962
0.44908
0.44854
0.44801
0.44747
0.44693
0.44640
0.44586
0.44533
0.44479
0.44426
0.44373
0.44319
0.44266
0.44213
0.44160
0.44107
0.44054
0.44001
0.43949
0.43896
0.43843
0.43791
0.43738
0.43686
0.43633
0.43581
0.43529
0.43476
0.43424
0.43372
0.43320
0.43268
0.43216
0.43164
0.43113
0.43061
0.43009
0.42958
0.42906
0.42855
0.42803
0.42752
0.42701
0.42649
0.42598
0.42547
0.42496
0.42445
0.42394
0.42343
0.42293
0.42242
0.42191
0.42141
0.42090
0.42040
0.41989
0.41939
0.41888
0.41838
0.41788
0.41738
0.41688
0.41638
0.41588
0.41538
0.41488
0.41438
0.41389
0.41339
0.41289
0.41240
0.41190
0.41141
0.41092
0.41042
0.40993
0.40944
0.40895
0.40846
0.40797
0.40748
0.40699
0.40650
0.40601
0.40553
0.40504
0.40456
0.40407
0.40359
0.40310
0.40262
0.40214
0.40165
0.40117
0.40069
0.40021
0.39973
0.39925
0.39877
0.39829
0.39781
0.39734
0.39686
0.39638
0.39591
0.39543
0.39496
0.39449
0.39401
0.39354
0.39307
0.39260
0.39213
0.39166
0.39119
0.39072
0.39025
0.38978
0.38931
0.38885
0.38838
0.38791
0.38745
0.38698
0.38652
0.38606
0.38559
0.38513
0.38467
0.38421
0.38375
0.38329
0.38283
0.38237
0.38191
0.38145
0.38099
0.38053
0.38008
0.37962
0.37917
0.37871
0.37826
0.37780
0.37735
0.37690
0.37645
0.37600
0.37554
0.37509
0.37464
0.37419
0.37375
0.37330
0.37285
0.37240
0.37196
0.37151
0.37106
0.37062
0.37017
0.36973
0.36929
0.36884
0.36840
0.36796
0.36752
0.36708
0.36664
0.36620
0.36576
0.36532
0.36488
0.36444
0.36401
0.36357
0.36313
0.36270
0.36226
0.36183
0.36139
0.36096
0.36053
0.36010
0.35966
0.35923
0.35880
0.35837
0.35794
0.35751
0.35708
0.35665
0.35623
0.35580
0.35537
0.35495
0.35452
0.35409
0.35367
0.35325
0.35282
0.35240
0.35198
0.35155
0.35113
0.35071
0.35029
0.34987
0.34945
0.34903
0.34861
0.34819
0.34778
0.34736
0.34694
0.34653
0.34611
0.34570
0.34528
0.34487
0.34445
0.34404
0.34363
0.34322
0.34280
0.34239
0.34198
0.34157
0.34116
0.34075
0.34034
0.33994
0.33953
0.33912
0.33871
0.33831
0.33790
0.33750
0.33709
0.33669
0.33628
0.33588
0.33548
0.33508
0.33467
0.33427
0.33387
0.33347
0.33307
0.33267
0.33227
0.33187
0.33148
0.33108
0.33068
0.33028
0.32989
0.32949
0.32910
0.32870
0.32831
0.32791
0.32752
0.32713
0.32674
0.32634
0.32595
0.32556
0.32517
0.32478
0.32439
0.32400
0.32361
0.32322
0.32284
0.32245
0.32206
0.32168
0.32129
0.32091
0.32052
0.32014
0.31975
0.31937
0.31899
0.31860
0.31822
0.31784
0.31746
0.31708
0.31670
0.31632
0.31594
0.31556
0.31518
0.31480
0.31442
0.31405
0.31367
0.31329
0.31292
0.31254
0.31217
0.31179
0.31142
0.31105
0.31067
0.31030
0.30993
0.30956
0.30919
0.30881
0.30844
0.30807
0.30770
0.30734
0.30697
0.30660
0.30623
0.30586
0.30550
0.30513
0.30476
0.30440
0.30403
0.30367
0.30330
0.30294
0.30258
0.30221
0.30185
0.30149
0.30113
0.30077
0.30041
0.30005
0.29969
0.29933
0.29897
0.29861
0.29825
0.29789
0.29754
0.29718
0.29682
0.29647
0.29611
0.29576
0.29540
0.29505
0.29469
0.29434
0.29399
0.29363
0.29328
0.29293
0.29258
0.29223
0.29188
0.29153
0.29118
0.29083
0.29048
0.29013
0.28978
0.28943
0.28909
0.28874
0.28839
0.28805
0.28770
0.28736
0.28701
0.28667
0.28632
0.28598
0.28564
0.28530
0.28495
0.28461
0.28427
0.28393
0.28359
0.28325
0.28291
0.28257
0.28223
0.28189
0.28155
0.28122
0.28088
0.28054
0.28021
0.27987
0.27953
0.27920
0.27886
0.27853
0.27819
0.27786
0.27753
0.27719
0.27686
0.27653
0.27620
0.27587
0.27554
0.27521
0.27488
0.27455
0.27422
0.27389
0.27356
0.27323
0.27290
0.27258
0.27225
0.27192
0.27160
0.27127
0.27095
0.27062
0.27030
0.26997
0.26965
0.26932
0.26900
0.26868
0.26836
0.26803
0.26771
0.26739
0.26707
0.26675
0.26643
0.26611
0.26579
0.26547
0.26515
0.26484
0.26452
0.26420
0.26388
0.26357
0.26325
0.26294
0.26262
0.26231
0.26199
0.26168
0.26136
0.26105
0.26074
0.26042
0.26011
0.25980
0.25949
0.25918
0.25887
0.25855
0.25824
0.25793
0.25763
0.25732
0.25701
0.25670
0.25639
0.25608
0.25578
0.25547
0.25516
0.25486
0.25455
0.25425
0.25394
0.25364
0.25333
0.25303
0.25273
0.25242
0.25212
0.25182
0.25151
0.25121
0.25091
0.25061
0.25031
0.25001
0.24971
0.24941
0.24911
0.24881
0.24851
0.24822
0.24792
0.24762
0.24732
0.24703
0.24673
0.24644
0.24614
0.24584
0.24555
0.24525
0.24496
0.24467
0.24437
0.24408
0.24379
0.24349
0.24320
0.24291
0.24262
0.24233
0.24204
0.24175
0.24146
0.24117
0.24088
0.24059
0.24030
0.24001
0.23973
0.23944
0.23915
0.23886
0.23858
0.23829
0.23801
0.23772
0.23743
0.23715
0.23687
0.23658
0.23630
0.23601
0.23573
0.23545
0.23517
0.23488
0.23460
0.23432
0.23404
0.23376
0.23348
0.23320
0.23292
0.23264
0.23236
0.23208
0.23180
0.23152
0.23125
0.23097
0.23069
0.23042
0.23014
0.22986
0.22959
0.22931
0.22904
0.22876
0.22849
0.22821
0.22794
0.22767
0.22739
0.22712
0.22685
0.22658
0.22630
0.22603
0.22576
0.22549
0.22522
0.22495
0.22468
0.22441
0.22414
0.22387
0.22360
0.22334
0.22307
0.22280
0.22253
0.22227
0.22200
0.22173
0.22147
0.22120
0.22094
0.22067
0.22041
0.22014
0.21988
0.21962
0.21935
0.21909
0.21883
0.21856
0.21830
0.21804
0.21778
0.21752
0.21726
0.21700
0.21673
0.21647
0.21622
0.21596
0.21570
0.21544
0.21518
0.21492
0.21466
0.21441
0.21415
0.21389
0.21364
0.21338
0.21312
0.21287
0.21261
0.21236
0.21210
0.21185
0.21159
0.21134
0.21109
0.21083
0.21058
0.21033
0.21008
0.20982
0.20957
0.20932
0.20907
0.20882
0.20857
0.20832
0.20807
0.20782
0.20757
0.20732
0.20707
0.20682
0.20658
0.20633
0.20608
0.20583
0.20559
0.20534
0.20509
0.20485
0.20460
0.20436
0.20411
0.20387
0.20362
0.20338
0.20313
0.20289
0.20265
0.20240
0.20216
0.20192
0.20168
0.20143
0.20119
0.20095
0.20071
0.20047
0.20023
0.19999
0.19975
0.19951
0.19927
0.19903
0.19879
0.19855
0.19832
0.19808
0.19784
0.19760
0.19737
0.19713
0.19689
0.19666
0.19642
0.19618
0.19595
0.19571
0.19548
0.19525
0.19501
0.19478
0.19454
0.19431
0.19408
0.19384
0.19361
0.19338
0.19315
0.19292
0.19268
0.19245
0.19222
0.19199
0.19176
0.19153
0.19130
0.19107
0.19084
0.19061
0.19039
0.19016
0.18993
0.18970
0.18947
0.18925
0.18902
0.18879
0.18857
0.18834
0.18811
0.18789
0.18766
0.18744
0.18721
0.18699
0.18676
0.18654
0.18632
0.18609
0.18587
0.18565
0.18542
0.18520
0.18498
0.18476
0.18454
0.18431
0.18409
0.18387
0.18365
0.18343
0.18321
0.18299
0.18277
0.18255
0.18233
0.18212
0.18190
0.18168
0.18146
0.18124
0.18103
0.18081
0.18059
0.18038
0.18016
0.17994
0.17973
0.17951
0.17930
0.17908
0.17887
0.17865
0.17844
0.17822
0.17801
0.17780
0.17758
0.17737
0.17716
0.17694
0.17673
0.17652
0.17631
0.17610
0.17589
0.17568
0.17546
0.17525
0.17504
0.17483
0.17462
0.17441
0.17421
0.17400
0.17379
0.17358
0.17337
0.17316
0.17296
0.17275
0.17254
0.17233
0.17213
0.17192
0.17171
0.17151
0.17130
0.17110
0.17089
0.17069
0.17048
0.17028
0.17007
0.16987
0.16967
0.16946
0.16926
0.16906
0.16885
0.16865
0.16845
0.16825
0.16804
0.16784
0.16764
0.16744
0.16724
0.16704
0.16684
0.16664
0.16644
0.16624
0.16604
0.16584
0.16564
0.16544
0.16524
0.16505
0.16485
0.16465
0.16445
0.16426
0.16406
0.16386
0.16367
0.16347
0.16327
0.16308
0.16288
0.16269
0.16249
0.16230
0.16210
0.16191
0.16171
0.16152
0.16132
0.16113
0.16094
0.16075
0.16055
0.16036
0.16017
0.15998
0.15978
0.15959
0.15940
0.15921
0.15902
0.15883
0.15864
0.15845
0.15826
0.15807
0.15788
0.15769
0.15750
0.15731
0.15712
0.15693
0.15674
0.15656
0.15637
0.15618
0.15599
0.15581
0.15562
0.15543
0.15525
0.15506
0.15487
0.15469
0.15450
0.15432
0.15413
0.15395
0.15376
0.15358
0.15339
0.15321
0.15303
0.15284
0.15266
0.15248
0.15229
0.15211
0.15193
0.15175
0.15156
0.15138
0.15120
0.15102
0.15084
0.15066
0.15048
0.15030
0.15012
0.14994
0.14976
0.14958
0.14940
0.14922
0.14904
0.14886
0.14868
0.14850
0.14832
0.14815
0.14797
0.14779
0.14761
0.14744
0.14726
0.14708
0.14691
0.14673
0.14656
0.14638
0.14620
0.14603
0.14585
0.14568
0.14550
0.14533
0.14515
0.14498
0.14481
0.14463
0.14446
0.14429
0.14411
0.14394
0.14377
0.14360
0.14342
0.14325
0.14308
0.14291
0.14274
0.14257
0.14239
0.14222
0.14205
0.14188
0.14171
0.14154
0.14137
0.14120
0.14103
0.14086
0.14070
0.14053
0.14036
0.14019
0.14002
0.13985
0.13969
0.13952
0.13935
0.13918
0.13902
0.13885
0.13868
0.13852
0.13835
0.13818
0.13802
0.13785
0.13769
0.13752
0.13736
0.13719
0.13703
0.13686
0.13670
0.13654
0.13637
0.13621
0.13605
0.13588
0.13572
0.13556
0.13539
0.13523
0.13507
0.13491
0.13475
0.13458
0.13442
0.13426
0.13410
0.13394
0.13378
0.13362
0.13346
0.13330
0.13314
0.13298
0.13282
0.13266
0.13250
0.13234
0.13218
0.13202
0.13187
0.13171
0.13155
0.13139
0.13123
0.13108
0.13092
0.13076
0.13061
0.13045
0.13029
0.13014
0.12998
0.12982
0.12967
0.12951
0.12936
0.12920
0.12905
0.12889
0.12874
0.12858
0.12843
0.12828
0.12812
0.12797
0.12781
0.12766
0.12751
0.12735
0.12720
0.12705
0.12690
0.12674
0.12659
0.12644
0.12629
0.12614
0.12599
0.12584
0.12568
0.12553
0.12538
0.12523
0.12508
0.12493
0.12478
0.12463
0.12448
0.12433
0.12419
0.12404
0.12389
0.12374
0.12359
0.12344
0.12329
0.12315
0.12300
0.12285
0.12270
0.12256
0.12241
0.12226
0.12212
0.12197
0.12182
0.12168
0.12153
0.12139
0.12124
0.12109
0.12095
0.12080
0.12066
0.12051
0.12037
0.12023
0.12008
0.11994
0.11979
0.11965
0.11951
0.11936
0.11922
0.11908
0.11893
0.11879
0.11865
0.11851
0.11836
0.11822
0.11808
0.11794
0.11780
0.11766
0.11751
0.11737
0.11723
0.11709
0.11695
0.11681
0.11667
0.11653
0.11639
0.11625
0.11611
0.11597
0.11583
0.11570
0.11556
0.11542
0.11528
0.11514
0.11500
0.11487
0.11473
0.11459
0.11445
0.11431
0.11418
0.11404
0.11390
0.11377
0.11363
0.11349
0.11336
0.11322
0.11309
0.11295
0.11282
0.11268
0.11255
0.11241
0.11228
0.11214
0.11201
0.11187
0.11174
0.11160
0.11147
0.11134
0.11120
0.11107
0.11094
0.11080
0.11067
0.11054
0.11040
0.11027
0.11014
0.11001
0.10988
0.10974
0.10961
0.10948
0.10935
0.10922
0.10909
0.10896
0.10883
0.10870
0.10856
0.10843
0.10830
0.10817
0.10804
0.10792
0.10779
0.10766
0.10753
0.10740
0.10727
0.10714
0.10701
0.10688
0.10676
0.10663
0.10650
0.10637
0.10624
0.10612
0.10599
0.10586
0.10574
0.10561
0.10548
0.10536
0.10523
0.10510
0.10498
0.10485
0.10473
0.10460
0.10447
0.10435
0.10422
0.10410
0.10397
0.10385
0.10372
0.10360
0.10348
0.10335
0.10323
0.10310
0.10298
0.10286
0.10273
0.10261
0.10249
0.10236
0.10224
0.10212
0.10200
0.10187
0.10175
0.10163
0.10151
0.10139
0.10126
0.10114
0.10102
0.10090
0.10078
0.10066
0.10054
0.10042
0.10030
0.10018
0.10006
0.09994
0.09982
0.09970
0.09958
0.09946
0.09934
0.09922
0.09910
0.09898
0.09886
0.09874
0.09863
0.09851
0.09839
0.09827
0.09815
0.09804
0.09792
0.09780
0.09768
0.09757
0.09745
0.09733
0.09722
0.09710
0.09698
0.09687
0.09675
0.09663
0.09652
0.09640
0.09629
0.09617
0.09606
0.09594
0.09583
0.09571
0.09560
0.09548
0.09537
0.09525
0.09514
0.09502
0.09491
0.09480
0.09468
0.09457
0.09445
0.09434
0.09423
0.09412
0.09400
0.09389
0.09378
0.09366
0.09355
0.09344
0.09333
0.09322
0.09310
0.09299
0.09288
0.09277
0.09266
0.09255
0.09244
0.09233
0.09221
0.09210
0.09199
0.09188
0.09177
0.09166
0.09155
0.09144
0.09133
0.09122
0.09111
0.09101
0.09090
0.09079
0.09068
0.09057
0.09046
0.09035
0.09024
0.09014
0.09003
0.08992
0.08981
0.08970
0.08960
0.08949
0.08938
0.08927
0.08917
0.08906
0.08895
0.08885
0.08874
0.08863
0.08853
0.08842
0.08832
0.08821
0.08810
0.08800
0.08789
0.08779
0.08768
0.08758
0.08747
0.08737
0.08726
0.08716
0.08705
0.08695
0.08684
0.08674
0.08664
0.08653
0.08643
0.08632
0.08622
0.08612
0.08601
0.08591
0.08581
0.08570
0.08560
0.08550
0.08540
0.08529
0.08519
0.08509
0.08499
0.08489
0.08478
0.08468
0.08458
0.08448
0.08438
0.08428
0.08418
0.08407
0.08397
0.08387
0.08377
0.08367
0.08357
0.08347
0.08337
0.08327
0.08317
0.08307
0.08297
0.08287
0.08277
0.08267
0.08257
0.08248
0.08238
0.08228
0.08218
0.08208
0.08198
0.08188
0.08179
0.08169
0.08159
0.08149
0.08139
0.08130
0.08120
0.08110
0.08100
0.08091
0.08081
0.08071
0.08062
0.08052
0.08042
0.08033
0.08023
0.08013
0.08004
0.07994
0.07985
0.07975
0.07965
0.07956
0.07946
0.07937
0.07927
0.07918
0.07908
0.07899
0.07889
0.07880
0.07870
0.07861
0.07851
0.07842
0.07833
0.07823
0.07814
0.07805
0.07795
0.07786
0.07776
0.07767
0.07758
0.07749
0.07739
0.07730
0.07721
0.07711
0.07702
0.07693
0.07684
0.07674
0.07665
0.07656
0.07647
0.07638
0.07629
0.07619
0.07610
0.07601
0.07592
0.07583
0.07574
0.07565
0.07556
0.07547
0.07538
0.07529
0.07519
0.07510
0.07501
0.07492
0.07483
0.07474
0.07466
0.07457
0.07448
0.07439
0.07430
0.07421
0.07412
0.07403
0.07394
0.07385
0.07376
0.07368
0.07359
0.07350
0.07341
0.07332
0.07324
0.07315
0.07306
0.07297
0.07288
0.07280
0.07271
0.07262
0.07254
0.07245
0.07236
0.07227
0.07219
0.07210
0.07201
0.07193
0.07184
0.07176
0.07167
0.07158
0.07150
0.07141
0.07133
0.07124
0.07116
0.07107
0.07099
0.07090
0.07081
0.07073
0.07065
0.07056
0.07048
0.07039
0.07031
0.07022
0.07014
0.07005
0.06997
0.06989
0.06980
0.06972
0.06963
0.06955
0.06947
0.06938
0.06930
0.06922
0.06914
0.06905
0.06897
0.06889
0.06880
0.06872
0.06864
0.06856
0.06847
0.06839
0.06831
0.06823
0.06815
0.06806
0.06798
0.06790
0.06782
0.06774
0.06766
0.06758
0.06750
0.06741
0.06733
0.06725
0.06717
0.06709
0.06701
0.06693
0.06685
0.06677
0.06669
0.06661
0.06653
0.06645
0.06637
0.06629
0.06621
0.06613
0.06605
0.06597
0.06589
0.06582
0.06574
0.06566
0.06558
0.06550
0.06542
0.06534
0.06526
0.06519
0.06511
0.06503
0.06495
0.06487
0.06480
0.06472
0.06464
0.06456
0.06449
0.06441
0.06433
0.06425
0.06418
0.06410
0.06402
0.06395
0.06387
0.06379
0.06372
0.06364
0.06356
0.06349
0.06341
0.06334
0.06326
0.06318
0.06311
0.06303
0.06296
0.06288
0.06281
0.06273
0.06266
0.06258
0.06251
0.06243
0.06236
0.06228
0.06221
0.06213
0.06206
0.06198
0.06191
0.06183
0.06176
0.06169
0.06161
0.06154
0.06146
0.06139
0.06132
0.06124
0.06117
0.06110
0.06102
0.06095
0.06088
0.06080
0.06073
0.06066
0.06058
0.06051
0.06044
0.06037
0.06029
0.06022
0.06015
0.06008
0.06001
0.05993
0.05986
0.05979
0.05972
0.05965
0.05958
0.05950
0.05943
0.05936
0.05929
0.05922
0.05915
0.05908
0.05901
0.05894
0.05886
0.05879
0.05872
0.05865
0.05858
0.05851
0.05844
0.05837
0.05830
0.05823
0.05816
0.05809
0.05802
0.05795
0.05788
0.05781
0.05774
0.05768
0.05761
0.05754
0.05747
0.05740
0.05733
0.05726
0.05719
0.05712
0.05706
0.05699
0.05692
0.05685
0.05678
0.05671
0.05665
0.05658
0.05651
0.05644
0.05638
0.05631
0.05624
0.05617
0.05611
0.05604
0.05597
0.05590
0.05584
0.05577
0.05570
0.05564
0.05557
0.05550
0.05544
0.05537
0.05530
0.05524
0.05517
0.05510
0.05504
0.05497
0.05491
0.05484
0.05477
0.05471
0.05464
0.05458
0.05451
0.05445
0.05438
0.05432
0.05425
0.05419
0.05412
0.05406
0.05399
0.05393
0.05386
0.05380
0.05373
0.05367
0.05360
0.05354
0.05348
0.05341
0.05335
0.05328
0.05322
0.05316
0.05309
0.05303
0.05296
0.05290
0.05284
0.05277
0.05271
0.05265
0.05258
0.05252
0.05246
0.05240
0.05233
0.05227
0.05221
0.05214
0.05208
0.05202
0.05196
0.05189
0.05183
0.05177
0.05171
0.05165
0.05158
0.05152
0.05146
0.05140
0.05134
0.05128
0.05121
0.05115
0.05109
0.05103
0.05097
0.05091
0.05085
0.05079
0.05072
0.05066
0.05060
0.05054
0.05048
0.05042
0.05036
0.05030
0.05024
0.05018
0.05012
0.05006
0.05000
0.04994
0.04988
0.04982
0.04976
0.04970
0.04964
0.04958
0.04952
0.04946
0.04940
0.04934
0.04928
0.04923
0.04917
0.04911
0.04905
0.04899
0.04893
0.04887
0.04881
0.04875
0.04870
0.04864
0.04858
0.04852
0.04846
0.04840
0.04835
0.04829
0.04823
0.04817
0.04812
0.04806
0.04800
0.04794
0.04788
0.04783
0.04777
0.04771
0.04766
0.04760
0.04754
0.04748
0.04743
0.04737
0.04731
0.04726
0.04720
0.04714
0.04709
0.04703
0.04697
0.04692
0.04686
0.04681
0.04675
0.04669
0.04664
0.04658
0.04653
0.04647
0.04641
0.04636
0.04630
0.04625
0.04619
0.04614
0.04608
0.04603
0.04597
0.04591
0.04586
0.04580
0.04575
0.04570
0.04564
0.04559
0.04553
0.04548
0.04542
0.04537
0.04531
0.04526
0.04520
0.04515
0.04510
0.04504
0.04499
0.04493
0.04488
0.04483
0.04477
0.04472
0.04466
0.04461
0.04456
0.04450
0.04445
0.04440
0.04434
0.04429
0.04424
0.04418
0.04413
0.04408
0.04403
0.04397
0.04392
0.04387
0.04382
0.04376
0.04371
0.04366
0.04361
0.04355
0.04350
0.04345
0.04340
0.04334
0.04329
0.04324
0.04319
0.04314
0.04309
0.04303
0.04298
0.04293
0.04288
0.04283
0.04278
0.04272
0.04267
0.04262
0.04257
0.04252
0.04247
0.04242
0.04237
0.04232
0.04227
0.04221
0.04216
0.04211
0.04206
0.04201
0.04196
0.04191
0.04186
0.04181
0.04176
0.04171
0.04166
0.04161
0.04156
0.04151
0.04146
0.04141
0.04136
0.04131
0.04126
0.04121
0.04116
0.04111
0.04107
0.04102
0.04097
0.04092
0.04087
0.04082
0.04077
0.04072
0.04067
0.04062
0.04058
0.04053
0.04048
0.04043
0.04038
0.04033
0.04028
0.04024
0.04019
0.04014
0.04009
0.04004
0.04000
0.03995
0.03990
0.03985
0.03980
0.03976
0.03971
0.03966
0.03961
0.03957
0.03952
0.03947
0.03942
0.03938
0.03933
0.03928
0.03923
0.03919
0.03914
0.03909
0.03905
0.03900
0.03895
0.03891
0.03886
0.03881
0.03877
0.03872
0.03867
0.03863
0.03858
0.03853
0.03849
0.03844
0.03840
0.03835
0.03830
0.03826
0.03821
0.03817
0.03812
0.03807
0.03803
0.03798
0.03794
0.03789
0.03785
0.03780
0.03776
0.03771
0.03767
0.03762
0.03758
0.03753
0.03749
0.03744
0.03740
0.03735
0.03731
0.03726
0.03722
0.03717
0.03713
0.03708
0.03704
0.03699
0.03695
0.03691
0.03686
0.03682
0.03677
0.03673
0.03668
0.03664
0.03660
0.03655
0.03651
0.03646
0.03642
0.03638
0.03633
0.03629
0.03625
0.03620
0.03616
0.03612
0.03607
0.03603
0.03599
0.03594
0.03590
0.03586
0.03581
0.03577
0.03573
0.03569
0.03564
0.03560
0.03556
0.03551
0.03547
0.03543
0.03539
0.03534
0.03530
0.03526
0.03522
0.03518
0.03513
0.03509
0.03505
0.03501
0.03496
0.03492
0.03488
0.03484
0.03480
0.03476
0.03471
0.03467
0.03463
0.03459
0.03455
0.03451
0.03446
0.03442
0.03438
0.03434
0.03430
0.03426
0.03422
0.03418
0.03414
0.03409
0.03405
0.03401
0.03397
0.03393
0.03389
0.03385
0.03381
0.03377
0.03373
0.03369
0.03365
0.03361
0.03357
0.03353
0.03349
0.03345
0.03341
0.03337
0.03333
0.03329
0.03325
0.03321
0.03317
0.03313
0.03309
0.03305
0.03301
0.03297
0.03293
0.03289
0.03285
0.03281
0.03277
0.03273
0.03269
0.03265
0.03261
0.03257
0.03254
0.03250
0.03246
0.03242
0.03238
0.03234
0.03230
0.03226
0.03222
0.03219
0.03215
0.03211
0.03207
0.03203
0.03199
0.03195
0.03192
0.03188
0.03184
0.03180
0.03176
0.03173
0.03169
0.03165
0.03161
0.03157
0.03154
0.03150
0.03146
0.03142
0.03138
0.03135
0.03131
0.03127
0.03123
0.03120
0.03116
0.03112
0.03108
0.03105
0.03101
0.03097
0.03094
0.03090
0.03086
0.03082
0.03079
0.03075
0.03071
0.03068
0.03064
0.03060
0.03057
0.03053
0.03049
0.03046
0.03042
0.03038
0.03035
0.03031
0.03027
0.03024
0.03020
0.03017
0.03013
0.03009
0.03006
0.03002
0.02999
0.02995
0.02991
0.02988
0.02984
0.02981
0.02977
0.02973
0.02970
0.02966
0.02963
0.02959
0.02956
0.02952
0.02949
0.02945
0.02942
0.02938
0.02934
0.02931
0.02927
0.02924
0.02920
0.02917
0.02913
0.02910
0.02906
0.02903
0.02899
0.02896
0.02892
0.02889
0.02886
0.02882
0.02879
0.02875
0.02872
0.02868
0.02865
0.02861
0.02858
0.02855
0.02851
0.02848
0.02844
0.02841
0.02837
0.02834
0.02831
0.02827
0.02824
0.02821
0.02817
0.02814
0.02810
0.02807
0.02804
0.02800
0.02797
0.02794
0.02790
0.02787
0.02784
0.02780
0.02777
0.02774
0.02770
0.02767
0.02764
0.02760
0.02757
0.02754
0.02750
0.02747
0.02744
0.02740
0.02737
0.02734
0.02731
0.02727
0.02724
0.02721
0.02717
0.02714
0.02711
0.02708
0.02704
0.02701
0.02698
0.02695
0.02692
0.02688
0.02685
0.02682
0.02679
0.02675
0.02672
0.02669
0.02666
0.02663
0.02659
0.02656
0.02653
0.02650
0.02647
0.02644
0.02640
0.02637
0.02634
0.02631
0.02628
0.02625
0.02621
0.02618
0.02615
0.02612
0.02609
0.02606
0.02603
0.02599
0.02596
0.02593
0.02590
0.02587
0.02584
0.02581
0.02578
0.02575
0.02572
0.02568
0.02565
0.02562
0.02559
0.02556
0.02553
0.02550
0.02547
0.02544
0.02541
0.02538
0.02535
0.02532
0.02529
0.02526
0.02523
0.02520
0.02517
0.02514
0.02511
0.02508
0.02505
0.02502
0.02499
0.02496
0.02493
0.02490
0.02487
0.02484
0.02481
0.02478
0.02475
0.02472
0.02469
0.02466
0.02463
0.02460
0.02457
0.02454
0.02451
0.02448
0.02445
0.02442
0.02439
0.02436
0.02433
0.02430
0.02428
0.02425
0.02422
0.02419
0.02416
0.02413
0.02410
0.02407
0.02404
0.02401
0.02399
0.02396
0.02393
0.02390
0.02387
0.02384
0.02381
0.02379
0.02376
0.02373
0.02370
0.02367
0.02364
0.02361
0.02359
0.02356
0.02353
0.02350
0.02347
0.02345
0.02342
0.02339
0.02336
0.02333
0.02330
0.02328
0.02325
0.02322
0.02319
0.02317
0.02314
0.02311
0.02308
0.02305
0.02303
0.02300
0.02297
0.02294
0.02292
0.02289
0.02286
0.02283
0.02281
0.02278
0.02275
0.02272
0.02270
0.02267
0.02264
0.02262
0.02259
0.02256
0.02253
0.02251
0.02248
0.02245
0.02243
0.02240
0.02237
0.02235
0.02232
0.02229
0.02227
0.02224
0.02221
0.02219
0.02216
0.02213
0.02211
0.02208
0.02205
0.02203
0.02200
0.02197
0.02195
0.02192
0.02189
0.02187
0.02184
0.02182
0.02179
0.02176
0.02174
0.02171
0.02169
0.02166
0.02163
0.02161
0.02158
0.02156
0.02153
0.02150
0.02148
0.02145
0.02143
0.02140
0.02138
0.02135
0.02132
0.02130
0.02127
0.02125
0.02122
0.02120
0.02117
0.02115
0.02112
0.02110
0.02107
0.02104
0.02102
0.02099
0.02097
0.02094
0.02092
0.02089
0.02087
0.02084
0.02082
0.02079
0.02077
0.02074
0.02072
0.02069
0.02067
0.02064
0.02062
0.02059
0.02057
0.02055
0.02052
0.02050
0.02047
0.02045
0.02042
0.02040
0.02037
0.02035
0.02032
0.02030
0.02028
0.02025
0.02023
0.02020
0.02018
0.02015
0.02013
0.02011
0.02008
0.02006
0.02003
0.02001
0.01999
0.01996
0.01994
0.01991
0.01989
0.01987
0.01984
0.01982
0.01980
0.01977
0.01975
0.01972
0.01970
0.01968
0.01965
0.01963
0.01961
0.01958
0.01956
0.01954
0.01951
0.01949
0.01947
0.01944
0.01942
0.01940
0.01937
0.01935
0.01933
0.01930
0.01928
0.01926
0.01923
0.01921
0.01919
0.01916
0.01914
0.01912
0.01910
0.01907
0.01905
0.01903
0.01900
0.01898
0.01896
0.01894
0.01891
0.01889
0.01887
0.01884
0.01882
0.01880
0.01878
0.01875
0.01873
0.01871
0.01869
0.01866
0.01864
0.01862
0.01860
0.01858
0.01855
0.01853
0.01851
0.01849
0.01846
0.01844
0.01842
0.01840
0.01838
0.01835
0.01833
0.01831
0.01829
0.01827
0.01824
0.01822
0.01820
0.01818
0.01816
0.01813
0.01811
0.01809
0.01807
0.01805
0.01803
0.01800
0.01798
0.01796
0.01794
0.01792
0.01790
0.01788
0.01785
0.01783
0.01781
0.01779
0.01777
0.01775
0.01773
0.01770
0.01768
0.01766
0.01764
0.01762
0.01760
0.01758
0.01756
0.01754
0.01751
0.01749
0.01747
0.01745
0.01743
0.01741
0.01739
0.01737
0.01735
0.01733
0.01731
0.01728
0.01726
0.01724
0.01722
0.01720
0.01718
0.01716
0.01714
0.01712
0.01710
0.01708
0.01706
0.01704
0.01702
0.01700
0.01698
0.01696
0.01694
0.01692
0.01689
0.01687
0.01685
0.01683
0.01681
0.01679
0.01677
0.01675
0.01673
0.01671
0.01669
0.01667
0.01665
0.01663
0.01661
0.01659
0.01657
0.01655
0.01653
0.01651
0.01649
0.01647
0.01645
0.01643
0.01642
0.01640
0.01638
0.01636
0.01634
0.01632
0.01630
0.01628
0.01626
0.01624
0.01622
0.01620
0.01618
0.01616
0.01614
0.01612
0.01610
0.01608
0.01606
0.01605
0.01603
0.01601
0.01599
0.01597
0.01595
0.01593
0.01591
0.01589
0.01587
0.01585
0.01583
0.01582
0.01580
0.01578
0.01576
0.01574
0.01572
0.01570
0.01568
0.01566
0.01565
0.01563
0.01561
0.01559
0.01557
0.01555
0.01553
0.01551
0.01550
0.01548
0.01546
0.01544
0.01542
0.01540
0.01538
0.01537
0.01535
0.01533
0.01531
0.01529
0.01527
0.01526
0.01524
0.01522
0.01520
0.01518
0.01516
0.01515
0.01513
0.01511
0.01509
0.01507
0.01506
0.01504
0.01502
0.01500
0.01498
0.01497
0.01495
0.01493
0.01491
0.01489
0.01488
0.01486
0.01484
0.01482
0.01481
0.01479
0.01477
0.01475
0.01473
0.01472
0.01470
0.01468
0.01466
0.01465
0.01463
0.01461
0.01459
0.01458
0.01456
0.01454
0.01452
0.01451
0.01449
0.01447
0.01445
0.01444
0.01442
0.01440
0.01438
0.01437
0.01435
0.01433
0.01432
0.01430
0.01428
0.01426
0.01425
0.01423
0.01421
0.01420
0.01418
0.01416
0.01415
0.01413
0.01411
0.01409
0.01408
0.01406
0.01404
0.01403
0.01401
0.01399
0.01398
0.01396
0.01394
0.01393
0.01391
0.01389
0.01388
0.01386
0.01384
0.01383
0.01381
0.01379
0.01378
0.01376
0.01374
0.01373
0.01371
0.01369
0.01368
0.01366
0.01364
0.01363
0.01361
0.01360
0.01358
0.01356
0.01355
0.01353
0.01351
0.01350
0.01348
0.01347
0.01345
0.01343
0.01342
0.01340
0.01339
0.01337
0.01335
0.01334
0.01332
0.01331
0.01329
0.01327
0.01326
0.01324
0.01323
0.01321
0.01319
0.01318
0.01316
0.01315
0.01313
0.01312
0.01310
0.01308
0.01307
0.01305
0.01304
0.01302
0.01301
0.01299
0.01297
0.01296
0.01294
0.01293
0.01291
0.01290
0.01288
0.01287
0.01285
0.01283
0.01282
0.01280
0.01279
0.01277
0.01276
0.01274
0.01273
0.01271
0.01270
0.01268
0.01267
0.01265
0.01264
0.01262
0.01261
0.01259
0.01258
0.01256
0.01255
0.01253
0.01252
0.01250
0.01249
0.01247
0.01246
0.01244
0.01243
0.01241
0.01240
0.01238
0.01237
0.01235
0.01234
0.01232
0.01231
0.01229
0.01228
0.01226
0.01225
0.01223
0.01222
0.01220
0.01219
0.01217
0.01216
0.01215
0.01213
0.01212
0.01210
0.01209
0.01207
0.01206
0.01204
0.01203
0.01201
0.01200
0.01199
0.01197
0.01196
0.01194
0.01193
0.01191
0.01190
0.01189
0.01187
0.01186
0.01184
0.01183
0.01181
0.01180
0.01179
0.01177
0.01176
0.01174
0.01173
0.01172
0.01170
0.01169
0.01167
0.01166
0.01165
0.01163
0.01162
0.01160
0.01159
0.01158
0.01156
0.01155
0.01153
0.01152
0.01151
0.01149
0.01148
0.01147
0.01145
0.01144
0.01142
0.01141
0.01140
0.01138
0.01137
0.01136
0.01134
0.01133
0.01132
0.01130
0.01129
0.01127
0.01126
0.01125
0.01123
0.01122
0.01121
0.01119
0.01118
0.01117
0.01115
0.01114
0.01113
0.01111
0.01110
0.01109
0.01107
0.01106
0.01105
0.01103
0.01102
0.01101
0.01099
0.01098
0.01097
0.01095
0.01094
0.01093
0.01091
0.01090
0.01089
0.01088
0.01086
0.01085
0.01084
0.01082
0.01081
0.01080
0.01078
0.01077
0.01076
0.01075
0.01073
0.01072
0.01071
0.01069
0.01068
0.01067
0.01066
0.01064
0.01063
0.01062
0.01060
0.01059
0.01058
0.01057
0.01055
0.01054
0.01053
0.01052
0.01050
0.01049
0.01048
0.01047
0.01045
0.01044
0.01043
0.01042
0.01040
0.01039
0.01038
0.01037
0.01035
0.01034
0.01033
0.01032
0.01030
0.01029
0.01028
0.01027
0.01025
0.01024
0.01023
0.01022
0.01021
0.01019
0.01018
0.01017
0.01016
0.01014
0.01013
0.01012
0.01011
0.01010
0.01008
0.01007
0.01006
0.01005
0.01004
0.01002
0.01001
0.01000
0.00999
0.00998
0.00996
0.00995
0.00994
0.00993
0.00992
0.00990
0.00989
0.00988
0.00987
0.00986
0.00984
0.00983
0.00982
0.00981
0.00980
0.00979
0.00977
0.00976
0.00975
0.00974
0.00973
0.00972
0.00970
0.00969
0.00968
0.00967
0.00966
0.00965
0.00963
0.00962
0.00961
0.00960
0.00959
0.00958
0.00956
0.00955
0.00954
0.00953
0.00952
0.00951
0.00950
0.00948
0.00947
0.00946
0.00945
0.00944
0.00943
0.00942
0.00941
0.00939
0.00938
0.00937
0.00936
0.00935
0.00934
0.00933
0.00932
0.00930
0.00929
0.00928
0.00927
0.00926
0.00925
0.00924
0.00923
0.00922
0.00920
0.00919
0.00918
0.00917
0.00916
0.00915
0.00914
0.00913
0.00912
0.00911
0.00909
0.00908
0.00907
0.00906
0.00905
0.00904
0.00903
0.00902
0.00901
0.00900
0.00899
0.00898
0.00896
0.00895
0.00894
0.00893
0.00892
0.00891
0.00890
0.00889
0.00888
0.00887
0.00886
0.00885
0.00884
0.00883
0.00882
0.00880
0.00879
0.00878
0.00877
0.00876
0.00875
0.00874
0.00873
0.00872
0.00871
0.00870
0.00869
0.00868
0.00867
0.00866
0.00865
0.00864
0.00863
0.00862
0.00861
0.00860
0.00859
0.00858
0.00856
0.00855
0.00854
0.00853
0.00852
0.00851
0.00850
0.00849
0.00848
0.00847
0.00846
0.00845
0.00844
0.00843
0.00842
0.00841
0.00840
0.00839
0.00838
0.00837
0.00836
0.00835
0.00834
0.00833
0.00832
0.00831
0.00830
0.00829
0.00828
0.00827
0.00826
0.00825
0.00824
0.00823
0.00822
0.00821
0.00820
0.00819
0.00818
0.00817
0.00816
0.00815
0.00814
0.00813
0.00812
0.00811
0.00810
0.00810
0.00809
0.00808
0.00807
0.00806
0.00805
0.00804
0.00803
0.00802
0.00801
0.00800
0.00799
0.00798
0.00797
0.00796
0.00795
0.00794
0.00793
0.00792
0.00791
0.00790
0.00789
0.00788
0.00787
0.00787
0.00786
0.00785
0.00784
0.00783
0.00782
0.00781
0.00780
0.00779
0.00778
0.00777
0.00776
0.00775
0.00774
0.00773
0.00773
0.00772
0.00771
0.00770
0.00769
0.00768
0.00767
0.00766
0.00765
0.00764
0.00763
0.00762
0.00761
0.00761
0.00760
0.00759
0.00758
0.00757
0.00756
0.00755
0.00754
0.00753
0.00752
0.00751
0.00751
0.00750
0.00749
0.00748
0.00747
0.00746
0.00745
0.00744
0.00743
0.00743
0.00742
0.00741
0.00740
0.00739
0.00738
0.00737
0.00736
0.00735
0.00735
0.00734
0.00733
0.00732
0.00731
0.00730
0.00729
0.00728
0.00728
0.00727
0.00726
0.00725
0.00724
0.00723
0.00722
0.00721
0.00721
0.00720
0.00719
0.00718
0.00717
0.00716
0.00715
0.00715
0.00714
0.00713
0.00712
0.00711
0.00710
0.00709
0.00709
0.00708
0.00707
0.00706
0.00705
0.00704
0.00703
0.00703
0.00702
0.00701
0.00700
0.00699
0.00698
0.00698
0.00697
0.00696
0.00695
0.00694
0.00693
0.00693
0.00692
0.00691
0.00690
0.00689
0.00688
0.00688
0.00687
0.00686
0.00685
0.00684
0.00683
0.00683
0.00682
0.00681
0.00680
0.00679
0.00679
0.00678
0.00677
0.00676
0.00675
0.00675
0.00674
0.00673
0.00672
0.00671
0.00670
0.00670
0.00669
0.00668
0.00667
0.00666
0.00666
0.00665
0.00664
0.00663
0.00662
0.00662
0.00661
0.00660
0.00659
0.00659
0.00658
0.00657
0.00656
0.00655
0.00655
0.00654
0.00653
0.00652
0.00651
0.00651
0.00650
0.00649
0.00648
0.00648
0.00647
0.00646
0.00645
0.00644
0.00644
0.00643
0.00642
0.00641
0.00641
0.00640
0.00639
0.00638
0.00638
0.00637
0.00636
0.00635
0.00634
0.00634
0.00633
0.00632
0.00631
0.00631
0.00630
0.00629
0.00628
0.00628
0.00627
0.00626
0.00625
0.00625
0.00624
0.00623
0.00622
0.00622
0.00621
0.00620
0.00619
0.00619
0.00618
0.00617
0.00616
0.00616
0.00615
0.00614
0.00614
0.00613
0.00612
0.00611
0.00611
0.00610
0.00609
0.00608
0.00608
0.00607
0.00606
0.00605
0.00605
0.00604
0.00603
0.00603
0.00602
0.00601
0.00600
0.00600
0.00599
0.00598
0.00598
0.00597
0.00596
0.00595
0.00595
0.00594
0.00593
0.00593
0.00592
0.00591
0.00590
0.00590
0.00589
0.00588
0.00588
0.00587
0.00586
0.00585
0.00585
0.00584
0.00583
0.00583
0.00582
0.00581
0.00581
0.00580
0.00579
0.00578
0.00578
0.00577
0.00576
0.00576
0.00575
0.00574
0.00574
0.00573
0.00572
0.00572
0.00571
0.00570
0.00570
0.00569
0.00568
0.00567
0.00567
0.00566
0.00565
0.00565
0.00564
0.00563
0.00563
0.00562
0.00561
0.00561
0.00560
0.00559
0.00559
0.00558
0.00557
0.00557
0.00556
0.00555
0.00555
0.00554
0.00553
0.00553
0.00552
0.00551
0.00551
0.00550
0.00549
0.00549
0.00548
0.00547
0.00547
0.00546
0.00545
0.00545
0.00544
0.00543
0.00543
0.00542
0.00542
0.00541
0.00540
0.00540
0.00539
0.00538
0.00538
0.00537
0.00536
0.00536
0.00535
0.00534
0.00534
0.00533
0.00532
0.00532
0.00531
0.00531
0.00530
0.00529
0.00529
0.00528
0.00527
0.00527
0.00526
0.00526
0.00525
0.00524
0.00524
0.00523
0.00522
0.00522
0.00521
0.00520
0.00520
0.00519
0.00519
0.00518
0.00517
0.00517
0.00516
0.00516
0.00515
0.00514
0.00514
0.00513
0.00512
0.00512
0.00511
0.00511
0.00510
0.00509
0.00509
0.00508
0.00508
0.00507
0.00506
0.00506
0.00505
0.00504
0.00504
0.00503
0.00503
0.00502
0.00501
0.00501
0.00500
0.00500
0.00499
0.00498
0.00498
0.00497
0.00497
0.00496
0.00495
0.00495
0.00494
0.00494
0.00493
0.00493
0.00492
0.00491
0.00491
0.00490
0.00490
0.00489
0.00488
0.00488
0.00487
0.00487
0.00486
0.00485
0.00485
0.00484
0.00484
0.00483
0.00483
0.00482
0.00481
0.00481
0.00480
0.00480
0.00479
0.00479
0.00478
0.00477
0.00477
0.00476
0.00476
0.00475
0.00475
0.00474
0.00473
0.00473
0.00472
0.00472
0.00471
0.00471
0.00470
0.00469
0.00469
0.00468
0.00468
0.00467
0.00467
0.00466
0.00466
0.00465
0.00464
0.00464
0.00463
0.00463
0.00462
0.00462
0.00461
0.00461
0.00460
0.00459
0.00459
0.00458
0.00458
0.00457
0.00457
0.00456
0.00456
0.00455
0.00454
0.00454
0.00453
0.00453
0.00452
0.00452
0.00451
0.00451
0.00450
0.00450
0.00449
0.00449
0.00448
0.00447
0.00447
0.00446
0.00446
0.00445
0.00445
0.00444
0.00444
0.00443
0.00443
0.00442
0.00442
0.00441
0.00441
0.00440
0.00439
0.00439
0.00438
0.00438
0.00437
0.00437
0.00436
0.00436
0.00435
0.00435
0.00434
0.00434
0.00433
0.00433
0.00432
0.00432
0.00431
0.00431
0.00430
0.00430
0.00429
0.00429
0.00428
0.00427
0.00427
0.00426
0.00426
0.00425
0.00425
0.00424
0.00424
0.00423
0.00423
0.00422
0.00422
0.00421
0.00421
0.00420
0.00420
0.00419
0.00419
0.00418
0.00418
0.00417
0.00417
0.00416
0.00416
0.00415
0.00415
0.00414
0.00414
0.00413
0.00413
0.00412
0.00412
0.00411
0.00411
0.00410
0.00410
0.00409
0.00409
0.00408
0.00408
0.00407
0.00407
0.00406
0.00406
0.00405
0.00405
0.00405
0.00404
0.00404
0.00403
0.00403
0.00402
0.00402
0.00401
0.00401
0.00400
0.00400
0.00399
0.00399
0.00398
0.00398
0.00397
0.00397
0.00396
0.00396
0.00395
0.00395
0.00394
0.00394
0.00394
0.00393
0.00393
0.00392
0.00392
0.00391
0.00391
0.00390
0.00390
0.00389
0.00389
0.00388
0.00388
0.00387
0.00387
0.00386
0.00386
0.00386
0.00385
0.00385
0.00384
0.00384
0.00383
0.00383
0.00382
0.00382
0.00381
0.00381
0.00381
0.00380
0.00380
0.00379
0.00379
0.00378
0.00378
0.00377
0.00377
0.00376
0.00376
0.00376
0.00375
0.00375
0.00374
0.00374
0.00373
0.00373
0.00372
0.00372
0.00371
0.00371
0.00371
0.00370
0.00370
0.00369
0.00369
0.00368
0.00368
0.00367
0.00367
0.00367
0.00366
0.00366
0.00365
0.00365
0.00364
0.00364
0.00364
0.00363
0.00363
0.00362
0.00362
0.00361
0.00361
0.00361
0.00360
0.00360
0.00359
0.00359
0.00358
0.00358
0.00357
0.00357
0.00357
0.00356
0.00356
0.00355
0.00355
0.00354
0.00354
0.00354
0.00353
0.00353
0.00352
0.00352
0.00352
0.00351
0.00351
0.00350
0.00350
0.00349
0.00349
0.00349
0.00348
0.00348
0.00347
0.00347
0.00347
0.00346
0.00346
0.00345
0.00345
0.00344
0.00344
0.00344
0.00343
0.00343
0.00342
0.00342
0.00342
0.00341
0.00341
0.00340
0.00340
0.00340
0.00339
0.00339
0.00338
0.00338
0.00337
0.00337
0.00337
0.00336
0.00336
0.00335
0.00335
0.00335
0.00334
0.00334
0.00333
0.00333
0.00333
0.00332
0.00332
0.00331
0.00331
0.00331
0.00330
0.00330
0.00329
0.00329
0.00329
0.00328
0.00328
0.00327
0.00327
0.00327
0.00326
0.00326
0.00326
0.00325
0.00325
0.00324
0.00324
0.00324
0.00323
0.00323
0.00322
0.00322
0.00322
0.00321
0.00321
0.00320
0.00320
0.00320
0.00319
0.00319
0.00319
0.00318
0.00318
0.00317
0.00317
0.00317
0.00316
0.00316
0.00316
0.00315
0.00315
0.00314
0.00314
0.00314
0.00313
0.00313
0.00313
0.00312
0.00312
0.00311
0.00311
0.00311
0.00310
0.00310
0.00310
0.00309
0.00309
0.00308
0.00308
0.00308
0.00307
0.00307
0.00307
0.00306
0.00306
0.00305
0.00305
0.00305
0.00304
0.00304
0.00304
0.00303
0.00303
0.00303
0.00302
0.00302
0.00301
0.00301
0.00301
0.00300
0.00300
0.00300
0.00299
0.00299
0.00299
0.00298
0.00298
0.00298
0.00297
0.00297
0.00296
0.00296
0.00296
0.00295
0.00295
0.00295
0.00294
0.00294
0.00294
0.00293
0.00293
0.00293
0.00292
0.00292
0.00292
0.00291
0.00291
0.00290
0.00290
0.00290
0.00289
0.00289
0.00289
0.00288
0.00288
0.00288
0.00287
0.00287
0.00287
0.00286
0.00286
0.00286
0.00285
0.00285
0.00285
0.00284
0.00284
0.00284
0.00283
0.00283
0.00283
0.00282
0.00282
0.00282
0.00281
0.00281
0.00281
0.00280
0.00280
0.00280
0.00279
0.00279
0.00279
0.00278
0.00278
0.00278
0.00277
0.00277
0.00277
0.00276
0.00276
0.00276
0.00275
0.00275
0.00275
0.00274
0.00274
0.00274
0.00273
0.00273
0.00273
0.00272
0.00272
0.00272
0.00271
0.00271
0.00271
0.00270
0.00270
0.00270
0.00269
0.00269
0.00269
0.00268
0.00268
0.00268
0.00267
0.00267
0.00267
0.00266
0.00266
0.00266
0.00265
0.00265
0.00265
0.00264
0.00264
0.00264
0.00264
0.00263
0.00263
0.00263
0.00262
0.00262
0.00262
0.00261
0.00261
0.00261
0.00260
0.00260
0.00260
0.00259
0.00259
0.00259
0.00259
0.00258
0.00258
0.00258
0.00257
0.00257
0.00257
0.00256
0.00256
0.00256
0.00255
0.00255
0.00255
0.00255
0.00254
0.00254
0.00254
0.00253
0.00253
0.00253
0.00252
0.00252
0.00252
0.00251
0.00251
0.00251
0.00251
0.00250
0.00250
0.00250
0.00249
0.00249
0.00249
0.00248
0.00248
0.00248
