7.41224
7.41129
7.40930
7.40692
7.40439
7.40182
7.39922
7.39662
7.39402
7.39141
7.38880
7.38620
7.38359
7.38098
7.37838
7.37577
7.37316
7.37055
7.36794
7.36534
7.36273
7.36012
7.35751
7.35490
7.35229
7.34968
7.34707
7.34446
7.34185
7.33924
7.33663
7.33402
7.33141
7.32880
7.32619
7.32358
7.32097
7.31835
7.31574
7.31313
7.31052
7.30790
7.30529
7.30268
7.30007
7.29745
7.29484
7.29223
7.28961
7.28700
7.28438
7.28177
7.27915
7.27654
7.27392
7.27131
7.26869
7.26608
7.26346
7.26085
7.25823
7.25561
7.25300
7.25038
7.24776
7.24515
7.24253
7.23991
7.23730
7.23468
7.23206
7.22944
7.22682
7.22420
7.22159
7.21897
7.21635
7.21373
7.21111
7.20849
7.20587
7.20325
7.20063
7.19801
7.19539
7.19277
7.19015
7.18753
7.18490
7.18228
7.17966
7.17704
7.17442
7.17179
7.16917
7.16655
7.16393
7.16130
7.15868
7.15606
7.15343
7.15081
7.14818
7.14556
7.14294
7.14031
7.13769
7.13506
7.13244
7.12981
7.12718
7.12456
7.12193
7.11931
7.11668
7.11405
7.11143
7.10880
7.10617
7.10355
7.10092
7.09829
7.09566
7.09303
7.09041
7.08778
7.08515
7.08252
7.07989
7.07726
7.07463
7.07200
7.06937
7.06674
7.06411
7.06148
7.05885
7.05622
7.05359
7.05096
7.04833
7.04570
7.04306
7.04043
7.03780
7.03517
7.03254
7.02990
7.02727
7.02464
7.02200
7.01937
7.01674
7.01410
7.01147
7.00884
7.00620
7.00357
7.00093
6.99830
6.99566
6.99303
6.99039
6.98775
6.98512
6.98248
6.97985
6.97721
6.97457
6.97194
6.96930
6.96666
6.96402
6.96139
6.95875
6.95611
6.95347
6.95083
6.94820
6.94556
6.94292
6.94028
6.93764
6.93500
6.93236
6.92972
6.92708
6.92444
6.92180
6.91916
6.91652
6.91388
6.91123
6.90859
6.90595
6.90331
6.90067
6.89802
6.89538
6.89274
6.89010
6.88745
6.88481
6.88217
6.87952
6.87688
6.87424
6.87159
6.86895
6.86630
6.86366
6.86101
6.85837
6.85572
6.85308
6.85043
6.84778
6.84514
6.84249
6.83985
6.83720
6.83455
6.83190
6.82926
6.82661
6.82396
6.82131
6.81867
6.81602
6.81337
6.81072
6.80807
6.80542
6.80277
6.80012
6.79747
6.79482
6.79217
6.78952
6.78687
6.78422
6.78157
6.77892
6.77627
6.77362
6.77097
6.76831
6.76566
6.76301
6.76036
6.75771
6.75505
6.75240
6.74975
6.74709
6.74444
6.74179
6.73913
6.73648
6.73382
6.73117
6.72851
6.72586
6.72320
6.72055
6.71789
6.71524
6.71258
6.70993
6.70727
6.70461
6.70196
6.69930
6.69664
6.69398
6.69133
6.68867
6.68601
6.68335
6.68070
6.67804
6.67538
6.67272
6.67006
6.66740
6.66474
6.66208
6.65942
6.65676
6.65410
6.65144
6.64878
6.64612
6.64346
6.64080
6.63814
6.63548
6.63281
6.63015
6.62749
6.62483
6.62217
6.61950
6.61684
6.61418
6.61151
6.60885
6.60619
6.60352
6.60086
6.59819
6.59553
6.59286
6.59020
6.58753
6.58487
6.58220
6.57954
6.57687
6.57421
6.57154
6.56887
6.56621
6.56354
6.56087
6.55820
6.55554
6.55287
6.55020
6.54753
6.54487
6.54220
6.53953
6.53686
6.53419
6.53152
6.52885
6.52618
6.52351
6.52084
6.51817
6.51550
6.51283
6.51016
6.50749
6.50482
6.50215
6.49947
6.49680
6.49413
6.49146
6.48879
6.48611
6.48344
6.48077
6.47809
6.47542
6.47275
6.47007
6.46740
6.46473
6.46205
6.45938
6.45670
6.45403
6.45135
6.44868
6.44600
6.44332
6.44065
6.43797
6.43530
6.43262
6.42994
6.42727
6.42459
6.42191
6.41923
6.41656
6.41388
6.41120
6.40852
6.40584
6.40316
6.40049
6.39781
6.39513
6.39245
6.38977
6.38709
6.38441
6.38173
6.37905
6.37637
6.37369
6.37100
6.36832
6.36564
6.36296
6.36028
6.35760
6.35491
6.35223
6.34955
6.34687
6.34418
6.34150
6.33881
6.33613
6.33345
6.33076
6.32808
6.32539
6.32271
6.32002
6.31734
6.31465
6.31197
6.30928
6.30660
6.30391
6.30122
6.29854
6.29585
6.29316
6.29048
6.28779
6.28510
6.28242
6.27973
6.27704
6.27435
6.27166
6.26897
6.26628
6.26359
6.26091
6.25822
6.25553
6.25284
6.25015
6.24746
6.24477
6.24207
6.23938
6.23669
6.23400
6.23131
6.22862
6.22593
6.22323
6.22054
6.21785
6.21516
6.21246
6.20977
6.20708
6.20438
6.20169
6.19900
6.19630
6.19361
6.19091
6.18822
6.18552
6.18283
6.18013
6.17744
6.17474
6.17205
6.16935
6.16665
6.16396
6.16126
6.15856
6.15587
6.15317
6.15047
6.14777
6.14508
6.14238
6.13968
6.13698
6.13428
6.13158
6.12888
6.12618
6.12348
6.12078
6.11808
6.11538
6.11268
6.10998
6.10728
6.10458
6.10188
6.09918
6.09648
6.09378
6.09107
6.08837
6.08567
6.08297
6.08026
6.07756
6.07486
6.07215
6.06945
6.06675
6.06404
6.06134
6.05863
6.05593
6.05322
6.05052
6.04781
6.04511
6.04240
6.03970
6.03699
6.03428
6.03158
6.02887
6.02616
6.02346
6.02075
6.01804
6.01533
6.01263
6.00992
6.00721
6.00450
6.00179
5.99908
5.99638
5.99367
5.99096
5.98825
5.98554
5.98283
5.98012
5.97741
5.97470
5.97198
5.96927
5.96656
5.96385
5.96114
5.95843
5.95571
5.95300
5.95029
5.94758
5.94486
5.94215
5.93944
5.93672
5.93401
5.93130
5.92858
5.92587
5.92315
5.92044
5.91772
5.91501
5.91229
5.90958
5.90686
5.90414
5.90143
5.89871
5.89600
5.89328
5.89056
5.88784
5.88513
5.88241
5.87969
5.87697
5.87425
5.87154
5.86882
5.86610
5.86338
5.86066
5.85794
5.85522
5.85250
5.84978
5.84706
5.84434
5.84162
5.83890
5.83618
5.83346
5.83073
5.82801
5.82529
5.82257
5.81985
5.81712
5.81440
5.81168
5.80895
5.80623
5.80351
5.80078
5.79806
5.79534
5.79261
5.78989
5.78716
5.78444
5.78171
5.77899
5.77626
5.77353
5.77081
5.76808
5.76536
5.76263
5.75990
5.75717
5.75445
5.75172
5.74899
5.74626
5.74354
5.74081
5.73808
5.73535
5.73262
5.72989
5.72716
5.72443
5.72170
5.71897
5.71624
5.71351
5.71078
5.70805
5.70532
5.70259
5.69986
5.69713
5.69439
5.69166
5.68893
5.68620
5.68346
5.68073
5.67800
5.67527
5.67253
5.66980
5.66706
5.66433
5.66160
5.65886
5.65613
5.65339
5.65066
5.64792
5.64519
5.64245
5.63971
5.63698
5.63424
5.63150
5.62877
5.62603
5.62329
5.62056
5.61782
5.61508
5.61234
5.60960
5.60687
5.60413
5.60139
5.59865
5.59591
5.59317
5.59043
5.58769
5.58495
5.58221
5.57947
5.57673
5.57399
5.57125
5.56850
5.56576
5.56302
5.56028
5.55754
5.55479
5.55205
5.54931
5.54657
5.54382
5.54108
5.53834
5.53559
5.53285
5.53010
5.52736
5.52461
5.52187
5.51912
5.51638
5.51363
5.51089
5.50814
5.50539
5.50265
5.49990
5.49715
5.49441
5.49166
5.48891
5.48616
5.48342
5.48067
5.47792
5.47517
5.47242
5.46967
5.46693
5.46418
5.46143
5.45868
5.45593
5.45318
5.45043
5.44768
5.44492
5.44217
5.43942
5.43667
5.43392
5.43117
5.42842
5.42566
5.42291
5.42016
5.41740
5.41465
5.41190
5.40914
5.40639
5.40364
5.40088
5.39813
5.39537
5.39262
5.38986
5.38711
5.38435
5.38160
5.37884
5.37609
5.37333
5.37057
5.36782
5.36506
5.36230
5.35954
5.35679
5.35403
5.35127
5.34851
5.34576
5.34300
5.34024
5.33748
5.33472
5.33196
5.32920
5.32644
5.32368
5.32092
5.31816
5.31540
5.31264
5.30988
5.30712
5.30435
5.30159
5.29883
5.29607
5.29331
5.29054
5.28778
5.28502
5.28225
5.27949
5.27673
5.27396
5.27120
5.26844
5.26567
5.26291
5.26014
5.25738
5.25461
5.25185
5.24908
5.24631
5.24355
5.24078
5.23801
5.23525
5.23248
5.22971
5.22695
5.22418
5.22141
5.21864
5.21587
5.21311
5.21034
5.20757
5.20480
5.20203
5.19926
5.19649
5.19372
5.19095
5.18818
5.18541
5.18264
5.17987
5.17709
5.17432
5.17155
5.16878
5.16601
5.16323
5.16046
5.15769
5.15492
5.15214
5.14937
5.14660
5.14382
5.14105
5.13827
5.13550
5.13272
5.12995
5.12717
5.12440
5.12162
5.11885
5.11607
5.11330
5.11052
5.10774
5.10497
5.10219
5.09941
5.09663
5.09386
5.09108
5.08830
5.08552
5.08274
5.07996
5.07719
5.07441
5.07163
5.06885
5.06607
5.06329
5.06051
5.05773
5.05495
5.05216
5.04938
5.04660
5.04382
5.04104
5.03826
5.03547
5.03269
5.02991
5.02713
5.02434
5.02156
5.01878
5.01599
5.01321
5.01042
5.00764
5.00486
5.00207
4.99929
4.99650
4.99372
4.99093
4.98814
4.98536
4.98257
4.97978
4.97700
4.97421
4.97142
4.96864
4.96585
4.96306
4.96027
4.95749
4.95470
4.95191
4.94912
4.94633
4.94354
4.94075
4.93796
4.93517
4.93238
4.92959
4.92680
4.92401
4.92122
4.91843
4.91564
4.91284
4.91005
4.90726
4.90447
4.90168
4.89888
4.89609
4.89330
4.89050
4.88771
4.88492
4.88212
4.87933
4.87653
4.87374
4.87094
4.86815
4.86535
4.86256
4.85976
4.85697
4.85417
4.85137
4.84858
4.84578
4.84298
4.84018
4.83739
4.83459
4.83179
4.82899
4.82620
4.82340
4.82060
4.81780
4.81500
4.81220
4.80940
4.80660
4.80380
4.80100
4.79820
4.79540
4.79260
4.78980
4.78699
4.78419
4.78139
4.77859
4.77579
4.77298
4.77018
4.76738
4.76457
4.76177
4.75897
4.75616
4.75336
4.75056
4.74775
4.74495
4.74214
4.73934
4.73653
4.73373
4.73092
4.72811
4.72531
4.72250
4.71969
4.71689
4.71408
4.71127
4.70847
4.70566
4.70285
4.70004
4.69723
4.69442
4.69162
4.68881
4.68600
4.68319
4.68038
4.67757
4.67476
4.67195
4.66914
4.66633
4.66351
4.66070
4.65789
4.65508
4.65227
4.64946
4.64664
4.64383
4.64102
4.63820
4.63539
4.63258
4.62976
4.62695
4.62414
4.62132
4.61851
4.61569
4.61288
4.61006
4.60725
4.60443
4.60162
4.59880
4.59598
4.59317
4.59035
4.58753
4.58472
4.58190
4.57908
4.57626
4.57344
4.57063
4.56781
4.56499
4.56217
4.55935
4.55653
4.55371
4.55089
4.54807
4.54525
4.54243
4.53961
4.53679
4.53397
4.53115
4.52833
4.52550
4.52268
4.51986
4.51704
4.51421
4.51139
4.50857
4.50574
4.50292
4.50010
4.49727
4.49445
4.49162
4.48880
4.48597
4.48315
4.48032
4.47750
4.47467
4.47185
4.46902
4.46619
4.46337
4.46054
4.45771
4.45489
4.45206
4.44923
4.44640
4.44357
4.44074
4.43792
4.43509
4.43226
4.42943
4.42660
4.42377
4.42094
4.41811
4.41528
4.41245
4.40962
4.40679
4.40395
4.40112
4.39829
4.39546
4.39263
4.38980
4.38696
4.38413
4.38130
4.37846
4.37563
4.37279
4.36996
4.36713
4.36429
4.36146
4.35862
4.35579
4.35295
4.35012
4.34728
4.34444
4.34161
4.33877
4.33594
4.33310
4.33026
4.32742
4.32459
4.32175
4.31891
4.31607
4.31323
4.31039
4.30756
4.30472
4.30188
4.29904
4.29620
4.29336
4.29052
4.28768
4.28484
4.28199
4.27915
4.27631
4.27347
4.27063
4.26779
4.26494
4.26210
4.25926
4.25642
4.25357
4.25073
4.24789
4.24504
4.24220
4.23935
4.23651
4.23366
4.23082
4.22797
4.22513
4.22228
4.21944
4.21659
4.21374
4.21090
4.20805
4.20520
4.20236
4.19951
4.19666
4.19381
4.19097
4.18812
4.18527
4.18242
4.17957
4.17672
4.17387
4.17102
4.16817
4.16532
4.16247
4.15962
4.15677
4.15392
4.15107
4.14821
4.14536
4.14251
4.13966
4.13681
4.13395
4.13110
4.12825
4.12539
4.12254
4.11969
4.11683
4.11398
4.11112
4.10827
4.10541
4.10256
4.09970
4.09685
4.09399
4.09113
4.08828
4.08542
4.08256
4.07971
4.07685
4.07399
4.07114
4.06828
4.06542
4.06256
4.05970
4.05684
4.05398
4.05112
4.04827
4.04541
4.04255
4.03969
4.03682
4.03396
4.03110
4.02824
4.02538
4.02252
4.01966
4.01680
4.01393
4.01107
4.00821
4.00534
4.00248
3.99962
3.99675
3.99389
3.99103
3.98816
3.98530
3.98243
3.97957
3.97670
3.97384
3.97097
3.96811
3.96524
3.96237
3.95951
3.95664
3.95377
3.95091
3.94804
3.94517
3.94230
3.93943
3.93657
3.93370
3.93083
3.92796
3.92509
3.92222
3.91935
3.91648
3.91361
3.91074
3.90787
3.90500
3.90213
3.89925
3.89638
3.89351
3.89064
3.88777
3.88489
3.88202
3.87915
3.87628
3.87340
3.87053
3.86765
3.86478
3.86191
3.85903
3.85616
3.85328
3.85041
3.84753
3.84465
3.84178
3.83890
3.83603
3.83315
3.83027
3.82740
3.82452
3.82164
3.81876
3.81588
3.81301
3.81013
3.80725
3.80437
3.80149
3.79861
3.79573
3.79285
3.78997
3.78709
3.78421
3.78133
3.77845
3.77557
3.77269
3.76980
3.76692
3.76404
3.76116
3.75828
3.75539
3.75251
3.74963
3.74674
3.74386
3.74097
3.73809
3.73521
3.73232
3.72944
3.72655
3.72367
3.72078
3.71789
3.71501
3.71212
3.70923
3.70635
3.70346
3.70057
3.69769
3.69480
3.69191
3.68902
3.68613
3.68324
3.68036
3.67747
3.67458
3.67169
3.66880
3.66591
3.66302
3.66013
3.65724
3.65435
3.65145
3.64856
3.64567
3.64278
3.63989
3.63699
3.63410
3.63121
3.62832
3.62542
3.62253
3.61964
3.61674
3.61385
3.61095
3.60806
3.60516
3.60227
3.59937
3.59648
3.59358
3.59068
3.58779
3.58489
3.58200
3.57910
3.57620
3.57330
3.57041
3.56751
3.56461
3.56171
3.55881
3.55591
3.55301
3.55011
3.54722
3.54432
3.54142
3.53852
3.53561
3.53271
3.52981
3.52691
3.52401
3.52111
3.51821
3.51530
3.51240
3.50950
3.50660
3.50369
3.50079
3.49789
3.49498
3.49208
3.48917
3.48627
3.48336
3.48046
3.47755
3.47465
3.47174
3.46884
3.46593
3.46303
3.46012
3.45721
3.45430
3.45140
3.44849
3.44558
3.44267
3.43977
3.43686
3.43395
3.43104
3.42813
3.42522
3.42231
3.41940
3.41649
3.41358
3.41067
3.40776
3.40485
3.40194
3.39903
3.39611
3.39320
3.39029
3.38738
3.38446
3.38155
3.37864
3.37572
3.37281
3.36990
3.36698
3.36407
3.36115
3.35824
3.35532
3.35241
3.34949
3.34658
3.34366
3.34074
3.33783
3.33491
3.33199
3.32908
3.32616
3.32324
3.32032
3.31741
3.31449
3.31157
3.30865
3.30573
3.30281
3.29989
3.29697
3.29405
3.29113
3.28821
3.28529
3.28237
3.27945
3.27653
3.27360
3.27068
3.26776
3.26484
3.26192
3.25899
3.25607
3.25315
3.25022
3.24730
3.24437
3.24145
3.23853
3.23560
3.23268
3.22975
3.22682
3.22390
3.22097
3.21805
3.21512
3.21219
3.20927
3.20634
3.20341
3.20048
3.19756
3.19463
3.19170
3.18877
3.18584
3.18291
3.17998
3.17705
3.17412
3.17119
3.16826
3.16533
3.16240
3.15947
3.15654
3.15361
3.15068
3.14775
3.14481
3.14188
3.13895
3.13602
3.13308
3.13015
3.12722
3.12428
3.12135
3.11841
3.11548
3.11254
3.10961
3.10667
3.10374
3.10080
3.09787
3.09493
3.09199
3.08906
3.08612
3.08318
3.08024
3.07731
3.07437
3.07143
3.06849
3.06555
3.06261
3.05968
3.05674
3.05380
3.05086
3.04792
3.04498
3.04204
3.03910
3.03615
3.03321
3.03027
3.02733
3.02439
3.02145
3.01850
3.01556
3.01262
3.00967
3.00673
3.00379
3.00084
2.99790
2.99495
2.99201
2.98906
2.98612
2.98317
2.98023
2.97728
2.97434
2.97139
2.96844
2.96550
2.96255
2.95960
2.95665
2.95371
2.95076
2.94781
2.94486
2.94191
2.93896
2.93601
2.93307
2.93012
2.92717
2.92422
2.92126
2.91831
2.91536
2.91241
2.90946
2.90651
2.90356
2.90060
2.89765
2.89470
2.89175
2.88879
2.88584
2.88289
2.87993
2.87698
2.87402
2.87107
2.86812
2.86516
2.86220
2.85925
2.85629
2.85334
2.85038
2.84742
2.84447
2.84151
2.83855
2.83560
2.83264
2.82968
2.82672
2.82376
2.82080
2.81785
2.81489
2.81193
2.80897
2.80601
2.80305
2.80009
2.79713
2.79417
2.79120
2.78824
2.78528
2.78232
2.77936
2.77639
2.77343
2.77047
2.76751
2.76454
2.76158
2.75862
2.75565
2.75269
2.74972
2.74676
2.74379
2.74083
2.73786
2.73490
2.73193
2.72896
2.72600
2.72303
2.72006
2.71710
2.71413
2.71116
2.70819
2.70522
2.70226
2.69929
2.69632
2.69335
2.69038
2.68741
2.68444
2.68147
2.67850
2.67553
2.67256
2.66959
2.66662
2.66364
2.66067
2.65770
2.65473
2.65175
2.64878
2.64581
2.64284
2.63986
2.63689
2.63391
2.63094
2.62796
2.62499
2.62201
2.61904
2.61606
2.61309
2.61011
2.60714
2.60416
2.60118
2.59821
2.59523
2.59225
2.58927
2.58629
2.58332
2.58034
2.57736
2.57438
2.57140
2.56842
2.56544
2.56246
2.55948
2.55650
2.55352
2.55054
2.54756
2.54458
2.54159
2.53861
2.53563
2.53265
2.52966
2.52668
2.52370
2.52071
2.51773
2.51475
2.51176
2.50878
2.50579
2.50281
2.49982
2.49684
2.49385
2.49087
2.48788
2.48489
2.48191
2.47892
2.47593
2.47295
2.46996
2.46697
2.46398
2.46099
2.45800
2.45502
2.45203
2.44904
2.44605
2.44306
2.44007
2.43708
2.43409
2.43109
2.42810
2.42511
2.42212
2.41913
2.41614
2.41314
2.41015
2.40716
2.40416
2.40117
2.39818
2.39518
2.39219
2.38920
2.38620
2.38321
2.38021
2.37722
2.37422
2.37122
2.36823
2.36523
2.36223
2.35924
2.35624
2.35324
2.35025
2.34725
2.34425
2.34125
2.33825
2.33525
2.33225
2.32925
2.32625
2.32325
2.32025
2.31725
2.31425
2.31125
2.30825
2.30525
2.30225
2.29925
2.29624
2.29324
2.29024
2.28724
2.28423
2.28123
2.27823
2.27522
2.27222
2.26921
2.26621
2.26320
2.26020
2.25719
2.25419
2.25118
2.24818
2.24517
2.24216
2.23916
2.23615
2.23314
2.23013
2.22713
2.22412
2.22111
2.21810
2.21509
2.21208
2.20907
2.20606
2.20305
2.20004
2.19703
2.19402
2.19101
2.18800
2.18499
2.18198
2.17896
2.17595
2.17294
2.16993
2.16691
2.16390
2.16089
2.15787
2.15486
2.15184
2.14883
2.14582
2.14280
2.13979
2.13677
2.13375
2.13074
2.12772
2.12471
2.12169
2.11867
2.11565
2.11264
2.10962
2.10660
2.10358
2.10056
2.09754
2.09453
2.09151
2.08849
2.08547
2.08245
2.07943
2.07641
2.07339
2.07036
2.06734
2.06432
2.06130
2.05828
2.05526
2.05223
2.04921
2.04619
2.04316
2.04014
2.03712
2.03409
2.03107
2.02804
2.02502
2.02199
2.01897
2.01594
2.01292
2.00989
2.00686
2.00384
2.00081
1.99778
1.99475
1.99173
1.98870
1.98567
1.98264
1.97961
1.97658
1.97356
1.97053
1.96750
1.96447
1.96144
1.95841
1.95537
1.95234
1.94931
1.94628
1.94325
1.94022
1.93718
1.93415
1.93112
1.92809
1.92505
1.92202
1.91899
1.91595
1.91292
1.90988
1.90685
1.90381
1.90078
1.89774
1.89471
1.89167
1.88863
1.88560
1.88256
1.87952
1.87648
1.87345
1.87041
1.86737
1.86433
1.86129
1.85825
1.85522
1.85218
1.84914
1.84610
1.84306
1.84002
1.83697
1.83393
1.83089
1.82785
1.82481
1.82177
1.81872
1.81568
1.81264
1.80960
1.80655
1.80351
1.80047
1.79742
1.79438
1.79133
1.78829
1.78524
1.78220
1.77915
1.77611
1.77306
1.77001
1.76697
1.76392
1.76087
1.75782
1.75478
1.75173
1.74868
1.74563
1.74258
1.73953
1.73649
1.73344
1.73039
1.72734
1.72429
1.72123
1.71818
1.71513
1.71208
1.70903
1.70598
1.70293
1.69987
1.69682
1.69377
1.69071
1.68766
1.68461
1.68155
1.67850
1.67545
1.67239
1.66934
1.66628
1.66322
1.66017
1.65711
1.65406
1.65100
1.64794
1.64489
1.64183
1.63877
1.63571
1.63266
1.62960
1.62654
1.62348
1.62042
1.61736
1.61430
1.61124
1.60818
1.60512
1.60206
1.59900
1.59594
1.59288
1.58981
1.58675
1.58369
1.58063
1.57757
1.57450
1.57144
1.56838
1.56531
1.56225
1.55918
1.55612
1.55305
1.54999
1.54692
1.54386
1.54079
1.53773
1.53466
1.53159
1.52853
1.52546
1.52239
1.51932
1.51625
1.51319
1.51012
1.50705
1.50398
1.50091
1.49784
1.49477
1.49170
1.48863
1.48556
1.48249
1.47942
1.47635
1.47327
1.47020
1.46713
1.46406
1.46099
1.45791
1.45484
1.45177
1.44869
1.44562
1.44254
1.43947
1.43639
1.43332
1.43024
1.42717
1.42409
1.42102
1.41794
1.41486
1.41179
1.40871
1.40563
1.40255
1.39948
1.39640
1.39332
1.39024
1.38716
1.38408
1.38100
1.37792
1.37484
1.37176
1.36868
1.36560
1.36252
1.35944
1.35636
1.35327
1.35019
1.34711
1.34403
1.34094
1.33786
1.33478
1.33169
1.32861
1.32552
1.32244
1.31935
1.31627
1.31318
1.31010
1.30701
1.30393
1.30084
1.29775
1.29467
1.29158
1.28849
1.28540
1.28232
1.27923
1.27614
1.27305
1.26996
1.26687
1.26378
1.26069
1.25760
1.25451
1.25142
1.24833
1.24524
1.24215
1.23905
1.23596
1.23287
1.22978
1.22669
1.22359
1.22050
1.21740
1.21431
1.21122
1.20812
1.20503
1.20193
1.19884
1.19574
1.19265
1.18955
1.18645
1.18336
1.18026
1.17716
1.17407
1.17097
1.16787
1.16477
1.16167
1.15858
1.15548
1.15238
1.14928
1.14618
1.14308
1.13998
1.13688
1.13378
1.13067
1.12757
1.12447
1.12137
1.11827
1.11517
1.11206
1.10896
1.10586
1.10275
1.09965
1.09654
1.09344
1.09034
1.08723
1.08413
1.08102
1.07791
1.07481
1.07170
1.06860
1.06549
1.06238
1.05927
1.05617
1.05306
1.04995
1.04684
1.04373
1.04063
1.03752
1.03441
1.03130
1.02819
1.02508
1.02197
1.01886
1.01574
1.01263
1.00952
1.00641
1.00330
1.00019
0.99707
0.99396
0.99085
0.98773
0.98462
0.98151
0.97839
0.97528
0.97216
0.96905
0.96593
0.96282
0.95970
0.95658
0.95347
0.95035
0.94723
0.94412
0.94100
0.93788
0.93476
0.93164
0.92853
0.92541
0.92229
0.91917
0.91605
0.91293
0.90981
0.90669
0.90357
0.90045
0.89732
0.89420
0.89108
0.88796
0.88484
0.88171
0.87859
0.87547
0.87234
0.86922
0.86610
0.86297
0.85985
0.85672
0.85360
0.85047
0.84735
0.84422
0.84109
0.83797
0.83484
0.83171
0.82859
0.82546
0.82233
0.81920
0.81607
0.81295
0.80982
0.80669
0.80356
0.80043
0.79730
0.79417
0.79104
0.78791
0.78478
0.78164
0.77851
0.77538
0.77225
0.76912
0.76598
0.76285
0.75972
0.75658
0.75345
0.75031
0.74718
0.74405
0.74091
0.73778
0.73464
0.73150
0.72837
0.72523
0.72210
0.71896
0.71582
0.71268
0.70955
0.70641
0.70327
0.70013
0.69699
0.69385
0.69071
0.68757
0.68443
0.68129
0.67815
0.67501
0.67187
0.66873
0.66559
0.66245
0.65931
0.65616
0.65302
0.64988
0.64673
0.64359
0.64045
0.63730
0.63416
0.63101
0.62787
0.62472
0.62158
0.61843
0.61529
0.61214
0.60900
0.60585
0.60270
0.59955
0.59641
0.59326
0.59011
0.58696
0.58381
0.58066
0.57751
0.57437
0.57122
0.56807
0.56492
0.56176
0.55861
0.55546
0.55231
0.54916
0.54601
0.54285
0.53970
0.53655
0.53340
0.53024
0.52709
0.52394
0.52078
0.51763
0.51447
0.51132
0.50816
0.50501
0.50185
0.49869
0.49554
0.49238
0.48922
0.48607
0.48291
0.47975
0.47659
0.47343
0.47028
0.46712
0.46396
0.46080
0.45764
0.45448
0.45132
0.44816
0.44500
0.44184
0.43867
0.43551
0.43235
0.42919
0.42602
0.42286
0.41970
0.41654
0.41337
0.41021
0.40704
0.40388
0.40071
0.39755
0.39438
0.39122
0.38805
0.38489
0.38172
0.37855
0.37539
0.37222
0.36905
0.36588
0.36271
0.35955
0.35638
0.35321
0.35004
0.34687
0.34370
0.34053
0.33736
0.33419
0.33102
0.32785
0.32468
0.32150
0.31833
0.31516
0.31199
0.30881
0.30564
0.30247
0.29929
0.29612
0.29294
0.28977
0.28660
0.28342
0.28024
0.27707
0.27389
0.27072
0.26754
0.26436
0.26119
0.25801
0.25483
0.25165
0.24847
0.24530
0.24212
0.23894
0.23576
0.23258
0.22940
0.22622
0.22304
0.21986
0.21668
0.21350
0.21031
0.20713
0.20395
0.20077
0.19758
0.19440
0.19122
0.18803
0.18485
0.18167
0.17848
0.17530
0.17211
0.16893
0.16574
0.16256
0.15937
0.15618
0.15300
0.14981
0.14662
0.14343
0.14025
0.13706
0.13387
0.13068
0.12749
0.12430
0.12111
0.11792
0.11473
0.11154
0.10835
0.10516
0.10197
0.09878
0.09559
0.09239
0.08920
0.08601
0.08282
0.07962
0.07643
0.07324
0.07004
0.06685
0.06365
0.06046
0.05726
0.05407
0.05087
0.04768
0.04448
0.04128
0.03809
0.03489
0.03169
0.02849
0.02529
0.02210
0.01890
0.01570
0.01250
0.00930
0.00610
0.00290
-0.00030
-0.00350
-0.00670
-0.00990
-0.01310
-0.01631
-0.01951
-0.02271
-0.02591
-0.02912
-0.03232
-0.03552
-0.03873
-0.04193
-0.04514
-0.04834
-0.05154
-0.05475
-0.05796
-0.06116
-0.06437
-0.06757
-0.07078
-0.07399
-0.07719
-0.08040
-0.08361
-0.08682
-0.09003
-0.09323
-0.09644
-0.09965
-0.10286
-0.10607
-0.10928
-0.11249
-0.11570
-0.11891
-0.12213
-0.12534
-0.12855
-0.13176
-0.13497
-0.13819
-0.14140
-0.14461
-0.14783
-0.15104
-0.15425
-0.15747
-0.16068
-0.16390
-0.16711
-0.17033
-0.17354
-0.17676
-0.17998
-0.18319
-0.18641
-0.18963
-0.19285
-0.19606
-0.19928
-0.20250
-0.20572
-0.20894
-0.21216
-0.21538
-0.21860
-0.22182
-0.22504
-0.22826
-0.23148
-0.23470
-0.23792
-0.24114
-0.24437
-0.24759
-0.25081
-0.25404
-0.25726
-0.26048
-0.26371
-0.26693
-0.27015
-0.27338
-0.27660
-0.27983
-0.28306
-0.28628
-0.28951
-0.29273
-0.29596
-0.29919
-0.30242
-0.30564
-0.30887
-0.31210
-0.31533
-0.31856
-0.32179
-0.32502
-0.32825
-0.33148
-0.33471
-0.33794
-0.34117
-0.34440
-0.34763
-0.35086
-0.35409
-0.35733
-0.36056
-0.36379
-0.36703
-0.37026
-0.37349
-0.37673
-0.37996
-0.38320
-0.38643
-0.38967
-0.39290
-0.39614
-0.39937
-0.40261
-0.40585
-0.40908
-0.41232
-0.41556
-0.41880
-0.42204
-0.42527
-0.42851
-0.43175
-0.43499
-0.43823
-0.44147
-0.44471
-0.44795
-0.45119
-0.45443
-0.45767
-0.46092
-0.46416
-0.46740
-0.47064
-0.47389
-0.47713
-0.48037
-0.48362
-0.48686
-0.49011
-0.49335
-0.49659
-0.49984
-0.50309
-0.50633
-0.50958
-0.51282
-0.51607
-0.51932
-0.52256
-0.52581
-0.52906
-0.53231
-0.53556
-0.53881
-0.54205
-0.54530
-0.54855
-0.55180
-0.55505
-0.55830
-0.56156
-0.56481
-0.56806
-0.57131
-0.57456
-0.57781
-0.58107
-0.58432
-0.58757
-0.59083
-0.59408
-0.59733
-0.60059
-0.60384
-0.60710
-0.61035
-0.61361
-0.61686
-0.62012
-0.62338
-0.62663
-0.62989
-0.63315
-0.63641
-0.63966
-0.64292
-0.64618
-0.64944
-0.65270
-0.65596
-0.65922
-0.66248
-0.66574
-0.66900
-0.67226
-0.67552
-0.67878
-0.68204
-0.68531
-0.68857
-0.69183
-0.69509
-0.69836
-0.70162
-0.70488
-0.70815
-0.71141
-0.71468
-0.71794
-0.72121
-0.72447
-0.72774
-0.73101
-0.73427
-0.73754
-0.74081
-0.74407
-0.74734
-0.75061
-0.75388
-0.75715
-0.76042
-0.76368
-0.76695
-0.77022
-0.77349
-0.77676
-0.78003
-0.78331
-0.78658
-0.78985
-0.79312
-0.79639
-0.79967
-0.80294
-0.80621
-0.80948
-0.81276
-0.81603
-0.81931
-0.82258
-0.82586
-0.82913
-0.83241
-0.83568
-0.83896
-0.84223
-0.84551
-0.84879
-0.85207
-0.85534
-0.85862
-0.86190
-0.86518
-0.86846
-0.87174
-0.87501
-0.87829
-0.88157
-0.88485
-0.88814
-0.89142
-0.89470
-0.89798
-0.90126
-0.90454
-0.90783
-0.91111
-0.91439
-0.91767
-0.92096
-0.92424
-0.92753
-0.93081
-0.93410
-0.93738
-0.94067
-0.94395
-0.94724
-0.95052
-0.95381
-0.95710
-0.96038
-0.96367
-0.96696
-0.97025
-0.97354
-0.97682
-0.98011
-0.98340
-0.98669
-0.98998
-0.99327
-0.99656
-0.99985
-1.00314
-1.00644
-1.00973
-1.01302
-1.01631
-1.01961
-1.02290
-1.02619
-1.02948
-1.03278
-1.03607
-1.03937
-1.04266
-1.04596
-1.04925
-1.05255
-1.05584
-1.05914
-1.06244
-1.06573
-1.06903
-1.07233
-1.07563
-1.07892
-1.08222
-1.08552
-1.08882
-1.09212
-1.09542
-1.09872
-1.10202
-1.10532
-1.10862
-1.11192
-1.11522
-1.11852
-1.12183
-1.12513
-1.12843
-1.13173
-1.13504
-1.13834
-1.14165
-1.14495
-1.14825
-1.15156
-1.15486
-1.15817
-1.16147
-1.16478
-1.16809
-1.17139
-1.17470
-1.17801
-1.18132
-1.18462
-1.18793
-1.19124
-1.19455
-1.19786
-1.20117
-1.20448
-1.20779
-1.21110
-1.21441
-1.21772
-1.22103
-1.22434
-1.22765
-1.23096
-1.23428
-1.23759
-1.24090
-1.24422
-1.24753
-1.25084
-1.25416
-1.25747
-1.26079
-1.26410
-1.26742
-1.27073
-1.27405
-1.27737
-1.28068
-1.28400
-1.28732
-1.29063
-1.29395
-1.29727
-1.30059
-1.30391
-1.30723
-1.31055
-1.31387
-1.31719
-1.32051
-1.32383
-1.32715
-1.33047
-1.33379
-1.33711
-1.34044
-1.34376
-1.34708
-1.35040
-1.35373
-1.35705
-1.36038
-1.36370
-1.36702
-1.37035
-1.37368
-1.37700
-1.38033
-1.38365
-1.38698
-1.39031
-1.39363
-1.39696
-1.40029
-1.40362
-1.40695
-1.41027
-1.41360
-1.41693
-1.42026
-1.42359
-1.42692
-1.43025
-1.43358
-1.43691
-1.44025
-1.44358
-1.44691
-1.45024
-1.45358
-1.45691
-1.46024
-1.46358
-1.46691
-1.47024
-1.47358
-1.47691
-1.48025
-1.48358
-1.48692
-1.49026
-1.49359
-1.49693
-1.50027
-1.50360
-1.50694
-1.51028
-1.51362
-1.51696
-1.52030
-1.52363
-1.52697
-1.53031
-1.53365
-1.53699
-1.54034
-1.54368
-1.54702
-1.55036
-1.55370
-1.55704
-1.56039
-1.56373
-1.56707
-1.57042
-1.57376
-1.57711
-1.58045
-1.58379
-1.58714
-1.59049
-1.59383
-1.59718
-1.60052
-1.60387
-1.60722
-1.61056
-1.61391
-1.61726
-1.62061
-1.62396
-1.62731
-1.63066
-1.63401
-1.63735
-1.64071
-1.64406
-1.64741
-1.65076
-1.65411
-1.65746
-1.66081
-1.66417
-1.66752
-1.67087
-1.67422
-1.67758
-1.68093
-1.68429
-1.68764
-1.69100
-1.69435
-1.69771
-1.70106
-1.70442
-1.70777
-1.71113
-1.71449
-1.71785
-1.72120
-1.72456
-1.72792
-1.73128
-1.73464
-1.73800
-1.74136
-1.74472
-1.74808
-1.75144
-1.75480
-1.75816
-1.76152
-1.76488
-1.76824
-1.77161
-1.77497
-1.77833
-1.78170
-1.78506
-1.78842
-1.79179
-1.79515
-1.79852
-1.80188
-1.80525
-1.80862
-1.81198
-1.81535
-1.81871
-1.82208
-1.82545
-1.82882
-1.83219
-1.83555
-1.83892
-1.84229
-1.84566
-1.84903
-1.85240
-1.85577
-1.85914
-1.86251
-1.86588
-1.86926
-1.87263
-1.87600
-1.87937
-1.88275
-1.88612
-1.88949
-1.89287
-1.89624
-1.89962
-1.90299
-1.90637
-1.90974
-1.91312
-1.91649
-1.91987
-1.92325
-1.92662
-1.93000
-1.93338
-1.93676
-1.94013
-1.94351
-1.94689
-1.95027
-1.95365
-1.95703
-1.96041
-1.96379
-1.96717
-1.97055
-1.97393
-1.97732
-1.98070
-1.98408
-1.98746
-1.99085
-1.99423
-1.99761
-2.00100
-2.00438
-2.00777
-2.01115
-2.01454
-2.01792
-2.02131
-2.02470
-2.02808
-2.03147
-2.03486
-2.03824
-2.04163
-2.04502
-2.04841
-2.05180
-2.05519
-2.05858
-2.06197
-2.06536
-2.06875
-2.07214
-2.07553
-2.07892
-2.08231
-2.08570
-2.08910
-2.09249
-2.09588
-2.09928
-2.10267
-2.10606
-2.10946
-2.11285
-2.11625
-2.11964
-2.12304
-2.12643
-2.12983
-2.13323
-2.13662
-2.14002
-2.14342
-2.14682
-2.15021
-2.15361
-2.15701
-2.16041
-2.16381
-2.16721
-2.17061
-2.17401
-2.17741
-2.18081
-2.18421
-2.18762
-2.19102
-2.19442
-2.19782
-2.20123
-2.20463
-2.20803
-2.21144
-2.21484
-2.21825
-2.22165
-2.22506
-2.22846
-2.23187
-2.23527
-2.23868
-2.24209
-2.24549
-2.24890
-2.25231
-2.25572
-2.25913
-2.26254
-2.26594
-2.26935
-2.27276
-2.27617
-2.27958
-2.28300
-2.28641
-2.28982
-2.29323
-2.29664
-2.30005
-2.30347
-2.30688
-2.31029
-2.31371
-2.31712
-2.32054
-2.32395
-2.32737
-2.33078
-2.33420
-2.33761
-2.34103
-2.34445
-2.34786
-2.35128
-2.35470
-2.35812
-2.36153
-2.36495
-2.36837
-2.37179
-2.37521
-2.37863
-2.38205
-2.38547
-2.38889
-2.39231
-2.39574
-2.39916
-2.40258
-2.40600
-2.40942
-2.41285
-2.41627
-2.41970
-2.42312
-2.42654
-2.42997
-2.43339
-2.43682
-2.44025
-2.44367
-2.44710
-2.45053
-2.45395
-2.45738
-2.46081
-2.46424
-2.46766
-2.47109
-2.47452
-2.47795
-2.48138
-2.48481
-2.48824
-2.49167
-2.49510
-2.49853
-2.50197
-2.50540
-2.50883
-2.51226
-2.51570
-2.51913
-2.52256
-2.52600
-2.52943
-2.53287
-2.53630
-2.53974
-2.54317
-2.54661
-2.55005
-2.55348
-2.55692
-2.56036
-2.56379
-2.56723
-2.57067
-2.57411
-2.57755
-2.58099
-2.58443
-2.58787
-2.59131
-2.59475
-2.59819
-2.60163
-2.60507
-2.60851
-2.61196
-2.61540
-2.61884
-2.62229
-2.62573
-2.62917
-2.63262
-2.63606
-2.63951
-2.64295
-2.64640
-2.64984
-2.65329
-2.65674
-2.66018
-2.66363
-2.66708
-2.67053
-2.67397
-2.67742
-2.68087
-2.68432
-2.68777
-2.69122
-2.69467
-2.69812
-2.70157
-2.70502
-2.70848
-2.71193
-2.71538
-2.71883
-2.72229
-2.72574
-2.72919
-2.73265
-2.73610
-2.73956
-2.74301
-2.74647
-2.74992
-2.75338
-2.75683
-2.76029
-2.76375
-2.76720
-2.77066
-2.77412
-2.77758
-2.78104
-2.78450
-2.78795
-2.79141
-2.79487
-2.79833
-2.80180
-2.80526
-2.80872
-2.81218
-2.81564
-2.81910
-2.82257
-2.82603
-2.82949
-2.83296
-2.83642
-2.83988
-2.84335
-2.84681
-2.85028
-2.85374
-2.85721
-2.86068
-2.86414
-2.86761
-2.87108
-2.87455
-2.87801
-2.88148
-2.88495
-2.88842
-2.89189
-2.89536
-2.89883
-2.90230
-2.90577
-2.90924
-2.91271
-2.91618
-2.91966
-2.92313
-2.92660
-2.93007
-2.93355
-2.93702
-2.94049
-2.94397
-2.94744
-2.95092
-2.95439
-2.95787
-2.96135
-2.96482
-2.96830
-2.97178
-2.97525
-2.97873
-2.98221
-2.98569
-2.98917
-2.99265
-2.99613
-2.99961
-3.00309
-3.00657
-3.01005
-3.01353
-3.01701
-3.02049
-3.02397
-3.02746
-3.03094
-3.03442
-3.03791
-3.04139
-3.04487
-3.04836
-3.05184
-3.05533
-3.05881
-3.06230
-3.06579
-3.06927
-3.07276
-3.07625
-3.07973
-3.08322
-3.08671
-3.09020
-3.09369
-3.09718
-3.10067
-3.10416
-3.10765
-3.11114
-3.11463
-3.11812
-3.12161
-3.12510
-3.12860
-3.13209
-3.13558
-3.13908
-3.14257
-3.14606
-3.14956
-3.15305
-3.15655
-3.16004
-3.16354
-3.16704
-3.17053
-3.17403
-3.17753
-3.18102
-3.18452
-3.18802
-3.19152
-3.19502
-3.19852
-3.20202
-3.20552
-3.20902
-3.21252
-3.21602
-3.21952
-3.22302
-3.22652
-3.23002
-3.23353
-3.23703
-3.24053
-3.24404
-3.24754
-3.25104
-3.25455
-3.25805
-3.26156
-3.26507
-3.26857
-3.27208
-3.27558
-3.27909
-3.28260
-3.28611
-3.28962
-3.29312
-3.29663
-3.30014
-3.30365
-3.30716
-3.31067
-3.31418
-3.31769
-3.32120
-3.32472
-3.32823
-3.33174
-3.33525
-3.33877
-3.34228
-3.34579
-3.34931
-3.35282
-3.35634
-3.35985
-3.36337
-3.36688
-3.37040
-3.37391
-3.37743
-3.38095
-3.38447
-3.38798
-3.39150
-3.39502
-3.39854
-3.40206
-3.40558
-3.40910
-3.41262
-3.41614
-3.41966
-3.42318
-3.42670
-3.43022
-3.43375
-3.43727
-3.44079
-3.44431
-3.44784
-3.45136
-3.45489
-3.45841
-3.46194
-3.46546
-3.46899
-3.47251
-3.47604
-3.47957
-3.48309
-3.48662
-3.49015
-3.49368
-3.49721
-3.50074
-3.50426
-3.50779
-3.51132
-3.51485
-3.51839
-3.52192
-3.52545
-3.52898
-3.53251
-3.53604
-3.53958
-3.54311
-3.54664
-3.55018
-3.55371
-3.55725
-3.56078
-3.56432
-3.56785
-3.57139
-3.57492
-3.57846
-3.58200
-3.58553
-3.58907
-3.59261
-3.59615
-3.59969
-3.60323
-3.60676
-3.61030
-3.61384
-3.61738
-3.62093
-3.62447
-3.62801
-3.63155
-3.63509
-3.63863
-3.64218
-3.64572
-3.64926
-3.65281
-3.65635
-3.65990
-3.66344
-3.66699
-3.67053
-3.67408
-3.67763
-3.68117
-3.68472
-3.68827
-3.69181
-3.69536
-3.69891
-3.70246
-3.70601
-3.70956
-3.71311
-3.71666
-3.72021
-3.72376
-3.72731
-3.73086
-3.73442
-3.73797
-3.74152
-3.74507
-3.74863
-3.75218
-3.75574
-3.75929
-3.76285
-3.76640
-3.76996
-3.77351
-3.77707
-3.78062
-3.78418
-3.78774
-3.79130
-3.79485
-3.79841
-3.80197
-3.80553
-3.80909
-3.81265
-3.81621
-3.81977
-3.82333
-3.82689
-3.83045
-3.83402
-3.83758
-3.84114
-3.84470
-3.84827
-3.85183
-3.85540
-3.85896
-3.86253
-3.86609
-3.86966
-3.87322
-3.87679
-3.88035
-3.88392
-3.88749
-3.89106
-3.89462
-3.89819
-3.90176
-3.90533
-3.90890
-3.91247
-3.91604
-3.91961
-3.92318
-3.92675
-3.93032
-3.93390
-3.93747
-3.94104
-3.94461
-3.94819
-3.95176
-3.95533
-3.95891
-3.96248
-3.96606
-3.96963
-3.97321
-3.97679
-3.98036
-3.98394
-3.98752
-3.99110
-3.99467
-3.99825
-4.00183
-4.00541
-4.00899
-4.01257
-4.01615
-4.01973
-4.02331
-4.02689
-4.03047
-4.03405
-4.03764
-4.04122
-4.04480
-4.04839
-4.05197
-4.05555
-4.05914
-4.06272
-4.06631
-4.06989
-4.07348
-4.07707
-4.08065
-4.08424
-4.08783
-4.09141
-4.09500
-4.09859
-4.10218
-4.10577
-4.10936
-4.11295
-4.11654
-4.12013
-4.12372
-4.12731
-4.13090
-4.13450
-4.13809
-4.14168
-4.14527
-4.14887
-4.15246
-4.15605
-4.15965
-4.16324
-4.16684
-4.17044
-4.17403
-4.17763
-4.18122
-4.18482
-4.18842
-4.19202
-4.19561
-4.19921
-4.20281
-4.20641
-4.21001
-4.21361
-4.21721
-4.22081
-4.22441
-4.22801
-4.23162
-4.23522
-4.23882
-4.24242
-4.24603
-4.24963
-4.25323
-4.25684
-4.26044
-4.26405
-4.26765
-4.27126
-4.27487
-4.27847
-4.28208
-4.28569
-4.28929
-4.29290
-4.29651
-4.30012
-4.30373
-4.30734
-4.31095
-4.31456
-4.31817
-4.32178
-4.32539
-4.32900
-4.33261
-4.33623
-4.33984
-4.34345
-4.34707
-4.35068
-4.35429
-4.35791
-4.36152
-4.36514
-4.36875
-4.37237
-4.37599
-4.37960
-4.38322
-4.38684
-4.39046
-4.39407
-4.39769
-4.40131
-4.40493
-4.40855
-4.41217
-4.41579
-4.41941
-4.42303
-4.42665
-4.43028
-4.43390
-4.43752
-4.44114
-4.44477
-4.44839
-4.45202
-4.45564
-4.45926
-4.46289
-4.46652
-4.47014
-4.47377
-4.47739
-4.48102
-4.48465
-4.48828
-4.49190
-4.49553
-4.49916
-4.50279
-4.50642
-4.51005
-4.51368
-4.51731
-4.52094
-4.52457
-4.52821
-4.53184
-4.53547
-4.53910
-4.54274
-4.54637
-4.55001
-4.55364
-4.55727
-4.56091
-4.56455
-4.56818
-4.57182
-4.57545
-4.57909
-4.58273
-4.58637
-4.59000
-4.59364
-4.59728
-4.60092
-4.60456
-4.60820
-4.61184
-4.61548
-4.61912
-4.62276
-4.62641
-4.63005
-4.63369
-4.63733
-4.64098
-4.64462
-4.64826
-4.65191
-4.65555
-4.65920
-4.66284
-4.66649
-4.67014
-4.67378
-4.67743
-4.68108
-4.68473
-4.68837
-4.69202
-4.69567
-4.69932
-4.70297
-4.70662
-4.71027
-4.71392
-4.71757
-4.72122
-4.72488
-4.72853
-4.73218
-4.73583
-4.73949
-4.74314
-4.74679
-4.75045
-4.75410
-4.75776
-4.76141
-4.76507
-4.76873
-4.77238
-4.77604
-4.77970
-4.78336
-4.78701
-4.79067
-4.79433
-4.79799
-4.80165
-4.80531
-4.80897
-4.81263
-4.81629
-4.81996
-4.82362
-4.82728
-4.83094
-4.83461
-4.83827
-4.84193
-4.84560
-4.84926
-4.85293
-4.85659
-4.86026
-4.86392
-4.86759
-4.87126
-4.87492
-4.87859
-4.88226
-4.88593
-4.88960
-4.89327
-4.89694
-4.90061
-4.90428
-4.90795
-4.91162
-4.91529
-4.91896
-4.92263
-4.92631
-4.92998
-4.93365
-4.93733
-4.94100
-4.94467
-4.94835
-4.95202
-4.95570
-4.95938
-4.96305
-4.96673
-4.97041
-4.97408
-4.97776
-4.98144
-4.98512
-4.98880
-4.99248
-4.99616
-4.99984
-5.00352
-5.00720
-5.01088
-5.01456
-5.01824
-5.02192
-5.02561
-5.02929
-5.03297
-5.03666
-5.04034
-5.04403
-5.04771
-5.05140
-5.05508
-5.05877
-5.06246
-5.06614
-5.06983
-5.07352
-5.07721
-5.08089
-5.08458
-5.08827
-5.09196
-5.09565
-5.09934
-5.10303
-5.10672
-5.11042
-5.11411
-5.11780
-5.12149
-5.12519
-5.12888
-5.13257
-5.13627
-5.13996
-5.14366
-5.14735
-5.15105
-5.15474
-5.15844
-5.16214
-5.16583
-5.16953
-5.17323
-5.17693
-5.18063
-5.18433
-5.18803
-5.19173
-5.19543
-5.19913
-5.20283
-5.20653
-5.21023
-5.21393
-5.21764
-5.22134
-5.22504
-5.22875
-5.23245
-5.23616
-5.23986
-5.24357
-5.24727
-5.25098
-5.25468
-5.25839
-5.26210
-5.26581
-5.26951
-5.27322
-5.27693
-5.28064
-5.28435
-5.28806
-5.29177
-5.29548
-5.29919
-5.30290
-5.30662
-5.31033
-5.31404
-5.31775
-5.32147
-5.32518
-5.32889
-5.33261
-5.33632
-5.34004
-5.34375
-5.34747
-5.35119
-5.35490
-5.35862
-5.36234
-5.36606
-5.36978
-5.37349
-5.37721
-5.38093
-5.38465
-5.38837
-5.39209
-5.39582
-5.39954
-5.40326
-5.40698
-5.41070
-5.41443
-5.41815
-5.42187
-5.42560
-5.42932
-5.43305
-5.43677
-5.44050
-5.44423
-5.44795
-5.45168
-5.45541
-5.45913
-5.46286
-5.46659
-5.47032
-5.47405
-5.47778
-5.48151
-5.48524
-5.48897
-5.49270
-5.49643
-5.50017
-5.50390
-5.50763
-5.51136
-5.51510
-5.51883
-5.52257
-5.52630
-5.53004
-5.53377
-5.53751
-5.54124
-5.54498
-5.54872
-5.55246
-5.55619
-5.55993
-5.56367
-5.56741
-5.57115
-5.57489
-5.57863
-5.58237
-5.58611
-5.58985
-5.59359
-5.59734
-5.60108
-5.60482
-5.60857
-5.61231
-5.61605
-5.61980
-5.62354
-5.62729
-5.63103
-5.63478
-5.63853
-5.64227
-5.64602
-5.64977
-5.65352
-5.65727
-5.66101
-5.66476
-5.66851
-5.67226
-5.67601
-5.67977
-5.68352
-5.68727
-5.69102
-5.69477
-5.69853
-5.70228
-5.70603
-5.70979
-5.71354
-5.71730
-5.72105
-5.72481
-5.72856
-5.73232
-5.73608
-5.73983
-5.74359
-5.74735
-5.75111
-5.75487
-5.75862
-5.76238
-5.76614
-5.76990
-5.77367
-5.77743
-5.78119
-5.78495
-5.78871
-5.79248
-5.79624
-5.80000
-5.80377
-5.80753
-5.81130
-5.81506
-5.81883
-5.82259
-5.82636
-5.83012
-5.83389
-5.83766
-5.84143
-5.84520
-5.84896
-5.85273
-5.85650
-5.86027
-5.86404
-5.86781
-5.87158
-5.87536
-5.87913
-5.88290
-5.88667
-5.89045
-5.89422
-5.89799
-5.90177
-5.90554
-5.90932
-5.91309
-5.91687
-5.92065
-5.92442
-5.92820
-5.93198
-5.93575
-5.93953
-5.94331
-5.94709
-5.95087
-5.95465
-5.95843
-5.96221
-5.96599
-5.96977
-5.97356
-5.97734
-5.98112
-5.98490
-5.98869
-5.99247
-5.99626
-6.00004
-6.00383
-6.00761
-6.01140
-6.01518
-6.01897
-6.02276
-6.02654
-6.03033
-6.03412
-6.03791
-6.04170
-6.04549
-6.04928
-6.05307
-6.05686
-6.06065
-6.06444
-6.06823
-6.07203
-6.07582
-6.07961
-6.08341
-6.08720
-6.09099
-6.09479
-6.09858
-6.10238
-6.10618
-6.10997
-6.11377
-6.11757
-6.12136
-6.12516
-6.12896
-6.13276
-6.13656
-6.14036
-6.14416
-6.14796
-6.15176
-6.15556
-6.15936
-6.16316
-6.16697
-6.17077
-6.17457
-6.17838
-6.18218
-6.18598
-6.18979
-6.19359
-6.19740
-6.20121
-6.20501
-6.20882
-6.21263
-6.21644
-6.22024
-6.22405
-6.22786
-6.23167
-6.23548
-6.23929
-6.24310
-6.24691
-6.25072
-6.25454
-6.25835
-6.26216
-6.26597
-6.26979
-6.27360
-6.27741
-6.28123
-6.28504
-6.28886
-6.29268
-6.29649
-6.30031
-6.30413
-6.30794
-6.31176
-6.31558
-6.31940
-6.32322
-6.32704
-6.33086
-6.33468
-6.33850
-6.34232
-6.34614
-6.34996
-6.35379
-6.35761
-6.36143
-6.36526
-6.36908
-6.37290
-6.37673
-6.38055
-6.38438
-6.38821
-6.39203
-6.39586
-6.39969
-6.40351
-6.40734
-6.41117
-6.41500
-6.41883
-6.42266
-6.42649
-6.43032
-6.43415
-6.43798
-6.44182
-6.44565
-6.44948
-6.45331
-6.45715
-6.46098
-6.46481
-6.46865
-6.47248
-6.47632
-6.48016
-6.48399
-6.48783
-6.49167
-6.49550
-6.49934
-6.50318
-6.50702
-6.51086
-6.51470
-6.51854
-6.52238
-6.52622
-6.53006
-6.53390
-6.53775
-6.54159
-6.54543
-6.54928
-6.55312
-6.55696
-6.56081
-6.56465
-6.56850
-6.57234
-6.57619
-6.58004
-6.58389
-6.58773
-6.59158
-6.59543
-6.59928
-6.60313
-6.60698
-6.61083
-6.61468
-6.61853
-6.62238
-6.62623
-6.63008
-6.63394
-6.63779
-6.64164
-6.64550
-6.64935
-6.65321
-6.65706
-6.66092
-6.66477
-6.66863
-6.67249
-6.67634
-6.68020
-6.68406
-6.68792
-6.69178
-6.69563
-6.69949
-6.70335
-6.70721
-6.71108
-6.71494
-6.71880
-6.72266
-6.72652
-6.73039
-6.73425
-6.73811
-6.74198
-6.74584
-6.74971
-6.75357
-6.75744
-6.76131
-6.76517
-6.76904
-6.77291
-6.77678
-6.78064
-6.78451
-6.78838
-6.79225
-6.79612
-6.79999
-6.80386
-6.80774
-6.81161
-6.81548
-6.81935
-6.82323
-6.82710
-6.83097
-6.83485
-6.83872
-6.84260
-6.84647
-6.85035
-6.85423
-6.85810
-6.86198
-6.86586
-6.86974
-6.87361
-6.87749
-6.88137
-6.88525
-6.88913
-6.89301
-6.89689
-6.90078
-6.90466
-6.90854
-6.91242
-6.91631
-6.92019
-6.92407
-6.92796
-6.93184
-6.93573
-6.93961
-6.94350
-6.94739
-6.95127
-6.95516
-6.95905
-6.96294
-6.96683
-6.97072
-6.97461
-6.97850
-6.98239
-6.98628
-6.99017
-6.99406
-6.99795
-7.00185
-7.00574
-7.00963
-7.01353
-7.01742
-7.02131
-7.02521
-7.02911
-7.03300
-7.03690
-7.04079
-7.04469
-7.04859
-7.05249
-7.05639
-7.06028
-7.06418
-7.06808
-7.07198
-7.07588
-7.07979
-7.08369
-7.08759
-7.09149
-7.09539
-7.09930
-7.10320
-7.10711
-7.11101
-7.11492
-7.11882
-7.12273
-7.12663
-7.13054
-7.13445
-7.13835
-7.14226
-7.14617
-7.15008
-7.15399
-7.15790
-7.16181
-7.16572
-7.16963
-7.17354
-7.17745
-7.18136
-7.18528
-7.18919
-7.19310
-7.19702
-7.20093
-7.20485
-7.20876
-7.21268
-7.21659
-7.22051
-7.22443
-7.22835
-7.23226
-7.23618
-7.24010
-7.24402
-7.24794
-7.25186
-7.25578
-7.25970
-7.26362
-7.26754
-7.27146
-7.27539
-7.27931
-7.28323
-7.28716
-7.29108
-7.29501
-7.29893
-7.30286
-7.30678
-7.31071
-7.31464
-7.31856
-7.32249
-7.32642
-7.33035
-7.33428
-7.33821
-7.34214
-7.34607
-7.35000
-7.35393
-7.35786
-7.36179
-7.36573
-7.36966
-7.37359
-7.37753
-7.38146
-7.38540
-7.38933
-7.39327
-7.39720
-7.40114
-7.40508
-7.40901
-7.41295
-7.41689
-7.42083
-7.42477
-7.42871
-7.43265
-7.43659
-7.44053
-7.44447
-7.44841
-7.45235
-7.45629
-7.46024
-7.46418
-7.46812
-7.47207
-7.47601
-7.47996
-7.48390
-7.48785
-7.49180
-7.49574
-7.49969
-7.50364
-7.50759
-7.51154
-7.51548
-7.51943
-7.52338
-7.52733
-7.53129
-7.53524
-7.53919
-7.54314
-7.54709
-7.55105
-7.55500
-7.55895
-7.56291
-7.56686
-7.57082
-7.57477
-7.57873
-7.58269
-7.58664
-7.59060
-7.59456
-7.59852
-7.60248
-7.60644
-7.61040
-7.61436
-7.61832
-7.62228
-7.62624
-7.63020
-7.63416
-7.63812
-7.64209
-7.64605
-7.65002
-7.65398
-7.65795
-7.66191
-7.66588
-7.66984
-7.67381
-7.67778
-7.68174
-7.68571
-7.68968
-7.69365
-7.69762
-7.70159
-7.70556
-7.70953
-7.71350
-7.71747
-7.72144
-7.72542
-7.72939
-7.73336
-7.73734
-7.74131
-7.74529
-7.74926
-7.75324
-7.75721
-7.76119
-7.76517
-7.76914
-7.77312
-7.77710
-7.78108
-7.78506
-7.78904
-7.79302
-7.79700
-7.80098
-7.80496
-7.80894
-7.81292
-7.81691
-7.82089
-7.82487
-7.82886
-7.83284
-7.83683
-7.84081
-7.84480
-7.84878
-7.85277
-7.85676
-7.86074
-7.86473
-7.86872
-7.87271
-7.87670
-7.88069
-7.88468
-7.88867
-7.89266
-7.89665
-7.90064
-7.90464
-7.90863
-7.91262
-7.91662
-7.92061
-7.92461
-7.92860
-7.93260
-7.93659
-7.94059
-7.94459
-7.94858
-7.95258
-7.95658
-7.96058
-7.96458
-7.96858
-7.97258
-7.97658
-7.98058
-7.98458
-7.98858
-7.99259
-7.99659
-8.00059
-8.00460
-8.00860
-8.01260
-8.01661
-8.02062
-8.02462
-8.02863
-8.03263
-8.03664
-8.04065
-8.04466
-8.04867
-8.05268
-8.05669
-8.06070
-8.06471
-8.06872
-8.07273
-8.07674
-8.08075
-8.08476
-8.08878
-8.09279
-8.09681
-8.10082
-8.10484
-8.10885
-8.11287
-8.11688
-8.12090
-8.12492
-8.12894
-8.13295
-8.13697
-8.14099
-8.14501
-8.14903
-8.15305
-8.15707
-8.16109
-8.16512
-8.16914
-8.17316
-8.17718
-8.18121
-8.18523
-8.18926
-8.19328
-8.19731
-8.20133
-8.20536
-8.20939
-8.21341
-8.21744
-8.22147
-8.22550
-8.22953
-8.23356
-8.23759
-8.24162
-8.24565
-8.24968
-8.25371
-8.25774
-8.26178
-8.26581
-8.26984
-8.27388
-8.27791
-8.28195
-8.28598
-8.29002
-8.29405
-8.29809
-8.30213
-8.30617
-8.31020
-8.31424
-8.31828
-8.32232
-8.32636
-8.33040
-8.33444
-8.33848
-8.34253
-8.34657
-8.35061
-8.35466
-8.35870
-8.36274
-8.36679
-8.37083
-8.37488
-8.37892
-8.38297
-8.38702
-8.39107
-8.39511
-8.39916
-8.40321
-8.40726
-8.41131
-8.41536
-8.41941
-8.42346
-8.42751
-8.43157
-8.43562
-8.43967
-8.44372
-8.44778
-8.45183
-8.45589
-8.45994
-8.46400
-8.46805
-8.47211
-8.47617
-8.48023
-8.48428
-8.48834
-8.49240
-8.49646
-8.50052
-8.50458
-8.50864
-8.51270
-8.51677
-8.52083
-8.52489
-8.52895
-8.53302
-8.53708
-8.54115
-8.54521
-8.54928
-8.55334
-8.55741
-8.56148
-8.56554
-8.56961
-8.57368
-8.57775
-8.58182
-8.58589
-8.58996
-8.59403
-8.59810
-8.60217
-8.60624
-8.61031
-8.61439
-8.61846
-8.62253
-8.62661
-8.63068
-8.63476
-8.63883
-8.64291
-8.64699
-8.65106
-8.65514
-8.65922
-8.66330
-8.66738
-8.67146
-8.67554
-8.67962
-8.68370
-8.68778
-8.69186
-8.69594
-8.70003
-8.70411
-8.70819
-8.71228
-8.71636
-8.72045
-8.72453
-8.72862
-8.73271
-8.73679
-8.74088
-8.74497
-8.74906
-8.75314
-8.75723
-8.76132
-8.76541
-8.76950
-8.77360
-8.77769
-8.78178
-8.78587
-8.78997
-8.79406
-8.79815
-8.80225
-8.80634
-8.81044
-8.81453
-8.81863
-8.82273
-8.82682
-8.83092
-8.83502
-8.83912
-8.84322
-8.84732
-8.85142
-8.85552
-8.85962
-8.86372
-8.86782
-8.87193
-8.87603
-8.88013
-8.88424
-8.88834
-8.89245
-8.89655
-8.90066
-8.90476
-8.90887
-8.91298
-8.91709
-8.92119
-8.92530
-8.92941
-8.93352
-8.93763
-8.94174
-8.94585
-8.94996
-8.95408
-8.95819
-8.96230
-8.96641
-8.97053
-8.97464
-8.97876
-8.98287
-8.98699
-8.99111
-8.99522
-8.99934
-9.00346
-9.00758
-9.01169
-9.01581
-9.01993
-9.02405
-9.02817
-9.03229
-9.03642
-9.04054
-9.04466
-9.04878
-9.05291
-9.05703
-9.06116
-9.06528
-9.06941
-9.07353
-9.07766
-9.08178
-9.08591
-9.09004
-9.09417
-9.09830
-9.10243
-9.10656
-9.11069
-9.11482
-9.11895
-9.12308
-9.12721
-9.13134
-9.13548
-9.13961
-9.14374
-9.14788
-9.15201
-9.15615
-9.16029
-9.16442
-9.16856
-9.17270
-9.17683
-9.18097
-9.18511
-9.18925
-9.19339
-9.19753
-9.20167
-9.20581
-9.20995
-9.21410
-9.21824
-9.22238
-9.22653
-9.23067
-9.23481
-9.23896
-9.24310
-9.24725
-9.25140
-9.25554
-9.25969
-9.26384
-9.26799
-9.27214
-9.27629
-9.28044
-9.28459
-9.28874
-9.29289
-9.29704
-9.30119
-9.30535
-9.30950
-9.31365
-9.31781
-9.32196
-9.32612
-9.33027
-9.33443
-9.33859
-9.34274
-9.34690
-9.35106
-9.35522
-9.35938
-9.36354
-9.36770
-9.37186
-9.37602
-9.38018
-9.38434
-9.38851
-9.39267
-9.39683
-9.40100
-9.40516
-9.40933
-9.41349
-9.41766
-9.42182
-9.42599
-9.43016
-9.43433
-9.43849
-9.44266
-9.44683
-9.45100
-9.45517
-9.45934
-9.46351
-9.46769
-9.47186
-9.47603
-9.48020
-9.48438
-9.48855
-9.49273
-9.49690
-9.50108
-9.50526
-9.50943
-9.51361
-9.51779
-9.52196
-9.52614
-9.53032
-9.53450
-9.53868
-9.54286
-9.54704
-9.55123
-9.55541
-9.55959
-9.56377
-9.56796
-9.57214
-9.57633
-9.58051
-9.58470
-9.58888
-9.59307
-9.59726
-9.60144
-9.60563
-9.60982
-9.61401
-9.61820
-9.62239
-9.62658
-9.63077
-9.63496
-9.63915
-9.64335
-9.64754
-9.65173
-9.65593
-9.66012
-9.66432
-9.66851
-9.67271
-9.67691
-9.68110
-9.68530
-9.68950
-9.69370
-9.69790
-9.70209
-9.70629
-9.71049
-9.71470
-9.71890
-9.72310
-9.72730
-9.73150
-9.73571
-9.73991
-9.74412
-9.74832
-9.75253
-9.75673
-9.76094
-9.76515
-9.76935
-9.77356
-9.77777
-9.78198
-9.78619
-9.79040
-9.79461
-9.79882
-9.80303
-9.80724
-9.81145
-9.81567
-9.81988
-9.82410
-9.82831
-9.83252
-9.83674
-9.84096
-9.84517
-9.84939
-9.85361
-9.85782
-9.86204
-9.86626
-9.87048
-9.87470
-9.87892
-9.88314
-9.88736
-9.89159
-9.89581
-9.90003
-9.90425
-9.90848
-9.91270
-9.91693
-9.92115
-9.92538
-9.92961
-9.93383
-9.93806
-9.94229
-9.94652
-9.95074
-9.95497
-9.95920
-9.96343
-9.96767
-9.97190
-9.97613
-9.98036
-9.98459
-9.98883
-9.99306
-9.99730
-10.00153
-10.00577
-10.01000
-10.01424
-10.01848
-10.02271
-10.02695
-10.03119
-10.03543
-10.03967
-10.04391
-10.04815
-10.05239
-10.05663
-10.06087
-10.06512
-10.06936
-10.07360
-10.07785
-10.08209
-10.08634
-10.09058
-10.09483
-10.09908
-10.10332
-10.10757
-10.11182
-10.11607
-10.12032
-10.12457
-10.12882
-10.13307
-10.13732
-10.14157
-10.14582
-10.15007
-10.15433
-10.15858
-10.16284
-10.16709
-10.17135
-10.17560
-10.17986
-10.18412
-10.18837
-10.19263
-10.19689
-10.20115
-10.20541
-10.20967
-10.21393
-10.21819
-10.22245
-10.22671
-10.23097
-10.23524
-10.23950
-10.24376
-10.24803
-10.25229
-10.25656
-10.26083
-10.26509
-10.26936
-10.27363
-10.27789
-10.28216
-10.28643
-10.29070
-10.29497
-10.29924
-10.30351
-10.30779
-10.31206
-10.31633
-10.32060
-10.32488
-10.32915
-10.33343
-10.33770
-10.34198
-10.34625
-10.35053
-10.35481
-10.35909
-10.36336
-10.36764
-10.37192
-10.37620
-10.38048
-10.38476
-10.38904
-10.39333
-10.39761
-10.40189
-10.40618
-10.41046
-10.41474
-10.41903
-10.42331
-10.42760
-10.43189
-10.43617
-10.44046
-10.44475
-10.44904
-10.45333
-10.45762
-10.46191
-10.46620
-10.47049
-10.47478
-10.47907
-10.48337
-10.48766
-10.49195
-10.49625
-10.50054
-10.50484
-10.50914
-10.51343
-10.51773
-10.52203
-10.52632
-10.53062
-10.53492
-10.53922
-10.54352
-10.54782
-10.55212
-10.55642
-10.56073
-10.56503
-10.56933
-10.57364
-10.57794
-10.58225
-10.58655
-10.59086
-10.59516
-10.59947
-10.60378
-10.60809
-10.61239
-10.61670
-10.62101
-10.62532
-10.62963
-10.63394
-10.63826
-10.64257
-10.64688
-10.65119
-10.65551
-10.65982
-10.66414
-10.66845
-10.67277
-10.67708
-10.68140
-10.68572
-10.69004
-10.69435
-10.69867
-10.70299
-10.70731
-10.71163
-10.71595
-10.72028
-10.72460
-10.72892
-10.73324
-10.73757
-10.74189
-10.74622
-10.75054
-10.75487
-10.75919
-10.76352
-10.76785
-10.77218
-10.77650
-10.78083
-10.78516
-10.78949
-10.79382
-10.79815
-10.80249
-10.80682
-10.81115
-10.81548
-10.81982
-10.82415
-10.82849
-10.83282
-10.83716
-10.84149
-10.84583
-10.85017
-10.85451
-10.85885
-10.86318
-10.86752
-10.87186
-10.87620
-10.88055
-10.88489
-10.88923
-10.89357
-10.89792
-10.90226
-10.90660
-10.91095
-10.91529
-10.91964
-10.92399
-10.92833
-10.93268
-10.93703
-10.94138
-10.94573
-10.95008
-10.95443
-10.95878
-10.96313
-10.96748
-10.97183
-10.97618
-10.98054
-10.98489
-10.98925
-10.99360
-10.99796
-11.00231
-11.00667
-11.01103
-11.01538
-11.01974
-11.02410
-11.02846
-11.03282
-11.03718
-11.04154
-11.04590
-11.05027
-11.05463
-11.05899
-11.06335
-11.06772
-11.07208
-11.07645
-11.08081
-11.08518
-11.08955
-11.09391
-11.09828
-11.10265
-11.10702
-11.11139
-11.11576
-11.12013
-11.12450
-11.12887
-11.13324
-11.13762
-11.14199
-11.14636
-11.15074
-11.15511
-11.15949
-11.16386
-11.16824
-11.17262
-11.17700
-11.18137
-11.18575
-11.19013
-11.19451
-11.19889
-11.20327
-11.20765
-11.21203
-11.21642
-11.22080
-11.22518
-11.22957
-11.23395
-11.23834
-11.24272
-11.24711
-11.25150
-11.25588
-11.26027
-11.26466
-11.26905
-11.27344
-11.27783
-11.28222
-11.28661
-11.29100
-11.29539
-11.29979
-11.30418
-11.30857
-11.31297
-11.31736
-11.32176
-11.32615
-11.33055
-11.33495
-11.33935
-11.34374
-11.34814
-11.35254
-11.35694
-11.36134
-11.36574
-11.37014
-11.37455
-11.37895
-11.38335
-11.38776
-11.39216
-11.39656
-11.40097
-11.40538
-11.40978
-11.41419
-11.41860
-11.42300
-11.42741
-11.43182
-11.43623
-11.44064
-11.44505
-11.44946
-11.45388
-11.45829
-11.46270
-11.46711
-11.47153
-11.47594
-11.48036
-11.48477
-11.48919
-11.49361
-11.49802
-11.50244
-11.50686
-11.51128
-11.51570
-11.52012
-11.52454
-11.52896
-11.53338
-11.53780
-11.54223
-11.54665
-11.55107
-11.55550
-11.55992
-11.56435
-11.56878
-11.57320
-11.57763
-11.58206
-11.58649
-11.59092
-11.59534
-11.59977
-11.60421
-11.60864
-11.61307
-11.61750
-11.62193
-11.62637
-11.63080
-11.63523
-11.63967
-11.64411
-11.64854
-11.65298
-11.65742
-11.66185
-11.66629
-11.67073
-11.67517
-11.67961
-11.68405
-11.68849
-11.69293
-11.69738
-11.70182
-11.70626
-11.71071
-11.71515
-11.71960
-11.72404
-11.72849
-11.73293
-11.73738
-11.74183
-11.74628
-11.75073
-11.75518
-11.75963
-11.76408
-11.76853
-11.77298
-11.77743
-11.78188
-11.78634
-11.79079
-11.79525
-11.79970
-11.80416
-11.80861
-11.81307
-11.81753
-11.82198
-11.82644
-11.83090
-11.83536
-11.83982
-11.84428
-11.84874
-11.85321
-11.85767
-11.86213
-11.86659
-11.87106
-11.87552
-11.87999
-11.88445
-11.88892
-11.89339
-11.89785
-11.90232
-11.90679
-11.91126
-11.91573
-11.92020
-11.92467
-11.92914
-11.93361
-11.93809
-11.94256
-11.94703
-11.95151
-11.95598
-11.96046
-11.96493
-11.96941
-11.97389
-11.97836
-11.98284
-11.98732
-11.99180
-11.99628
-12.00076
-12.00524
-12.00972
-12.01421
-12.01869
-12.02317
-12.02766
-12.03214
-12.03662
-12.04111
-12.04560
-12.05008
-12.05457
-12.05906
-12.06355
-12.06803
-12.07252
-12.07701
-12.08151
-12.08600
-12.09049
-12.09498
-12.09947
-12.10397
-12.10846
-12.11296
-12.11745
-12.12195
-12.12644
-12.13094
-12.13544
-12.13993
-12.14443
-12.14893
-12.15343
-12.15793
-12.16243
-12.16694
-12.17144
-12.17594
-12.18044
-12.18495
-12.18945
-12.19396
-12.19846
-12.20297
-12.20747
-12.21198
-12.21649
-12.22100
-12.22551
-12.23002
-12.23453
-12.23904
-12.24355
-12.24806
-12.25257
-12.25708
-12.26160
-12.26611
-12.27063
-12.27514
-12.27966
-12.28417
-12.28869
-12.29321
-12.29773
-12.30225
-12.30676
-12.31128
-12.31580
-12.32033
-12.32485
-12.32937
-12.33389
-12.33842
-12.34294
-12.34746
-12.35199
-12.35651
-12.36104
-12.36557
-12.37009
-12.37462
-12.37915
-12.38368
-12.38821
-12.39274
-12.39727
-12.40180
-12.40633
-12.41087
-12.41540
-12.41993
-12.42447
-12.42900
-12.43354
-12.43807
-12.44261
-12.44715
-12.45169
-12.45622
-12.46076
-12.46530
-12.46984
-12.47438
-12.47892
-12.48347
-12.48801
-12.49255
-12.49710
-12.50164
-12.50618
-12.51073
-12.51528
-12.51982
-12.52437
-12.52892
-12.53347
-12.53801
-12.54256
-12.54711
-12.55166
-12.55622
-12.56077
-12.56532
-12.56987
-12.57443
-12.57898
-12.58353
-12.58809
-12.59265
-12.59720
-12.60176
-12.60632
-12.61087
-12.61543
-12.61999
-12.62455
-12.62911
-12.63367
-12.63824
-12.64280
-12.64736
-12.65193
-12.65649
-12.66105
-12.66562
-12.67018
-12.67475
-12.67932
-12.68389
-12.68845
-12.69302
-12.69759
-12.70216
-12.70673
-12.71130
-12.71588
-12.72045
-12.72502
-12.72959
-12.73417
-12.73874
-12.74332
-12.74789
-12.75247
-12.75705
-12.76163
-12.76620
-12.77078
-12.77536
-12.77994
-12.78452
-12.78910
-12.79369
-12.79827
-12.80285
-12.80743
-12.81202
-12.81660
-12.82119
-12.82577
-12.83036
-12.83495
-12.83954
-12.84412
-12.84871
-12.85330
-12.85789
-12.86248
-12.86707
-12.87167
-12.87626
-12.88085
-12.88545
-12.89004
-12.89463
-12.89923
-12.90383
-12.90842
-12.91302
-12.91762
-12.92222
-12.92682
-12.93142
-12.93602
-12.94062
-12.94522
-12.94982
-12.95442
-12.95903
-12.96363
-12.96823
-12.97284
-12.97744
-12.98205
-12.98666
-12.99126
-12.99587
-13.00048
-13.00509
-13.00970
-13.01431
-13.01892
-13.02353
-13.02815
-13.03276
-13.03737
-13.04199
-13.04660
-13.05122
-13.05583
-13.06045
-13.06506
-13.06968
-13.07430
-13.07892
-13.08354
-13.08816
-13.09278
-13.09740
-13.10202
-13.10665
-13.11127
-13.11589
-13.12052
-13.12514
-13.12977
-13.13439
-13.13902
-13.14365
-13.14827
-13.15290
-13.15753
-13.16216
-13.16679
-13.17142
-13.17605
-13.18069
-13.18532
-13.18995
-13.19459
-13.19922
-13.20386
-13.20849
-13.21313
-13.21777
-13.22240
-13.22704
-13.23168
-13.23632
-13.24096
-13.24560
-13.25024
-13.25488
-13.25953
-13.26417
-13.26881
-13.27346
-13.27810
-13.28275
-13.28739
-13.29204
-13.29669
-13.30133
-13.30598
-13.31063
-13.31528
-13.31993
-13.32458
-13.32924
-13.33389
-13.33854
-13.34319
-13.34785
-13.35250
-13.35716
-13.36181
-13.36647
-13.37113
-13.37578
-13.38044
-13.38510
-13.38976
-13.39442
-13.39908
-13.40374
-13.40841
-13.41307
-13.41773
-13.42240
-13.42706
-13.43172
-13.43639
-13.44106
-13.44572
-13.45039
-13.45506
-13.45973
-13.46440
-13.46907
-13.47374
-13.47841
-13.48308
-13.48775
-13.49243
-13.49710
-13.50177
-13.50645
-13.51113
-13.51580
-13.52048
-13.52516
-13.52983
-13.53451
-13.53919
-13.54387
-13.54855
-13.55323
-13.55791
-13.56260
-13.56728
-13.57196
-13.57665
-13.58133
-13.58602
-13.59070
-13.59539
-13.60008
-13.60477
-13.60945
-13.61414
-13.61883
-13.62352
-13.62822
-13.63291
-13.63760
-13.64229
-13.64699
-13.65168
-13.65637
-13.66107
-13.66577
-13.67046
-13.67516
-13.67986
-13.68456
-13.68926
-13.69396
-13.69866
-13.70336
-13.70806
-13.71276
-13.71746
-13.72217
-13.72687
-13.73158
-13.73628
-13.74099
-13.74569
-13.75040
-13.75511
-13.75982
-13.76453
-13.76924
-13.77395
-13.77866
-13.78337
-13.78808
-13.79279
-13.79751
-13.80222
-13.80694
-13.81165
-13.81637
-13.82109
-13.82580
-13.83052
-13.83524
-13.83996
-13.84468
-13.84940
-13.85412
-13.85884
-13.86356
-13.86829
-13.87301
-13.87773
-13.88246
-13.88718
-13.89191
-13.89664
-13.90137
-13.90609
-13.91082
-13.91555
-13.92028
-13.92501
-13.92974
-13.93447
-13.93921
-13.94394
-13.94867
-13.95341
-13.95814
-13.96288
-13.96762
-13.97235
-13.97709
-13.98183
-13.98657
-13.99131
-13.99605
-14.00079
-14.00553
-14.01027
-14.01501
-14.01976
-14.02450
-14.02924
-14.03399
-14.03873
-14.04348
-14.04823
-14.05298
-14.05772
-14.06247
-14.06722
-14.07197
-14.07672
-14.08148
-14.08623
-14.09098
-14.09573
-14.10049
-14.10524
-14.11000
-14.11475
-14.11951
-14.12427
-14.12903
-14.13378
-14.13854
-14.14330
-14.14806
-14.15283
-14.15759
-14.16235
-14.16711
-14.17188
-14.17664
-14.18141
-14.18617
-14.19094
-14.19570
-14.20047
-14.20524
-14.21001
-14.21478
-14.21955
-14.22432
-14.22909
-14.23386
-14.23863
-14.24341
-14.24818
-14.25296
-14.25773
-14.26251
-14.26728
-14.27206
-14.27684
-14.28162
-14.28640
-14.29118
-14.29596
-14.30074
-14.30552
-14.31030
-14.31509
-14.31987
-14.32465
-14.32944
-14.33422
-14.33901
-14.34380
-14.34858
-14.35337
-14.35816
-14.36295
-14.36774
-14.37253
-14.37732
-14.38212
-14.38691
-14.39170
-14.39650
-14.40129
-14.40609
-14.41088
-14.41568
-14.42048
-14.42527
-14.43007
-14.43487
-14.43967
-14.44447
-14.44927
-14.45407
-14.45888
-14.46368
-14.46848
-14.47329
-14.47809
-14.48290
-14.48771
-14.49251
-14.49732
-14.50213
-14.50694
-14.51175
-14.51656
-14.52137
-14.52618
-14.53099
-14.53581
-14.54062
-14.54543
-14.55025
-14.55506
-14.55988
-14.56470
-14.56951
-14.57433
-14.57915
-14.58397
-14.58879
-14.59361
-14.59843
-14.60326
-14.60808
-14.61290
-14.61773
-14.62255
-14.62738
-14.63220
-14.63703
-14.64186
-14.64668
-14.65151
-14.65634
-14.66117
-14.66600
-14.67083
-14.67567
-14.68050
-14.68533
-14.69017
-14.69500
-14.69984
-14.70467
-14.70951
-14.71435
-14.71918
-14.72402
-14.72886
-14.73370
-14.73854
-14.74338
-14.74823
-14.75307
-14.75791
-14.76276
-14.76760
-14.77245
-14.77729
-14.78214
-14.78699
-14.79183
-14.79668
-14.80153
-14.80638
-14.81123
-14.81608
-14.82093
-14.82579
-14.83064
-14.83549
-14.84035
-14.84520
-14.85006
-14.85492
-14.85977
-14.86463
-14.86949
-14.87435
-14.87921
-14.88407
-14.88893
-14.89379
-14.89866
-14.90352
-14.90838
-14.91325
-14.91811
-14.92298
-14.92785
-14.93271
-14.93758
-14.94245
-14.94732
-14.95219
-14.95706
-14.96193
-14.96680
-14.97167
-14.97655
-14.98142
-14.98630
-14.99117
-14.99605
-15.00092
-15.00580
-15.01068
-15.01556
-15.02044
-15.02532
-15.03020
-15.03508
-15.03996
-15.04485
-15.04973
-15.05461
-15.05950
-15.06438
-15.06927
-15.07416
-15.07904
-15.08393
-15.08882
-15.09371
-15.09860
-15.10349
-15.10838
-15.11327
-15.11817
-15.12306
-15.12796
-15.13285
-15.13775
-15.14264
-15.14754
-15.15244
-15.15733
-15.16223
-15.16713
-15.17203
-15.17693
-15.18184
-15.18674
-15.19164
-15.19655
-15.20145
-15.20636
-15.21126
-15.21617
-15.22107
-15.22598
-15.23089
-15.23580
-15.24071
-15.24562
-15.25053
-15.25544
-15.26036
-15.26527
-15.27018
-15.27510
-15.28001
-15.28493
-15.28985
-15.29476
-15.29968
-15.30460
-15.30952
-15.31444
-15.31936
-15.32428
-15.32920
-15.33413
-15.33905
-15.34398
-15.34890
-15.35383
-15.35875
-15.36368
-15.36861
-15.37354
-15.37846
-15.38339
-15.38832
-15.39326
-15.39819
-15.40312
-15.40805
-15.41299
-15.41792
-15.42286
-15.42779
-15.43273
-15.43767
-15.44260
-15.44754
-15.45248
-15.45742
-15.46236
-15.46730
-15.47225
-15.47719
-15.48213
-15.48708
-15.49202
-15.49697
-15.50191
-15.50686
-15.51181
-15.51676
-15.52171
-15.52666
-15.53161
-15.53656
-15.54151
-15.54646
-15.55142
-15.55637
-15.56132
-15.56628
-15.57124
-15.57619
-15.58115
-15.58611
-15.59107
-15.59603
-15.60099
-15.60595
-15.61091
-15.61587
-15.62083
-15.62580
-15.63076
-15.63573
-15.64069
-15.64566
-15.65063
-15.65559
-15.66056
-15.66553
-15.67050
-15.67547
-15.68044
-15.68542
-15.69039
-15.69536
-15.70034
-15.70531
-15.71029
-15.71526
-15.72024
-15.72522
-15.73020
-15.73518
-15.74016
-15.74514
-15.75012
-15.75510
-15.76008
-15.76506
-15.77005
-15.77503
-15.78002
-15.78500
-15.78999
-15.79498
-15.79997
-15.80496
-15.80995
-15.81494
-15.81993
-15.82492
-15.82991
-15.83490
-15.83990
-15.84489
-15.84989
-15.85488
-15.85988
-15.86488
-15.86988
-15.87488
-15.87987
-15.88487
-15.88988
-15.89488
-15.89988
-15.90488
-15.90989
-15.91489
-15.91990
-15.92490
-15.92991
-15.93492
-15.93992
-15.94493
-15.94994
-15.95495
-15.95996
-15.96498
-15.96999
-15.97500
-15.98001
-15.98503
-15.99004
-15.99506
-16.00008
-16.00509
-16.01011
-16.01513
-16.02015
-16.02517
-16.03019
-16.03521
-16.04023
-16.04526
-16.05028
-16.05531
-16.06033
-16.06536
-16.07038
-16.07541
-16.08044
-16.08547
-16.09050
-16.09553
-16.10056
-16.10559
-16.11062
-16.11565
-16.12069
-16.12572
-16.13076
-16.13579
-16.14083
-16.14587
-16.15091
-16.15594
-16.16098
-16.16602
-16.17106
-16.17611
-16.18115
-16.18619
-16.19124
-16.19628
-16.20133
-16.20637
-16.21142
-16.21647
-16.22151
-16.22656
-16.23161
-16.23666
-16.24171
-16.24676
-16.25182
-16.25687
-16.26192
-16.26698
-16.27203
-16.27709
-16.28215
-16.28720
-16.29226
-16.29732
-16.30238
-16.30744
-16.31250
-16.31757
-16.32263
-16.32769
-16.33276
-16.33782
-16.34289
-16.34795
-16.35302
-16.35809
-16.36315
-16.36822
-16.37329
-16.37836
-16.38344
-16.38851
-16.39358
-16.39865
-16.40373
-16.40880
-16.41388
-16.41896
-16.42403
-16.42911
-16.43419
-16.43927
-16.44435
-16.44943
-16.45451
-16.45959
-16.46468
-16.46976
-16.47484
-16.47993
-16.48502
-16.49010
-16.49519
-16.50028
-16.50537
-16.51046
-16.51555
-16.52064
-16.52573
-16.53082
-16.53592
-16.54101
-16.54610
-16.55120
-16.55630
-16.56139
-16.56649
-16.57159
-16.57669
-16.58179
-16.58689
-16.59199
-16.59709
-16.60220
-16.60730
-16.61240
-16.61751
-16.62261
-16.62772
-16.63283
-16.63794
-16.64304
-16.64815
-16.65326
-16.65838
-16.66349
-16.66860
-16.67371
-16.67883
-16.68394
-16.68906
-16.69417
-16.69929
-16.70441
-16.70953
-16.71465
-16.71977
-16.72489
-16.73001
-16.73513
-16.74025
-16.74538
-16.75050
-16.75563
-16.76075
-16.76588
-16.77101
-16.77613
-16.78126
-16.78639
-16.79152
-16.79665
-16.80178
-16.80692
-16.81205
-16.81718
-16.82232
-16.82746
-16.83259
-16.83773
-16.84287
-16.84800
-16.85314
-16.85828
-16.86342
-16.86857
-16.87371
-16.87885
-16.88400
-16.88914
-16.89429
-16.89943
-16.90458
-16.90973
-16.91487
-16.92002
-16.92517
-16.93032
-16.93547
-16.94063
-16.94578
-16.95093
-16.95609
-16.96124
-16.96640
-16.97155
-16.97671
-16.98187
-16.98703
-16.99219
-16.99735
-17.00251
-17.00767
-17.01283
-17.01800
-17.02316
-17.02833
-17.03349
-17.03866
-17.04383
-17.04899
-17.05416
-17.05933
-17.06450
-17.06967
-17.07484
-17.08002
-17.08519
-17.09036
-17.09554
-17.10071
-17.10589
-17.11107
-17.11625
-17.12142
-17.12660
-17.13178
-17.13696
-17.14215
-17.14733
-17.15251
-17.15769
-17.16288
-17.16806
-17.17325
-17.17844
-17.18363
-17.18881
-17.19400
-17.19919
-17.20438
-17.20958
-17.21477
-17.21996
-17.22515
-17.23035
-17.23554
-17.24074
-17.24594
-17.25113
-17.25633
-17.26153
-17.26673
-17.27193
-17.27713
-17.28234
-17.28754
-17.29274
-17.29795
-17.30315
-17.30836
-17.31357
-17.31877
-17.32398
-17.32919
-17.33440
-17.33961
-17.34482
-17.35003
-17.35525
-17.36046
-17.36568
-17.37089
-17.37611
-17.38132
-17.38654
-17.39176
-17.39698
-17.40220
-17.40742
-17.41264
-17.41786
-17.42309
-17.42831
-17.43354
-17.43876
-17.44399
-17.44921
-17.45444
-17.45967
-17.46490
-17.47013
-17.47536
-17.48059
-17.48582
-17.49106
-17.49629
-17.50152
-17.50676
-17.51200
-17.51723
-17.52247
-17.52771
-17.53295
-17.53819
-17.54343
-17.54867
-17.55391
-17.55916
-17.56440
-17.56965
-17.57489
-17.58014
-17.58538
-17.59063
-17.59588
-17.60113
-17.60638
-17.61163
-17.61688
-17.62214
-17.62739
-17.63264
-17.63790
-17.64315
-17.64841
-17.65367
-17.65893
-17.66419
-17.66945
-17.67471
-17.67997
-17.68523
-17.69049
-17.69575
-17.70102
-17.70628
-17.71155
-17.71682
-17.72208
-17.72735
-17.73262
-17.73789
-17.74316
-17.74843
-17.75371
-17.75898
-17.76425
-17.76953
-17.77480
-17.78008
-17.78536
-17.79063
-17.79591
-17.80119
-17.80647
-17.81175
-17.81703
-17.82232
-17.82760
-17.83288
-17.83817
-17.84345
-17.84874
-17.85403
-17.85932
-17.86461
-17.86989
-17.87519
-17.88048
-17.88577
-17.89106
-17.89635
-17.90165
-17.90694
-17.91224
-17.91754
-17.92283
-17.92813
-17.93343
-17.93873
-17.94403
-17.94933
-17.95464
-17.95994
-17.96524
-17.97055
-17.97585
-17.98116
-17.98647
-17.99178
-17.99708
-18.00239
-18.00770
-18.01302
-18.01833
-18.02364
-18.02895
-18.03427
-18.03958
-18.04490
-18.05022
-18.05553
-18.06085
-18.06617
-18.07149
-18.07681
-18.08213
-18.08746
-18.09278
-18.09810
-18.10343
-18.10875
-18.11408
-18.11941
-18.12474
-18.13006
-18.13539
-18.14072
-18.14606
-18.15139
-18.15672
-18.16205
-18.16739
-18.17272
-18.17806
-18.18340
-18.18873
-18.19407
-18.19941
-18.20475
-18.21009
-18.21544
-18.22078
-18.22612
-18.23147
-18.23681
-18.24216
-18.24750
-18.25285
-18.25820
-18.26355
-18.26890
-18.27425
-18.27960
-18.28495
-18.29030
-18.29566
-18.30101
-18.30637
-18.31173
-18.31708
-18.32244
-18.32780
-18.33316
-18.33852
-18.34388
-18.34924
-18.35461
-18.35997
-18.36533
-18.37070
-18.37607
-18.38143
-18.38680
-18.39217
-18.39754
-18.40291
-18.40828
-18.41365
-18.41902
-18.42440
-18.42977
-18.43515
-18.44052
-18.44590
-18.45128
-18.45666
-18.46204
-18.46742
-18.47280
-18.47818
-18.48356
-18.48894
-18.49433
-18.49971
-18.50510
-18.51049
-18.51587
-18.52126
-18.52665
-18.53204
-18.53743
-18.54282
-18.54822
-18.55361
-18.55900
-18.56440
-18.56979
-18.57519
-18.58059
-18.58599
-18.59139
-18.59679
-18.60219
-18.60759
-18.61299
-18.61839
-18.62380
-18.62920
-18.63461
-18.64001
-18.64542
-18.65083
-18.65624
-18.66165
-18.66706
-18.67247
-18.67788
-18.68330
-18.68871
-18.69413
-18.69954
-18.70496
-18.71037
-18.71579
-18.72121
-18.72663
-18.73205
-18.73747
-18.74290
-18.74832
-18.75374
-18.75917
-18.76459
-18.77002
-18.77545
-18.78088
-18.78631
-18.79174
-18.79717
-18.80260
-18.80803
-18.81346
-18.81890
-18.82433
-18.82977
-18.83520
-18.84064
-18.84608
-18.85152
-18.85696
-18.86240
-18.86784
-18.87328
-18.87873
-18.88417
-18.88962
-18.89506
-18.90051
-18.90596
-18.91140
-18.91685
-18.92230
-18.92775
-18.93321
-18.93866
-18.94411
-18.94957
-18.95502
-18.96048
-18.96593
-18.97139
-18.97685
-18.98231
-18.98777
-18.99323
-18.99869
-19.00416
-19.00962
-19.01508
-19.02055
-19.02602
-19.03148
-19.03695
-19.04242
-19.04789
-19.05336
-19.05883
-19.06430
-19.06978
-19.07525
-19.08072
-19.08620
-19.09168
-19.09715
-19.10263
-19.10811
-19.11359
-19.11907
-19.12455
-19.13003
-19.13552
-19.14100
-19.14649
-19.15197
-19.15746
-19.16295
-19.16843
-19.17392
-19.17941
-19.18490
-19.19040
-19.19589
-19.20138
-19.20688
-19.21237
-19.21787
-19.22336
-19.22886
-19.23436
-19.23986
-19.24536
-19.25086
-19.25636
-19.26187
-19.26737
-19.27287
-19.27838
-19.28389
-19.28939
-19.29490
-19.30041
-19.30592
-19.31143
-19.31694
-19.32245
-19.32797
-19.33348
-19.33900
-19.34451
-19.35003
-19.35555
-19.36106
-19.36658
-19.37210
-19.37763
-19.38315
-19.38867
-19.39419
-19.39972
-19.40524
-19.41077
-19.41630
-19.42182
-19.42735
-19.43288
-19.43841
-19.44394
-19.44948
-19.45501
-19.46054
-19.46608
-19.47162
-19.47715
-19.48269
-19.48823
-19.49377
-19.49931
-19.50485
-19.51039
-19.51593
-19.52148
-19.52702
-19.53257
-19.53811
-19.54366
-19.54921
-19.55476
-19.56031
-19.56586
-19.57141
-19.57696
-19.58251
-19.58807
-19.59362
-19.59918
-19.60474
-19.61029
-19.61585
-19.62141
-19.62697
-19.63253
-19.63809
-19.64366
-19.64922
-19.65479
-19.66035
-19.66592
-19.67149
-19.67705
-19.68262
-19.68819
-19.69376
-19.69934
-19.70491
-19.71048
-19.71606
-19.72163
-19.72721
-19.73278
-19.73836
-19.74394
-19.74952
-19.75510
-19.76068
-19.76626
-19.77185
-19.77743
-19.78302
-19.78860
-19.79419
-19.79978
-19.80537
-19.81096
-19.81655
-19.82214
-19.82773
-19.83332
-19.83892
-19.84451
-19.85011
-19.85570
-19.86130
-19.86690
-19.87250
-19.87810
-19.88370
-19.88930
-19.89490
-19.90051
-19.90611
-19.91172
-19.91732
-19.92293
-19.92854
-19.93415
-19.93976
-19.94537
-19.95098
-19.95659
-19.96221
-19.96782
-19.97344
-19.97905
-19.98467
-19.99029
-19.99591
-20.00153
-20.00715
-20.01277
-20.01839
-20.02401
-20.02964
-20.03526
-20.04089
-20.04652
-20.05214
-20.05777
-20.06340
-20.06903
-20.07467
-20.08030
-20.08593
-20.09157
-20.09720
-20.10284
-20.10847
-20.11411
-20.11975
-20.12539
-20.13103
-20.13667
-20.14231
-20.14796
-20.15360
-20.15925
-20.16489
-20.17054
-20.17619
-20.18184
-20.18749
-20.19314
-20.19879
-20.20444
-20.21009
-20.21575
-20.22140
-20.22706
-20.23271
-20.23837
-20.24403
-20.24969
-20.25535
-20.26101
-20.26667
-20.27234
-20.27800
-20.28367
-20.28933
-20.29500
-20.30067
-20.30634
-20.31201
-20.31768
-20.32335
-20.32902
-20.33469
-20.34037
-20.34604
-20.35172
-20.35740
-20.36307
-20.36875
-20.37443
-20.38011
-20.38580
-20.39148
-20.39716
-20.40285
-20.40853
-20.41422
-20.41990
-20.42559
-20.43128
-20.43697
-20.44266
-20.44835
-20.45405
-20.45974
-20.46543
-20.47113
-20.47682
-20.48252
-20.48822
-20.49392
-20.49962
-20.50532
-20.51102
-20.51672
-20.52243
-20.52813
-20.53384
-20.53954
-20.54525
-20.55096
-20.55667
-20.56238
-20.56809
-20.57380
-20.57952
-20.58523
-20.59094
-20.59666
-20.60238
-20.60809
-20.61381
-20.61953
-20.62525
-20.63097
-20.63670
-20.64242
-20.64814
-20.65387
-20.65960
-20.66532
-20.67105
-20.67678
-20.68251
-20.68824
-20.69397
-20.69970
-20.70544
-20.71117
-20.71691
-20.72264
-20.72838
-20.73412
-20.73986
-20.74560
-20.75134
-20.75708
-20.76282
-20.76857
-20.77431
-20.78006
-20.78580
-20.79155
-20.79730
-20.80305
-20.80880
-20.81455
-20.82030
-20.82606
-20.83181
-20.83756
-20.84332
-20.84908
-20.85484
-20.86059
-20.86635
-20.87211
-20.87788
-20.88364
-20.88940
-20.89517
-20.90093
-20.90670
-20.91247
-20.91823
-20.92400
-20.92977
-20.93555
-20.94132
-20.94709
-20.95286
-20.95864
-20.96441
-20.97019
-20.97597
-20.98175
-20.98753
-20.99331
-20.99909
-21.00487
-21.01066
-21.01644
-21.02223
-21.02801
-21.03380
-21.03959
-21.04538
-21.05117
-21.05696
-21.06275
-21.06854
-21.07434
-21.08013
-21.08593
-21.09172
-21.09752
-21.10332
-21.10912
-21.11492
-21.12072
-21.12653
-21.13233
-21.13813
-21.14394
-21.14975
-21.15555
-21.16136
-21.16717
-21.17298
-21.17879
-21.18460
-21.19042
-21.19623
-21.20205
-21.20786
-21.21368
-21.21950
-21.22532
-21.23114
-21.23696
-21.24278
-21.24860
-21.25443
-21.26025
-21.26608
-21.27190
-21.27773
-21.28356
-21.28939
-21.29522
-21.30105
-21.30688
-21.31272
-21.31855
-21.32439
-21.33022
-21.33606
-21.34190
-21.34774
-21.35358
-21.35942
-21.36526
-21.37110
-21.37695
-21.38279
-21.38864
-21.39449
-21.40033
-21.40618
-21.41203
-21.41788
-21.42374
-21.42959
-21.43544
-21.44130
-21.44715
-21.45301
-21.45887
-21.46473
-21.47059
-21.47645
-21.48231
-21.48817
-21.49403
-21.49990
-21.50576
-21.51163
-21.51750
-21.52337
-21.52924
-21.53511
-21.54098
-21.54685
-21.55272
-21.55860
-21.56447
-21.57035
-21.57623
-21.58211
-21.58799
-21.59387
-21.59975
-21.60563
-21.61151
-21.61740
-21.62328
-21.62917
-21.63506
-21.64094
-21.64683
-21.65272
-21.65861
-21.66451
-21.67040
-21.67629
-21.68219
-21.68809
-21.69398
-21.69988
-21.70578
-21.71168
-21.71758
-21.72348
-21.72939
-21.73529
-21.74120
-21.74710
-21.75301
-21.75892
-21.76483
-21.77074
-21.77665
-21.78256
-21.78847
-21.79439
-21.80030
-21.80622
-21.81213
-21.81805
-21.82397
-21.82989
-21.83581
-21.84173
-21.84766
-21.85358
-21.85951
-21.86543
-21.87136
-21.87729
-21.88321
-21.88914
-21.89508
-21.90101
-21.90694
-21.91287
-21.91881
-21.92475
-21.93068
-21.93662
-21.94256
-21.94850
-21.95444
-21.96038
-21.96633
-21.97227
-21.97822
-21.98416
-21.99011
-21.99606
-22.00201
-22.00796
-22.01391
-22.01986
-22.02581
-22.03177
-22.03772
-22.04368
-22.04963
-22.05559
-22.06155
-22.06751
-22.07347
-22.07944
-22.08540
-22.09136
-22.09733
-22.10329
-22.10926
-22.11523
-22.12120
-22.12717
-22.13314
-22.13911
-22.14509
-22.15106
-22.15704
-22.16301
-22.16899
-22.17497
-22.18095
-22.18693
-22.19291
-22.19889
-22.20488
-22.21086
-22.21685
-22.22283
-22.22882
-22.23481
-22.24080
-22.24679
-22.25278
-22.25877
-22.26477
-22.27076
-22.27676
-22.28276
-22.28875
-22.29475
-22.30075
-22.30675
-22.31276
-22.31876
-22.32476
-22.33077
-22.33677
-22.34278
-22.34879
-22.35480
-22.36081
-22.36682
-22.37283
-22.37885
-22.38486
-22.39088
-22.39689
-22.40291
-22.40893
-22.41495
-22.42097
-22.42699
-22.43301
-22.43904
-22.44506
-22.45109
-22.45711
-22.46314
-22.46917
-22.47520
-22.48123
-22.48726
-22.49329
-22.49933
-22.50536
-22.51140
-22.51744
-22.52347
-22.52951
-22.53555
-22.54160
-22.54764
-22.55368
-22.55973
-22.56577
-22.57182
-22.57787
-22.58391
-22.58996
-22.59601
-22.60207
-22.60812
-22.61417
-22.62023
-22.62628
-22.63234
-22.63840
-22.64446
-22.65052
-22.65658
-22.66264
-22.66870
-22.67477
-22.68083
-22.68690
-22.69297
-22.69904
-22.70510
-22.71118
-22.71725
-22.72332
-22.72939
-22.73547
-22.74154
-22.74762
-22.75370
-22.75978
-22.76586
-22.77194
-22.77802
-22.78410
-22.79019
-22.79627
-22.80236
-22.80845
-22.81454
-22.82063
-22.82672
-22.83281
-22.83890
-22.84499
-22.85109
-22.85718
-22.86328
-22.86938
-22.87548
-22.88158
-22.88768
-22.89378
-22.89989
-22.90599
-22.91210
-22.91820
-22.92431
-22.93042
-22.93653
-22.94264
-22.94875
-22.95486
-22.96098
-22.96709
-22.97321
-22.97933
-22.98544
-22.99156
-22.99768
-23.00380
-23.00993
-23.01605
-23.02218
-23.02830
-23.03443
-23.04056
-23.04668
-23.05281
-23.05895
-23.06508
-23.07121
-23.07735
-23.08348
-23.08962
-23.09575
-23.10189
-23.10803
-23.11417
-23.12032
-23.12646
-23.13260
-23.13875
-23.14489
-23.15104
-23.15719
-23.16334
-23.16949
-23.17564
-23.18179
-23.18795
-23.19410
-23.20026
-23.20641
-23.21257
-23.21873
-23.22489
-23.23105
-23.23721
-23.24338
-23.24954
-23.25571
-23.26187
-23.26804
-23.27421
-23.28038
-23.28655
-23.29272
-23.29890
-23.30507
-23.31125
-23.31742
-23.32360
-23.32978
-23.33596
-23.34214
-23.34832
-23.35450
-23.36069
-23.36687
-23.37306
-23.37925
-23.38544
-23.39163
-23.39782
-23.40401
-23.41020
-23.41639
-23.42259
-23.42879
-23.43498
-23.44118
-23.44738
-23.45358
-23.45978
-23.46599
-23.47219
-23.47839
-23.48460
-23.49081
-23.49702
-23.50322
-23.50943
-23.51565
-23.52186
-23.52807
-23.53429
-23.54050
-23.54672
-23.55294
-23.55916
-23.56538
-23.57160
-23.57782
-23.58404
-23.59027
-23.59650
-23.60272
-23.60895
-23.61518
-23.62141
-23.62764
-23.63387
-23.64011
-23.64634
-23.65258
-23.65881
-23.66505
-23.67129
-23.67753
-23.68377
-23.69002
-23.69626
-23.70250
-23.70875
-23.71500
-23.72124
-23.72749
-23.73374
-23.74000
-23.74625
-23.75250
-23.75876
-23.76501
-23.77127
-23.77753
-23.78379
-23.79005
-23.79631
-23.80257
-23.80883
-23.81510
-23.82136
-23.82763
-23.83390
-23.84017
-23.84644
-23.85271
-23.85898
-23.86526
-23.87153
-23.87781
-23.88409
-23.89036
-23.89664
-23.90292
-23.90921
-23.91549
-23.92177
-23.92806
-23.93434
-23.94063
-23.94692
-23.95321
-23.95950
-23.96579
-23.97208
-23.97838
-23.98467
-23.99097
-23.99727
-24.00357
-24.00987
-24.01617
-24.02247
-24.02877
-24.03508
-24.04138
-24.04769
-24.05399
-24.06030
-24.06661
-24.07292
-24.07924
-24.08555
-24.09186
-24.09818
-24.10450
-24.11081
-24.11713
-24.12345
-24.12978
-24.13610
-24.14242
-24.14875
-24.15507
-24.16140
-24.16773
-24.17406
-24.18039
-24.18672
-24.19305
-24.19939
-24.20572
-24.21206
-24.21839
-24.22473
-24.23107
-24.23741
-24.24375
-24.25010
-24.25644
-24.26279
-24.26913
-24.27548
-24.28183
-24.28818
-24.29453
-24.30088
-24.30724
-24.31359
-24.31995
-24.32630
-24.33266
-24.33902
-24.34538
-24.35174
-24.35811
-24.36447
-24.37084
-24.37720
-24.38357
-24.38994
-24.39631
-24.40268
-24.40905
-24.41542
-24.42180
-24.42817
-24.43455
-24.44093
-24.44731
-24.45369
-24.46007
-24.46645
-24.47283
-24.47922
-24.48560
-24.49199
-24.49838
-24.50477
-24.51116
-24.51755
-24.52394
-24.53034
-24.53673
-24.54313
-24.54953
-24.55593
-24.56232
-24.56873
-24.57513
-24.58153
-24.58794
-24.59434
-24.60075
-24.60716
-24.61357
-24.61998
-24.62639
-24.63280
-24.63922
-24.64563
-24.65205
-24.65846
-24.66488
-24.67130
-24.67772
-24.68415
-24.69057
-24.69699
-24.70342
-24.70985
-24.71627
-24.72270
-24.72913
-24.73557
-24.74200
-24.74843
-24.75487
-24.76130
-24.76774
-24.77418
-24.78062
-24.78706
-24.79350
-24.79995
-24.80639
-24.81284
-24.81929
-24.82573
-24.83218
-24.83863
-24.84509
-24.85154
-24.85799
-24.86445
-24.87090
-24.87736
-24.88382
-24.89028
-24.89674
-24.90321
-24.90967
-24.91613
-24.92260
-24.92907
-24.93554
-24.94201
-24.94848
-24.95495
-24.96142
-24.96790
-24.97437
-24.98085
-24.98733
-24.99381
-25.00029
-25.00677
-25.01325
-25.01974
-25.02622
-25.03271
-25.03919
-25.04568
-25.05217
-25.05867
-25.06516
-25.07165
-25.07815
-25.08464
-25.09114
-25.09764
-25.10414
-25.11064
-25.11714
-25.12364
-25.13015
-25.13666
-25.14316
-25.14967
-25.15618
-25.16269
-25.16920
-25.17572
-25.18223
-25.18875
-25.19526
-25.20178
-25.20830
-25.21482
-25.22134
-25.22786
-25.23439
-25.24091
-25.24744
-25.25397
-25.26050
-25.26703
-25.27356
-25.28009
-25.28662
-25.29316
-25.29969
-25.30623
-25.31277
-25.31931
-25.32585
-25.33239
-25.33894
-25.34548
-25.35203
-25.35858
-25.36512
-25.37167
-25.37822
-25.38478
-25.39133
-25.39788
-25.40444
-25.41100
-25.41756
-25.42411
-25.43068
-25.43724
-25.44380
-25.45036
-25.45693
-25.46350
-25.47007
-25.47663
-25.48321
-25.48978
-25.49635
-25.50292
-25.50950
-25.51608
-25.52265
-25.52923
-25.53581
-25.54240
-25.54898
-25.55556
-25.56215
-25.56874
-25.57532
-25.58191
-25.58850
-25.59509
-25.60169
-25.60828
-25.61488
-25.62147
-25.62807
-25.63467
-25.64127
-25.64787
-25.65448
-25.66108
-25.66768
-25.67429
-25.68090
-25.68751
-25.69412
-25.70073
-25.70734
-25.71396
-25.72057
-25.72719
-25.73381
-25.74043
-25.74705
-25.75367
-25.76029
-25.76691
-25.77354
-25.78017
-25.78679
-25.79342
-25.80005
-25.80669
-25.81332
-25.81995
-25.82659
-25.83322
-25.83986
-25.84650
-25.85314
-25.85978
-25.86643
-25.87307
-25.87972
-25.88636
-25.89301
-25.89966
-25.90631
-25.91296
-25.91962
-25.92627
-25.93293
-25.93958
-25.94624
-25.95290
-25.95956
-25.96622
-25.97289
-25.97955
-25.98622
-25.99288
-25.99955
-26.00622
-26.01289
-26.01957
-26.02624
-26.03291
-26.03959
-26.04627
-26.05294
-26.05962
-26.06631
-26.07299
-26.07967
-26.08636
-26.09304
-26.09973
-26.10642
-26.11311
-26.11980
-26.12649
-26.13319
-26.13988
-26.14658
-26.15328
-26.15998
-26.16668
-26.17338
-26.18008
-26.18678
-26.19349
-26.20020
-26.20690
-26.21361
-26.22032
-26.22704
-26.23375
-26.24046
-26.24718
-26.25390
-26.26061
-26.26733
-26.27406
-26.28078
-26.28750
-26.29423
-26.30095
-26.30768
-26.31441
-26.32114
-26.32787
-26.33460
-26.34134
-26.34807
-26.35481
-26.36154
-26.36828
-26.37502
-26.38177
-26.38851
-26.39525
-26.40200
-26.40875
-26.41549
-26.42224
-26.42899
-26.43575
-26.44250
-26.44925
-26.45601
-26.46277
-26.46953
-26.47629
-26.48305
-26.48981
-26.49657
-26.50334
-26.51011
-26.51687
-26.52364
-26.53041
-26.53718
-26.54396
-26.55073
-26.55751
-26.56428
-26.57106
-26.57784
-26.58462
-26.59141
-26.59819
-26.60497
-26.61176
-26.61855
-26.62534
-26.63213
-26.63892
-26.64571
-26.65250
-26.65930
-26.66610
-26.67290
-26.67969
-26.68650
-26.69330
-26.70010
-26.70691
-26.71371
-26.72052
-26.72733
-26.73414
-26.74095
-26.74776
-26.75458
-26.76139
-26.76821
-26.77503
-26.78184
-26.78867
-26.79549
-26.80231
-26.80914
-26.81596
-26.82279
-26.82962
-26.83645
-26.84328
-26.85011
-26.85695
-26.86378
-26.87062
-26.87746
-26.88429
-26.89114
-26.89798
-26.90482
-26.91167
-26.91851
-26.92536
-26.93221
-26.93906
-26.94591
-26.95276
-26.95962
-26.96647
-26.97333
-26.98019
-26.98705
-26.99391
-27.00077
-27.00763
-27.01450
-27.02136
-27.02823
-27.03510
-27.04197
-27.04884
-27.05572
-27.06259
-27.06947
-27.07634
-27.08322
-27.09010
-27.09698
-27.10386
-27.11075
-27.11763
-27.12452
-27.13141
-27.13830
-27.14519
-27.15208
-27.15897
-27.16587
-27.17276
-27.17966
-27.18656
-27.19346
-27.20036
-27.20726
-27.21417
-27.22107
-27.22798
-27.23489
-27.24180
-27.24871
-27.25562
-27.26254
-27.26945
-27.27637
-27.28329
-27.29021
-27.29713
-27.30405
-27.31097
-27.31790
-27.32482
-27.33175
-27.33868
-27.34561
-27.35254
-27.35947
-27.36641
-27.37335
-27.38028
-27.38722
-27.39416
-27.40110
-27.40804
-27.41499
-27.42193
-27.42888
-27.43583
-27.44278
-27.44973
-27.45668
-27.46364
-27.47059
-27.47755
-27.48451
-27.49147
-27.49843
-27.50539
-27.51235
-27.51932
-27.52628
-27.53325
-27.54022
-27.54719
-27.55416
-27.56114
-27.56811
-27.57509
-27.58206
-27.58904
-27.59602
-27.60300
-27.60999
-27.61697
-27.62396
-27.63094
-27.63793
-27.64492
-27.65191
-27.65891
-27.66590
-27.67290
-27.67989
-27.68689
-27.69389
-27.70089
-27.70790
-27.71490
-27.72191
-27.72891
-27.73592
-27.74293
-27.74994
-27.75695
-27.76397
-27.77098
-27.77800
-27.78502
-27.79204
-27.79906
-27.80608
-27.81310
-27.82013
-27.82716
-27.83418
-27.84121
-27.84824
-27.85528
-27.86231
-27.86935
-27.87638
-27.88342
-27.89046
-27.89750
-27.90454
-27.91159
-27.91863
-27.92568
-27.93273
-27.93978
-27.94683
-27.95388
-27.96093
-27.96799
-27.97504
-27.98210
-27.98916
-27.99622
-28.00328
-28.01035
-28.01741
-28.02448
-28.03155
-28.03862
-28.04569
-28.05276
-28.05983
-28.06691
-28.07398
-28.08106
-28.08814
-28.09522
-28.10230
-28.10939
-28.11647
-28.12356
-28.13065
-28.13774
-28.14483
-28.15192
-28.15901
-28.16611
-28.17321
-28.18030
-28.18740
-28.19450
-28.20161
-28.20871
-28.21582
-28.22292
-28.23003
-28.23714
-28.24425
-28.25136
-28.25848
-28.26559
-28.27271
-28.27983
-28.28695
-28.29407
-28.30119
-28.30832
-28.31544
-28.32257
-28.32970
-28.33683
-28.34396
-28.35109
-28.35823
-28.36536
-28.37250
-28.37964
-28.38678
-28.39392
-28.40106
-28.40821
-28.41536
-28.42250
-28.42965
-28.43680
-28.44395
-28.45111
-28.45826
-28.46542
-28.47258
-28.47974
-28.48690
-28.49406
-28.50122
-28.50839
-28.51556
-28.52272
-28.52989
-28.53706
-28.54424
-28.55141
-28.55859
-28.56576
-28.57294
-28.58012
-28.58730
-28.59449
-28.60167
-28.60886
-28.61604
-28.62323
-28.63042
-28.63761
-28.64481
-28.65200
-28.65920
-28.66640
-28.67360
-28.68080
-28.68800
-28.69520
-28.70241
-28.70961
-28.71682
-28.72403
-28.73124
-28.73846
-28.74567
-28.75289
-28.76010
-28.76732
-28.77454
-28.78176
-28.78899
-28.79621
-28.80344
-28.81067
-28.81789
-28.82512
-28.83236
-28.83959
-28.84683
-28.85406
-28.86130
-28.86854
-28.87578
-28.88302
-28.89027
-28.89751
-28.90476
-28.91201
-28.91926
-28.92651
-28.93376
-28.94102
-28.94828
-28.95553
-28.96279
-28.97005
-28.97732
-28.98458
-28.99184
-28.99911
-29.00638
-29.01365
-29.02092
-29.02819
-29.03547
-29.04274
-29.05002
-29.05730
-29.06458
-29.07186
-29.07915
-29.08643
-29.09372
-29.10101
-29.10830
-29.11559
-29.12288
-29.13017
-29.13747
-29.14477
-29.15206
-29.15937
-29.16667
-29.17397
-29.18128
-29.18858
-29.19589
-29.20320
-29.21051
-29.21782
-29.22514
-29.23245
-29.23977
-29.24709
-29.25441
-29.26173
-29.26905
-29.27638
-29.28370
-29.29103
-29.29836
-29.30569
-29.31303
-29.32036
-29.32770
-29.33503
-29.34237
-29.34971
-29.35705
-29.36440
-29.37174
-29.37909
-29.38644
-29.39379
-29.40114
-29.40849
-29.41584
-29.42320
-29.43056
-29.43792
-29.44528
-29.45264
-29.46000
-29.46737
-29.47473
-29.48210
-29.48947
-29.49684
-29.50422
-29.51159
-29.51897
-29.52634
-29.53372
-29.54110
-29.54849
-29.55587
-29.56326
-29.57064
-29.57803
-29.58542
-29.59281
-29.60021
-29.60760
-29.61500
-29.62240
-29.62980
-29.63720
-29.64460
-29.65200
-29.65941
-29.66682
-29.67423
-29.68164
-29.68905
-29.69646
-29.70388
-29.71129
-29.71871
-29.72613
-29.73355
-29.74098
-29.74840
-29.75583
-29.76326
-29.77069
-29.77812
-29.78555
-29.79298
-29.80042
-29.80786
-29.81530
-29.82274
-29.83018
-29.83762
-29.84507
-29.85252
-29.85996
-29.86742
-29.87487
-29.88232
-29.88978
-29.89723
-29.90469
-29.91215
-29.91961
-29.92707
-29.93454
-29.94201
-29.94947
-29.95694
-29.96441
-29.97189
-29.97936
-29.98684
-29.99431
-30.00179
-30.00927
-30.01676
-30.02424
-30.03172
-30.03921
-30.04670
-30.05419
-30.06168
-30.06918
-30.07667
-30.08417
-30.09167
-30.09917
-30.10667
-30.11417
-30.12168
-30.12918
-30.13669
-30.14420
-30.15171
-30.15922
-30.16674
-30.17426
-30.18177
-30.18929
-30.19681
-30.20434
-30.21186
-30.21939
-30.22691
-30.23444
-30.24197
-30.24951
-30.25704
-30.26458
-30.27211
-30.27965
-30.28719
-30.29474
-30.30228
-30.30983
-30.31737
-30.32492
-30.33247
-30.34002
-30.34758
-30.35513
-30.36269
-30.37025
-30.37781
-30.38537
-30.39293
-30.40050
-30.40807
-30.41563
-30.42320
-30.43078
-30.43835
-30.44592
-30.45350
-30.46108
-30.46866
-30.47624
-30.48383
-30.49141
-30.49900
-30.50659
-30.51418
-30.52177
-30.52936
-30.53695
-30.54455
-30.55215
-30.55975
-30.56735
-30.57495
-30.58256
-30.59017
-30.59777
-30.60538
-30.61300
-30.62061
-30.62822
-30.63584
-30.64346
-30.65108
-30.65870
-30.66632
-30.67395
-30.68157
-30.68920
-30.69683
-30.70446
-30.71210
-30.71973
-30.72737
-30.73501
-30.74265
-30.75029
-30.75793
-30.76558
-30.77322
-30.78087
-30.78852
-30.79617
-30.80383
-30.81148
-30.81914
-30.82680
-30.83446
-30.84212
-30.84978
-30.85745
-30.86512
-30.87278
-30.88045
-30.88813
-30.89580
-30.90348
-30.91115
-30.91883
-30.92651
-30.93419
-30.94188
-30.94956
-30.95725
-30.96494
-30.97263
-30.98032
-30.98802
-30.99571
-31.00341
-31.01111
-31.01881
-31.02651
-31.03422
-31.04192
-31.04963
-31.05734
-31.06505
-31.07276
-31.08048
-31.08819
-31.09591
-31.10363
-31.11135
-31.11908
-31.12680
-31.13453
-31.14226
-31.14999
-31.15772
-31.16545
-31.17319
-31.18092
-31.18866
-31.19640
-31.20414
-31.21189
-31.21963
-31.22738
-31.23513
-31.24288
-31.25063
-31.25839
-31.26614
-31.27390
-31.28166
-31.28942
-31.29718
-31.30495
-31.31271
-31.32048
-31.32825
-31.33602
-31.34380
-31.35157
-31.35935
-31.36713
-31.37491
-31.38269
-31.39047
-31.39826
-31.40605
-31.41383
-31.42162
-31.42942
-31.43721
-31.44501
-31.45280
-31.46060
-31.46841
-31.47621
-31.48401
-31.49182
-31.49963
-31.50744
-31.51525
-31.52306
-31.53088
-31.53869
-31.54651
-31.55433
-31.56216
-31.56998
-31.57780
-31.58563
-31.59346
-31.60129
-31.60913
-31.61696
-31.62480
-31.63263
-31.64047
-31.64832
-31.65616
-31.66400
-31.67185
-31.67970
-31.68755
-31.69540
-31.70326
-31.71111
-31.71897
-31.72683
-31.73469
-31.74255
-31.75042
-31.75828
-31.76615
-31.77402
-31.78189
-31.78977
-31.79764
-31.80552
-31.81340
-31.82128
-31.82916
-31.83705
-31.84493
-31.85282
-31.86071
-31.86860
-31.87650
-31.88439
-31.89229
-31.90019
-31.90809
-31.91599
-31.92389
-31.93180
-31.93971
-31.94762
-31.95553
-31.96344
-31.97135
-31.97927
-31.98719
-31.99511
-32.00303
-32.01096
-32.01888
-32.02681
-32.03474
-32.04267
-32.05060
-32.05854
-32.06647
-32.07441
-32.08235
-32.09029
-32.09824
-32.10618
-32.11413
-32.12208
-32.13003
-32.13798
-32.14594
-32.15390
-32.16185
-32.16981
-32.17778
-32.18574
-32.19371
-32.20167
-32.20964
-32.21761
-32.22559
-32.23356
-32.24154
-32.24952
-32.25750
-32.26548
-32.27346
-32.28145
-32.28944
-32.29743
-32.30542
-32.31341
-32.32140
-32.32940
-32.33740
-32.34540
-32.35340
-32.36141
-32.36941
-32.37742
-32.38543
-32.39344
-32.40146
-32.40947
-32.41749
-32.42551
-32.43353
-32.44155
-32.44958
-32.45760
-32.46563
-32.47366
-32.48169
-32.48973
-32.49776
-32.50580
-32.51384
-32.52188
-32.52992
-32.53797
-32.54602
-32.55406
-32.56212
-32.57017
-32.57822
-32.58628
-32.59434
-32.60240
-32.61046
-32.61852
-32.62659
-32.63465
-32.64272
-32.65080
-32.65887
-32.66694
-32.67502
-32.68310
-32.69118
-32.69926
-32.70735
-32.71543
-32.72352
-32.73161
-32.73970
-32.74780
-32.75589
-32.76399
-32.77209
-32.78019
-32.78829
-32.79640
-32.80451
-32.81261
-32.82073
-32.82884
-32.83695
-32.84507
-32.85319
-32.86131
-32.86943
-32.87755
-32.88568
-32.89381
-32.90194
-32.91007
-32.91820
-32.92634
-32.93448
-32.94262
-32.95076
-32.95890
-32.96705
-32.97519
-32.98334
-32.99149
-32.99964
-33.00780
-33.01596
-33.02411
-33.03228
-33.04044
-33.04860
-33.05677
-33.06494
-33.07311
-33.08128
-33.08945
-33.09763
-33.10581
-33.11398
-33.12217
-33.13035
-33.13854
-33.14672
-33.15491
-33.16310
-33.17130
-33.17949
-33.18769
-33.19589
-33.20409
-33.21229
-33.22050
-33.22870
-33.23691
-33.24512
-33.25333
-33.26155
-33.26977
-33.27798
-33.28620
-33.29443
-33.30265
-33.31088
-33.31911
-33.32734
-33.33557
-33.34380
-33.35204
-33.36028
-33.36852
-33.37676
-33.38500
-33.39325
-33.40149
-33.40974
-33.41800
-33.42625
-33.43450
-33.44276
-33.45102
-33.45928
-33.46755
-33.47581
-33.48408
-33.49235
-33.50062
-33.50889
-33.51717
-33.52545
-33.53372
-33.54201
-33.55029
-33.55857
-33.56686
-33.57515
-33.58344
-33.59173
-33.60003
-33.60833
-33.61663
-33.62493
-33.63323
-33.64153
-33.64984
-33.65815
-33.66646
-33.67477
-33.68309
-33.69141
-33.69973
-33.70805
-33.71637
-33.72469
-33.73302
-33.74135
-33.74968
-33.75801
-33.76635
-33.77469
-33.78302
-33.79137
-33.79971
-33.80805
-33.81640
-33.82475
-33.83310
-33.84145
-33.84981
-33.85817
-33.86652
-33.87489
-33.88325
-33.89161
-33.89998
-33.90835
-33.91672
-33.92509
-33.93347
-33.94185
-33.95023
-33.95861
-33.96699
-33.97538
-33.98376
-33.99215
-34.00054
-34.00894
-34.01733
-34.02573
-34.03413
-34.04253
-34.05094
-34.05934
-34.06775
-34.07616
-34.08457
-34.09298
-34.10140
-34.10982
-34.11824
-34.12666
-34.13508
-34.14351
-34.15194
-34.16037
-34.16880
-34.17723
-34.18567
-34.19411
-34.20255
-34.21099
-34.21944
-34.22788
-34.23633
-34.24478
-34.25324
-34.26169
-34.27015
-34.27861
-34.28707
-34.29553
-34.30400
-34.31246
-34.32093
-34.32940
-34.33788
-34.34635
-34.35483
-34.36331
-34.37179
-34.38028
-34.38876
-34.39725
-34.40574
-34.41423
-34.42273
-34.43122
-34.43972
-34.44822
-34.45672
-34.46523
-34.47374
-34.48224
-34.49076
-34.49927
-34.50778
-34.51630
-34.52482
-34.53334
-34.54186
-34.55039
-34.55892
-34.56745
-34.57598
-34.58451
-34.59305
-34.60159
-34.61013
-34.61867
-34.62722
-34.63576
-34.64431
-34.65286
-34.66141
-34.66997
-34.67853
-34.68709
-34.69565
-34.70421
-34.71278
-34.72134
-34.72991
-34.73849
-34.74706
-34.75564
-34.76422
-34.77280
-34.78138
-34.78996
-34.79855
-34.80714
-34.81573
-34.82432
-34.83292
-34.84152
-34.85012
-34.85872
-34.86732
-34.87593
-34.88454
-34.89315
-34.90176
-34.91037
-34.91899
-34.92761
-34.93623
-34.94485
-34.95348
-34.96211
-34.97074
-34.97937
-34.98800
-34.99664
-35.00528
-35.01392
-35.02256
-35.03120
-35.03985
-35.04850
-35.05715
-35.06581
-35.07446
-35.08312
-35.09178
-35.10044
-35.10910
-35.11777
-35.12644
-35.13511
-35.14378
-35.15246
-35.16114
-35.16982
-35.17850
-35.18718
-35.19587
-35.20455
-35.21324
-35.22194
-35.23063
-35.23933
-35.24803
-35.25673
-35.26543
-35.27414
-35.28285
-35.29156
-35.30027
-35.30898
-35.31770
-35.32642
-35.33514
-35.34386
-35.35259
-35.36132
-35.37004
-35.37878
-35.38751
-35.39625
-35.40499
-35.41373
-35.42247
-35.43122
-35.43996
-35.44871
-35.45746
-35.46622
-35.47497
-35.48373
-35.49249
-35.50126
-35.51002
-35.51879
-35.52756
-35.53633
-35.54510
-35.55388
-35.56266
-35.57144
-35.58022
-35.58901
-35.59780
-35.60658
-35.61538
-35.62417
-35.63297
-35.64177
-35.65057
-35.65937
-35.66817
-35.67698
-35.68579
-35.69460
-35.70342
-35.71223
-35.72105
-35.72987
-35.73870
-35.74752
-35.75635
-35.76518
-35.77401
-35.78285
-35.79168
-35.80052
-35.80936
-35.81821
-35.82705
-35.83590
-35.84475
-35.85361
-35.86246
-35.87132
-35.88018
-35.88904
-35.89790
-35.90677
-35.91564
-35.92451
-35.93338
-35.94226
-35.95113
-35.96001
-35.96890
-35.97778
-35.98667
-35.99556
-36.00445
-36.01334
-36.02224
-36.03113
-36.04004
-36.04894
-36.05784
-36.06675
-36.07566
-36.08457
-36.09349
-36.10240
-36.11132
-36.12024
-36.12917
-36.13809
-36.14702
-36.15595
-36.16488
-36.17382
-36.18275
-36.19169
-36.20064
-36.20958
-36.21853
-36.22747
-36.23643
-36.24538
-36.25434
-36.26329
-36.27225
-36.28122
-36.29018
-36.29915
-36.30812
-36.31709
-36.32606
-36.33504
-36.34402
-36.35300
-36.36199
-36.37097
-36.37996
-36.38895
-36.39794
-36.40694
-36.41594
-36.42494
-36.43394
-36.44294
-36.45195
-36.46096
-36.46997
-36.47899
-36.48800
-36.49702
-36.50604
-36.51507
-36.52409
-36.53312
-36.54215
-36.55118
-36.56022
-36.56926
-36.57830
-36.58734
-36.59638
-36.60543
-36.61448
-36.62353
-36.63259
-36.64164
-36.65070
-36.65976
-36.66883
-36.67789
-36.68696
-36.69603
-36.70510
-36.71418
-36.72326
-36.73234
-36.74142
-36.75051
-36.75959
-36.76868
-36.77778
-36.78687
-36.79597
-36.80507
-36.81417
-36.82327
-36.83238
-36.84149
-36.85060
-36.85972
-36.86883
-36.87795
-36.88707
-36.89620
-36.90532
-36.91445
-36.92358
-36.93271
-36.94185
-36.95099
-36.96013
-36.96927
-36.97842
-36.98756
-36.99671
-37.00587
-37.01502
-37.02418
-37.03334
-37.04250
-37.05166
-37.06083
-37.07000
-37.07917
-37.08835
-37.09752
-37.10670
-37.11589
-37.12507
-37.13426
-37.14345
-37.15264
-37.16183
-37.17103
-37.18023
-37.18943
-37.19863
-37.20784
-37.21705
-37.22626
-37.23547
-37.24469
-37.25390
-37.26313
-37.27235
-37.28157
-37.29080
-37.30003
-37.30927
-37.31850
-37.32774
-37.33698
-37.34622
-37.35547
-37.36472
-37.37397
-37.38322
-37.39248
-37.40174
-37.41100
-37.42026
-37.42952
-37.43879
-37.44806
-37.45734
-37.46661
-37.47589
-37.48517
-37.49445
-37.50374
-37.51303
-37.52232
-37.53161
-37.54090
-37.55020
-37.55950
-37.56880
-37.57811
-37.58742
-37.59673
-37.60604
-37.61536
-37.62467
-37.63400
-37.64332
-37.65264
-37.66197
-37.67130
-37.68064
-37.68997
-37.69931
-37.70865
-37.71799
-37.72734
-37.73669
-37.74604
-37.75539
-37.76475
-37.77410
-37.78347
-37.79283
-37.80219
-37.81156
-37.82093
-37.83031
-37.83968
-37.84906
-37.85844
-37.86783
-37.87721
-37.88660
-37.89599
-37.90539
-37.91478
-37.92418
-37.93359
-37.94299
-37.95240
-37.96181
-37.97122
-37.98063
-37.99005
-37.99947
-38.00889
-38.01832
-38.02774
-38.03717
-38.04661
-38.05604
-38.06548
-38.07492
-38.08436
-38.09381
-38.10325
-38.11271
-38.12216
-38.13161
-38.14107
-38.15053
-38.16000
-38.16946
-38.17893
-38.18840
-38.19788
-38.20735
-38.21683
-38.22631
-38.23580
-38.24529
-38.25477
-38.26427
-38.27376
-38.28326
-38.29276
-38.30226
-38.31177
-38.32127
-38.33078
-38.34030
-38.34981
-38.35933
-38.36885
-38.37838
-38.38790
-38.39743
-38.40696
-38.41650
-38.42603
-38.43557
-38.44512
-38.45466
-38.46421
-38.47376
-38.48331
-38.49286
-38.50242
-38.51198
-38.52155
-38.53111
-38.54068
-38.55025
-38.55983
-38.56940
-38.57898
-38.58856
-38.59815
-38.60773
-38.61732
-38.62692
-38.63651
-38.64611
-38.65571
-38.66531
-38.67492
-38.68453
-38.69414
-38.70375
-38.71337
-38.72299
-38.73261
-38.74223
-38.75186
-38.76149
-38.77112
-38.78076
-38.79040
-38.80004
-38.80968
-38.81933
-38.82898
-38.83863
-38.84828
-38.85794
-38.86760
-38.87726
-38.88692
-38.89659
-38.90626
-38.91594
-38.92561
-38.93529
-38.94497
-38.95466
-38.96434
-38.97403
-38.98372
-38.99342
-39.00312
-39.01282
-39.02252
-39.03223
-39.04193
-39.05165
-39.06136
-39.07108
-39.08080
-39.09052
-39.10024
-39.10997
-39.11970
-39.12943
-39.13917
-39.14891
-39.15865
-39.16839
-39.17814
-39.18789
-39.19764
-39.20740
-39.21716
-39.22692
-39.23668
-39.24645
-39.25622
-39.26599
-39.27576
-39.28554
-39.29532
-39.30510
-39.31489
-39.32468
-39.33447
-39.34426
