-39.09009
-39.08928
-39.08755
-39.08547
-39.08324
-39.08095
-39.07864
-39.07632
-39.07400
-39.07168
-39.06936
-39.06703
-39.06471
-39.06238
-39.06006
-39.05773
-39.05541
-39.05308
-39.05076
-39.04843
-39.04610
-39.04378
-39.04145
-39.03912
-39.03680
-39.03447
-39.03214
-39.02982
-39.02749
-39.02516
-39.02283
-39.02051
-39.01818
-39.01585
-39.01352
-39.01119
-39.00886
-39.00653
-39.00420
-39.00188
-38.99955
-38.99722
-38.99489
-38.99256
-38.99023
-38.98790
-38.98556
-38.98323
-38.98090
-38.97857
-38.97624
-38.97391
-38.97158
-38.96924
-38.96691
-38.96458
-38.96225
-38.95991
-38.95758
-38.95525
-38.95292
-38.95058
-38.94825
-38.94592
-38.94358
-38.94125
-38.93891
-38.93658
-38.93424
-38.93191
-38.92957
-38.92724
-38.92490
-38.92257
-38.92023
-38.91790
-38.91556
-38.91322
-38.91089
-38.90855
-38.90621
-38.90388
-38.90154
-38.89920
-38.89686
-38.89453
-38.89219
-38.88985
-38.88751
-38.88517
-38.88284
-38.88050
-38.87816
-38.87582
-38.87348
-38.87114
-38.86880
-38.86646
-38.86412
-38.86178
-38.85944
-38.85710
-38.85476
-38.85242
-38.85008
-38.84773
-38.84539
-38.84305
-38.84071
-38.83837
-38.83602
-38.83368
-38.83134
-38.82900
-38.82665
-38.82431
-38.82197
-38.81962
-38.81728
-38.81494
-38.81259
-38.81025
-38.80790
-38.80556
-38.80321
-38.80087
-38.79852
-38.79618
-38.79383
-38.79149
-38.78914
-38.78679
-38.78445
-38.78210
-38.77975
-38.77741
-38.77506
-38.77271
-38.77037
-38.76802
-38.76567
-38.76332
-38.76098
-38.75863
-38.75628
-38.75393
-38.75158
-38.74923
-38.74688
-38.74453
-38.74218
-38.73983
-38.73748
-38.73513
-38.73278
-38.73043
-38.72808
-38.72573
-38.72338
-38.72103
-38.71868
-38.71633
-38.71397
-38.71162
-38.70927
-38.70692
-38.70457
-38.70221
-38.69986
-38.69751
-38.69515
-38.69280
-38.69045
-38.68809
-38.68574
-38.68338
-38.68103
-38.67868
-38.67632
-38.67397
-38.67161
-38.66926
-38.66690
-38.66454
-38.66219
-38.65983
-38.65748
-38.65512
-38.65276
-38.65041
-38.64805
-38.64569
-38.64334
-38.64098
-38.63862
-38.63626
-38.63390
-38.63155
-38.62919
-38.62683
-38.62447
-38.62211
-38.61975
-38.61739
-38.61503
-38.61267
-38.61031
-38.60795
-38.60559
-38.60323
-38.60087
-38.59851
-38.59615
-38.59379
-38.59143
-38.58907
-38.58671
-38.58434
-38.58198
-38.57962
-38.57726
-38.57489
-38.57253
-38.57017
-38.56781
-38.56544
-38.56308
-38.56071
-38.55835
-38.55599
-38.55362
-38.55126
-38.54889
-38.54653
-38.54416
-38.54180
-38.53943
-38.53707
-38.53470
-38.53234
-38.52997
-38.52760
-38.52524
-38.52287
-38.52050
-38.51814
-38.51577
-38.51340
-38.51103
-38.50867
-38.50630
-38.50393
-38.50156
-38.49919
-38.49682
-38.49445
-38.49209
-38.48972
-38.48735
-38.48498
-38.48261
-38.48024
-38.47787
-38.47550
-38.47313
-38.47075
-38.46838
-38.46601
-38.46364
-38.46127
-38.45890
-38.45653
-38.45415
-38.45178
-38.44941
-38.44704
-38.44466
-38.44229
-38.43992
-38.43754
-38.43517
-38.43280
-38.43042
-38.42805
-38.42567
-38.42330
-38.42092
-38.41855
-38.41617
-38.41380
-38.41142
-38.40905
-38.40667
-38.40430
-38.40192
-38.39954
-38.39717
-38.39479
-38.39241
-38.39004
-38.38766
-38.38528
-38.38290
-38.38053
-38.37815
-38.37577
-38.37339
-38.37101
-38.36863
-38.36625
-38.36388
-38.36150
-38.35912
-38.35674
-38.35436
-38.35198
-38.34960
-38.34722
-38.34483
-38.34245
-38.34007
-38.33769
-38.33531
-38.33293
-38.33055
-38.32816
-38.32578
-38.32340
-38.32102
-38.31863
-38.31625
-38.31387
-38.31148
-38.30910
-38.30672
-38.30433
-38.30195
-38.29957
-38.29718
-38.29480
-38.29241
-38.29003
-38.28764
-38.28526
-38.28287
-38.28048
-38.27810
-38.27571
-38.27333
-38.27094
-38.26855
-38.26617
-38.26378
-38.26139
-38.25900
-38.25662
-38.25423
-38.25184
-38.24945
-38.24706
-38.24467
-38.24229
-38.23990
-38.23751
-38.23512
-38.23273
-38.23034
-38.22795
-38.22556
-38.22317
-38.22078
-38.21839
-38.21600
-38.21360
-38.21121
-38.20882
-38.20643
-38.20404
-38.20165
-38.19925
-38.19686
-38.19447
-38.19208
-38.18968
-38.18729
-38.18490
-38.18250
-38.18011
-38.17772
-38.17532
-38.17293
-38.17053
-38.16814
-38.16574
-38.16335
-38.16095
-38.15856
-38.15616
-38.15377
-38.15137
-38.14897
-38.14658
-38.14418
-38.14178
-38.13939
-38.13699
-38.13459
-38.13219
-38.12980
-38.12740
-38.12500
-38.12260
-38.12020
-38.11781
-38.11541
-38.11301
-38.11061
-38.10821
-38.10581
-38.10341
-38.10101
-38.09861
-38.09621
-38.09381
-38.09141
-38.08901
-38.08661
-38.08420
-38.08180
-38.07940
-38.07700
-38.07460
-38.07219
-38.06979
-38.06739
-38.06499
-38.06258
-38.06018
-38.05778
-38.05537
-38.05297
-38.05056
-38.04816
-38.04576
-38.04335
-38.04095
-38.03854
-38.03614
-38.03373
-38.03133
-38.02892
-38.02651
-38.02411
-38.02170
-38.01929
-38.01689
-38.01448
-38.01207
-38.00967
-38.00726
-38.00485
-38.00244
-38.00004
-37.99763
-37.99522
-37.99281
-37.99040
-37.98799
-37.98558
-37.98317
-37.98076
-37.97835
-37.97594
-37.97353
-37.97112
-37.96871
-37.96630
-37.96389
-37.96148
-37.95907
-37.95666
-37.95425
-37.95183
-37.94942
-37.94701
-37.94460
-37.94218
-37.93977
-37.93736
-37.93494
-37.93253
-37.93012
-37.92770
-37.92529
-37.92288
-37.92046
-37.91805
-37.91563
-37.91322
-37.91080
-37.90839
-37.90597
-37.90355
-37.90114
-37.89872
-37.89631
-37.89389
-37.89147
-37.88906
-37.88664
-37.88422
-37.88180
-37.87939
-37.87697
-37.87455
-37.87213
-37.86971
-37.86729
-37.86488
-37.86246
-37.86004
-37.85762
-37.85520
-37.85278
-37.85036
-37.84794
-37.84552
-37.84310
-37.84068
-37.83826
-37.83583
-37.83341
-37.83099
-37.82857
-37.82615
-37.82373
-37.82130
-37.81888
-37.81646
-37.81403
-37.81161
-37.80919
-37.80676
-37.80434
-37.80192
-37.79949
-37.79707
-37.79464
-37.79222
-37.78979
-37.78737
-37.78494
-37.78252
-37.78009
-37.77767
-37.77524
-37.77281
-37.77039
-37.76796
-37.76553
-37.76311
-37.76068
-37.75825
-37.75583
-37.75340
-37.75097
-37.74854
-37.74611
-37.74368
-37.74126
-37.73883
-37.73640
-37.73397
-37.73154
-37.72911
-37.72668
-37.72425
-37.72182
-37.71939
-37.71696
-37.71453
-37.71209
-37.70966
-37.70723
-37.70480
-37.70237
-37.69994
-37.69750
-37.69507
-37.69264
-37.69021
-37.68777
-37.68534
-37.68291
-37.68047
-37.67804
-37.67560
-37.67317
-37.67074
-37.66830
-37.66587
-37.66343
-37.66100
-37.65856
-37.65612
-37.65369
-37.65125
-37.64882
-37.64638
-37.64394
-37.64151
-37.63907
-37.63663
-37.63419
-37.63176
-37.62932
-37.62688
-37.62444
-37.62200
-37.61957
-37.61713
-37.61469
-37.61225
-37.60981
-37.60737
-37.60493
-37.60249
-37.60005
-37.59761
-37.59517
-37.59273
-37.59029
-37.58785
-37.58540
-37.58296
-37.58052
-37.57808
-37.57564
-37.57320
-37.57075
-37.56831
-37.56587
-37.56342
-37.56098
-37.55854
-37.55609
-37.55365
-37.55121
-37.54876
-37.54632
-37.54387
-37.54143
-37.53898
-37.53654
-37.53409
-37.53164
-37.52920
-37.52675
-37.52431
-37.52186
-37.51941
-37.51697
-37.51452
-37.51207
-37.50962
-37.50718
-37.50473
-37.50228
-37.49983
-37.49738
-37.49494
-37.49249
-37.49004
-37.48759
-37.48514
-37.48269
-37.48024
-37.47779
-37.47534
-37.47289
-37.47044
-37.46799
-37.46554
-37.46308
-37.46063
-37.45818
-37.45573
-37.45328
-37.45083
-37.44837
-37.44592
-37.44347
-37.44101
-37.43856
-37.43611
-37.43365
-37.43120
-37.42875
-37.42629
-37.42384
-37.42138
-37.41893
-37.41647
-37.41402
-37.41156
-37.40911
-37.40665
-37.40419
-37.40174
-37.39928
-37.39682
-37.39437
-37.39191
-37.38945
-37.38700
-37.38454
-37.38208
-37.37962
-37.37716
-37.37471
-37.37225
-37.36979
-37.36733
-37.36487
-37.36241
-37.35995
-37.35749
-37.35503
-37.35257
-37.35011
-37.34765
-37.34519
-37.34273
-37.34027
-37.33781
-37.33534
-37.33288
-37.33042
-37.32796
-37.32549
-37.32303
-37.32057
-37.31811
-37.31564
-37.31318
-37.31072
-37.30825
-37.30579
-37.30332
-37.30086
-37.29839
-37.29593
-37.29346
-37.29100
-37.28853
-37.28607
-37.28360
-37.28114
-37.27867
-37.27620
-37.27374
-37.27127
-37.26880
-37.26634
-37.26387
-37.26140
-37.25893
-37.25646
-37.25400
-37.25153
-37.24906
-37.24659
-37.24412
-37.24165
-37.23918
-37.23671
-37.23424
-37.23177
-37.22930
-37.22683
-37.22436
-37.22189
-37.21942
-37.21695
-37.21448
-37.21200
-37.20953
-37.20706
-37.20459
-37.20212
-37.19964
-37.19717
-37.19470
-37.19222
-37.18975
-37.18728
-37.18480
-37.18233
-37.17985
-37.17738
-37.17490
-37.17243
-37.16995
-37.16748
-37.16500
-37.16253
-37.16005
-37.15758
-37.15510
-37.15262
-37.15015
-37.14767
-37.14519
-37.14271
-37.14024
-37.13776
-37.13528
-37.13280
-37.13032
-37.12785
-37.12537
-37.12289
-37.12041
-37.11793
-37.11545
-37.11297
-37.11049
-37.10801
-37.10553
-37.10305
-37.10057
-37.09809
-37.09560
-37.09312
-37.09064
-37.08816
-37.08568
-37.08320
-37.08071
-37.07823
-37.07575
-37.07326
-37.07078
-37.06830
-37.06581
-37.06333
-37.06085
-37.05836
-37.05588
-37.05339
-37.05091
-37.04842
-37.04594
-37.04345
-37.04097
-37.03848
-37.03599
-37.03351
-37.03102
-37.02853
-37.02605
-37.02356
-37.02107
-37.01858
-37.01610
-37.01361
-37.01112
-37.00863
-37.00614
-37.00365
-37.00117
-36.99868
-36.99619
-36.99370
-36.99121
-36.98872
-36.98623
-36.98374
-36.98125
-36.97875
-36.97626
-36.97377
-36.97128
-36.96879
-36.96630
-36.96381
-36.96131
-36.95882
-36.95633
-36.95383
-36.95134
-36.94885
-36.94635
-36.94386
-36.94137
-36.93887
-36.93638
-36.93388
-36.93139
-36.92889
-36.92640
-36.92390
-36.92141
-36.91891
-36.91642
-36.91392
-36.91142
-36.90893
-36.90643
-36.90393
-36.90144
-36.89894
-36.89644
-36.89394
-36.89144
-36.88895
-36.88645
-36.88395
-36.88145
-36.87895
-36.87645
-36.87395
-36.87145
-36.86895
-36.86645
-36.86395
-36.86145
-36.85895
-36.85645
-36.85395
-36.85145
-36.84895
-36.84644
-36.84394
-36.84144
-36.83894
-36.83643
-36.83393
-36.83143
-36.82893
-36.82642
-36.82392
-36.82141
-36.81891
-36.81641
-36.81390
-36.81140
-36.80889
-36.80639
-36.80388
-36.80138
-36.79887
-36.79636
-36.79386
-36.79135
-36.78884
-36.78634
-36.78383
-36.78132
-36.77882
-36.77631
-36.77380
-36.77129
-36.76878
-36.76628
-36.76377
-36.76126
-36.75875
-36.75624
-36.75373
-36.75122
-36.74871
-36.74620
-36.74369
-36.74118
-36.73867
-36.73616
-36.73365
-36.73114
-36.72862
-36.72611
-36.72360
-36.72109
-36.71858
-36.71606
-36.71355
-36.71104
-36.70852
-36.70601
-36.70350
-36.70098
-36.69847
-36.69596
-36.69344
-36.69093
-36.68841
-36.68590
-36.68338
-36.68087
-36.67835
-36.67583
-36.67332
-36.67080
-36.66828
-36.66577
-36.66325
-36.66073
-36.65822
-36.65570
-36.65318
-36.65066
-36.64814
-36.64563
-36.64311
-36.64059
-36.63807
-36.63555
-36.63303
-36.63051
-36.62799
-36.62547
-36.62295
-36.62043
-36.61791
-36.61539
-36.61287
-36.61034
-36.60782
-36.60530
-36.60278
-36.60026
-36.59773
-36.59521
-36.59269
-36.59017
-36.58764
-36.58512
-36.58260
-36.58007
-36.57755
-36.57502
-36.57250
-36.56997
-36.56745
-36.56492
-36.56240
-36.55987
-36.55735
-36.55482
-36.55229
-36.54977
-36.54724
-36.54471
-36.54219
-36.53966
-36.53713
-36.53460
-36.53208
-36.52955
-36.52702
-36.52449
-36.52196
-36.51943
-36.51690
-36.51437
-36.51184
-36.50932
-36.50678
-36.50425
-36.50172
-36.49919
-36.49666
-36.49413
-36.49160
-36.48907
-36.48654
-36.48400
-36.48147
-36.47894
-36.47641
-36.47387
-36.47134
-36.46881
-36.46628
-36.46374
-36.46121
-36.45867
-36.45614
-36.45360
-36.45107
-36.44853
-36.44600
-36.44346
-36.44093
-36.43839
-36.43586
-36.43332
-36.43078
-36.42825
-36.42571
-36.42317
-36.42064
-36.41810
-36.41556
-36.41302
-36.41049
-36.40795
-36.40541
-36.40287
-36.40033
-36.39779
-36.39525
-36.39271
-36.39017
-36.38763
-36.38509
-36.38255
-36.38001
-36.37747
-36.37493
-36.37239
-36.36985
-36.36730
-36.36476
-36.36222
-36.35968
-36.35713
-36.35459
-36.35205
-36.34951
-36.34696
-36.34442
-36.34187
-36.33933
-36.33679
-36.33424
-36.33170
-36.32915
-36.32661
-36.32406
-36.32152
-36.31897
-36.31642
-36.31388
-36.31133
-36.30878
-36.30624
-36.30369
-36.30114
-36.29860
-36.29605
-36.29350
-36.29095
-36.28840
-36.28585
-36.28331
-36.28076
-36.27821
-36.27566
-36.27311
-36.27056
-36.26801
-36.26546
-36.26291
-36.26036
-36.25781
-36.25525
-36.25270
-36.25015
-36.24760
-36.24505
-36.24250
-36.23994
-36.23739
-36.23484
-36.23228
-36.22973
-36.22718
-36.22462
-36.22207
-36.21951
-36.21696
-36.21441
-36.21185
-36.20930
-36.20674
-36.20418
-36.20163
-36.19907
-36.19652
-36.19396
-36.19140
-36.18885
-36.18629
-36.18373
-36.18118
-36.17862
-36.17606
-36.17350
-36.17094
-36.16838
-36.16583
-36.16327
-36.16071
-36.15815
-36.15559
-36.15303
-36.15047
-36.14791
-36.14535
-36.14279
-36.14023
-36.13767
-36.13510
-36.13254
-36.12998
-36.12742
-36.12486
-36.12229
-36.11973
-36.11717
-36.11461
-36.11204
-36.10948
-36.10691
-36.10435
-36.10179
-36.09922
-36.09666
-36.09409
-36.09153
-36.08896
-36.08640
-36.08383
-36.08127
-36.07870
-36.07613
-36.07357
-36.07100
-36.06843
-36.06586
-36.06330
-36.06073
-36.05816
-36.05559
-36.05303
-36.05046
-36.04789
-36.04532
-36.04275
-36.04018
-36.03761
-36.03504
-36.03247
-36.02990
-36.02733
-36.02476
-36.02219
-36.01962
-36.01705
-36.01447
-36.01190
-36.00933
-36.00676
-36.00419
-36.00161
-35.99904
-35.99647
-35.99389
-35.99132
-35.98875
-35.98617
-35.98360
-35.98102
-35.97845
-35.97587
-35.97330
-35.97072
-35.96815
-35.96557
-35.96300
-35.96042
-35.95784
-35.95527
-35.95269
-35.95011
-35.94754
-35.94496
-35.94238
-35.93980
-35.93722
-35.93465
-35.93207
-35.92949
-35.92691
-35.92433
-35.92175
-35.91917
-35.91659
-35.91401
-35.91143
-35.90885
-35.90627
-35.90369
-35.90111
-35.89853
-35.89594
-35.89336
-35.89078
-35.88820
-35.88561
-35.88303
-35.88045
-35.87787
-35.87528
-35.87270
-35.87011
-35.86753
-35.86495
-35.86236
-35.85978
-35.85719
-35.85461
-35.85202
-35.84944
-35.84685
-35.84426
-35.84168
-35.83909
-35.83650
-35.83392
-35.83133
-35.82874
-35.82615
-35.82357
-35.82098
-35.81839
-35.81580
-35.81321
-35.81062
-35.80803
-35.80544
-35.80286
-35.80027
-35.79768
-35.79509
-35.79249
-35.78990
-35.78731
-35.78472
-35.78213
-35.77954
-35.77695
-35.77435
-35.77176
-35.76917
-35.76658
-35.76398
-35.76139
-35.75880
-35.75620
-35.75361
-35.75102
-35.74842
-35.74583
-35.74323
-35.74064
-35.73804
-35.73545
-35.73285
-35.73025
-35.72766
-35.72506
-35.72247
-35.71987
-35.71727
-35.71467
-35.71208
-35.70948
-35.70688
-35.70428
-35.70169
-35.69909
-35.69649
-35.69389
-35.69129
-35.68869
-35.68609
-35.68349
-35.68089
-35.67829
-35.67569
-35.67309
-35.67049
-35.66789
-35.66529
-35.66268
-35.66008
-35.65748
-35.65488
-35.65227
-35.64967
-35.64707
-35.64447
-35.64186
-35.63926
-35.63665
-35.63405
-35.63145
-35.62884
-35.62624
-35.62363
-35.62103
-35.61842
-35.61582
-35.61321
-35.61060
-35.60800
-35.60539
-35.60278
-35.60018
-35.59757
-35.59496
-35.59235
-35.58975
-35.58714
-35.58453
-35.58192
-35.57931
-35.57670
-35.57409
-35.57148
-35.56887
-35.56626
-35.56365
-35.56104
-35.55843
-35.55582
-35.55321
-35.55060
-35.54799
-35.54538
-35.54276
-35.54015
-35.53754
-35.53493
-35.53231
-35.52970
-35.52709
-35.52447
-35.52186
-35.51925
-35.51663
-35.51402
-35.51140
-35.50879
-35.50617
-35.50356
-35.50094
-35.49833
-35.49571
-35.49309
-35.49048
-35.48786
-35.48524
-35.48263
-35.48001
-35.47739
-35.47477
-35.47215
-35.46954
-35.46692
-35.46430
-35.46168
-35.45906
-35.45644
-35.45382
-35.45120
-35.44858
-35.44596
-35.44334
-35.44072
-35.43810
-35.43548
-35.43286
-35.43023
-35.42761
-35.42499
-35.42237
-35.41975
-35.41712
-35.41450
-35.41188
-35.40925
-35.40663
-35.40400
-35.40138
-35.39876
-35.39613
-35.39351
-35.39088
-35.38826
-35.38563
-35.38300
-35.38038
-35.37775
-35.37513
-35.37250
-35.36987
-35.36724
-35.36462
-35.36199
-35.35936
-35.35673
-35.35411
-35.35148
-35.34885
-35.34622
-35.34359
-35.34096
-35.33833
-35.33570
-35.33307
-35.33044
-35.32781
-35.32518
-35.32255
-35.31992
-35.31728
-35.31465
-35.31202
-35.30939
-35.30676
-35.30412
-35.30149
-35.29886
-35.29622
-35.29359
-35.29096
-35.28832
-35.28569
-35.28305
-35.28042
-35.27778
-35.27515
-35.27251
-35.26988
-35.26724
-35.26461
-35.26197
-35.25933
-35.25670
-35.25406
-35.25142
-35.24878
-35.24615
-35.24351
-35.24087
-35.23823
-35.23559
-35.23295
-35.23032
-35.22768
-35.22504
-35.22240
-35.21976
-35.21712
-35.21448
-35.21184
-35.20919
-35.20655
-35.20391
-35.20127
-35.19863
-35.19599
-35.19334
-35.19070
-35.18806
-35.18542
-35.18277
-35.18013
-35.17748
-35.17484
-35.17220
-35.16955
-35.16691
-35.16426
-35.16162
-35.15897
-35.15633
-35.15368
-35.15103
-35.14839
-35.14574
-35.14310
-35.14045
-35.13780
-35.13515
-35.13251
-35.12986
-35.12721
-35.12456
-35.12191
-35.11926
-35.11662
-35.11397
-35.11132
-35.10867
-35.10602
-35.10337
-35.10072
-35.09807
-35.09541
-35.09276
-35.09011
-35.08746
-35.08481
-35.08216
-35.07950
-35.07685
-35.07420
-35.07155
-35.06889
-35.06624
-35.06359
-35.06093
-35.05828
-35.05562
-35.05297
-35.05031
-35.04766
-35.04500
-35.04235
-35.03969
-35.03704
-35.03438
-35.03172
-35.02907
-35.02641
-35.02375
-35.02110
-35.01844
-35.01578
-35.01312
-35.01046
-35.00781
-35.00515
-35.00249
-34.99983
-34.99717
-34.99451
-34.99185
-34.98919
-34.98653
-34.98387
-34.98121
-34.97855
-34.97588
-34.97322
-34.97056
-34.96790
-34.96524
-34.96257
-34.95991
-34.95725
-34.95458
-34.95192
-34.94926
-34.94659
-34.94393
-34.94127
-34.93860
-34.93594
-34.93327
-34.93061
-34.92794
-34.92527
-34.92261
-34.91994
-34.91727
-34.91461
-34.91194
-34.90927
-34.90661
-34.90394
-34.90127
-34.89860
-34.89593
-34.89327
-34.89060
-34.88793
-34.88526
-34.88259
-34.87992
-34.87725
-34.87458
-34.87191
-34.86924
-34.86657
-34.86389
-34.86122
-34.85855
-34.85588
-34.85321
-34.85054
-34.84786
-34.84519
-34.84252
-34.83984
-34.83717
-34.83450
-34.83182
-34.82915
-34.82647
-34.82380
-34.82112
-34.81845
-34.81577
-34.81310
-34.81042
-34.80774
-34.80507
-34.80239
-34.79971
-34.79704
-34.79436
-34.79168
-34.78900
-34.78633
-34.78365
-34.78097
-34.77829
-34.77561
-34.77293
-34.77025
-34.76757
-34.76489
-34.76221
-34.75953
-34.75685
-34.75417
-34.75149
-34.74881
-34.74613
-34.74345
-34.74076
-34.73808
-34.73540
-34.73272
-34.73003
-34.72735
-34.72467
-34.72198
-34.71930
-34.71661
-34.71393
-34.71124
-34.70856
-34.70587
-34.70319
-34.70050
-34.69782
-34.69513
-34.69244
-34.68976
-34.68707
-34.68438
-34.68170
-34.67901
-34.67632
-34.67363
-34.67094
-34.66826
-34.66557
-34.66288
-34.66019
-34.65750
-34.65481
-34.65212
-34.64943
-34.64674
-34.64405
-34.64136
-34.63867
-34.63597
-34.63328
-34.63059
-34.62790
-34.62521
-34.62251
-34.61982
-34.61713
-34.61444
-34.61174
-34.60905
-34.60635
-34.60366
-34.60096
-34.59827
-34.59558
-34.59288
-34.59018
-34.58749
-34.58479
-34.58210
-34.57940
-34.57670
-34.57401
-34.57131
-34.56861
-34.56591
-34.56322
-34.56052
-34.55782
-34.55512
-34.55242
-34.54972
-34.54702
-34.54432
-34.54162
-34.53892
-34.53622
-34.53352
-34.53082
-34.52812
-34.52542
-34.52272
-34.52002
-34.51732
-34.51461
-34.51191
-34.50921
-34.50651
-34.50380
-34.50110
-34.49840
-34.49569
-34.49299
-34.49028
-34.48758
-34.48487
-34.48217
-34.47946
-34.47676
-34.47405
-34.47135
-34.46864
-34.46593
-34.46323
-34.46052
-34.45781
-34.45510
-34.45240
-34.44969
-34.44698
-34.44427
-34.44156
-34.43885
-34.43614
-34.43344
-34.43073
-34.42802
-34.42531
-34.42259
-34.41988
-34.41717
-34.41446
-34.41175
-34.40904
-34.40633
-34.40362
-34.40090
-34.39819
-34.39548
-34.39276
-34.39005
-34.38734
-34.38462
-34.38191
-34.37920
-34.37648
-34.37377
-34.37105
-34.36834
-34.36562
-34.36290
-34.36019
-34.35747
-34.35476
-34.35204
-34.34932
-34.34660
-34.34389
-34.34117
-34.33845
-34.33573
-34.33301
-34.33030
-34.32758
-34.32486
-34.32214
-34.31942
-34.31670
-34.31398
-34.31126
-34.30854
-34.30582
-34.30310
-34.30037
-34.29765
-34.29493
-34.29221
-34.28949
-34.28676
-34.28404
-34.28132
-34.27859
-34.27587
-34.27315
-34.27042
-34.26770
-34.26497
-34.26225
-34.25952
-34.25680
-34.25407
-34.25135
-34.24862
-34.24590
-34.24317
-34.24044
-34.23772
-34.23499
-34.23226
-34.22953
-34.22680
-34.22408
-34.22135
-34.21862
-34.21589
-34.21316
-34.21043
-34.20770
-34.20497
-34.20224
-34.19951
-34.19678
-34.19405
-34.19132
-34.18859
-34.18586
-34.18312
-34.18039
-34.17766
-34.17493
-34.17219
-34.16946
-34.16673
-34.16399
-34.16126
-34.15852
-34.15579
-34.15306
-34.15032
-34.14759
-34.14485
-34.14211
-34.13938
-34.13664
-34.13391
-34.13117
-34.12843
-34.12570
-34.12296
-34.12022
-34.11748
-34.11475
-34.11201
-34.10927
-34.10653
-34.10379
-34.10105
-34.09831
-34.09557
-34.09283
-34.09009
-34.08735
-34.08461
-34.08187
-34.07913
-34.07639
-34.07364
-34.07090
-34.06816
-34.06542
-34.06267
-34.05993
-34.05719
-34.05444
-34.05170
-34.04896
-34.04621
-34.04347
-34.04072
-34.03798
-34.03523
-34.03249
-34.02974
-34.02700
-34.02425
-34.02150
-34.01876
-34.01601
-34.01326
-34.01051
-34.00777
-34.00502
-34.00227
-33.99952
-33.99677
-33.99402
-33.99127
-33.98852
-33.98577
-33.98302
-33.98027
-33.97752
-33.97477
-33.97202
-33.96927
-33.96652
-33.96377
-33.96102
-33.95826
-33.95551
-33.95276
-33.95001
-33.94725
-33.94450
-33.94174
-33.93899
-33.93624
-33.93348
-33.93073
-33.92797
-33.92522
-33.92246
-33.91971
-33.91695
-33.91419
-33.91144
-33.90868
-33.90592
-33.90317
-33.90041
-33.89765
-33.89489
-33.89213
-33.88938
-33.88662
-33.88386
-33.88110
-33.87834
-33.87558
-33.87282
-33.87006
-33.86730
-33.86454
-33.86178
-33.85902
-33.85625
-33.85349
-33.85073
-33.84797
-33.84520
-33.84244
-33.83968
-33.83692
-33.83415
-33.83139
-33.82862
-33.82586
-33.82310
-33.82033
-33.81757
-33.81480
-33.81203
-33.80927
-33.80650
-33.80374
-33.80097
-33.79820
-33.79544
-33.79267
-33.78990
-33.78713
-33.78437
-33.78160
-33.77883
-33.77606
-33.77329
-33.77052
-33.76775
-33.76498
-33.76221
-33.75944
-33.75667
-33.75390
-33.75113
-33.74836
-33.74559
-33.74281
-33.74004
-33.73727
-33.73450
-33.73172
-33.72895
-33.72618
-33.72340
-33.72063
-33.71785
-33.71508
-33.71231
-33.70953
-33.70676
-33.70398
-33.70120
-33.69843
-33.69565
-33.69288
-33.69010
-33.68732
-33.68454
-33.68177
-33.67899
-33.67621
-33.67343
-33.67066
-33.66788
-33.66510
-33.66232
-33.65954
-33.65676
-33.65398
-33.65120
-33.64842
-33.64564
-33.64286
-33.64007
-33.63729
-33.63451
-33.63173
-33.62895
-33.62616
-33.62338
-33.62060
-33.61782
-33.61503
-33.61225
-33.60946
-33.60668
-33.60389
-33.60111
-33.59832
-33.59554
-33.59275
-33.58997
-33.58718
-33.58440
-33.58161
-33.57882
-33.57603
-33.57325
-33.57046
-33.56767
-33.56488
-33.56209
-33.55931
-33.55652
-33.55373
-33.55094
-33.54815
-33.54536
-33.54257
-33.53978
-33.53699
-33.53420
-33.53140
-33.52861
-33.52582
-33.52303
-33.52024
-33.51744
-33.51465
-33.51186
-33.50907
-33.50627
-33.50348
-33.50068
-33.49789
-33.49509
-33.49230
-33.48950
-33.48671
-33.48391
-33.48112
-33.47832
-33.47553
-33.47273
-33.46993
-33.46713
-33.46434
-33.46154
-33.45874
-33.45594
-33.45314
-33.45035
-33.44755
-33.44475
-33.44195
-33.43915
-33.43635
-33.43355
-33.43075
-33.42795
-33.42515
-33.42234
-33.41954
-33.41674
-33.41394
-33.41114
-33.40833
-33.40553
-33.40273
-33.39992
-33.39712
-33.39432
-33.39151
-33.38871
-33.38590
-33.38310
-33.38029
-33.37749
-33.37468
-33.37188
-33.36907
-33.36626
-33.36346
-33.36065
-33.35784
-33.35503
-33.35223
-33.34942
-33.34661
-33.34380
-33.34099
-33.33818
-33.33537
-33.33256
-33.32975
-33.32694
-33.32413
-33.32132
-33.31851
-33.31570
-33.31289
-33.31008
-33.30727
-33.30445
-33.30164
-33.29883
-33.29602
-33.29320
-33.29039
-33.28757
-33.28476
-33.28195
-33.27913
-33.27632
-33.27350
-33.27069
-33.26787
-33.26505
-33.26224
-33.25942
-33.25661
-33.25379
-33.25097
-33.24815
-33.24534
-33.24252
-33.23970
-33.23688
-33.23406
-33.23124
-33.22842
-33.22560
-33.22279
-33.21996
-33.21714
-33.21432
-33.21150
-33.20868
-33.20586
-33.20304
-33.20022
-33.19739
-33.19457
-33.19175
-33.18893
-33.18610
-33.18328
-33.18046
-33.17763
-33.17481
-33.17198
-33.16916
-33.16633
-33.16351
-33.16068
-33.15786
-33.15503
-33.15220
-33.14938
-33.14655
-33.14372
-33.14090
-33.13807
-33.13524
-33.13241
-33.12958
-33.12675
-33.12393
-33.12110
-33.11827
-33.11544
-33.11261
-33.10978
-33.10695
-33.10412
-33.10128
-33.09845
-33.09562
-33.09279
-33.08996
-33.08712
-33.08429
-33.08146
-33.07863
-33.07579
-33.07296
-33.07012
-33.06729
-33.06446
-33.06162
-33.05879
-33.05595
-33.05311
-33.05028
-33.04744
-33.04461
-33.04177
-33.03893
-33.03609
-33.03326
-33.03042
-33.02758
-33.02474
-33.02190
-33.01907
-33.01623
-33.01339
-33.01055
-33.00771
-33.00487
-33.00203
-32.99919
-32.99635
-32.99350
-32.99066
-32.98782
-32.98498
-32.98214
-32.97929
-32.97645
-32.97361
-32.97077
-32.96792
-32.96508
-32.96223
-32.95939
-32.95654
-32.95370
-32.95085
-32.94801
-32.94516
-32.94232
-32.93947
-32.93662
-32.93378
-32.93093
-32.92808
-32.92524
-32.92239
-32.91954
-32.91669
-32.91384
-32.91099
-32.90814
-32.90530
-32.90245
-32.89960
-32.89675
-32.89389
-32.89104
-32.88819
-32.88534
-32.88249
-32.87964
-32.87679
-32.87393
-32.87108
-32.86823
-32.86537
-32.86252
-32.85967
-32.85681
-32.85396
-32.85110
-32.84825
-32.84539
-32.84254
-32.83968
-32.83683
-32.83397
-32.83111
-32.82826
-32.82540
-32.82254
-32.81969
-32.81683
-32.81397
-32.81111
-32.80825
-32.80539
-32.80254
-32.79968
-32.79682
-32.79396
-32.79110
-32.78824
-32.78537
-32.78251
-32.77965
-32.77679
-32.77393
-32.77107
-32.76820
-32.76534
-32.76248
-32.75962
-32.75675
-32.75389
-32.75102
-32.74816
-32.74530
-32.74243
-32.73957
-32.73670
-32.73383
-32.73097
-32.72810
-32.72524
-32.72237
-32.71950
-32.71664
-32.71377
-32.71090
-32.70803
-32.70516
-32.70230
-32.69943
-32.69656
-32.69369
-32.69082
-32.68795
-32.68508
-32.68221
-32.67934
-32.67647
-32.67359
-32.67072
-32.66785
-32.66498
-32.66211
-32.65923
-32.65636
-32.65349
-32.65061
-32.64774
-32.64487
-32.64199
-32.63912
-32.63624
-32.63337
-32.63049
-32.62762
-32.62474
-32.62186
-32.61899
-32.61611
-32.61323
-32.61036
-32.60748
-32.60460
-32.60172
-32.59884
-32.59597
-32.59309
-32.59021
-32.58733
-32.58445
-32.58157
-32.57869
-32.57581
-32.57293
-32.57005
-32.56716
-32.56428
-32.56140
-32.55852
-32.55564
-32.55275
-32.54987
-32.54699
-32.54410
-32.54122
-32.53834
-32.53545
-32.53257
-32.52968
-32.52680
-32.52391
-32.52102
-32.51814
-32.51525
-32.51237
-32.50948
-32.50659
-32.50370
-32.50082
-32.49793
-32.49504
-32.49215
-32.48926
-32.48637
-32.48348
-32.48060
-32.47771
-32.47482
-32.47192
-32.46903
-32.46614
-32.46325
-32.46036
-32.45747
-32.45458
-32.45168
-32.44879
-32.44590
-32.44301
-32.44011
-32.43722
-32.43432
-32.43143
-32.42853
-32.42564
-32.42274
-32.41985
-32.41695
-32.41406
-32.41116
-32.40827
-32.40537
-32.40247
-32.39957
-32.39668
-32.39378
-32.39088
-32.38798
-32.38508
-32.38218
-32.37928
-32.37639
-32.37349
-32.37059
-32.36768
-32.36478
-32.36188
-32.35898
-32.35608
-32.35318
-32.35028
-32.34737
-32.34447
-32.34157
-32.33867
-32.33576
-32.33286
-32.32995
-32.32705
-32.32415
-32.32124
-32.31834
-32.31543
-32.31252
-32.30962
-32.30671
-32.30381
-32.30090
-32.29799
-32.29508
-32.29218
-32.28927
-32.28636
-32.28345
-32.28054
-32.27764
-32.27473
-32.27182
-32.26891
-32.26600
-32.26309
-32.26018
-32.25726
-32.25435
-32.25144
-32.24853
-32.24562
-32.24271
-32.23979
-32.23688
-32.23397
-32.23105
-32.22814
-32.22523
-32.22231
-32.21940
-32.21648
-32.21357
-32.21065
-32.20774
-32.20482
-32.20190
-32.19899
-32.19607
-32.19315
-32.19024
-32.18732
-32.18440
-32.18148
-32.17856
-32.17564
-32.17273
-32.16981
-32.16689
-32.16397
-32.16105
-32.15813
-32.15520
-32.15228
-32.14936
-32.14644
-32.14352
-32.14060
-32.13767
-32.13475
-32.13183
-32.12891
-32.12598
-32.12306
-32.12013
-32.11721
-32.11428
-32.11136
-32.10843
-32.10551
-32.10258
-32.09966
-32.09673
-32.09380
-32.09088
-32.08795
-32.08502
-32.08209
-32.07917
-32.07624
-32.07331
-32.07038
-32.06745
-32.06452
-32.06159
-32.05866
-32.05573
-32.05280
-32.04987
-32.04694
-32.04401
-32.04108
-32.03814
-32.03521
-32.03228
-32.02935
-32.02641
-32.02348
-32.02055
-32.01761
-32.01468
-32.01174
-32.00881
-32.00587
-32.00294
-32.00000
-31.99707
-31.99413
-31.99119
-31.98826
-31.98532
-31.98238
-31.97944
-31.97651
-31.97357
-31.97063
-31.96769
-31.96475
-31.96181
-31.95887
-31.95593
-31.95299
-31.95005
-31.94711
-31.94417
-31.94123
-31.93829
-31.93534
-31.93240
-31.92946
-31.92652
-31.92357
-31.92063
-31.91769
-31.91474
-31.91180
-31.90885
-31.90591
-31.90296
-31.90002
-31.89707
-31.89413
-31.89118
-31.88823
-31.88529
-31.88234
-31.87939
-31.87645
-31.87350
-31.87055
-31.86760
-31.86465
-31.86170
-31.85875
-31.85580
-31.85285
-31.84990
-31.84695
-31.84400
-31.84105
-31.83810
-31.83515
-31.83220
-31.82924
-31.82629
-31.82334
-31.82038
-31.81743
-31.81448
-31.81152
-31.80857
-31.80562
-31.80266
-31.79971
-31.79675
-31.79379
-31.79084
-31.78788
-31.78493
-31.78197
-31.77901
-31.77605
-31.77310
-31.77014
-31.76718
-31.76422
-31.76126
-31.75830
-31.75534
-31.75238
-31.74942
-31.74646
-31.74350
-31.74054
-31.73758
-31.73462
-31.73166
-31.72870
-31.72573
-31.72277
-31.71981
-31.71684
-31.71388
-31.71092
-31.70795
-31.70499
-31.70202
-31.69906
-31.69609
-31.69313
-31.69016
-31.68720
-31.68423
-31.68126
-31.67830
-31.67533
-31.67236
-31.66939
-31.66643
-31.66346
-31.66049
-31.65752
-31.65455
-31.65158
-31.64861
-31.64564
-31.64267
-31.63970
-31.63673
-31.63376
-31.63079
-31.62781
-31.62484
-31.62187
-31.61890
-31.61592
-31.61295
-31.60998
-31.60700
-31.60403
-31.60105
-31.59808
-31.59510
-31.59213
-31.58915
-31.58618
-31.58320
-31.58022
-31.57725
-31.57427
-31.57129
-31.56832
-31.56534
-31.56236
-31.55938
-31.55640
-31.55342
-31.55044
-31.54746
-31.54448
-31.54150
-31.53852
-31.53554
-31.53256
-31.52958
-31.52660
-31.52361
-31.52063
-31.51765
-31.51467
-31.51168
-31.50870
-31.50572
-31.50273
-31.49975
-31.49676
-31.49378
-31.49079
-31.48781
-31.48482
-31.48183
-31.47885
-31.47586
-31.47287
-31.46989
-31.46690
-31.46391
-31.46092
-31.45793
-31.45495
-31.45196
-31.44897
-31.44598
-31.44299
-31.44000
-31.43701
-31.43402
-31.43102
-31.42803
-31.42504
-31.42205
-31.41906
-31.41606
-31.41307
-31.41008
-31.40708
-31.40409
-31.40110
-31.39810
-31.39511
-31.39211
-31.38912
-31.38612
-31.38312
-31.38013
-31.37713
-31.37414
-31.37114
-31.36814
-31.36514
-31.36215
-31.35915
-31.35615
-31.35315
-31.35015
-31.34715
-31.34415
-31.34115
-31.33815
-31.33515
-31.33215
-31.32915
-31.32615
-31.32314
-31.32014
-31.31714
-31.31414
-31.31113
-31.30813
-31.30513
-31.30212
-31.29912
-31.29611
-31.29311
-31.29010
-31.28710
-31.28409
-31.28109
-31.27808
-31.27507
-31.27207
-31.26906
-31.26605
-31.26305
-31.26004
-31.25703
-31.25402
-31.25101
-31.24800
-31.24499
-31.24198
-31.23897
-31.23596
-31.23295
-31.22994
-31.22693
-31.22392
-31.22091
-31.21789
-31.21488
-31.21187
-31.20885
-31.20584
-31.20283
-31.19981
-31.19680
-31.19378
-31.19077
-31.18775
-31.18474
-31.18172
-31.17871
-31.17569
-31.17267
-31.16966
-31.16664
-31.16362
-31.16060
-31.15759
-31.15457
-31.15155
-31.14853
-31.14551
-31.14249
-31.13947
-31.13645
-31.13343
-31.13041
-31.12739
-31.12437
-31.12134
-31.11832
-31.11530
-31.11228
-31.10925
-31.10623
-31.10321
-31.10018
-31.09716
-31.09413
-31.09111
-31.08808
-31.08506
-31.08203
-31.07901
-31.07598
-31.07295
-31.06993
-31.06690
-31.06387
-31.06084
-31.05782
-31.05479
-31.05176
-31.04873
-31.04570
-31.04267
-31.03964
-31.03661
-31.03358
-31.03055
-31.02752
-31.02449
-31.02145
-31.01842
-31.01539
-31.01236
-31.00932
-31.00629
-31.00326
-31.00022
-30.99719
-30.99416
-30.99112
-30.98809
-30.98505
-30.98201
-30.97898
-30.97594
-30.97291
-30.96987
-30.96683
-30.96379
-30.96076
-30.95772
-30.95468
-30.95164
-30.94860
-30.94556
-30.94252
-30.93948
-30.93644
-30.93340
-30.93036
-30.92732
-30.92428
-30.92124
-30.91819
-30.91515
-30.91211
-30.90907
-30.90602
-30.90298
-30.89994
-30.89689
-30.89385
-30.89080
-30.88776
-30.88471
-30.88167
-30.87862
-30.87557
-30.87253
-30.86948
-30.86643
-30.86339
-30.86034
-30.85729
-30.85424
-30.85119
-30.84814
-30.84509
-30.84204
-30.83899
-30.83594
-30.83289
-30.82984
-30.82679
-30.82374
-30.82069
-30.81764
-30.81458
-30.81153
-30.80848
-30.80542
-30.80237
-30.79932
-30.79626
-30.79321
-30.79015
-30.78710
-30.78404
-30.78099
-30.77793
-30.77487
-30.77182
-30.76876
-30.76570
-30.76264
-30.75959
-30.75653
-30.75347
-30.75041
-30.74735
-30.74429
-30.74123
-30.73817
-30.73511
-30.73205
-30.72899
-30.72593
-30.72287
-30.71980
-30.71674
-30.71368
-30.71062
-30.70755
-30.70449
-30.70143
-30.69836
-30.69530
-30.69223
-30.68917
-30.68610
-30.68304
-30.67997
-30.67690
-30.67384
-30.67077
-30.66770
-30.66464
-30.66157
-30.65850
-30.65543
-30.65236
-30.64929
-30.64622
-30.64315
-30.64008
-30.63701
-30.63394
-30.63087
-30.62780
-30.62473
-30.62166
-30.61859
-30.61551
-30.61244
-30.60937
-30.60629
-30.60322
-30.60015
-30.59707
-30.59400
-30.59092
-30.58785
-30.58477
-30.58170
-30.57862
-30.57554
-30.57247
-30.56939
-30.56631
-30.56323
-30.56016
-30.55708
-30.55400
-30.55092
-30.54784
-30.54476
-30.54168
-30.53860
-30.53552
-30.53244
-30.52936
-30.52628
-30.52319
-30.52011
-30.51703
-30.51395
-30.51086
-30.50778
-30.50470
-30.50161
-30.49853
-30.49544
-30.49236
-30.48927
-30.48619
-30.48310
-30.48002
-30.47693
-30.47384
-30.47076
-30.46767
-30.46458
-30.46149
-30.45840
-30.45531
-30.45223
-30.44914
-30.44605
-30.44296
-30.43987
-30.43678
-30.43368
-30.43059
-30.42750
-30.42441
-30.42132
-30.41823
-30.41513
-30.41204
-30.40895
-30.40585
-30.40276
-30.39966
-30.39657
-30.39347
-30.39038
-30.38728
-30.38419
-30.38109
-30.37799
-30.37490
-30.37180
-30.36870
-30.36561
-30.36251
-30.35941
-30.35631
-30.35321
-30.35011
-30.34701
-30.34391
-30.34081
-30.33771
-30.33461
-30.33151
-30.32841
-30.32530
-30.32220
-30.31910
-30.31600
-30.31289
-30.30979
-30.30669
-30.30358
-30.30048
-30.29737
-30.29427
-30.29116
-30.28806
-30.28495
-30.28184
-30.27874
-30.27563
-30.27252
-30.26942
-30.26631
-30.26320
-30.26009
-30.25698
-30.25387
-30.25076
-30.24765
-30.24454
-30.24143
-30.23832
-30.23521
-30.23210
-30.22899
-30.22588
-30.22276
-30.21965
-30.21654
-30.21342
-30.21031
-30.20720
-30.20408
-30.20097
-30.19785
-30.19474
-30.19162
-30.18851
-30.18539
-30.18227
-30.17916
-30.17604
-30.17292
-30.16980
-30.16669
-30.16357
-30.16045
-30.15733
-30.15421
-30.15109
-30.14797
-30.14485
-30.14173
-30.13861
-30.13549
-30.13236
-30.12924
-30.12612
-30.12300
-30.11987
-30.11675
-30.11363
-30.11050
-30.10738
-30.10425
-30.10113
-30.09800
-30.09488
-30.09175
-30.08863
-30.08550
-30.08237
-30.07925
-30.07612
-30.07299
-30.06986
-30.06674
-30.06361
-30.06048
-30.05735
-30.05422
-30.05109
-30.04796
-30.04483
-30.04170
-30.03857
-30.03543
-30.03230
-30.02917
-30.02604
-30.02290
-30.01977
-30.01664
-30.01350
-30.01037
-30.00723
-30.00410
-30.00096
-29.99783
-29.99469
-29.99156
-29.98842
-29.98528
-29.98215
-29.97901
-29.97587
-29.97273
-29.96959
-29.96646
-29.96332
-29.96018
-29.95704
-29.95390
-29.95076
-29.94762
-29.94448
-29.94133
-29.93819
-29.93505
-29.93191
-29.92877
-29.92562
-29.92248
-29.91934
-29.91619
-29.91305
-29.90990
-29.90676
-29.90361
-29.90047
-29.89732
-29.89418
-29.89103
-29.88788
-29.88474
-29.88159
-29.87844
-29.87529
-29.87214
-29.86899
-29.86585
-29.86270
-29.85955
-29.85640
-29.85325
-29.85010
-29.84694
-29.84379
-29.84064
-29.83749
-29.83434
-29.83118
-29.82803
-29.82488
-29.82172
-29.81857
-29.81542
-29.81226
-29.80911
-29.80595
-29.80280
-29.79964
-29.79648
-29.79333
-29.79017
-29.78701
-29.78385
-29.78070
-29.77754
-29.77438
-29.77122
-29.76806
-29.76490
-29.76174
-29.75858
-29.75542
-29.75226
-29.74910
-29.74594
-29.74278
-29.73961
-29.73645
-29.73329
-29.73012
-29.72696
-29.72380
-29.72063
-29.71747
-29.71430
-29.71114
-29.70797
-29.70481
-29.70164
-29.69847
-29.69531
-29.69214
-29.68897
-29.68581
-29.68264
-29.67947
-29.67630
-29.67313
-29.66996
-29.66679
-29.66362
-29.66045
-29.65728
-29.65411
-29.65094
-29.64777
-29.64459
-29.64142
-29.63825
-29.63508
-29.63190
-29.62873
-29.62556
-29.62238
-29.61921
-29.61603
-29.61286
-29.60968
-29.60650
-29.60333
-29.60015
-29.59697
-29.59380
-29.59062
-29.58744
-29.58426
-29.58108
-29.57790
-29.57472
-29.57155
-29.56837
-29.56518
-29.56200
-29.55882
-29.55564
-29.55246
-29.54928
-29.54610
-29.54291
-29.53973
-29.53655
-29.53336
-29.53018
-29.52699
-29.52381
-29.52062
-29.51744
-29.51425
-29.51107
-29.50788
-29.50469
-29.50151
-29.49832
-29.49513
-29.49194
-29.48876
-29.48557
-29.48238
-29.47919
-29.47600
-29.47281
-29.46962
-29.46643
-29.46324
-29.46005
-29.45685
-29.45366
-29.45047
-29.44728
-29.44408
-29.44089
-29.43770
-29.43450
-29.43131
-29.42811
-29.42492
-29.42172
-29.41853
-29.41533
-29.41214
-29.40894
-29.40574
-29.40254
-29.39935
-29.39615
-29.39295
-29.38975
-29.38655
-29.38335
-29.38015
-29.37695
-29.37375
-29.37055
-29.36735
-29.36415
-29.36095
-29.35775
-29.35454
-29.35134
-29.34814
-29.34493
-29.34173
-29.33853
-29.33532
-29.33212
-29.32891
-29.32571
-29.32250
-29.31929
-29.31609
-29.31288
-29.30967
-29.30647
-29.30326
-29.30005
-29.29684
-29.29363
-29.29042
-29.28721
-29.28400
-29.28079
-29.27758
-29.27437
-29.27116
-29.26795
-29.26474
-29.26153
-29.25831
-29.25510
-29.25189
-29.24867
-29.24546
-29.24225
-29.23903
-29.23582
-29.23260
-29.22939
-29.22617
-29.22295
-29.21974
-29.21652
-29.21330
-29.21008
-29.20687
-29.20365
-29.20043
-29.19721
-29.19399
-29.19077
-29.18755
-29.18433
-29.18111
-29.17789
-29.17467
-29.17145
-29.16822
-29.16500
-29.16178
-29.15856
-29.15533
-29.15211
-29.14888
-29.14566
-29.14244
-29.13921
-29.13598
-29.13276
-29.12953
-29.12631
-29.12308
-29.11985
-29.11662
-29.11340
-29.11017
-29.10694
-29.10371
-29.10048
-29.09725
-29.09402
-29.09079
-29.08756
-29.08433
-29.08110
-29.07787
-29.07464
-29.07140
-29.06817
-29.06494
-29.06170
-29.05847
-29.05524
-29.05200
-29.04877
-29.04553
-29.04230
-29.03906
-29.03582
-29.03259
-29.02935
-29.02611
-29.02288
-29.01964
-29.01640
-29.01316
-29.00992
-29.00668
-29.00344
-29.00020
-28.99696
-28.99372
-28.99048
-28.98724
-28.98400
-28.98076
-28.97752
-28.97427
-28.97103
-28.96779
-28.96454
-28.96130
-28.95805
-28.95481
-28.95156
-28.94832
-28.94507
-28.94183
-28.93858
-28.93533
-28.93209
-28.92884
-28.92559
-28.92234
-28.91910
-28.91585
-28.91260
-28.90935
-28.90610
-28.90285
-28.89960
-28.89635
-28.89309
-28.88984
-28.88659
-28.88334
-28.88009
-28.87683
-28.87358
-28.87033
-28.86707
-28.86382
-28.86056
-28.85731
-28.85405
-28.85080
-28.84754
-28.84428
-28.84103
-28.83777
-28.83451
-28.83125
-28.82800
-28.82474
-28.82148
-28.81822
-28.81496
-28.81170
-28.80844
-28.80518
-28.80192
-28.79866
-28.79539
-28.79213
-28.78887
-28.78561
-28.78234
-28.77908
-28.77582
-28.77255
-28.76929
-28.76602
-28.76276
-28.75949
-28.75623
-28.75296
-28.74969
-28.74643
-28.74316
-28.73989
-28.73662
-28.73335
-28.73009
-28.72682
-28.72355
-28.72028
-28.71701
-28.71374
-28.71047
-28.70719
-28.70392
-28.70065
-28.69738
-28.69411
-28.69083
-28.68756
-28.68429
-28.68101
-28.67774
-28.67446
-28.67119
-28.66791
-28.66464
-28.66136
-28.65808
-28.65481
-28.65153
-28.64825
-28.64498
-28.64170
-28.63842
-28.63514
-28.63186
-28.62858
-28.62530
-28.62202
-28.61874
-28.61546
-28.61218
-28.60890
-28.60561
-28.60233
-28.59905
-28.59577
-28.59248
-28.58920
-28.58591
-28.58263
-28.57934
-28.57606
-28.57277
-28.56949
-28.56620
-28.56291
-28.55963
-28.55634
-28.55305
-28.54976
-28.54648
-28.54319
-28.53990
-28.53661
-28.53332
-28.53003
-28.52674
-28.52345
-28.52015
-28.51686
-28.51357
-28.51028
-28.50699
-28.50369
-28.50040
-28.49711
-28.49381
-28.49052
-28.48722
-28.48393
-28.48063
-28.47733
-28.47404
-28.47074
-28.46744
-28.46415
-28.46085
-28.45755
-28.45425
-28.45095
-28.44766
-28.44436
-28.44106
-28.43776
-28.43446
-28.43115
-28.42785
-28.42455
-28.42125
-28.41795
-28.41464
-28.41134
-28.40804
-28.40473
-28.40143
-28.39813
-28.39482
-28.39152
-28.38821
-28.38490
-28.38160
-28.37829
-28.37498
-28.37168
-28.36837
-28.36506
-28.36175
-28.35844
-28.35513
-28.35182
-28.34851
-28.34520
-28.34189
-28.33858
-28.33527
-28.33196
-28.32865
-28.32533
-28.32202
-28.31871
-28.31540
-28.31208
-28.30877
-28.30545
-28.30214
-28.29882
-28.29551
-28.29219
-28.28887
-28.28556
-28.28224
-28.27892
-28.27561
-28.27229
-28.26897
-28.26565
-28.26233
-28.25901
-28.25569
-28.25237
-28.24905
-28.24573
-28.24241
-28.23909
-28.23576
-28.23244
-28.22912
-28.22579
-28.22247
-28.21915
-28.21582
-28.21250
-28.20917
-28.20585
-28.20252
-28.19920
-28.19587
-28.19254
-28.18922
-28.18589
-28.18256
-28.17923
-28.17590
-28.17257
-28.16924
-28.16591
-28.16258
-28.15925
-28.15592
-28.15259
-28.14926
-28.14593
-28.14260
-28.13926
-28.13593
-28.13260
-28.12926
-28.12593
-28.12259
-28.11926
-28.11592
-28.11259
-28.10925
-28.10592
-28.10258
-28.09924
-28.09590
-28.09257
-28.08923
-28.08589
-28.08255
-28.07921
-28.07587
-28.07253
-28.06919
-28.06585
-28.06251
-28.05917
-28.05583
-28.05249
-28.04914
-28.04580
-28.04246
-28.03911
-28.03577
-28.03242
-28.02908
-28.02573
-28.02239
-28.01904
-28.01570
-28.01235
-28.00900
-28.00566
-28.00231
-27.99896
-27.99561
-27.99226
-27.98891
-27.98556
-27.98221
-27.97886
-27.97551
-27.97216
-27.96881
-27.96546
-27.96211
-27.95876
-27.95540
-27.95205
-27.94870
-27.94534
-27.94199
-27.93863
-27.93528
-27.93192
-27.92857
-27.92521
-27.92185
-27.91850
-27.91514
-27.91178
-27.90842
-27.90507
-27.90171
-27.89835
-27.89499
-27.89163
-27.88827
-27.88491
-27.88155
-27.87819
-27.87482
-27.87146
-27.86810
-27.86474
-27.86137
-27.85801
-27.85465
-27.85128
-27.84792
-27.84455
-27.84119
-27.83782
-27.83445
-27.83109
-27.82772
-27.82435
-27.82099
-27.81762
-27.81425
-27.81088
-27.80751
-27.80414
-27.80077
-27.79740
-27.79403
-27.79066
-27.78729
-27.78392
-27.78055
-27.77717
-27.77380
-27.77043
-27.76705
-27.76368
-27.76030
-27.75693
-27.75355
-27.75018
-27.74680
-27.74343
-27.74005
-27.73667
-27.73330
-27.72992
-27.72654
-27.72316
-27.71978
-27.71640
-27.71302
-27.70964
-27.70626
-27.70288
-27.69950
-27.69612
-27.69274
-27.68936
-27.68597
-27.68259
-27.67921
-27.67582
-27.67244
-27.66906
-27.66567
-27.66229
-27.65890
-27.65551
-27.65213
-27.64874
-27.64535
-27.64197
-27.63858
-27.63519
-27.63180
-27.62841
-27.62502
-27.62163
-27.61824
-27.61485
-27.61146
-27.60807
-27.60468
-27.60129
-27.59790
-27.59450
-27.59111
-27.58772
-27.58432
-27.58093
-27.57753
-27.57414
-27.57074
-27.56735
-27.56395
-27.56055
-27.55716
-27.55376
-27.55036
-27.54697
-27.54357
-27.54017
-27.53677
-27.53337
-27.52997
-27.52657
-27.52317
-27.51977
-27.51637
-27.51296
-27.50956
-27.50616
-27.50276
-27.49935
-27.49595
-27.49255
-27.48914
-27.48574
-27.48233
-27.47893
-27.47552
-27.47211
-27.46871
-27.46530
-27.46189
-27.45848
-27.45508
-27.45167
-27.44826
-27.44485
-27.44144
-27.43803
-27.43462
-27.43121
-27.42780
-27.42438
-27.42097
-27.41756
-27.41415
-27.41073
-27.40732
-27.40391
-27.40049
-27.39708
-27.39366
-27.39025
-27.38683
-27.38341
-27.38000
-27.37658
-27.37316
-27.36974
-27.36633
-27.36291
-27.35949
-27.35607
-27.35265
-27.34923
-27.34581
-27.34239
-27.33897
-27.33555
-27.33212
-27.32870
-27.32528
-27.32186
-27.31843
-27.31501
-27.31158
-27.30816
-27.30473
-27.30131
-27.29788
-27.29446
-27.29103
-27.28760
-27.28418
-27.28075
-27.27732
-27.27389
-27.27046
-27.26703
-27.26360
-27.26017
-27.25674
-27.25331
-27.24988
-27.24645
-27.24302
-27.23958
-27.23615
-27.23272
-27.22928
-27.22585
-27.22242
-27.21898
-27.21555
-27.21211
-27.20867
-27.20524
-27.20180
-27.19836
-27.19493
-27.19149
-27.18805
-27.18461
-27.18117
-27.17773
-27.17429
-27.17085
-27.16741
-27.16397
-27.16053
-27.15709
-27.15365
-27.15021
-27.14676
-27.14332
-27.13988
-27.13643
-27.13299
-27.12954
-27.12610
-27.12265
-27.11921
-27.11576
-27.11231
-27.10887
-27.10542
-27.10197
-27.09852
-27.09507
-27.09162
-27.08817
-27.08472
-27.08127
-27.07782
-27.07437
-27.07092
-27.06747
-27.06402
-27.06056
-27.05711
-27.05366
-27.05020
-27.04675
-27.04330
-27.03984
-27.03639
-27.03293
-27.02947
-27.02602
-27.02256
-27.01910
-27.01565
-27.01219
-27.00873
-27.00527
-27.00181
-26.99835
-26.99489
-26.99143
-26.98797
-26.98451
-26.98105
-26.97759
-26.97412
-26.97066
-26.96720
-26.96373
-26.96027
-26.95681
-26.95334
-26.94988
-26.94641
-26.94294
-26.93948
-26.93601
-26.93254
-26.92908
-26.92561
-26.92214
-26.91867
-26.91520
-26.91173
-26.90826
-26.90479
-26.90132
-26.89785
-26.89438
-26.89091
-26.88744
-26.88396
-26.88049
-26.87702
-26.87354
-26.87007
-26.86659
-26.86312
-26.85964
-26.85617
-26.85269
-26.84922
-26.84574
-26.84226
-26.83878
-26.83530
-26.83183
-26.82835
-26.82487
-26.82139
-26.81791
-26.81443
-26.81095
-26.80747
-26.80398
-26.80050
-26.79702
-26.79354
-26.79005
-26.78657
-26.78309
-26.77960
-26.77612
-26.77263
-26.76914
-26.76566
-26.76217
-26.75869
-26.75520
-26.75171
-26.74822
-26.74473
-26.74124
-26.73776
-26.73427
-26.73078
-26.72729
-26.72379
-26.72030
-26.71681
-26.71332
-26.70983
-26.70633
-26.70284
-26.69935
-26.69585
-26.69236
-26.68886
-26.68537
-26.68187
-26.67838
-26.67488
-26.67138
-26.66789
-26.66439
-26.66089
-26.65739
-26.65389
-26.65039
-26.64689
-26.64339
-26.63989
-26.63639
-26.63289
-26.62939
-26.62589
-26.62239
-26.61888
-26.61538
-26.61188
-26.60837
-26.60487
-26.60136
-26.59786
-26.59435
-26.59084
-26.58734
-26.58383
-26.58032
-26.57682
-26.57331
-26.56980
-26.56629
-26.56278
-26.55927
-26.55576
-26.55225
-26.54874
-26.54523
-26.54172
-26.53820
-26.53469
-26.53118
-26.52767
-26.52415
-26.52064
-26.51712
-26.51361
-26.51009
-26.50658
-26.50306
-26.49954
-26.49603
-26.49251
-26.48899
-26.48547
-26.48196
-26.47844
-26.47492
-26.47140
-26.46788
-26.46436
-26.46084
-26.45731
-26.45379
-26.45027
-26.44675
-26.44322
-26.43970
-26.43618
-26.43265
-26.42913
-26.42560
-26.42208
-26.41855
-26.41502
-26.41150
-26.40797
-26.40444
-26.40092
-26.39739
-26.39386
-26.39033
-26.38680
-26.38327
-26.37974
-26.37621
-26.37268
-26.36915
-26.36561
-26.36208
-26.35855
-26.35501
-26.35148
-26.34795
-26.34441
-26.34088
-26.33734
-26.33381
-26.33027
-26.32673
-26.32320
-26.31966
-26.31612
-26.31258
-26.30905
-26.30551
-26.30197
-26.29843
-26.29489
-26.29135
-26.28780
-26.28426
-26.28072
-26.27718
-26.27364
-26.27009
-26.26655
-26.26301
-26.25946
-26.25592
-26.25237
-26.24883
-26.24528
-26.24173
-26.23819
-26.23464
-26.23109
-26.22754
-26.22400
-26.22045
-26.21690
-26.21335
-26.20980
-26.20625
-26.20270
-26.19915
-26.19559
-26.19204
-26.18849
-26.18494
-26.18138
-26.17783
-26.17427
-26.17072
-26.16716
-26.16361
-26.16005
-26.15650
-26.15294
-26.14938
-26.14583
-26.14227
-26.13871
-26.13515
-26.13159
-26.12803
-26.12447
-26.12091
-26.11735
-26.11379
-26.11023
-26.10667
-26.10310
-26.09954
-26.09598
-26.09241
-26.08885
-26.08528
-26.08172
-26.07815
-26.07459
-26.07102
-26.06745
-26.06389
-26.06032
-26.05675
-26.05318
-26.04962
-26.04605
-26.04248
-26.03891
-26.03534
-26.03177
-26.02819
-26.02462
-26.02105
-26.01748
-26.01390
-26.01033
-26.00676
-26.00318
-25.99961
-25.99603
-25.99246
-25.98888
-25.98531
-25.98173
-25.97815
-25.97458
-25.97100
-25.96742
-25.96384
-25.96026
-25.95668
-25.95310
-25.94952
-25.94594
-25.94236
-25.93878
-25.93519
-25.93161
-25.92803
-25.92445
-25.92086
-25.91728
-25.91369
-25.91011
-25.90652
-25.90294
-25.89935
-25.89576
-25.89218
-25.88859
-25.88500
-25.88141
-25.87782
-25.87423
-25.87064
-25.86705
-25.86346
-25.85987
-25.85628
-25.85269
-25.84910
-25.84550
-25.84191
-25.83832
-25.83472
-25.83113
-25.82753
-25.82394
-25.82034
-25.81675
-25.81315
-25.80955
-25.80596
-25.80236
-25.79876
-25.79516
-25.79156
-25.78796
-25.78436
-25.78076
-25.77716
-25.77356
-25.76996
-25.76636
-25.76276
-25.75915
-25.75555
-25.75195
-25.74834
-25.74474
-25.74113
-25.73753
-25.73392
-25.73032
-25.72671
-25.72310
-25.71949
-25.71589
-25.71228
-25.70867
-25.70506
-25.70145
-25.69784
-25.69423
-25.69062
-25.68701
-25.68340
-25.67978
-25.67617
-25.67256
-25.66895
-25.66533
-25.66172
-25.65810
-25.65449
-25.65087
-25.64726
-25.64364
-25.64002
-25.63640
-25.63279
-25.62917
-25.62555
-25.62193
-25.61831
-25.61469
-25.61107
-25.60745
-25.60383
-25.60021
-25.59659
-25.59296
-25.58934
-25.58572
-25.58209
-25.57847
-25.57484
-25.57122
-25.56759
-25.56397
-25.56034
-25.55672
-25.55309
-25.54946
-25.54583
-25.54220
-25.53858
-25.53495
-25.53132
-25.52769
-25.52406
-25.52042
-25.51679
-25.51316
-25.50953
-25.50590
-25.50226
-25.49863
-25.49499
-25.49136
-25.48773
-25.48409
-25.48045
-25.47682
-25.47318
-25.46954
-25.46591
-25.46227
-25.45863
-25.45499
-25.45135
-25.44771
-25.44407
-25.44043
-25.43679
-25.43315
-25.42951
-25.42587
-25.42222
-25.41858
-25.41494
-25.41129
-25.40765
-25.40400
-25.40036
-25.39671
-25.39307
-25.38942
-25.38577
-25.38212
-25.37848
-25.37483
-25.37118
-25.36753
-25.36388
-25.36023
-25.35658
-25.35293
-25.34928
-25.34562
-25.34197
-25.33832
-25.33467
-25.33101
-25.32736
-25.32370
-25.32005
-25.31639
-25.31274
-25.30908
-25.30543
-25.30177
-25.29811
-25.29445
-25.29079
-25.28714
-25.28348
-25.27982
-25.27616
-25.27250
-25.26883
-25.26517
-25.26151
-25.25785
-25.25419
-25.25052
-25.24686
-25.24320
-25.23953
-25.23587
-25.23220
-25.22853
-25.22487
-25.22120
-25.21753
-25.21387
-25.21020
-25.20653
-25.20286
-25.19919
-25.19552
-25.19185
-25.18818
-25.18451
-25.18084
-25.17717
-25.17349
-25.16982
-25.16615
-25.16247
-25.15880
-25.15512
-25.15145
-25.14777
-25.14410
-25.14042
-25.13674
-25.13307
-25.12939
-25.12571
-25.12203
-25.11835
-25.11467
-25.11099
-25.10731
-25.10363
-25.09995
-25.09627
-25.09259
-25.08890
-25.08522
-25.08154
-25.07785
-25.07417
-25.07048
-25.06680
-25.06311
-25.05943
-25.05574
-25.05205
-25.04837
-25.04468
-25.04099
-25.03730
-25.03361
-25.02992
-25.02623
-25.02254
-25.01885
-25.01516
-25.01147
-25.00777
-25.00408
-25.00039
-24.99669
-24.99300
-24.98931
-24.98561
-24.98191
-24.97822
-24.97452
-24.97083
-24.96713
-24.96343
-24.95973
-24.95603
-24.95233
-24.94864
-24.94493
-24.94123
-24.93753
-24.93383
-24.93013
-24.92643
-24.92273
-24.91902
-24.91532
-24.91161
-24.90791
-24.90421
-24.90050
-24.89679
-24.89309
-24.88938
-24.88567
-24.88197
-24.87826
-24.87455
-24.87084
-24.86713
-24.86342
-24.85971
-24.85600
-24.85229
-24.84858
-24.84487
-24.84115
-24.83744
-24.83373
-24.83001
-24.82630
-24.82258
-24.81887
-24.81515
-24.81144
-24.80772
-24.80400
-24.80028
-24.79657
-24.79285
-24.78913
-24.78541
-24.78169
-24.77797
-24.77425
-24.77053
-24.76681
-24.76308
-24.75936
-24.75564
-24.75192
-24.74819
-24.74447
-24.74074
-24.73702
-24.73329
-24.72957
-24.72584
-24.72211
-24.71838
-24.71466
-24.71093
-24.70720
-24.70347
-24.69974
-24.69601
-24.69228
-24.68855
-24.68482
-24.68108
-24.67735
-24.67362
-24.66989
-24.66615
-24.66242
-24.65868
-24.65495
-24.65121
-24.64748
-24.64374
-24.64000
-24.63626
-24.63253
-24.62879
-24.62505
-24.62131
-24.61757
-24.61383
-24.61009
-24.60635
-24.60261
-24.59886
-24.59512
-24.59138
-24.58764
-24.58389
-24.58015
-24.57640
-24.57266
-24.56891
-24.56516
-24.56142
-24.55767
-24.55392
-24.55018
-24.54643
-24.54268
-24.53893
-24.53518
-24.53143
-24.52768
-24.52393
-24.52017
-24.51642
-24.51267
-24.50892
-24.50516
-24.50141
-24.49765
-24.49390
-24.49014
-24.48639
-24.48263
-24.47888
-24.47512
-24.47136
-24.46760
-24.46384
-24.46008
-24.45633
-24.45257
-24.44880
-24.44504
-24.44128
-24.43752
-24.43376
-24.43000
-24.42623
-24.42247
-24.41870
-24.41494
-24.41117
-24.40741
-24.40364
-24.39988
-24.39611
-24.39234
-24.38857
-24.38481
-24.38104
-24.37727
-24.37350
-24.36973
-24.36596
-24.36219
-24.35841
-24.35464
-24.35087
-24.34710
-24.34332
-24.33955
-24.33578
-24.33200
-24.32823
-24.32445
-24.32067
-24.31690
-24.31312
-24.30934
-24.30556
-24.30179
-24.29801
-24.29423
-24.29045
-24.28667
-24.28289
-24.27910
-24.27532
-24.27154
-24.26776
-24.26397
-24.26019
-24.25641
-24.25262
-24.24884
-24.24505
-24.24126
-24.23748
-24.23369
-24.22990
-24.22612
-24.22233
-24.21854
-24.21475
-24.21096
-24.20717
-24.20338
-24.19959
-24.19580
-24.19200
-24.18821
-24.18442
-24.18062
-24.17683
-24.17304
-24.16924
-24.16545
-24.16165
-24.15785
-24.15406
-24.15026
-24.14646
-24.14266
-24.13886
-24.13507
-24.13127
-24.12747
-24.12366
-24.11986
-24.11606
-24.11226
-24.10846
-24.10465
-24.10085
-24.09705
-24.09324
-24.08944
-24.08563
-24.08183
-24.07802
-24.07421
-24.07041
-24.06660
-24.06279
-24.05898
-24.05517
-24.05136
-24.04755
-24.04374
-24.03993
-24.03612
-24.03231
-24.02850
-24.02468
-24.02087
-24.01706
-24.01324
-24.00943
-24.00561
-24.00180
-23.99798
-23.99416
-23.99035
-23.98653
-23.98271
-23.97889
-23.97507
-23.97125
-23.96743
-23.96361
-23.95979
-23.95597
-23.95215
-23.94832
-23.94450
-23.94068
-23.93685
-23.93303
-23.92921
-23.92538
-23.92155
-23.91773
-23.91390
-23.91007
-23.90625
-23.90242
-23.89859
-23.89476
-23.89093
-23.88710
-23.88327
-23.87944
-23.87561
-23.87178
-23.86794
-23.86411
-23.86028
-23.85644
-23.85261
-23.84877
-23.84494
-23.84110
-23.83727
-23.83343
-23.82959
-23.82575
-23.82192
-23.81808
-23.81424
-23.81040
-23.80656
-23.80272
-23.79888
-23.79504
-23.79119
-23.78735
-23.78351
-23.77966
-23.77582
-23.77198
-23.76813
-23.76429
-23.76044
-23.75659
-23.75275
-23.74890
-23.74505
-23.74120
-23.73735
-23.73350
-23.72965
-23.72580
-23.72195
-23.71810
-23.71425
-23.71040
-23.70655
-23.70269
-23.69884
-23.69498
-23.69113
-23.68727
-23.68342
-23.67956
-23.67571
-23.67185
-23.66799
-23.66413
-23.66028
-23.65642
-23.65256
-23.64870
-23.64484
-23.64098
-23.63711
-23.63325
-23.62939
-23.62553
-23.62166
-23.61780
-23.61393
-23.61007
-23.60620
-23.60234
-23.59847
-23.59461
-23.59074
-23.58687
-23.58300
-23.57913
-23.57526
-23.57139
-23.56752
-23.56365
-23.55978
-23.55591
-23.55204
-23.54817
-23.54429
-23.54042
-23.53654
-23.53267
-23.52880
-23.52492
-23.52104
-23.51717
-23.51329
-23.50941
-23.50553
-23.50166
-23.49778
-23.49390
-23.49002
-23.48614
-23.48226
-23.47837
-23.47449
-23.47061
-23.46673
-23.46284
-23.45896
-23.45507
-23.45119
-23.44730
-23.44342
-23.43953
-23.43564
-23.43176
-23.42787
-23.42398
-23.42009
-23.41620
-23.41231
-23.40842
-23.40453
-23.40064
-23.39675
-23.39286
-23.38896
-23.38507
-23.38118
-23.37728
-23.37339
-23.36949
-23.36560
-23.36170
-23.35780
-23.35391
-23.35001
-23.34611
-23.34221
-23.33831
-23.33441
-23.33051
-23.32661
-23.32271
-23.31881
-23.31491
-23.31100
-23.30710
-23.30320
-23.29929
-23.29539
-23.29148
-23.28758
-23.28367
-23.27976
-23.27586
-23.27195
-23.26804
-23.26413
-23.26022
-23.25631
-23.25240
-23.24849
-23.24458
-23.24067
-23.23676
-23.23284
-23.22893
-23.22502
-23.22110
-23.21719
-23.21327
-23.20936
-23.20544
-23.20152
-23.19761
-23.19369
-23.18977
-23.18585
-23.18193
-23.17801
-23.17409
-23.17017
-23.16625
-23.16233
-23.15841
-23.15448
-23.15056
-23.14664
-23.14271
-23.13879
-23.13486
-23.13094
-23.12701
-23.12308
-23.11916
-23.11523
-23.11130
-23.10737
-23.10344
-23.09951
-23.09558
-23.09165
-23.08772
-23.08379
-23.07986
-23.07592
-23.07199
-23.06806
-23.06412
-23.06019
-23.05625
-23.05232
-23.04838
-23.04444
-23.04051
-23.03657
-23.03263
-23.02869
-23.02475
-23.02081
-23.01687
-23.01293
-23.00899
-23.00505
-23.00110
-22.99716
-22.99322
-22.98927
-22.98533
-22.98138
-22.97744
-22.97349
-22.96955
-22.96560
-22.96165
-22.95770
-22.95376
-22.94981
-22.94586
-22.94191
-22.93796
-22.93401
-22.93005
-22.92610
-22.92215
-22.91820
-22.91424
-22.91029
-22.90633
-22.90238
-22.89842
-22.89447
-22.89051
-22.88655
-22.88260
-22.87864
-22.87468
-22.87072
-22.86676
-22.86280
-22.85884
-22.85488
-22.85092
-22.84695
-22.84299
-22.83903
-22.83506
-22.83110
-22.82713
-22.82317
-22.81920
-22.81524
-22.81127
-22.80730
-22.80333
-22.79937
-22.79540
-22.79143
-22.78746
-22.78349
-22.77952
-22.77554
-22.77157
-22.76760
-22.76363
-22.75965
-22.75568
-22.75171
-22.74773
-22.74375
-22.73978
-22.73580
-22.73182
-22.72785
-22.72387
-22.71989
-22.71591
-22.71193
-22.70795
-22.70397
-22.69999
-22.69601
-22.69202
-22.68804
-22.68406
-22.68007
-22.67609
-22.67210
-22.66812
-22.66413
-22.66015
-22.65616
-22.65217
-22.64818
-22.64420
-22.64021
-22.63622
-22.63223
-22.62824
-22.62425
-22.62025
-22.61626
-22.61227
-22.60828
-22.60428
-22.60029
-22.59629
-22.59230
-22.58830
-22.58431
-22.58031
-22.57631
-22.57231
-22.56831
-22.56432
-22.56032
-22.55632
-22.55232
-22.54831
-22.54431
-22.54031
-22.53631
-22.53231
-22.52830
-22.52430
-22.52029
-22.51629
-22.51228
-22.50828
-22.50427
-22.50026
-22.49625
-22.49225
-22.48824
-22.48423
-22.48022
-22.47621
-22.47220
-22.46818
-22.46417
-22.46016
-22.45615
-22.45213
-22.44812
-22.44410
-22.44009
-22.43607
-22.43206
-22.42804
-22.42402
-22.42000
-22.41599
-22.41197
-22.40795
-22.40393
-22.39991
-22.39589
-22.39187
-22.38784
-22.38382
-22.37980
-22.37577
-22.37175
-22.36773
-22.36370
-22.35967
-22.35565
-22.35162
-22.34759
-22.34357
-22.33954
-22.33551
-22.33148
-22.32745
-22.32342
-22.31939
-22.31536
-22.31132
-22.30729
-22.30326
-22.29923
-22.29519
-22.29116
-22.28712
-22.28309
-22.27905
-22.27501
-22.27098
-22.26694
-22.26290
-22.25886
-22.25482
-22.25078
-22.24674
-22.24270
-22.23866
-22.23461
-22.23057
-22.22653
-22.22249
-22.21844
-22.21440
-22.21035
-22.20630
-22.20226
-22.19821
-22.19416
-22.19012
-22.18607
-22.18202
-22.17797
-22.17392
-22.16987
-22.16582
-22.16176
-22.15771
-22.15366
-22.14961
-22.14555
-22.14150
-22.13744
-22.13339
-22.12933
-22.12527
-22.12122
-22.11716
-22.11310
-22.10904
-22.10498
-22.10092
-22.09686
-22.09280
-22.08874
-22.08468
-22.08062
-22.07655
-22.07249
-22.06843
-22.06436
-22.06030
-22.05623
-22.05216
-22.04810
-22.04403
-22.03996
-22.03589
-22.03183
-22.02776
-22.02369
-22.01961
-22.01554
-22.01147
-22.00740
-22.00333
-21.99925
-21.99518
-21.99111
-21.98703
-21.98296
-21.97888
-21.97480
-21.97073
-21.96665
-21.96257
-21.95849
-21.95441
-21.95033
-21.94625
-21.94217
-21.93809
-21.93401
-21.92993
-21.92584
-21.92176
-21.91767
-21.91359
-21.90950
-21.90542
-21.90133
-21.89725
-21.89316
-21.88907
-21.88498
-21.88089
-21.87680
-21.87271
-21.86862
-21.86453
-21.86044
-21.85635
-21.85225
-21.84816
-21.84407
-21.83997
-21.83588
-21.83178
-21.82769
-21.82359
-21.81949
-21.81539
-21.81130
-21.80720
-21.80310
-21.79900
-21.79490
-21.79080
-21.78670
-21.78259
-21.77849
-21.77439
-21.77028
-21.76618
-21.76207
-21.75797
-21.75386
-21.74976
-21.74565
-21.74154
-21.73743
-21.73332
-21.72922
-21.72511
-21.72100
-21.71688
-21.71277
-21.70866
-21.70455
-21.70044
-21.69632
-21.69221
-21.68809
-21.68398
-21.67986
-21.67575
-21.67163
-21.66751
-21.66339
-21.65927
-21.65515
-21.65104
-21.64691
-21.64279
-21.63867
-21.63455
-21.63043
-21.62630
-21.62218
-21.61806
-21.61393
-21.60981
-21.60568
-21.60155
-21.59743
-21.59330
-21.58917
-21.58504
-21.58091
-21.57679
-21.57265
-21.56852
-21.56439
-21.56026
-21.55613
-21.55200
-21.54786
-21.54373
-21.53959
-21.53546
-21.53132
-21.52719
-21.52305
-21.51891
-21.51477
-21.51063
-21.50649
-21.50236
-21.49821
-21.49407
-21.48993
-21.48579
-21.48165
-21.47750
-21.47336
-21.46922
-21.46507
-21.46093
-21.45678
-21.45263
-21.44849
-21.44434
-21.44019
-21.43604
-21.43189
-21.42774
-21.42359
-21.41944
-21.41529
-21.41114
-21.40699
-21.40283
-21.39868
-21.39453
-21.39037
-21.38622
-21.38206
-21.37790
-21.37375
-21.36959
-21.36543
-21.36127
-21.35711
-21.35295
-21.34879
-21.34463
-21.34047
-21.33631
-21.33214
-21.32798
-21.32382
-21.31965
-21.31549
-21.31132
-21.30716
-21.30299
-21.29882
-21.29465
-21.29049
-21.28632
-21.28215
-21.27798
-21.27381
-21.26963
-21.26546
-21.26129
-21.25712
-21.25294
-21.24877
-21.24460
-21.24042
-21.23624
-21.23207
-21.22789
-21.22371
-21.21954
-21.21536
-21.21118
-21.20700
-21.20282
-21.19864
-21.19446
-21.19027
-21.18609
-21.18191
-21.17772
-21.17354
-21.16936
-21.16517
-21.16098
-21.15680
-21.15261
-21.14842
-21.14423
-21.14005
-21.13586
-21.13167
-21.12748
-21.12328
-21.11909
-21.11490
-21.11071
-21.10651
-21.10232
-21.09813
-21.09393
-21.08973
-21.08554
-21.08134
-21.07714
-21.07295
-21.06875
-21.06455
-21.06035
-21.05615
-21.05195
-21.04775
-21.04354
-21.03934
-21.03514
-21.03093
-21.02673
-21.02252
-21.01832
-21.01411
-21.00991
-21.00570
-21.00149
-20.99728
-20.99307
-20.98886
-20.98465
-20.98044
-20.97623
-20.97202
-20.96781
-20.96360
-20.95938
-20.95517
-20.95095
-20.94674
-20.94252
-20.93831
-20.93409
-20.92987
-20.92565
-20.92143
-20.91721
-20.91299
-20.90877
-20.90455
-20.90033
-20.89611
-20.89189
-20.88766
-20.88344
-20.87921
-20.87499
-20.87076
-20.86654
-20.86231
-20.85808
-20.85385
-20.84963
-20.84540
-20.84117
-20.83694
-20.83271
-20.82847
-20.82424
-20.82001
-20.81578
-20.81154
-20.80731
-20.80307
-20.79884
-20.79460
-20.79036
-20.78613
-20.78189
-20.77765
-20.77341
-20.76917
-20.76493
-20.76069
-20.75645
-20.75221
-20.74796
-20.74372
-20.73948
-20.73523
-20.73099
-20.72674
-20.72250
-20.71825
-20.71400
-20.70975
-20.70551
-20.70126
-20.69701
-20.69276
-20.68851
-20.68425
-20.68000
-20.67575
-20.67150
-20.66724
-20.66299
-20.65873
-20.65448
-20.65022
-20.64596
-20.64171
-20.63745
-20.63319
-20.62893
-20.62467
-20.62041
-20.61615
-20.61189
-20.60763
-20.60336
-20.59910
-20.59484
-20.59057
-20.58631
-20.58204
-20.57778
-20.57351
-20.56924
-20.56497
-20.56071
-20.55644
-20.55217
-20.54790
-20.54363
-20.53935
-20.53508
-20.53081
-20.52654
-20.52226
-20.51799
-20.51371
-20.50944
-20.50516
-20.50088
-20.49661
-20.49233
-20.48805
-20.48377
-20.47949
-20.47521
-20.47093
-20.46665
-20.46236
-20.45808
-20.45380
-20.44951
-20.44523
-20.44094
-20.43666
-20.43237
-20.42809
-20.42380
-20.41951
-20.41522
-20.41093
-20.40664
-20.40235
-20.39806
-20.39377
-20.38947
-20.38518
-20.38089
-20.37659
-20.37230
-20.36800
-20.36371
-20.35941
-20.35511
-20.35082
-20.34652
-20.34222
-20.33792
-20.33362
-20.32932
-20.32502
-20.32071
-20.31641
-20.31211
-20.30781
-20.30350
-20.29920
-20.29489
-20.29058
-20.28628
-20.28197
-20.27766
-20.27335
-20.26904
-20.26473
-20.26042
-20.25611
-20.25180
-20.24749
-20.24318
-20.23886
-20.23455
-20.23023
-20.22592
-20.22160
-20.21729
-20.21297
-20.20865
-20.20433
-20.20001
-20.19569
-20.19137
-20.18705
-20.18273
-20.17841
-20.17409
-20.16976
-20.16544
-20.16112
-20.15679
-20.15246
-20.14814
-20.14381
-20.13948
-20.13516
-20.13083
-20.12650
-20.12217
-20.11784
-20.11351
-20.10917
-20.10484
-20.10051
-20.09618
-20.09184
-20.08751
-20.08317
-20.07884
-20.07450
-20.07016
-20.06582
-20.06149
-20.05715
-20.05281
-20.04847
-20.04413
-20.03978
-20.03544
-20.03110
-20.02676
-20.02241
-20.01807
-20.01372
-20.00938
-20.00503
-20.00068
-19.99634
-19.99199
-19.98764
-19.98329
-19.97894
-19.97459
-19.97024
-19.96588
-19.96153
-19.95718
-19.95283
-19.94847
-19.94412
-19.93976
-19.93540
-19.93105
-19.92669
-19.92233
-19.91797
-19.91361
-19.90925
-19.90489
-19.90053
-19.89617
-19.89181
-19.88744
-19.88308
-19.87872
-19.87435
-19.86999
-19.86562
-19.86125
-19.85689
-19.85252
-19.84815
-19.84378
-19.83941
-19.83504
-19.83067
-19.82630
-19.82192
-19.81755
-19.81318
-19.80880
-19.80443
-19.80005
-19.79568
-19.79130
-19.78692
-19.78254
-19.77817
-19.77379
-19.76941
-19.76503
-19.76065
-19.75626
-19.75188
-19.74750
-19.74312
-19.73873
-19.73435
-19.72996
-19.72557
-19.72119
-19.71680
-19.71241
-19.70802
-19.70363
-19.69924
-19.69485
-19.69046
-19.68607
-19.68168
-19.67729
-19.67289
-19.66850
-19.66410
-19.65971
-19.65531
-19.65092
-19.64652
-19.64212
-19.63772
-19.63332
-19.62892
-19.62452
-19.62012
-19.61572
-19.61132
-19.60691
-19.60251
-19.59811
-19.59370
-19.58930
-19.58489
-19.58048
-19.57607
-19.57167
-19.56726
-19.56285
-19.55844
-19.55403
-19.54962
-19.54520
-19.54079
-19.53638
-19.53197
-19.52755
-19.52314
-19.51872
-19.51430
-19.50989
-19.50547
-19.50105
-19.49663
-19.49221
-19.48779
-19.48337
-19.47895
-19.47453
-19.47011
-19.46568
-19.46126
-19.45683
-19.45241
-19.44798
-19.44356
-19.43913
-19.43470
-19.43027
-19.42584
-19.42142
-19.41698
-19.41255
-19.40812
-19.40369
-19.39926
-19.39482
-19.39039
-19.38596
-19.38152
-19.37708
-19.37265
-19.36821
-19.36377
-19.35933
-19.35489
-19.35045
-19.34601
-19.34157
-19.33713
-19.33269
-19.32825
-19.32380
-19.31936
-19.31491
-19.31047
-19.30602
-19.30157
-19.29713
-19.29268
-19.28823
-19.28378
-19.27933
-19.27488
-19.27043
-19.26597
-19.26152
-19.25707
-19.25261
-19.24816
-19.24370
-19.23925
-19.23479
-19.23033
-19.22588
-19.22142
-19.21696
-19.21250
-19.20804
-19.20358
-19.19912
-19.19465
-19.19019
-19.18573
-19.18126
-19.17680
-19.17233
-19.16787
-19.16340
-19.15893
-19.15446
-19.14999
-19.14552
-19.14105
-19.13658
-19.13211
-19.12764
-19.12317
-19.11869
-19.11422
-19.10974
-19.10527
-19.10079
-19.09632
-19.09184
-19.08736
-19.08288
-19.07840
-19.07392
-19.06944
-19.06496
-19.06048
-19.05600
-19.05151
-19.04703
-19.04255
-19.03806
-19.03357
-19.02909
-19.02460
-19.02011
-19.01563
-19.01114
-19.00665
-19.00216
-18.99766
-18.99317
-18.98868
-18.98419
-18.97969
-18.97520
-18.97070
-18.96621
-18.96171
-18.95722
-18.95272
-18.94822
-18.94372
-18.93922
-18.93472
-18.93022
-18.92572
-18.92122
-18.91671
-18.91221
-18.90771
-18.90320
-18.89870
-18.89419
-18.88968
-18.88518
-18.88067
-18.87616
-18.87165
-18.86714
-18.86263
-18.85812
-18.85360
-18.84909
-18.84458
-18.84006
-18.83555
-18.83103
-18.82652
-18.82200
-18.81748
-18.81297
-18.80845
-18.80393
-18.79941
-18.79489
-18.79037
-18.78584
-18.78132
-18.77680
-18.77227
-18.76775
-18.76322
-18.75870
-18.75417
-18.74964
-18.74511
-18.74059
-18.73606
-18.73153
-18.72700
-18.72246
-18.71793
-18.71340
-18.70887
-18.70433
-18.69980
-18.69526
-18.69073
-18.68619
-18.68165
-18.67711
-18.67258
-18.66804
-18.66350
-18.65896
-18.65441
-18.64987
-18.64533
-18.64079
-18.63624
-18.63170
-18.62715
-18.62261
-18.61806
-18.61351
-18.60896
-18.60441
-18.59987
-18.59532
-18.59076
-18.58621
-18.58166
-18.57711
-18.57255
-18.56800
-18.56345
-18.55889
-18.55433
-18.54978
-18.54522
-18.54066
-18.53610
-18.53154
-18.52698
-18.52242
-18.51786
-18.51330
-18.50874
-18.50417
-18.49961
-18.49504
-18.49048
-18.48591
-18.48134
-18.47678
-18.47221
-18.46764
-18.46307
-18.45850
-18.45393
-18.44936
-18.44478
-18.44021
-18.43564
-18.43106
-18.42649
-18.42191
-18.41733
-18.41276
-18.40818
-18.40360
-18.39902
-18.39444
-18.38986
-18.38528
-18.38070
-18.37612
-18.37153
-18.36695
-18.36236
-18.35778
-18.35319
-18.34861
-18.34402
-18.33943
-18.33484
-18.33025
-18.32566
-18.32107
-18.31648
-18.31189
-18.30730
-18.30270
-18.29811
-18.29351
-18.28892
-18.28432
-18.27972
-18.27513
-18.27053
-18.26593
-18.26133
-18.25673
-18.25213
-18.24753
-18.24292
-18.23832
-18.23372
-18.22911
-18.22451
-18.21990
-18.21529
-18.21069
-18.20608
-18.20147
-18.19686
-18.19225
-18.18764
-18.18303
-18.17842
-18.17380
-18.16919
-18.16458
-18.15996
-18.15535
-18.15073
-18.14611
-18.14149
-18.13688
-18.13226
-18.12764
-18.12302
-18.11840
-18.11377
-18.10915
-18.10453
-18.09991
-18.09528
-18.09066
-18.08603
-18.08140
-18.07678
-18.07215
-18.06752
-18.06289
-18.05826
-18.05363
-18.04900
-18.04436
-18.03973
-18.03510
-18.03046
-18.02583
-18.02119
-18.01656
-18.01192
-18.00728
-18.00264
-17.99800
-17.99336
-17.98872
-17.98408
-17.97944
-17.97480
-17.97015
-17.96551
-17.96087
-17.95622
-17.95157
-17.94693
-17.94228
-17.93763
-17.93298
-17.92833
-17.92368
-17.91903
-17.91438
-17.90973
-17.90507
-17.90042
-17.89577
-17.89111
-17.88645
-17.88180
-17.87714
-17.87248
-17.86782
-17.86316
-17.85850
-17.85384
-17.84918
-17.84452
-17.83986
-17.83519
-17.83053
-17.82586
-17.82120
-17.81653
-17.81186
-17.80719
-17.80253
-17.79786
-17.79319
-17.78852
-17.78384
-17.77917
-17.77450
-17.76982
-17.76515
-17.76048
-17.75580
-17.75112
-17.74645
-17.74177
-17.73709
-17.73241
-17.72773
-17.72305
-17.71837
-17.71369
-17.70900
-17.70432
-17.69964
-17.69495
-17.69026
-17.68558
-17.68089
-17.67620
-17.67151
-17.66683
-17.66214
-17.65744
-17.65275
-17.64806
-17.64337
-17.63867
-17.63398
-17.62929
-17.62459
-17.61989
-17.61520
-17.61050
-17.60580
-17.60110
-17.59640
-17.59170
-17.58700
-17.58230
-17.57759
-17.57289
-17.56818
-17.56348
-17.55877
-17.55407
-17.54936
-17.54465
-17.53994
-17.53523
-17.53052
-17.52581
-17.52110
-17.51639
-17.51168
-17.50696
-17.50225
-17.49753
-17.49282
-17.48810
-17.48338
-17.47867
-17.47395
-17.46923
-17.46451
-17.45979
-17.45507
-17.45034
-17.44562
-17.44090
-17.43617
-17.43145
-17.42672
-17.42199
-17.41727
-17.41254
-17.40781
-17.40308
-17.39835
-17.39362
-17.38889
-17.38415
-17.37942
-17.37469
-17.36995
-17.36522
-17.36048
-17.35574
-17.35101
-17.34627
-17.34153
-17.33679
-17.33205
-17.32731
-17.32257
-17.31782
-17.31308
-17.30834
-17.30359
-17.29885
-17.29410
-17.28935
-17.28460
-17.27986
-17.27511
-17.27036
-17.26561
-17.26085
-17.25610
-17.25135
-17.24660
-17.24184
-17.23709
-17.23233
-17.22757
-17.22282
-17.21806
-17.21330
-17.20854
-17.20378
-17.19902
-17.19426
-17.18950
-17.18473
-17.17997
-17.17520
-17.17044
-17.16567
-17.16091
-17.15614
-17.15137
-17.14660
-17.14183
-17.13706
-17.13229
-17.12752
-17.12274
-17.11797
-17.11320
-17.10842
-17.10365
-17.09887
-17.09409
-17.08931
-17.08454
-17.07976
-17.07498
-17.07020
-17.06541
-17.06063
-17.05585
-17.05106
-17.04628
-17.04149
-17.03671
-17.03192
-17.02713
-17.02235
-17.01756
-17.01277
-17.00798
-17.00318
-16.99839
-16.99360
-16.98881
-16.98401
-16.97922
-16.97442
-16.96962
-16.96483
-16.96003
-16.95523
-16.95043
-16.94563
-16.94083
-16.93603
-16.93123
-16.92642
-16.92162
-16.91681
-16.91201
-16.90720
-16.90240
-16.89759
-16.89278
-16.88797
-16.88316
-16.87835
-16.87354
-16.86873
-16.86391
-16.85910
-16.85428
-16.84947
-16.84465
-16.83984
-16.83502
-16.83020
-16.82538
-16.82056
-16.81574
-16.81092
-16.80610
-16.80128
-16.79645
-16.79163
-16.78680
-16.78198
-16.77715
-16.77232
-16.76750
-16.76267
-16.75784
-16.75301
-16.74818
-16.74334
-16.73851
-16.73368
-16.72884
-16.72401
-16.71917
-16.71434
-16.70950
-16.70466
-16.69982
-16.69498
-16.69014
-16.68530
-16.68046
-16.67562
-16.67078
-16.66593
-16.66109
-16.65624
-16.65140
-16.64655
-16.64170
-16.63685
-16.63200
-16.62715
-16.62230
-16.61745
-16.61260
-16.60775
-16.60289
-16.59804
-16.59318
-16.58833
-16.58347
-16.57861
-16.57375
-16.56889
-16.56403
-16.55917
-16.55431
-16.54945
-16.54459
-16.53972
-16.53486
-16.52999
-16.52513
-16.52026
-16.51539
-16.51052
-16.50565
-16.50078
-16.49591
-16.49104
-16.48617
-16.48130
-16.47642
-16.47155
-16.46667
-16.46180
-16.45692
-16.45204
-16.44716
-16.44229
-16.43741
-16.43252
-16.42764
-16.42276
-16.41788
-16.41299
-16.40811
-16.40322
-16.39834
-16.39345
-16.38856
-16.38368
-16.37879
-16.37390
-16.36901
-16.36411
-16.35922
-16.35433
-16.34943
-16.34454
-16.33964
-16.33475
-16.32985
-16.32495
-16.32006
-16.31516
-16.31026
-16.30536
-16.30045
-16.29555
-16.29065
-16.28574
-16.28084
-16.27593
-16.27103
-16.26612
-16.26121
-16.25630
-16.25139
-16.24648
-16.24157
-16.23666
-16.23175
-16.22684
-16.22192
-16.21701
-16.21209
-16.20717
-16.20226
-16.19734
-16.19242
-16.18750
-16.18258
-16.17766
-16.17274
-16.16781
-16.16289
-16.15797
-16.15304
-16.14812
-16.14319
-16.13826
-16.13333
-16.12840
-16.12347
-16.11854
-16.11361
-16.10868
-16.10375
-16.09881
-16.09388
-16.08894
-16.08401
-16.07907
-16.07413
-16.06919
-16.06426
-16.05932
-16.05437
-16.04943
-16.04449
-16.03955
-16.03460
-16.02966
-16.02471
-16.01977
-16.01482
-16.00987
-16.00492
-15.99997
-15.99502
-15.99007
-15.98512
-15.98017
-15.97521
-15.97026
-15.96530
-15.96035
-15.95539
-15.95043
-15.94548
-15.94052
-15.93556
-15.93060
-15.92563
-15.92067
-15.91571
-15.91075
-15.90578
-15.90081
-15.89585
-15.89088
-15.88591
-15.88095
-15.87598
-15.87101
-15.86603
-15.86106
-15.85609
-15.85112
-15.84614
-15.84117
-15.83619
-15.83121
-15.82624
-15.82126
-15.81628
-15.81130
-15.80632
-15.80134
-15.79636
-15.79137
-15.78639
-15.78140
-15.77642
-15.77143
-15.76644
-15.76146
-15.75647
-15.75148
-15.74649
-15.74150
-15.73650
-15.73151
-15.72652
-15.72152
-15.71653
-15.71153
-15.70654
-15.70154
-15.69654
-15.69154
-15.68654
-15.68154
-15.67654
-15.67154
-15.66653
-15.66153
-15.65652
-15.65152
-15.64651
-15.64150
-15.63650
-15.63149
-15.62648
-15.62147
-15.61646
-15.61144
-15.60643
-15.60142
-15.59640
-15.59139
-15.58637
-15.58135
-15.57633
-15.57132
-15.56630
-15.56128
-15.55626
-15.55123
-15.54621
-15.54119
-15.53616
-15.53114
-15.52611
-15.52108
-15.51606
-15.51103
-15.50600
-15.50097
-15.49594
-15.49091
-15.48587
-15.48084
-15.47581
-15.47077
-15.46573
-15.46070
-15.45566
-15.45062
-15.44558
-15.44054
-15.43550
-15.43046
-15.42542
-15.42037
-15.41533
-15.41029
-15.40524
-15.40019
-15.39515
-15.39010
-15.38505
-15.38000
-15.37495
-15.36990
-15.36484
-15.35979
-15.35474
-15.34968
-15.34463
-15.33957
-15.33451
-15.32945
-15.32439
-15.31934
-15.31427
-15.30921
-15.30415
-15.29909
-15.29402
-15.28896
-15.28389
-15.27883
-15.27376
-15.26869
-15.26362
-15.25855
-15.25348
-15.24841
-15.24334
-15.23827
-15.23319
-15.22812
-15.22304
-15.21796
-15.21289
-15.20781
-15.20273
-15.19765
-15.19257
-15.18749
-15.18241
-15.17732
-15.17224
-15.16715
-15.16207
-15.15698
-15.15189
-15.14681
-15.14172
-15.13663
-15.13154
-15.12645
-15.12135
-15.11626
-15.11117
-15.10607
-15.10098
-15.09588
-15.09078
-15.08568
-15.08058
-15.07548
-15.07038
-15.06528
-15.06018
-15.05508
-15.04997
-15.04487
-15.03976
-15.03466
-15.02955
-15.02444
-15.01933
-15.01422
-15.00911
-15.00400
-14.99889
-14.99377
-14.98866
-14.98354
-14.97843
-14.97331
-14.96819
-14.96307
-14.95795
-14.95283
-14.94771
-14.94259
-14.93747
-14.93235
-14.92722
-14.92210
-14.91697
-14.91184
-14.90671
-14.90159
-14.89646
-14.89133
-14.88619
-14.88106
-14.87593
-14.87080
-14.86566
-14.86053
-14.85539
-14.85025
-14.84511
-14.83998
-14.83484
-14.82970
-14.82455
-14.81941
-14.81427
-14.80912
-14.80398
-14.79883
-14.79369
-14.78854
-14.78339
-14.77824
-14.77309
-14.76794
-14.76279
-14.75764
-14.75248
-14.74733
-14.74217
-14.73702
-14.73186
-14.72670
-14.72155
-14.71639
-14.71123
-14.70606
-14.70090
-14.69574
-14.69058
-14.68541
-14.68025
-14.67508
-14.66991
-14.66474
-14.65957
-14.65440
-14.64923
-14.64406
-14.63889
-14.63372
-14.62854
-14.62337
-14.61819
-14.61302
-14.60784
-14.60266
-14.59748
-14.59230
-14.58712
-14.58194
-14.57675
-14.57157
-14.56639
-14.56120
-14.55601
-14.55083
-14.54564
-14.54045
-14.53526
-14.53007
-14.52488
-14.51969
-14.51449
-14.50930
-14.50410
-14.49891
-14.49371
-14.48851
-14.48331
-14.47811
-14.47291
-14.46771
-14.46251
-14.45731
-14.45210
-14.44690
-14.44169
-14.43649
-14.43128
-14.42607
-14.42086
-14.41565
-14.41044
-14.40523
-14.40002
-14.39481
-14.38959
-14.38438
-14.37916
-14.37394
-14.36873
-14.36351
-14.35829
-14.35307
-14.34785
-14.34262
-14.33740
-14.33218
-14.32695
-14.32173
-14.31650
-14.31127
-14.30604
-14.30081
-14.29558
-14.29035
-14.28512
-14.27989
-14.27465
-14.26942
-14.26418
-14.25895
-14.25371
-14.24847
-14.24323
-14.23799
-14.23275
-14.22751
-14.22227
-14.21703
-14.21178
-14.20654
-14.20129
-14.19604
-14.19080
-14.18555
-14.18030
-14.17505
-14.16979
-14.16454
-14.15929
-14.15404
-14.14878
-14.14352
-14.13827
-14.13301
-14.12775
-14.12249
-14.11723
-14.11197
-14.10671
-14.10144
-14.09618
-14.09092
-14.08565
-14.08038
-14.07512
-14.06985
-14.06458
-14.05931
-14.05404
-14.04876
-14.04349
-14.03822
-14.03294
-14.02767
-14.02239
-14.01711
-14.01184
-14.00656
-14.00128
-13.99600
-13.99071
-13.98543
-13.98015
-13.97486
-13.96958
-13.96429
-13.95900
-13.95371
-13.94843
-13.94314
-13.93784
-13.93255
-13.92726
-13.92197
-13.91667
-13.91138
-13.90608
-13.90078
-13.89548
-13.89019
-13.88489
-13.87958
-13.87428
-13.86898
-13.86368
-13.85837
-13.85307
-13.84776
-13.84245
-13.83714
-13.83183
-13.82652
-13.82121
-13.81590
-13.81059
-13.80528
-13.79996
-13.79465
-13.78933
-13.78401
-13.77869
-13.77337
-13.76805
-13.76273
-13.75741
-13.75209
-13.74677
-13.74144
-13.73611
-13.73079
-13.72546
-13.72013
-13.71480
-13.70947
-13.70414
-13.69881
-13.69348
-13.68814
-13.68281
-13.67747
-13.67214
-13.66680
-13.66146
-13.65612
-13.65078
-13.64544
-13.64010
-13.63476
-13.62941
-13.62407
-13.61872
-13.61337
-13.60803
-13.60268
-13.59733
-13.59198
-13.58663
-13.58127
-13.57592
-13.57057
-13.56521
-13.55986
-13.55450
-13.54914
-13.54378
-13.53842
-13.53306
-13.52770
-13.52234
-13.51697
-13.51161
-13.50625
-13.50088
-13.49551
-13.49014
-13.48477
-13.47941
-13.47403
-13.46866
-13.46329
-13.45792
-13.45254
-13.44717
-13.44179
-13.43641
-13.43103
-13.42565
-13.42027
-13.41489
-13.40951
-13.40413
-13.39874
-13.39336
-13.38797
-13.38259
-13.37720
-13.37181
-13.36642
-13.36103
-13.35564
-13.35025
-13.34485
-13.33946
-13.33406
-13.32867
-13.32327
-13.31787
-13.31247
-13.30707
-13.30167
-13.29627
-13.29087
-13.28547
-13.28006
-13.27466
-13.26925
-13.26384
-13.25843
-13.25302
-13.24761
-13.24220
-13.23679
-13.23138
-13.22596
-13.22055
-13.21513
-13.20972
-13.20430
-13.19888
-13.19346
-13.18804
-13.18262
-13.17719
-13.17177
-13.16635
-13.16092
-13.15550
-13.15007
-13.14464
-13.13921
-13.13378
-13.12835
-13.12292
-13.11748
-13.11205
-13.10662
-13.10118
-13.09574
-13.09030
-13.08487
-13.07943
-13.07399
-13.06854
-13.06310
-13.05766
-13.05221
-13.04677
-13.04132
-13.03587
-13.03043
-13.02498
-13.01953
-13.01408
-13.00862
-13.00317
-12.99772
-12.99226
-12.98680
-12.98135
-12.97589
-12.97043
-12.96497
-12.95951
-12.95405
-12.94859
-12.94312
-12.93766
-12.93219
-12.92673
-12.92126
-12.91579
-12.91032
-12.90485
-12.89938
-12.89391
-12.88843
-12.88296
-12.87748
-12.87201
-12.86653
-12.86105
-12.85557
-12.85009
-12.84461
-12.83913
-12.83365
-12.82816
-12.82268
-12.81719
-12.81170
-12.80622
-12.80073
-12.79524
-12.78975
-12.78426
-12.77876
-12.77327
-12.76777
-12.76228
-12.75678
-12.75128
-12.74579
-12.74029
-12.73479
-12.72928
-12.72378
-12.71828
-12.71277
-12.70727
-12.70176
-12.69625
-12.69075
-12.68524
-12.67973
-12.67421
-12.66870
-12.66319
-12.65767
-12.65216
-12.64664
-12.64113
-12.63561
-12.63009
-12.62457
-12.61905
-12.61353
-12.60800
-12.60248
-12.59695
-12.59143
-12.58590
-12.58037
-12.57484
-12.56931
-12.56378
-12.55825
-12.55272
-12.54718
-12.54165
-12.53611
-12.53058
-12.52504
-12.51950
-12.51396
-12.50842
-12.50288
-12.49733
-12.49179
-12.48624
-12.48070
-12.47515
-12.46960
-12.46406
-12.45851
-12.45295
-12.44740
-12.44185
-12.43630
-12.43074
-12.42519
-12.41963
-12.41407
-12.40851
-12.40295
-12.39739
-12.39183
-12.38627
-12.38070
-12.37514
-12.36957
-12.36401
-12.35844
-12.35287
-12.34730
-12.34173
-12.33616
-12.33058
-12.32501
-12.31944
-12.31386
-12.30828
-12.30271
-12.29713
-12.29155
-12.28597
-12.28039
-12.27480
-12.26922
-12.26363
-12.25805
-12.25246
-12.24687
-12.24128
-12.23569
-12.23010
-12.22451
-12.21892
-12.21333
-12.20773
-12.20213
-12.19654
-12.19094
-12.18534
-12.17974
-12.17414
-12.16854
-12.16293
-12.15733
-12.15173
-12.14612
-12.14051
-12.13490
-12.12930
-12.12369
-12.11807
-12.11246
-12.10685
-12.10124
-12.09562
-12.09000
-12.08439
-12.07877
-12.07315
-12.06753
-12.06191
-12.05629
-12.05066
-12.04504
-12.03941
-12.03379
-12.02816
-12.02253
-12.01690
-12.01127
-12.00564
-12.00001
-11.99437
-11.98874
-11.98310
-11.97747
-11.97183
-11.96619
-11.96055
-11.95491
-11.94927
-11.94363
-11.93798
-11.93234
-11.92669
-11.92104
-11.91540
-11.90975
-11.90410
-11.89845
-11.89279
-11.88714
-11.88149
-11.87583
-11.87018
-11.86452
-11.85886
-11.85320
-11.84754
-11.84188
-11.83622
-11.83055
-11.82489
-11.81922
-11.81356
-11.80789
-11.80222
-11.79655
-11.79088
-11.78521
-11.77954
-11.77386
-11.76819
-11.76251
-11.75684
-11.75116
-11.74548
-11.73980
-11.73412
-11.72844
-11.72275
-11.71707
-11.71138
-11.70570
-11.70001
-11.69432
-11.68863
-11.68294
-11.67725
-11.67156
-11.66587
-11.66017
-11.65448
-11.64878
-11.64308
-11.63738
-11.63168
-11.62598
-11.62028
-11.61458
-11.60887
-11.60317
-11.59746
-11.59176
-11.58605
-11.58034
-11.57463
-11.56892
-11.56320
-11.55749
-11.55178
-11.54606
-11.54034
-11.53463
-11.52891
-11.52319
-11.51747
-11.51175
-11.50602
-11.50030
-11.49457
-11.48885
-11.48312
-11.47739
-11.47166
-11.46593
-11.46020
-11.45447
-11.44874
-11.44300
-11.43726
-11.43153
-11.42579
-11.42005
-11.41431
-11.40857
-11.40283
-11.39709
-11.39134
-11.38560
-11.37985
-11.37410
-11.36835
-11.36261
-11.35685
-11.35110
-11.34535
-11.33960
-11.33384
-11.32809
-11.32233
-11.31657
-11.31081
-11.30505
-11.29929
-11.29353
-11.28777
-11.28200
-11.27624
-11.27047
-11.26470
-11.25893
-11.25316
-11.24739
-11.24162
-11.23585
-11.23007
-11.22430
-11.21852
-11.21275
-11.20697
-11.20119
-11.19541
-11.18963
-11.18384
-11.17806
-11.17227
-11.16649
-11.16070
-11.15491
-11.14912
-11.14333
-11.13754
-11.13175
-11.12596
-11.12016
-11.11437
-11.10857
-11.10277
-11.09697
-11.09117
-11.08537
-11.07957
-11.07377
-11.06796
-11.06216
-11.05635
-11.05054
-11.04474
-11.03893
-11.03311
-11.02730
-11.02149
-11.01568
-11.00986
-11.00404
-10.99823
-10.99241
-10.98659
-10.98077
-10.97495
-10.96912
-10.96330
-10.95748
-10.95165
-10.94582
-10.93999
-10.93416
-10.92833
-10.92250
-10.91667
-10.91084
-10.90500
-10.89917
-10.89333
-10.88749
-10.88165
-10.87581
-10.86997
-10.86413
-10.85828
-10.85244
-10.84659
-10.84075
-10.83490
-10.82905
-10.82320
-10.81735
-10.81149
-10.80564
-10.79979
-10.79393
-10.78807
-10.78222
-10.77636
-10.77050
-10.76464
-10.75877
-10.75291
-10.74705
-10.74118
-10.73531
-10.72944
-10.72358
-10.71771
-10.71183
-10.70596
-10.70009
-10.69421
-10.68834
-10.68246
-10.67658
-10.67070
-10.66482
-10.65894
-10.65306
-10.64718
-10.64129
-10.63541
-10.62952
-10.62363
-10.61774
-10.61185
-10.60596
-10.60007
-10.59418
-10.58828
-10.58239
-10.57649
-10.57059
-10.56469
-10.55879
-10.55289
-10.54699
-10.54108
-10.53518
-10.52927
-10.52337
-10.51746
-10.51155
-10.50564
-10.49973
-10.49381
-10.48790
-10.48199
-10.47607
-10.47015
-10.46423
-10.45832
-10.45240
-10.44647
-10.44055
-10.43463
-10.42870
-10.42278
-10.41685
-10.41092
-10.40499
-10.39906
-10.39313
-10.38720
-10.38126
-10.37533
-10.36939
-10.36345
-10.35751
-10.35157
-10.34563
-10.33969
-10.33375
-10.32780
-10.32186
-10.31591
-10.30996
-10.30401
-10.29806
-10.29211
-10.28616
-10.28021
-10.27425
-10.26830
-10.26234
-10.25638
-10.25042
-10.24446
-10.23850
-10.23254
-10.22658
-10.22061
-10.21465
-10.20868
-10.20271
-10.19674
-10.19077
-10.18480
-10.17883
-10.17285
-10.16688
-10.16090
-10.15492
-10.14894
-10.14296
-10.13698
-10.13100
-10.12502
-10.11903
-10.11305
-10.10706
-10.10107
-10.09508
-10.08909
-10.08310
-10.07711
-10.07112
-10.06512
-10.05913
-10.05313
-10.04713
-10.04113
-10.03513
-10.02913
-10.02313
-10.01712
-10.01112
-10.00511
-9.99910
-9.99309
-9.98708
-9.98107
-9.97506
-9.96905
-9.96303
-9.95702
-9.95100
-9.94498
-9.93896
-9.93294
-9.92692
-9.92090
-9.91488
-9.90885
-9.90282
-9.89680
-9.89077
-9.88474
-9.87871
-9.87268
-9.86664
-9.86061
-9.85457
-9.84854
-9.84250
-9.83646
-9.83042
-9.82438
-9.81834
-9.81229
-9.80625
-9.80020
-9.79415
-9.78811
-9.78206
-9.77600
-9.76995
-9.76390
-9.75785
-9.75179
-9.74573
-9.73968
-9.73362
-9.72756
-9.72149
-9.71543
-9.70937
-9.70330
-9.69724
-9.69117
-9.68510
-9.67903
-9.67296
-9.66689
-9.66082
-9.65474
-9.64867
-9.64259
-9.63651
-9.63043
-9.62435
-9.61827
-9.61219
-9.60610
-9.60002
-9.59393
-9.58784
-9.58175
-9.57567
-9.56957
-9.56348
-9.55739
-9.55129
-9.54520
-9.53910
-9.53300
-9.52690
-9.52080
-9.51470
-9.50860
-9.50249
-9.49639
-9.49028
-9.48417
-9.47806
-9.47195
-9.46584
-9.45973
-9.45362
-9.44750
-9.44138
-9.43527
-9.42915
-9.42303
-9.41691
-9.41078
-9.40466
-9.39854
-9.39241
-9.38628
-9.38015
-9.37403
-9.36789
-9.36176
-9.35563
-9.34950
-9.34336
-9.33722
-9.33108
-9.32495
-9.31881
-9.31266
-9.30652
-9.30038
-9.29423
-9.28808
-9.28194
-9.27579
-9.26964
-9.26349
-9.25733
-9.25118
-9.24503
-9.23887
-9.23271
-9.22655
-9.22039
-9.21423
-9.20807
-9.20191
-9.19574
-9.18957
-9.18341
-9.17724
-9.17107
-9.16490
-9.15873
-9.15255
-9.14638
-9.14020
-9.13403
-9.12785
-9.12167
-9.11549
-9.10931
-9.10312
-9.09694
-9.09075
-9.08457
-9.07838
-9.07219
-9.06600
-9.05981
-9.05361
-9.04742
-9.04122
-9.03503
-9.02883
-9.02263
-9.01643
-9.01023
-9.00402
-8.99782
-8.99161
-8.98541
-8.97920
-8.97299
-8.96678
-8.96057
-8.95436
-8.94814
-8.94193
-8.93571
-8.92949
-8.92327
-8.91705
-8.91083
-8.90461
-8.89838
-8.89216
-8.88593
-8.87971
-8.87348
-8.86725
-8.86101
-8.85478
-8.84855
-8.84231
-8.83608
-8.82984
-8.82360
-8.81736
-8.81112
-8.80487
-8.79863
-8.79239
-8.78614
-8.77989
-8.77364
-8.76739
-8.76114
-8.75489
-8.74863
-8.74238
-8.73612
-8.72986
-8.72360
-8.71734
-8.71108
-8.70482
-8.69856
-8.69229
-8.68602
-8.67976
-8.67349
-8.66722
-8.66094
-8.65467
-8.64840
-8.64212
-8.63585
-8.62957
-8.62329
-8.61701
-8.61073
-8.60444
-8.59816
-8.59187
-8.58559
-8.57930
-8.57301
-8.56672
-8.56043
-8.55413
-8.54784
-8.54154
-8.53524
-8.52895
-8.52265
-8.51635
-8.51004
-8.50374
-8.49744
-8.49113
-8.48482
-8.47851
-8.47220
-8.46589
-8.45958
-8.45327
-8.44695
-8.44064
-8.43432
-8.42800
-8.42168
-8.41536
-8.40903
-8.40271
-8.39639
-8.39006
-8.38373
-8.37740
-8.37107
-8.36474
-8.35841
-8.35207
-8.34574
-8.33940
-8.33306
-8.32672
-8.32038
-8.31404
-8.30770
-8.30135
-8.29501
-8.28866
-8.28231
-8.27596
-8.26961
-8.26326
-8.25690
-8.25055
-8.24419
-8.23784
-8.23148
-8.22512
-8.21875
-8.21239
-8.20603
-8.19966
-8.19330
-8.18693
-8.18056
-8.17419
-8.16782
-8.16144
-8.15507
-8.14869
-8.14232
-8.13594
-8.12956
-8.12318
-8.11679
-8.11041
-8.10403
-8.09764
-8.09125
-8.08486
-8.07847
-8.07208
-8.06569
-8.05929
-8.05290
-8.04650
-8.04010
-8.03371
-8.02730
-8.02090
-8.01450
-8.00809
-8.00169
-7.99528
-7.98887
-7.98246
-7.97605
-7.96964
-7.96323
-7.95681
-7.95039
-7.94398
-7.93756
-7.93114
-7.92471
-7.91829
-7.91187
-7.90544
-7.89901
-7.89259
-7.88616
-7.87972
-7.87329
-7.86686
-7.86042
-7.85399
-7.84755
-7.84111
-7.83467
-7.82823
-7.82179
-7.81534
-7.80889
-7.80245
-7.79600
-7.78955
-7.78310
-7.77665
-7.77019
-7.76374
-7.75728
-7.75082
-7.74436
-7.73790
-7.73144
-7.72498
-7.71851
-7.71205
-7.70558
-7.69911
-7.69264
-7.68617
-7.67970
-7.67323
-7.66675
-7.66027
-7.65380
-7.64732
-7.64084
-7.63435
-7.62787
-7.62139
-7.61490
-7.60841
-7.60192
-7.59543
-7.58894
-7.58245
-7.57596
-7.56946
-7.56296
-7.55647
-7.54997
-7.54346
-7.53696
-7.53046
-7.52395
-7.51745
-7.51094
-7.50443
-7.49792
-7.49141
-7.48490
-7.47838
-7.47187
-7.46535
-7.45883
-7.45231
-7.44579
-7.43927
-7.43274
-7.42622
-7.41969
-7.41316
-7.40663
-7.40010
-7.39357
-7.38703
-7.38050
-7.37396
-7.36743
-7.36089
-7.35435
-7.34780
-7.34126
-7.33472
-7.32817
-7.32162
-7.31507
-7.30852
-7.30197
-7.29542
-7.28887
-7.28231
-7.27575
-7.26919
-7.26263
-7.25607
-7.24951
-7.24295
-7.23638
-7.22982
-7.22325
-7.21668
-7.21011
-7.20353
-7.19696
-7.19039
-7.18381
-7.17723
-7.17065
-7.16407
-7.15749
-7.15091
-7.14432
-7.13774
-7.13115
-7.12456
-7.11797
-7.11138
-7.10478
-7.09819
-7.09159
-7.08500
-7.07840
-7.07180
-7.06520
-7.05859
-7.05199
-7.04538
-7.03878
-7.03217
-7.02556
-7.01895
-7.01233
-7.00572
-6.99911
-6.99249
-6.98587
-6.97925
-6.97263
-6.96601
-6.95938
-6.95276
-6.94613
-6.93950
-6.93287
-6.92624
-6.91961
-6.91298
-6.90634
-6.89970
-6.89307
-6.88643
-6.87979
-6.87314
-6.86650
-6.85986
-6.85321
-6.84656
-6.83991
-6.83326
-6.82661
-6.81995
-6.81330
-6.80664
-6.79999
-6.79333
-6.78667
-6.78000
-6.77334
-6.76667
-6.76001
-6.75334
-6.74667
-6.74000
-6.73333
-6.72666
-6.71998
-6.71330
-6.70663
-6.69995
-6.69327
-6.68658
-6.67990
-6.67322
-6.66653
-6.65984
-6.65315
-6.64646
-6.63977
-6.63308
-6.62638
-6.61968
-6.61299
-6.60629
-6.59959
-6.59288
-6.58618
-6.57947
-6.57277
-6.56606
-6.55935
-6.55264
-6.54593
-6.53921
-6.53250
-6.52578
-6.51906
-6.51234
-6.50562
-6.49890
-6.49218
-6.48545
-6.47872
-6.47200
-6.46527
-6.45854
-6.45180
-6.44507
-6.43833
-6.43160
-6.42486
-6.41812
-6.41138
-6.40463
-6.39789
-6.39114
-6.38440
-6.37765
-6.37090
-6.36415
-6.35739
-6.35064
-6.34388
-6.33712
-6.33037
-6.32361
-6.31684
-6.31008
-6.30332
-6.29655
-6.28978
-6.28301
-6.27624
-6.26947
-6.26270
-6.25592
-6.24914
-6.24237
-6.23559
-6.22881
-6.22202
-6.21524
-6.20845
-6.20167
-6.19488
-6.18809
-6.18130
-6.17451
-6.16771
-6.16092
-6.15412
-6.14732
-6.14052
-6.13372
-6.12691
-6.12011
-6.11330
-6.10650
-6.09969
-6.09288
-6.08606
-6.07925
-6.07244
-6.06562
-6.05880
-6.05198
-6.04516
-6.03834
-6.03152
-6.02469
-6.01786
-6.01103
-6.00420
-5.99737
-5.99054
-5.98371
-5.97687
-5.97003
-5.96319
-5.95635
-5.94951
-5.94267
-5.93582
-5.92898
-5.92213
-5.91528
-5.90843
-5.90158
-5.89472
-5.88787
-5.88101
-5.87415
-5.86729
-5.86043
-5.85357
-5.84670
-5.83984
-5.83297
-5.82610
-5.81923
-5.81236
-5.80548
-5.79861
-5.79173
-5.78485
-5.77797
-5.77109
-5.76421
-5.75733
-5.75044
-5.74355
-5.73666
-5.72977
-5.72288
-5.71599
-5.70909
-5.70220
-5.69530
-5.68840
-5.68150
-5.67460
-5.66769
-5.66079
-5.65388
-5.64697
-5.64006
-5.63315
-5.62624
-5.61932
-5.61241
-5.60549
-5.59857
-5.59165
-5.58473
-5.57780
-5.57088
-5.56395
-5.55702
-5.55009
-5.54316
-5.53623
-5.52929
-5.52235
-5.51542
-5.50848
-5.50154
-5.49459
-5.48765
-5.48070
-5.47376
-5.46681
-5.45986
-5.45291
-5.44595
-5.43900
-5.43204
-5.42509
-5.41813
-5.41117
-5.40420
-5.39724
-5.39027
-5.38331
-5.37634
-5.36937
-5.36239
-5.35542
-5.34845
-5.34147
-5.33449
-5.32751
-5.32053
-5.31355
-5.30656
-5.29958
-5.29259
-5.28560
-5.27861
-5.27162
-5.26463
-5.25763
-5.25063
-5.24363
-5.23663
-5.22963
-5.22263
-5.21563
-5.20862
-5.20161
-5.19460
-5.18759
-5.18058
-5.17356
-5.16655
-5.15953
-5.15251
-5.14549
-5.13847
-5.13145
-5.12442
-5.11739
-5.11037
-5.10334
-5.09630
-5.08927
-5.08224
-5.07520
-5.06816
-5.06112
-5.05408
-5.04704
-5.03999
-5.03295
-5.02590
-5.01885
-5.01180
-5.00475
-4.99770
-4.99064
-4.98358
-4.97653
-4.96947
-4.96240
-4.95534
-4.94828
-4.94121
-4.93414
-4.92707
-4.92000
-4.91293
-4.90585
-4.89878
-4.89170
-4.88462
-4.87754
-4.87046
-4.86337
-4.85629
-4.84920
-4.84211
-4.83502
-4.82793
-4.82083
-4.81374
-4.80664
-4.79954
-4.79244
-4.78534
-4.77824
-4.77113
-4.76402
-4.75692
-4.74981
-4.74269
-4.73558
-4.72847
-4.72135
-4.71423
-4.70711
-4.69999
-4.69287
-4.68574
-4.67862
-4.67149
-4.66436
-4.65723
-4.65010
-4.64296
-4.63583
-4.62869
-4.62155
-4.61441
-4.60727
-4.60012
-4.59298
-4.58583
-4.57868
-4.57153
-4.56438
-4.55722
-4.55007
-4.54291
-4.53575
-4.52859
-4.52143
-4.51426
-4.50710
-4.49993
-4.49276
-4.48559
-4.47842
-4.47125
-4.46407
-4.45690
-4.44972
-4.44254
-4.43535
-4.42817
-4.42099
-4.41380
-4.40661
-4.39942
-4.39223
-4.38504
-4.37784
-4.37064
-4.36344
-4.35624
-4.34904
-4.34184
-4.33463
-4.32743
-4.32022
-4.31301
-4.30580
-4.29858
-4.29137
-4.28415
-4.27693
-4.26971
-4.26249
-4.25527
-4.24804
-4.24082
-4.23359
-4.22636
-4.21913
-4.21189
-4.20466
-4.19742
-4.19018
-4.18294
-4.17570
-4.16846
-4.16121
-4.15397
-4.14672
-4.13947
-4.13222
-4.12496
-4.11771
-4.11045
-4.10319
-4.09593
-4.08867
-4.08141
-4.07414
-4.06687
-4.05960
-4.05233
-4.04506
-4.03779
-4.03051
-4.02323
-4.01596
-4.00868
-4.00139
-3.99411
-3.98682
-3.97954
-3.97225
-3.96496
-3.95766
-3.95037
-3.94307
-3.93578
-3.92848
-3.92118
-3.91387
-3.90657
-3.89926
-3.89195
-3.88465
-3.87733
-3.87002
-3.86271
-3.85539
-3.84807
-3.84075
-3.83343
-3.82611
-3.81878
-3.81146
-3.80413
-3.79680
-3.78947
-3.78213
-3.77480
-3.76746
-3.76012
-3.75278
-3.74544
-3.73809
-3.73075
-3.72340
-3.71605
-3.70870
-3.70135
-3.69400
-3.68664
-3.67928
-3.67192
-3.66456
-3.65720
-3.64983
-3.64247
-3.63510
-3.62773
-3.62036
-3.61298
-3.60561
-3.59823
-3.59085
-3.58347
-3.57609
-3.56871
-3.56132
-3.55393
-3.54655
-3.53916
-3.53176
-3.52437
-3.51697
-3.50957
-3.50218
-3.49477
-3.48737
-3.47997
-3.47256
-3.46515
-3.45774
-3.45033
-3.44292
-3.43550
-3.42808
-3.42067
-3.41324
-3.40582
-3.39840
-3.39097
-3.38354
-3.37612
-3.36868
-3.36125
-3.35382
-3.34638
-3.33894
-3.33150
-3.32406
-3.31662
-3.30917
-3.30172
-3.29428
-3.28683
-3.27937
-3.27192
-3.26446
-3.25701
-3.24955
-3.24208
-3.23462
-3.22716
-3.21969
-3.21222
-3.20475
-3.19728
-3.18981
-3.18233
-3.17485
-3.16737
-3.15989
-3.15241
-3.14493
-3.13744
-3.12995
-3.12246
-3.11497
-3.10748
-3.09998
-3.09248
-3.08499
-3.07748
-3.06998
-3.06248
-3.05497
-3.04746
-3.03995
-3.03244
-3.02493
-3.01742
-3.00990
-3.00238
-2.99486
-2.98734
-2.97981
-2.97229
-2.96476
-2.95723
-2.94970
-2.94217
-2.93463
-2.92709
-2.91956
-2.91201
-2.90447
-2.89693
-2.88938
-2.88184
-2.87429
-2.86673
-2.85918
-2.85163
-2.84407
-2.83651
-2.82895
-2.82139
-2.81382
-2.80626
-2.79869
-2.79112
-2.78355
-2.77598
-2.76840
-2.76082
-2.75325
-2.74567
-2.73808
-2.73050
-2.72291
-2.71532
-2.70773
-2.70014
-2.69255
-2.68495
-2.67736
-2.66976
-2.66216
-2.65455
-2.64695
-2.63934
-2.63174
-2.62413
-2.61651
-2.60890
-2.60128
-2.59367
-2.58605
-2.57843
-2.57080
-2.56318
-2.55555
-2.54792
-2.54029
-2.53266
-2.52503
-2.51739
-2.50975
-2.50211
-2.49447
-2.48683
-2.47918
-2.47153
-2.46389
-2.45623
-2.44858
-2.44093
-2.43327
-2.42561
-2.41795
-2.41029
-2.40263
-2.39496
-2.38729
-2.37962
-2.37195
-2.36428
-2.35660
-2.34892
-2.34125
-2.33356
-2.32588
-2.31820
-2.31051
-2.30282
-2.29513
-2.28744
-2.27974
-2.27205
-2.26435
-2.25665
-2.24895
-2.24124
-2.23354
-2.22583
-2.21812
-2.21041
-2.20270
-2.19498
-2.18727
-2.17955
-2.17183
-2.16410
-2.15638
-2.14865
-2.14092
-2.13319
-2.12546
-2.11773
-2.10999
-2.10225
-2.09451
-2.08677
-2.07903
-2.07128
-2.06354
-2.05579
-2.04803
-2.04028
-2.03253
-2.02477
-2.01701
-2.00925
-2.00149
-1.99372
-1.98595
-1.97819
-1.97042
-1.96264
-1.95487
-1.94709
-1.93931
-1.93153
-1.92375
-1.91597
-1.90818
-1.90039
-1.89260
-1.88481
-1.87702
-1.86922
-1.86142
-1.85362
-1.84582
-1.83802
-1.83021
-1.82241
-1.81460
-1.80679
-1.79897
-1.79116
-1.78334
-1.77552
-1.76770
-1.75988
-1.75205
-1.74423
-1.73640
-1.72857
-1.72073
-1.71290
-1.70506
-1.69722
-1.68938
-1.68154
-1.67370
-1.66585
-1.65800
-1.65015
-1.64230
-1.63444
-1.62659
-1.61873
-1.61087
-1.60301
-1.59514
-1.58728
-1.57941
-1.57154
-1.56367
-1.55579
-1.54792
-1.54004
-1.53216
-1.52428
-1.51639
-1.50851
-1.50062
-1.49273
-1.48484
-1.47694
-1.46905
-1.46115
-1.45325
-1.44535
-1.43744
-1.42954
-1.42163
-1.41372
-1.40581
-1.39789
-1.38998
-1.38206
-1.37414
-1.36622
-1.35829
-1.35037
-1.34244
-1.33451
-1.32658
-1.31864
-1.31071
-1.30277
-1.29483
-1.28689
-1.27894
-1.27100
-1.26305
-1.25510
-1.24715
-1.23919
-1.23124
-1.22328
-1.21532
-1.20736
-1.19939
-1.19143
-1.18346
-1.17549
-1.16752
-1.15954
-1.15157
-1.14359
-1.13561
-1.12763
-1.11964
-1.11166
-1.10367
-1.09568
-1.08768
-1.07969
-1.07169
-1.06369
-1.05569
-1.04769
-1.03969
-1.03168
-1.02367
-1.01566
-1.00765
-0.99963
-0.99161
-0.98359
-0.97557
-0.96755
-0.95952
-0.95150
-0.94347
-0.93544
-0.92740
-0.91937
-0.91133
-0.90329
-0.89525
-0.88720
-0.87916
-0.87111
-0.86306
-0.85501
-0.84695
-0.83890
-0.83084
-0.82278
-0.81472
-0.80665
-0.79859
-0.79052
-0.78245
-0.77437
-0.76630
-0.75822
-0.75014
-0.74206
-0.73398
-0.72589
-0.71781
-0.70972
-0.70163
-0.69353
-0.68544
-0.67734
-0.66924
-0.66114
-0.65303
-0.64493
-0.63682
-0.62871
-0.62059
-0.61248
-0.60436
-0.59624
-0.58812
-0.58000
-0.57188
-0.56375
-0.55562
-0.54749
-0.53935
-0.53122
-0.52308
-0.51494
-0.50680
-0.49865
-0.49051
-0.48236
-0.47421
-0.46606
-0.45790
-0.44975
-0.44159
-0.43343
-0.42526
-0.41710
-0.40893
-0.40076
-0.39259
-0.38442
-0.37624
-0.36806
-0.35988
-0.35170
-0.34351
-0.33533
-0.32714
-0.31895
-0.31075
-0.30256
-0.29436
-0.28616
-0.27796
-0.26976
-0.26155
-0.25334
-0.24513
-0.23692
-0.22871
-0.22049
-0.21227
-0.20405
-0.19583
-0.18760
-0.17938
-0.17115
-0.16291
-0.15468
-0.14644
-0.13821
-0.12997
-0.12172
-0.11348
-0.10523
-0.09698
-0.08873
-0.08048
-0.07222
-0.06396
-0.05571
-0.04744
-0.03918
-0.03091
-0.02264
-0.01437
-0.00610
0.00217
0.01045
0.01873
0.02701
0.03530
0.04358
0.05187
0.06016
0.06845
0.07675
0.08505
0.09335
0.10165
0.10995
0.11826
0.12656
0.13487
0.14319
0.15150
0.15982
0.16814
0.17646
0.18478
0.19311
0.20143
0.20976
0.21810
0.22643
0.23477
0.24311
0.25145
0.25979
0.26814
0.27648
0.28483
0.29319
0.30154
0.30990
0.31826
0.32662
0.33498
0.34335
0.35171
0.36008
0.36846
0.37683
0.38521
0.39359
0.40197
0.41035
0.41874
0.42712
0.43551
0.44391
0.45230
0.46070
0.46910
0.47750
0.48590
0.49431
0.50272
0.51113
0.51954
0.52795
0.53637
0.54479
0.55321
0.56164
0.57006
0.57849
0.58692
0.59535
0.60379
0.61223
0.62067
0.62911
0.63755
0.64600
0.65445
0.66290
0.67135
0.67981
0.68827
0.69673
0.70519
0.71365
0.72212
0.73059
0.73906
0.74754
0.75601
0.76449
0.77297
0.78145
0.78994
0.79843
0.80692
0.81541
0.82390
0.83240
0.84090
0.84940
0.85790
0.86641
0.87492
0.88343
0.89194
0.90046
0.90897
0.91749
0.92602
0.93454
0.94307
0.95160
0.96013
0.96866
0.97720
0.98574
0.99428
1.00282
1.01137
1.01991
1.02846
1.03702
1.04557
1.05413
1.06269
1.07125
1.07981
1.08838
1.09695
1.10552
1.11409
1.12267
1.13125
1.13983
1.14841
1.15699
1.16558
1.17417
1.18276
1.19136
1.19995
1.20855
1.21715
1.22576
1.23436
1.24297
1.25158
1.26020
1.26881
1.27743
1.28605
1.29467
1.30330
1.31193
1.32056
1.32919
1.33782
1.34646
1.35510
1.36374
1.37238
1.38103
1.38968
1.39833
1.40699
1.41564
1.42430
1.43296
1.44162
1.45029
1.45896
1.46763
1.47630
1.48497
1.49365
1.50233
1.51101
1.51970
1.52839
1.53708
1.54577
1.55446
1.56316
1.57186
1.58056
1.58926
1.59797
1.60668
1.61539
1.62410
1.63282
1.64154
1.65026
1.65898
1.66771
1.67644
1.68517
1.69390
1.70263
1.71137
1.72011
1.72885
1.73760
1.74635
1.75510
1.76385
1.77260
1.78136
1.79012
1.79888
1.80765
1.81641
1.82518
1.83396
1.84273
1.85151
1.86029
1.86907
1.87785
1.88664
1.89543
1.90422
1.91301
1.92181
1.93061
1.93941
1.94821
1.95702
1.96583
1.97464
1.98345
1.99227
2.00109
2.00991
2.01873
2.02756
2.03639
2.04522
2.05405
2.06289
2.07173
2.08057
2.08941
2.09826
2.10711
2.11596
2.12481
2.13367
2.14253
2.15139
2.16025
2.16912
2.17798
2.18685
2.19573
2.20460
2.21348
2.22236
2.23125
2.24013
2.24902
2.25791
2.26681
2.27570
2.28460
2.29350
2.30240
2.31131
2.32022
2.32913
2.33804
2.34696
2.35588
2.36480
2.37372
2.38265
2.39158
2.40051
2.40944
2.41838
2.42732
2.43626
2.44521
2.45415
2.46310
2.47205
2.48101
2.48996
2.49892
2.50788
2.51685
2.52582
2.53479
2.54376
2.55273
2.56171
2.57069
2.57967
2.58866
2.59764
2.60663
2.61563
2.62462
2.63362
2.64262
2.65162
2.66063
2.66964
2.67865
2.68766
2.69668
2.70569
2.71472
2.72374
2.73277
2.74179
2.75083
2.75986
2.76890
2.77793
2.78698
2.79602
2.80507
2.81412
2.82317
2.83222
2.84128
2.85034
2.85940
2.86847
2.87754
2.88661
2.89568
2.90476
2.91383
2.92291
2.93200
2.94108
2.95017
2.95926
2.96836
2.97745
2.98655
2.99566
3.00476
3.01387
3.02298
3.03209
3.04120
3.05032
3.05944
3.06857
3.07769
3.08682
3.09595
3.10508
3.11422
3.12336
3.13250
3.14164
3.15079
3.15994
3.16909
3.17825
3.18740
3.19656
3.20573
3.21489
3.22406
3.23323
3.24241
3.25158
3.26076
3.26994
3.27913
3.28831
3.29750
3.30669
3.31589
3.32509
3.33429
3.34349
3.35270
3.36190
3.37111
3.38033
3.38954
3.39876
3.40799
3.41721
3.42644
3.43567
3.44490
3.45414
3.46337
3.47261
3.48186
3.49110
3.50035
3.50960
3.51886
3.52812
3.53738
3.54664
3.55590
3.56517
3.57444
3.58371
3.59299
3.60227
3.61155
3.62084
3.63012
3.63941
3.64871
3.65800
3.66730
3.67660
3.68590
3.69521
3.70452
3.71383
3.72314
3.73246
3.74178
3.75110
3.76043
3.76976
3.77909
3.78842
3.79776
3.80710
3.81644
3.82579
3.83513
3.84448
3.85384
3.86319
3.87255
3.88191
3.89128
3.90065
3.91002
3.91939
3.92876
3.93814
3.94752
3.95691
3.96629
3.97568
3.98508
3.99447
4.00387
4.01327
4.02267
4.03208
4.04149
4.05090
4.06031
4.06973
4.07915
4.08858
4.09800
4.10743
4.11686
4.12630
4.13573
4.14517
4.15462
4.16406
4.17351
4.18296
4.19242
4.20187
4.21133
4.22080
4.23026
4.23973
4.24920
4.25868
4.26815
4.27763
4.28712
4.29660
4.30609
4.31558
4.32508
4.33457
4.34407
4.35357
4.36308
4.37259
4.38210
4.39161
4.40113
4.41065
4.42017
4.42970
4.43923
4.44876
4.45829
4.46783
4.47737
4.48691
4.49646
4.50601
4.51556
4.52512
