1.00000
0.99993
0.99985
0.99978
0.99970
0.99963
0.99955
0.99948
0.99940
0.99933
0.99925
0.99918
0.99910
0.99903
0.99895
0.99888
0.99880
0.99873
0.99865
0.99858
0.99850
0.99843
0.99835
0.99827
0.99820
0.99812
0.99805
0.99797
0.99790
0.99782
0.99775
0.99767
0.99760
0.99752
0.99745
0.99737
0.99730
0.99722
0.99715
0.99707
0.99700
0.99692
0.99685
0.99677
0.99670
0.99662
0.99655
0.99647
0.99640
0.99632
0.99625
0.99617
0.99610
0.99602
0.99595
0.99587
0.99580
0.99572
0.99565
0.99557
0.99550
0.99542
0.99535
0.99527
0.99520
0.99512
0.99505
0.99497
0.99490
0.99482
0.99475
0.99467
0.99460
0.99452
0.99445
0.99437
0.99430
0.99422
0.99415
0.99407
0.99400
0.99392
0.99385
0.99377
0.99370
0.99362
0.99355
0.99347
0.99340
0.99332
0.99325
0.99317
0.99310
0.99302
0.99295
0.99287
0.99280
0.99272
0.99265
0.99257
0.99250
0.99242
0.99235
0.99227
0.99220
0.99212
0.99205
0.99197
0.99190
0.99182
0.99175
0.99167
0.99160
0.99152
0.99145
0.99137
0.99130
0.99122
0.99115
0.99107
0.99100
0.99092
0.99085
0.99077
0.99070
0.99062
0.99055
0.99047
0.99040
0.99032
0.99025
0.99017
0.99010
0.99002
0.98995
0.98987
0.98980
0.98972
0.98965
0.98957
0.98950
0.98942
0.98935
0.98927
0.98920
0.98912
0.98905
0.98897
0.98890
0.98882
0.98875
0.98867
0.98860
0.98852
0.98845
0.98837
0.98830
0.98822
0.98815
0.98807
0.98800
0.98792
0.98785
0.98777
0.98770
0.98762
0.98755
0.98747
0.98740
0.98732
0.98725
0.98717
0.98710
0.98702
0.98695
0.98687
0.98680
0.98672
0.98665
0.98657
0.98650
0.98642
0.98635
0.98627
0.98620
0.98612
0.98605
0.98597
0.98590
0.98582
0.98575
0.98567
0.98560
0.98552
0.98545
0.98537
0.98530
0.98522
0.98515
0.98507
0.98500
0.98492
0.98485
0.98477
0.98470
0.98462
0.98455
0.98447
0.98440
0.98432
0.98425
0.98417
0.98410
0.98402
0.98395
0.98387
0.98380
0.98372
0.98365
0.98357
0.98350
0.98342
0.98335
0.98327
0.98320
0.98312
0.98305
0.98297
0.98290
0.98282
0.98275
0.98267
0.98260
0.98252
0.98245
0.98237
0.98230
0.98222
0.98215
0.98207
0.98200
0.98192
0.98185
0.98177
0.98170
0.98162
0.98155
0.98147
0.98140
0.98132
0.98125
0.98117
0.98110
0.98102
0.98095
0.98087
0.98080
0.98072
0.98065
0.98057
0.98050
0.98042
0.98035
0.98027
0.98020
0.98012
0.98005
0.97997
0.97990
0.97982
0.97975
0.97967
0.97960
0.97952
0.97945
0.97937
0.97930
0.97922
0.97915
0.97907
0.97900
0.97892
0.97885
0.97877
0.97870
0.97862
0.97855
0.97847
0.97840
0.97832
0.97825
0.97817
0.97810
0.97802
0.97795
0.97787
0.97780
0.97772
0.97765
0.97757
0.97750
0.97742
0.97735
0.97727
0.97720
0.97712
0.97705
0.97697
0.97690
0.97682
0.97675
0.97667
0.97660
0.97652
0.97645
0.97637
0.97630
0.97622
0.97615
0.97607
0.97600
0.97592
0.97585
0.97577
0.97570
0.97562
0.97555
0.97547
0.97540
0.97532
0.97525
0.97517
0.97510
0.97502
0.97495
0.97487
0.97480
0.97472
0.97465
0.97457
0.97450
0.97442
0.97435
0.97427
0.97420
0.97412
0.97405
0.97397
0.97390
0.97382
0.97375
0.97367
0.97360
0.97352
0.97345
0.97337
0.97330
0.97322
0.97315
0.97307
0.97300
0.97292
0.97285
0.97277
0.97270
0.97262
0.97255
0.97247
0.97240
0.97232
0.97225
0.97217
0.97210
0.97202
0.97195
0.97187
0.97180
0.97172
0.97165
0.97157
0.97150
0.97142
0.97135
0.97127
0.97120
0.97112
0.97105
0.97097
0.97090
0.97082
0.97075
0.97067
0.97060
0.97052
0.97045
0.97037
0.97030
0.97022
0.97015
0.97007
0.97000
0.96992
0.96985
0.96977
0.96970
0.96962
0.96955
0.96947
0.96940
0.96932
0.96925
0.96917
0.96910
0.96902
0.96895
0.96887
0.96880
0.96872
0.96865
0.96857
0.96850
0.96842
0.96835
0.96827
0.96820
0.96812
0.96805
0.96797
0.96790
0.96782
0.96775
0.96767
0.96760
0.96752
0.96745
0.96737
0.96730
0.96722
0.96715
0.96707
0.96700
0.96692
0.96685
0.96677
0.96670
0.96662
0.96655
0.96647
0.96640
0.96632
0.96625
0.96617
0.96610
0.96602
0.96595
0.96587
0.96580
0.96572
0.96565
0.96557
0.96550
0.96542
0.96535
0.96527
0.96520
0.96512
0.96505
0.96497
0.96490
0.96482
0.96475
0.96467
0.96460
0.96452
0.96445
0.96437
0.96430
0.96422
0.96415
0.96407
0.96400
0.96392
0.96385
0.96377
0.96370
0.96362
0.96355
0.96347
0.96340
0.96332
0.96325
0.96317
0.96310
0.96302
0.96295
0.96287
0.96280
0.96272
0.96265
0.96257
0.96250
0.96242
0.96235
0.96227
0.96220
0.96212
0.96205
0.96197
0.96190
0.96182
0.96175
0.96167
0.96160
0.96152
0.96145
0.96137
0.96130
0.96122
0.96115
0.96107
0.96100
0.96092
0.96085
0.96077
0.96070
0.96062
0.96055
0.96047
0.96040
0.96032
0.96025
0.96017
0.96010
0.96002
0.95995
0.95987
0.95980
0.95972
0.95965
0.95957
0.95950
0.95942
0.95935
0.95927
0.95920
0.95912
0.95905
0.95897
0.95890
0.95882
0.95875
0.95867
0.95860
0.95852
0.95845
0.95837
0.95830
0.95822
0.95815
0.95807
0.95800
0.95792
0.95785
0.95777
0.95770
0.95762
0.95755
0.95747
0.95740
0.95732
0.95725
0.95717
0.95710
0.95702
0.95695
0.95687
0.95680
0.95672
0.95665
0.95657
0.95650
0.95642
0.95635
0.95627
0.95620
0.95612
0.95605
0.95597
0.95590
0.95582
0.95575
0.95567
0.95560
0.95552
0.95545
0.95537
0.95530
0.95522
0.95515
0.95507
0.95500
0.95492
0.95485
0.95477
0.95470
0.95462
0.95455
0.95447
0.95440
0.95432
0.95425
0.95417
0.95410
0.95402
0.95395
0.95387
0.95380
0.95372
0.95365
0.95357
0.95350
0.95342
0.95335
0.95327
0.95320
0.95312
0.95305
0.95297
0.95290
0.95282
0.95275
0.95267
0.95260
0.95252
0.95245
0.95237
0.95230
0.95222
0.95215
0.95207
0.95200
0.95192
0.95185
0.95177
0.95170
0.95162
0.95155
0.95147
0.95140
0.95132
0.95125
0.95117
0.95110
0.95102
0.95095
0.95087
0.95080
0.95072
0.95065
0.95057
0.95050
0.95042
0.95035
0.95027
0.95020
0.95012
0.95005
0.94997
0.94990
0.94982
0.94975
0.94967
0.94960
0.94952
0.94945
0.94937
0.94930
0.94922
0.94915
0.94907
0.94900
0.94892
0.94885
0.94877
0.94870
0.94862
0.94855
0.94847
0.94840
0.94832
0.94825
0.94817
0.94810
0.94802
0.94795
0.94787
0.94780
0.94772
0.94765
0.94757
0.94750
0.94742
0.94735
0.94727
0.94720
0.94712
0.94705
0.94697
0.94690
0.94682
0.94675
0.94667
0.94660
0.94652
0.94645
0.94637
0.94630
0.94622
0.94615
0.94607
0.94600
0.94592
0.94585
0.94577
0.94570
0.94562
0.94555
0.94547
0.94540
0.94532
0.94525
0.94517
0.94510
0.94502
0.94495
0.94487
0.94480
0.94472
0.94465
0.94457
0.94450
0.94442
0.94435
0.94427
0.94420
0.94412
0.94405
0.94397
0.94390
0.94382
0.94375
0.94367
0.94360
0.94352
0.94345
0.94337
0.94330
0.94322
0.94315
0.94307
0.94300
0.94292
0.94285
0.94277
0.94270
0.94262
0.94255
0.94247
0.94240
0.94232
0.94225
0.94217
0.94210
0.94202
0.94195
0.94187
0.94180
0.94172
0.94165
0.94157
0.94150
0.94142
0.94135
0.94127
0.94120
0.94112
0.94105
0.94097
0.94090
0.94082
0.94075
0.94067
0.94060
0.94052
0.94045
0.94037
0.94030
0.94022
0.94015
0.94007
0.94000
0.93992
0.93985
0.93977
0.93970
0.93962
0.93955
0.93947
0.93940
0.93932
0.93925
0.93917
0.93910
0.93902
0.93895
0.93887
0.93880
0.93872
0.93865
0.93857
0.93850
0.93842
0.93835
0.93827
0.93820
0.93812
0.93805
0.93797
0.93790
0.93782
0.93775
0.93767
0.93760
0.93752
0.93745
0.93737
0.93730
0.93722
0.93715
0.93707
0.93700
0.93692
0.93685
0.93677
0.93670
0.93662
0.93655
0.93647
0.93640
0.93632
0.93625
0.93617
0.93610
0.93602
0.93595
0.93587
0.93580
0.93572
0.93565
0.93557
0.93550
0.93542
0.93535
0.93527
0.93520
0.93512
0.93505
0.93497
0.93490
0.93482
0.93475
0.93467
0.93460
0.93452
0.93445
0.93437
0.93430
0.93422
0.93415
0.93407
0.93400
0.93392
0.93385
0.93377
0.93370
0.93362
0.93355
0.93347
0.93340
0.93332
0.93325
0.93317
0.93310
0.93302
0.93295
0.93287
0.93280
0.93272
0.93265
0.93257
0.93250
0.93242
0.93235
0.93227
0.93220
0.93212
0.93205
0.93197
0.93190
0.93182
0.93175
0.93167
0.93160
0.93152
0.93145
0.93137
0.93130
0.93122
0.93115
0.93107
0.93100
0.93092
0.93085
0.93077
0.93070
0.93062
0.93055
0.93047
0.93040
0.93032
0.93025
0.93017
0.93010
0.93002
0.92995
0.92987
0.92980
0.92972
0.92965
0.92957
0.92950
0.92942
0.92935
0.92927
0.92920
0.92912
0.92905
0.92897
0.92890
0.92882
0.92875
0.92867
0.92860
0.92852
0.92845
0.92837
0.92830
0.92822
0.92815
0.92807
0.92800
0.92792
0.92785
0.92777
0.92770
0.92762
0.92755
0.92747
0.92740
0.92732
0.92725
0.92717
0.92710
0.92702
0.92695
0.92687
0.92680
0.92672
0.92665
0.92657
0.92650
0.92642
0.92635
0.92627
0.92620
0.92612
0.92605
0.92597
0.92590
0.92582
0.92575
0.92567
0.92560
0.92552
0.92545
0.92537
0.92530
0.92522
0.92515
0.92507
0.92500
0.92492
0.92485
0.92477
0.92470
0.92462
0.92455
0.92447
0.92440
0.92432
0.92425
0.92417
0.92410
0.92402
0.92395
0.92387
0.92380
0.92372
0.92365
0.92357
0.92350
0.92342
0.92335
0.92327
0.92320
0.92312
0.92305
0.92297
0.92290
0.92282
0.92275
0.92267
0.92260
0.92252
0.92245
0.92237
0.92230
0.92222
0.92215
0.92207
0.92200
0.92192
0.92185
0.92177
0.92170
0.92162
0.92155
0.92147
0.92140
0.92132
0.92125
0.92117
0.92110
0.92102
0.92095
0.92087
0.92080
0.92072
0.92065
0.92057
0.92050
0.92042
0.92035
0.92027
0.92020
0.92012
0.92005
0.91997
0.91990
0.91982
0.91975
0.91967
0.91960
0.91952
0.91945
0.91937
0.91930
0.91922
0.91915
0.91907
0.91900
0.91892
0.91885
0.91877
0.91870
0.91862
0.91855
0.91847
0.91840
0.91832
0.91825
0.91817
0.91810
0.91802
0.91795
0.91787
0.91780
0.91772
0.91765
0.91757
0.91750
0.91742
0.91735
0.91727
0.91720
0.91712
0.91705
0.91697
0.91690
0.91682
0.91675
0.91667
0.91660
0.91652
0.91645
0.91637
0.91630
0.91622
0.91615
0.91607
0.91600
0.91592
0.91585
0.91577
0.91570
0.91562
0.91555
0.91547
0.91540
0.91532
0.91525
0.91517
0.91510
0.91502
0.91495
0.91487
0.91480
0.91472
0.91465
0.91457
0.91450
0.91442
0.91435
0.91427
0.91420
0.91412
0.91405
0.91397
0.91390
0.91382
0.91375
0.91367
0.91360
0.91352
0.91345
0.91337
0.91330
0.91322
0.91315
0.91307
0.91300
0.91292
0.91285
0.91277
0.91270
0.91262
0.91255
0.91247
0.91240
0.91232
0.91225
0.91217
0.91210
0.91202
0.91195
0.91187
0.91180
0.91172
0.91165
0.91157
0.91150
0.91142
0.91135
0.91127
0.91120
0.91112
0.91105
0.91097
0.91090
0.91082
0.91075
0.91067
0.91060
0.91052
0.91045
0.91037
0.91030
0.91022
0.91015
0.91007
0.91000
0.90992
0.90985
0.90977
0.90970
0.90962
0.90955
0.90947
0.90940
0.90932
0.90925
0.90917
0.90910
0.90902
0.90895
0.90887
0.90880
0.90872
0.90865
0.90857
0.90850
0.90842
0.90835
0.90827
0.90820
0.90812
0.90805
0.90797
0.90790
0.90782
0.90775
0.90767
0.90760
0.90752
0.90745
0.90737
0.90730
0.90722
0.90715
0.90707
0.90700
0.90692
0.90685
0.90677
0.90670
0.90662
0.90655
0.90647
0.90640
0.90632
0.90625
0.90617
0.90610
0.90602
0.90595
0.90587
0.90580
0.90572
0.90565
0.90557
0.90550
0.90542
0.90535
0.90527
0.90520
0.90512
0.90505
0.90497
0.90490
0.90482
0.90475
0.90467
0.90460
0.90452
0.90445
0.90437
0.90430
0.90422
0.90415
0.90407
0.90400
0.90392
0.90385
0.90377
0.90370
0.90362
0.90355
0.90347
0.90340
0.90332
0.90325
0.90317
0.90310
0.90302
0.90295
0.90287
0.90280
0.90272
0.90265
0.90257
0.90250
0.90242
0.90235
0.90227
0.90220
0.90212
0.90205
0.90197
0.90190
0.90182
0.90175
0.90167
0.90160
0.90152
0.90145
0.90137
0.90130
0.90122
0.90115
0.90107
0.90100
0.90092
0.90085
0.90077
0.90070
0.90062
0.90055
0.90047
0.90040
0.90032
0.90025
0.90017
0.90010
0.90002
0.89995
0.89987
0.89980
0.89972
0.89965
0.89957
0.89950
0.89942
0.89935
0.89927
0.89920
0.89912
0.89905
0.89897
0.89890
0.89882
0.89875
0.89867
0.89860
0.89852
0.89845
0.89837
0.89830
0.89822
0.89815
0.89807
0.89800
0.89792
0.89785
0.89777
0.89770
0.89762
0.89755
0.89747
0.89740
0.89732
0.89725
0.89717
0.89710
0.89702
0.89695
0.89687
0.89680
0.89672
0.89665
0.89657
0.89650
0.89642
0.89635
0.89627
0.89620
0.89612
0.89605
0.89597
0.89590
0.89582
0.89575
0.89567
0.89560
0.89552
0.89545
0.89537
0.89530
0.89522
0.89515
0.89507
0.89500
0.89492
0.89485
0.89477
0.89470
0.89462
0.89455
0.89447
0.89440
0.89432
0.89425
0.89417
0.89410
0.89402
0.89395
0.89387
0.89380
0.89372
0.89365
0.89357
0.89350
0.89342
0.89335
0.89327
0.89320
0.89312
0.89305
0.89297
0.89290
0.89282
0.89275
0.89267
0.89260
0.89252
0.89245
0.89237
0.89230
0.89222
0.89215
0.89207
0.89200
0.89192
0.89185
0.89177
0.89170
0.89162
0.89155
0.89147
0.89140
0.89132
0.89125
0.89117
0.89110
0.89102
0.89095
0.89087
0.89080
0.89072
0.89065
0.89057
0.89050
0.89042
0.89035
0.89027
0.89020
0.89012
0.89005
0.88997
0.88990
0.88982
0.88975
0.88967
0.88960
0.88952
0.88945
0.88937
0.88930
0.88922
0.88915
0.88907
0.88900
0.88892
0.88885
0.88877
0.88870
0.88862
0.88855
0.88847
0.88840
0.88832
0.88825
0.88817
0.88810
0.88802
0.88795
0.88787
0.88780
0.88772
0.88765
0.88757
0.88750
0.88742
0.88735
0.88727
0.88720
0.88712
0.88705
0.88697
0.88690
0.88682
0.88675
0.88667
0.88660
0.88652
0.88645
0.88637
0.88630
0.88622
0.88615
0.88607
0.88600
0.88592
0.88585
0.88577
0.88570
0.88562
0.88555
0.88547
0.88540
0.88532
0.88525
0.88517
0.88510
0.88502
0.88495
0.88487
0.88480
0.88472
0.88465
0.88457
0.88450
0.88442
0.88435
0.88427
0.88420
0.88412
0.88405
0.88397
0.88390
0.88382
0.88375
0.88367
0.88360
0.88352
0.88345
0.88337
0.88330
0.88322
0.88315
0.88307
0.88300
0.88292
0.88285
0.88277
0.88270
0.88262
0.88255
0.88247
0.88240
0.88232
0.88225
0.88217
0.88210
0.88202
0.88195
0.88187
0.88180
0.88172
0.88165
0.88157
0.88150
0.88142
0.88135
0.88127
0.88120
0.88112
0.88105
0.88097
0.88090
0.88082
0.88075
0.88067
0.88060
0.88052
0.88045
0.88037
0.88030
0.88022
0.88015
0.88007
0.88000
0.87992
0.87985
0.87977
0.87970
0.87962
0.87955
0.87947
0.87940
0.87932
0.87925
0.87917
0.87910
0.87902
0.87895
0.87887
0.87880
0.87872
0.87865
0.87857
0.87850
0.87842
0.87835
0.87827
0.87820
0.87812
0.87805
0.87797
0.87790
0.87782
0.87775
0.87767
0.87760
0.87752
0.87745
0.87737
0.87730
0.87722
0.87715
0.87707
0.87700
0.87692
0.87685
0.87677
0.87670
0.87662
0.87655
0.87647
0.87640
0.87632
0.87625
0.87617
0.87610
0.87602
0.87595
0.87587
0.87580
0.87572
0.87565
0.87557
0.87550
0.87542
0.87535
0.87527
0.87520
0.87512
0.87505
0.87497
0.87490
0.87482
0.87475
0.87467
0.87460
0.87452
0.87445
0.87437
0.87430
0.87422
0.87415
0.87407
0.87400
0.87392
0.87385
0.87377
0.87370
0.87362
0.87354
0.87347
0.87339
0.87332
0.87324
0.87317
0.87309
0.87302
0.87294
0.87287
0.87279
0.87272
0.87264
0.87257
0.87249
0.87242
0.87234
0.87227
0.87219
0.87212
0.87204
0.87197
0.87189
0.87182
0.87174
0.87167
0.87159
0.87152
0.87144
0.87137
0.87129
0.87122
0.87114
0.87107
0.87099
0.87092
0.87084
0.87077
0.87069
0.87062
0.87054
0.87047
0.87039
0.87032
0.87024
0.87017
0.87009
0.87002
0.86994
0.86987
0.86979
0.86972
0.86964
0.86957
0.86949
0.86942
0.86934
0.86927
0.86919
0.86912
0.86904
0.86897
0.86889
0.86882
0.86874
0.86867
0.86859
0.86852
0.86844
0.86837
0.86829
0.86822
0.86814
0.86807
0.86799
0.86792
0.86784
0.86777
0.86769
0.86762
0.86754
0.86747
0.86739
0.86732
0.86724
0.86717
0.86709
0.86702
0.86694
0.86687
0.86679
0.86672
0.86664
0.86657
0.86649
0.86642
0.86634
0.86627
0.86619
0.86612
0.86604
0.86597
0.86589
0.86582
0.86574
0.86567
0.86559
0.86552
0.86544
0.86537
0.86529
0.86522
0.86514
0.86507
0.86499
0.86492
0.86484
0.86477
0.86469
0.86462
0.86454
0.86447
0.86439
0.86432
0.86424
0.86417
0.86409
0.86402
0.86394
0.86387
0.86379
0.86372
0.86364
0.86357
0.86349
0.86342
0.86334
0.86327
0.86319
0.86312
0.86304
0.86297
0.86289
0.86282
0.86274
0.86267
0.86259
0.86252
0.86244
0.86237
0.86229
0.86222
0.86214
0.86207
0.86199
0.86192
0.86184
0.86177
0.86169
0.86162
0.86154
0.86147
0.86139
0.86132
0.86124
0.86117
0.86109
0.86102
0.86094
0.86087
0.86079
0.86072
0.86064
0.86057
0.86049
0.86042
0.86034
0.86027
0.86019
0.86012
0.86004
0.85997
0.85989
0.85982
0.85974
0.85967
0.85959
0.85952
0.85944
0.85937
0.85929
0.85922
0.85914
0.85907
0.85899
0.85892
0.85884
0.85877
0.85869
0.85862
0.85854
0.85847
0.85839
0.85832
0.85824
0.85817
0.85809
0.85802
0.85794
0.85787
0.85779
0.85772
0.85764
0.85757
0.85749
0.85742
0.85734
0.85727
0.85719
0.85712
0.85704
0.85697
0.85689
0.85682
0.85674
0.85667
0.85659
0.85652
0.85644
0.85637
0.85629
0.85622
0.85614
0.85607
0.85599
0.85592
0.85584
0.85577
0.85569
0.85562
0.85554
0.85547
0.85539
0.85532
0.85524
0.85517
0.85509
0.85502
0.85494
0.85487
0.85479
0.85472
0.85464
0.85457
0.85449
0.85442
0.85434
0.85427
0.85419
0.85412
0.85404
0.85397
0.85389
0.85382
0.85374
0.85367
0.85359
0.85352
0.85344
0.85337
0.85329
0.85322
0.85314
0.85307
0.85299
0.85292
0.85284
0.85277
0.85269
0.85262
0.85254
0.85247
0.85239
0.85232
0.85224
0.85217
0.85209
0.85202
0.85194
0.85187
0.85179
0.85172
0.85164
0.85157
0.85149
0.85142
0.85134
0.85127
0.85119
0.85112
0.85104
0.85097
0.85089
0.85082
0.85074
0.85067
0.85059
0.85052
0.85044
0.85037
0.85029
0.85022
0.85014
0.85007
0.84999
0.84992
0.84984
0.84977
0.84970
0.84962
0.84955
0.84947
0.84940
0.84932
0.84925
0.84917
0.84910
0.84902
0.84895
0.84887
0.84880
0.84872
0.84865
0.84857
0.84850
0.84842
0.84835
0.84827
0.84820
0.84812
0.84805
0.84797
0.84790
0.84782
0.84775
0.84767
0.84760
0.84752
0.84745
0.84737
0.84730
0.84722
0.84715
0.84707
0.84700
0.84692
0.84685
0.84677
0.84670
0.84662
0.84655
0.84647
0.84640
0.84632
0.84625
0.84617
0.84610
0.84602
0.84595
0.84587
0.84580
0.84572
0.84565
0.84557
0.84550
0.84542
0.84535
0.84527
0.84520
0.84512
0.84505
0.84497
0.84490
0.84482
0.84475
0.84467
0.84460
0.84452
0.84445
0.84437
0.84430
0.84422
0.84415
0.84407
0.84400
0.84392
0.84385
0.84377
0.84370
0.84362
0.84355
0.84347
0.84340
0.84332
0.84325
0.84317
0.84310
0.84302
0.84295
0.84287
0.84280
0.84272
0.84265
0.84257
0.84250
0.84242
0.84235
0.84227
0.84220
0.84212
0.84205
0.84197
0.84190
0.84182
0.84175
0.84167
0.84160
0.84152
0.84145
0.84137
0.84130
0.84122
0.84115
0.84107
0.84100
0.84092
0.84085
0.84077
0.84070
0.84062
0.84055
0.84047
0.84040
0.84032
0.84025
0.84017
0.84010
0.84002
0.83995
0.83987
0.83980
0.83972
0.83965
0.83957
0.83950
0.83942
0.83935
0.83927
0.83920
0.83912
0.83905
0.83897
0.83890
0.83882
0.83875
0.83867
0.83860
0.83852
0.83845
0.83837
0.83830
0.83822
0.83815
0.83807
0.83800
0.83792
0.83785
0.83777
0.83770
0.83762
0.83755
0.83747
0.83740
0.83732
0.83725
0.83717
0.83710
0.83702
0.83695
0.83687
0.83680
0.83672
0.83665
0.83657
0.83650
0.83642
0.83635
0.83627
0.83620
0.83612
0.83605
0.83597
0.83590
0.83582
0.83575
0.83567
0.83560
0.83552
0.83545
0.83537
0.83530
0.83522
0.83515
0.83507
0.83500
0.83492
0.83485
0.83477
0.83470
0.83462
0.83455
0.83447
0.83440
0.83432
0.83425
0.83417
0.83410
0.83402
0.83395
0.83387
0.83380
0.83372
0.83365
0.83357
0.83350
0.83342
0.83335
0.83327
0.83320
0.83312
0.83305
0.83297
0.83290
0.83282
0.83275
0.83267
0.83260
0.83252
0.83245
0.83237
0.83230
0.83222
0.83215
0.83207
0.83200
0.83192
0.83185
0.83177
0.83170
0.83162
0.83155
0.83147
0.83140
0.83132
0.83125
0.83117
0.83110
0.83102
0.83095
0.83087
0.83080
0.83072
0.83065
0.83057
0.83050
0.83042
0.83035
0.83027
0.83020
0.83012
0.83005
0.82997
0.82990
0.82982
0.82975
0.82967
0.82960
0.82952
0.82945
0.82937
0.82930
0.82922
0.82915
0.82907
0.82900
0.82892
0.82885
0.82877
0.82870
0.82862
0.82855
0.82847
0.82840
0.82832
0.82825
0.82817
0.82810
0.82802
0.82795
0.82787
0.82780
0.82772
0.82765
0.82757
0.82750
0.82742
0.82735
0.82727
0.82720
0.82712
0.82705
0.82697
0.82690
0.82682
0.82675
0.82667
0.82660
0.82652
0.82645
0.82637
0.82630
0.82622
0.82615
0.82607
0.82600
0.82592
0.82585
0.82577
0.82570
0.82562
0.82555
0.82547
0.82540
0.82532
0.82525
0.82517
0.82510
0.82502
0.82495
0.82487
0.82480
0.82472
0.82465
0.82457
0.82450
0.82442
0.82435
0.82427
0.82420
0.82412
0.82405
0.82397
0.82390
0.82382
0.82375
0.82367
0.82360
0.82352
0.82345
0.82337
0.82330
0.82322
0.82315
0.82307
0.82300
0.82292
0.82285
0.82277
0.82270
0.82262
0.82255
0.82247
0.82240
0.82232
0.82225
0.82217
0.82210
0.82202
0.82195
0.82187
0.82180
0.82172
0.82165
0.82157
0.82150
0.82142
0.82135
0.82127
0.82120
0.82112
0.82105
0.82097
0.82090
0.82082
0.82075
0.82067
0.82060
0.82052
0.82045
0.82037
0.82030
0.82022
0.82015
0.82007
0.82000
0.81992
0.81985
0.81977
0.81970
0.81962
0.81955
0.81947
0.81940
0.81932
0.81925
0.81917
0.81910
0.81902
0.81895
0.81887
0.81880
0.81872
0.81865
0.81857
0.81850
0.81842
0.81835
0.81827
0.81820
0.81812
0.81805
0.81797
0.81790
0.81782
0.81775
0.81767
0.81760
0.81752
0.81745
0.81737
0.81730
0.81722
0.81715
0.81707
0.81700
0.81692
0.81685
0.81677
0.81670
0.81662
0.81655
0.81647
0.81640
0.81632
0.81625
0.81617
0.81610
0.81602
0.81595
0.81587
0.81580
0.81572
0.81565
0.81557
0.81550
0.81542
0.81535
0.81527
0.81520
0.81512
0.81505
0.81497
0.81490
0.81482
0.81475
0.81467
0.81460
0.81452
0.81445
0.81437
0.81430
0.81422
0.81415
0.81407
0.81400
0.81392
0.81385
0.81377
0.81370
0.81362
0.81355
0.81347
0.81340
0.81332
0.81325
0.81317
0.81310
0.81302
0.81295
0.81287
0.81280
0.81272
0.81265
0.81257
0.81250
0.81242
0.81235
0.81227
0.81220
0.81212
0.81205
0.81197
0.81190
0.81182
0.81175
0.81167
0.81160
0.81152
0.81145
0.81137
0.81130
0.81122
0.81115
0.81107
0.81100
0.81092
0.81085
0.81077
0.81070
0.81062
0.81055
0.81047
0.81040
0.81032
0.81025
0.81017
0.81010
0.81002
0.80995
0.80987
0.80980
0.80972
0.80965
0.80957
0.80950
0.80942
0.80935
0.80927
0.80920
0.80912
0.80905
0.80897
0.80890
0.80882
0.80875
0.80867
0.80860
0.80852
0.80845
0.80837
0.80830
0.80822
0.80815
0.80807
0.80800
0.80792
0.80785
0.80777
0.80770
0.80762
0.80755
0.80747
0.80740
0.80732
0.80725
0.80717
0.80710
0.80702
0.80695
0.80687
0.80680
0.80672
0.80665
0.80657
0.80650
0.80642
0.80635
0.80627
0.80620
0.80612
0.80605
0.80597
0.80590
0.80582
0.80575
0.80567
0.80560
0.80552
0.80545
0.80537
0.80530
0.80522
0.80515
0.80507
0.80500
0.80492
0.80485
0.80477
0.80470
0.80462
0.80455
0.80447
0.80440
0.80432
0.80425
0.80417
0.80410
0.80402
0.80395
0.80387
0.80380
0.80372
0.80365
0.80357
0.80350
0.80342
0.80335
0.80327
0.80320
0.80312
0.80305
0.80297
0.80290
0.80282
0.80275
0.80267
0.80260
0.80252
0.80245
0.80237
0.80230
0.80222
0.80215
0.80207
0.80200
0.80192
0.80185
0.80177
0.80170
0.80162
0.80155
0.80147
0.80140
0.80132
0.80125
0.80117
0.80110
0.80102
0.80095
0.80087
0.80080
0.80072
0.80065
0.80057
0.80050
0.80042
0.80035
0.80027
0.80020
0.80012
0.80005
0.79997
0.79990
0.79982
0.79975
0.79967
0.79960
0.79952
0.79945
0.79937
0.79930
0.79922
0.79915
0.79907
0.79900
0.79892
0.79885
0.79877
0.79870
0.79862
0.79855
0.79847
0.79840
0.79832
0.79825
0.79817
0.79810
0.79802
0.79795
0.79787
0.79780
0.79772
0.79765
0.79757
0.79750
0.79742
0.79735
0.79727
0.79720
0.79712
0.79705
0.79697
0.79690
0.79682
0.79675
0.79667
0.79660
0.79652
0.79645
0.79637
0.79630
0.79622
0.79615
0.79607
0.79600
0.79592
0.79585
0.79577
0.79570
0.79562
0.79555
0.79547
0.79540
0.79532
0.79525
0.79517
0.79510
0.79502
0.79495
0.79487
0.79480
0.79472
0.79465
0.79457
0.79450
0.79442
0.79435
0.79427
0.79420
0.79412
0.79405
0.79397
0.79390
0.79382
0.79375
0.79367
0.79360
0.79352
0.79345
0.79337
0.79330
0.79322
0.79315
0.79307
0.79300
0.79292
0.79285
0.79277
0.79270
0.79262
0.79255
0.79247
0.79240
0.79232
0.79225
0.79217
0.79210
0.79202
0.79195
0.79187
0.79180
0.79172
0.79165
0.79157
0.79150
0.79142
0.79135
0.79127
0.79120
0.79112
0.79105
0.79097
0.79090
0.79082
0.79075
0.79067
0.79060
0.79052
0.79045
0.79037
0.79030
0.79022
0.79015
0.79007
0.79000
0.78992
0.78985
0.78977
0.78970
0.78962
0.78955
0.78947
0.78940
0.78932
0.78925
0.78917
0.78910
0.78902
0.78895
0.78887
0.78880
0.78872
0.78865
0.78857
0.78850
0.78842
0.78835
0.78827
0.78820
0.78812
0.78805
0.78797
0.78790
0.78782
0.78775
0.78767
0.78760
0.78752
0.78745
0.78737
0.78730
0.78722
0.78715
0.78707
0.78700
0.78692
0.78685
0.78677
0.78670
0.78662
0.78655
0.78647
0.78640
0.78632
0.78625
0.78617
0.78610
0.78602
0.78595
0.78587
0.78580
0.78572
0.78565
0.78557
0.78550
0.78542
0.78535
0.78527
0.78520
0.78512
0.78505
0.78497
0.78490
0.78482
0.78475
0.78467
0.78460
0.78452
0.78445
0.78437
0.78430
0.78422
0.78415
0.78407
0.78400
0.78392
0.78385
0.78377
0.78370
0.78362
0.78355
0.78347
0.78340
0.78332
0.78325
0.78317
0.78310
0.78302
0.78295
0.78287
0.78280
0.78272
0.78265
0.78257
0.78250
0.78242
0.78235
0.78227
0.78220
0.78212
0.78205
0.78197
0.78190
0.78182
0.78175
0.78167
0.78160
0.78152
0.78145
0.78137
0.78130
0.78122
0.78115
0.78107
0.78100
0.78092
0.78085
0.78077
0.78070
0.78062
0.78055
0.78047
0.78040
0.78032
0.78025
0.78017
0.78010
0.78002
0.77995
0.77987
0.77980
0.77972
0.77965
0.77957
0.77950
0.77942
0.77935
0.77927
0.77920
0.77912
0.77905
0.77897
0.77890
0.77882
0.77875
0.77867
0.77860
0.77852
0.77845
0.77837
0.77830
0.77822
0.77815
0.77807
0.77800
0.77792
0.77785
0.77777
0.77770
0.77762
0.77755
0.77747
0.77740
0.77732
0.77725
0.77717
0.77710
0.77702
0.77695
0.77687
0.77680
0.77672
0.77665
0.77657
0.77650
0.77642
0.77635
0.77627
0.77620
0.77612
0.77605
0.77597
0.77590
0.77582
0.77575
0.77567
0.77560
0.77552
0.77545
0.77537
0.77530
0.77522
0.77515
0.77507
0.77500
0.77492
0.77485
0.77477
0.77470
0.77462
0.77455
0.77447
0.77440
0.77432
0.77425
0.77417
0.77410
0.77402
0.77395
0.77387
0.77380
0.77372
0.77365
0.77357
0.77350
0.77342
0.77335
0.77327
0.77320
0.77312
0.77305
0.77297
0.77290
0.77282
0.77275
0.77267
0.77260
0.77252
0.77245
0.77237
0.77230
0.77222
0.77215
0.77207
0.77200
0.77192
0.77185
0.77177
0.77170
0.77162
0.77155
0.77147
0.77140
0.77132
0.77125
0.77117
0.77110
0.77102
0.77095
0.77087
0.77080
0.77072
0.77065
0.77057
0.77050
0.77042
0.77035
0.77027
0.77020
0.77012
0.77005
0.76997
0.76990
0.76982
0.76975
0.76967
0.76960
0.76952
0.76945
0.76937
0.76930
0.76922
0.76915
0.76907
0.76900
0.76892
0.76885
0.76877
0.76870
0.76862
0.76855
0.76847
0.76840
0.76832
0.76825
0.76817
0.76810
0.76802
0.76795
0.76787
0.76780
0.76772
0.76765
0.76757
0.76750
0.76742
0.76735
0.76727
0.76720
0.76712
0.76705
0.76697
0.76690
0.76682
0.76675
0.76667
0.76660
0.76652
0.76645
0.76637
0.76630
0.76622
0.76615
0.76607
0.76600
0.76592
0.76585
0.76577
0.76570
0.76562
0.76555
0.76547
0.76540
0.76532
0.76525
0.76517
0.76510
0.76502
0.76495
0.76487
0.76480
0.76472
0.76465
0.76457
0.76450
0.76442
0.76435
0.76427
0.76420
0.76412
0.76405
0.76397
0.76390
0.76382
0.76375
0.76367
0.76360
0.76352
0.76345
0.76337
0.76330
0.76322
0.76315
0.76307
0.76300
0.76292
0.76285
0.76277
0.76270
0.76262
0.76255
0.76247
0.76240
0.76232
0.76225
0.76217
0.76210
0.76202
0.76195
0.76187
0.76180
0.76172
0.76165
0.76157
0.76150
0.76142
0.76135
0.76127
0.76120
0.76112
0.76105
0.76097
0.76090
0.76082
0.76075
0.76067
0.76060
0.76052
0.76045
0.76037
0.76030
0.76022
0.76015
0.76007
0.76000
0.75992
0.75985
0.75977
0.75970
0.75962
0.75955
0.75947
0.75940
0.75932
0.75925
0.75917
0.75910
0.75902
0.75895
0.75887
0.75880
0.75872
0.75865
0.75857
0.75850
0.75842
0.75835
0.75827
0.75820
0.75812
0.75805
0.75797
0.75790
0.75782
0.75775
0.75767
0.75760
0.75752
0.75745
0.75737
0.75730
0.75722
0.75715
0.75707
0.75700
0.75692
0.75685
0.75677
0.75670
0.75662
0.75655
0.75647
0.75640
0.75632
0.75625
0.75617
0.75610
0.75602
0.75595
0.75587
0.75580
0.75572
0.75565
0.75557
0.75550
0.75542
0.75535
0.75527
0.75520
0.75512
0.75505
0.75497
0.75490
0.75482
0.75475
0.75467
0.75460
0.75452
0.75445
0.75437
0.75430
0.75422
0.75415
0.75407
0.75400
0.75392
0.75385
0.75377
0.75370
0.75362
0.75355
0.75347
0.75340
0.75332
0.75325
0.75317
0.75310
0.75302
0.75295
0.75287
0.75280
0.75272
0.75265
0.75257
0.75250
0.75242
0.75235
0.75227
0.75220
0.75212
0.75205
0.75197
0.75190
0.75182
0.75175
0.75167
0.75160
0.75152
0.75145
0.75137
0.75130
0.75122
0.75115
0.75107
0.75100
0.75092
0.75085
0.75077
0.75070
0.75062
0.75055
0.75047
0.75040
0.75032
0.75025
0.75017
0.75010
0.75002
0.74995
0.74987
0.74980
0.74972
0.74965
0.74957
0.74950
0.74942
0.74935
0.74927
0.74920
0.74912
0.74905
0.74897
0.74890
0.74882
0.74875
0.74867
0.74860
0.74852
0.74845
0.74837
0.74830
0.74822
0.74815
0.74807
0.74800
0.74792
0.74785
0.74777
0.74770
0.74762
0.74755
0.74747
0.74740
0.74732
0.74725
0.74717
0.74710
0.74702
0.74695
0.74687
0.74680
0.74672
0.74665
0.74657
0.74650
0.74642
0.74635
0.74627
0.74620
0.74612
0.74605
0.74597
0.74590
0.74582
0.74575
0.74567
0.74560
0.74552
0.74545
0.74537
0.74530
0.74522
0.74515
0.74507
0.74500
0.74492
0.74485
0.74477
0.74470
0.74462
0.74455
0.74447
0.74440
0.74432
0.74425
0.74417
0.74410
0.74402
0.74395
0.74387
0.74380
0.74372
0.74365
0.74357
0.74350
0.74342
0.74335
0.74327
0.74320
0.74312
0.74305
0.74297
0.74290
0.74282
0.74275
0.74267
0.74260
0.74252
0.74245
0.74237
0.74230
0.74222
0.74215
0.74207
0.74200
0.74192
0.74185
0.74177
0.74170
0.74162
0.74155
0.74147
0.74140
0.74132
0.74125
0.74117
0.74110
0.74102
0.74095
0.74087
0.74080
0.74072
0.74065
0.74057
0.74050
0.74042
0.74035
0.74027
0.74020
0.74012
0.74005
0.73997
0.73990
0.73982
0.73975
0.73967
0.73960
0.73952
0.73945
0.73937
0.73930
0.73922
0.73915
0.73907
0.73900
0.73892
0.73885
0.73877
0.73870
0.73862
0.73855
0.73847
0.73840
0.73832
0.73825
0.73817
0.73810
0.73802
0.73795
0.73787
0.73780
0.73772
0.73765
0.73757
0.73750
0.73742
0.73735
0.73727
0.73720
0.73712
0.73705
0.73697
0.73690
0.73682
0.73675
0.73667
0.73660
0.73652
0.73645
0.73637
0.73630
0.73622
0.73615
0.73607
0.73600
0.73592
0.73585
0.73577
0.73570
0.73562
0.73555
0.73547
0.73540
0.73532
0.73525
0.73517
0.73510
0.73502
0.73495
0.73487
0.73480
0.73472
0.73465
0.73457
0.73450
0.73442
0.73435
0.73427
0.73420
0.73412
0.73405
0.73397
0.73390
0.73382
0.73375
0.73367
0.73360
0.73352
0.73345
0.73337
0.73330
0.73322
0.73315
0.73307
0.73300
0.73292
0.73285
0.73277
0.73270
0.73263
0.73255
0.73248
0.73240
0.73233
0.73225
0.73218
0.73210
0.73203
0.73195
0.73188
0.73180
0.73173
0.73165
0.73158
0.73150
0.73143
0.73135
0.73128
0.73120
0.73113
0.73105
0.73098
0.73090
0.73083
0.73075
0.73068
0.73060
0.73053
0.73045
0.73038
0.73030
0.73023
0.73015
0.73008
0.73000
0.72993
0.72985
0.72978
0.72970
0.72963
0.72955
0.72948
0.72940
0.72933
0.72925
0.72918
0.72910
0.72903
0.72895
0.72888
0.72880
0.72873
0.72865
0.72858
0.72850
0.72843
0.72835
0.72828
0.72820
0.72813
0.72805
0.72798
0.72790
0.72783
0.72775
0.72768
0.72760
0.72753
0.72745
0.72738
0.72730
0.72723
0.72715
0.72708
0.72700
0.72693
0.72685
0.72678
0.72670
0.72663
0.72655
0.72648
0.72640
0.72633
0.72625
0.72618
0.72610
0.72603
0.72595
0.72588
0.72580
0.72573
0.72565
0.72558
0.72550
0.72543
0.72535
0.72528
0.72520
0.72513
0.72505
0.72498
0.72490
0.72483
0.72475
0.72468
0.72460
0.72453
0.72445
0.72438
0.72430
0.72423
0.72415
0.72408
0.72400
0.72393
0.72385
0.72378
0.72370
0.72363
0.72355
0.72348
0.72340
0.72333
0.72325
0.72318
0.72310
0.72303
0.72295
0.72288
0.72280
0.72273
0.72265
0.72258
0.72250
0.72243
0.72235
0.72228
0.72220
0.72213
0.72205
0.72198
0.72190
0.72183
0.72175
0.72168
0.72160
0.72153
0.72145
0.72138
0.72130
0.72123
0.72115
0.72108
0.72100
0.72093
0.72085
0.72078
0.72070
0.72063
0.72055
0.72048
0.72040
0.72033
0.72025
0.72018
0.72010
0.72003
0.71995
0.71988
0.71980
0.71973
0.71965
0.71958
0.71950
0.71943
0.71935
0.71928
0.71920
0.71913
0.71905
0.71898
0.71890
0.71883
0.71875
0.71868
0.71860
0.71853
0.71845
0.71838
0.71830
0.71823
0.71815
0.71808
0.71800
0.71793
0.71785
0.71778
0.71770
0.71763
0.71755
0.71748
0.71740
0.71733
0.71725
0.71718
0.71710
0.71703
0.71695
0.71688
0.71680
0.71673
0.71665
0.71658
0.71650
0.71643
0.71635
0.71628
0.71620
0.71613
0.71605
0.71598
0.71590
0.71583
0.71575
0.71568
0.71560
0.71553
0.71545
0.71538
0.71530
0.71523
0.71515
0.71508
0.71500
0.71493
0.71485
0.71478
0.71470
0.71463
0.71455
0.71448
0.71440
0.71433
0.71425
0.71418
0.71410
0.71403
0.71395
0.71388
0.71380
0.71373
0.71365
0.71358
0.71350
0.71343
0.71335
0.71328
0.71320
0.71313
0.71305
0.71298
0.71290
0.71283
0.71275
0.71268
0.71260
0.71253
0.71245
0.71238
0.71230
0.71223
0.71215
0.71208
0.71200
0.71193
0.71185
0.71178
0.71170
0.71163
0.71155
0.71148
0.71140
0.71133
0.71125
0.71118
0.71110
0.71103
0.71095
0.71088
0.71080
0.71073
0.71065
0.71058
0.71050
0.71043
0.71035
0.71028
0.71020
0.71013
0.71005
0.70998
0.70990
0.70983
0.70975
0.70968
0.70960
0.70953
0.70945
0.70938
0.70930
0.70923
0.70915
0.70908
0.70900
0.70893
0.70885
0.70878
0.70870
0.70863
0.70855
0.70848
0.70840
0.70833
0.70825
0.70818
0.70810
0.70803
0.70795
0.70788
0.70780
0.70773
0.70765
0.70758
0.70750
0.70743
0.70735
0.70728
0.70720
0.70713
0.70705
0.70698
0.70690
0.70683
0.70675
0.70668
0.70660
0.70653
0.70645
0.70638
0.70630
0.70623
0.70615
0.70608
0.70600
0.70593
0.70585
0.70578
0.70570
0.70563
0.70555
0.70548
0.70540
0.70533
0.70525
0.70518
0.70510
0.70503
0.70495
0.70488
0.70480
0.70473
0.70465
0.70458
0.70450
0.70443
0.70435
0.70428
0.70420
0.70413
0.70405
0.70398
0.70390
0.70383
0.70375
0.70368
0.70360
0.70353
0.70345
0.70338
0.70330
0.70323
0.70315
0.70308
0.70300
0.70293
0.70285
0.70278
0.70270
0.70263
0.70255
0.70248
0.70240
0.70233
0.70225
0.70218
0.70210
0.70203
0.70195
0.70188
0.70180
0.70173
0.70165
0.70158
0.70150
0.70143
0.70135
0.70128
0.70120
0.70113
0.70105
0.70098
0.70090
0.70083
0.70075
0.70068
0.70060
0.70053
0.70045
0.70038
0.70030
0.70023
0.70015
0.70008
0.70000
0.69993
0.69985
0.69978
0.69970
0.69963
0.69955
0.69948
0.69940
0.69933
0.69925
0.69918
0.69910
0.69903
0.69895
0.69888
0.69880
0.69873
0.69865
0.69858
0.69850
0.69843
0.69835
0.69828
0.69820
0.69813
0.69805
0.69798
0.69790
0.69783
0.69775
0.69768
0.69760
0.69753
0.69745
0.69738
0.69730
0.69723
0.69715
0.69708
0.69700
0.69693
0.69685
0.69678
0.69670
0.69663
0.69655
0.69648
0.69640
0.69633
0.69625
0.69618
0.69610
0.69603
0.69595
0.69588
0.69580
0.69573
0.69565
0.69558
0.69550
0.69543
0.69535
0.69528
0.69520
0.69513
0.69505
0.69498
0.69490
0.69483
0.69475
0.69468
0.69460
0.69453
0.69445
0.69438
0.69430
0.69423
0.69415
0.69408
0.69400
0.69393
0.69385
0.69378
0.69370
0.69363
0.69355
0.69348
0.69340
0.69333
0.69325
0.69318
0.69310
0.69303
0.69295
0.69288
0.69280
0.69273
0.69265
0.69258
0.69250
0.69243
0.69235
0.69228
0.69220
0.69213
0.69205
0.69198
0.69190
0.69183
0.69175
0.69168
0.69160
0.69153
0.69145
0.69138
0.69130
0.69123
0.69115
0.69108
0.69100
0.69093
0.69085
0.69078
0.69070
0.69063
0.69055
0.69048
0.69040
0.69033
0.69025
0.69018
0.69010
0.69003
0.68995
0.68988
0.68980
0.68973
0.68965
0.68958
0.68950
0.68943
0.68935
0.68928
0.68920
0.68913
0.68905
0.68898
0.68890
0.68883
0.68875
0.68868
0.68860
0.68853
0.68845
0.68838
0.68830
0.68823
0.68815
0.68808
0.68800
0.68793
0.68785
0.68778
0.68770
0.68763
0.68755
0.68748
0.68740
0.68733
0.68725
0.68718
0.68710
0.68703
0.68695
0.68688
0.68680
0.68673
0.68665
0.68658
0.68650
0.68643
0.68635
0.68628
0.68620
0.68613
0.68605
0.68598
0.68590
0.68583
0.68575
0.68568
0.68560
0.68553
0.68545
0.68538
0.68530
0.68523
0.68515
0.68508
0.68500
0.68493
0.68485
0.68478
0.68470
0.68463
0.68455
0.68448
0.68440
0.68433
0.68425
0.68418
0.68410
0.68403
0.68395
0.68388
0.68380
0.68373
0.68365
0.68358
0.68350
0.68343
0.68335
0.68328
0.68320
0.68313
0.68305
0.68298
0.68290
0.68283
0.68275
0.68268
0.68260
0.68253
0.68245
0.68238
0.68230
0.68223
0.68215
0.68208
0.68200
0.68193
0.68186
0.68178
0.68171
0.68163
0.68156
0.68148
0.68141
0.68133
0.68126
0.68118
0.68111
0.68103
0.68096
0.68088
0.68081
0.68073
0.68066
0.68058
0.68051
0.68043
0.68036
0.68028
0.68021
0.68013
0.68006
0.67998
0.67991
0.67983
0.67976
0.67968
0.67961
0.67953
0.67946
0.67938
0.67931
0.67923
0.67916
0.67908
0.67901
0.67893
0.67886
0.67878
0.67871
0.67863
0.67856
0.67848
0.67841
0.67833
0.67826
0.67818
0.67811
0.67803
0.67796
0.67788
0.67781
0.67773
0.67766
0.67758
0.67751
0.67743
0.67736
0.67728
0.67721
0.67713
0.67706
0.67698
0.67691
0.67683
0.67676
0.67668
0.67661
0.67653
0.67646
0.67638
0.67631
0.67623
0.67616
0.67608
0.67601
0.67593
0.67586
0.67578
0.67571
0.67563
0.67556
0.67548
0.67541
0.67533
0.67526
0.67518
0.67511
0.67503
0.67496
0.67488
0.67481
0.67473
0.67466
0.67458
0.67451
0.67443
0.67436
0.67428
0.67421
0.67413
0.67406
0.67398
0.67391
0.67383
0.67376
0.67368
0.67361
0.67353
0.67346
0.67338
0.67331
0.67323
0.67316
0.67308
0.67301
0.67293
0.67286
0.67278
0.67271
0.67263
0.67256
0.67248
0.67241
0.67233
0.67226
0.67218
0.67211
0.67203
0.67196
0.67188
0.67181
0.67173
0.67166
0.67158
0.67151
0.67143
0.67136
0.67128
0.67121
0.67113
0.67106
0.67098
0.67091
0.67083
0.67076
0.67068
0.67061
0.67053
0.67046
0.67038
0.67031
0.67023
0.67016
0.67008
0.67001
0.66993
0.66986
0.66978
0.66971
0.66963
0.66956
0.66948
0.66941
0.66933
0.66926
0.66918
0.66911
0.66903
0.66896
0.66888
0.66881
0.66873
0.66866
0.66858
0.66851
0.66843
0.66836
0.66828
0.66821
0.66813
0.66806
0.66798
0.66791
0.66783
0.66776
0.66768
0.66761
0.66753
0.66746
0.66738
0.66731
0.66723
0.66716
0.66708
0.66701
0.66693
0.66686
0.66678
0.66671
0.66663
0.66656
0.66648
0.66641
0.66633
0.66626
0.66618
0.66611
0.66603
0.66596
0.66588
0.66581
0.66573
0.66566
0.66558
0.66551
0.66543
0.66536
0.66528
0.66521
0.66513
0.66506
0.66498
0.66491
0.66483
0.66476
0.66468
0.66461
0.66453
0.66446
0.66438
0.66431
0.66423
0.66416
0.66408
0.66401
0.66393
0.66386
0.66378
0.66371
0.66363
0.66356
0.66348
0.66341
0.66333
0.66326
0.66318
0.66311
0.66303
0.66296
0.66288
0.66281
0.66273
0.66266
0.66258
0.66251
0.66243
0.66236
0.66228
0.66221
0.66213
0.66206
0.66198
0.66191
0.66183
0.66176
0.66168
0.66161
0.66153
0.66146
0.66138
0.66131
0.66123
0.66116
0.66108
0.66101
0.66093
0.66086
0.66078
0.66071
0.66063
0.66056
0.66048
0.66041
0.66033
0.66026
0.66018
0.66011
0.66003
0.65996
0.65988
0.65981
0.65973
0.65966
0.65958
0.65951
0.65943
0.65936
0.65928
0.65921
0.65913
0.65906
0.65898
0.65891
0.65883
0.65876
0.65868
0.65861
0.65853
0.65846
0.65838
0.65831
0.65823
0.65816
0.65808
0.65801
0.65793
0.65786
0.65778
0.65771
0.65763
0.65756
0.65748
0.65741
0.65733
0.65726
0.65718
0.65711
0.65703
0.65696
0.65688
0.65681
0.65673
0.65666
0.65658
0.65651
0.65643
0.65636
0.65628
0.65621
0.65613
0.65606
0.65598
0.65591
0.65583
0.65576
0.65568
0.65561
0.65553
0.65546
0.65538
0.65531
0.65523
0.65516
0.65508
0.65501
0.65493
0.65486
0.65478
0.65471
0.65463
0.65456
0.65448
0.65441
0.65433
0.65426
0.65418
0.65411
0.65403
0.65396
0.65388
0.65381
0.65373
0.65366
0.65358
0.65351
0.65343
0.65336
0.65328
0.65321
0.65313
0.65306
0.65298
0.65291
0.65283
0.65276
0.65268
0.65261
0.65253
0.65246
0.65238
0.65231
0.65223
0.65216
0.65208
0.65201
0.65193
0.65186
0.65178
0.65171
0.65163
0.65156
0.65148
0.65141
0.65133
0.65126
0.65118
0.65111
0.65103
0.65096
0.65088
0.65081
0.65073
0.65066
0.65058
0.65051
0.65043
0.65036
0.65028
0.65021
0.65013
0.65006
0.64998
0.64991
0.64983
0.64976
0.64968
0.64961
0.64953
0.64946
0.64938
0.64931
0.64923
0.64916
0.64908
0.64901
0.64893
0.64886
0.64878
0.64871
0.64863
0.64856
0.64848
0.64841
0.64833
0.64826
0.64818
0.64811
0.64803
0.64796
0.64788
0.64781
0.64773
0.64766
0.64758
0.64751
0.64743
0.64736
0.64728
0.64721
0.64713
0.64706
0.64698
0.64691
0.64683
0.64676
0.64668
0.64661
0.64653
0.64646
0.64638
0.64631
0.64623
0.64616
0.64608
0.64601
0.64593
0.64586
0.64578
0.64571
0.64563
0.64556
0.64548
0.64541
0.64533
0.64526
0.64518
0.64511
0.64503
0.64496
0.64488
0.64481
0.64473
0.64466
0.64458
0.64451
0.64443
0.64436
0.64428
0.64421
0.64413
0.64406
0.64398
0.64391
0.64384
0.64376
0.64369
0.64361
0.64354
0.64346
0.64339
0.64331
0.64324
0.64316
0.64309
0.64301
0.64294
0.64286
0.64279
0.64271
0.64264
0.64256
0.64249
0.64241
0.64234
0.64226
0.64219
0.64211
0.64204
0.64196
0.64189
0.64181
0.64174
0.64166
0.64159
0.64151
0.64144
0.64136
0.64129
0.64121
0.64114
0.64106
0.64099
0.64091
0.64084
0.64076
0.64069
0.64061
0.64054
0.64046
0.64039
0.64031
0.64024
0.64016
0.64009
0.64001
0.63994
0.63986
0.63979
0.63971
0.63964
0.63956
0.63949
0.63941
0.63934
0.63926
0.63919
0.63911
0.63904
0.63896
0.63889
0.63881
0.63874
0.63866
0.63859
0.63851
0.63844
0.63836
0.63829
0.63821
0.63814
0.63806
0.63799
0.63791
0.63784
0.63776
0.63769
0.63761
0.63754
0.63746
0.63739
0.63731
0.63724
0.63716
0.63709
0.63701
0.63694
0.63686
0.63679
0.63671
0.63664
0.63656
0.63649
0.63641
0.63634
0.63626
0.63619
0.63611
0.63604
0.63596
0.63589
0.63581
0.63574
0.63566
0.63559
0.63551
0.63544
0.63536
0.63529
0.63521
0.63514
0.63506
0.63499
0.63491
0.63484
0.63476
0.63469
0.63461
0.63454
0.63446
0.63439
0.63431
0.63424
0.63416
0.63409
0.63401
0.63394
0.63386
0.63379
0.63371
0.63364
0.63356
0.63349
0.63341
0.63334
0.63326
0.63319
0.63311
0.63304
0.63296
0.63289
0.63281
0.63274
0.63266
0.63259
0.63251
0.63244
0.63236
0.63229
0.63221
0.63214
0.63206
0.63199
0.63191
0.63184
0.63176
0.63169
0.63161
0.63154
0.63146
0.63139
0.63131
0.63124
0.63116
0.63109
0.63101
0.63094
0.63086
0.63079
0.63071
0.63064
0.63056
0.63049
0.63041
0.63034
0.63026
0.63019
0.63011
0.63004
0.62996
0.62989
0.62981
0.62974
0.62966
0.62959
0.62951
0.62944
0.62936
0.62929
0.62921
0.62914
0.62906
0.62899
0.62891
0.62884
0.62876
0.62869
0.62861
0.62854
0.62846
0.62839
0.62831
0.62824
0.62816
0.62809
0.62801
0.62794
0.62786
0.62779
0.62771
0.62764
0.62756
0.62749
0.62741
0.62734
0.62726
0.62719
0.62711
0.62704
0.62696
0.62689
0.62681
0.62674
0.62666
0.62659
0.62651
0.62644
0.62636
0.62629
0.62621
0.62614
0.62606
0.62599
0.62591
0.62584
0.62576
0.62569
0.62561
0.62554
0.62546
0.62539
0.62531
0.62524
0.62516
0.62509
0.62501
0.62494
0.62486
0.62479
0.62471
0.62464
0.62456
0.62449
0.62441
0.62434
0.62426
0.62419
0.62411
0.62404
0.62396
0.62389
0.62381
0.62374
0.62366
0.62359
0.62351
0.62344
0.62336
0.62329
0.62321
0.62314
0.62306
0.62299
0.62291
0.62284
0.62276
0.62269
0.62261
0.62254
0.62246
0.62239
0.62231
0.62224
0.62216
0.62209
0.62201
0.62194
0.62186
0.62179
0.62171
0.62164
0.62156
0.62149
0.62141
0.62134
0.62126
0.62119
0.62111
0.62104
0.62096
0.62089
0.62081
0.62074
0.62066
0.62059
0.62051
0.62044
0.62036
0.62029
0.62021
0.62014
0.62006
0.61999
0.61991
0.61984
0.61976
0.61969
0.61961
0.61954
0.61946
0.61939
0.61931
0.61924
0.61916
0.61909
0.61901
0.61894
0.61886
0.61879
0.61871
0.61864
0.61856
0.61849
0.61841
0.61834
0.61826
0.61819
0.61811
0.61804
0.61796
0.61789
0.61781
0.61774
0.61766
0.61759
0.61751
0.61744
0.61736
0.61729
0.61721
0.61714
0.61706
0.61699
0.61691
0.61684
0.61676
0.61669
0.61661
0.61654
0.61646
0.61639
0.61631
0.61624
0.61616
0.61609
0.61601
0.61594
0.61586
0.61579
0.61571
0.61564
0.61556
0.61549
0.61541
0.61534
0.61526
0.61519
0.61511
0.61504
0.61496
0.61489
0.61481
0.61474
0.61466
0.61459
0.61451
0.61444
0.61436
0.61429
0.61421
0.61414
0.61406
0.61399
0.61391
0.61384
0.61376
0.61369
0.61361
0.61354
0.61346
0.61339
0.61331
0.61324
0.61316
0.61309
0.61301
0.61294
0.61286
0.61279
0.61271
0.61264
0.61256
0.61249
0.61241
0.61234
0.61227
0.61219
0.61212
0.61204
0.61197
0.61189
0.61182
0.61174
0.61167
0.61159
0.61152
0.61144
0.61137
0.61129
0.61122
0.61114
0.61107
0.61099
0.61092
0.61084
0.61077
0.61069
0.61062
0.61054
0.61047
0.61039
0.61032
0.61024
0.61017
0.61009
0.61002
0.60994
0.60987
0.60979
0.60972
0.60964
0.60957
0.60949
0.60942
0.60934
0.60927
0.60919
0.60912
0.60904
0.60897
0.60889
0.60882
0.60874
0.60867
0.60859
0.60852
0.60844
0.60837
0.60829
0.60822
0.60814
0.60807
0.60799
0.60792
0.60784
0.60777
0.60769
0.60762
0.60754
0.60747
0.60739
0.60732
0.60724
0.60717
0.60709
0.60702
0.60694
0.60687
0.60679
0.60672
0.60664
0.60657
0.60649
0.60642
0.60634
0.60627
0.60619
0.60612
0.60604
0.60597
0.60589
0.60582
0.60574
0.60567
0.60559
0.60552
0.60544
0.60537
0.60529
0.60522
0.60514
0.60507
0.60499
0.60492
0.60484
0.60477
0.60469
0.60462
0.60454
0.60447
0.60439
0.60432
0.60424
0.60417
0.60409
0.60402
0.60394
0.60387
0.60379
0.60372
0.60364
0.60357
0.60349
0.60342
0.60334
0.60327
0.60319
0.60312
0.60304
0.60297
0.60289
0.60282
0.60274
0.60267
0.60259
0.60252
0.60244
0.60237
0.60229
0.60222
0.60214
0.60207
0.60199
0.60192
0.60184
0.60177
0.60169
0.60162
0.60154
0.60147
0.60139
0.60132
0.60124
0.60117
0.60109
0.60102
0.60094
0.60087
0.60079
0.60072
0.60064
0.60057
0.60049
0.60042
0.60034
0.60027
0.60019
0.60012
0.60004
0.59997
0.59989
0.59982
0.59974
0.59967
0.59959
0.59952
0.59944
0.59937
0.59929
0.59922
0.59914
0.59907
0.59899
0.59892
0.59884
0.59877
0.59869
0.59862
0.59854
0.59847
0.59839
0.59832
0.59824
0.59817
0.59809
0.59802
0.59794
0.59787
0.59779
0.59772
0.59764
0.59757
0.59749
0.59742
0.59734
0.59727
0.59719
0.59712
0.59704
0.59697
0.59689
0.59682
0.59674
0.59667
0.59659
0.59652
0.59644
0.59637
0.59629
0.59622
0.59614
0.59607
0.59599
0.59592
0.59584
0.59577
0.59569
0.59562
0.59554
0.59547
0.59539
0.59532
0.59524
0.59517
0.59509
0.59502
0.59494
0.59487
0.59479
0.59472
0.59464
0.59457
0.59449
0.59442
0.59434
0.59427
0.59419
0.59412
0.59404
0.59397
0.59389
0.59382
0.59374
0.59367
0.59359
0.59352
0.59344
0.59337
0.59329
0.59322
0.59314
0.59307
0.59299
0.59292
0.59284
0.59277
0.59269
0.59262
0.59254
0.59247
0.59239
0.59232
0.59224
0.59217
0.59209
0.59202
0.59194
0.59187
0.59179
0.59172
0.59164
0.59157
0.59149
0.59142
0.59134
0.59127
0.59119
0.59112
0.59104
0.59097
0.59089
0.59082
0.59074
0.59067
0.59059
0.59052
0.59044
0.59037
0.59029
0.59022
0.59014
0.59007
0.58999
0.58992
0.58984
0.58977
0.58969
0.58962
0.58954
0.58947
0.58939
0.58932
0.58924
0.58917
0.58909
0.58902
0.58894
0.58887
0.58879
0.58872
0.58864
0.58857
0.58849
0.58842
0.58834
0.58827
0.58819
0.58812
0.58804
0.58797
0.58789
0.58782
0.58774
0.58767
0.58759
0.58752
0.58744
0.58737
0.58729
0.58722
0.58714
0.58707
0.58699
0.58692
0.58684
0.58677
0.58669
0.58662
0.58654
0.58647
0.58639
0.58632
0.58624
0.58617
0.58609
0.58602
0.58594
0.58587
0.58579
0.58572
0.58564
0.58557
0.58549
0.58542
0.58534
0.58527
0.58519
0.58512
0.58505
0.58497
0.58490
0.58482
0.58475
0.58467
0.58460
0.58452
0.58445
0.58437
0.58430
0.58422
0.58415
0.58407
0.58400
0.58392
0.58385
0.58377
0.58370
0.58362
0.58355
0.58347
0.58340
0.58332
0.58325
0.58317
0.58310
0.58302
0.58295
0.58287
0.58280
0.58272
0.58265
0.58257
0.58250
0.58242
0.58235
0.58227
0.58220
0.58212
0.58205
0.58197
0.58190
0.58182
0.58175
0.58167
0.58160
0.58152
0.58145
0.58137
0.58130
0.58122
0.58115
0.58107
0.58100
0.58092
0.58085
0.58077
0.58070
0.58062
0.58055
0.58047
0.58040
0.58032
0.58025
0.58017
0.58010
0.58002
0.57995
0.57987
0.57980
0.57972
0.57965
0.57957
0.57950
0.57942
0.57935
0.57927
0.57920
0.57912
0.57905
0.57897
0.57890
0.57882
0.57875
0.57867
0.57860
0.57852
0.57845
0.57837
0.57830
0.57822
0.57815
0.57807
0.57800
0.57792
0.57785
0.57777
0.57770
0.57762
0.57755
0.57747
0.57740
0.57732
0.57725
0.57717
0.57710
0.57702
0.57695
0.57687
0.57680
0.57672
0.57665
0.57657
0.57650
0.57642
0.57635
0.57627
0.57620
0.57612
0.57605
0.57597
0.57590
0.57582
0.57575
0.57567
0.57560
0.57552
0.57545
0.57537
0.57530
0.57522
0.57515
0.57507
0.57500
0.57492
0.57485
0.57477
0.57470
0.57462
0.57455
0.57447
0.57440
0.57432
0.57425
0.57417
0.57410
0.57402
0.57395
0.57387
0.57380
0.57372
0.57365
0.57357
0.57350
0.57342
0.57335
0.57327
0.57320
0.57312
0.57305
0.57297
0.57290
0.57282
0.57275
0.57267
0.57260
0.57252
0.57245
0.57237
0.57230
0.57222
0.57215
0.57207
0.57200
0.57192
0.57185
0.57177
0.57170
0.57162
0.57155
0.57147
0.57140
0.57132
0.57125
0.57117
0.57110
0.57102
0.57095
0.57087
0.57080
0.57072
0.57065
0.57057
0.57050
0.57042
0.57035
0.57027
0.57020
0.57012
0.57005
0.56997
0.56990
0.56982
0.56975
0.56967
0.56960
0.56952
0.56945
0.56937
0.56930
0.56922
0.56915
0.56907
0.56900
0.56892
0.56885
0.56877
0.56870
0.56862
0.56855
0.56847
0.56840
0.56832
0.56825
0.56817
0.56810
0.56802
0.56795
0.56787
0.56780
0.56772
0.56765
0.56757
0.56750
0.56742
0.56735
0.56727
0.56720
0.56712
0.56705
0.56697
0.56690
0.56682
0.56675
0.56667
0.56660
0.56652
0.56645
0.56637
0.56630
0.56622
0.56615
0.56607
0.56600
0.56592
0.56585
0.56577
0.56570
0.56562
0.56555
0.56547
0.56540
0.56532
0.56525
0.56517
0.56510
0.56502
0.56495
0.56487
0.56480
0.56472
0.56465
0.56457
0.56450
0.56442
0.56435
0.56427
0.56420
0.56412
0.56405
0.56397
0.56390
0.56382
0.56375
0.56367
0.56360
0.56352
0.56345
0.56337
0.56330
0.56322
0.56315
0.56307
0.56300
0.56292
0.56285
0.56277
0.56270
0.56262
0.56255
0.56247
0.56240
0.56232
0.56225
0.56217
0.56210
0.56202
0.56195
0.56187
0.56180
0.56172
0.56165
0.56157
0.56150
0.56142
0.56135
0.56127
0.56120
0.56112
0.56105
0.56097
0.56090
0.56083
0.56075
0.56068
0.56060
0.56053
0.56045
0.56038
0.56030
0.56023
0.56015
0.56008
0.56000
0.55993
0.55985
0.55978
0.55970
0.55963
0.55955
0.55948
0.55940
0.55933
0.55925
0.55918
0.55910
0.55903
0.55895
0.55888
0.55880
0.55873
0.55865
0.55858
0.55850
0.55843
0.55835
0.55828
0.55820
0.55813
0.55805
0.55798
0.55790
0.55783
0.55775
0.55768
0.55760
0.55753
0.55745
0.55738
0.55730
0.55723
0.55715
0.55708
0.55700
0.55693
0.55685
0.55678
0.55670
0.55663
0.55655
0.55648
0.55640
0.55633
0.55625
0.55618
0.55610
0.55603
0.55595
0.55588
0.55580
0.55573
0.55565
0.55558
0.55550
0.55543
0.55535
0.55528
0.55520
0.55513
0.55505
0.55498
0.55490
0.55483
0.55475
0.55468
0.55460
0.55453
0.55445
0.55438
0.55430
0.55423
0.55415
0.55408
0.55400
0.55393
0.55385
0.55378
0.55370
0.55363
0.55355
0.55348
0.55340
0.55333
0.55325
0.55318
0.55310
0.55303
0.55295
0.55288
0.55280
0.55273
0.55265
0.55258
0.55250
0.55243
0.55235
0.55228
0.55220
0.55213
0.55205
0.55198
0.55190
0.55183
0.55175
0.55168
0.55160
0.55153
0.55145
0.55138
0.55130
0.55123
0.55115
0.55108
0.55100
0.55093
0.55085
0.55078
0.55070
0.55063
0.55055
0.55048
0.55040
0.55033
0.55025
0.55018
0.55010
0.55003
0.54995
0.54988
0.54980
0.54973
0.54965
0.54958
0.54950
0.54943
0.54935
0.54928
0.54920
0.54913
0.54905
0.54898
0.54890
0.54883
0.54875
0.54868
0.54860
0.54853
0.54845
0.54838
0.54830
0.54823
0.54815
0.54808
0.54800
0.54793
0.54785
0.54778
0.54770
0.54763
0.54755
0.54748
0.54740
0.54733
0.54725
0.54718
0.54710
0.54703
0.54695
0.54688
0.54680
0.54673
0.54665
0.54658
0.54650
0.54643
0.54635
0.54628
0.54620
0.54613
0.54605
0.54598
0.54590
0.54583
0.54575
0.54568
0.54560
0.54553
0.54545
0.54538
0.54530
0.54523
0.54515
0.54508
0.54500
0.54493
0.54485
0.54478
0.54470
0.54463
0.54455
0.54448
0.54440
0.54433
0.54425
0.54418
0.54410
0.54403
0.54395
0.54388
0.54380
0.54373
0.54365
0.54358
0.54350
0.54343
0.54335
0.54328
0.54320
0.54313
0.54305
0.54298
0.54290
0.54283
0.54275
0.54268
0.54260
0.54253
0.54245
0.54238
0.54230
0.54223
0.54215
0.54208
0.54200
0.54193
0.54185
0.54178
0.54170
0.54163
0.54155
0.54148
0.54140
0.54133
0.54125
0.54118
0.54110
0.54103
0.54095
0.54088
0.54080
0.54073
0.54065
0.54058
0.54050
0.54043
0.54035
0.54028
0.54020
0.54013
0.54005
0.53998
0.53990
0.53983
0.53975
0.53968
0.53960
0.53953
0.53945
0.53938
0.53930
0.53923
0.53915
0.53908
0.53900
0.53893
0.53886
0.53878
0.53871
0.53863
0.53856
0.53848
0.53841
0.53833
0.53826
0.53818
0.53811
0.53803
0.53796
0.53788
0.53781
0.53773
0.53766
0.53758
0.53751
0.53743
0.53736
0.53728
0.53721
0.53713
0.53706
0.53698
0.53691
0.53683
0.53676
0.53668
0.53661
0.53653
0.53646
0.53638
0.53631
0.53623
0.53616
0.53608
0.53601
0.53593
0.53586
0.53578
0.53571
0.53563
0.53556
0.53548
0.53541
0.53533
0.53526
0.53518
0.53511
0.53503
0.53496
0.53488
0.53481
0.53473
0.53466
0.53458
0.53451
0.53443
0.53436
0.53428
0.53421
0.53413
0.53406
0.53398
0.53391
0.53383
0.53376
0.53368
0.53361
0.53353
0.53346
0.53338
0.53331
0.53323
0.53316
0.53308
0.53301
0.53293
0.53286
0.53278
0.53271
0.53263
0.53256
0.53248
0.53241
0.53233
0.53226
0.53218
0.53211
0.53203
0.53196
0.53188
0.53181
0.53173
0.53166
0.53158
0.53151
0.53143
0.53136
0.53128
0.53121
0.53113
0.53106
0.53098
0.53091
0.53083
0.53076
0.53068
0.53061
0.53053
0.53046
0.53038
0.53031
0.53023
0.53016
0.53008
0.53001
0.52993
0.52986
0.52978
0.52971
0.52963
0.52956
0.52948
0.52941
0.52933
0.52926
0.52918
0.52911
0.52903
0.52896
0.52888
0.52881
0.52873
0.52866
0.52858
0.52851
0.52843
0.52836
0.52828
0.52821
0.52813
0.52806
0.52798
0.52791
0.52783
0.52776
0.52768
0.52761
0.52753
0.52746
0.52738
0.52731
0.52723
0.52716
0.52708
0.52701
0.52693
0.52686
0.52678
0.52671
0.52663
0.52656
0.52648
0.52641
0.52633
0.52626
0.52618
0.52611
0.52603
0.52596
0.52588
0.52581
0.52573
0.52566
0.52558
0.52551
0.52543
0.52536
0.52528
0.52521
0.52513
0.52506
0.52498
0.52491
0.52483
0.52476
0.52468
0.52461
0.52453
0.52446
0.52438
0.52431
0.52423
0.52416
0.52408
0.52401
0.52393
0.52386
0.52378
0.52371
0.52363
0.52356
0.52348
0.52341
0.52333
0.52326
0.52318
0.52311
0.52303
0.52296
0.52288
0.52281
0.52273
0.52266
0.52258
0.52251
0.52243
0.52236
0.52228
0.52221
0.52213
0.52206
0.52198
0.52191
0.52183
0.52176
0.52168
0.52161
0.52153
0.52146
0.52138
0.52131
0.52123
0.52116
0.52108
0.52101
0.52093
0.52086
0.52078
0.52071
0.52063
0.52056
0.52048
0.52041
0.52033
0.52026
0.52018
0.52011
0.52003
0.51996
0.51988
0.51981
0.51973
0.51966
0.51958
0.51951
0.51943
0.51936
0.51928
0.51921
0.51913
0.51906
0.51898
0.51891
0.51883
0.51876
0.51869
0.51861
0.51854
0.51846
0.51839
0.51831
0.51824
0.51816
0.51809
0.51801
0.51794
0.51786
0.51779
0.51771
0.51764
0.51756
0.51749
0.51741
0.51734
0.51726
0.51719
0.51711
0.51704
0.51696
0.51689
0.51681
0.51674
0.51666
0.51659
0.51651
0.51644
0.51636
0.51629
0.51621
0.51614
0.51606
0.51599
0.51591
0.51584
0.51576
0.51569
0.51561
0.51554
0.51546
0.51539
0.51531
0.51524
0.51516
0.51509
0.51501
0.51494
0.51486
0.51479
0.51471
0.51464
0.51456
0.51449
0.51441
0.51434
0.51426
0.51419
0.51411
0.51404
0.51396
0.51389
0.51381
0.51374
0.51366
0.51359
0.51351
0.51344
0.51336
0.51329
0.51321
0.51314
0.51306
0.51299
0.51291
0.51284
0.51276
0.51269
0.51261
0.51254
0.51246
0.51239
0.51231
0.51224
0.51216
0.51209
0.51201
0.51194
0.51186
0.51179
0.51171
0.51164
0.51156
0.51149
0.51141
0.51134
0.51126
0.51119
0.51111
0.51104
0.51096
0.51089
0.51081
0.51074
0.51066
0.51059
0.51051
0.51044
0.51036
0.51029
0.51021
0.51014
0.51006
0.50999
0.50991
0.50984
0.50976
0.50969
0.50961
0.50954
0.50946
0.50939
0.50931
0.50924
0.50916
0.50909
0.50901
0.50894
0.50886
0.50879
0.50871
0.50864
0.50856
0.50849
0.50841
0.50834
0.50826
0.50819
0.50811
0.50804
0.50796
0.50789
0.50781
0.50774
0.50766
0.50759
0.50751
0.50744
0.50736
0.50729
0.50721
0.50714
0.50706
0.50699
0.50691
0.50684
0.50676
0.50669
0.50661
0.50654
0.50646
0.50639
0.50631
0.50624
0.50616
0.50609
0.50601
0.50594
0.50586
0.50579
0.50571
0.50564
0.50556
0.50549
0.50541
0.50534
0.50526
0.50519
0.50511
0.50504
0.50496
0.50489
0.50481
0.50474
0.50466
0.50459
0.50451
0.50444
0.50436
0.50429
0.50421
0.50414
0.50406
0.50399
0.50391
0.50384
0.50376
0.50369
0.50361
0.50354
0.50346
0.50339
0.50331
0.50324
0.50316
0.50309
0.50301
0.50294
0.50286
0.50279
0.50271
0.50264
0.50256
0.50249
0.50241
0.50234
0.50226
0.50219
0.50211
0.50204
0.50196
0.50189
0.50181
0.50174
0.50166
0.50159
0.50151
0.50144
0.50136
0.50129
0.50121
0.50114
0.50106
0.50099
0.50091
0.50084
0.50076
0.50069
0.50061
0.50054
0.50046
0.50039
0.50031
0.50024
0.50016
0.50009
0.50002
0.49994
0.49987
0.49979
0.49972
0.49964
0.49957
0.49949
0.49942
0.49934
0.49927
0.49919
0.49912
0.49904
0.49897
0.49889
0.49882
0.49874
0.49867
0.49859
0.49852
0.49844
0.49837
0.49829
0.49822
0.49814
0.49807
0.49799
0.49792
0.49784
0.49777
0.49769
0.49762
0.49754
0.49747
0.49739
0.49732
0.49724
0.49717
0.49709
0.49702
0.49694
0.49687
0.49679
0.49672
0.49664
0.49657
0.49649
0.49642
0.49634
0.49627
0.49619
0.49612
0.49604
0.49597
0.49589
0.49582
0.49574
0.49567
0.49559
0.49552
0.49544
0.49537
0.49529
0.49522
0.49514
0.49507
0.49499
0.49492
0.49484
0.49477
0.49469
0.49462
0.49454
0.49447
0.49439
0.49432
0.49424
0.49417
0.49409
0.49402
0.49394
0.49387
0.49379
0.49372
0.49364
0.49357
0.49349
0.49342
0.49334
0.49327
0.49319
0.49312
0.49304
0.49297
0.49289
0.49282
0.49274
0.49267
0.49259
0.49252
0.49244
0.49237
0.49229
0.49222
0.49214
0.49207
0.49199
0.49192
0.49184
0.49177
0.49169
0.49162
0.49154
0.49147
0.49139
0.49132
0.49124
0.49117
0.49109
0.49102
0.49094
0.49087
0.49079
0.49072
0.49064
0.49057
0.49049
0.49042
0.49034
0.49027
0.49019
0.49012
0.49004
0.48997
0.48989
0.48982
0.48974
0.48967
0.48959
0.48952
0.48944
0.48937
0.48929
0.48922
0.48914
0.48907
0.48899
0.48892
0.48884
0.48877
0.48869
0.48862
0.48854
0.48847
0.48839
0.48832
0.48824
0.48817
0.48809
0.48802
0.48794
0.48787
0.48779
0.48772
0.48764
0.48757
0.48749
0.48742
0.48734
0.48727
0.48719
0.48712
0.48704
0.48697
0.48689
0.48682
0.48674
0.48667
0.48659
0.48652
0.48644
0.48637
0.48629
0.48622
0.48614
0.48607
0.48599
0.48592
0.48584
0.48577
0.48569
0.48562
0.48554
0.48547
0.48539
0.48532
0.48524
0.48517
0.48509
0.48502
0.48494
0.48487
0.48479
0.48472
0.48464
0.48457
0.48449
0.48442
0.48434
0.48427
0.48419
0.48412
0.48404
0.48397
0.48389
0.48382
0.48374
0.48367
0.48359
0.48352
0.48344
0.48337
0.48329
0.48322
0.48314
0.48307
0.48299
0.48292
0.48284
0.48277
0.48269
0.48262
0.48255
0.48247
0.48240
0.48232
0.48225
0.48217
0.48210
0.48202
0.48195
0.48187
0.48180
0.48172
0.48165
0.48157
0.48150
0.48142
0.48135
0.48127
0.48120
0.48112
0.48105
0.48097
0.48090
0.48082
0.48075
0.48067
0.48060
0.48052
0.48045
0.48037
0.48030
0.48022
0.48015
0.48007
0.48000
0.47992
0.47985
0.47977
0.47970
0.47962
0.47955
0.47947
0.47940
0.47932
0.47925
0.47917
0.47910
0.47902
0.47895
0.47887
0.47880
0.47872
0.47865
0.47857
0.47850
0.47842
0.47835
0.47827
0.47820
0.47812
0.47805
0.47797
0.47790
0.47782
0.47775
0.47767
0.47760
0.47752
0.47745
0.47737
0.47730
0.47722
0.47715
0.47707
0.47700
0.47692
0.47685
0.47677
0.47670
0.47662
0.47655
0.47647
0.47640
0.47632
0.47625
0.47617
0.47610
0.47602
0.47595
0.47587
0.47580
0.47572
0.47565
0.47557
0.47550
0.47542
0.47535
0.47527
0.47520
0.47512
0.47505
0.47497
0.47490
0.47482
0.47475
0.47467
0.47460
0.47452
0.47445
0.47437
0.47430
0.47422
0.47415
0.47407
0.47400
0.47392
0.47385
0.47377
0.47370
0.47362
0.47355
0.47347
0.47340
0.47332
0.47325
0.47317
0.47310
0.47302
0.47295
0.47287
0.47280
0.47272
0.47265
0.47257
0.47250
0.47242
0.47235
0.47227
0.47220
0.47212
0.47205
0.47197
0.47190
0.47182
0.47175
0.47167
0.47160
0.47152
0.47145
0.47137
0.47130
0.47122
0.47115
0.47107
0.47100
0.47092
0.47085
0.47077
0.47070
0.47062
0.47055
0.47047
0.47040
0.47032
0.47025
0.47017
0.47010
0.47002
0.46995
0.46987
0.46980
0.46972
0.46965
0.46957
0.46950
0.46942
0.46935
0.46927
0.46920
0.46912
0.46905
0.46897
0.46890
0.46882
0.46875
0.46867
0.46860
0.46852
0.46845
0.46837
0.46830
0.46822
0.46815
0.46807
0.46800
0.46792
0.46785
0.46777
0.46770
0.46762
0.46755
0.46747
0.46740
0.46732
0.46725
0.46717
0.46710
0.46702
0.46695
0.46687
0.46680
0.46672
0.46665
0.46657
0.46650
0.46642
0.46635
0.46627
0.46620
0.46613
0.46605
0.46598
0.46590
0.46583
0.46575
0.46568
0.46560
0.46553
0.46545
0.46538
0.46530
0.46523
0.46515
0.46508
0.46500
0.46493
0.46485
0.46478
0.46470
0.46463
0.46455
0.46448
0.46440
0.46433
0.46425
0.46418
0.46410
0.46403
0.46395
0.46388
0.46380
0.46373
0.46365
0.46358
0.46350
0.46343
0.46335
0.46328
0.46320
0.46313
0.46305
0.46298
0.46290
0.46283
0.46275
0.46268
0.46260
0.46253
0.46245
0.46238
0.46230
0.46223
0.46215
0.46208
0.46200
0.46193
0.46185
0.46178
0.46170
0.46163
0.46155
0.46148
0.46140
0.46133
0.46125
0.46118
0.46110
0.46103
0.46095
0.46088
0.46080
0.46073
0.46065
0.46058
0.46050
0.46043
0.46035
0.46028
0.46020
0.46013
0.46005
0.45998
0.45990
0.45983
0.45975
0.45968
0.45960
0.45953
0.45945
0.45938
0.45930
0.45923
0.45915
0.45908
0.45900
0.45893
0.45885
0.45878
0.45870
0.45863
0.45855
0.45848
0.45840
0.45833
0.45825
0.45818
0.45810
0.45803
0.45795
0.45788
0.45780
0.45773
0.45765
0.45758
0.45750
0.45743
0.45735
0.45728
0.45720
0.45713
0.45705
0.45698
0.45690
0.45683
0.45675
0.45668
0.45660
0.45653
0.45645
0.45638
0.45630
0.45623
0.45615
0.45608
0.45600
0.45593
0.45585
0.45578
0.45570
0.45563
0.45555
0.45548
0.45540
0.45533
0.45525
0.45518
0.45510
0.45503
0.45495
0.45488
0.45480
0.45473
0.45465
0.45458
0.45450
0.45443
0.45435
0.45428
0.45420
0.45413
0.45405
0.45398
0.45390
0.45383
0.45375
0.45368
0.45360
0.45353
0.45345
0.45338
0.45330
0.45323
0.45315
0.45308
0.45300
0.45293
0.45285
0.45278
0.45270
0.45263
0.45255
0.45248
0.45240
0.45233
0.45225
0.45218
0.45210
0.45203
0.45195
0.45188
0.45180
0.45173
0.45165
0.45158
0.45150
0.45143
0.45135
0.45128
0.45120
0.45113
0.45105
0.45098
0.45090
0.45083
0.45076
0.45068
0.45061
0.45053
0.45046
0.45038
0.45031
0.45023
0.45016
0.45008
0.45001
0.44993
0.44986
0.44978
0.44971
0.44963
0.44956
0.44948
0.44941
0.44933
0.44926
0.44918
0.44911
0.44903
0.44896
0.44888
0.44881
0.44873
0.44866
0.44858
0.44851
0.44843
0.44836
0.44828
0.44821
0.44813
0.44806
0.44798
0.44791
0.44783
0.44776
0.44768
0.44761
0.44753
0.44746
0.44738
0.44731
0.44723
0.44716
0.44708
0.44701
0.44693
0.44686
0.44678
0.44671
0.44663
0.44656
0.44648
0.44641
0.44633
0.44626
0.44618
0.44611
0.44603
0.44596
0.44588
0.44581
0.44573
0.44566
0.44558
0.44551
0.44543
0.44536
0.44528
0.44521
0.44513
0.44506
0.44498
0.44491
0.44483
0.44476
0.44468
0.44461
0.44453
0.44446
0.44438
0.44431
0.44423
0.44416
0.44408
0.44401
0.44393
0.44386
0.44378
0.44371
0.44363
0.44356
0.44348
0.44341
0.44333
0.44326
0.44318
0.44311
0.44303
0.44296
0.44288
0.44281
0.44273
0.44266
0.44258
0.44251
0.44243
0.44236
0.44228
0.44221
0.44213
0.44206
0.44198
0.44191
0.44183
0.44176
0.44168
0.44161
0.44153
0.44146
0.44138
0.44131
0.44123
0.44116
0.44108
0.44101
0.44093
0.44086
0.44078
0.44071
0.44063
0.44056
0.44048
0.44041
0.44033
0.44026
0.44018
0.44011
0.44003
0.43996
0.43988
0.43981
0.43973
0.43966
0.43958
0.43951
0.43943
0.43936
0.43928
0.43921
0.43913
0.43906
0.43898
0.43891
0.43883
0.43876
0.43868
0.43861
0.43853
0.43846
0.43838
0.43831
0.43823
0.43816
0.43808
0.43801
0.43793
0.43786
0.43778
0.43771
0.43763
0.43756
0.43748
0.43741
0.43733
0.43726
0.43718
0.43711
0.43703
0.43696
0.43688
0.43681
0.43673
0.43666
0.43658
0.43651
0.43643
0.43636
0.43628
0.43621
0.43613
0.43606
0.43599
0.43591
0.43584
0.43576
0.43569
0.43561
0.43554
0.43546
0.43539
0.43531
0.43524
0.43516
0.43509
0.43501
0.43494
0.43486
0.43479
0.43471
0.43464
0.43456
0.43449
0.43441
0.43434
0.43426
0.43419
0.43411
0.43404
0.43396
0.43389
0.43381
0.43374
0.43366
0.43359
0.43351
0.43344
0.43336
0.43329
0.43321
0.43314
0.43306
0.43299
0.43291
0.43284
0.43276
0.43269
0.43261
0.43254
0.43246
0.43239
0.43231
0.43224
0.43216
0.43209
0.43201
0.43194
0.43186
0.43179
0.43171
0.43164
0.43156
0.43149
0.43141
0.43134
0.43126
0.43119
0.43111
0.43104
0.43096
0.43089
0.43081
0.43074
0.43066
0.43059
0.43051
0.43044
0.43036
0.43029
0.43021
0.43014
0.43006
0.42999
0.42991
0.42984
0.42976
0.42969
0.42961
0.42954
0.42946
0.42939
0.42931
0.42924
0.42916
0.42909
0.42901
0.42894
0.42886
0.42879
0.42871
0.42864
0.42856
0.42849
0.42841
0.42834
0.42826
0.42819
0.42811
0.42804
0.42796
0.42789
0.42781
0.42774
0.42766
0.42759
0.42751
0.42744
0.42736
0.42729
0.42721
0.42714
0.42706
0.42699
0.42691
0.42684
0.42676
0.42669
0.42661
0.42654
0.42646
0.42639
0.42631
0.42624
0.42616
0.42609
0.42601
0.42594
0.42586
0.42579
0.42571
0.42564
0.42556
0.42549
0.42541
0.42534
0.42526
0.42519
0.42511
0.42504
0.42496
0.42489
0.42481
0.42474
0.42466
0.42459
0.42451
0.42444
0.42436
0.42429
0.42421
0.42414
0.42406
0.42399
0.42391
0.42384
0.42376
0.42369
0.42361
0.42354
0.42346
0.42339
0.42331
0.42324
0.42316
0.42309
0.42301
0.42294
0.42286
0.42279
0.42271
0.42264
0.42256
0.42249
0.42241
0.42234
0.42226
0.42219
0.42212
0.42204
0.42197
0.42189
0.42182
0.42174
0.42167
0.42159
0.42152
0.42144
0.42137
0.42129
0.42122
0.42114
0.42107
0.42099
0.42092
0.42084
0.42077
0.42069
0.42062
0.42054
0.42047
0.42039
0.42032
0.42024
0.42017
0.42009
0.42002
0.41994
0.41987
0.41979
0.41972
0.41964
0.41957
0.41949
0.41942
0.41934
0.41927
0.41919
0.41912
0.41904
0.41897
0.41889
0.41882
0.41874
0.41867
0.41859
0.41852
0.41844
0.41837
0.41829
0.41822
0.41814
0.41807
0.41799
0.41792
0.41784
0.41777
0.41769
0.41762
0.41754
0.41747
0.41739
0.41732
0.41724
0.41717
0.41709
0.41702
0.41694
0.41687
0.41679
0.41672
0.41664
0.41657
0.41649
0.41642
0.41634
0.41627
0.41619
0.41612
0.41604
0.41597
0.41589
0.41582
0.41574
0.41567
0.41559
0.41552
0.41544
0.41537
0.41529
0.41522
0.41514
0.41507
0.41499
0.41492
0.41484
0.41477
0.41469
0.41462
0.41454
0.41447
0.41439
0.41432
0.41424
0.41417
0.41409
0.41402
0.41394
0.41387
0.41379
0.41372
0.41364
0.41357
0.41349
0.41342
0.41334
0.41327
0.41319
0.41312
0.41304
0.41297
0.41289
0.41282
0.41274
0.41267
0.41259
0.41252
0.41244
0.41237
0.41229
0.41222
0.41214
0.41207
0.41199
0.41192
0.41184
0.41177
0.41169
0.41162
0.41154
0.41147
0.41139
0.41132
0.41124
0.41117
0.41109
0.41102
0.41094
0.41087
0.41079
0.41072
0.41064
0.41057
0.41049
0.41042
0.41034
0.41027
0.41019
0.41012
0.41004
0.40997
0.40989
0.40982
0.40974
0.40967
0.40959
0.40952
0.40944
0.40937
0.40929
0.40922
0.40914
0.40907
0.40899
0.40892
0.40885
0.40877
0.40870
0.40862
0.40855
0.40847
0.40840
0.40832
0.40825
0.40817
0.40810
0.40802
0.40795
0.40787
0.40780
0.40772
0.40765
0.40757
0.40750
0.40742
0.40735
0.40727
0.40720
0.40712
0.40705
0.40697
0.40690
0.40682
0.40675
0.40667
0.40660
0.40652
0.40645
0.40637
0.40630
0.40622
0.40615
0.40607
0.40600
0.40592
0.40585
0.40577
0.40570
0.40562
0.40555
0.40547
0.40540
0.40532
0.40525
0.40517
0.40510
0.40502
0.40495
0.40487
0.40480
0.40472
0.40465
0.40457
0.40450
0.40442
0.40435
0.40427
0.40420
0.40412
0.40405
0.40397
0.40390
0.40382
0.40375
0.40367
0.40360
0.40352
0.40345
0.40337
0.40330
0.40322
0.40315
0.40307
0.40300
0.40292
0.40285
0.40277
0.40270
0.40262
0.40255
0.40247
0.40240
0.40232
0.40225
0.40217
0.40210
0.40202
0.40195
0.40187
0.40180
0.40172
0.40165
0.40157
0.40150
0.40142
0.40135
0.40127
0.40120
0.40112
0.40105
0.40097
0.40090
0.40082
0.40075
0.40067
0.40060
0.40052
0.40045
0.40037
0.40030
0.40022
0.40015
0.40007
0.40000
0.39992
0.39985
0.39977
0.39970
0.39962
0.39955
0.39947
0.39940
0.39932
0.39925
0.39917
0.39910
0.39902
0.39895
0.39887
0.39880
0.39872
0.39865
0.39857
0.39850
0.39842
0.39835
0.39827
0.39820
0.39812
0.39805
0.39797
0.39790
0.39782
0.39775
0.39767
0.39760
0.39752
0.39745
0.39737
0.39730
0.39722
0.39715
0.39707
0.39700
0.39692
0.39685
0.39677
0.39670
0.39662
0.39655
0.39647
0.39640
0.39632
0.39625
0.39618
0.39610
0.39603
0.39595
0.39588
0.39580
0.39573
0.39565
0.39558
0.39550
0.39543
0.39535
0.39528
0.39520
0.39513
0.39505
0.39498
0.39490
0.39483
0.39475
0.39468
0.39460
0.39453
0.39445
0.39438
0.39430
0.39423
0.39415
0.39408
0.39400
0.39393
0.39385
0.39378
0.39370
0.39363
0.39355
0.39348
0.39340
0.39333
0.39325
0.39318
0.39310
0.39303
0.39295
0.39288
0.39280
0.39273
0.39265
0.39258
0.39250
0.39243
0.39235
0.39228
0.39220
0.39213
0.39205
0.39198
0.39190
0.39183
0.39175
0.39168
0.39160
0.39153
0.39145
0.39138
0.39130
0.39123
0.39115
0.39108
0.39100
0.39093
0.39085
0.39078
0.39070
0.39063
0.39055
0.39048
0.39040
0.39033
0.39025
0.39018
0.39010
0.39003
0.38995
0.38988
0.38980
0.38973
0.38965
0.38958
0.38950
0.38943
0.38935
0.38928
0.38920
0.38913
0.38905
0.38898
0.38890
0.38883
0.38875
0.38868
0.38860
0.38853
0.38845
0.38838
0.38830
0.38823
0.38815
0.38808
0.38800
0.38793
0.38785
0.38778
0.38770
0.38763
0.38755
0.38748
0.38740
0.38733
0.38725
0.38718
0.38710
0.38703
0.38695
0.38688
0.38680
0.38673
0.38665
0.38658
0.38650
0.38643
0.38635
0.38628
0.38620
0.38613
0.38605
0.38598
0.38590
0.38583
0.38575
0.38568
0.38560
0.38553
0.38545
0.38538
0.38530
0.38523
0.38515
0.38508
0.38500
0.38493
0.38485
0.38478
0.38470
0.38463
0.38455
0.38448
0.38440
0.38433
0.38425
0.38418
0.38410
0.38403
0.38396
0.38388
0.38381
0.38373
0.38366
0.38358
0.38351
0.38343
0.38336
0.38328
0.38321
0.38313
0.38306
0.38298
0.38291
0.38283
0.38276
0.38268
0.38261
0.38253
0.38246
0.38238
0.38231
0.38223
0.38216
0.38208
0.38201
0.38193
0.38186
0.38178
0.38171
0.38163
0.38156
0.38148
0.38141
0.38133
0.38126
0.38118
0.38111
0.38103
0.38096
0.38088
0.38081
0.38073
0.38066
0.38058
0.38051
0.38043
0.38036
0.38028
0.38021
0.38013
0.38006
0.37998
0.37991
0.37983
0.37976
0.37968
0.37961
0.37953
0.37946
0.37938
0.37931
0.37923
0.37916
0.37908
0.37901
0.37893
0.37886
0.37878
0.37871
0.37863
0.37856
0.37848
0.37841
0.37833
0.37826
0.37818
0.37811
0.37803
0.37796
0.37788
0.37781
0.37773
0.37766
0.37758
0.37751
0.37743
0.37736
0.37728
0.37721
0.37713
0.37706
0.37698
0.37691
0.37683
0.37676
0.37668
0.37661
0.37653
0.37646
0.37638
0.37631
0.37623
0.37616
0.37608
0.37601
0.37593
0.37586
0.37578
0.37571
0.37563
0.37556
0.37548
0.37541
0.37533
0.37526
0.37518
0.37511
0.37503
0.37496
0.37488
0.37481
0.37473
0.37466
0.37458
0.37451
0.37443
0.37436
0.37428
0.37421
0.37413
0.37406
0.37398
0.37391
0.37383
0.37376
0.37368
0.37361
0.37353
0.37346
0.37338
0.37331
0.37323
0.37316
0.37308
0.37301
0.37293
0.37286
0.37278
0.37271
0.37263
0.37256
0.37248
0.37241
0.37233
0.37226
0.37219
0.37211
0.37204
0.37196
0.37189
0.37181
0.37174
0.37166
0.37159
0.37151
0.37144
0.37136
0.37129
0.37121
0.37114
0.37106
0.37099
0.37091
0.37084
0.37076
0.37069
0.37061
0.37054
0.37046
0.37039
0.37031
0.37024
0.37016
0.37009
0.37001
0.36994
0.36986
0.36979
0.36971
0.36964
0.36956
0.36949
0.36941
0.36934
0.36926
0.36919
0.36911
0.36904
0.36896
0.36889
0.36881
0.36874
0.36866
0.36859
0.36851
0.36844
0.36836
0.36829
0.36821
0.36814
0.36806
0.36799
0.36791
0.36784
0.36776
0.36769
0.36761
0.36754
0.36746
0.36739
0.36731
0.36724
0.36716
0.36709
0.36701
0.36694
0.36686
0.36679
0.36671
0.36664
0.36656
0.36649
0.36641
0.36634
0.36626
0.36619
0.36611
0.36604
0.36596
0.36589
0.36581
0.36574
0.36566
0.36559
0.36551
0.36544
0.36536
0.36529
0.36521
0.36514
0.36506
0.36499
0.36491
0.36484
0.36476
0.36469
0.36461
0.36454
0.36446
0.36439
0.36431
0.36424
0.36416
0.36409
0.36401
0.36394
0.36386
0.36379
0.36371
0.36364
0.36356
0.36349
0.36341
0.36334
0.36326
0.36319
0.36311
0.36304
0.36296
0.36289
0.36281
0.36274
0.36266
0.36259
0.36251
0.36244
0.36236
0.36229
0.36221
0.36214
0.36206
0.36199
0.36191
0.36184
0.36176
0.36169
0.36161
0.36154
0.36146
0.36139
0.36131
0.36124
0.36116
0.36109
0.36102
0.36094
0.36087
0.36079
0.36072
0.36064
0.36057
0.36049
0.36042
0.36034
0.36027
0.36019
0.36012
0.36004
0.35997
0.35989
0.35982
0.35974
0.35967
0.35959
0.35952
0.35944
0.35937
0.35929
0.35922
0.35914
0.35907
0.35899
0.35892
0.35884
0.35877
0.35869
0.35862
0.35854
0.35847
0.35839
0.35832
0.35824
0.35817
0.35809
0.35802
0.35794
0.35787
0.35779
0.35772
0.35764
0.35757
0.35749
0.35742
0.35734
0.35727
0.35719
0.35712
0.35704
0.35697
0.35689
0.35682
0.35674
0.35667
0.35659
0.35652
0.35644
0.35637
0.35629
0.35622
0.35614
0.35607
0.35599
0.35592
0.35584
0.35577
0.35569
0.35562
0.35554
0.35547
0.35539
0.35532
0.35524
0.35517
0.35509
0.35502
0.35494
0.35487
0.35479
0.35472
0.35464
0.35457
0.35449
0.35442
0.35434
0.35427
0.35419
0.35412
0.35404
0.35397
0.35389
0.35382
0.35374
0.35367
0.35359
0.35352
0.35344
0.35337
0.35329
0.35322
0.35314
0.35307
0.35299
0.35292
0.35284
0.35277
0.35269
0.35262
0.35254
0.35247
0.35239
0.35232
0.35224
0.35217
0.35209
0.35202
0.35194
0.35187
0.35179
0.35172
0.35164
0.35157
0.35149
0.35142
0.35134
0.35127
0.35119
0.35112
0.35104
0.35097
0.35089
0.35082
0.35074
0.35067
0.35059
0.35052
0.35044
0.35037
0.35029
0.35022
0.35015
0.35007
0.35000
0.34992
0.34985
0.34977
0.34970
0.34962
0.34955
0.34947
0.34940
0.34932
0.34925
0.34917
0.34910
0.34902
0.34895
0.34887
0.34880
0.34872
0.34865
0.34857
0.34850
0.34842
0.34835
0.34827
0.34820
0.34812
0.34805
0.34797
0.34790
0.34782
0.34775
0.34767
0.34760
0.34752
0.34745
0.34737
0.34730
0.34722
0.34715
0.34707
0.34700
0.34692
0.34685
0.34677
0.34670
0.34662
0.34655
0.34647
0.34640
0.34632
0.34625
0.34617
0.34610
0.34602
0.34595
0.34587
0.34580
0.34572
0.34565
0.34557
0.34550
0.34542
0.34535
0.34527
0.34520
0.34512
0.34505
0.34497
0.34490
0.34482
0.34475
0.34467
0.34460
0.34452
0.34445
0.34437
0.34430
0.34422
0.34415
0.34407
0.34400
0.34392
0.34385
0.34377
0.34370
0.34362
0.34355
0.34347
0.34340
0.34332
0.34325
0.34317
0.34310
0.34302
0.34295
0.34287
0.34280
0.34272
0.34265
0.34257
0.34250
0.34242
0.34235
0.34227
0.34220
0.34212
0.34205
0.34197
0.34190
0.34182
0.34175
0.34167
0.34160
0.34152
0.34145
0.34137
0.34130
0.34122
0.34115
0.34107
0.34100
0.34092
0.34085
0.34077
0.34070
0.34062
0.34055
0.34047
0.34040
0.34032
0.34025
0.34017
0.34010
0.34002
0.33995
0.33987
0.33980
0.33973
0.33965
0.33958
0.33950
0.33943
0.33935
0.33928
0.33920
0.33913
0.33905
0.33898
0.33890
0.33883
0.33875
0.33868
0.33860
0.33853
0.33845
0.33838
0.33830
0.33823
0.33815
0.33808
0.33800
0.33793
0.33785
0.33778
0.33770
0.33763
0.33755
0.33748
0.33740
0.33733
0.33725
0.33718
0.33710
0.33703
0.33695
0.33688
0.33680
0.33673
0.33665
0.33658
0.33650
0.33643
0.33635
0.33628
0.33620
0.33613
0.33605
0.33598
0.33590
0.33583
0.33575
0.33568
0.33560
0.33553
0.33545
0.33538
0.33530
0.33523
0.33515
0.33508
0.33500
0.33493
0.33485
0.33478
0.33470
0.33463
0.33455
0.33448
0.33440
0.33433
0.33425
0.33418
0.33410
0.33403
0.33395
0.33388
0.33380
0.33373
0.33365
0.33358
0.33350
0.33343
0.33335
0.33328
0.33320
0.33313
0.33305
0.33298
0.33290
0.33283
0.33275
0.33268
0.33260
0.33253
0.33245
0.33238
0.33230
0.33223
0.33215
0.33208
0.33200
0.33193
0.33185
0.33178
0.33170
0.33163
0.33155
0.33148
0.33140
0.33133
0.33125
0.33118
0.33110
0.33103
0.33095
0.33088
0.33080
0.33073
0.33065
0.33058
0.33050
0.33043
0.33035
0.33028
0.33020
0.33013
0.33005
0.32998
0.32990
0.32983
0.32975
0.32968
0.32961
0.32953
0.32946
0.32938
0.32931
0.32923
0.32916
0.32908
0.32901
0.32893
0.32886
0.32878
0.32871
0.32863
0.32856
0.32848
0.32841
0.32833
0.32826
0.32818
0.32811
0.32803
0.32796
0.32788
0.32781
0.32773
0.32766
0.32758
0.32751
0.32743
0.32736
0.32728
0.32721
0.32713
0.32706
0.32698
0.32691
0.32683
0.32676
0.32668
0.32661
0.32653
0.32646
0.32638
0.32631
0.32623
0.32616
0.32608
0.32601
0.32593
0.32586
0.32578
0.32571
0.32563
0.32556
0.32548
0.32541
0.32533
0.32526
0.32518
0.32511
0.32503
0.32496
0.32488
0.32481
0.32473
0.32466
0.32458
0.32451
0.32443
0.32436
0.32428
0.32421
0.32413
0.32406
0.32398
0.32391
0.32383
0.32376
0.32368
0.32361
0.32353
0.32346
0.32338
0.32331
0.32323
0.32316
0.32308
0.32301
0.32293
0.32286
0.32278
0.32271
0.32263
0.32256
0.32248
0.32241
0.32233
0.32226
0.32218
0.32211
0.32203
0.32196
0.32188
0.32181
0.32173
0.32166
0.32158
0.32151
0.32143
0.32136
0.32128
0.32121
0.32113
0.32106
0.32098
0.32091
0.32083
0.32076
0.32068
0.32061
0.32053
0.32046
0.32038
0.32031
0.32023
0.32016
0.32008
0.32001
0.31993
0.31986
0.31979
0.31971
0.31964
0.31956
0.31949
0.31941
0.31934
0.31926
0.31919
0.31911
0.31904
0.31896
0.31889
0.31881
0.31874
0.31866
0.31859
0.31851
0.31844
0.31836
0.31829
0.31821
0.31814
0.31806
0.31799
0.31791
0.31784
0.31776
0.31769
0.31761
0.31754
0.31746
0.31739
0.31731
0.31724
0.31716
0.31709
0.31701
0.31694
0.31686
0.31679
0.31671
0.31664
0.31656
0.31649
0.31641
0.31634
0.31626
0.31619
0.31611
0.31604
0.31596
0.31589
0.31581
0.31574
0.31566
0.31559
0.31551
0.31544
0.31536
0.31529
0.31521
0.31514
0.31506
0.31499
0.31491
0.31484
0.31476
0.31469
0.31461
0.31454
0.31446
0.31439
0.31431
0.31424
0.31416
0.31409
0.31401
0.31394
0.31386
0.31379
0.31371
0.31364
0.31356
0.31349
0.31341
0.31334
0.31326
0.31319
0.31311
0.31304
0.31296
0.31289
0.31281
0.31274
0.31266
0.31259
0.31251
0.31244
0.31236
0.31229
0.31221
0.31214
0.31206
0.31199
0.31191
0.31184
0.31176
0.31169
0.31161
0.31154
0.31146
0.31139
0.31131
0.31124
0.31116
0.31109
0.31101
0.31094
0.31086
0.31079
0.31071
0.31064
0.31056
0.31049
0.31042
0.31034
0.31027
0.31019
0.31012
0.31004
0.30997
0.30989
0.30982
0.30974
0.30967
0.30959
0.30952
0.30944
0.30937
0.30929
0.30922
0.30914
0.30907
0.30899
0.30892
0.30884
0.30877
0.30869
0.30862
0.30854
0.30847
0.30839
0.30832
0.30824
0.30817
0.30809
0.30802
0.30794
0.30787
0.30779
0.30772
0.30764
0.30757
0.30749
0.30742
0.30734
0.30727
0.30719
0.30712
0.30704
0.30697
0.30689
0.30682
0.30674
0.30667
0.30659
0.30652
0.30644
0.30637
0.30629
0.30622
0.30614
0.30607
0.30599
0.30592
0.30584
0.30577
0.30569
0.30562
0.30554
0.30547
0.30539
0.30532
0.30524
0.30517
0.30509
0.30502
0.30494
0.30487
0.30479
0.30472
0.30464
0.30457
0.30449
0.30442
0.30434
0.30427
0.30419
0.30412
0.30404
0.30397
0.30389
0.30382
0.30374
0.30367
0.30359
0.30352
0.30344
0.30337
0.30329
0.30322
0.30314
0.30307
0.30299
0.30292
0.30284
0.30277
0.30269
0.30262
0.30254
0.30247
0.30239
0.30232
0.30224
0.30217
0.30209
0.30202
0.30194
0.30187
0.30179
0.30172
0.30164
0.30157
0.30149
0.30142
0.30134
0.30127
0.30120
0.30112
0.30105
0.30097
0.30090
0.30082
0.30075
0.30067
0.30060
0.30052
0.30045
0.30037
0.30030
0.30022
0.30015
0.30007
0.30000
0.29992
0.29985
0.29977
0.29970
0.29962
0.29955
0.29947
0.29940
0.29932
0.29925
0.29917
0.29910
0.29902
0.29895
0.29887
0.29880
0.29872
0.29865
0.29857
0.29850
0.29842
0.29835
0.29827
0.29820
0.29812
0.29805
0.29797
0.29790
0.29782
0.29775
0.29767
0.29760
0.29752
0.29745
0.29737
0.29730
0.29722
0.29715
0.29707
0.29700
0.29692
0.29685
0.29677
0.29670
0.29662
0.29655
0.29647
0.29640
0.29632
0.29625
0.29617
0.29610
0.29602
0.29595
0.29587
0.29580
0.29572
0.29565
0.29557
0.29550
0.29542
0.29535
0.29527
0.29520
0.29512
0.29505
0.29497
0.29490
0.29482
0.29475
0.29467
0.29460
0.29452
0.29445
0.29437
0.29430
0.29422
0.29415
0.29407
0.29400
0.29392
0.29385
0.29377
0.29370
0.29362
0.29355
0.29347
0.29340
0.29332
0.29325
0.29317
0.29310
0.29302
0.29295
0.29287
0.29280
0.29272
0.29265
0.29257
0.29250
0.29242
0.29235
0.29228
0.29220
0.29213
0.29205
0.29198
0.29190
0.29183
0.29175
0.29168
0.29160
0.29153
0.29145
0.29138
0.29130
0.29123
0.29115
0.29108
0.29100
0.29093
0.29085
0.29078
0.29070
0.29063
0.29055
0.29048
0.29040
0.29033
0.29025
0.29018
0.29010
0.29003
0.28995
0.28988
0.28980
0.28973
0.28965
0.28958
0.28950
0.28943
0.28935
0.28928
0.28920
0.28913
0.28905
0.28898
0.28890
0.28883
0.28875
0.28868
0.28860
0.28853
0.28845
0.28838
0.28830
0.28823
0.28815
0.28808
0.28800
0.28793
0.28785
0.28778
0.28770
0.28763
0.28755
0.28748
0.28740
0.28733
0.28725
0.28718
0.28710
0.28703
0.28695
0.28688
0.28680
0.28673
0.28665
0.28658
0.28650
0.28643
0.28635
0.28628
0.28620
0.28613
0.28605
0.28598
0.28590
0.28583
0.28575
0.28568
0.28560
0.28553
0.28545
0.28538
0.28530
0.28523
0.28515
0.28508
0.28500
0.28493
0.28485
0.28478
0.28470
0.28463
0.28455
0.28448
0.28440
0.28433
0.28425
0.28418
0.28410
0.28403
0.28395
0.28388
0.28380
0.28373
0.28366
0.28358
0.28351
0.28343
0.28336
0.28328
0.28321
0.28313
0.28306
0.28298
0.28291
0.28283
0.28276
0.28268
0.28261
0.28253
0.28246
0.28238
0.28231
0.28223
0.28216
0.28208
0.28201
0.28193
0.28186
0.28178
0.28171
0.28163
0.28156
0.28148
0.28141
0.28133
0.28126
0.28118
0.28111
0.28103
0.28096
0.28088
0.28081
0.28073
0.28066
0.28058
0.28051
0.28043
0.28036
0.28028
0.28021
0.28013
0.28006
0.27998
0.27991
0.27983
0.27976
0.27968
0.27961
0.27953
0.27946
0.27938
0.27931
0.27923
0.27916
0.27908
0.27901
0.27893
0.27886
0.27878
0.27871
0.27863
0.27856
0.27848
0.27841
0.27833
0.27826
0.27818
0.27811
0.27803
0.27796
0.27788
0.27781
0.27773
0.27766
0.27758
0.27751
0.27743
0.27736
0.27728
0.27721
0.27713
0.27706
0.27698
0.27691
0.27683
0.27676
0.27668
0.27661
0.27653
0.27646
0.27638
0.27631
0.27623
0.27616
0.27608
0.27601
0.27593
0.27586
0.27578
0.27571
0.27563
0.27556
0.27548
0.27541
0.27534
0.27526
0.27519
0.27511
0.27504
0.27496
0.27489
0.27481
0.27474
0.27466
0.27459
0.27451
0.27444
0.27436
0.27429
0.27421
0.27414
0.27406
0.27399
0.27391
0.27384
0.27376
0.27369
0.27361
0.27354
0.27346
0.27339
0.27331
0.27324
0.27316
0.27309
0.27301
0.27294
0.27286
0.27279
0.27271
0.27264
0.27256
0.27249
0.27241
0.27234
0.27226
0.27219
0.27211
0.27204
0.27196
0.27189
0.27181
0.27174
0.27166
0.27159
0.27151
0.27144
0.27136
0.27129
0.27121
0.27114
0.27106
0.27099
0.27091
0.27084
0.27076
0.27069
0.27061
0.27054
0.27046
0.27039
0.27031
0.27024
0.27016
0.27009
0.27001
0.26994
0.26986
0.26979
0.26971
0.26964
0.26956
0.26949
0.26941
0.26934
0.26926
0.26919
0.26911
0.26904
0.26896
0.26889
0.26881
0.26874
0.26866
0.26859
0.26851
0.26844
0.26836
0.26829
0.26821
0.26814
0.26806
0.26799
0.26791
0.26784
0.26776
0.26769
0.26761
0.26754
0.26746
0.26739
0.26731
0.26724
0.26717
0.26709
0.26702
0.26694
0.26687
0.26679
0.26672
0.26664
0.26657
0.26649
0.26642
0.26634
0.26627
0.26619
0.26612
0.26604
0.26597
0.26589
0.26582
0.26574
0.26567
0.26559
0.26552
0.26544
0.26537
0.26529
0.26522
0.26514
0.26507
0.26499
0.26492
0.26484
0.26477
0.26469
0.26462
0.26454
0.26447
0.26439
0.26432
0.26424
0.26417
0.26409
0.26402
0.26394
0.26387
0.26379
0.26372
0.26364
0.26357
0.26349
0.26342
0.26334
0.26327
0.26319
0.26312
0.26304
0.26297
0.26289
0.26282
0.26274
0.26267
0.26259
0.26252
0.26244
0.26237
0.26229
0.26222
0.26214
0.26207
0.26199
0.26192
0.26184
0.26177
0.26169
0.26162
0.26154
0.26147
0.26139
0.26132
0.26124
0.26117
0.26109
0.26102
0.26094
0.26087
0.26079
0.26072
0.26064
0.26057
0.26049
0.26042
0.26034
0.26027
0.26019
0.26012
0.26004
0.25997
0.25989
0.25982
0.25974
0.25967
0.25959
0.25952
0.25944
0.25937
0.25930
0.25922
0.25915
0.25907
0.25900
0.25892
0.25885
0.25877
0.25870
0.25862
0.25855
0.25847
0.25840
0.25832
0.25825
0.25817
0.25810
0.25802
0.25795
0.25787
0.25780
0.25772
0.25765
0.25757
0.25750
0.25742
0.25735
0.25727
0.25720
0.25712
0.25705
0.25697
0.25690
0.25682
0.25675
0.25667
0.25660
0.25652
0.25645
0.25637
0.25630
0.25622
0.25615
0.25607
0.25600
0.25592
0.25585
0.25577
0.25570
0.25562
0.25555
0.25547
0.25540
0.25532
0.25525
0.25517
0.25510
0.25502
0.25495
0.25487
0.25480
0.25472
0.25465
0.25457
0.25450
0.25442
0.25435
0.25427
0.25420
0.25412
0.25405
0.25397
0.25390
0.25382
0.25375
0.25367
0.25360
0.25352
0.25345
0.25337
0.25330
0.25322
0.25315
0.25307
0.25300
0.25292
0.25285
0.25277
0.25270
0.25262
0.25255
0.25247
0.25240
0.25232
0.25225
0.25217
0.25210
0.25202
0.25195
0.25187
0.25180
0.25172
0.25165
0.25158
0.25150
0.25143
0.25135
0.25128
0.25120
0.25113
0.25105
0.25098
0.25090
0.25083
0.25075
0.25068
0.25060
0.25053
0.25045
0.25038
0.25030
0.25023
