-39.09009
-39.08985
-39.08920
-39.08823
-39.08701
-39.08558
-39.08399
-39.08227
-39.08045
-39.07854
-39.07658
-39.07456
-39.07250
-39.07041
-39.06829
-39.06616
-39.06400
-39.06184
-39.05966
-39.05748
-39.05529
-39.05309
-39.05089
-39.04869
-39.04648
-39.04428
-39.04207
-39.03986
-39.03764
-39.03543
-39.03322
-39.03100
-39.02879
-39.02657
-39.02435
-39.02214
-39.01992
-39.01770
-39.01549
-39.01327
-39.01105
-39.00883
-39.00661
-39.00440
-39.00218
-38.99996
-38.99774
-38.99552
-38.99330
-38.99108
-38.98886
-38.98664
-38.98442
-38.98220
-38.97998
-38.97776
-38.97554
-38.97332
-38.97110
-38.96887
-38.96665
-38.96443
-38.96221
-38.95999
-38.95776
-38.95554
-38.95332
-38.95110
-38.94887
-38.94665
-38.94443
-38.94220
-38.93998
-38.93776
-38.93553
-38.93331
-38.93108
-38.92886
-38.92664
-38.92441
-38.92219
-38.91996
-38.91774
-38.91551
-38.91328
-38.91106
-38.90883
-38.90661
-38.90438
-38.90215
-38.89993
-38.89770
-38.89547
-38.89325
-38.89102
-38.88879
-38.88656
-38.88433
-38.88211
-38.87988
-38.87765
-38.87542
-38.87319
-38.87096
-38.86873
-38.86651
-38.86428
-38.86205
-38.85982
-38.85759
-38.85536
-38.85313
-38.85089
-38.84866
-38.84643
-38.84420
-38.84197
-38.83974
-38.83751
-38.83528
-38.83304
-38.83081
-38.82858
-38.82635
-38.82412
-38.82188
-38.81965
-38.81742
-38.81518
-38.81295
-38.81072
-38.80848
-38.80625
-38.80401
-38.80178
-38.79955
-38.79731
-38.79508
-38.79284
-38.79061
-38.78837
-38.78614
-38.78390
-38.78166
-38.77943
-38.77719
-38.77495
-38.77272
-38.77048
-38.76824
-38.76601
-38.76377
-38.76153
-38.75930
-38.75706
-38.75482
-38.75258
-38.75034
-38.74810
-38.74587
-38.74363
-38.74139
-38.73915
-38.73691
-38.73467
-38.73243
-38.73019
-38.72795
-38.72571
-38.72347
-38.72123
-38.71899
-38.71675
-38.71451
-38.71227
-38.71002
-38.70778
-38.70554
-38.70330
-38.70106
-38.69881
-38.69657
-38.69433
-38.69209
-38.68984
-38.68760
-38.68536
-38.68311
-38.68087
-38.67862
-38.67638
-38.67414
-38.67189
-38.66965
-38.66740
-38.66516
-38.66291
-38.66067
-38.65842
-38.65618
-38.65393
-38.65168
-38.64944
-38.64719
-38.64494
-38.64270
-38.64045
-38.63820
-38.63596
-38.63371
-38.63146
-38.62921
-38.62697
-38.62472
-38.62247
-38.62022
-38.61797
-38.61572
-38.61347
-38.61123
-38.60898
-38.60673
-38.60448
-38.60223
-38.59998
-38.59773
-38.59548
-38.59323
-38.59098
-38.58872
-38.58647
-38.58422
-38.58197
-38.57972
-38.57747
-38.57522
-38.57296
-38.57071
-38.56846
-38.56621
-38.56395
-38.56170
-38.55945
-38.55719
-38.55494
-38.55269
-38.55043
-38.54818
-38.54592
-38.54367
-38.54141
-38.53916
-38.53690
-38.53465
-38.53239
-38.53014
-38.52788
-38.52563
-38.52337
-38.52111
-38.51886
-38.51660
-38.51434
-38.51209
-38.50983
-38.50757
-38.50532
-38.50306
-38.50080
-38.49854
-38.49628
-38.49403
-38.49177
-38.48951
-38.48725
-38.48499
-38.48273
-38.48047
-38.47821
-38.47595
-38.47369
-38.47143
-38.46917
-38.46691
-38.46465
-38.46239
-38.46013
-38.45787
-38.45561
-38.45335
-38.45108
-38.44882
-38.44656
-38.44430
-38.44204
-38.43977
-38.43751
-38.43525
-38.43298
-38.43072
-38.42846
-38.42619
-38.42393
-38.42167
-38.41940
-38.41714
-38.41487
-38.41261
-38.41034
-38.40808
-38.40581
-38.40355
-38.40128
-38.39901
-38.39675
-38.39448
-38.39222
-38.38995
-38.38768
-38.38542
-38.38315
-38.38088
-38.37861
-38.37635
-38.37408
-38.37181
-38.36954
-38.36728
-38.36501
-38.36274
-38.36047
-38.35820
-38.35593
-38.35366
-38.35139
-38.34912
-38.34685
-38.34458
-38.34231
-38.34004
-38.33777
-38.33550
-38.33323
-38.33096
-38.32869
-38.32641
-38.32414
-38.32187
-38.31960
-38.31733
-38.31505
-38.31278
-38.31051
-38.30824
-38.30596
-38.30369
-38.30142
-38.29914
-38.29687
-38.29459
-38.29232
-38.29005
-38.28777
-38.28550
-38.28322
-38.28095
-38.27867
-38.27639
-38.27412
-38.27184
-38.26957
-38.26729
-38.26501
-38.26274
-38.26046
-38.25818
-38.25591
-38.25363
-38.25135
-38.24907
-38.24680
-38.24452
-38.24224
-38.23996
-38.23768
-38.23541
-38.23313
-38.23085
-38.22857
-38.22629
-38.22401
-38.22173
-38.21945
-38.21717
-38.21489
-38.21261
-38.21033
-38.20805
-38.20577
-38.20348
-38.20120
-38.19892
-38.19664
-38.19436
-38.19207
-38.18979
-38.18751
-38.18523
-38.18294
-38.18066
-38.17838
-38.17609
-38.17381
-38.17153
-38.16924
-38.16696
-38.16467
-38.16239
-38.16010
-38.15782
-38.15554
-38.15325
-38.15096
-38.14868
-38.14639
-38.14411
-38.14182
-38.13953
-38.13725
-38.13496
-38.13267
-38.13039
-38.12810
-38.12581
-38.12353
-38.12124
-38.11895
-38.11666
-38.11437
-38.11208
-38.10980
-38.10751
-38.10522
-38.10293
-38.10064
-38.09835
-38.09606
-38.09377
-38.09148
-38.08919
-38.08690
-38.08461
-38.08232
-38.08003
-38.07773
-38.07544
-38.07315
-38.07086
-38.06857
-38.06628
-38.06398
-38.06169
-38.05940
-38.05710
-38.05481
-38.05252
-38.05023
-38.04793
-38.04564
-38.04334
-38.04105
-38.03876
-38.03646
-38.03417
-38.03187
-38.02958
-38.02728
-38.02498
-38.02269
-38.02039
-38.01810
-38.01580
-38.01351
-38.01121
-38.00891
-38.00661
-38.00432
-38.00202
-37.99972
-37.99743
-37.99513
-37.99283
-37.99053
-37.98823
-37.98593
-37.98364
-37.98134
-37.97904
-37.97674
-37.97444
-37.97214
-37.96984
-37.96754
-37.96524
-37.96294
-37.96064
-37.95834
-37.95604
-37.95373
-37.95143
-37.94913
-37.94683
-37.94453
-37.94223
-37.93992
-37.93762
-37.93532
-37.93302
-37.93071
-37.92841
-37.92611
-37.92380
-37.92150
-37.91920
-37.91689
-37.91459
-37.91228
-37.90998
-37.90767
-37.90537
-37.90306
-37.90076
-37.89845
-37.89615
-37.89384
-37.89153
-37.88923
-37.88692
-37.88461
-37.88231
-37.88000
-37.87769
-37.87539
-37.87308
-37.87077
-37.86846
-37.86615
-37.86385
-37.86154
-37.85923
-37.85692
-37.85461
-37.85230
-37.84999
-37.84768
-37.84537
-37.84306
-37.84075
-37.83844
-37.83613
-37.83382
-37.83151
-37.82920
-37.82689
-37.82458
-37.82226
-37.81995
-37.81764
-37.81533
-37.81302
-37.81070
-37.80839
-37.80608
-37.80376
-37.80145
-37.79914
-37.79682
-37.79451
-37.79220
-37.78988
-37.78757
-37.78525
-37.78294
-37.78062
-37.77831
-37.77599
-37.77368
-37.77136
-37.76904
-37.76673
-37.76441
-37.76209
-37.75978
-37.75746
-37.75514
-37.75283
-37.75051
-37.74819
-37.74587
-37.74356
-37.74124
-37.73892
-37.73660
-37.73428
-37.73196
-37.72964
-37.72733
-37.72501
-37.72269
-37.72037
-37.71805
-37.71573
-37.71340
-37.71108
-37.70876
-37.70644
-37.70412
-37.70180
-37.69948
-37.69716
-37.69483
-37.69251
-37.69019
-37.68787
-37.68555
-37.68322
-37.68090
-37.67858
-37.67625
-37.67393
-37.67161
-37.66928
-37.66696
-37.66463
-37.66231
-37.65998
-37.65766
-37.65533
-37.65301
-37.65068
-37.64836
-37.64603
-37.64371
-37.64138
-37.63905
-37.63673
-37.63440
-37.63207
-37.62974
-37.62742
-37.62509
-37.62276
-37.62043
-37.61811
-37.61578
-37.61345
-37.61112
-37.60879
-37.60646
-37.60413
-37.60180
-37.59947
-37.59714
-37.59481
-37.59248
-37.59015
-37.58782
-37.58549
-37.58316
-37.58083
-37.57850
-37.57617
-37.57383
-37.57150
-37.56917
-37.56684
-37.56451
-37.56217
-37.55984
-37.55751
-37.55517
-37.55284
-37.55051
-37.54817
-37.54584
-37.54351
-37.54117
-37.53884
-37.53650
-37.53417
-37.53183
-37.52950
-37.52716
-37.52483
-37.52249
-37.52015
-37.51782
-37.51548
-37.51314
-37.51081
-37.50847
-37.50613
-37.50380
-37.50146
-37.49912
-37.49678
-37.49444
-37.49211
-37.48977
-37.48743
-37.48509
-37.48275
-37.48041
-37.47807
-37.47573
-37.47339
-37.47105
-37.46871
-37.46637
-37.46403
-37.46169
-37.45935
-37.45701
-37.45467
-37.45233
-37.44998
-37.44764
-37.44530
-37.44296
-37.44061
-37.43827
-37.43593
-37.43359
-37.43124
-37.42890
-37.42656
-37.42421
-37.42187
-37.41952
-37.41718
-37.41483
-37.41249
-37.41014
-37.40780
-37.40545
-37.40311
-37.40076
-37.39842
-37.39607
-37.39372
-37.39138
-37.38903
-37.38668
-37.38434
-37.38199
-37.37964
-37.37729
-37.37495
-37.37260
-37.37025
-37.36790
-37.36555
-37.36320
-37.36085
-37.35851
-37.35616
-37.35381
-37.35146
-37.34911
-37.34676
-37.34441
-37.34206
-37.33970
-37.33735
-37.33500
-37.33265
-37.33030
-37.32795
-37.32560
-37.32324
-37.32089
-37.31854
-37.31619
-37.31383
-37.31148
-37.30913
-37.30677
-37.30442
-37.30207
-37.29971
-37.29736
-37.29500
-37.29265
-37.29029
-37.28794
-37.28558
-37.28323
-37.28087
-37.27852
-37.27616
-37.27381
-37.27145
-37.26909
-37.26674
-37.26438
-37.26202
-37.25966
-37.25731
-37.25495
-37.25259
-37.25023
-37.24788
-37.24552
-37.24316
-37.24080
-37.23844
-37.23608
-37.23372
-37.23136
-37.22900
-37.22664
-37.22428
-37.22192
-37.21956
-37.21720
-37.21484
-37.21248
-37.21012
-37.20776
-37.20539
-37.20303
-37.20067
-37.19831
-37.19594
-37.19358
-37.19122
-37.18886
-37.18649
-37.18413
-37.18177
-37.17940
-37.17704
-37.17467
-37.17231
-37.16994
-37.16758
-37.16521
-37.16285
-37.16048
-37.15812
-37.15575
-37.15339
-37.15102
-37.14865
-37.14629
-37.14392
-37.14155
-37.13919
-37.13682
-37.13445
-37.13208
-37.12972
-37.12735
-37.12498
-37.12261
-37.12024
-37.11787
-37.11550
-37.11313
-37.11076
-37.10840
-37.10603
-37.10365
-37.10128
-37.09891
-37.09654
-37.09417
-37.09180
-37.08943
-37.08706
-37.08469
-37.08232
-37.07994
-37.07757
-37.07520
-37.07283
-37.07045
-37.06808
-37.06571
-37.06333
-37.06096
-37.05859
-37.05621
-37.05384
-37.05146
-37.04909
-37.04671
-37.04434
-37.04196
-37.03959
-37.03721
-37.03484
-37.03246
-37.03009
-37.02771
-37.02533
-37.02296
-37.02058
-37.01820
-37.01582
-37.01345
-37.01107
-37.00869
-37.00631
-37.00393
-37.00156
-36.99918
-36.99680
-36.99442
-36.99204
-36.98966
-36.98728
-36.98490
-36.98252
-36.98014
-36.97776
-36.97538
-36.97300
-36.97062
-36.96824
-36.96585
-36.96347
-36.96109
-36.95871
-36.95633
-36.95394
-36.95156
-36.94918
-36.94680
-36.94441
-36.94203
-36.93965
-36.93726
-36.93488
-36.93249
-36.93011
-36.92773
-36.92534
-36.92296
-36.92057
-36.91818
-36.91580
-36.91341
-36.91103
-36.90864
-36.90626
-36.90387
-36.90148
-36.89909
-36.89671
-36.89432
-36.89193
-36.88954
-36.88716
-36.88477
-36.88238
-36.87999
-36.87760
-36.87521
-36.87282
-36.87044
-36.86805
-36.86566
-36.86327
-36.86088
-36.85849
-36.85609
-36.85370
-36.85131
-36.84892
-36.84653
-36.84414
-36.84175
-36.83936
-36.83696
-36.83457
-36.83218
-36.82979
-36.82739
-36.82500
-36.82261
-36.82021
-36.81782
-36.81543
-36.81303
-36.81064
-36.80824
-36.80585
-36.80345
-36.80106
-36.79866
-36.79627
-36.79387
-36.79148
-36.78908
-36.78668
-36.78429
-36.78189
-36.77949
-36.77710
-36.77470
-36.77230
-36.76990
-36.76751
-36.76511
-36.76271
-36.76031
-36.75791
-36.75551
-36.75311
-36.75071
-36.74831
-36.74591
-36.74351
-36.74112
-36.73872
-36.73631
-36.73391
-36.73151
-36.72911
-36.72671
-36.72431
-36.72191
-36.71950
-36.71710
-36.71470
-36.71230
-36.70990
-36.70749
-36.70509
-36.70269
-36.70028
-36.69788
-36.69547
-36.69307
-36.69067
-36.68826
-36.68586
-36.68345
-36.68105
-36.67864
-36.67624
-36.67383
-36.67142
-36.66902
-36.66661
-36.66421
-36.66180
-36.65939
-36.65699
-36.65458
-36.65217
-36.64976
-36.64735
-36.64495
-36.64254
-36.64013
-36.63772
-36.63531
-36.63290
-36.63049
-36.62808
-36.62567
-36.62326
-36.62085
-36.61844
-36.61603
-36.61362
-36.61121
-36.60880
-36.60639
-36.60398
-36.60157
-36.59915
-36.59674
-36.59433
-36.59192
-36.58950
-36.58709
-36.58468
-36.58226
-36.57985
-36.57744
-36.57502
-36.57261
-36.57020
-36.56778
-36.56537
-36.56295
-36.56054
-36.55812
-36.55570
-36.55329
-36.55087
-36.54846
-36.54604
-36.54362
-36.54121
-36.53879
-36.53637
-36.53395
-36.53154
-36.52912
-36.52670
-36.52428
-36.52186
-36.51945
-36.51703
-36.51461
-36.51219
-36.50977
-36.50735
-36.50493
-36.50251
-36.50009
-36.49767
-36.49525
-36.49283
-36.49041
-36.48799
-36.48556
-36.48314
-36.48072
-36.47830
-36.47588
-36.47345
-36.47103
-36.46861
-36.46618
-36.46376
-36.46134
-36.45891
-36.45649
-36.45407
-36.45164
-36.44922
-36.44679
-36.44437
-36.44194
-36.43952
-36.43709
-36.43467
-36.43224
-36.42981
-36.42739
-36.42496
-36.42253
-36.42011
-36.41768
-36.41525
-36.41282
-36.41040
-36.40797
-36.40554
-36.40311
-36.40068
-36.39826
-36.39583
-36.39340
-36.39097
-36.38854
-36.38611
-36.38368
-36.38125
-36.37882
-36.37639
-36.37396
-36.37152
-36.36909
-36.36666
-36.36423
-36.36180
-36.35937
-36.35693
-36.35450
-36.35207
-36.34964
-36.34720
-36.34477
-36.34234
-36.33990
-36.33747
-36.33503
-36.33260
-36.33016
-36.32773
-36.32530
-36.32286
-36.32043
-36.31799
-36.31555
-36.31312
-36.31068
-36.30824
-36.30581
-36.30337
-36.30093
-36.29850
-36.29606
-36.29362
-36.29118
-36.28875
-36.28631
-36.28387
-36.28143
-36.27899
-36.27655
-36.27411
-36.27167
-36.26923
-36.26679
-36.26435
-36.26191
-36.25947
-36.25703
-36.25459
-36.25215
-36.24971
-36.24727
-36.24483
-36.24238
-36.23994
-36.23750
-36.23506
-36.23261
-36.23017
-36.22773
-36.22528
-36.22284
-36.22040
-36.21795
-36.21551
-36.21306
-36.21062
-36.20817
-36.20573
-36.20328
-36.20084
-36.19839
-36.19595
-36.19350
-36.19105
-36.18861
-36.18616
-36.18371
-36.18127
-36.17882
-36.17637
-36.17392
-36.17148
-36.16903
-36.16658
-36.16413
-36.16168
-36.15923
-36.15678
-36.15433
-36.15189
-36.14944
-36.14698
-36.14453
-36.14208
-36.13963
-36.13718
-36.13473
-36.13228
-36.12983
-36.12738
-36.12493
-36.12247
-36.12002
-36.11757
-36.11511
-36.11266
-36.11021
-36.10776
-36.10530
-36.10285
-36.10039
-36.09794
-36.09549
-36.09303
-36.09058
-36.08812
-36.08567
-36.08321
-36.08075
-36.07830
-36.07584
-36.07339
-36.07093
-36.06847
-36.06602
-36.06356
-36.06110
-36.05864
-36.05619
-36.05373
-36.05127
-36.04881
-36.04635
-36.04389
-36.04143
-36.03898
-36.03652
-36.03406
-36.03160
-36.02914
-36.02668
-36.02421
-36.02175
-36.01929
-36.01683
-36.01437
-36.01191
-36.00945
-36.00699
-36.00452
-36.00206
-35.99960
-35.99714
-35.99467
-35.99221
-35.98975
-35.98728
-35.98482
-35.98235
-35.97989
-35.97742
-35.97496
-35.97250
-35.97003
-35.96756
-35.96510
-35.96263
-35.96017
-35.95770
-35.95524
-35.95277
-35.95030
-35.94783
-35.94537
-35.94290
-35.94043
-35.93796
-35.93550
-35.93303
-35.93056
-35.92809
-35.92562
-35.92315
-35.92068
-35.91821
-35.91574
-35.91327
-35.91080
-35.90833
-35.90586
-35.90339
-35.90092
-35.89845
-35.89598
-35.89351
-35.89103
-35.88856
-35.88609
-35.88362
-35.88114
-35.87867
-35.87620
-35.87372
-35.87125
-35.86878
-35.86630
-35.86383
-35.86135
-35.85888
-35.85640
-35.85393
-35.85145
-35.84898
-35.84650
-35.84403
-35.84155
-35.83907
-35.83660
-35.83412
-35.83164
-35.82917
-35.82669
-35.82421
-35.82173
-35.81926
-35.81678
-35.81430
-35.81182
-35.80934
-35.80686
-35.80438
-35.80190
-35.79942
-35.79694
-35.79446
-35.79198
-35.78950
-35.78702
-35.78454
-35.78206
-35.77958
-35.77710
-35.77461
-35.77213
-35.76965
-35.76717
-35.76468
-35.76220
-35.75972
-35.75724
-35.75475
-35.75227
-35.74978
-35.74730
-35.74481
-35.74233
-35.73984
-35.73736
-35.73487
-35.73239
-35.72990
-35.72742
-35.72493
-35.72244
-35.71996
-35.71747
-35.71498
-35.71250
-35.71001
-35.70752
-35.70503
-35.70255
-35.70006
-35.69757
-35.69508
-35.69259
-35.69010
-35.68761
-35.68512
-35.68263
-35.68014
-35.67765
-35.67516
-35.67267
-35.67018
-35.66769
-35.66520
-35.66271
-35.66021
-35.65772
-35.65523
-35.65274
-35.65025
-35.64775
-35.64526
-35.64277
-35.64027
-35.63778
-35.63529
-35.63279
-35.63030
-35.62780
-35.62531
-35.62281
-35.62032
-35.61782
-35.61533
-35.61283
-35.61033
-35.60784
-35.60534
-35.60284
-35.60035
-35.59785
-35.59535
-35.59286
-35.59036
-35.58786
-35.58536
-35.58286
-35.58036
-35.57787
-35.57537
-35.57287
-35.57037
-35.56787
-35.56537
-35.56287
-35.56037
-35.55787
-35.55537
-35.55286
-35.55036
-35.54786
-35.54536
-35.54286
-35.54036
-35.53785
-35.53535
-35.53285
-35.53035
-35.52784
-35.52534
-35.52284
-35.52033
-35.51783
-35.51532
-35.51282
-35.51031
-35.50781
-35.50530
-35.50280
-35.50029
-35.49779
-35.49528
-35.49277
-35.49027
-35.48776
-35.48525
-35.48275
-35.48024
-35.47773
-35.47522
-35.47272
-35.47021
-35.46770
-35.46519
-35.46268
-35.46017
-35.45766
-35.45515
-35.45264
-35.45013
-35.44762
-35.44511
-35.44260
-35.44009
-35.43758
-35.43507
-35.43256
-35.43005
-35.42753
-35.42502
-35.42251
-35.42000
-35.41748
-35.41497
-35.41246
-35.40995
-35.40743
-35.40492
-35.40240
-35.39989
-35.39737
-35.39486
-35.39234
-35.38983
-35.38731
-35.38480
-35.38228
-35.37977
-35.37725
-35.37473
-35.37222
-35.36970
-35.36718
-35.36466
-35.36215
-35.35963
-35.35711
-35.35459
-35.35207
-35.34956
-35.34704
-35.34452
-35.34200
-35.33948
-35.33696
-35.33444
-35.33192
-35.32940
-35.32688
-35.32436
-35.32184
-35.31931
-35.31679
-35.31427
-35.31175
-35.30923
-35.30670
-35.30418
-35.30166
-35.29914
-35.29661
-35.29409
-35.29156
-35.28904
-35.28652
-35.28399
-35.28147
-35.27894
-35.27642
-35.27389
-35.27137
-35.26884
-35.26631
-35.26379
-35.26126
-35.25873
-35.25621
-35.25368
-35.25115
-35.24863
-35.24610
-35.24357
-35.24104
-35.23851
-35.23598
-35.23346
-35.23093
-35.22840
-35.22587
-35.22334
-35.22081
-35.21828
-35.21575
-35.21322
-35.21069
-35.20815
-35.20562
-35.20309
-35.20056
-35.19803
-35.19550
-35.19296
-35.19043
-35.18790
-35.18536
-35.18283
-35.18030
-35.17776
-35.17523
-35.17270
-35.17016
-35.16763
-35.16509
-35.16256
-35.16002
-35.15749
-35.15495
-35.15241
-35.14988
-35.14734
-35.14480
-35.14227
-35.13973
-35.13719
-35.13466
-35.13212
-35.12958
-35.12704
-35.12450
-35.12196
-35.11943
-35.11689
-35.11435
-35.11181
-35.10927
-35.10673
-35.10419
-35.10165
-35.09911
-35.09657
-35.09402
-35.09148
-35.08894
-35.08640
-35.08386
-35.08131
-35.07877
-35.07623
-35.07369
-35.07114
-35.06860
-35.06606
-35.06351
-35.06097
-35.05842
-35.05588
-35.05334
-35.05079
-35.04825
-35.04570
-35.04315
-35.04061
-35.03806
-35.03552
-35.03297
-35.03042
-35.02788
-35.02533
-35.02278
-35.02023
-35.01769
-35.01514
-35.01259
-35.01004
-35.00749
-35.00494
-35.00239
-34.99984
-34.99729
-34.99474
-34.99219
-34.98964
-34.98709
-34.98454
-34.98199
-34.97944
-34.97689
-34.97434
-34.97179
-34.96923
-34.96668
-34.96413
-34.96158
-34.95902
-34.95647
-34.95392
-34.95136
-34.94881
-34.94625
-34.94370
-34.94115
-34.93859
-34.93604
-34.93348
-34.93092
-34.92837
-34.92581
-34.92326
-34.92070
-34.91814
-34.91559
-34.91303
-34.91047
-34.90791
-34.90536
-34.90280
-34.90024
-34.89768
-34.89512
-34.89256
-34.89001
-34.88745
-34.88489
-34.88233
-34.87977
-34.87721
-34.87465
-34.87208
-34.86952
-34.86696
-34.86440
-34.86184
-34.85928
-34.85672
-34.85415
-34.85159
-34.84903
-34.84646
-34.84390
-34.84134
-34.83877
-34.83621
-34.83365
-34.83108
-34.82852
-34.82595
-34.82339
-34.82082
-34.81826
-34.81569
-34.81312
-34.81056
-34.80799
-34.80543
-34.80286
-34.80029
-34.79772
-34.79516
-34.79259
-34.79002
-34.78745
-34.78488
-34.78232
-34.77975
-34.77718
-34.77461
-34.77204
-34.76947
-34.76690
-34.76433
-34.76176
-34.75919
-34.75662
-34.75404
-34.75147
-34.74890
-34.74633
-34.74376
-34.74118
-34.73861
-34.73604
-34.73347
-34.73089
-34.72832
-34.72575
-34.72317
-34.72060
-34.71802
-34.71545
-34.71287
-34.71030
-34.70772
-34.70515
-34.70257
-34.70000
-34.69742
-34.69484
-34.69227
-34.68969
-34.68711
-34.68453
-34.68196
-34.67938
-34.67680
-34.67422
-34.67164
-34.66906
-34.66649
-34.66391
-34.66133
-34.65875
-34.65617
-34.65359
-34.65101
-34.64843
-34.64585
-34.64326
-34.64068
-34.63810
-34.63552
-34.63294
-34.63036
-34.62777
-34.62519
-34.62261
-34.62002
-34.61744
-34.61486
-34.61227
-34.60969
-34.60710
-34.60452
-34.60194
-34.59935
-34.59677
-34.59418
-34.59159
-34.58901
-34.58642
-34.58383
-34.58125
-34.57866
-34.57607
-34.57349
-34.57090
-34.56831
-34.56572
-34.56314
-34.56055
-34.55796
-34.55537
-34.55278
-34.55019
-34.54760
-34.54501
-34.54242
-34.53983
-34.53724
-34.53465
-34.53206
-34.52947
-34.52687
-34.52428
-34.52169
-34.51910
-34.51651
-34.51391
-34.51132
-34.50873
-34.50613
-34.50354
-34.50095
-34.49835
-34.49576
-34.49316
-34.49057
-34.48797
-34.48538
-34.48278
-34.48019
-34.47759
-34.47500
-34.47240
-34.46980
-34.46721
-34.46461
-34.46201
-34.45941
-34.45682
-34.45422
-34.45162
-34.44902
-34.44642
-34.44382
-34.44122
-34.43862
-34.43602
-34.43342
-34.43082
-34.42822
-34.42562
-34.42302
-34.42042
-34.41782
-34.41522
-34.41262
-34.41001
-34.40741
-34.40481
-34.40221
-34.39960
-34.39700
-34.39440
-34.39179
-34.38919
-34.38659
-34.38398
-34.38138
-34.37877
-34.37617
-34.37356
-34.37096
-34.36835
-34.36574
-34.36314
-34.36053
-34.35792
-34.35532
-34.35271
-34.35010
-34.34750
-34.34489
-34.34228
-34.33967
-34.33706
-34.33445
-34.33184
-34.32924
-34.32663
-34.32402
-34.32141
-34.31880
-34.31618
-34.31357
-34.31096
-34.30835
-34.30574
-34.30313
-34.30052
-34.29790
-34.29529
-34.29268
-34.29007
-34.28745
-34.28484
-34.28223
-34.27961
-34.27700
-34.27439
-34.27177
-34.26916
-34.26654
-34.26393
-34.26131
-34.25869
-34.25608
-34.25346
-34.25085
-34.24823
-34.24561
-34.24300
-34.24038
-34.23776
-34.23514
-34.23252
-34.22991
-34.22729
-34.22467
-34.22205
-34.21943
-34.21681
-34.21419
-34.21157
-34.20895
-34.20633
-34.20371
-34.20109
-34.19847
-34.19585
-34.19322
-34.19060
-34.18798
-34.18536
-34.18274
-34.18011
-34.17749
-34.17487
-34.17224
-34.16962
-34.16699
-34.16437
-34.16175
-34.15912
-34.15650
-34.15387
-34.15125
-34.14862
-34.14599
-34.14337
-34.14074
-34.13812
-34.13549
-34.13286
-34.13023
-34.12761
-34.12498
-34.12235
-34.11972
-34.11709
-34.11446
-34.11184
-34.10921
-34.10658
-34.10395
-34.10132
-34.09869
-34.09606
-34.09343
-34.09079
-34.08816
-34.08553
-34.08290
-34.08027
-34.07764
-34.07500
-34.07237
-34.06974
-34.06711
-34.06447
-34.06184
-34.05920
-34.05657
-34.05394
-34.05130
-34.04867
-34.04603
-34.04340
-34.04076
-34.03813
-34.03549
-34.03285
-34.03022
-34.02758
-34.02494
-34.02231
-34.01967
-34.01703
-34.01439
-34.01176
-34.00912
-34.00648
-34.00384
-34.00120
-33.99856
-33.99592
-33.99328
-33.99064
-33.98800
-33.98536
-33.98272
-33.98008
-33.97744
-33.97480
-33.97215
-33.96951
-33.96687
-33.96423
-33.96158
-33.95894
-33.95630
-33.95366
-33.95101
-33.94837
-33.94572
-33.94308
-33.94043
-33.93779
-33.93514
-33.93250
-33.92985
-33.92721
-33.92456
-33.92192
-33.91927
-33.91662
-33.91397
-33.91133
-33.90868
-33.90603
-33.90338
-33.90073
-33.89809
-33.89544
-33.89279
-33.89014
-33.88749
-33.88484
-33.88219
-33.87954
-33.87689
-33.87424
-33.87159
-33.86894
-33.86629
-33.86363
-33.86098
-33.85833
-33.85568
-33.85302
-33.85037
-33.84772
-33.84506
-33.84241
-33.83976
-33.83710
-33.83445
-33.83179
-33.82914
-33.82648
-33.82383
-33.82117
-33.81852
-33.81586
-33.81320
-33.81055
-33.80789
-33.80523
-33.80258
-33.79992
-33.79726
-33.79460
-33.79195
-33.78929
-33.78663
-33.78397
-33.78131
-33.77865
-33.77599
-33.77333
-33.77067
-33.76801
-33.76535
-33.76269
-33.76003
-33.75737
-33.75470
-33.75204
-33.74938
-33.74672
-33.74405
-33.74139
-33.73873
-33.73606
-33.73340
-33.73074
-33.72807
-33.72541
-33.72274
-33.72008
-33.71741
-33.71475
-33.71208
-33.70942
-33.70675
-33.70408
-33.70142
-33.69875
-33.69608
-33.69342
-33.69075
-33.68808
-33.68541
-33.68275
-33.68008
-33.67741
-33.67474
-33.67207
-33.66940
-33.66673
-33.66406
-33.66139
-33.65872
-33.65605
-33.65338
-33.65071
-33.64803
-33.64536
-33.64269
-33.64002
-33.63734
-33.63467
-33.63200
-33.62933
-33.62665
-33.62398
-33.62130
-33.61863
-33.61596
-33.61328
-33.61061
-33.60793
-33.60526
-33.60258
-33.59990
-33.59723
-33.59455
-33.59187
-33.58920
-33.58652
-33.58384
-33.58116
-33.57849
-33.57581
-33.57313
-33.57045
-33.56777
-33.56509
-33.56241
-33.55973
-33.55705
-33.55437
-33.55169
-33.54901
-33.54633
-33.54365
-33.54097
-33.53829
-33.53561
-33.53292
-33.53024
-33.52756
-33.52487
-33.52219
-33.51951
-33.51682
-33.51414
-33.51146
-33.50877
-33.50609
-33.50340
-33.50072
-33.49803
-33.49535
-33.49266
-33.48997
-33.48729
-33.48460
-33.48191
-33.47923
-33.47654
-33.47385
-33.47116
-33.46848
-33.46579
-33.46310
-33.46041
-33.45772
-33.45503
-33.45234
-33.44965
-33.44696
-33.44427
-33.44158
-33.43889
-33.43620
-33.43351
-33.43081
-33.42812
-33.42543
-33.42274
-33.42004
-33.41735
-33.41466
-33.41197
-33.40927
-33.40658
-33.40388
-33.40119
-33.39849
-33.39580
-33.39310
-33.39041
-33.38771
-33.38502
-33.38232
-33.37962
-33.37693
-33.37423
-33.37153
-33.36884
-33.36614
-33.36344
-33.36074
-33.35804
-33.35535
-33.35265
-33.34995
-33.34725
-33.34455
-33.34185
-33.33915
-33.33645
-33.33375
-33.33104
-33.32834
-33.32564
-33.32294
-33.32024
-33.31754
-33.31483
-33.31213
-33.30943
-33.30672
-33.30402
-33.30132
-33.29861
-33.29591
-33.29321
-33.29050
-33.28780
-33.28509
-33.28238
-33.27968
-33.27697
-33.27427
-33.27156
-33.26885
-33.26615
-33.26344
-33.26073
-33.25802
-33.25531
-33.25261
-33.24990
-33.24719
-33.24448
-33.24177
-33.23906
-33.23635
-33.23364
-33.23093
-33.22822
-33.22551
-33.22280
-33.22009
-33.21737
-33.21466
-33.21195
-33.20924
-33.20653
-33.20381
-33.20110
-33.19839
-33.19567
-33.19296
-33.19024
-33.18753
-33.18482
-33.18210
-33.17939
-33.17667
-33.17395
-33.17124
-33.16852
-33.16581
-33.16309
-33.16037
-33.15765
-33.15494
-33.15222
-33.14950
-33.14678
-33.14407
-33.14135
-33.13863
-33.13591
-33.13319
-33.13047
-33.12775
-33.12503
-33.12231
-33.11959
-33.11687
-33.11414
-33.11142
-33.10870
-33.10598
-33.10326
-33.10053
-33.09781
-33.09509
-33.09236
-33.08964
-33.08692
-33.08419
-33.08147
-33.07874
-33.07602
-33.07329
-33.07057
-33.06784
-33.06512
-33.06239
-33.05966
-33.05694
-33.05421
-33.05148
-33.04876
-33.04603
-33.04330
-33.04057
-33.03784
-33.03511
-33.03239
-33.02966
-33.02693
-33.02420
-33.02147
-33.01874
-33.01601
-33.01327
-33.01054
-33.00781
-33.00508
-33.00235
-32.99962
-32.99688
-32.99415
-32.99142
-32.98868
-32.98595
-32.98322
-32.98048
-32.97775
-32.97501
-32.97228
-32.96954
-32.96681
-32.96407
-32.96134
-32.95860
-32.95587
-32.95313
-32.95039
-32.94766
-32.94492
-32.94218
-32.93944
-32.93670
-32.93397
-32.93123
-32.92849
-32.92575
-32.92301
-32.92027
-32.91753
-32.91479
-32.91205
-32.90931
-32.90657
-32.90383
-32.90108
-32.89834
-32.89560
-32.89286
-32.89012
-32.88737
-32.88463
-32.88189
-32.87914
-32.87640
-32.87366
-32.87091
-32.86817
-32.86542
-32.86268
-32.85993
-32.85719
-32.85444
-32.85169
-32.84895
-32.84620
-32.84345
-32.84071
-32.83796
-32.83521
-32.83246
-32.82971
-32.82697
-32.82422
-32.82147
-32.81872
-32.81597
-32.81322
-32.81047
-32.80772
-32.80497
-32.80222
-32.79947
-32.79671
-32.79396
-32.79121
-32.78846
-32.78571
-32.78295
-32.78020
-32.77745
-32.77469
-32.77194
-32.76919
-32.76643
-32.76368
-32.76092
-32.75817
-32.75541
-32.75266
-32.74990
-32.74714
-32.74439
-32.74163
-32.73887
-32.73612
-32.73336
-32.73060
-32.72784
-32.72509
-32.72233
-32.71957
-32.71681
-32.71405
-32.71129
-32.70853
-32.70577
-32.70301
-32.70025
-32.69749
-32.69473
-32.69197
-32.68920
-32.68644
-32.68368
-32.68092
-32.67816
-32.67539
-32.67263
-32.66987
-32.66710
-32.66434
-32.66157
-32.65881
-32.65604
-32.65328
-32.65051
-32.64775
-32.64498
-32.64222
-32.63945
-32.63668
-32.63392
-32.63115
-32.62838
-32.62561
-32.62285
-32.62008
-32.61731
-32.61454
-32.61177
-32.60900
-32.60623
-32.60346
-32.60069
-32.59792
-32.59515
-32.59238
-32.58961
-32.58684
-32.58407
-32.58129
-32.57852
-32.57575
-32.57298
-32.57020
-32.56743
-32.56466
-32.56188
-32.55911
-32.55633
-32.55356
-32.55078
-32.54801
-32.54523
-32.54246
-32.53968
-32.53691
-32.53413
-32.53135
-32.52858
-32.52580
-32.52302
-32.52024
-32.51747
-32.51469
-32.51191
-32.50913
-32.50635
-32.50357
-32.50079
-32.49801
-32.49523
-32.49245
-32.48967
-32.48689
-32.48411
-32.48133
-32.47854
-32.47576
-32.47298
-32.47020
-32.46741
-32.46463
-32.46185
-32.45906
-32.45628
-32.45350
-32.45071
-32.44793
-32.44514
-32.44236
-32.43957
-32.43678
-32.43400
-32.43121
-32.42843
-32.42564
-32.42285
-32.42006
-32.41728
-32.41449
-32.41170
-32.40891
-32.40612
-32.40333
-32.40054
-32.39775
-32.39496
-32.39217
-32.38938
-32.38659
-32.38380
-32.38101
-32.37822
-32.37543
-32.37264
-32.36984
-32.36705
-32.36426
-32.36147
-32.35867
-32.35588
-32.35308
-32.35029
-32.34750
-32.34470
-32.34191
-32.33911
-32.33632
-32.33352
-32.33072
-32.32793
-32.32513
-32.32233
-32.31954
-32.31674
-32.31394
-32.31114
-32.30835
-32.30555
-32.30275
-32.29995
-32.29715
-32.29435
-32.29155
-32.28875
-32.28595
-32.28315
-32.28035
-32.27755
-32.27475
-32.27194
-32.26914
-32.26634
-32.26354
-32.26073
-32.25793
-32.25513
-32.25232
-32.24952
-32.24672
-32.24391
-32.24111
-32.23830
-32.23550
-32.23269
-32.22988
-32.22708
-32.22427
-32.22147
-32.21866
-32.21585
-32.21304
-32.21024
-32.20743
-32.20462
-32.20181
-32.19900
-32.19619
-32.19338
-32.19057
-32.18776
-32.18495
-32.18214
-32.17933
-32.17652
-32.17371
-32.17090
-32.16809
-32.16528
-32.16246
-32.15965
-32.15684
-32.15402
-32.15121
-32.14840
-32.14558
-32.14277
-32.13995
-32.13714
-32.13432
-32.13151
-32.12869
-32.12588
-32.12306
-32.12025
-32.11743
-32.11461
-32.11179
-32.10898
-32.10616
-32.10334
-32.10052
-32.09770
-32.09488
-32.09207
-32.08925
-32.08643
-32.08361
-32.08079
-32.07797
-32.07514
-32.07232
-32.06950
-32.06668
-32.06386
-32.06104
-32.05821
-32.05539
-32.05257
-32.04974
-32.04692
-32.04410
-32.04127
-32.03845
-32.03562
-32.03280
-32.02997
-32.02715
-32.02432
-32.02150
-32.01867
-32.01584
-32.01302
-32.01019
-32.00736
-32.00453
-32.00171
-31.99888
-31.99605
-31.99322
-31.99039
-31.98756
-31.98473
-31.98190
-31.97907
-31.97624
-31.97341
-31.97058
-31.96775
-31.96492
-31.96208
-31.95925
-31.95642
-31.95359
-31.95075
-31.94792
-31.94509
-31.94225
-31.93942
-31.93658
-31.93375
-31.93092
-31.92808
-31.92524
-31.92241
-31.91957
-31.91674
-31.91390
-31.91106
-31.90823
-31.90539
-31.90255
-31.89971
-31.89687
-31.89404
-31.89120
-31.88836
-31.88552
-31.88268
-31.87984
-31.87700
-31.87416
-31.87132
-31.86848
-31.86564
-31.86279
-31.85995
-31.85711
-31.85427
-31.85142
-31.84858
-31.84574
-31.84289
-31.84005
-31.83721
-31.83436
-31.83152
-31.82867
-31.82583
-31.82298
-31.82014
-31.81729
-31.81444
-31.81160
-31.80875
-31.80590
-31.80306
-31.80021
-31.79736
-31.79451
-31.79166
-31.78881
-31.78596
-31.78311
-31.78027
-31.77742
-31.77456
-31.77171
-31.76886
-31.76601
-31.76316
-31.76031
-31.75746
-31.75461
-31.75175
-31.74890
-31.74605
-31.74319
-31.74034
-31.73749
-31.73463
-31.73178
-31.72892
-31.72607
-31.72321
-31.72036
-31.71750
-31.71464
-31.71179
-31.70893
-31.70607
-31.70322
-31.70036
-31.69750
-31.69464
-31.69178
-31.68893
-31.68607
-31.68321
-31.68035
-31.67749
-31.67463
-31.67177
-31.66891
-31.66605
-31.66318
-31.66032
-31.65746
-31.65460
-31.65174
-31.64887
-31.64601
-31.64315
-31.64028
-31.63742
-31.63456
-31.63169
-31.62883
-31.62596
-31.62310
-31.62023
-31.61737
-31.61450
-31.61163
-31.60877
-31.60590
-31.60303
-31.60017
-31.59730
-31.59443
-31.59156
-31.58869
-31.58582
-31.58295
-31.58009
-31.57722
-31.57435
-31.57147
-31.56860
-31.56573
-31.56286
-31.55999
-31.55712
-31.55425
-31.55137
-31.54850
-31.54563
-31.54276
-31.53988
-31.53701
-31.53413
-31.53126
-31.52839
-31.52551
-31.52264
-31.51976
-31.51688
-31.51401
-31.51113
-31.50826
-31.50538
-31.50250
-31.49962
-31.49675
-31.49387
-31.49099
-31.48811
-31.48523
-31.48235
-31.47947
-31.47659
-31.47371
-31.47083
-31.46795
-31.46507
-31.46219
-31.45931
-31.45643
-31.45355
-31.45066
-31.44778
-31.44490
-31.44202
-31.43913
-31.43625
-31.43336
-31.43048
-31.42759
-31.42471
-31.42182
-31.41894
-31.41605
-31.41317
-31.41028
-31.40739
-31.40451
-31.40162
-31.39873
-31.39585
-31.39296
-31.39007
-31.38718
-31.38429
-31.38140
-31.37851
-31.37562
-31.37273
-31.36984
-31.36695
-31.36406
-31.36117
-31.35828
-31.35539
-31.35249
-31.34960
-31.34671
-31.34382
-31.34092
-31.33803
-31.33514
-31.33224
-31.32935
-31.32645
-31.32356
-31.32066
-31.31777
-31.31487
-31.31197
-31.30908
-31.30618
-31.30328
-31.30039
-31.29749
-31.29459
-31.29169
-31.28879
-31.28590
-31.28300
-31.28010
-31.27720
-31.27430
-31.27140
-31.26850
-31.26560
-31.26270
-31.25979
-31.25689
-31.25399
-31.25109
-31.24819
-31.24528
-31.24238
-31.23948
-31.23657
-31.23367
-31.23076
-31.22786
-31.22495
-31.22205
-31.21914
-31.21624
-31.21333
-31.21043
-31.20752
-31.20461
-31.20171
-31.19880
-31.19589
-31.19298
-31.19007
-31.18717
-31.18426
-31.18135
-31.17844
-31.17553
-31.17262
-31.16971
-31.16680
-31.16389
-31.16097
-31.15806
-31.15515
-31.15224
-31.14933
-31.14641
-31.14350
-31.14059
-31.13767
-31.13476
-31.13185
-31.12893
-31.12602
-31.12310
-31.12019
-31.11727
-31.11435
-31.11144
-31.10852
-31.10560
-31.10269
-31.09977
-31.09685
-31.09393
-31.09102
-31.08810
-31.08518
-31.08226
-31.07934
-31.07642
-31.07350
-31.07058
-31.06766
-31.06474
-31.06182
-31.05890
-31.05597
-31.05305
-31.05013
-31.04721
-31.04428
-31.04136
-31.03844
-31.03551
-31.03259
-31.02966
-31.02674
-31.02381
-31.02089
-31.01796
-31.01504
-31.01211
-31.00918
-31.00626
-31.00333
-31.00040
-30.99747
-30.99455
-30.99162
-30.98869
-30.98576
-30.98283
-30.97990
-30.97697
-30.97404
-30.97111
-30.96818
-30.96525
-30.96232
-30.95939
-30.95646
-30.95352
-30.95059
-30.94766
-30.94472
-30.94179
-30.93886
-30.93592
-30.93299
-30.93006
-30.92712
-30.92419
-30.92125
-30.91831
-30.91538
-30.91244
-30.90951
-30.90657
-30.90363
-30.90069
-30.89776
-30.89482
-30.89188
-30.88894
-30.88600
-30.88306
-30.88012
-30.87718
-30.87424
-30.87130
-30.86836
-30.86542
-30.86248
-30.85954
-30.85659
-30.85365
-30.85071
-30.84777
-30.84482
-30.84188
-30.83894
-30.83599
-30.83305
-30.83010
-30.82716
-30.82421
-30.82127
-30.81832
-30.81538
-30.81243
-30.80948
-30.80654
-30.80359
-30.80064
-30.79769
-30.79474
-30.79180
-30.78885
-30.78590
-30.78295
-30.78000
-30.77705
-30.77410
-30.77115
-30.76820
-30.76524
-30.76229
-30.75934
-30.75639
-30.75344
-30.75048
-30.74753
-30.74458
-30.74162
-30.73867
-30.73572
-30.73276
-30.72981
-30.72685
-30.72390
-30.72094
-30.71798
-30.71503
-30.71207
-30.70911
-30.70616
-30.70320
-30.70024
-30.69728
-30.69432
-30.69136
-30.68841
-30.68545
-30.68249
-30.67953
-30.67657
-30.67361
-30.67064
-30.66768
-30.66472
-30.66176
-30.65880
-30.65584
-30.65287
-30.64991
-30.64695
-30.64398
-30.64102
-30.63805
-30.63509
-30.63213
-30.62916
-30.62619
-30.62323
-30.62026
-30.61730
-30.61433
-30.61136
-30.60840
-30.60543
-30.60246
-30.59949
-30.59652
-30.59355
-30.59059
-30.58762
-30.58465
-30.58168
-30.57871
-30.57574
-30.57276
-30.56979
-30.56682
-30.56385
-30.56088
-30.55791
-30.55493
-30.55196
-30.54899
-30.54601
-30.54304
-30.54006
-30.53709
-30.53411
-30.53114
-30.52816
-30.52519
-30.52221
-30.51924
-30.51626
-30.51328
-30.51030
-30.50733
-30.50435
-30.50137
-30.49839
-30.49541
-30.49243
-30.48945
-30.48647
-30.48349
-30.48051
-30.47753
-30.47455
-30.47157
-30.46859
-30.46561
-30.46263
-30.45964
-30.45666
-30.45368
-30.45069
-30.44771
-30.44473
-30.44174
-30.43876
-30.43577
-30.43279
-30.42980
-30.42681
-30.42383
-30.42084
-30.41786
-30.41487
-30.41188
-30.40889
-30.40590
-30.40292
-30.39993
-30.39694
-30.39395
-30.39096
-30.38797
-30.38498
-30.38199
-30.37900
-30.37601
-30.37302
-30.37002
-30.36703
-30.36404
-30.36105
-30.35805
-30.35506
-30.35207
-30.34907
-30.34608
-30.34308
-30.34009
-30.33709
-30.33410
-30.33110
-30.32811
-30.32511
-30.32211
-30.31912
-30.31612
-30.31312
-30.31012
-30.30713
-30.30413
-30.30113
-30.29813
-30.29513
-30.29213
-30.28913
-30.28613
-30.28313
-30.28013
-30.27713
-30.27412
-30.27112
-30.26812
-30.26512
-30.26211
-30.25911
-30.25611
-30.25310
-30.25010
-30.24710
-30.24409
-30.24109
-30.23808
-30.23507
-30.23207
-30.22906
-30.22606
-30.22305
-30.22004
-30.21703
-30.21403
-30.21102
-30.20801
-30.20500
-30.20199
-30.19898
-30.19597
-30.19296
-30.18995
-30.18694
-30.18393
-30.18092
-30.17791
-30.17489
-30.17188
-30.16887
-30.16586
-30.16284
-30.15983
-30.15682
-30.15380
-30.15079
-30.14777
-30.14476
-30.14174
-30.13873
-30.13571
-30.13269
-30.12968
-30.12666
-30.12364
-30.12063
-30.11761
-30.11459
-30.11157
-30.10855
-30.10553
-30.10251
-30.09949
-30.09647
-30.09345
-30.09043
-30.08741
-30.08439
-30.08137
-30.07835
-30.07532
-30.07230
-30.06928
-30.06626
-30.06323
-30.06021
-30.05718
-30.05416
-30.05113
-30.04811
-30.04508
-30.04206
-30.03903
-30.03601
-30.03298
-30.02995
-30.02692
-30.02390
-30.02087
-30.01784
-30.01481
-30.01178
-30.00875
-30.00572
-30.00269
-29.99966
-29.99663
-29.99360
-29.99057
-29.98754
-29.98451
-29.98148
-29.97844
-29.97541
-29.97238
-29.96934
-29.96631
-29.96328
-29.96024
-29.95721
-29.95417
-29.95114
-29.94810
-29.94507
-29.94203
-29.93899
-29.93596
-29.93292
-29.92988
-29.92684
-29.92381
-29.92077
-29.91773
-29.91469
-29.91165
-29.90861
-29.90557
-29.90253
-29.89949
-29.89645
-29.89341
-29.89037
-29.88732
-29.88428
-29.88124
-29.87820
-29.87515
-29.87211
-29.86907
-29.86602
-29.86298
-29.85993
-29.85689
-29.85384
-29.85080
-29.84775
-29.84470
-29.84166
-29.83861
-29.83556
-29.83251
-29.82947
-29.82642
-29.82337
-29.82032
-29.81727
-29.81422
-29.81117
-29.80812
-29.80507
-29.80202
-29.79897
-29.79592
-29.79287
-29.78981
-29.78676
-29.78371
-29.78065
-29.77760
-29.77455
-29.77149
-29.76844
-29.76538
-29.76233
-29.75927
-29.75622
-29.75316
-29.75011
-29.74705
-29.74399
-29.74093
-29.73788
-29.73482
-29.73176
-29.72870
-29.72564
-29.72258
-29.71952
-29.71646
-29.71340
-29.71034
-29.70728
-29.70422
-29.70116
-29.69810
-29.69504
-29.69197
-29.68891
-29.68585
-29.68278
-29.67972
-29.67666
-29.67359
-29.67053
-29.66746
-29.66440
-29.66133
-29.65826
-29.65520
-29.65213
-29.64906
-29.64600
-29.64293
-29.63986
-29.63679
-29.63372
-29.63066
-29.62759
-29.62452
-29.62145
-29.61838
-29.61531
-29.61224
-29.60916
-29.60609
-29.60302
-29.59995
-29.59688
-29.59380
-29.59073
-29.58766
-29.58458
-29.58151
-29.57843
-29.57536
-29.57228
-29.56921
-29.56613
-29.56306
-29.55998
-29.55690
-29.55383
-29.55075
-29.54767
-29.54459
-29.54151
-29.53844
-29.53536
-29.53228
-29.52920
-29.52612
-29.52304
-29.51996
-29.51688
-29.51379
-29.51071
-29.50763
-29.50455
-29.50147
-29.49838
-29.49530
-29.49222
-29.48913
-29.48605
-29.48296
-29.47988
-29.47679
-29.47371
-29.47062
-29.46754
-29.46445
-29.46136
-29.45827
-29.45519
-29.45210
-29.44901
-29.44592
-29.44283
-29.43974
-29.43665
-29.43356
-29.43047
-29.42738
-29.42429
-29.42120
-29.41811
-29.41502
-29.41193
-29.40883
-29.40574
-29.40265
-29.39955
-29.39646
-29.39337
-29.39027
-29.38718
-29.38408
-29.38099
-29.37789
-29.37480
-29.37170
-29.36860
-29.36550
-29.36241
-29.35931
-29.35621
-29.35311
-29.35001
-29.34692
-29.34382
-29.34072
-29.33762
-29.33452
-29.33141
-29.32831
-29.32521
-29.32211
-29.31901
-29.31591
-29.31280
-29.30970
-29.30660
-29.30349
-29.30039
-29.29728
-29.29418
-29.29107
-29.28797
-29.28486
-29.28176
-29.27865
-29.27554
-29.27244
-29.26933
-29.26622
-29.26311
-29.26001
-29.25690
-29.25379
-29.25068
-29.24757
-29.24446
-29.24135
-29.23824
-29.23513
-29.23202
-29.22890
-29.22579
-29.22268
-29.21957
-29.21645
-29.21334
-29.21023
-29.20711
-29.20400
-29.20088
-29.19777
-29.19465
-29.19154
-29.18842
-29.18530
-29.18219
-29.17907
-29.17595
-29.17284
-29.16972
-29.16660
-29.16348
-29.16036
-29.15724
-29.15412
-29.15100
-29.14788
-29.14476
-29.14164
-29.13852
-29.13540
-29.13228
-29.12915
-29.12603
-29.12291
-29.11978
-29.11666
-29.11354
-29.11041
-29.10729
-29.10416
-29.10104
-29.09791
-29.09478
-29.09166
-29.08853
-29.08540
-29.08228
-29.07915
-29.07602
-29.07289
-29.06976
-29.06663
-29.06350
-29.06037
-29.05724
-29.05411
-29.05098
-29.04785
-29.04472
-29.04159
-29.03846
-29.03532
-29.03219
-29.02906
-29.02592
-29.02279
-29.01966
-29.01652
-29.01339
-29.01025
-29.00712
-29.00398
-29.00084
-28.99771
-28.99457
-28.99143
-28.98830
-28.98516
-28.98202
-28.97888
-28.97574
-28.97260
-28.96946
-28.96632
-28.96318
-28.96004
-28.95690
-28.95376
-28.95062
-28.94748
-28.94433
-28.94119
-28.93805
-28.93490
-28.93176
-28.92862
-28.92547
-28.92233
-28.91918
-28.91604
-28.91289
-28.90975
-28.90660
-28.90345
-28.90031
-28.89716
-28.89401
-28.89086
-28.88771
-28.88456
-28.88142
-28.87827
-28.87512
-28.87197
-28.86882
-28.86566
-28.86251
-28.85936
-28.85621
-28.85306
-28.84991
-28.84675
-28.84360
-28.84045
-28.83729
-28.83414
-28.83098
-28.82783
-28.82467
-28.82152
-28.81836
-28.81520
-28.81205
-28.80889
-28.80573
-28.80258
-28.79942
-28.79626
-28.79310
-28.78994
-28.78678
-28.78362
-28.78046
-28.77730
-28.77414
-28.77098
-28.76782
-28.76466
-28.76149
-28.75833
-28.75517
-28.75201
-28.74884
-28.74568
-28.74251
-28.73935
-28.73618
-28.73302
-28.72985
-28.72669
-28.72352
-28.72035
-28.71719
-28.71402
-28.71085
-28.70768
-28.70452
-28.70135
-28.69818
-28.69501
-28.69184
-28.68867
-28.68550
-28.68233
-28.67916
-28.67599
-28.67281
-28.66964
-28.66647
-28.66330
-28.66012
-28.65695
-28.65378
-28.65060
-28.64743
-28.64425
-28.64108
-28.63790
-28.63472
-28.63155
-28.62837
-28.62519
-28.62202
-28.61884
-28.61566
-28.61248
-28.60930
-28.60612
-28.60295
-28.59977
-28.59659
-28.59340
-28.59022
-28.58704
-28.58386
-28.58068
-28.57750
-28.57431
-28.57113
-28.56795
-28.56476
-28.56158
-28.55840
-28.55521
-28.55203
-28.54884
-28.54566
-28.54247
-28.53928
-28.53610
-28.53291
-28.52972
-28.52653
-28.52335
-28.52016
-28.51697
-28.51378
-28.51059
-28.50740
-28.50421
-28.50102
-28.49783
-28.49464
-28.49144
-28.48825
-28.48506
-28.48187
-28.47867
-28.47548
-28.47229
-28.46909
-28.46590
-28.46270
-28.45951
-28.45631
-28.45312
-28.44992
-28.44672
-28.44353
-28.44033
-28.43713
-28.43393
-28.43074
-28.42754
-28.42434
-28.42114
-28.41794
-28.41474
-28.41154
-28.40834
-28.40514
-28.40193
-28.39873
-28.39553
-28.39233
-28.38912
-28.38592
-28.38272
-28.37951
-28.37631
-28.37310
-28.36990
-28.36669
-28.36349
-28.36028
-28.35708
-28.35387
-28.35066
-28.34745
-28.34425
-28.34104
-28.33783
-28.33462
-28.33141
-28.32820
-28.32499
-28.32178
-28.31857
-28.31536
-28.31215
-28.30894
-28.30572
-28.30251
-28.29930
-28.29609
-28.29287
-28.28966
-28.28644
-28.28323
-28.28001
-28.27680
-28.27358
-28.27037
-28.26715
-28.26393
-28.26072
-28.25750
-28.25428
-28.25106
-28.24784
-28.24463
-28.24141
-28.23819
-28.23497
-28.23175
-28.22853
-28.22530
-28.22208
-28.21886
-28.21564
-28.21242
-28.20919
-28.20597
-28.20275
-28.19952
-28.19630
-28.19307
-28.18985
-28.18662
-28.18340
-28.18017
-28.17695
-28.17372
-28.17049
-28.16726
-28.16404
-28.16081
-28.15758
-28.15435
-28.15112
-28.14789
-28.14466
-28.14143
-28.13820
-28.13497
-28.13174
-28.12851
-28.12527
-28.12204
-28.11881
-28.11558
-28.11234
-28.10911
-28.10587
-28.10264
-28.09940
-28.09617
-28.09293
-28.08970
-28.08646
-28.08322
-28.07999
-28.07675
-28.07351
-28.07027
-28.06703
-28.06380
-28.06056
-28.05732
-28.05408
-28.05084
-28.04760
-28.04435
-28.04111
-28.03787
-28.03463
-28.03139
-28.02814
-28.02490
-28.02166
-28.01841
-28.01517
-28.01192
-28.00868
-28.00543
-28.00219
-27.99894
-27.99569
-27.99245
-27.98920
-27.98595
-27.98270
-27.97946
-27.97621
-27.97296
-27.96971
-27.96646
-27.96321
-27.95996
-27.95671
-27.95346
-27.95020
-27.94695
-27.94370
-27.94045
-27.93719
-27.93394
-27.93069
-27.92743
-27.92418
-27.92092
-27.91767
-27.91441
-27.91116
-27.90790
-27.90464
-27.90139
-27.89813
-27.89487
-27.89161
-27.88835
-27.88509
-27.88183
-27.87857
-27.87531
-27.87205
-27.86879
-27.86553
-27.86227
-27.85901
-27.85575
-27.85248
-27.84922
-27.84596
-27.84269
-27.83943
-27.83617
-27.83290
-27.82964
-27.82637
-27.82310
-27.81984
-27.81657
-27.81330
-27.81004
-27.80677
-27.80350
-27.80023
-27.79696
-27.79369
-27.79043
-27.78716
-27.78389
-27.78061
-27.77734
-27.77407
-27.77080
-27.76753
-27.76426
-27.76098
-27.75771
-27.75444
-27.75116
-27.74789
-27.74461
-27.74134
-27.73806
-27.73479
-27.73151
-27.72823
-27.72496
-27.72168
-27.71840
-27.71512
-27.71185
-27.70857
-27.70529
-27.70201
-27.69873
-27.69545
-27.69217
-27.68889
-27.68560
-27.68232
-27.67904
-27.67576
-27.67248
-27.66919
-27.66591
-27.66262
-27.65934
-27.65606
-27.65277
-27.64949
-27.64620
-27.64291
-27.63963
-27.63634
-27.63305
-27.62976
-27.62648
-27.62319
-27.61990
-27.61661
-27.61332
-27.61003
-27.60674
-27.60345
-27.60016
-27.59687
-27.59358
-27.59028
-27.58699
-27.58370
-27.58040
-27.57711
-27.57382
-27.57052
-27.56723
-27.56393
-27.56064
-27.55734
-27.55405
-27.55075
-27.54745
-27.54415
-27.54086
-27.53756
-27.53426
-27.53096
-27.52766
-27.52436
-27.52106
-27.51776
-27.51446
-27.51116
-27.50786
-27.50456
-27.50125
-27.49795
-27.49465
-27.49135
-27.48804
-27.48474
-27.48143
-27.47813
-27.47482
-27.47152
-27.46821
-27.46491
-27.46160
-27.45829
-27.45498
-27.45168
-27.44837
-27.44506
-27.44175
-27.43844
-27.43513
-27.43182
-27.42851
-27.42520
-27.42189
-27.41858
-27.41527
-27.41195
-27.40864
-27.40533
-27.40201
-27.39870
-27.39539
-27.39207
-27.38876
-27.38544
-27.38212
-27.37881
-27.37549
-27.37217
-27.36886
-27.36554
-27.36222
-27.35890
-27.35558
-27.35227
-27.34895
-27.34563
-27.34231
-27.33898
-27.33566
-27.33234
-27.32902
-27.32570
-27.32238
-27.31905
-27.31573
-27.31241
-27.30908
-27.30576
-27.30243
-27.29911
-27.29578
-27.29246
-27.28913
-27.28580
-27.28248
-27.27915
-27.27582
-27.27249
-27.26916
-27.26583
-27.26250
-27.25917
-27.25584
-27.25251
-27.24918
-27.24585
-27.24252
-27.23919
-27.23586
-27.23252
-27.22919
-27.22586
-27.22252
-27.21919
-27.21585
-27.21252
-27.20918
-27.20585
-27.20251
-27.19917
-27.19584
-27.19250
-27.18916
-27.18582
-27.18248
-27.17914
-27.17581
-27.17247
-27.16913
-27.16578
-27.16244
-27.15910
-27.15576
-27.15242
-27.14908
-27.14573
-27.14239
-27.13905
-27.13570
-27.13236
-27.12901
-27.12567
-27.12232
-27.11898
-27.11563
-27.11228
-27.10894
-27.10559
-27.10224
-27.09889
-27.09555
-27.09220
-27.08885
-27.08550
-27.08215
-27.07880
-27.07545
-27.07209
-27.06874
-27.06539
-27.06204
-27.05869
-27.05533
-27.05198
-27.04862
-27.04527
-27.04192
-27.03856
-27.03520
-27.03185
-27.02849
-27.02514
-27.02178
-27.01842
-27.01506
-27.01171
-27.00835
-27.00499
-27.00163
-26.99827
-26.99491
-26.99155
-26.98819
-26.98483
-26.98146
-26.97810
-26.97474
-26.97138
-26.96801
-26.96465
-26.96129
-26.95792
-26.95456
-26.95119
-26.94783
-26.94446
-26.94109
-26.93773
-26.93436
-26.93099
-26.92762
-26.92425
-26.92089
-26.91752
-26.91415
-26.91078
-26.90741
-26.90404
-26.90067
-26.89729
-26.89392
-26.89055
-26.88718
-26.88380
-26.88043
-26.87706
-26.87368
-26.87031
-26.86693
-26.86356
-26.86018
-26.85681
-26.85343
-26.85005
-26.84668
-26.84330
-26.83992
-26.83654
-26.83316
-26.82978
-26.82640
-26.82302
-26.81964
-26.81626
-26.81288
-26.80950
-26.80612
-26.80273
-26.79935
-26.79597
-26.79258
-26.78920
-26.78582
-26.78243
-26.77905
-26.77566
-26.77227
-26.76889
-26.76550
-26.76211
-26.75873
-26.75534
-26.75195
-26.74856
-26.74517
-26.74178
-26.73839
-26.73500
-26.73161
-26.72822
-26.72483
-26.72144
-26.71805
-26.71465
-26.71126
-26.70787
-26.70447
-26.70108
-26.69768
-26.69429
-26.69089
-26.68750
-26.68410
-26.68070
-26.67731
-26.67391
-26.67051
-26.66711
-26.66372
-26.66032
-26.65692
-26.65352
-26.65012
-26.64672
-26.64332
-26.63991
-26.63651
-26.63311
-26.62971
-26.62630
-26.62290
-26.61950
-26.61609
-26.61269
-26.60928
-26.60588
-26.60247
-26.59907
-26.59566
-26.59225
-26.58885
-26.58544
-26.58203
-26.57862
-26.57521
-26.57180
-26.56839
-26.56498
-26.56157
-26.55816
-26.55475
-26.55134
-26.54793
-26.54451
-26.54110
-26.53769
-26.53427
-26.53086
-26.52744
-26.52403
-26.52061
-26.51720
-26.51378
-26.51037
-26.50695
-26.50353
-26.50011
-26.49670
-26.49328
-26.48986
-26.48644
-26.48302
-26.47960
-26.47618
-26.47276
-26.46934
-26.46591
-26.46249
-26.45907
-26.45565
-26.45222
-26.44880
-26.44538
-26.44195
-26.43853
-26.43510
-26.43167
-26.42825
-26.42482
-26.42139
-26.41797
-26.41454
-26.41111
-26.40768
-26.40425
-26.40082
-26.39739
-26.39396
-26.39053
-26.38710
-26.38367
-26.38024
-26.37681
-26.37337
-26.36994
-26.36651
-26.36307
-26.35964
-26.35620
-26.35277
-26.34933
-26.34590
-26.34246
-26.33903
-26.33559
-26.33215
-26.32871
-26.32527
-26.32184
-26.31840
-26.31496
-26.31152
-26.30808
-26.30464
-26.30119
-26.29775
-26.29431
-26.29087
-26.28743
-26.28398
-26.28054
-26.27710
-26.27365
-26.27021
-26.26676
-26.26332
-26.25987
-26.25642
-26.25298
-26.24953
-26.24608
-26.24263
-26.23918
-26.23574
-26.23229
-26.22884
-26.22539
-26.22194
-26.21848
-26.21503
-26.21158
-26.20813
-26.20468
-26.20122
-26.19777
-26.19432
-26.19086
-26.18741
-26.18395
-26.18050
-26.17704
-26.17358
-26.17013
-26.16667
-26.16321
-26.15976
-26.15630
-26.15284
-26.14938
-26.14592
-26.14246
-26.13900
-26.13554
-26.13208
-26.12862
-26.12515
-26.12169
-26.11823
-26.11477
-26.11130
-26.10784
-26.10437
-26.10091
-26.09744
-26.09398
-26.09051
-26.08704
-26.08358
-26.08011
-26.07664
-26.07317
-26.06971
-26.06624
-26.06277
-26.05930
-26.05583
-26.05236
-26.04889
-26.04541
-26.04194
-26.03847
-26.03500
-26.03152
-26.02805
-26.02458
-26.02110
-26.01763
-26.01415
-26.01068
-26.00720
-26.00372
-26.00025
-25.99677
-25.99329
-25.98981
-25.98633
-25.98286
-25.97938
-25.97590
-25.97242
-25.96894
-25.96545
-25.96197
-25.95849
-25.95501
-25.95153
-25.94804
-25.94456
-25.94108
-25.93759
-25.93411
-25.93062
-25.92714
-25.92365
-25.92016
-25.91668
-25.91319
-25.90970
-25.90621
-25.90272
-25.89924
-25.89575
-25.89226
-25.88877
-25.88528
-25.88178
-25.87829
-25.87480
-25.87131
-25.86782
-25.86432
-25.86083
-25.85734
-25.85384
-25.85035
-25.84685
-25.84335
-25.83986
-25.83636
-25.83287
-25.82937
-25.82587
-25.82237
-25.81887
-25.81537
-25.81188
-25.80838
-25.80487
-25.80137
-25.79787
-25.79437
-25.79087
-25.78737
-25.78386
-25.78036
-25.77686
-25.77335
-25.76985
-25.76634
-25.76284
-25.75933
-25.75583
-25.75232
-25.74881
-25.74531
-25.74180
-25.73829
-25.73478
-25.73127
-25.72776
-25.72425
-25.72074
-25.71723
-25.71372
-25.71021
-25.70670
-25.70318
-25.69967
-25.69616
-25.69264
-25.68913
-25.68561
-25.68210
-25.67858
-25.67507
-25.67155
-25.66804
-25.66452
-25.66100
-25.65748
-25.65396
-25.65044
-25.64693
-25.64341
-25.63989
-25.63637
-25.63284
-25.62932
-25.62580
-25.62228
-25.61876
-25.61523
-25.61171
-25.60819
-25.60466
-25.60114
-25.59761
-25.59409
-25.59056
-25.58703
-25.58351
-25.57998
-25.57645
-25.57292
-25.56939
-25.56586
-25.56233
-25.55880
-25.55527
-25.55174
-25.54821
-25.54468
-25.54115
-25.53762
-25.53408
-25.53055
-25.52702
-25.52348
-25.51995
-25.51641
-25.51288
-25.50934
-25.50580
-25.50227
-25.49873
-25.49519
-25.49165
-25.48812
-25.48458
-25.48104
-25.47750
-25.47396
-25.47042
-25.46688
-25.46333
-25.45979
-25.45625
-25.45271
-25.44916
-25.44562
-25.44208
-25.43853
-25.43499
-25.43144
-25.42790
-25.42435
-25.42080
-25.41726
-25.41371
-25.41016
-25.40661
-25.40306
-25.39951
-25.39596
-25.39241
-25.38886
-25.38531
-25.38176
-25.37821
-25.37466
-25.37110
-25.36755
-25.36400
-25.36044
-25.35689
-25.35333
-25.34978
-25.34622
-25.34267
-25.33911
-25.33555
-25.33199
-25.32844
-25.32488
-25.32132
-25.31776
-25.31420
-25.31064
-25.30708
-25.30352
-25.29996
-25.29640
-25.29283
-25.28927
-25.28571
-25.28214
-25.27858
-25.27502
-25.27145
-25.26788
-25.26432
-25.26075
-25.25719
-25.25362
-25.25005
-25.24648
-25.24292
-25.23935
-25.23578
-25.23221
-25.22864
-25.22507
-25.22150
-25.21792
-25.21435
-25.21078
-25.20721
-25.20363
-25.20006
-25.19649
-25.19291
-25.18934
-25.18576
-25.18219
-25.17861
-25.17503
-25.17146
-25.16788
-25.16430
-25.16072
-25.15714
-25.15356
-25.14998
-25.14640
-25.14282
-25.13924
-25.13566
-25.13208
-25.12850
-25.12491
-25.12133
-25.11775
-25.11416
-25.11058
-25.10699
-25.10341
-25.09982
-25.09623
-25.09265
-25.08906
-25.08547
-25.08188
-25.07830
-25.07471
-25.07112
-25.06753
-25.06394
-25.06035
-25.05675
-25.05316
-25.04957
-25.04598
-25.04239
-25.03879
-25.03520
-25.03160
-25.02801
-25.02441
-25.02082
-25.01722
-25.01363
-25.01003
-25.00643
-25.00283
-24.99923
-24.99564
-24.99204
-24.98844
-24.98484
-24.98124
-24.97764
-24.97403
-24.97043
-24.96683
-24.96323
-24.95962
-24.95602
-24.95242
-24.94881
-24.94521
-24.94160
-24.93799
-24.93439
-24.93078
-24.92717
-24.92357
-24.91996
-24.91635
-24.91274
-24.90913
-24.90552
-24.90191
-24.89830
-24.89469
-24.89108
-24.88747
-24.88385
-24.88024
-24.87663
-24.87301
-24.86940
-24.86578
-24.86217
-24.85855
-24.85494
-24.85132
-24.84770
-24.84408
-24.84047
-24.83685
-24.83323
-24.82961
-24.82599
-24.82237
-24.81875
-24.81513
-24.81151
-24.80789
-24.80426
-24.80064
-24.79702
-24.79339
-24.78977
-24.78614
-24.78252
-24.77889
-24.77527
-24.77164
-24.76801
-24.76439
-24.76076
-24.75713
-24.75350
-24.74987
-24.74624
-24.74261
-24.73898
-24.73535
-24.73172
-24.72809
-24.72445
-24.72082
-24.71719
-24.71355
-24.70992
-24.70629
-24.70265
-24.69902
-24.69538
-24.69174
-24.68811
-24.68447
-24.68083
-24.67719
-24.67355
-24.66991
-24.66627
-24.66263
-24.65899
-24.65535
-24.65171
-24.64807
-24.64443
-24.64078
-24.63714
-24.63350
-24.62985
-24.62621
-24.62256
-24.61892
-24.61527
-24.61163
-24.60798
-24.60433
-24.60068
-24.59704
-24.59339
-24.58974
-24.58609
-24.58244
-24.57879
-24.57514
-24.57149
-24.56783
-24.56418
-24.56053
-24.55687
-24.55322
-24.54957
-24.54591
-24.54226
-24.53860
-24.53495
-24.53129
-24.52763
-24.52397
-24.52032
-24.51666
-24.51300
-24.50934
-24.50568
-24.50202
-24.49836
-24.49470
-24.49104
-24.48737
-24.48371
-24.48005
-24.47639
-24.47272
-24.46906
-24.46539
-24.46173
-24.45806
-24.45440
-24.45073
-24.44706
-24.44340
-24.43973
-24.43606
-24.43239
-24.42872
-24.42505
-24.42138
-24.41771
-24.41404
-24.41037
-24.40669
-24.40302
-24.39935
-24.39568
-24.39200
-24.38833
-24.38465
-24.38098
-24.37730
-24.37362
-24.36995
-24.36627
-24.36259
-24.35891
-24.35524
-24.35156
-24.34788
-24.34420
-24.34052
-24.33684
-24.33315
-24.32947
-24.32579
-24.32211
-24.31842
-24.31474
-24.31106
-24.30737
-24.30369
-24.30000
-24.29631
-24.29263
-24.28894
-24.28525
-24.28157
-24.27788
-24.27419
-24.27050
-24.26681
-24.26312
-24.25943
-24.25574
-24.25205
-24.24835
-24.24466
-24.24097
-24.23727
-24.23358
-24.22989
-24.22619
-24.22250
-24.21880
-24.21510
-24.21141
-24.20771
-24.20401
-24.20031
-24.19662
-24.19292
-24.18922
-24.18552
-24.18182
-24.17811
-24.17441
-24.17071
-24.16701
-24.16331
-24.15960
-24.15590
-24.15219
-24.14849
-24.14478
-24.14108
-24.13737
-24.13367
-24.12996
-24.12625
-24.12254
-24.11883
-24.11513
-24.11142
-24.10771
-24.10400
-24.10029
-24.09657
-24.09286
-24.08915
-24.08544
-24.08172
-24.07801
-24.07430
-24.07058
-24.06687
-24.06315
-24.05943
-24.05572
-24.05200
-24.04828
-24.04457
-24.04085
-24.03713
-24.03341
-24.02969
-24.02597
-24.02225
-24.01853
-24.01480
-24.01108
-24.00736
-24.00364
-23.99991
-23.99619
-23.99246
-23.98874
-23.98501
-23.98129
-23.97756
-23.97383
-23.97011
-23.96638
-23.96265
-23.95892
-23.95519
-23.95146
-23.94773
-23.94400
-23.94027
-23.93654
-23.93281
-23.92907
-23.92534
-23.92161
-23.91787
-23.91414
-23.91040
-23.90667
-23.90293
-23.89919
-23.89546
-23.89172
-23.88798
-23.88424
-23.88050
-23.87677
-23.87303
-23.86928
-23.86554
-23.86180
-23.85806
-23.85432
-23.85058
-23.84683
-23.84309
-23.83934
-23.83560
-23.83185
-23.82811
-23.82436
-23.82062
-23.81687
-23.81312
-23.80937
-23.80563
-23.80188
-23.79813
-23.79438
-23.79063
-23.78688
-23.78312
-23.77937
-23.77562
-23.77187
-23.76811
-23.76436
-23.76061
-23.75685
-23.75310
-23.74934
-23.74558
-23.74183
-23.73807
-23.73431
-23.73055
-23.72680
-23.72304
-23.71928
-23.71552
-23.71176
-23.70799
-23.70423
-23.70047
-23.69671
-23.69295
-23.68918
-23.68542
-23.68165
-23.67789
-23.67412
-23.67036
-23.66659
-23.66282
-23.65906
-23.65529
-23.65152
-23.64775
-23.64398
-23.64021
-23.63644
-23.63267
-23.62890
-23.62513
-23.62136
-23.61758
-23.61381
-23.61004
-23.60626
-23.60249
-23.59871
-23.59494
-23.59116
-23.58738
-23.58361
-23.57983
-23.57605
-23.57227
-23.56849
-23.56471
-23.56093
-23.55715
-23.55337
-23.54959
-23.54581
-23.54203
-23.53824
-23.53446
-23.53068
-23.52689
-23.52311
-23.51932
-23.51554
-23.51175
-23.50796
-23.50418
-23.50039
-23.49660
-23.49281
-23.48902
-23.48523
-23.48144
-23.47765
-23.47386
-23.47007
-23.46627
-23.46248
-23.45869
-23.45489
-23.45110
-23.44731
-23.44351
-23.43971
-23.43592
-23.43212
-23.42832
-23.42453
-23.42073
-23.41693
-23.41313
-23.40933
-23.40553
-23.40173
-23.39793
-23.39413
-23.39032
-23.38652
-23.38272
-23.37892
-23.37511
-23.37131
-23.36750
-23.36370
-23.35989
-23.35608
-23.35228
-23.34847
-23.34466
-23.34085
-23.33704
-23.33323
-23.32942
-23.32561
-23.32180
-23.31799
-23.31418
-23.31036
-23.30655
-23.30274
-23.29892
-23.29511
-23.29129
-23.28748
-23.28366
-23.27985
-23.27603
-23.27221
-23.26839
-23.26457
-23.26076
-23.25694
-23.25312
-23.24930
-23.24547
-23.24165
-23.23783
-23.23401
-23.23019
-23.22636
-23.22254
-23.21871
-23.21489
-23.21106
-23.20724
-23.20341
-23.19958
-23.19575
-23.19193
-23.18810
-23.18427
-23.18044
-23.17661
-23.17278
-23.16895
-23.16512
-23.16128
-23.15745
-23.15362
-23.14978
-23.14595
-23.14212
-23.13828
-23.13445
-23.13061
-23.12677
-23.12294
-23.11910
-23.11526
-23.11142
-23.10758
-23.10374
-23.09990
-23.09606
-23.09222
-23.08838
-23.08454
-23.08069
-23.07685
-23.07301
-23.06916
-23.06532
-23.06147
-23.05763
-23.05378
-23.04993
-23.04609
-23.04224
-23.03839
-23.03454
-23.03069
-23.02684
-23.02299
-23.01914
-23.01529
-23.01144
-23.00759
-23.00373
-22.99988
-22.99603
-22.99217
-22.98832
-22.98446
-22.98061
-22.97675
-22.97289
-22.96904
-22.96518
-22.96132
-22.95746
-22.95360
-22.94974
-22.94588
-22.94202
-22.93816
-22.93430
-22.93043
-22.92657
-22.92271
-22.91884
-22.91498
-22.91111
-22.90725
-22.90338
-22.89952
-22.89565
-22.89178
-22.88791
-22.88405
-22.88018
-22.87631
-22.87244
-22.86857
-22.86469
-22.86082
-22.85695
-22.85308
-22.84920
-22.84533
-22.84146
-22.83758
-22.83371
-22.82983
-22.82595
-22.82208
-22.81820
-22.81432
-22.81044
-22.80657
-22.80269
-22.79881
-22.79493
-22.79104
-22.78716
-22.78328
-22.77940
-22.77552
-22.77163
-22.76775
-22.76386
-22.75998
-22.75609
-22.75221
-22.74832
-22.74443
-22.74055
-22.73666
-22.73277
-22.72888
-22.72499
-22.72110
-22.71721
-22.71332
-22.70943
-22.70553
-22.70164
-22.69775
-22.69385
-22.68996
-22.68606
-22.68217
-22.67827
-22.67438
-22.67048
-22.66658
-22.66268
-22.65879
-22.65489
-22.65099
-22.64709
-22.64319
-22.63929
-22.63538
-22.63148
-22.62758
-22.62368
-22.61977
-22.61587
-22.61196
-22.60806
-22.60415
-22.60025
-22.59634
-22.59243
-22.58852
-22.58461
-22.58071
-22.57680
-22.57289
-22.56898
-22.56506
-22.56115
-22.55724
-22.55333
-22.54942
-22.54550
-22.54159
-22.53767
-22.53376
-22.52984
-22.52593
-22.52201
-22.51809
-22.51417
-22.51026
-22.50634
-22.50242
-22.49850
-22.49458
-22.49066
-22.48673
-22.48281
-22.47889
-22.47497
-22.47104
-22.46712
-22.46319
-22.45927
-22.45534
-22.45142
-22.44749
-22.44356
-22.43963
-22.43571
-22.43178
-22.42785
-22.42392
-22.41999
-22.41606
-22.41213
-22.40819
-22.40426
-22.40033
-22.39639
-22.39246
-22.38852
-22.38459
-22.38065
-22.37672
-22.37278
-22.36884
-22.36491
-22.36097
-22.35703
-22.35309
-22.34915
-22.34521
-22.34127
-22.33733
-22.33338
-22.32944
-22.32550
-22.32155
-22.31761
-22.31366
-22.30972
-22.30577
-22.30183
-22.29788
-22.29393
-22.28998
-22.28604
-22.28209
-22.27814
-22.27419
-22.27024
-22.26629
-22.26233
-22.25838
-22.25443
-22.25048
-22.24652
-22.24257
-22.23861
-22.23466
-22.23070
-22.22674
-22.22279
-22.21883
-22.21487
-22.21091
-22.20695
-22.20299
-22.19903
-22.19507
-22.19111
-22.18715
-22.18319
-22.17922
-22.17526
-22.17130
-22.16733
-22.16337
-22.15940
-22.15543
-22.15147
-22.14750
-22.14353
-22.13956
-22.13560
-22.13163
-22.12766
-22.12369
-22.11971
-22.11574
-22.11177
-22.10780
-22.10383
-22.09985
-22.09588
-22.09190
-22.08793
-22.08395
-22.07997
-22.07600
-22.07202
-22.06804
-22.06406
-22.06008
-22.05611
-22.05212
-22.04814
-22.04416
-22.04018
-22.03620
-22.03222
-22.02823
-22.02425
-22.02026
-22.01628
-22.01229
-22.00831
-22.00432
-22.00033
-21.99634
-21.99236
-21.98837
-21.98438
-21.98039
-21.97640
-21.97241
-21.96842
-21.96442
-21.96043
-21.95644
-21.95244
-21.94845
-21.94445
-21.94046
-21.93646
-21.93247
-21.92847
-21.92447
-21.92047
-21.91647
-21.91248
-21.90848
-21.90448
-21.90047
-21.89647
-21.89247
-21.88847
-21.88447
-21.88046
-21.87646
-21.87245
-21.86845
-21.86444
-21.86044
-21.85643
-21.85242
-21.84841
-21.84440
-21.84040
-21.83639
-21.83238
-21.82836
-21.82435
-21.82034
-21.81633
-21.81232
-21.80830
-21.80429
-21.80027
-21.79626
-21.79224
-21.78823
-21.78421
-21.78019
-21.77617
-21.77216
-21.76814
-21.76412
-21.76010
-21.75608
-21.75206
-21.74803
-21.74401
-21.73999
-21.73596
-21.73194
-21.72792
-21.72389
-21.71987
-21.71584
-21.71181
-21.70779
-21.70376
-21.69973
-21.69570
-21.69167
-21.68764
-21.68361
-21.67958
-21.67555
-21.67151
-21.66748
-21.66345
-21.65941
-21.65538
-21.65134
-21.64731
-21.64327
-21.63924
-21.63520
-21.63116
-21.62712
-21.62308
-21.61904
-21.61500
-21.61096
-21.60692
-21.60288
-21.59884
-21.59479
-21.59075
-21.58671
-21.58266
-21.57862
-21.57457
-21.57053
-21.56648
-21.56243
-21.55838
-21.55434
-21.55029
-21.54624
-21.54219
-21.53814
-21.53408
-21.53003
-21.52598
-21.52193
-21.51787
-21.51382
-21.50976
-21.50571
-21.50165
-21.49760
-21.49354
-21.48948
-21.48542
-21.48137
-21.47731
-21.47325
-21.46919
-21.46513
-21.46107
-21.45700
-21.45294
-21.44888
-21.44481
-21.44075
-21.43668
-21.43262
-21.42855
-21.42449
-21.42042
-21.41635
-21.41228
-21.40822
-21.40415
-21.40008
-21.39601
-21.39193
-21.38786
-21.38379
-21.37972
-21.37565
-21.37157
-21.36750
-21.36342
-21.35935
-21.35527
-21.35119
-21.34712
-21.34304
-21.33896
-21.33488
-21.33080
-21.32672
-21.32264
-21.31856
-21.31448
-21.31040
-21.30631
-21.30223
-21.29815
-21.29406
-21.28998
-21.28589
-21.28180
-21.27772
-21.27363
-21.26954
-21.26545
-21.26136
-21.25727
-21.25318
-21.24909
-21.24500
-21.24091
-21.23682
-21.23272
-21.22863
-21.22453
-21.22044
-21.21634
-21.21225
-21.20815
-21.20405
-21.19996
-21.19586
-21.19176
-21.18766
-21.18356
-21.17946
-21.17536
-21.17126
-21.16715
-21.16305
-21.15895
-21.15484
-21.15074
-21.14663
-21.14253
-21.13842
-21.13431
-21.13021
-21.12610
-21.12199
-21.11788
-21.11377
-21.10966
-21.10555
-21.10144
-21.09733
-21.09321
-21.08910
-21.08499
-21.08087
-21.07676
-21.07264
-21.06852
-21.06441
-21.06029
-21.05617
-21.05205
-21.04793
-21.04381
-21.03969
-21.03557
-21.03145
-21.02733
-21.02321
-21.01908
-21.01496
-21.01084
-21.00671
-21.00259
-20.99846
-20.99433
-20.99021
-20.98608
-20.98195
-20.97782
-20.97369
-20.96956
-20.96543
-20.96130
-20.95717
-20.95303
-20.94890
-20.94477
-20.94063
-20.93650
-20.93236
-20.92823
-20.92409
-20.91995
-20.91582
-20.91168
-20.90754
-20.90340
-20.89926
-20.89512
-20.89098
-20.88684
-20.88269
-20.87855
-20.87441
-20.87026
-20.86612
-20.86197
-20.85783
-20.85368
-20.84953
-20.84539
-20.84124
-20.83709
-20.83294
-20.82879
-20.82464
-20.82049
-20.81634
-20.81218
-20.80803
-20.80388
-20.79972
-20.79557
-20.79141
-20.78726
-20.78310
-20.77894
-20.77479
-20.77063
-20.76647
-20.76231
-20.75815
-20.75399
-20.74983
-20.74566
-20.74150
-20.73734
-20.73318
-20.72901
-20.72485
-20.72068
-20.71652
-20.71235
-20.70818
-20.70401
-20.69985
-20.69568
-20.69151
-20.68734
-20.68317
-20.67900
-20.67482
-20.67065
-20.66648
-20.66230
-20.65813
-20.65395
-20.64978
-20.64560
-20.64143
-20.63725
-20.63307
-20.62889
-20.62471
-20.62053
-20.61635
-20.61217
-20.60799
-20.60381
-20.59963
-20.59544
-20.59126
-20.58708
-20.58289
-20.57871
-20.57452
-20.57033
-20.56614
-20.56196
-20.55777
-20.55358
-20.54939
-20.54520
-20.54101
-20.53682
-20.53262
-20.52843
-20.52424
-20.52004
-20.51585
-20.51165
-20.50746
-20.50326
-20.49907
-20.49487
-20.49067
-20.48647
-20.48227
-20.47807
-20.47387
-20.46967
-20.46547
-20.46127
-20.45706
-20.45286
-20.44865
-20.44445
-20.44024
-20.43604
-20.43183
-20.42762
-20.42342
-20.41921
-20.41500
-20.41079
-20.40658
-20.40237
-20.39816
-20.39394
-20.38973
-20.38552
-20.38130
-20.37709
-20.37288
-20.36866
-20.36444
-20.36023
-20.35601
-20.35179
-20.34757
-20.34335
-20.33913
-20.33491
-20.33069
-20.32647
-20.32225
-20.31802
-20.31380
-20.30958
-20.30535
-20.30113
-20.29690
-20.29267
-20.28845
-20.28422
-20.27999
-20.27576
-20.27153
-20.26730
-20.26307
-20.25884
-20.25461
-20.25037
-20.24614
-20.24191
-20.23767
-20.23344
-20.22920
-20.22496
-20.22073
-20.21649
-20.21225
-20.20801
-20.20377
-20.19953
-20.19529
-20.19105
-20.18681
-20.18257
-20.17832
-20.17408
-20.16983
-20.16559
-20.16134
-20.15710
-20.15285
-20.14860
-20.14436
-20.14011
-20.13586
-20.13161
-20.12736
-20.12311
-20.11885
-20.11460
-20.11035
-20.10609
-20.10184
-20.09759
-20.09333
-20.08907
-20.08482
-20.08056
-20.07630
-20.07204
-20.06778
-20.06352
-20.05926
-20.05500
-20.05074
-20.04648
-20.04222
-20.03795
-20.03369
-20.02942
-20.02516
-20.02089
-20.01663
-20.01236
-20.00809
-20.00382
-19.99955
-19.99528
-19.99101
-19.98674
-19.98247
-19.97820
-19.97393
-19.96965
-19.96538
-19.96110
-19.95683
-19.95255
-19.94828
-19.94400
-19.93972
-19.93544
-19.93116
-19.92688
-19.92260
-19.91832
-19.91404
-19.90976
-19.90548
-19.90119
-19.89691
-19.89262
-19.88834
-19.88405
-19.87977
-19.87548
-19.87119
-19.86690
-19.86261
-19.85832
-19.85403
-19.84974
-19.84545
-19.84116
-19.83686
-19.83257
-19.82828
-19.82398
-19.81969
-19.81539
-19.81109
-19.80680
-19.80250
-19.79820
-19.79390
-19.78960
-19.78530
-19.78100
-19.77670
-19.77240
-19.76809
-19.76379
-19.75949
-19.75518
-19.75088
-19.74657
-19.74226
-19.73796
-19.73365
-19.72934
-19.72503
-19.72072
-19.71641
-19.71210
-19.70779
-19.70347
-19.69916
-19.69485
-19.69053
-19.68622
-19.68190
-19.67759
-19.67327
-19.66895
-19.66463
-19.66031
-19.65599
-19.65167
-19.64735
-19.64303
-19.63871
-19.63439
-19.63006
-19.62574
-19.62142
-19.61709
-19.61277
-19.60844
-19.60411
-19.59978
-19.59546
-19.59113
-19.58680
-19.58247
-19.57814
-19.57380
-19.56947
-19.56514
-19.56081
-19.55647
-19.55214
-19.54780
-19.54347
-19.53913
-19.53479
-19.53045
-19.52612
-19.52178
-19.51744
-19.51310
-19.50876
-19.50441
-19.50007
-19.49573
-19.49138
-19.48704
-19.48269
-19.47835
-19.47400
-19.46966
-19.46531
-19.46096
-19.45661
-19.45226
-19.44791
-19.44356
-19.43921
-19.43486
-19.43050
-19.42615
-19.42180
-19.41744
-19.41309
-19.40873
-19.40437
-19.40002
-19.39566
-19.39130
-19.38694
-19.38258
-19.37822
-19.37386
-19.36950
-19.36514
-19.36077
-19.35641
-19.35204
-19.34768
-19.34331
-19.33895
-19.33458
-19.33021
-19.32584
-19.32148
-19.31711
-19.31274
-19.30836
-19.30399
-19.29962
-19.29525
-19.29087
-19.28650
-19.28213
-19.27775
-19.27337
-19.26900
-19.26462
-19.26024
-19.25586
-19.25148
-19.24710
-19.24272
-19.23834
-19.23396
-19.22958
-19.22519
-19.22081
-19.21643
-19.21204
-19.20765
-19.20327
-19.19888
-19.19449
-19.19010
-19.18571
-19.18132
-19.17693
-19.17254
-19.16815
-19.16376
-19.15937
-19.15497
-19.15058
-19.14618
-19.14179
-19.13739
-19.13299
-19.12860
-19.12420
-19.11980
-19.11540
-19.11100
-19.10660
-19.10219
-19.09779
-19.09339
-19.08899
-19.08458
-19.08018
-19.07577
-19.07136
-19.06696
-19.06255
-19.05814
-19.05373
-19.04932
-19.04491
-19.04050
-19.03609
-19.03168
-19.02726
-19.02285
-19.01844
-19.01402
-19.00961
-19.00519
-19.00077
-18.99636
-18.99194
-18.98752
-18.98310
-18.97868
-18.97426
-18.96984
-18.96541
-18.96099
-18.95657
-18.95214
-18.94772
-18.94329
-18.93887
-18.93444
-18.93001
-18.92558
-18.92115
-18.91672
-18.91229
-18.90786
-18.90343
-18.89900
-18.89457
-18.89013
-18.88570
-18.88126
-18.87683
-18.87239
-18.86795
-18.86352
-18.85908
-18.85464
-18.85020
-18.84576
-18.84132
-18.83688
-18.83243
-18.82799
-18.82355
-18.81910
-18.81466
-18.81021
-18.80577
-18.80132
-18.79687
-18.79242
-18.78797
-18.78352
-18.77907
-18.77462
-18.77017
-18.76572
-18.76127
-18.75681
-18.75236
-18.74790
-18.74345
-18.73899
-18.73453
-18.73007
-18.72562
-18.72116
-18.71670
-18.71224
-18.70778
-18.70331
-18.69885
-18.69439
-18.68992
-18.68546
-18.68099
-18.67653
-18.67206
-18.66759
-18.66313
-18.65866
-18.65419
-18.64972
-18.64525
-18.64078
-18.63630
-18.63183
-18.62736
-18.62288
-18.61841
-18.61393
-18.60946
-18.60498
-18.60050
-18.59602
-18.59154
-18.58706
-18.58258
-18.57810
-18.57362
-18.56914
-18.56466
-18.56017
-18.55569
-18.55120
-18.54672
-18.54223
-18.53774
-18.53326
-18.52877
-18.52428
-18.51979
-18.51530
-18.51081
-18.50631
-18.50182
-18.49733
-18.49283
-18.48834
-18.48384
-18.47935
-18.47485
-18.47035
-18.46586
-18.46136
-18.45686
-18.45236
-18.44786
-18.44335
-18.43885
-18.43435
-18.42985
-18.42534
-18.42084
-18.41633
-18.41182
-18.40732
-18.40281
-18.39830
-18.39379
-18.38928
-18.38477
-18.38026
-18.37575
-18.37124
-18.36672
-18.36221
-18.35769
-18.35318
-18.34866
-18.34414
-18.33963
-18.33511
-18.33059
-18.32607
-18.32155
-18.31703
-18.31251
-18.30798
-18.30346
-18.29894
-18.29441
-18.28989
-18.28536
-18.28084
-18.27631
-18.27178
-18.26725
-18.26272
-18.25819
-18.25366
-18.24913
-18.24460
-18.24007
-18.23553
-18.23100
-18.22646
-18.22193
-18.21739
-18.21285
-18.20832
-18.20378
-18.19924
-18.19470
-18.19016
-18.18562
-18.18107
-18.17653
-18.17199
-18.16744
-18.16290
-18.15835
-18.15381
-18.14926
-18.14471
-18.14017
-18.13562
-18.13107
-18.12652
-18.12196
-18.11741
-18.11286
-18.10831
-18.10375
-18.09920
-18.09464
-18.09009
-18.08553
-18.08097
-18.07641
-18.07186
-18.06730
-18.06274
-18.05818
-18.05361
-18.04905
-18.04449
-18.03992
-18.03536
-18.03079
-18.02623
-18.02166
-18.01709
-18.01253
-18.00796
-18.00339
-17.99882
-17.99425
-17.98967
-17.98510
-17.98053
-17.97596
-17.97138
-17.96681
-17.96223
-17.95765
-17.95308
-17.94850
-17.94392
-17.93934
-17.93476
-17.93018
-17.92560
-17.92101
-17.91643
-17.91185
-17.90726
-17.90268
-17.89809
-17.89351
-17.88892
-17.88433
-17.87974
-17.87515
-17.87056
-17.86597
-17.86138
-17.85679
-17.85219
-17.84760
-17.84301
-17.83841
-17.83381
-17.82922
-17.82462
-17.82002
-17.81542
-17.81082
-17.80622
-17.80162
-17.79702
-17.79242
-17.78781
-17.78321
-17.77861
-17.77400
-17.76939
-17.76479
-17.76018
-17.75557
-17.75096
-17.74635
-17.74174
-17.73713
-17.73252
-17.72791
-17.72329
-17.71868
-17.71407
-17.70945
-17.70483
-17.70022
-17.69560
-17.69098
-17.68636
-17.68174
-17.67712
-17.67250
-17.66788
-17.66326
-17.65863
-17.65401
-17.64938
-17.64476
-17.64013
-17.63550
-17.63088
-17.62625
-17.62162
-17.61699
-17.61236
-17.60773
-17.60309
-17.59846
-17.59383
-17.58919
-17.58456
-17.57992
-17.57529
-17.57065
-17.56601
-17.56137
-17.55673
-17.55209
-17.54745
-17.54281
-17.53817
-17.53352
-17.52888
-17.52424
-17.51959
-17.51494
-17.51030
-17.50565
-17.50100
-17.49635
-17.49170
-17.48705
-17.48240
-17.47775
-17.47310
-17.46844
-17.46379
-17.45913
-17.45448
-17.44982
-17.44516
-17.44051
-17.43585
-17.43119
-17.42653
-17.42187
-17.41721
-17.41254
-17.40788
-17.40322
-17.39855
-17.39389
-17.38922
-17.38455
-17.37989
-17.37522
-17.37055
-17.36588
-17.36121
-17.35654
-17.35187
-17.34719
-17.34252
-17.33785
-17.33317
-17.32850
-17.32382
-17.31914
-17.31446
-17.30979
-17.30511
-17.30043
-17.29574
-17.29106
-17.28638
-17.28170
-17.27701
-17.27233
-17.26764
-17.26296
-17.25827
-17.25358
-17.24890
-17.24421
-17.23952
-17.23483
-17.23013
-17.22544
-17.22075
-17.21606
-17.21136
-17.20667
-17.20197
-17.19727
-17.19258
-17.18788
-17.18318
-17.17848
-17.17378
-17.16908
-17.16438
-17.15967
-17.15497
-17.15027
-17.14556
-17.14086
-17.13615
-17.13144
-17.12674
-17.12203
-17.11732
-17.11261
-17.10790
-17.10319
-17.09847
-17.09376
-17.08905
-17.08433
-17.07962
-17.07490
-17.07018
-17.06546
-17.06075
-17.05603
-17.05131
-17.04659
-17.04187
-17.03714
-17.03242
-17.02770
-17.02297
-17.01825
-17.01352
-17.00879
-17.00407
-16.99934
-16.99461
-16.98988
-16.98515
-16.98042
-16.97569
-16.97095
-16.96622
-16.96148
-16.95675
-16.95201
-16.94728
-16.94254
-16.93780
-16.93306
-16.92832
-16.92358
-16.91884
-16.91410
-16.90936
-16.90461
-16.89987
-16.89512
-16.89038
-16.88563
-16.88088
-16.87614
-16.87139
-16.86664
-16.86189
-16.85714
-16.85238
-16.84763
-16.84288
-16.83812
-16.83337
-16.82861
-16.82386
-16.81910
-16.81434
-16.80958
-16.80482
-16.80006
-16.79530
-16.79054
-16.78578
-16.78101
-16.77625
-16.77148
-16.76672
-16.76195
-16.75718
-16.75241
-16.74765
-16.74288
-16.73811
-16.73333
-16.72856
-16.72379
-16.71902
-16.71424
-16.70947
-16.70469
-16.69991
-16.69514
-16.69036
-16.68558
-16.68080
-16.67602
-16.67124
-16.66646
-16.66167
-16.65689
-16.65210
-16.64732
-16.64253
-16.63775
-16.63296
-16.62817
-16.62338
-16.61859
-16.61380
-16.60901
-16.60422
-16.59942
-16.59463
-16.58984
-16.58504
-16.58024
-16.57545
-16.57065
-16.56585
-16.56105
-16.55625
-16.55145
-16.54665
-16.54185
-16.53704
-16.53224
-16.52744
-16.52263
-16.51782
-16.51302
-16.50821
-16.50340
-16.49859
-16.49378
-16.48897
-16.48416
-16.47935
-16.47453
-16.46972
-16.46490
-16.46009
-16.45527
-16.45045
-16.44564
-16.44082
-16.43600
-16.43118
-16.42636
-16.42153
-16.41671
-16.41189
-16.40706
-16.40224
-16.39741
-16.39258
-16.38776
-16.38293
-16.37810
-16.37327
-16.36844
-16.36361
-16.35877
-16.35394
-16.34911
-16.34427
-16.33944
-16.33460
-16.32976
-16.32493
-16.32009
-16.31525
-16.31041
-16.30557
-16.30072
-16.29588
-16.29104
-16.28619
-16.28135
-16.27650
-16.27166
-16.26681
-16.26196
-16.25711
-16.25226
-16.24741
-16.24256
-16.23771
-16.23285
-16.22800
-16.22315
-16.21829
-16.21343
-16.20858
-16.20372
-16.19886
-16.19400
-16.18914
-16.18428
-16.17942
-16.17456
-16.16969
-16.16483
-16.15996
-16.15510
-16.15023
-16.14536
-16.14049
-16.13562
-16.13075
-16.12588
-16.12101
-16.11614
-16.11127
-16.10639
-16.10152
-16.09664
-16.09177
-16.08689
-16.08201
-16.07713
-16.07225
-16.06737
-16.06249
-16.05761
-16.05273
-16.04784
-16.04296
-16.03807
-16.03319
-16.02830
-16.02341
-16.01852
-16.01363
-16.00874
-16.00385
-15.99896
-15.99407
-15.98918
-15.98428
-15.97939
-15.97449
-15.96959
-15.96470
-15.95980
-15.95490
-15.95000
-15.94510
-15.94020
-15.93529
-15.93039
-15.92549
-15.92058
-15.91568
-15.91077
-15.90586
-15.90096
-15.89605
-15.89114
-15.88623
-15.88131
-15.87640
-15.87149
-15.86658
-15.86166
-15.85675
-15.85183
-15.84691
-15.84199
-15.83708
-15.83216
-15.82724
-15.82231
-15.81739
-15.81247
-15.80755
-15.80262
-15.79770
-15.79277
-15.78784
-15.78292
-15.77799
-15.77306
-15.76813
-15.76320
-15.75826
-15.75333
-15.74840
-15.74346
-15.73853
-15.73359
-15.72866
-15.72372
-15.71878
-15.71384
-15.70890
-15.70396
-15.69902
-15.69407
-15.68913
-15.68419
-15.67924
-15.67429
-15.66935
-15.66440
-15.65945
-15.65450
-15.64955
-15.64460
-15.63965
-15.63470
-15.62974
-15.62479
-15.61983
-15.61488
-15.60992
-15.60496
-15.60001
-15.59505
-15.59009
-15.58512
-15.58016
-15.57520
-15.57024
-15.56527
-15.56031
-15.55534
-15.55037
-15.54541
-15.54044
-15.53547
-15.53050
-15.52553
-15.52056
-15.51558
-15.51061
-15.50563
-15.50066
-15.49568
-15.49071
-15.48573
-15.48075
-15.47577
-15.47079
-15.46581
-15.46083
-15.45584
-15.45086
-15.44588
-15.44089
-15.43590
-15.43092
-15.42593
-15.42094
-15.41595
-15.41096
-15.40597
-15.40098
-15.39599
-15.39099
-15.38600
-15.38100
-15.37600
-15.37101
-15.36601
-15.36101
-15.35601
-15.35101
-15.34601
-15.34101
-15.33600
-15.33100
-15.32599
-15.32099
-15.31598
-15.31098
-15.30597
-15.30096
-15.29595
-15.29094
-15.28593
-15.28091
-15.27590
-15.27089
-15.26587
-15.26085
-15.25584
-15.25082
-15.24580
-15.24078
-15.23576
-15.23074
-15.22572
-15.22070
-15.21567
-15.21065
-15.20562
-15.20060
-15.19557
-15.19054
-15.18551
-15.18048
-15.17545
-15.17042
-15.16539
-15.16036
-15.15532
-15.15029
-15.14525
-15.14022
-15.13518
-15.13014
-15.12510
-15.12006
-15.11502
-15.10998
-15.10494
-15.09989
-15.09485
-15.08980
-15.08476
-15.07971
-15.07466
-15.06962
-15.06457
-15.05952
-15.05446
-15.04941
-15.04436
-15.03931
-15.03425
-15.02920
-15.02414
-15.01908
-15.01402
-15.00897
-15.00391
-14.99884
-14.99378
-14.98872
-14.98366
-14.97859
-14.97353
-14.96846
-14.96340
-14.95833
-14.95326
-14.94819
-14.94312
-14.93805
-14.93298
-14.92790
-14.92283
-14.91776
-14.91268
-14.90760
-14.90253
-14.89745
-14.89237
-14.88729
-14.88221
-14.87713
-14.87204
-14.86696
-14.86188
-14.85679
-14.85171
-14.84662
-14.84153
-14.83644
-14.83135
-14.82626
-14.82117
-14.81608
-14.81099
-14.80589
-14.80080
-14.79570
-14.79060
-14.78551
-14.78041
-14.77531
-14.77021
-14.76511
-14.76001
-14.75490
-14.74980
-14.74470
-14.73959
-14.73448
-14.72938
-14.72427
-14.71916
-14.71405
-14.70894
-14.70383
-14.69872
-14.69360
-14.68849
-14.68337
-14.67826
-14.67314
-14.66802
-14.66290
-14.65778
-14.65266
-14.64754
-14.64242
-14.63730
-14.63217
-14.62705
-14.62192
-14.61679
-14.61167
-14.60654
-14.60141
-14.59628
-14.59115
-14.58602
-14.58088
-14.57575
-14.57061
-14.56548
-14.56034
-14.55520
-14.55007
-14.54493
-14.53979
-14.53465
-14.52950
-14.52436
-14.51922
-14.51407
-14.50893
-14.50378
-14.49863
-14.49349
-14.48834
-14.48319
-14.47804
-14.47288
-14.46773
-14.46258
-14.45742
-14.45227
-14.44711
-14.44195
-14.43680
-14.43164
-14.42648
-14.42132
-14.41616
-14.41099
-14.40583
-14.40066
-14.39550
-14.39033
-14.38517
-14.38000
-14.37483
-14.36966
-14.36449
-14.35932
-14.35414
-14.34897
-14.34380
-14.33862
-14.33344
-14.32827
-14.32309
-14.31791
-14.31273
-14.30755
-14.30237
-14.29719
-14.29200
-14.28682
-14.28163
-14.27645
-14.27126
-14.26607
-14.26088
-14.25569
-14.25050
-14.24531
-14.24012
-14.23492
-14.22973
-14.22453
-14.21934
-14.21414
-14.20894
-14.20374
-14.19854
-14.19334
-14.18814
-14.18294
-14.17773
-14.17253
-14.16732
-14.16212
-14.15691
-14.15170
-14.14649
-14.14128
-14.13607
-14.13086
-14.12565
-14.12043
-14.11522
-14.11000
-14.10479
-14.09957
-14.09435
-14.08913
-14.08391
-14.07869
-14.07347
-14.06825
-14.06302
-14.05780
-14.05257
-14.04735
-14.04212
-14.03689
-14.03166
-14.02643
-14.02120
-14.01597
-14.01073
-14.00550
-14.00026
-13.99503
-13.98979
-13.98455
-13.97932
-13.97408
-13.96883
-13.96359
-13.95835
-13.95311
-13.94786
-13.94262
-13.93737
-13.93212
-13.92688
-13.92163
-13.91638
-13.91113
-13.90588
-13.90062
-13.89537
-13.89011
-13.88486
-13.87960
-13.87435
-13.86909
-13.86383
-13.85857
-13.85331
-13.84804
-13.84278
-13.83752
-13.83225
-13.82699
-13.82172
-13.81645
-13.81118
-13.80591
-13.80064
-13.79537
-13.79010
-13.78483
-13.77955
-13.77428
-13.76900
-13.76372
-13.75845
-13.75317
-13.74789
-13.74261
-13.73732
-13.73204
-13.72676
-13.72147
-13.71619
-13.71090
-13.70561
-13.70032
-13.69503
-13.68974
-13.68445
-13.67916
-13.67387
-13.66857
-13.66328
-13.65798
-13.65269
-13.64739
-13.64209
-13.63679
-13.63149
-13.62619
-13.62088
-13.61558
-13.61027
-13.60497
-13.59966
-13.59436
-13.58905
-13.58374
-13.57843
-13.57312
-13.56780
-13.56249
-13.55718
-13.55186
-13.54654
-13.54123
-13.53591
-13.53059
-13.52527
-13.51995
-13.51463
-13.50931
-13.50398
-13.49866
-13.49333
-13.48800
-13.48268
-13.47735
-13.47202
-13.46669
-13.46136
-13.45602
-13.45069
-13.44536
-13.44002
-13.43468
-13.42935
-13.42401
-13.41867
-13.41333
-13.40799
-13.40265
-13.39730
-13.39196
-13.38661
-13.38127
-13.37592
-13.37057
-13.36523
-13.35988
-13.35452
-13.34917
-13.34382
-13.33847
-13.33311
-13.32776
-13.32240
-13.31704
-13.31168
-13.30632
-13.30096
-13.29560
-13.29024
-13.28488
-13.27951
-13.27415
-13.26878
-13.26341
-13.25804
-13.25267
-13.24730
-13.24193
-13.23656
-13.23119
-13.22581
-13.22044
-13.21506
-13.20969
-13.20431
-13.19893
-13.19355
-13.18817
-13.18279
-13.17740
-13.17202
-13.16663
-13.16125
-13.15586
-13.15047
-13.14508
-13.13969
-13.13430
-13.12891
-13.12352
-13.11812
-13.11273
-13.10733
-13.10194
-13.09654
-13.09114
-13.08574
-13.08034
-13.07494
-13.06954
-13.06413
-13.05873
-13.05332
-13.04792
-13.04251
-13.03710
-13.03169
-13.02628
-13.02087
-13.01545
-13.01004
-13.00463
-12.99921
-12.99379
-12.98838
-12.98296
-12.97754
-12.97212
-12.96670
-12.96127
-12.95585
-12.95043
-12.94500
-12.93957
-12.93415
-12.92872
-12.92329
-12.91786
-12.91243
-12.90699
-12.90156
-12.89613
-12.89069
-12.88525
-12.87982
-12.87438
-12.86894
-12.86350
-12.85806
-12.85261
-12.84717
-12.84173
-12.83628
-12.83083
-12.82539
-12.81994
-12.81449
-12.80904
-12.80359
-12.79813
-12.79268
-12.78723
-12.78177
-12.77631
-12.77086
-12.76540
-12.75994
-12.75448
-12.74902
-12.74355
-12.73809
-12.73262
-12.72716
-12.72169
-12.71622
-12.71076
-12.70529
-12.69982
-12.69434
-12.68887
-12.68340
-12.67792
-12.67245
-12.66697
-12.66149
-12.65601
-12.65053
-12.64505
-12.63957
-12.63409
-12.62860
-12.62312
-12.61763
-12.61215
-12.60666
-12.60117
-12.59568
-12.59019
-12.58470
-12.57920
-12.57371
-12.56821
-12.56272
-12.55722
-12.55172
-12.54622
-12.54072
-12.53522
-12.52972
-12.52421
-12.51871
-12.51321
-12.50770
-12.50219
-12.49668
-12.49117
-12.48566
-12.48015
-12.47464
-12.46912
-12.46361
-12.45809
-12.45258
-12.44706
-12.44154
-12.43602
-12.43050
-12.42498
-12.41946
-12.41393
-12.40841
-12.40288
-12.39735
-12.39183
-12.38630
-12.38077
-12.37524
-12.36970
-12.36417
-12.35864
-12.35310
-12.34756
-12.34203
-12.33649
-12.33095
-12.32541
-12.31987
-12.31432
-12.30878
-12.30324
-12.29769
-12.29214
-12.28660
-12.28105
-12.27550
-12.26995
-12.26439
-12.25884
-12.25329
-12.24773
-12.24218
-12.23662
-12.23106
-12.22550
-12.21994
-12.21438
-12.20882
-12.20325
-12.19769
-12.19212
-12.18656
-12.18099
-12.17542
-12.16985
-12.16428
-12.15871
-12.15314
-12.14756
-12.14199
-12.13641
-12.13083
-12.12526
-12.11968
-12.11410
-12.10852
-12.10293
-12.09735
-12.09177
-12.08618
-12.08059
-12.07501
-12.06942
-12.06383
-12.05824
-12.05264
-12.04705
-12.04146
-12.03586
-12.03027
-12.02467
-12.01907
-12.01347
-12.00787
-12.00227
-11.99667
-11.99106
-11.98546
-11.97985
-11.97425
-11.96864
-11.96303
-11.95742
-11.95181
-11.94620
-11.94058
-11.93497
-11.92936
-11.92374
-11.91812
-11.91250
-11.90688
-11.90126
-11.89564
-11.89002
-11.88440
-11.87877
-11.87314
-11.86752
-11.86189
-11.85626
-11.85063
-11.84500
-11.83937
-11.83373
-11.82810
-11.82246
-11.81683
-11.81119
-11.80555
-11.79991
-11.79427
-11.78863
-11.78298
-11.77734
-11.77169
-11.76605
-11.76040
-11.75475
-11.74910
-11.74345
-11.73780
-11.73215
-11.72649
-11.72084
-11.71518
-11.70953
-11.70387
-11.69821
-11.69255
-11.68689
-11.68122
-11.67556
-11.66990
-11.66423
-11.65856
-11.65289
-11.64723
-11.64156
-11.63588
-11.63021
-11.62454
-11.61886
-11.61319
-11.60751
-11.60183
-11.59616
-11.59048
-11.58479
-11.57911
-11.57343
-11.56774
-11.56206
-11.55637
-11.55069
-11.54500
-11.53931
-11.53362
-11.52792
-11.52223
-11.51654
-11.51084
-11.50515
-11.49945
-11.49375
-11.48805
-11.48235
-11.47665
-11.47094
-11.46524
-11.45953
-11.45383
-11.44812
-11.44241
-11.43670
-11.43099
-11.42528
-11.41957
-11.41385
-11.40814
-11.40242
-11.39671
-11.39099
-11.38527
-11.37955
-11.37383
-11.36810
-11.36238
-11.35665
-11.35093
-11.34520
-11.33947
-11.33374
-11.32801
-11.32228
-11.31655
-11.31081
-11.30508
-11.29934
-11.29361
-11.28787
-11.28213
-11.27639
-11.27065
-11.26490
-11.25916
-11.25341
-11.24767
-11.24192
-11.23617
-11.23042
-11.22467
-11.21892
-11.21317
-11.20741
-11.20166
-11.19590
-11.19014
-11.18439
-11.17863
-11.17287
-11.16710
-11.16134
-11.15558
-11.14981
-11.14405
-11.13828
-11.13251
-11.12674
-11.12097
-11.11520
-11.10942
-11.10365
-11.09787
-11.09210
-11.08632
-11.08054
-11.07476
-11.06898
-11.06320
-11.05742
-11.05163
-11.04585
-11.04006
-11.03427
-11.02848
-11.02269
-11.01690
-11.01111
-11.00532
-10.99952
-10.99373
-10.98793
-10.98213
-10.97633
-10.97053
-10.96473
-10.95893
-10.95312
-10.94732
-10.94151
-10.93571
-10.92990
-10.92409
-10.91828
-10.91247
-10.90665
-10.90084
-10.89503
-10.88921
-10.88339
-10.87757
-10.87175
-10.86593
-10.86011
-10.85429
-10.84846
-10.84264
-10.83681
-10.83098
-10.82516
-10.81933
-10.81349
-10.80766
-10.80183
-10.79599
-10.79016
-10.78432
-10.77848
-10.77264
-10.76680
-10.76096
-10.75512
-10.74928
-10.74343
-10.73759
-10.73174
-10.72589
-10.72004
-10.71419
-10.70834
-10.70249
-10.69663
-10.69078
-10.68492
-10.67906
-10.67320
-10.66734
-10.66148
-10.65562
-10.64976
-10.64389
-10.63803
-10.63216
-10.62629
-10.62042
-10.61455
-10.60868
-10.60281
-10.59693
-10.59106
-10.58518
-10.57930
-10.57343
-10.56755
-10.56167
-10.55578
-10.54990
-10.54402
-10.53813
-10.53224
-10.52636
-10.52047
-10.51458
-10.50869
-10.50279
-10.49690
-10.49100
-10.48511
-10.47921
-10.47331
-10.46741
-10.46151
-10.45561
-10.44971
-10.44380
-10.43790
-10.43199
-10.42608
-10.42017
-10.41426
-10.40835
-10.40244
-10.39652
-10.39061
-10.38469
-10.37878
-10.37286
-10.36694
-10.36102
-10.35510
-10.34917
-10.34325
-10.33732
-10.33140
-10.32547
-10.31954
-10.31361
-10.30768
-10.30174
-10.29581
-10.28987
-10.28394
-10.27800
-10.27206
-10.26612
-10.26018
-10.25424
-10.24830
-10.24235
-10.23641
-10.23046
-10.22451
-10.21856
-10.21261
-10.20666
-10.20070
-10.19475
-10.18880
-10.18284
-10.17688
-10.17092
-10.16496
-10.15900
-10.15304
-10.14707
-10.14111
-10.13514
-10.12918
-10.12321
-10.11724
-10.11127
-10.10529
-10.09932
-10.09335
-10.08737
-10.08139
-10.07541
-10.06944
-10.06345
-10.05747
-10.05149
-10.04551
-10.03952
-10.03353
-10.02755
-10.02156
-10.01557
-10.00957
-10.00358
-9.99759
-9.99159
-9.98560
-9.97960
-9.97360
-9.96760
-9.96160
-9.95560
-9.94959
-9.94359
-9.93758
-9.93157
-9.92557
-9.91956
-9.91354
-9.90753
-9.90152
-9.89550
-9.88949
-9.88347
-9.87745
-9.87143
-9.86541
-9.85939
-9.85337
-9.84734
-9.84132
-9.83529
-9.82926
-9.82323
-9.81720
-9.81117
-9.80514
-9.79910
-9.79307
-9.78703
-9.78099
-9.77495
-9.76891
-9.76287
-9.75683
-9.75078
-9.74474
-9.73869
-9.73265
-9.72660
-9.72055
-9.71449
-9.70844
-9.70239
-9.69633
-9.69028
-9.68422
-9.67816
-9.67210
-9.66604
-9.65998
-9.65391
-9.64785
-9.64178
-9.63571
-9.62964
-9.62357
-9.61750
-9.61143
-9.60536
-9.59928
-9.59320
-9.58713
-9.58105
-9.57497
-9.56889
-9.56280
-9.55672
-9.55063
-9.54455
-9.53846
-9.53237
-9.52628
-9.52019
-9.51410
-9.50800
-9.50191
-9.49581
-9.48972
-9.48362
-9.47752
-9.47141
-9.46531
-9.45921
-9.45310
-9.44700
-9.44089
-9.43478
-9.42867
-9.42256
-9.41645
-9.41033
-9.40422
-9.39810
-9.39198
-9.38586
-9.37974
-9.37362
-9.36750
-9.36138
-9.35525
-9.34912
-9.34300
-9.33687
-9.33074
-9.32460
-9.31847
-9.31234
-9.30620
-9.30007
-9.29393
-9.28779
-9.28165
-9.27551
-9.26936
-9.26322
-9.25707
-9.25093
-9.24478
-9.23863
-9.23248
-9.22633
-9.22017
-9.21402
-9.20786
-9.20170
-9.19555
-9.18939
-9.18323
-9.17706
-9.17090
-9.16474
-9.15857
-9.15240
-9.14623
-9.14006
-9.13389
-9.12772
-9.12155
-9.11537
-9.10919
-9.10302
-9.09684
-9.09066
-9.08448
-9.07829
-9.07211
-9.06592
-9.05974
-9.05355
-9.04736
-9.04117
-9.03498
-9.02878
-9.02259
-9.01639
-9.01020
-9.00400
-8.99780
-8.99160
-8.98540
-8.97919
-8.97299
-8.96678
-8.96057
-8.95437
-8.94816
-8.94194
-8.93573
-8.92952
-8.92330
-8.91709
-8.91087
-8.90465
-8.89843
-8.89221
-8.88598
-8.87976
-8.87353
-8.86731
-8.86108
-8.85485
-8.84862
-8.84239
-8.83615
-8.82992
-8.82368
-8.81744
-8.81121
-8.80497
-8.79872
-8.79248
-8.78624
-8.77999
-8.77375
-8.76750
-8.76125
-8.75500
-8.74875
-8.74249
-8.73624
-8.72998
-8.72373
-8.71747
-8.71121
-8.70495
-8.69868
-8.69242
-8.68616
-8.67989
-8.67362
-8.66735
-8.66108
-8.65481
-8.64854
-8.64226
-8.63599
-8.62971
-8.62343
-8.61715
-8.61087
-8.60459
-8.59830
-8.59202
-8.58573
-8.57945
-8.57316
-8.56687
-8.56057
-8.55428
-8.54799
-8.54169
-8.53539
-8.52910
-8.52280
-8.51650
-8.51019
-8.50389
-8.49758
-8.49128
-8.48497
-8.47866
-8.47235
-8.46604
-8.45973
-8.45341
-8.44710
-8.44078
-8.43446
-8.42814
-8.42182
-8.41550
-8.40917
-8.40285
-8.39652
-8.39019
-8.38386
-8.37753
-8.37120
-8.36487
-8.35853
-8.35220
-8.34586
-8.33952
-8.33318
-8.32684
-8.32050
-8.31415
-8.30781
-8.30146
-8.29511
-8.28876
-8.28241
-8.27606
-8.26971
-8.26335
-8.25700
-8.25064
-8.24428
-8.23792
-8.23156
-8.22519
-8.21883
-8.21246
-8.20610
-8.19973
-8.19336
-8.18699
-8.18061
-8.17424
-8.16786
-8.16149
-8.15511
-8.14873
-8.14235
-8.13596
-8.12958
-8.12320
-8.11681
-8.11042
-8.10403
-8.09764
-8.09125
-8.08486
-8.07846
-8.07207
-8.06567
-8.05927
-8.05287
-8.04647
-8.04006
-8.03366
-8.02725
-8.02085
-8.01444
-8.00803
-8.00162
-7.99520
-7.98879
-7.98238
-7.97596
-7.96954
-7.96312
-7.95670
-7.95028
-7.94385
-7.93743
-7.93100
-7.92457
-7.91814
-7.91171
-7.90528
-7.89885
-7.89241
-7.88598
-7.87954
-7.87310
-7.86666
-7.86022
-7.85377
-7.84733
-7.84088
-7.83444
-7.82799
-7.82154
-7.81509
-7.80863
-7.80218
-7.79572
-7.78926
-7.78281
-7.77635
-7.76988
-7.76342
-7.75696
-7.75049
-7.74402
-7.73756
-7.73109
-7.72461
-7.71814
-7.71167
-7.70519
-7.69871
-7.69224
-7.68576
-7.67927
-7.67279
-7.66631
-7.65982
-7.65334
-7.64685
-7.64036
-7.63387
-7.62737
-7.62088
-7.61438
-7.60789
-7.60139
-7.59489
-7.58839
-7.58189
-7.57538
-7.56888
-7.56237
-7.55586
-7.54935
-7.54284
-7.53633
-7.52981
-7.52330
-7.51678
-7.51026
-7.50374
-7.49722
-7.49070
-7.48418
-7.47765
-7.47112
-7.46460
-7.45807
-7.45153
-7.44500
-7.43847
-7.43193
-7.42540
-7.41886
-7.41232
-7.40578
-7.39923
-7.39269
-7.38614
-7.37960
-7.37305
-7.36650
-7.35995
-7.35339
-7.34684
-7.34028
-7.33373
-7.32717
-7.32061
-7.31405
-7.30748
-7.30092
-7.29435
-7.28779
-7.28122
-7.27465
-7.26808
-7.26150
-7.25493
-7.24835
-7.24177
-7.23520
-7.22862
-7.22203
-7.21545
-7.20887
-7.20228
-7.19569
-7.18910
-7.18251
-7.17592
-7.16933
-7.16273
-7.15614
-7.14954
-7.14294
-7.13634
-7.12973
-7.12313
-7.11653
-7.10992
-7.10331
-7.09670
-7.09009
-7.08348
-7.07686
-7.07025
-7.06363
-7.05701
-7.05039
-7.04377
-7.03715
-7.03052
-7.02390
-7.01727
-7.01064
-7.00401
-6.99738
-6.99075
-6.98411
-6.97748
-6.97084
-6.96420
-6.95756
-6.95092
-6.94427
-6.93763
-6.93098
-6.92433
-6.91768
-6.91103
-6.90438
-6.89772
-6.89107
-6.88441
-6.87775
-6.87109
-6.86443
-6.85777
-6.85110
-6.84444
-6.83777
-6.83110
-6.82443
-6.81776
-6.81109
-6.80441
-6.79773
-6.79106
-6.78438
-6.77770
-6.77101
-6.76433
-6.75764
-6.75096
-6.74427
-6.73758
-6.73089
-6.72419
-6.71750
-6.71080
-6.70411
-6.69741
-6.69071
-6.68400
-6.67730
-6.67060
-6.66389
-6.65718
-6.65047
-6.64376
-6.63705
-6.63033
-6.62362
-6.61690
-6.61018
-6.60346
-6.59674
-6.59002
-6.58329
-6.57657
-6.56984
-6.56311
-6.55638
-6.54964
-6.54291
-6.53618
-6.52944
-6.52270
-6.51596
-6.50922
-6.50247
-6.49573
-6.48898
-6.48224
-6.47549
-6.46874
-6.46198
-6.45523
-6.44847
-6.44172
-6.43496
-6.42820
-6.42144
-6.41467
-6.40791
-6.40114
-6.39438
-6.38761
-6.38084
-6.37406
-6.36729
-6.36051
-6.35374
-6.34696
-6.34018
-6.33340
-6.32661
-6.31983
-6.31304
-6.30626
-6.29947
-6.29268
-6.28588
-6.27909
-6.27229
-6.26550
-6.25870
-6.25190
-6.24510
-6.23829
-6.23149
-6.22468
-6.21787
-6.21106
-6.20425
-6.19744
-6.19063
-6.18381
-6.17699
-6.17017
-6.16335
-6.15653
-6.14971
-6.14288
-6.13606
-6.12923
-6.12240
-6.11557
-6.10873
-6.10190
-6.09506
-6.08822
-6.08139
-6.07454
-6.06770
-6.06086
-6.05401
-6.04717
-6.04032
-6.03347
-6.02661
-6.01976
-6.01291
-6.00605
-5.99919
-5.99233
-5.98547
-5.97861
-5.97174
-5.96488
-5.95801
-5.95114
-5.94427
-5.93740
-5.93052
-5.92365
-5.91677
-5.90989
-5.90301
-5.89613
-5.88924
-5.88236
-5.87547
-5.86858
-5.86169
-5.85480
-5.84791
-5.84101
-5.83412
-5.82722
-5.82032
-5.81342
-5.80652
-5.79961
-5.79271
-5.78580
-5.77889
-5.77198
-5.76507
-5.75815
-5.75124
-5.74432
-5.73740
-5.73048
-5.72356
-5.71663
-5.70971
-5.70278
-5.69585
-5.68892
-5.68199
-5.67506
-5.66812
-5.66119
-5.65425
-5.64731
-5.64037
-5.63342
-5.62648
-5.61953
-5.61258
-5.60563
-5.59868
-5.59173
-5.58478
-5.57782
-5.57086
-5.56390
-5.55694
-5.54998
-5.54302
-5.53605
-5.52908
-5.52211
-5.51514
-5.50817
-5.50120
-5.49422
-5.48724
-5.48026
-5.47328
-5.46630
-5.45932
-5.45233
-5.44535
-5.43836
-5.43137
-5.42437
-5.41738
-5.41039
-5.40339
-5.39639
-5.38939
-5.38239
-5.37538
-5.36838
-5.36137
-5.35436
-5.34735
-5.34034
-5.33333
-5.32631
-5.31930
-5.31228
-5.30526
-5.29824
-5.29121
-5.28419
-5.27716
-5.27013
-5.26310
-5.25607
-5.24904
-5.24200
-5.23497
-5.22793
-5.22089
-5.21385
-5.20680
-5.19976
-5.19271
-5.18566
-5.17861
-5.17156
-5.16451
-5.15745
-5.15040
-5.14334
-5.13628
-5.12922
-5.12215
-5.11509
-5.10802
-5.10095
-5.09388
-5.08681
-5.07974
-5.07266
-5.06559
-5.05851
-5.05143
-5.04435
-5.03726
-5.03018
-5.02309
-5.01600
-5.00891
-5.00182
-4.99473
-4.98763
-4.98053
-4.97343
-4.96633
-4.95923
-4.95213
-4.94502
-4.93792
-4.93081
-4.92370
-4.91658
-4.90947
-4.90235
-4.89524
-4.88812
-4.88100
-4.87387
-4.86675
-4.85962
-4.85250
-4.84537
-4.83824
-4.83110
-4.82397
-4.81683
-4.80970
-4.80256
-4.79541
-4.78827
-4.78113
-4.77398
-4.76683
-4.75968
-4.75253
-4.74538
-4.73822
-4.73107
-4.72391
-4.71675
-4.70958
-4.70242
-4.69526
-4.68809
-4.68092
-4.67375
-4.66658
-4.65940
-4.65223
-4.64505
-4.63787
-4.63069
-4.62351
-4.61632
-4.60914
-4.60195
-4.59476
-4.58757
-4.58038
-4.57318
-4.56598
-4.55879
-4.55159
-4.54438
-4.53718
-4.52998
-4.52277
-4.51556
-4.50835
-4.50114
-4.49392
-4.48671
-4.47949
-4.47227
-4.46505
-4.45783
-4.45060
-4.44338
-4.43615
-4.42892
-4.42169
-4.41445
-4.40722
-4.39998
-4.39274
-4.38550
-4.37826
-4.37102
-4.36377
-4.35652
-4.34928
-4.34203
-4.33477
-4.32752
-4.32026
-4.31300
-4.30574
-4.29848
-4.29122
-4.28395
-4.27669
-4.26942
-4.26215
-4.25488
-4.24760
-4.24033
-4.23305
-4.22577
-4.21849
-4.21121
-4.20392
-4.19664
-4.18935
-4.18206
-4.17477
-4.16747
-4.16018
-4.15288
-4.14558
-4.13828
-4.13098
-4.12368
-4.11637
-4.10906
-4.10175
-4.09444
-4.08713
-4.07981
-4.07250
-4.06518
-4.05786
-4.05054
-4.04321
-4.03589
-4.02856
-4.02123
-4.01390
-4.00657
-3.99923
-3.99189
-3.98456
-3.97722
-3.96987
-3.96253
-3.95518
-3.94784
-3.94049
-3.93314
-3.92578
-3.91843
-3.91107
-3.90371
-3.89635
-3.88899
-3.88163
-3.87426
-3.86690
-3.85953
-3.85216
-3.84478
-3.83741
-3.83003
-3.82265
-3.81527
-3.80789
-3.80051
-3.79312
-3.78574
-3.77835
-3.77095
-3.76356
-3.75617
-3.74877
-3.74137
-3.73397
-3.72657
-3.71917
-3.71176
-3.70435
-3.69694
-3.68953
-3.68212
-3.67470
-3.66729
-3.65987
-3.65245
-3.64502
-3.63760
-3.63017
-3.62275
-3.61532
-3.60789
-3.60045
-3.59302
-3.58558
-3.57814
-3.57070
-3.56326
-3.55581
-3.54837
-3.54092
-3.53347
-3.52601
-3.51856
-3.51111
-3.50365
-3.49619
-3.48873
-3.48126
-3.47380
-3.46633
-3.45886
-3.45139
-3.44392
-3.43644
-3.42897
-3.42149
-3.41401
-3.40653
-3.39904
-3.39156
-3.38407
-3.37658
-3.36909
-3.36160
-3.35410
-3.34660
-3.33911
-3.33160
-3.32410
-3.31660
-3.30909
-3.30158
-3.29407
-3.28656
-3.27905
-3.27153
-3.26401
-3.25649
-3.24897
-3.24145
-3.23392
-3.22639
-3.21887
-3.21133
-3.20380
-3.19627
-3.18873
-3.18119
-3.17365
-3.16611
-3.15856
-3.15102
-3.14347
-3.13592
-3.12837
-3.12081
-3.11326
-3.10570
-3.09814
-3.09058
-3.08301
-3.07545
-3.06788
-3.06031
-3.05274
-3.04517
-3.03759
-3.03002
-3.02244
-3.01486
-3.00727
-2.99969
-2.99210
-2.98451
-2.97692
-2.96933
-2.96174
-2.95414
-2.94654
-2.93894
-2.93134
-2.92373
-2.91613
-2.90852
-2.90091
-2.89330
-2.88568
-2.87807
-2.87045
-2.86283
-2.85521
-2.84759
-2.83996
-2.83233
-2.82470
-2.81707
-2.80944
-2.80181
-2.79417
-2.78653
-2.77889
-2.77124
-2.76360
-2.75595
-2.74830
-2.74065
-2.73300
-2.72535
-2.71769
-2.71003
-2.70237
-2.69471
-2.68704
-2.67938
-2.67171
-2.66404
-2.65636
-2.64869
-2.64101
-2.63333
-2.62565
-2.61797
-2.61029
-2.60260
-2.59491
-2.58722
-2.57953
-2.57184
-2.56414
-2.55644
-2.54874
-2.54104
-2.53333
-2.52563
-2.51792
-2.51021
-2.50250
-2.49478
-2.48707
-2.47935
-2.47163
-2.46391
-2.45618
-2.44846
-2.44073
-2.43300
-2.42527
-2.41753
-2.40980
-2.40206
-2.39432
-2.38658
-2.37883
-2.37109
-2.36334
-2.35559
-2.34784
-2.34008
-2.33232
-2.32457
-2.31681
-2.30904
-2.30128
-2.29351
-2.28574
-2.27797
-2.27020
-2.26243
-2.25465
-2.24687
-2.23909
-2.23131
-2.22353
-2.21574
-2.20795
-2.20016
-2.19237
-2.18457
-2.17678
-2.16898
-2.16118
-2.15337
-2.14557
-2.13776
-2.12995
-2.12214
-2.11433
-2.10651
-2.09870
-2.09088
-2.08306
-2.07523
-2.06741
-2.05958
-2.05175
-2.04392
-2.03608
-2.02825
-2.02041
-2.01257
-2.00473
-1.99689
-1.98904
-1.98119
-1.97334
-1.96549
-1.95764
-1.94978
-1.94192
-1.93406
-1.92620
-1.91833
-1.91047
-1.90260
-1.89473
-1.88685
-1.87898
-1.87110
-1.86322
-1.85534
-1.84746
-1.83957
-1.83169
-1.82380
-1.81591
-1.80801
-1.80012
-1.79222
-1.78432
-1.77642
-1.76851
-1.76061
-1.75270
-1.74479
-1.73688
-1.72896
-1.72104
-1.71313
-1.70521
-1.69728
-1.68936
-1.68143
-1.67350
-1.66557
-1.65764
-1.64970
-1.64176
-1.63382
-1.62588
-1.61794
-1.60999
-1.60204
-1.59409
-1.58614
-1.57819
-1.57023
-1.56227
-1.55431
-1.54635
-1.53838
-1.53041
-1.52244
-1.51447
-1.50650
-1.49852
-1.49054
-1.48256
-1.47458
-1.46660
-1.45861
-1.45062
-1.44263
-1.43464
-1.42664
-1.41865
-1.41065
-1.40265
-1.39464
-1.38664
-1.37863
-1.37062
-1.36261
-1.35459
-1.34658
-1.33856
-1.33054
-1.32251
-1.31449
-1.30646
-1.29843
-1.29040
-1.28237
-1.27433
-1.26629
-1.25825
-1.25021
-1.24217
-1.23412
-1.22607
-1.21802
-1.20997
-1.20191
-1.19385
-1.18579
-1.17773
-1.16967
-1.16160
-1.15353
-1.14546
-1.13739
-1.12931
-1.12124
-1.11316
-1.10508
-1.09699
-1.08891
-1.08082
-1.07273
-1.06464
-1.05654
-1.04844
-1.04035
-1.03224
-1.02414
-1.01604
-1.00793
-0.99982
-0.99171
-0.98359
-0.97547
-0.96736
-0.95923
-0.95111
-0.94299
-0.93486
-0.92673
-0.91860
-0.91046
-0.90233
-0.89419
-0.88605
-0.87790
-0.86976
-0.86161
-0.85346
-0.84531
-0.83715
-0.82900
-0.82084
-0.81268
-0.80451
-0.79635
-0.78818
-0.78001
-0.77184
-0.76366
-0.75549
-0.74731
-0.73913
-0.73095
-0.72276
-0.71457
-0.70638
-0.69819
-0.69000
-0.68180
-0.67360
-0.66540
-0.65719
-0.64899
-0.64078
-0.63257
-0.62436
-0.61614
-0.60793
-0.59971
-0.59149
-0.58326
-0.57504
-0.56681
-0.55858
-0.55034
-0.54211
-0.53387
-0.52563
-0.51739
-0.50915
-0.50090
-0.49265
-0.48440
-0.47615
-0.46789
-0.45963
-0.45137
-0.44311
-0.43485
-0.42658
-0.41831
-0.41004
-0.40176
-0.39349
-0.38521
-0.37693
-0.36865
-0.36036
-0.35207
-0.34378
-0.33549
-0.32720
-0.31890
-0.31060
-0.30230
-0.29400
-0.28569
-0.27738
-0.26907
-0.26076
-0.25244
-0.24412
-0.23580
-0.22748
-0.21916
-0.21083
-0.20250
-0.19417
-0.18584
-0.17750
-0.16916
-0.16082
-0.15248
-0.14413
-0.13579
-0.12744
-0.11908
-0.11073
-0.10237
-0.09401
-0.08565
-0.07729
-0.06892
-0.06055
-0.05218
-0.04381
-0.03543
-0.02705
-0.01867
-0.01029
-0.00190
0.00648
0.01487
0.02327
0.03166
0.04006
0.04846
0.05686
0.06526
0.07367
0.08208
0.09049
0.09890
0.10732
0.11574
0.12416
0.13258
0.14100
0.14943
0.15786
0.16629
0.17473
0.18317
0.19161
0.20005
0.20849
0.21694
0.22539
0.23384
0.24229
0.25075
0.25921
0.26767
0.27613
0.28460
0.29307
0.30154
0.31001
0.31849
0.32696
0.33544
0.34393
0.35241
0.36090
0.36939
0.37788
0.38638
0.39487
0.40337
0.41187
0.42038
0.42888
0.43739
0.44591
0.45442
0.46294
0.47145
0.47998
0.48850
0.49703
0.50555
0.51409
0.52262
0.53115
0.53969
0.54823
0.55678
0.56532
0.57387
0.58242
0.59097
0.59953
0.60809
0.61665
0.62521
0.63377
0.64234
0.65091
0.65948
0.66806
0.67664
0.68522
0.69380
0.70238
0.71097
0.71956
0.72815
0.73675
0.74534
0.75394
0.76255
0.77115
0.77976
0.78837
0.79698
0.80559
0.81421
0.82283
0.83145
0.84008
0.84870
0.85733
0.86596
0.87460
0.88323
0.89187
0.90052
0.90916
0.91781
0.92646
0.93511
0.94376
0.95242
0.96108
0.96974
0.97840
0.98707
0.99574
1.00441
1.01309
1.02176
1.03044
1.03912
1.04781
1.05650
1.06518
1.07388
1.08257
1.09127
1.09997
1.10867
1.11737
1.12608
1.13479
1.14350
1.15222
1.16093
1.16965
1.17838
1.18710
1.19583
1.20456
1.21329
1.22203
1.23076
1.23950
1.24825
1.25699
1.26574
1.27449
1.28324
1.29200
1.30076
1.30952
1.31828
1.32705
1.33581
1.34458
1.35336
1.36213
1.37091
1.37969
1.38848
1.39726
1.40605
1.41484
1.42364
1.43243
1.44123
1.45003
1.45884
1.46765
1.47646
1.48527
1.49408
1.50290
1.51172
1.52054
1.52937
1.53819
1.54702
1.55586
1.56469
1.57353
1.58237
1.59122
1.60006
1.60891
1.61776
1.62661
1.63547
1.64433
1.65319
1.66206
1.67092
1.67979
1.68866
1.69754
1.70642
1.71530
1.72418
1.73306
1.74195
1.75084
1.75973
1.76863
1.77753
1.78643
1.79533
1.80424
1.81315
1.82206
1.83098
1.83989
1.84881
1.85773
1.86666
1.87559
1.88452
1.89345
1.90239
1.91132
1.92026
1.92921
1.93815
1.94710
1.95605
1.96501
1.97397
1.98293
1.99189
2.00085
2.00982
2.01879
2.02776
2.03674
2.04572
2.05470
2.06368
2.07267
2.08166
2.09065
2.09964
2.10864
2.11764
2.12664
2.13565
2.14466
2.15367
2.16268
2.17170
2.18072
2.18974
2.19876
2.20779
2.21682
2.22585
2.23489
2.24392
2.25296
2.26201
2.27105
2.28010
2.28915
2.29821
2.30727
2.31633
2.32539
2.33445
2.34352
2.35259
2.36167
2.37074
2.37982
2.38890
2.39799
