2.79093
2.79087
2.79071
2.79048
2.79019
2.78986
2.78949
2.78909
2.78868
2.78825
2.78780
2.78735
2.78690
2.78643
2.78597
2.78550
2.78503
2.78455
2.78408
2.78360
2.78313
2.78265
2.78217
2.78169
2.78122
2.78074
2.78026
2.77978
2.77930
2.77883
2.77835
2.77787
2.77739
2.77691
2.77643
2.77596
2.77548
2.77500
2.77452
2.77404
2.77356
2.77308
2.77261
2.77213
2.77165
2.77117
2.77069
2.77021
2.76973
2.76925
2.76878
2.76830
2.76782
2.76734
2.76686
2.76638
2.76590
2.76542
2.76494
2.76446
2.76398
2.76350
2.76303
2.76255
2.76207
2.76159
2.76111
2.76063
2.76015
2.75967
2.75919
2.75871
2.75823
2.75775
2.75727
2.75679
2.75631
2.75583
2.75535
2.75487
2.75439
2.75391
2.75343
2.75295
2.75247
2.75199
2.75151
2.75103
2.75055
2.75007
2.74959
2.74911
2.74863
2.74815
2.74767
2.74719
2.74671
2.74623
2.74575
2.74526
2.74478
2.74430
2.74382
2.74334
2.74286
2.74238
2.74190
2.74142
2.74094
2.74046
2.73998
2.73949
2.73901
2.73853
2.73805
2.73757
2.73709
2.73661
2.73613
2.73564
2.73516
2.73468
2.73420
2.73372
2.73324
2.73276
2.73227
2.73179
2.73131
2.73083
2.73035
2.72987
2.72938
2.72890
2.72842
2.72794
2.72746
2.72697
2.72649
2.72601
2.72553
2.72505
2.72456
2.72408
2.72360
2.72312
2.72263
2.72215
2.72167
2.72119
2.72070
2.72022
2.71974
2.71926
2.71877
2.71829
2.71781
2.71733
2.71684
2.71636
2.71588
2.71539
2.71491
2.71443
2.71395
2.71346
2.71298
2.71250
2.71201
2.71153
2.71105
2.71056
2.71008
2.70960
2.70911
2.70863
2.70815
2.70766
2.70718
2.70670
2.70621
2.70573
2.70524
2.70476
2.70428
2.70379
2.70331
2.70283
2.70234
2.70186
2.70137
2.70089
2.70041
2.69992
2.69944
2.69895
2.69847
2.69799
2.69750
2.69702
2.69653
2.69605
2.69556
2.69508
2.69460
2.69411
2.69363
2.69314
2.69266
2.69217
2.69169
2.69120
2.69072
2.69023
2.68975
2.68926
2.68878
2.68829
2.68781
2.68732
2.68684
2.68635
2.68587
2.68538
2.68490
2.68441
2.68393
2.68344
2.68296
2.68247
2.68199
2.68150
2.68102
2.68053
2.68004
2.67956
2.67907
2.67859
2.67810
2.67762
2.67713
2.67664
2.67616
2.67567
2.67519
2.67470
2.67421
2.67373
2.67324
2.67276
2.67227
2.67178
2.67130
2.67081
2.67033
2.66984
2.66935
2.66887
2.66838
2.66789
2.66741
2.66692
2.66643
2.66595
2.66546
2.66497
2.66449
2.66400
2.66351
2.66303
2.66254
2.66205
2.66157
2.66108
2.66059
2.66010
2.65962
2.65913
2.65864
2.65816
2.65767
2.65718
2.65669
2.65621
2.65572
2.65523
2.65474
2.65426
2.65377
2.65328
2.65279
2.65231
2.65182
2.65133
2.65084
2.65036
2.64987
2.64938
2.64889
2.64840
2.64792
2.64743
2.64694
2.64645
2.64596
2.64548
2.64499
2.64450
2.64401
2.64352
2.64303
2.64255
2.64206
2.64157
2.64108
2.64059
2.64010
2.63961
2.63913
2.63864
2.63815
2.63766
2.63717
2.63668
2.63619
2.63570
2.63522
2.63473
2.63424
2.63375
2.63326
2.63277
2.63228
2.63179
2.63130
2.63081
2.63032
2.62983
2.62935
2.62886
2.62837
2.62788
2.62739
2.62690
2.62641
2.62592
2.62543
2.62494
2.62445
2.62396
2.62347
2.62298
2.62249
2.62200
2.62151
2.62102
2.62053
2.62004
2.61955
2.61906
2.61857
2.61808
2.61759
2.61710
2.61661
2.61612
2.61563
2.61514
2.61465
2.61415
2.61366
2.61317
2.61268
2.61219
2.61170
2.61121
2.61072
2.61023
2.60974
2.60925
2.60876
2.60827
2.60777
2.60728
2.60679
2.60630
2.60581
2.60532
2.60483
2.60434
2.60384
2.60335
2.60286
2.60237
2.60188
2.60139
2.60090
2.60040
2.59991
2.59942
2.59893
2.59844
2.59795
2.59745
2.59696
2.59647
2.59598
2.59549
2.59499
2.59450
2.59401
2.59352
2.59303
2.59253
2.59204
2.59155
2.59106
2.59056
2.59007
2.58958
2.58909
2.58859
2.58810
2.58761
2.58712
2.58662
2.58613
2.58564
2.58515
2.58465
2.58416
2.58367
2.58317
2.58268
2.58219
2.58169
2.58120
2.58071
2.58022
2.57972
2.57923
2.57874
2.57824
2.57775
2.57726
2.57676
2.57627
2.57578
2.57528
2.57479
2.57429
2.57380
2.57331
2.57281
2.57232
2.57183
2.57133
2.57084
2.57034
2.56985
2.56936
2.56886
2.56837
2.56787
2.56738
2.56689
2.56639
2.56590
2.56540
2.56491
2.56441
2.56392
2.56343
2.56293
2.56244
2.56194
2.56145
2.56095
2.56046
2.55996
2.55947
2.55897
2.55848
2.55798
2.55749
2.55699
2.55650
2.55600
2.55551
2.55501
2.55452
2.55402
2.55353
2.55303
2.55254
2.55204
2.55155
2.55105
2.55056
2.55006
2.54957
2.54907
2.54857
2.54808
2.54758
2.54709
2.54659
2.54610
2.54560
2.54510
2.54461
2.54411
2.54362
2.54312
2.54262
2.54213
2.54163
2.54114
2.54064
2.54014
2.53965
2.53915
2.53865
2.53816
2.53766
2.53717
2.53667
2.53617
2.53568
2.53518
2.53468
2.53419
2.53369
2.53319
2.53269
2.53220
2.53170
2.53120
2.53071
2.53021
2.52971
2.52922
2.52872
2.52822
2.52772
2.52723
2.52673
2.52623
2.52574
2.52524
2.52474
2.52424
2.52375
2.52325
2.52275
2.52225
2.52176
2.52126
2.52076
2.52026
2.51976
2.51927
2.51877
2.51827
2.51777
2.51727
2.51678
2.51628
2.51578
2.51528
2.51478
2.51429
2.51379
2.51329
2.51279
2.51229
2.51179
2.51130
2.51080
2.51030
2.50980
2.50930
2.50880
2.50830
2.50781
2.50731
2.50681
2.50631
2.50581
2.50531
2.50481
2.50431
2.50381
2.50331
2.50282
2.50232
2.50182
2.50132
2.50082
2.50032
2.49982
2.49932
2.49882
2.49832
2.49782
2.49732
2.49682
2.49632
2.49582
2.49532
2.49482
2.49432
2.49382
2.49332
2.49282
2.49232
2.49182
2.49132
2.49082
2.49032
2.48982
2.48932
2.48882
2.48832
2.48782
2.48732
2.48682
2.48632
2.48582
2.48532
2.48482
2.48432
2.48382
2.48332
2.48282
2.48232
2.48182
2.48132
2.48081
2.48031
2.47981
2.47931
2.47881
2.47831
2.47781
2.47731
2.47681
2.47631
2.47580
2.47530
2.47480
2.47430
2.47380
2.47330
2.47280
2.47229
2.47179
2.47129
2.47079
2.47029
2.46979
2.46928
2.46878
2.46828
2.46778
2.46728
2.46678
2.46627
2.46577
2.46527
2.46477
2.46426
2.46376
2.46326
2.46276
2.46226
2.46175
2.46125
2.46075
2.46025
2.45974
2.45924
2.45874
2.45824
2.45773
2.45723
2.45673
2.45622
2.45572
2.45522
2.45472
2.45421
2.45371
2.45321
2.45270
2.45220
2.45170
2.45120
2.45069
2.45019
2.44969
2.44918
2.44868
2.44818
2.44767
2.44717
2.44666
2.44616
2.44566
2.44515
2.44465
2.44415
2.44364
2.44314
2.44264
2.44213
2.44163
2.44112
2.44062
2.44012
2.43961
2.43911
2.43860
2.43810
2.43760
2.43709
2.43659
2.43608
2.43558
2.43507
2.43457
2.43406
2.43356
2.43305
2.43255
2.43205
2.43154
2.43104
2.43053
2.43003
2.42952
2.42902
2.42851
2.42801
2.42750
2.42700
2.42649
2.42599
2.42548
2.42498
2.42447
2.42397
2.42346
2.42295
2.42245
2.42194
2.42144
2.42093
2.42043
2.41992
2.41942
2.41891
2.41840
2.41790
2.41739
2.41689
2.41638
2.41588
2.41537
2.41486
2.41436
2.41385
2.41335
2.41284
2.41233
2.41183
2.41132
2.41081
2.41031
2.40980
2.40929
2.40879
2.40828
2.40778
2.40727
2.40676
2.40626
2.40575
2.40524
2.40473
2.40423
2.40372
2.40321
2.40271
2.40220
2.40169
2.40119
2.40068
2.40017
2.39966
2.39916
2.39865
2.39814
2.39763
2.39713
2.39662
2.39611
2.39561
2.39510
2.39459
2.39408
2.39357
2.39307
2.39256
2.39205
2.39154
2.39104
2.39053
2.39002
2.38951
2.38900
2.38850
2.38799
2.38748
2.38697
2.38646
2.38595
2.38545
2.38494
2.38443
2.38392
2.38341
2.38290
2.38240
2.38189
2.38138
2.38087
2.38036
2.37985
2.37934
2.37883
2.37833
2.37782
2.37731
2.37680
2.37629
2.37578
2.37527
2.37476
2.37425
2.37374
2.37323
2.37272
2.37222
2.37171
2.37120
2.37069
2.37018
2.36967
2.36916
2.36865
2.36814
2.36763
2.36712
2.36661
2.36610
2.36559
2.36508
2.36457
2.36406
2.36355
2.36304
2.36253
2.36202
2.36151
2.36100
2.36049
2.35998
2.35947
2.35896
2.35845
2.35794
2.35743
2.35691
2.35640
2.35589
2.35538
2.35487
2.35436
2.35385
2.35334
2.35283
2.35232
2.35181
2.35130
2.35078
2.35027
2.34976
2.34925
2.34874
2.34823
2.34772
2.34721
2.34669
2.34618
2.34567
2.34516
2.34465
2.34414
2.34363
2.34311
2.34260
2.34209
2.34158
2.34107
2.34055
2.34004
2.33953
2.33902
2.33851
2.33799
2.33748
2.33697
2.33646
2.33594
2.33543
2.33492
2.33441
2.33390
2.33338
2.33287
2.33236
2.33185
2.33133
2.33082
2.33031
2.32979
2.32928
2.32877
2.32826
2.32774
2.32723
2.32672
2.32620
2.32569
2.32518
2.32466
2.32415
2.32364
2.32312
2.32261
2.32210
2.32158
2.32107
2.32056
2.32004
2.31953
2.31902
2.31850
2.31799
2.31748
2.31696
2.31645
2.31593
2.31542
2.31491
2.31439
2.31388
2.31336
2.31285
2.31234
2.31182
2.31131
2.31079
2.31028
2.30976
2.30925
2.30874
2.30822
2.30771
2.30719
2.30668
2.30616
2.30565
2.30513
2.30462
2.30410
2.30359
2.30307
2.30256
2.30204
2.30153
2.30101
2.30050
2.29998
2.29947
2.29895
2.29844
2.29792
2.29741
2.29689
2.29638
2.29586
2.29535
2.29483
2.29431
2.29380
2.29328
2.29277
2.29225
2.29174
2.29122
2.29070
2.29019
2.28967
2.28916
2.28864
2.28812
2.28761
2.28709
2.28658
2.28606
2.28554
2.28503
2.28451
2.28399
2.28348
2.28296
2.28244
2.28193
2.28141
2.28089
2.28038
2.27986
2.27934
2.27883
2.27831
2.27779
2.27728
2.27676
2.27624
2.27573
2.27521
2.27469
2.27417
2.27366
2.27314
2.27262
2.27210
2.27159
2.27107
2.27055
2.27003
2.26952
2.26900
2.26848
2.26796
2.26745
2.26693
2.26641
2.26589
2.26537
2.26486
2.26434
2.26382
2.26330
2.26278
2.26227
2.26175
2.26123
2.26071
2.26019
2.25967
2.25916
2.25864
2.25812
2.25760
2.25708
2.25656
2.25604
2.25553
2.25501
2.25449
2.25397
2.25345
2.25293
2.25241
2.25189
2.25137
2.25086
2.25034
2.24982
2.24930
2.24878
2.24826
2.24774
2.24722
2.24670
2.24618
2.24566
2.24514
2.24462
2.24410
2.24358
2.24306
2.24254
2.24202
2.24150
2.24098
2.24046
2.23994
2.23942
2.23890
2.23838
2.23786
2.23734
2.23682
2.23630
2.23578
2.23526
2.23474
2.23422
2.23370
2.23318
2.23266
2.23214
2.23162
2.23110
2.23058
2.23006
2.22954
2.22902
2.22849
2.22797
2.22745
2.22693
2.22641
2.22589
2.22537
2.22485
2.22433
2.22380
2.22328
2.22276
2.22224
2.22172
2.22120
2.22068
2.22015
2.21963
2.21911
2.21859
2.21807
2.21755
2.21702
2.21650
2.21598
2.21546
2.21494
2.21441
2.21389
2.21337
2.21285
2.21233
2.21180
2.21128
2.21076
2.21024
2.20971
2.20919
2.20867
2.20815
2.20762
2.20710
2.20658
2.20606
2.20553
2.20501
2.20449
2.20396
2.20344
2.20292
2.20239
2.20187
2.20135
2.20083
2.20030
2.19978
2.19926
2.19873
2.19821
2.19769
2.19716
2.19664
2.19611
2.19559
2.19507
2.19454
2.19402
2.19350
2.19297
2.19245
2.19193
2.19140
2.19088
2.19035
2.18983
2.18930
2.18878
2.18826
2.18773
2.18721
2.18668
2.18616
2.18564
2.18511
2.18459
2.18406
2.18354
2.18301
2.18249
2.18196
2.18144
2.18091
2.18039
2.17986
2.17934
2.17881
2.17829
2.17776
2.17724
2.17671
2.17619
2.17566
2.17514
2.17461
2.17409
2.17356
2.17304
2.17251
2.17199
2.17146
2.17093
2.17041
2.16988
2.16936
2.16883
2.16831
2.16778
2.16725
2.16673
2.16620
2.16568
2.16515
2.16462
2.16410
2.16357
2.16305
2.16252
2.16199
2.16147
2.16094
2.16041
2.15989
2.15936
2.15883
2.15831
2.15778
2.15725
2.15673
2.15620
2.15567
2.15515
2.15462
2.15409
2.15357
2.15304
2.15251
2.15198
2.15146
2.15093
2.15040
2.14988
2.14935
2.14882
2.14829
2.14777
2.14724
2.14671
2.14618
2.14566
2.14513
2.14460
2.14407
2.14354
2.14302
2.14249
2.14196
2.14143
2.14090
2.14038
2.13985
2.13932
2.13879
2.13826
2.13773
2.13721
2.13668
2.13615
2.13562
2.13509
2.13456
2.13404
2.13351
2.13298
2.13245
2.13192
2.13139
2.13086
2.13033
2.12980
2.12928
2.12875
2.12822
2.12769
2.12716
2.12663
2.12610
2.12557
2.12504
2.12451
2.12398
2.12345
2.12292
2.12239
2.12186
2.12134
2.12081
2.12028
2.11975
2.11922
2.11869
2.11816
2.11763
2.11710
2.11657
2.11604
2.11551
2.11498
2.11445
2.11391
2.11338
2.11285
2.11232
2.11179
2.11126
2.11073
2.11020
2.10967
2.10914
2.10861
2.10808
2.10755
2.10702
2.10649
2.10596
2.10542
2.10489
2.10436
2.10383
2.10330
2.10277
2.10224
2.10171
2.10117
2.10064
2.10011
2.09958
2.09905
2.09852
2.09799
2.09745
2.09692
2.09639
2.09586
2.09533
2.09480
2.09426
2.09373
2.09320
2.09267
2.09213
2.09160
2.09107
2.09054
2.09001
2.08947
2.08894
2.08841
2.08788
2.08734
2.08681
2.08628
2.08575
2.08521
2.08468
2.08415
2.08362
2.08308
2.08255
2.08202
2.08148
2.08095
2.08042
2.07988
2.07935
2.07882
2.07829
2.07775
2.07722
2.07669
2.07615
2.07562
2.07508
2.07455
2.07402
2.07348
2.07295
2.07242
2.07188
2.07135
2.07082
2.07028
2.06975
2.06921
2.06868
2.06815
2.06761
2.06708
2.06654
2.06601
2.06547
2.06494
2.06441
2.06387
2.06334
2.06280
2.06227
2.06173
2.06120
2.06066
2.06013
2.05959
2.05906
2.05852
2.05799
2.05745
2.05692
2.05638
2.05585
2.05531
2.05478
2.05424
2.05371
2.05317
2.05264
2.05210
2.05157
2.05103
2.05050
2.04996
2.04942
2.04889
2.04835
2.04782
2.04728
2.04675
2.04621
2.04567
2.04514
2.04460
2.04407
2.04353
2.04299
2.04246
2.04192
2.04138
2.04085
2.04031
2.03978
2.03924
2.03870
2.03817
2.03763
2.03709
2.03656
2.03602
2.03548
2.03495
2.03441
2.03387
2.03333
2.03280
2.03226
2.03172
2.03119
2.03065
2.03011
2.02957
2.02904
2.02850
2.02796
2.02742
2.02689
2.02635
2.02581
2.02527
2.02474
2.02420
2.02366
2.02312
2.02259
2.02205
2.02151
2.02097
2.02043
2.01989
2.01936
2.01882
2.01828
2.01774
2.01720
2.01667
2.01613
2.01559
2.01505
2.01451
2.01397
2.01343
2.01290
2.01236
2.01182
2.01128
2.01074
2.01020
2.00966
2.00912
2.00858
2.00805
2.00751
2.00697
2.00643
2.00589
2.00535
2.00481
2.00427
2.00373
2.00319
2.00265
2.00211
2.00157
2.00103
2.00049
1.99995
1.99941
1.99887
1.99833
1.99779
1.99725
1.99671
1.99617
1.99563
1.99509
1.99455
1.99401
1.99347
1.99293
1.99239
1.99185
1.99131
1.99077
1.99023
1.98969
1.98915
1.98861
1.98807
1.98753
1.98698
1.98644
1.98590
1.98536
1.98482
1.98428
1.98374
1.98320
1.98266
1.98211
1.98157
1.98103
1.98049
1.97995
1.97941
1.97887
1.97832
1.97778
1.97724
1.97670
1.97616
1.97562
1.97507
1.97453
1.97399
1.97345
1.97291
1.97236
1.97182
1.97128
1.97074
1.97019
1.96965
1.96911
1.96857
1.96803
1.96748
1.96694
1.96640
1.96585
1.96531
1.96477
1.96423
1.96368
1.96314
1.96260
1.96206
1.96151
1.96097
1.96043
1.95988
1.95934
1.95880
1.95825
1.95771
1.95717
1.95662
1.95608
1.95554
1.95499
1.95445
1.95390
1.95336
1.95282
1.95227
1.95173
1.95119
1.95064
1.95010
1.94955
1.94901
1.94847
1.94792
1.94738
1.94683
1.94629
1.94574
1.94520
1.94466
1.94411
1.94357
1.94302
1.94248
1.94193
1.94139
1.94084
1.94030
1.93975
1.93921
1.93866
1.93812
1.93757
1.93703
1.93648
1.93594
1.93539
1.93485
1.93430
1.93376
1.93321
1.93267
1.93212
1.93157
1.93103
1.93048
1.92994
1.92939
1.92885
1.92830
1.92775
1.92721
1.92666
1.92612
1.92557
1.92502
1.92448
1.92393
1.92339
1.92284
1.92229
1.92175
1.92120
1.92065
1.92011
1.91956
1.91901
1.91847
1.91792
1.91737
1.91683
1.91628
1.91573
1.91519
1.91464
1.91409
1.91354
1.91300
1.91245
1.91190
1.91136
1.91081
1.91026
1.90971
1.90917
1.90862
1.90807
1.90752
1.90698
1.90643
1.90588
1.90533
1.90479
1.90424
1.90369
1.90314
1.90259
1.90205
1.90150
1.90095
1.90040
1.89985
1.89930
1.89876
1.89821
1.89766
1.89711
1.89656
1.89601
1.89546
1.89492
1.89437
1.89382
1.89327
1.89272
1.89217
1.89162
1.89107
1.89052
1.88998
1.88943
1.88888
1.88833
1.88778
1.88723
1.88668
1.88613
1.88558
1.88503
1.88448
1.88393
1.88338
1.88283
1.88228
1.88173
1.88118
1.88063
1.88008
1.87953
1.87898
1.87843
1.87788
1.87733
1.87678
1.87623
1.87568
1.87513
1.87458
1.87403
1.87348
1.87293
1.87238
1.87183
1.87128
1.87073
1.87018
1.86963
1.86907
1.86852
1.86797
1.86742
1.86687
1.86632
1.86577
1.86522
1.86467
1.86411
1.86356
1.86301
1.86246
1.86191
1.86136
1.86081
1.86025
1.85970
1.85915
1.85860
1.85805
1.85749
1.85694
1.85639
1.85584
1.85529
1.85473
1.85418
1.85363
1.85308
1.85253
1.85197
1.85142
1.85087
1.85032
1.84976
1.84921
1.84866
1.84811
1.84755
1.84700
1.84645
1.84589
1.84534
1.84479
1.84424
1.84368
1.84313
1.84258
1.84202
1.84147
1.84092
1.84036
1.83981
1.83926
1.83870
1.83815
1.83760
1.83704
1.83649
1.83593
1.83538
1.83483
1.83427
1.83372
1.83316
1.83261
1.83206
1.83150
1.83095
1.83039
1.82984
1.82929
1.82873
1.82818
1.82762
1.82707
1.82651
1.82596
1.82540
1.82485
1.82429
1.82374
1.82318
1.82263
1.82207
1.82152
1.82096
1.82041
1.81985
1.81930
1.81874
1.81819
1.81763
1.81708
1.81652
1.81597
1.81541
1.81486
1.81430
1.81374
1.81319
1.81263
1.81208
1.81152
1.81097
1.81041
1.80985
1.80930
1.80874
1.80819
1.80763
1.80707
1.80652
1.80596
1.80540
1.80485
1.80429
1.80373
1.80318
1.80262
1.80206
1.80151
1.80095
1.80039
1.79984
1.79928
1.79872
1.79817
1.79761
1.79705
1.79650
1.79594
1.79538
1.79482
1.79427
1.79371
1.79315
1.79259
1.79204
1.79148
1.79092
1.79036
1.78981
1.78925
1.78869
1.78813
1.78757
1.78702
1.78646
1.78590
1.78534
1.78478
1.78423
1.78367
1.78311
1.78255
1.78199
1.78143
1.78088
1.78032
1.77976
1.77920
1.77864
1.77808
1.77752
1.77696
1.77640
1.77585
1.77529
1.77473
1.77417
1.77361
1.77305
1.77249
1.77193
1.77137
1.77081
1.77025
1.76969
1.76913
1.76858
1.76802
1.76746
1.76690
1.76634
1.76578
1.76522
1.76466
1.76410
1.76354
1.76298
1.76242
1.76186
1.76130
1.76074
1.76018
1.75962
1.75905
1.75849
1.75793
1.75737
1.75681
1.75625
1.75569
1.75513
1.75457
1.75401
1.75345
1.75289
1.75233
1.75176
1.75120
1.75064
1.75008
1.74952
1.74896
1.74840
1.74784
1.74727
1.74671
1.74615
1.74559
1.74503
1.74447
1.74390
1.74334
1.74278
1.74222
1.74166
1.74110
1.74053
1.73997
1.73941
1.73885
1.73828
1.73772
1.73716
1.73660
1.73604
1.73547
1.73491
1.73435
1.73379
1.73322
1.73266
1.73210
1.73153
1.73097
1.73041
1.72985
1.72928
1.72872
1.72816
1.72759
1.72703
1.72647
1.72590
1.72534
1.72478
1.72421
1.72365
1.72309
1.72252
1.72196
1.72139
1.72083
1.72027
1.71970
1.71914
1.71858
1.71801
1.71745
1.71688
1.71632
1.71575
1.71519
1.71463
1.71406
1.71350
1.71293
1.71237
1.71180
1.71124
1.71067
1.71011
1.70955
1.70898
1.70842
1.70785
1.70729
1.70672
1.70616
1.70559
1.70503
1.70446
1.70390
1.70333
1.70276
1.70220
1.70163
1.70107
1.70050
1.69994
1.69937
1.69881
1.69824
1.69767
1.69711
1.69654
1.69598
1.69541
1.69484
1.69428
1.69371
1.69315
1.69258
1.69201
1.69145
1.69088
1.69031
1.68975
1.68918
1.68861
1.68805
1.68748
1.68691
1.68635
1.68578
1.68521
1.68465
1.68408
1.68351
1.68295
1.68238
1.68181
1.68124
1.68068
1.68011
1.67954
1.67897
1.67841
1.67784
1.67727
1.67670
1.67614
1.67557
1.67500
1.67443
1.67386
1.67330
1.67273
1.67216
1.67159
1.67102
1.67046
1.66989
1.66932
1.66875
1.66818
1.66761
1.66705
1.66648
1.66591
1.66534
1.66477
1.66420
1.66363
1.66306
1.66250
1.66193
1.66136
1.66079
1.66022
1.65965
1.65908
1.65851
1.65794
1.65737
1.65680
1.65623
1.65567
1.65510
1.65453
1.65396
1.65339
1.65282
1.65225
1.65168
1.65111
1.65054
1.64997
1.64940
1.64883
1.64826
1.64769
1.64712
1.64655
1.64598
1.64541
1.64483
1.64426
1.64369
1.64312
1.64255
1.64198
1.64141
1.64084
1.64027
1.63970
1.63913
1.63856
1.63799
1.63741
1.63684
1.63627
1.63570
1.63513
1.63456
1.63399
1.63341
1.63284
1.63227
1.63170
1.63113
1.63056
1.62998
1.62941
1.62884
1.62827
1.62770
1.62712
1.62655
1.62598
1.62541
1.62484
1.62426
1.62369
1.62312
1.62255
1.62197
1.62140
1.62083
1.62026
1.61968
1.61911
1.61854
1.61796
1.61739
1.61682
1.61625
1.61567
1.61510
1.61453
1.61395
1.61338
1.61281
1.61223
1.61166
1.61109
1.61051
1.60994
1.60937
1.60879
1.60822
1.60764
1.60707
1.60650
1.60592
1.60535
1.60477
1.60420
1.60363
1.60305
1.60248
1.60190
1.60133
1.60075
1.60018
1.59961
1.59903
1.59846
1.59788
1.59731
1.59673
1.59616
1.59558
1.59501
1.59443
1.59386
1.59328
1.59271
1.59213
1.59156
1.59098
1.59041
1.58983
1.58926
1.58868
1.58810
1.58753
1.58695
1.58638
1.58580
1.58523
1.58465
1.58407
1.58350
1.58292
1.58235
1.58177
1.58119
1.58062
1.58004
1.57947
1.57889
1.57831
1.57774
1.57716
1.57658
1.57601
1.57543
1.57485
1.57428
1.57370
1.57312
1.57255
1.57197
1.57139
1.57081
1.57024
1.56966
1.56908
1.56851
1.56793
1.56735
1.56677
1.56620
1.56562
1.56504
1.56446
1.56389
1.56331
1.56273
1.56215
1.56157
1.56100
1.56042
1.55984
1.55926
1.55868
1.55810
1.55753
1.55695
1.55637
1.55579
1.55521
1.55463
1.55406
1.55348
1.55290
1.55232
1.55174
1.55116
1.55058
1.55000
1.54943
1.54885
1.54827
1.54769
1.54711
1.54653
1.54595
1.54537
1.54479
1.54421
1.54363
1.54305
1.54247
1.54189
1.54131
1.54073
1.54015
1.53957
1.53899
1.53841
1.53783
1.53725
1.53667
1.53609
1.53551
1.53493
1.53435
1.53377
1.53319
1.53261
1.53203
1.53145
1.53087
1.53029
1.52971
1.52913
1.52855
1.52796
1.52738
1.52680
1.52622
1.52564
1.52506
1.52448
1.52390
1.52331
1.52273
1.52215
1.52157
1.52099
1.52041
1.51983
1.51924
1.51866
1.51808
1.51750
1.51692
1.51633
1.51575
1.51517
1.51459
1.51401
1.51342
1.51284
1.51226
1.51168
1.51109
1.51051
1.50993
1.50935
1.50876
1.50818
1.50760
1.50701
1.50643
1.50585
1.50527
1.50468
1.50410
1.50352
1.50293
1.50235
1.50177
1.50118
1.50060
1.50002
1.49943
1.49885
1.49827
1.49768
1.49710
1.49651
1.49593
1.49535
1.49476
1.49418
1.49359
1.49301
1.49243
1.49184
1.49126
1.49067
1.49009
1.48950
1.48892
1.48834
1.48775
1.48717
1.48658
1.48600
1.48541
1.48483
1.48424
1.48366
1.48307
1.48249
1.48190
1.48132
1.48073
1.48014
1.47956
1.47897
1.47839
1.47780
1.47722
1.47663
1.47605
1.47546
1.47487
1.47429
1.47370
1.47312
1.47253
1.47194
1.47136
1.47077
1.47019
1.46960
1.46901
1.46843
1.46784
1.46725
1.46667
1.46608
1.46549
1.46491
1.46432
1.46373
1.46315
1.46256
1.46197
1.46139
1.46080
1.46021
1.45962
1.45904
1.45845
1.45786
1.45727
1.45669
1.45610
1.45551
1.45492
1.45434
1.45375
1.45316
1.45257
1.45198
1.45140
1.45081
1.45022
1.44963
1.44904
1.44846
1.44787
1.44728
1.44669
1.44610
1.44551
1.44493
1.44434
1.44375
1.44316
1.44257
1.44198
1.44139
1.44080
1.44021
1.43963
1.43904
1.43845
1.43786
1.43727
1.43668
1.43609
1.43550
1.43491
1.43432
1.43373
1.43314
1.43255
1.43196
1.43137
1.43078
1.43019
1.42960
1.42901
1.42842
1.42783
1.42724
1.42665
1.42606
1.42547
1.42488
1.42429
1.42370
1.42311
1.42252
1.42193
1.42134
1.42075
1.42016
1.41957
1.41897
1.41838
1.41779
1.41720
1.41661
1.41602
1.41543
1.41484
1.41424
1.41365
1.41306
1.41247
1.41188
1.41129
1.41070
1.41010
1.40951
1.40892
1.40833
1.40774
1.40714
1.40655
1.40596
1.40537
1.40477
1.40418
1.40359
1.40300
1.40241
1.40181
1.40122
1.40063
1.40003
1.39944
1.39885
1.39826
1.39766
1.39707
1.39648
1.39588
1.39529
1.39470
1.39410
1.39351
1.39292
1.39232
1.39173
1.39114
1.39054
1.38995
1.38936
1.38876
1.38817
1.38758
1.38698
1.38639
1.38579
1.38520
1.38460
1.38401
1.38342
1.38282
1.38223
1.38163
1.38104
1.38044
1.37985
1.37926
1.37866
1.37807
1.37747
1.37688
1.37628
1.37569
1.37509
1.37450
1.37390
1.37331
1.37271
1.37212
1.37152
1.37092
1.37033
1.36973
1.36914
1.36854
1.36795
1.36735
1.36676
1.36616
1.36556
1.36497
1.36437
1.36378
1.36318
1.36258
1.36199
1.36139
1.36079
1.36020
1.35960
1.35900
1.35841
1.35781
1.35721
1.35662
1.35602
1.35542
1.35483
1.35423
1.35363
1.35304
1.35244
1.35184
1.35125
1.35065
1.35005
1.34945
1.34886
1.34826
1.34766
1.34706
1.34647
1.34587
1.34527
1.34467
1.34407
1.34348
1.34288
1.34228
1.34168
1.34108
1.34049
1.33989
1.33929
1.33869
1.33809
1.33749
1.33689
1.33630
1.33570
1.33510
1.33450
1.33390
1.33330
1.33270
1.33210
1.33151
1.33091
1.33031
1.32971
1.32911
1.32851
1.32791
1.32731
1.32671
1.32611
1.32551
1.32491
1.32431
1.32371
1.32311
1.32251
1.32191
1.32131
1.32071
1.32011
1.31951
1.31891
1.31831
1.31771
1.31711
1.31651
1.31591
1.31531
1.31471
1.31411
1.31351
1.31291
1.31231
1.31170
1.31110
1.31050
1.30990
1.30930
1.30870
1.30810
1.30750
1.30689
1.30629
1.30569
1.30509
1.30449
1.30389
1.30329
1.30268
1.30208
1.30148
1.30088
1.30028
1.29967
1.29907
1.29847
1.29787
1.29727
1.29666
1.29606
1.29546
1.29486
1.29425
1.29365
1.29305
1.29244
1.29184
1.29124
1.29064
1.29003
1.28943
1.28883
1.28822
1.28762
1.28702
1.28641
1.28581
1.28521
1.28460
1.28400
1.28340
1.28279
1.28219
1.28159
1.28098
1.28038
1.27977
1.27917
1.27857
1.27796
1.27736
1.27675
1.27615
1.27555
1.27494
1.27434
1.27373
1.27313
1.27252
1.27192
1.27131
1.27071
1.27010
1.26950
1.26889
1.26829
1.26768
1.26708
1.26647
1.26587
1.26526
1.26466
1.26405
1.26345
1.26284
1.26224
1.26163
1.26102
1.26042
1.25981
1.25921
1.25860
1.25800
1.25739
1.25678
1.25618
1.25557
1.25496
1.25436
1.25375
1.25315
1.25254
1.25193
1.25133
1.25072
1.25011
1.24951
1.24890
1.24829
1.24769
1.24708
1.24647
1.24586
1.24526
1.24465
1.24404
1.24343
1.24283
1.24222
1.24161
1.24100
1.24040
1.23979
1.23918
1.23857
1.23797
1.23736
1.23675
1.23614
1.23553
1.23493
1.23432
1.23371
1.23310
1.23249
1.23188
1.23128
1.23067
1.23006
1.22945
1.22884
1.22823
1.22762
1.22701
1.22641
1.22580
1.22519
1.22458
1.22397
1.22336
1.22275
1.22214
1.22153
1.22092
1.22031
1.21970
1.21909
1.21848
1.21787
1.21726
1.21665
1.21604
1.21543
1.21482
1.21421
1.21360
1.21299
1.21238
1.21177
1.21116
1.21055
1.20994
1.20933
1.20872
1.20811
1.20750
1.20689
1.20628
1.20567
1.20506
1.20444
1.20383
1.20322
1.20261
1.20200
1.20139
1.20078
1.20017
1.19955
1.19894
1.19833
1.19772
1.19711
1.19650
1.19588
1.19527
1.19466
1.19405
1.19344
1.19282
1.19221
1.19160
1.19099
1.19037
1.18976
1.18915
1.18854
1.18792
1.18731
1.18670
1.18609
1.18547
1.18486
1.18425
1.18363
1.18302
1.18241
1.18179
1.18118
1.18057
1.17995
1.17934
1.17873
1.17811
1.17750
1.17689
1.17627
1.17566
1.17505
1.17443
1.17382
1.17320
1.17259
1.17197
1.17136
1.17075
1.17013
1.16952
1.16890
1.16829
1.16767
1.16706
1.16644
1.16583
1.16522
1.16460
1.16399
1.16337
1.16276
1.16214
1.16153
1.16091
1.16029
1.15968
1.15906
1.15845
1.15783
1.15722
1.15660
1.15599
1.15537
1.15475
1.15414
1.15352
1.15291
1.15229
1.15167
1.15106
1.15044
1.14983
1.14921
1.14859
1.14798
1.14736
1.14674
1.14613
1.14551
1.14489
1.14428
1.14366
1.14304
1.14243
1.14181
1.14119
1.14057
1.13996
1.13934
1.13872
1.13811
1.13749
1.13687
1.13625
1.13564
1.13502
1.13440
1.13378
1.13316
1.13255
1.13193
1.13131
1.13069
1.13007
1.12946
1.12884
1.12822
1.12760
1.12698
1.12636
1.12575
1.12513
1.12451
1.12389
1.12327
1.12265
1.12203
1.12141
1.12079
1.12018
1.11956
1.11894
1.11832
1.11770
1.11708
1.11646
1.11584
1.11522
1.11460
1.11398
1.11336
1.11274
1.11212
1.11150
1.11088
1.11026
1.10964
1.10902
1.10840
1.10778
1.10716
1.10654
1.10592
1.10530
1.10468
1.10406
1.10344
1.10282
1.10219
1.10157
1.10095
1.10033
1.09971
1.09909
1.09847
1.09785
1.09723
1.09660
1.09598
1.09536
1.09474
1.09412
1.09350
1.09287
1.09225
1.09163
1.09101
1.09039
1.08976
1.08914
1.08852
1.08790
1.08728
1.08665
1.08603
1.08541
1.08479
1.08416
1.08354
1.08292
1.08229
1.08167
1.08105
1.08043
1.07980
1.07918
1.07856
1.07793
1.07731
1.07669
1.07606
1.07544
1.07482
1.07419
1.07357
1.07295
1.07232
1.07170
1.07107
1.07045
1.06983
1.06920
1.06858
1.06795
1.06733
1.06671
1.06608
1.06546
1.06483
1.06421
1.06358
1.06296
1.06233
1.06171
1.06108
1.06046
1.05983
1.05921
1.05858
1.05796
1.05733
1.05671
1.05608
1.05546
1.05483
1.05421
1.05358
1.05295
1.05233
1.05170
1.05108
1.05045
1.04983
1.04920
1.04857
1.04795
1.04732
1.04669
1.04607
1.04544
1.04482
1.04419
1.04356
1.04294
1.04231
1.04168
1.04106
1.04043
1.03980
1.03918
1.03855
1.03792
1.03729
1.03667
1.03604
1.03541
1.03478
1.03416
1.03353
1.03290
1.03227
1.03165
1.03102
1.03039
1.02976
1.02913
1.02851
1.02788
1.02725
1.02662
1.02599
1.02537
1.02474
1.02411
1.02348
1.02285
1.02222
1.02159
1.02097
1.02034
1.01971
1.01908
1.01845
1.01782
1.01719
1.01656
1.01593
1.01530
1.01467
1.01404
1.01342
1.01279
1.01216
1.01153
1.01090
1.01027
1.00964
1.00901
1.00838
1.00775
1.00712
1.00649
1.00586
1.00523
1.00460
1.00397
1.00333
1.00270
1.00207
1.00144
1.00081
1.00018
0.99955
0.99892
0.99829
0.99766
0.99703
0.99639
0.99576
0.99513
0.99450
0.99387
0.99324
0.99261
0.99197
0.99134
0.99071
0.99008
0.98945
0.98882
0.98818
0.98755
0.98692
0.98629
0.98566
0.98502
0.98439
0.98376
0.98313
0.98249
0.98186
0.98123
0.98059
0.97996
0.97933
0.97870
0.97806
0.97743
0.97680
0.97616
0.97553
0.97490
0.97426
0.97363
0.97300
0.97236
0.97173
0.97110
0.97046
0.96983
0.96919
0.96856
0.96793
0.96729
0.96666
0.96602
0.96539
0.96476
0.96412
0.96349
0.96285
0.96222
0.96158
0.96095
0.96031
0.95968
0.95904
0.95841
0.95777
0.95714
0.95650
0.95587
0.95523
0.95460
0.95396
0.95333
0.95269
0.95206
0.95142
0.95079
0.95015
0.94951
0.94888
0.94824
0.94761
0.94697
0.94633
0.94570
0.94506
0.94442
0.94379
0.94315
0.94252
0.94188
0.94124
0.94061
0.93997
0.93933
0.93869
0.93806
0.93742
0.93678
0.93615
0.93551
0.93487
0.93423
0.93360
0.93296
0.93232
0.93168
0.93105
0.93041
0.92977
0.92913
0.92850
0.92786
0.92722
0.92658
0.92594
0.92531
0.92467
0.92403
0.92339
0.92275
0.92211
0.92147
0.92084
0.92020
0.91956
0.91892
0.91828
0.91764
0.91700
0.91636
0.91572
0.91509
0.91445
0.91381
0.91317
0.91253
0.91189
0.91125
0.91061
0.90997
0.90933
0.90869
0.90805
0.90741
0.90677
0.90613
0.90549
0.90485
0.90421
0.90357
0.90293
0.90229
0.90165
0.90101
0.90037
0.89972
0.89908
0.89844
0.89780
0.89716
0.89652
0.89588
0.89524
0.89460
0.89395
0.89331
0.89267
0.89203
0.89139
0.89075
0.89010
0.88946
0.88882
0.88818
0.88754
0.88690
0.88625
0.88561
0.88497
0.88433
0.88368
0.88304
0.88240
0.88176
0.88111
0.88047
0.87983
0.87919
0.87854
0.87790
0.87726
0.87661
0.87597
0.87533
0.87468
0.87404
0.87340
0.87275
0.87211
0.87147
0.87082
0.87018
0.86954
0.86889
0.86825
0.86760
0.86696
0.86632
0.86567
0.86503
0.86438
0.86374
0.86309
0.86245
0.86180
0.86116
0.86052
0.85987
0.85923
0.85858
0.85794
0.85729
0.85665
0.85600
0.85536
0.85471
0.85406
0.85342
0.85277
0.85213
0.85148
0.85084
0.85019
0.84955
0.84890
0.84825
0.84761
0.84696
0.84632
0.84567
0.84502
0.84438
0.84373
0.84308
0.84244
0.84179
0.84114
0.84050
0.83985
0.83920
0.83856
0.83791
0.83726
0.83662
0.83597
0.83532
0.83467
0.83403
0.83338
0.83273
0.83208
0.83144
0.83079
0.83014
0.82949
0.82885
0.82820
0.82755
0.82690
0.82625
0.82560
0.82496
0.82431
0.82366
0.82301
0.82236
0.82171
0.82107
0.82042
0.81977
0.81912
0.81847
0.81782
0.81717
0.81652
0.81587
0.81522
0.81458
0.81393
0.81328
0.81263
0.81198
0.81133
0.81068
0.81003
0.80938
0.80873
0.80808
0.80743
0.80678
0.80613
0.80548
0.80483
0.80418
0.80353
0.80288
0.80223
0.80157
0.80092
0.80027
0.79962
0.79897
0.79832
0.79767
0.79702
0.79637
0.79572
0.79506
0.79441
0.79376
0.79311
0.79246
0.79181
0.79116
0.79050
0.78985
0.78920
0.78855
0.78790
0.78724
0.78659
0.78594
0.78529
0.78463
0.78398
0.78333
0.78268
0.78202
0.78137
0.78072
0.78007
0.77941
0.77876
0.77811
0.77745
0.77680
0.77615
0.77549
0.77484
0.77419
0.77353
0.77288
0.77223
0.77157
0.77092
0.77027
0.76961
0.76896
0.76830
0.76765
0.76699
0.76634
0.76569
0.76503
0.76438
0.76372
0.76307
0.76241
0.76176
0.76110
0.76045
0.75979
0.75914
0.75848
0.75783
0.75717
0.75652
0.75586
0.75521
0.75455
0.75390
0.75324
0.75259
0.75193
0.75127
0.75062
0.74996
0.74931
0.74865
0.74799
0.74734
0.74668
0.74603
0.74537
0.74471
0.74406
0.74340
0.74274
0.74209
0.74143
0.74077
0.74012
0.73946
0.73880
0.73815
0.73749
0.73683
0.73617
0.73552
0.73486
0.73420
0.73354
0.73289
0.73223
0.73157
0.73091
0.73025
0.72960
0.72894
0.72828
0.72762
0.72696
0.72631
0.72565
0.72499
0.72433
0.72367
0.72301
0.72235
0.72170
0.72104
0.72038
0.71972
0.71906
0.71840
0.71774
0.71708
0.71642
0.71576
0.71510
0.71444
0.71378
0.71312
0.71246
0.71180
0.71115
0.71049
0.70983
0.70916
0.70850
0.70784
0.70718
0.70652
0.70586
0.70520
0.70454
0.70388
0.70322
0.70256
0.70190
0.70124
0.70058
0.69992
0.69926
0.69859
0.69793
0.69727
0.69661
0.69595
0.69529
0.69463
0.69396
0.69330
0.69264
0.69198
0.69132
0.69065
0.68999
0.68933
0.68867
0.68801
0.68734
0.68668
0.68602
0.68536
0.68469
0.68403
0.68337
0.68271
0.68204
0.68138
0.68072
0.68005
0.67939
0.67873
0.67806
0.67740
0.67674
0.67607
0.67541
0.67475
0.67408
0.67342
0.67275
0.67209
0.67143
0.67076
0.67010
0.66943
0.66877
0.66811
0.66744
0.66678
0.66611
0.66545
0.66478
0.66412
0.66345
0.66279
0.66212
0.66146
0.66079
0.66013
0.65946
0.65880
0.65813
0.65747
0.65680
0.65614
0.65547
0.65480
0.65414
0.65347
0.65281
0.65214
0.65147
0.65081
0.65014
0.64948
0.64881
0.64814
0.64748
0.64681
0.64614
0.64548
0.64481
0.64414
0.64348
0.64281
0.64214
0.64148
0.64081
0.64014
0.63947
0.63881
0.63814
0.63747
0.63680
0.63614
0.63547
0.63480
0.63413
0.63347
0.63280
0.63213
0.63146
0.63079
0.63012
0.62946
0.62879
0.62812
0.62745
0.62678
0.62611
0.62544
0.62478
0.62411
0.62344
0.62277
0.62210
0.62143
0.62076
0.62009
0.61942
0.61875
0.61808
0.61741
0.61674
0.61607
0.61540
0.61473
0.61406
0.61339
0.61272
0.61205
0.61138
0.61071
0.61004
0.60937
0.60870
0.60803
0.60736
0.60669
0.60602
0.60535
0.60468
0.60401
0.60334
0.60266
0.60199
0.60132
0.60065
0.59998
0.59931
0.59864
0.59796
0.59729
0.59662
0.59595
0.59528
0.59461
0.59393
0.59326
0.59259
0.59192
0.59124
0.59057
0.58990
0.58923
0.58855
0.58788
0.58721
0.58654
0.58586
0.58519
0.58452
0.58384
0.58317
0.58250
0.58182
0.58115
0.58048
0.57980
0.57913
0.57846
0.57778
0.57711
0.57643
0.57576
0.57509
0.57441
0.57374
0.57306
0.57239
0.57172
0.57104
0.57037
0.56969
0.56902
0.56834
0.56767
0.56699
0.56632
0.56564
0.56497
0.56429
0.56362
0.56294
0.56227
0.56159
0.56092
0.56024
0.55956
0.55889
0.55821
0.55754
0.55686
0.55618
0.55551
0.55483
0.55416
0.55348
0.55280
0.55213
0.55145
0.55077
0.55010
0.54942
0.54874
0.54807
0.54739
0.54671
0.54604
0.54536
0.54468
0.54400
0.54333
0.54265
0.54197
0.54129
0.54062
0.53994
0.53926
0.53858
0.53790
0.53723
0.53655
0.53587
0.53519
0.53451
0.53384
0.53316
0.53248
0.53180
0.53112
0.53044
0.52976
0.52908
0.52841
0.52773
0.52705
0.52637
0.52569
0.52501
0.52433
0.52365
0.52297
0.52229
0.52161
0.52093
0.52025
0.51957
0.51889
0.51821
0.51753
0.51685
0.51617
0.51549
0.51481
0.51413
0.51345
0.51277
0.51209
0.51141
0.51073
0.51005
0.50937
0.50868
0.50800
0.50732
0.50664
0.50596
0.50528
0.50460
0.50392
0.50323
0.50255
0.50187
0.50119
0.50051
0.49982
0.49914
0.49846
0.49778
0.49710
0.49641
0.49573
0.49505
0.49437
0.49368
0.49300
0.49232
0.49163
0.49095
0.49027
0.48959
0.48890
0.48822
0.48754
0.48685
0.48617
0.48549
0.48480
0.48412
0.48343
0.48275
0.48207
0.48138
0.48070
0.48001
0.47933
0.47865
0.47796
0.47728
0.47659
0.47591
0.47522
0.47454
0.47385
0.47317
0.47248
0.47180
0.47111
0.47043
0.46974
0.46906
0.46837
0.46769
0.46700
0.46632
0.46563
0.46495
0.46426
0.46357
0.46289
0.46220
0.46152
0.46083
0.46014
0.45946
0.45877
0.45808
0.45740
0.45671
0.45602
0.45534
0.45465
0.45396
0.45328
0.45259
0.45190
0.45122
0.45053
0.44984
0.44915
0.44847
0.44778
0.44709
0.44640
0.44572
0.44503
0.44434
0.44365
0.44296
0.44228
0.44159
0.44090
0.44021
0.43952
0.43883
0.43815
0.43746
0.43677
0.43608
0.43539
0.43470
0.43401
0.43332
0.43263
0.43194
0.43126
0.43057
0.42988
0.42919
0.42850
0.42781
0.42712
0.42643
0.42574
0.42505
0.42436
0.42367
0.42298
0.42229
0.42160
0.42091
0.42022
0.41953
0.41883
0.41814
0.41745
0.41676
0.41607
0.41538
0.41469
0.41400
0.41331
0.41262
0.41192
0.41123
0.41054
0.40985
0.40916
0.40847
0.40777
0.40708
0.40639
0.40570
0.40501
0.40431
0.40362
0.40293
0.40224
0.40154
0.40085
0.40016
0.39947
0.39877
0.39808
0.39739
0.39669
0.39600
0.39531
0.39461
0.39392
0.39323
0.39253
0.39184
0.39115
0.39045
0.38976
0.38907
0.38837
0.38768
0.38698
0.38629
0.38559
0.38490
0.38421
0.38351
0.38282
0.38212
0.38143
0.38073
0.38004
0.37934
0.37865
0.37795
0.37726
0.37656
0.37587
0.37517
0.37448
0.37378
0.37309
0.37239
0.37169
0.37100
0.37030
0.36961
0.36891
0.36821
0.36752
0.36682
0.36612
0.36543
0.36473
0.36404
0.36334
0.36264
0.36195
0.36125
0.36055
0.35985
0.35916
0.35846
0.35776
0.35707
0.35637
0.35567
0.35497
0.35427
0.35358
0.35288
0.35218
0.35148
0.35079
0.35009
0.34939
0.34869
0.34799
0.34729
0.34660
0.34590
0.34520
0.34450
0.34380
0.34310
0.34240
0.34170
0.34101
0.34031
0.33961
0.33891
0.33821
0.33751
0.33681
0.33611
0.33541
0.33471
0.33401
0.33331
0.33261
0.33191
0.33121
0.33051
0.32981
0.32911
0.32841
0.32771
0.32701
0.32631
0.32561
0.32490
0.32420
0.32350
0.32280
0.32210
0.32140
0.32070
0.32000
0.31929
0.31859
0.31789
0.31719
0.31649
0.31579
0.31508
0.31438
0.31368
0.31298
0.31228
0.31157
0.31087
0.31017
0.30947
0.30876
0.30806
0.30736
0.30666
0.30595
0.30525
0.30455
0.30384
0.30314
0.30244
0.30173
0.30103
0.30033
0.29962
0.29892
0.29821
0.29751
0.29681
0.29610
0.29540
0.29469
0.29399
0.29329
0.29258
0.29188
0.29117
0.29047
0.28976
0.28906
0.28835
0.28765
0.28694
0.28624
0.28553
0.28483
0.28412
0.28342
0.28271
0.28201
0.28130
0.28060
0.27989
0.27918
0.27848
0.27777
0.27707
0.27636
0.27565
0.27495
0.27424
0.27353
0.27283
0.27212
0.27141
0.27071
0.27000
0.26929
0.26859
0.26788
0.26717
0.26646
0.26576
0.26505
0.26434
0.26363
0.26293
0.26222
0.26151
0.26080
0.26010
0.25939
0.25868
0.25797
0.25726
0.25655
0.25585
0.25514
0.25443
0.25372
0.25301
0.25230
0.25159
0.25088
0.25018
0.24947
0.24876
0.24805
0.24734
0.24663
0.24592
0.24521
0.24450
0.24379
0.24308
0.24237
0.24166
0.24095
0.24024
0.23953
0.23882
0.23811
0.23740
0.23669
0.23598
0.23527
0.23456
0.23384
0.23313
0.23242
0.23171
0.23100
0.23029
0.22958
0.22887
0.22815
0.22744
0.22673
0.22602
0.22531
0.22460
0.22388
0.22317
0.22246
0.22175
0.22104
0.22032
0.21961
0.21890
0.21819
0.21747
0.21676
0.21605
0.21533
0.21462
0.21391
0.21319
0.21248
0.21177
0.21105
0.21034
0.20963
0.20891
0.20820
0.20749
0.20677
0.20606
0.20534
0.20463
0.20392
0.20320
0.20249
0.20177
0.20106
0.20034
0.19963
0.19891
0.19820
0.19748
0.19677
0.19605
0.19534
0.19462
0.19391
0.19319
0.19248
0.19176
0.19105
0.19033
0.18962
0.18890
0.18818
0.18747
0.18675
0.18603
0.18532
0.18460
0.18389
0.18317
0.18245
0.18174
0.18102
0.18030
0.17959
0.17887
0.17815
0.17743
0.17672
0.17600
0.17528
0.17456
0.17385
0.17313
0.17241
0.17169
0.17098
0.17026
0.16954
0.16882
0.16810
0.16739
0.16667
0.16595
0.16523
0.16451
0.16379
0.16307
0.16235
0.16164
0.16092
0.16020
0.15948
0.15876
0.15804
0.15732
0.15660
0.15588
0.15516
0.15444
0.15372
0.15300
0.15228
0.15156
0.15084
0.15012
0.14940
0.14868
0.14796
0.14724
0.14652
0.14580
0.14508
0.14436
0.14364
0.14292
0.14219
0.14147
0.14075
0.14003
0.13931
0.13859
0.13787
0.13714
0.13642
0.13570
0.13498
0.13426
0.13353
0.13281
0.13209
0.13137
0.13065
0.12992
0.12920
0.12848
0.12775
0.12703
0.12631
0.12559
0.12486
0.12414
0.12342
0.12269
0.12197
0.12125
0.12052
0.11980
0.11908
0.11835
0.11763
0.11690
0.11618
0.11546
0.11473
0.11401
0.11328
0.11256
0.11183
0.11111
0.11038
0.10966
0.10893
0.10821
0.10748
0.10676
0.10603
0.10531
0.10458
0.10386
0.10313
0.10241
0.10168
0.10096
0.10023
0.09950
0.09878
0.09805
0.09733
0.09660
0.09587
0.09515
0.09442
0.09369
0.09297
0.09224
0.09151
0.09079
0.09006
0.08933
0.08860
0.08788
0.08715
0.08642
0.08570
0.08497
0.08424
0.08351
0.08278
0.08206
0.08133
0.08060
0.07987
0.07914
0.07842
0.07769
0.07696
0.07623
0.07550
0.07477
0.07404
0.07331
0.07259
0.07186
0.07113
0.07040
0.06967
0.06894
0.06821
0.06748
0.06675
0.06602
0.06529
0.06456
0.06383
0.06310
0.06237
0.06164
0.06091
0.06018
0.05945
0.05872
0.05799
0.05726
0.05653
0.05580
0.05506
0.05433
0.05360
0.05287
0.05214
0.05141
0.05068
0.04995
0.04921
0.04848
0.04775
0.04702
0.04629
0.04555
0.04482
0.04409
0.04336
0.04263
0.04189
0.04116
0.04043
0.03969
0.03896
0.03823
0.03750
0.03676
0.03603
0.03530
0.03456
0.03383
0.03310
0.03236
0.03163
0.03090
0.03016
0.02943
0.02869
0.02796
0.02723
0.02649
0.02576
0.02502
0.02429
0.02355
0.02282
0.02208
0.02135
0.02061
0.01988
0.01914
0.01841
0.01767
0.01694
0.01620
0.01547
0.01473
0.01400
0.01326
0.01252
0.01179
0.01105
0.01032
0.00958
0.00884
0.00811
0.00737
0.00663
0.00590
0.00516
0.00442
0.00369
0.00295
0.00221
0.00148
0.00074
0.00000
-0.00074
-0.00147
-0.00221
-0.00295
-0.00369
-0.00442
-0.00516
-0.00590
-0.00664
-0.00738
-0.00811
-0.00885
-0.00959
-0.01033
-0.01107
-0.01181
-0.01255
-0.01328
-0.01402
-0.01476
-0.01550
-0.01624
-0.01698
-0.01772
-0.01846
-0.01920
-0.01994
-0.02068
-0.02142
-0.02216
-0.02290
-0.02364
-0.02438
-0.02512
-0.02586
-0.02660
-0.02734
-0.02808
-0.02882
-0.02956
-0.03030
-0.03104
-0.03178
-0.03252
-0.03327
-0.03401
-0.03475
-0.03549
-0.03623
-0.03697
-0.03771
-0.03846
-0.03920
-0.03994
-0.04068
-0.04142
-0.04217
-0.04291
-0.04365
-0.04439
-0.04514
-0.04588
-0.04662
-0.04736
-0.04811
-0.04885
-0.04959
-0.05034
-0.05108
-0.05182
-0.05256
-0.05331
-0.05405
-0.05480
-0.05554
-0.05628
-0.05703
-0.05777
-0.05851
-0.05926
-0.06000
-0.06075
-0.06149
-0.06224
-0.06298
-0.06373
-0.06447
-0.06522
-0.06596
-0.06671
-0.06745
-0.06820
-0.06894
-0.06969
-0.07043
-0.07118
-0.07192
-0.07267
-0.07341
-0.07416
-0.07491
-0.07565
-0.07640
-0.07714
-0.07789
-0.07864
-0.07938
-0.08013
-0.08088
-0.08162
-0.08237
-0.08312
-0.08386
-0.08461
-0.08536
-0.08611
-0.08685
-0.08760
-0.08835
-0.08910
-0.08984
-0.09059
-0.09134
-0.09209
-0.09284
-0.09358
-0.09433
-0.09508
-0.09583
-0.09658
-0.09733
-0.09807
-0.09882
-0.09957
-0.10032
-0.10107
-0.10182
-0.10257
-0.10332
-0.10407
-0.10482
-0.10557
-0.10632
-0.10707
-0.10782
-0.10856
-0.10931
-0.11007
-0.11082
-0.11157
-0.11232
-0.11307
-0.11382
-0.11457
-0.11532
-0.11607
-0.11682
-0.11757
-0.11832
-0.11907
-0.11982
-0.12058
-0.12133
-0.12208
-0.12283
-0.12358
-0.12433
-0.12508
-0.12584
-0.12659
-0.12734
-0.12809
-0.12885
-0.12960
-0.13035
-0.13110
-0.13186
-0.13261
-0.13336
-0.13411
-0.13487
-0.13562
-0.13637
-0.13713
-0.13788
-0.13863
-0.13939
-0.14014
-0.14089
-0.14165
-0.14240
-0.14316
-0.14391
-0.14466
-0.14542
-0.14617
-0.14693
-0.14768
-0.14844
-0.14919
-0.14994
-0.15070
-0.15145
-0.15221
-0.15296
-0.15372
-0.15448
-0.15523
-0.15599
-0.15674
-0.15750
-0.15825
-0.15901
-0.15976
-0.16052
-0.16128
-0.16203
-0.16279
-0.16355
-0.16430
-0.16506
-0.16582
-0.16657
-0.16733
-0.16809
-0.16884
-0.16960
-0.17036
-0.17111
-0.17187
-0.17263
-0.17339
-0.17414
-0.17490
-0.17566
-0.17642
-0.17718
-0.17793
-0.17869
-0.17945
-0.18021
-0.18097
-0.18173
-0.18248
-0.18324
-0.18400
-0.18476
-0.18552
-0.18628
-0.18704
-0.18780
-0.18856
-0.18932
-0.19007
-0.19083
-0.19159
-0.19235
-0.19311
-0.19387
-0.19463
-0.19539
-0.19615
-0.19691
-0.19767
-0.19844
-0.19920
-0.19996
-0.20072
-0.20148
-0.20224
-0.20300
-0.20376
-0.20452
-0.20528
-0.20604
-0.20681
-0.20757
-0.20833
-0.20909
-0.20985
-0.21062
-0.21138
-0.21214
-0.21290
-0.21366
-0.21443
-0.21519
-0.21595
-0.21671
-0.21748
-0.21824
-0.21900
-0.21977
-0.22053
-0.22129
-0.22206
-0.22282
-0.22358
-0.22435
-0.22511
-0.22587
-0.22664
-0.22740
-0.22816
-0.22893
-0.22969
-0.23046
-0.23122
-0.23199
-0.23275
-0.23352
-0.23428
-0.23505
-0.23581
-0.23657
-0.23734
-0.23811
-0.23887
-0.23964
-0.24040
-0.24117
-0.24193
-0.24270
-0.24346
-0.24423
-0.24500
-0.24576
-0.24653
-0.24729
-0.24806
-0.24883
-0.24959
-0.25036
-0.25113
-0.25189
-0.25266
-0.25343
-0.25420
-0.25496
-0.25573
-0.25650
-0.25727
-0.25803
-0.25880
-0.25957
-0.26034
-0.26110
-0.26187
-0.26264
-0.26341
-0.26418
-0.26495
-0.26571
-0.26648
-0.26725
-0.26802
-0.26879
-0.26956
-0.27033
-0.27110
-0.27187
-0.27263
-0.27340
-0.27417
-0.27494
-0.27571
-0.27648
-0.27725
-0.27802
-0.27879
-0.27956
-0.28033
-0.28110
-0.28187
-0.28264
-0.28342
-0.28419
-0.28496
-0.28573
-0.28650
-0.28727
-0.28804
-0.28881
-0.28958
-0.29036
-0.29113
-0.29190
-0.29267
-0.29344
-0.29421
-0.29499
-0.29576
-0.29653
-0.29730
-0.29807
-0.29885
-0.29962
-0.30039
-0.30117
-0.30194
-0.30271
-0.30348
-0.30426
-0.30503
-0.30580
-0.30658
-0.30735
-0.30812
-0.30890
-0.30967
-0.31045
-0.31122
-0.31199
-0.31277
-0.31354
-0.31432
-0.31509
-0.31587
-0.31664
-0.31742
-0.31819
-0.31897
-0.31974
-0.32052
-0.32129
-0.32207
-0.32284
-0.32362
-0.32439
-0.32517
-0.32594
-0.32672
-0.32750
-0.32827
-0.32905
-0.32982
-0.33060
-0.33138
-0.33215
-0.33293
-0.33371
-0.33448
-0.33526
-0.33604
-0.33681
-0.33759
-0.33837
-0.33915
-0.33992
-0.34070
-0.34148
-0.34226
-0.34303
-0.34381
-0.34459
-0.34537
-0.34615
-0.34693
-0.34770
-0.34848
-0.34926
-0.35004
-0.35082
-0.35160
-0.35238
-0.35316
-0.35393
-0.35471
-0.35549
-0.35627
-0.35705
-0.35783
-0.35861
-0.35939
-0.36017
-0.36095
-0.36173
-0.36251
-0.36329
-0.36407
-0.36485
-0.36563
-0.36641
-0.36719
-0.36798
-0.36876
-0.36954
-0.37032
-0.37110
-0.37188
-0.37266
-0.37344
-0.37423
-0.37501
-0.37579
-0.37657
-0.37735
-0.37814
-0.37892
-0.37970
-0.38048
-0.38127
-0.38205
-0.38283
-0.38361
-0.38440
-0.38518
-0.38596
-0.38675
-0.38753
-0.38831
-0.38910
-0.38988
-0.39066
-0.39145
-0.39223
-0.39301
-0.39380
-0.39458
-0.39537
-0.39615
-0.39694
-0.39772
-0.39850
-0.39929
-0.40007
-0.40086
-0.40164
-0.40243
-0.40321
-0.40400
-0.40478
-0.40557
-0.40636
-0.40714
-0.40793
-0.40871
-0.40950
-0.41028
-0.41107
-0.41186
-0.41264
-0.41343
-0.41422
-0.41500
-0.41579
-0.41658
-0.41736
-0.41815
-0.41894
-0.41972
-0.42051
-0.42130
-0.42209
-0.42287
-0.42366
-0.42445
-0.42524
-0.42603
-0.42681
-0.42760
-0.42839
-0.42918
-0.42997
-0.43076
-0.43154
-0.43233
-0.43312
-0.43391
-0.43470
-0.43549
-0.43628
-0.43707
-0.43786
-0.43865
-0.43944
-0.44023
-0.44102
-0.44181
-0.44260
-0.44339
-0.44418
-0.44497
-0.44576
-0.44655
-0.44734
-0.44813
-0.44892
-0.44971
-0.45050
-0.45129
-0.45208
-0.45288
-0.45367
-0.45446
-0.45525
-0.45604
-0.45683
-0.45763
-0.45842
-0.45921
-0.46000
-0.46079
-0.46159
-0.46238
-0.46317
-0.46396
-0.46476
-0.46555
-0.46634
-0.46714
-0.46793
-0.46872
-0.46952
-0.47031
-0.47110
-0.47190
-0.47269
-0.47348
-0.47428
-0.47507
-0.47587
-0.47666
-0.47745
-0.47825
-0.47904
-0.47984
-0.48063
-0.48143
-0.48222
-0.48302
-0.48381
-0.48461
-0.48540
-0.48620
-0.48699
-0.48779
-0.48859
-0.48938
-0.49018
-0.49097
-0.49177
-0.49257
-0.49336
-0.49416
-0.49495
-0.49575
-0.49655
-0.49734
-0.49814
-0.49894
-0.49974
-0.50053
-0.50133
-0.50213
-0.50293
-0.50372
-0.50452
-0.50532
-0.50612
-0.50691
-0.50771
-0.50851
-0.50931
-0.51011
-0.51091
-0.51170
-0.51250
-0.51330
-0.51410
-0.51490
-0.51570
-0.51650
-0.51730
-0.51810
-0.51890
-0.51970
-0.52050
-0.52130
-0.52209
-0.52289
-0.52370
-0.52450
-0.52530
-0.52610
-0.52690
-0.52770
-0.52850
-0.52930
-0.53010
-0.53090
-0.53170
-0.53250
-0.53330
-0.53411
-0.53491
-0.53571
-0.53651
-0.53731
-0.53811
-0.53892
-0.53972
-0.54052
-0.54132
-0.54212
-0.54293
-0.54373
-0.54453
-0.54534
-0.54614
-0.54694
-0.54774
-0.54855
-0.54935
-0.55015
-0.55096
-0.55176
-0.55257
-0.55337
-0.55417
-0.55498
-0.55578
-0.55659
-0.55739
-0.55819
-0.55900
-0.55980
-0.56061
-0.56141
-0.56222
-0.56302
-0.56383
-0.56463
-0.56544
-0.56624
-0.56705
-0.56785
-0.56866
-0.56947
-0.57027
-0.57108
-0.57188
-0.57269
-0.57350
-0.57430
-0.57511
-0.57592
-0.57672
-0.57753
-0.57834
-0.57914
-0.57995
-0.58076
-0.58157
-0.58237
-0.58318
-0.58399
-0.58480
-0.58560
-0.58641
-0.58722
-0.58803
-0.58884
-0.58964
-0.59045
-0.59126
-0.59207
-0.59288
-0.59369
-0.59450
-0.59531
-0.59612
-0.59692
-0.59773
-0.59854
-0.59935
-0.60016
-0.60097
-0.60178
-0.60259
-0.60340
-0.60421
-0.60502
-0.60583
-0.60664
-0.60745
-0.60827
-0.60908
-0.60989
-0.61070
-0.61151
-0.61232
-0.61313
-0.61394
-0.61476
-0.61557
-0.61638
-0.61719
-0.61800
-0.61881
-0.61963
-0.62044
-0.62125
-0.62206
-0.62288
-0.62369
-0.62450
-0.62531
-0.62613
-0.62694
-0.62775
-0.62857
-0.62938
-0.63019
-0.63101
-0.63182
-0.63264
-0.63345
-0.63426
-0.63508
-0.63589
-0.63671
-0.63752
-0.63833
-0.63915
-0.63996
-0.64078
-0.64159
-0.64241
-0.64322
-0.64404
-0.64485
-0.64567
-0.64649
-0.64730
-0.64812
-0.64893
-0.64975
-0.65057
-0.65138
-0.65220
-0.65301
-0.65383
-0.65465
-0.65546
-0.65628
-0.65710
-0.65791
-0.65873
-0.65955
-0.66037
-0.66118
-0.66200
-0.66282
-0.66364
-0.66445
-0.66527
-0.66609
-0.66691
-0.66773
-0.66855
-0.66936
-0.67018
-0.67100
-0.67182
-0.67264
-0.67346
-0.67428
-0.67510
-0.67592
-0.67674
-0.67755
-0.67837
-0.67919
-0.68001
-0.68083
-0.68165
-0.68247
-0.68329
-0.68412
-0.68494
-0.68576
-0.68658
-0.68740
-0.68822
-0.68904
-0.68986
-0.69068
-0.69150
-0.69232
-0.69315
-0.69397
-0.69479
-0.69561
-0.69643
-0.69726
-0.69808
-0.69890
-0.69972
-0.70054
-0.70137
-0.70219
-0.70301
-0.70384
-0.70466
-0.70548
-0.70631
-0.70713
-0.70795
-0.70878
-0.70960
-0.71042
-0.71125
-0.71207
-0.71289
-0.71372
-0.71454
-0.71537
-0.71619
-0.71702
-0.71784
-0.71867
-0.71949
-0.72032
-0.72114
-0.72197
-0.72279
-0.72362
-0.72444
-0.72527
-0.72609
-0.72692
-0.72775
-0.72857
-0.72940
-0.73022
-0.73105
-0.73188
-0.73270
-0.73353
-0.73436
-0.73519
-0.73601
-0.73684
-0.73767
-0.73849
-0.73932
-0.74015
-0.74098
-0.74180
-0.74263
-0.74346
-0.74429
-0.74512
-0.74595
-0.74677
-0.74760
-0.74843
-0.74926
-0.75009
-0.75092
-0.75175
-0.75258
-0.75340
-0.75423
-0.75506
-0.75589
-0.75672
-0.75755
-0.75838
-0.75921
-0.76004
-0.76087
-0.76170
-0.76253
-0.76337
-0.76420
-0.76503
-0.76586
-0.76669
-0.76752
-0.76835
-0.76918
-0.77001
-0.77085
-0.77168
-0.77251
-0.77334
-0.77417
-0.77500
-0.77584
-0.77667
-0.77750
-0.77833
-0.77917
-0.78000
-0.78083
-0.78167
-0.78250
-0.78333
-0.78416
-0.78500
-0.78583
-0.78667
-0.78750
-0.78833
-0.78917
-0.79000
-0.79084
-0.79167
-0.79250
-0.79334
-0.79417
-0.79501
-0.79584
-0.79668
-0.79751
-0.79835
-0.79918
-0.80002
-0.80085
-0.80169
-0.80252
-0.80336
-0.80420
-0.80503
-0.80587
-0.80671
-0.80754
-0.80838
-0.80921
-0.81005
-0.81089
-0.81172
-0.81256
-0.81340
-0.81424
-0.81507
-0.81591
-0.81675
-0.81759
-0.81842
-0.81926
-0.82010
-0.82094
-0.82178
-0.82261
-0.82345
-0.82429
-0.82513
-0.82597
-0.82681
-0.82765
-0.82849
-0.82932
-0.83016
-0.83100
-0.83184
-0.83268
-0.83352
-0.83436
-0.83520
-0.83604
-0.83688
-0.83772
-0.83856
-0.83940
-0.84024
-0.84109
-0.84193
-0.84277
-0.84361
-0.84445
-0.84529
-0.84613
-0.84697
-0.84781
-0.84866
-0.84950
-0.85034
-0.85118
-0.85202
-0.85287
-0.85371
-0.85455
-0.85539
-0.85624
-0.85708
-0.85792
-0.85877
-0.85961
-0.86045
-0.86130
-0.86214
-0.86298
-0.86383
-0.86467
-0.86551
-0.86636
-0.86720
-0.86805
-0.86889
-0.86974
-0.87058
-0.87143
-0.87227
-0.87312
-0.87396
-0.87481
-0.87565
-0.87650
-0.87734
-0.87819
-0.87903
-0.87988
-0.88072
-0.88157
-0.88242
-0.88326
-0.88411
-0.88496
-0.88580
-0.88665
-0.88750
-0.88834
-0.88919
-0.89004
-0.89088
-0.89173
-0.89258
-0.89343
-0.89428
-0.89512
-0.89597
-0.89682
-0.89767
-0.89852
-0.89936
-0.90021
-0.90106
-0.90191
-0.90276
-0.90361
-0.90446
-0.90531
-0.90616
-0.90700
-0.90785
-0.90870
-0.90955
-0.91040
-0.91125
-0.91210
-0.91295
-0.91380
-0.91465
-0.91551
-0.91636
-0.91721
-0.91806
-0.91891
-0.91976
-0.92061
-0.92146
-0.92231
-0.92317
-0.92402
-0.92487
-0.92572
-0.92657
-0.92743
-0.92828
-0.92913
-0.92998
-0.93084
-0.93169
-0.93254
-0.93339
-0.93425
-0.93510
-0.93595
-0.93681
-0.93766
-0.93851
-0.93937
-0.94022
-0.94108
-0.94193
-0.94278
-0.94364
-0.94449
-0.94535
-0.94620
-0.94706
-0.94791
-0.94877
-0.94962
-0.95048
-0.95133
-0.95219
-0.95304
-0.95390
-0.95475
-0.95561
-0.95647
-0.95732
-0.95818
-0.95903
-0.95989
-0.96075
-0.96160
-0.96246
-0.96332
-0.96418
-0.96503
-0.96589
-0.96675
-0.96760
-0.96846
-0.96932
-0.97018
-0.97104
-0.97189
-0.97275
-0.97361
-0.97447
-0.97533
-0.97619
-0.97704
-0.97790
-0.97876
-0.97962
-0.98048
-0.98134
-0.98220
-0.98306
-0.98392
-0.98478
-0.98564
-0.98650
-0.98736
-0.98822
-0.98908
-0.98994
-0.99080
-0.99166
-0.99252
-0.99338
-0.99424
-0.99511
-0.99597
-0.99683
-0.99769
-0.99855
-0.99941
-1.00028
-1.00114
-1.00200
-1.00286
-1.00372
-1.00459
-1.00545
-1.00631
-1.00717
-1.00804
-1.00890
-1.00976
-1.01063
-1.01149
-1.01235
-1.01322
-1.01408
-1.01495
-1.01581
-1.01667
-1.01754
-1.01840
-1.01927
-1.02013
-1.02100
-1.02186
-1.02273
-1.02359
-1.02446
-1.02532
-1.02619
-1.02705
-1.02792
-1.02878
-1.02965
-1.03052
-1.03138
-1.03225
-1.03311
-1.03398
-1.03485
-1.03571
-1.03658
-1.03745
-1.03831
-1.03918
-1.04005
-1.04092
-1.04178
-1.04265
-1.04352
-1.04439
-1.04526
-1.04612
-1.04699
-1.04786
-1.04873
-1.04960
-1.05047
-1.05133
-1.05220
-1.05307
-1.05394
-1.05481
-1.05568
-1.05655
-1.05742
-1.05829
-1.05916
-1.06003
-1.06090
-1.06177
-1.06264
-1.06351
-1.06438
-1.06525
-1.06612
-1.06699
-1.06786
-1.06873
-1.06961
-1.07048
-1.07135
-1.07222
-1.07309
-1.07396
-1.07484
-1.07571
-1.07658
-1.07745
-1.07833
-1.07920
-1.08007
-1.08094
-1.08182
-1.08269
-1.08356
-1.08444
-1.08531
-1.08618
-1.08706
-1.08793
-1.08880
-1.08968
-1.09055
-1.09143
-1.09230
-1.09318
-1.09405
-1.09493
-1.09580
-1.09667
-1.09755
-1.09843
-1.09930
-1.10018
-1.10105
-1.10193
-1.10280
-1.10368
-1.10456
-1.10543
-1.10631
-1.10718
-1.10806
-1.10894
-1.10981
-1.11069
-1.11157
-1.11244
-1.11332
-1.11420
-1.11508
-1.11595
-1.11683
-1.11771
-1.11859
-1.11947
-1.12034
-1.12122
-1.12210
-1.12298
-1.12386
-1.12474
-1.12562
-1.12650
-1.12737
-1.12825
-1.12913
-1.13001
-1.13089
-1.13177
-1.13265
-1.13353
-1.13441
-1.13529
-1.13617
-1.13705
-1.13793
-1.13881
-1.13970
-1.14058
-1.14146
-1.14234
-1.14322
-1.14410
-1.14498
-1.14587
-1.14675
-1.14763
-1.14851
-1.14939
-1.15028
-1.15116
-1.15204
-1.15292
-1.15381
-1.15469
-1.15557
-1.15646
-1.15734
-1.15822
-1.15911
-1.15999
-1.16087
-1.16176
-1.16264
-1.16353
-1.16441
-1.16529
-1.16618
-1.16706
-1.16795
-1.16883
-1.16972
-1.17060
-1.17149
-1.17237
-1.17326
-1.17414
-1.17503
-1.17592
-1.17680
-1.17769
-1.17857
-1.17946
-1.18035
-1.18123
-1.18212
-1.18301
-1.18389
-1.18478
-1.18567
-1.18656
-1.18744
-1.18833
-1.18922
-1.19011
-1.19099
-1.19188
-1.19277
-1.19366
-1.19455
-1.19544
-1.19633
-1.19721
-1.19810
-1.19899
-1.19988
-1.20077
-1.20166
-1.20255
-1.20344
-1.20433
-1.20522
-1.20611
-1.20700
-1.20789
-1.20878
-1.20967
-1.21056
-1.21145
-1.21234
-1.21323
-1.21413
-1.21502
-1.21591
-1.21680
-1.21769
-1.21858
-1.21947
-1.22037
-1.22126
-1.22215
-1.22304
-1.22394
-1.22483
-1.22572
-1.22661
-1.22751
-1.22840
-1.22929
-1.23019
-1.23108
-1.23197
-1.23287
-1.23376
-1.23466
-1.23555
-1.23645
-1.23734
-1.23823
-1.23913
-1.24002
-1.24092
-1.24181
-1.24271
-1.24360
-1.24450
-1.24539
-1.24629
-1.24719
-1.24808
-1.24898
-1.24987
-1.25077
-1.25167
-1.25256
-1.25346
-1.25436
-1.25525
-1.25615
-1.25705
-1.25795
-1.25884
-1.25974
-1.26064
-1.26154
-1.26243
-1.26333
-1.26423
-1.26513
-1.26603
-1.26693
-1.26782
-1.26872
-1.26962
-1.27052
-1.27142
-1.27232
-1.27322
-1.27412
-1.27502
-1.27592
-1.27682
-1.27772
-1.27862
-1.27952
-1.28042
-1.28132
-1.28222
-1.28312
-1.28402
-1.28492
-1.28582
-1.28673
-1.28763
-1.28853
-1.28943
-1.29033
-1.29123
-1.29214
-1.29304
-1.29394
-1.29484
-1.29575
-1.29665
-1.29755
-1.29845
-1.29936
-1.30026
-1.30116
-1.30207
-1.30297
-1.30388
-1.30478
-1.30568
-1.30659
-1.30749
-1.30840
-1.30930
-1.31021
-1.31111
-1.31201
-1.31292
-1.31382
-1.31473
-1.31564
-1.31654
-1.31745
-1.31835
-1.31926
-1.32016
-1.32107
-1.32198
-1.32288
-1.32379
-1.32470
-1.32560
-1.32651
-1.32742
-1.32832
-1.32923
-1.33014
-1.33105
-1.33196
-1.33286
-1.33377
-1.33468
-1.33559
-1.33650
-1.33740
-1.33831
-1.33922
-1.34013
-1.34104
-1.34195
-1.34286
-1.34377
-1.34468
-1.34559
-1.34650
-1.34741
-1.34832
-1.34923
-1.35014
-1.35105
-1.35196
-1.35287
-1.35378
-1.35469
-1.35560
-1.35651
-1.35742
-1.35834
-1.35925
-1.36016
-1.36107
-1.36198
-1.36289
-1.36381
-1.36472
-1.36563
-1.36654
-1.36746
-1.36837
-1.36928
-1.37020
-1.37111
-1.37202
-1.37294
-1.37385
-1.37476
-1.37568
-1.37659
-1.37751
-1.37842
-1.37934
-1.38025
-1.38116
-1.38208
-1.38299
-1.38391
-1.38482
-1.38574
-1.38666
-1.38757
-1.38849
-1.38940
-1.39032
-1.39124
-1.39215
-1.39307
-1.39398
-1.39490
-1.39582
-1.39674
-1.39765
-1.39857
-1.39949
-1.40040
-1.40132
-1.40224
-1.40316
-1.40408
-1.40499
-1.40591
-1.40683
-1.40775
-1.40867
-1.40959
-1.41051
-1.41142
-1.41234
-1.41326
-1.41418
-1.41510
-1.41602
-1.41694
-1.41786
-1.41878
-1.41970
-1.42062
-1.42154
-1.42246
-1.42338
-1.42431
-1.42523
-1.42615
-1.42707
-1.42799
-1.42891
-1.42983
-1.43076
-1.43168
-1.43260
-1.43352
-1.43444
-1.43537
-1.43629
-1.43721
-1.43814
-1.43906
-1.43998
-1.44090
-1.44183
-1.44275
-1.44368
-1.44460
-1.44552
-1.44645
-1.44737
-1.44830
-1.44922
-1.45015
-1.45107
-1.45199
-1.45292
-1.45385
-1.45477
-1.45570
-1.45662
-1.45755
-1.45847
-1.45940
-1.46033
-1.46125
-1.46218
-1.46310
-1.46403
-1.46496
-1.46588
-1.46681
-1.46774
-1.46867
-1.46959
-1.47052
-1.47145
-1.47238
-1.47330
-1.47423
-1.47516
-1.47609
-1.47702
-1.47795
-1.47888
-1.47980
-1.48073
-1.48166
-1.48259
-1.48352
-1.48445
-1.48538
-1.48631
-1.48724
-1.48817
-1.48910
-1.49003
-1.49096
-1.49189
-1.49282
-1.49375
-1.49469
-1.49562
-1.49655
-1.49748
-1.49841
-1.49934
-1.50028
-1.50121
-1.50214
-1.50307
-1.50400
-1.50494
-1.50587
-1.50680
-1.50774
-1.50867
-1.50960
-1.51054
-1.51147
-1.51240
-1.51334
-1.51427
-1.51520
-1.51614
-1.51707
-1.51801
-1.51894
-1.51988
-1.52081
-1.52175
-1.52268
-1.52362
-1.52455
-1.52549
-1.52642
-1.52736
-1.52830
-1.52923
-1.53017
-1.53111
-1.53204
-1.53298
-1.53392
-1.53485
-1.53579
-1.53673
-1.53766
-1.53860
-1.53954
-1.54048
-1.54141
-1.54235
-1.54329
-1.54423
-1.54517
-1.54611
-1.54705
-1.54798
-1.54892
-1.54986
-1.55080
-1.55174
-1.55268
-1.55362
-1.55456
-1.55550
-1.55644
-1.55738
-1.55832
-1.55926
-1.56020
-1.56114
-1.56208
-1.56303
-1.56397
-1.56491
-1.56585
-1.56679
-1.56773
-1.56867
-1.56962
-1.57056
-1.57150
-1.57244
-1.57339
-1.57433
-1.57527
-1.57622
-1.57716
-1.57810
-1.57905
-1.57999
-1.58093
-1.58188
-1.58282
-1.58376
-1.58471
-1.58565
-1.58660
-1.58754
-1.58849
-1.58943
-1.59038
-1.59132
-1.59227
-1.59321
-1.59416
-1.59511
-1.59605
-1.59700
-1.59794
-1.59889
-1.59984
-1.60078
-1.60173
-1.60268
-1.60362
-1.60457
-1.60552
-1.60647
-1.60741
-1.60836
-1.60931
-1.61026
-1.61121
-1.61215
-1.61310
-1.61405
-1.61500
-1.61595
-1.61690
-1.61785
-1.61880
-1.61975
-1.62070
-1.62165
-1.62260
-1.62355
-1.62450
-1.62545
-1.62640
-1.62735
-1.62830
-1.62925
-1.63020
-1.63115
-1.63210
-1.63305
-1.63401
-1.63496
-1.63591
-1.63686
-1.63781
-1.63877
-1.63972
-1.64067
-1.64162
-1.64258
-1.64353
-1.64448
-1.64544
-1.64639
-1.64734
-1.64830
-1.64925
-1.65020
-1.65116
-1.65211
-1.65307
-1.65402
-1.65498
-1.65593
-1.65689
-1.65784
-1.65880
-1.65975
-1.66071
-1.66166
-1.66262
-1.66358
-1.66453
-1.66549
-1.66644
-1.66740
-1.66836
-1.66931
-1.67027
-1.67123
-1.67219
-1.67314
-1.67410
-1.67506
-1.67602
-1.67697
-1.67793
-1.67889
-1.67985
-1.68081
-1.68177
-1.68273
-1.68368
-1.68464
-1.68560
-1.68656
-1.68752
-1.68848
-1.68944
-1.69040
-1.69136
-1.69232
-1.69328
-1.69424
-1.69520
-1.69616
-1.69713
-1.69809
-1.69905
-1.70001
-1.70097
-1.70193
-1.70289
-1.70386
-1.70482
-1.70578
-1.70674
-1.70771
-1.70867
-1.70963
-1.71060
-1.71156
-1.71252
-1.71349
-1.71445
-1.71541
-1.71638
-1.71734
-1.71830
-1.71927
-1.72023
-1.72120
-1.72216
-1.72313
-1.72409
-1.72506
-1.72602
-1.72699
-1.72796
-1.72892
-1.72989
-1.73085
-1.73182
-1.73279
-1.73375
-1.73472
-1.73569
-1.73665
-1.73762
-1.73859
-1.73955
-1.74052
-1.74149
-1.74246
-1.74343
-1.74439
-1.74536
-1.74633
-1.74730
-1.74827
-1.74924
-1.75021
-1.75118
-1.75214
-1.75311
-1.75408
-1.75505
-1.75602
-1.75699
-1.75796
-1.75893
-1.75990
-1.76087
-1.76185
-1.76282
-1.76379
-1.76476
-1.76573
-1.76670
-1.76767
-1.76865
-1.76962
-1.77059
-1.77156
-1.77253
-1.77351
-1.77448
-1.77545
-1.77643
-1.77740
-1.77837
-1.77935
-1.78032
-1.78129
-1.78227
-1.78324
-1.78421
-1.78519
-1.78616
-1.78714
-1.78811
-1.78909
-1.79006
-1.79104
-1.79201
-1.79299
-1.79397
-1.79494
-1.79592
-1.79689
-1.79787
-1.79885
-1.79982
-1.80080
-1.80178
-1.80275
-1.80373
-1.80471
-1.80568
-1.80666
-1.80764
-1.80862
-1.80960
-1.81057
-1.81155
-1.81253
-1.81351
-1.81449
-1.81547
-1.81645
-1.81743
-1.81841
-1.81939
-1.82037
-1.82134
-1.82232
-1.82331
-1.82429
-1.82527
-1.82625
-1.82723
-1.82821
-1.82919
-1.83017
-1.83115
-1.83213
-1.83312
-1.83410
-1.83508
-1.83606
-1.83704
-1.83803
-1.83901
-1.83999
-1.84097
-1.84196
-1.84294
-1.84392
-1.84491
-1.84589
-1.84687
-1.84786
-1.84884
-1.84983
-1.85081
-1.85180
-1.85278
-1.85377
-1.85475
-1.85574
-1.85672
-1.85771
-1.85869
-1.85968
-1.86066
-1.86165
-1.86264
-1.86362
-1.86461
-1.86560
-1.86658
-1.86757
-1.86856
-1.86954
-1.87053
-1.87152
-1.87251
-1.87349
-1.87448
-1.87547
-1.87646
-1.87745
-1.87844
-1.87942
-1.88041
-1.88140
-1.88239
-1.88338
-1.88437
-1.88536
-1.88635
-1.88734
-1.88833
-1.88932
-1.89031
-1.89130
-1.89229
-1.89328
-1.89428
-1.89527
-1.89626
-1.89725
-1.89824
-1.89923
-1.90022
-1.90122
-1.90221
-1.90320
-1.90419
-1.90519
-1.90618
-1.90717
-1.90817
-1.90916
-1.91015
-1.91115
-1.91214
-1.91314
-1.91413
-1.91512
-1.91612
-1.91711
-1.91811
-1.91910
-1.92010
-1.92109
-1.92209
-1.92308
-1.92408
-1.92508
-1.92607
-1.92707
-1.92806
-1.92906
-1.93006
-1.93105
-1.93205
-1.93305
-1.93405
-1.93504
-1.93604
-1.93704
-1.93804
-1.93903
-1.94003
-1.94103
-1.94203
-1.94303
-1.94403
-1.94503
-1.94603
-1.94702
-1.94802
-1.94902
-1.95002
-1.95102
-1.95202
-1.95302
-1.95402
-1.95502
-1.95603
-1.95703
-1.95803
-1.95903
-1.96003
-1.96103
-1.96203
-1.96303
-1.96404
-1.96504
-1.96604
-1.96704
-1.96805
-1.96905
-1.97005
-1.97105
-1.97206
-1.97306
-1.97407
-1.97507
-1.97607
-1.97708
-1.97808
-1.97909
-1.98009
-1.98109
-1.98210
-1.98310
-1.98411
-1.98511
-1.98612
-1.98713
-1.98813
-1.98914
-1.99014
-1.99115
-1.99216
-1.99316
-1.99417
-1.99518
-1.99618
-1.99719
-1.99820
-1.99921
-2.00021
-2.00122
-2.00223
-2.00324
-2.00424
-2.00525
-2.00626
-2.00727
-2.00828
-2.00929
-2.01030
-2.01131
-2.01232
-2.01333
-2.01434
-2.01535
-2.01636
-2.01737
-2.01838
-2.01939
-2.02040
-2.02141
-2.02242
-2.02343
-2.02444
-2.02546
-2.02647
-2.02748
-2.02849
-2.02950
-2.03052
-2.03153
-2.03254
-2.03355
-2.03457
-2.03558
-2.03659
-2.03761
-2.03862
-2.03964
-2.04065
-2.04166
-2.04268
-2.04369
-2.04471
-2.04572
-2.04674
-2.04775
-2.04877
-2.04978
-2.05080
-2.05181
-2.05283
-2.05385
-2.05486
-2.05588
-2.05690
-2.05791
-2.05893
-2.05995
-2.06096
-2.06198
-2.06300
-2.06402
-2.06503
-2.06605
-2.06707
-2.06809
-2.06911
-2.07013
-2.07115
-2.07216
-2.07318
-2.07420
-2.07522
-2.07624
-2.07726
-2.07828
-2.07930
-2.08032
-2.08134
-2.08236
-2.08339
-2.08441
-2.08543
-2.08645
-2.08747
-2.08849
-2.08951
-2.09054
-2.09156
-2.09258
-2.09360
-2.09463
-2.09565
-2.09667
-2.09769
-2.09872
-2.09974
-2.10076
-2.10179
-2.10281
-2.10384
-2.10486
-2.10589
-2.10691
-2.10793
-2.10896
-2.10998
-2.11101
-2.11204
-2.11306
-2.11409
-2.11511
-2.11614
-2.11716
-2.11819
-2.11922
-2.12024
-2.12127
-2.12230
-2.12333
-2.12435
-2.12538
-2.12641
-2.12744
-2.12846
-2.12949
-2.13052
-2.13155
-2.13258
-2.13361
-2.13464
-2.13567
-2.13669
-2.13772
-2.13875
-2.13978
-2.14081
-2.14184
-2.14287
-2.14391
-2.14494
-2.14597
-2.14700
-2.14803
-2.14906
-2.15009
-2.15112
-2.15216
-2.15319
-2.15422
-2.15525
-2.15628
-2.15732
-2.15835
-2.15938
-2.16042
-2.16145
-2.16248
-2.16352
-2.16455
-2.16559
-2.16662
-2.16765
-2.16869
-2.16972
-2.17076
-2.17179
-2.17283
-2.17386
-2.17490
-2.17593
-2.17697
-2.17801
-2.17904
-2.18008
-2.18112
-2.18215
-2.18319
-2.18423
-2.18526
-2.18630
-2.18734
-2.18838
-2.18941
-2.19045
-2.19149
-2.19253
-2.19357
-2.19461
-2.19565
-2.19668
-2.19772
-2.19876
-2.19980
-2.20084
-2.20188
-2.20292
-2.20396
-2.20500
-2.20604
-2.20708
-2.20813
-2.20917
-2.21021
-2.21125
-2.21229
-2.21333
-2.21437
-2.21542
-2.21646
-2.21750
-2.21854
-2.21959
-2.22063
-2.22167
-2.22272
-2.22376
-2.22480
-2.22585
-2.22689
-2.22794
-2.22898
-2.23002
-2.23107
-2.23211
-2.23316
-2.23420
-2.23525
-2.23630
-2.23734
-2.23839
-2.23943
-2.24048
-2.24153
-2.24257
-2.24362
-2.24467
-2.24571
-2.24676
-2.24781
-2.24886
-2.24990
-2.25095
-2.25200
-2.25305
-2.25410
-2.25514
-2.25619
-2.25724
-2.25829
-2.25934
-2.26039
-2.26144
-2.26249
-2.26354
-2.26459
-2.26564
-2.26669
-2.26774
-2.26879
-2.26984
-2.27089
-2.27195
-2.27300
-2.27405
-2.27510
-2.27615
-2.27721
-2.27826
-2.27931
-2.28036
-2.28142
-2.28247
-2.28352
-2.28458
-2.28563
-2.28668
-2.28774
-2.28879
-2.28985
-2.29090
-2.29196
-2.29301
-2.29407
-2.29512
-2.29618
-2.29723
-2.29829
-2.29934
-2.30040
-2.30146
-2.30251
-2.30357
-2.30463
-2.30568
-2.30674
-2.30780
-2.30885
-2.30991
-2.31097
-2.31203
-2.31309
-2.31414
-2.31520
-2.31626
-2.31732
-2.31838
-2.31944
-2.32050
-2.32156
-2.32262
-2.32368
-2.32474
-2.32580
-2.32686
-2.32792
-2.32898
-2.33004
-2.33110
-2.33216
-2.33322
-2.33429
-2.33535
-2.33641
-2.33747
-2.33853
-2.33960
-2.34066
-2.34172
-2.34279
-2.34385
-2.34491
-2.34598
-2.34704
-2.34810
-2.34917
-2.35023
-2.35130
-2.35236
-2.35343
-2.35449
-2.35556
-2.35662
-2.35769
-2.35875
-2.35982
-2.36089
-2.36195
-2.36302
-2.36408
-2.36515
-2.36622
-2.36729
-2.36835
-2.36942
-2.37049
-2.37156
-2.37262
-2.37369
-2.37476
-2.37583
-2.37690
-2.37797
-2.37904
-2.38011
-2.38118
-2.38225
-2.38331
-2.38438
-2.38546
-2.38653
-2.38760
-2.38867
-2.38974
-2.39081
-2.39188
-2.39295
-2.39402
-2.39510
-2.39617
-2.39724
-2.39831
-2.39938
-2.40046
-2.40153
-2.40260
-2.40368
-2.40475
-2.40582
-2.40690
-2.40797
-2.40905
-2.41012
-2.41119
-2.41227
-2.41334
-2.41442
-2.41549
-2.41657
-2.41765
-2.41872
-2.41980
-2.42087
-2.42195
-2.42303
-2.42410
-2.42518
-2.42626
-2.42733
-2.42841
-2.42949
-2.43057
-2.43164
-2.43272
-2.43380
-2.43488
-2.43596
-2.43704
-2.43812
-2.43920
-2.44028
-2.44135
-2.44243
-2.44351
-2.44459
-2.44568
-2.44676
-2.44784
-2.44892
-2.45000
-2.45108
-2.45216
-2.45324
-2.45432
-2.45541
-2.45649
-2.45757
-2.45865
-2.45974
-2.46082
-2.46190
-2.46299
-2.46407
-2.46515
-2.46624
-2.46732
-2.46840
-2.46949
-2.47057
-2.47166
-2.47274
-2.47383
-2.47491
-2.47600
-2.47708
-2.47817
-2.47926
-2.48034
-2.48143
-2.48252
-2.48360
-2.48469
-2.48578
-2.48686
-2.48795
-2.48904
-2.49013
-2.49122
-2.49230
-2.49339
-2.49448
-2.49557
-2.49666
-2.49775
-2.49884
-2.49993
-2.50102
-2.50211
-2.50320
-2.50429
-2.50538
-2.50647
-2.50756
-2.50865
-2.50974
-2.51083
-2.51192
-2.51302
-2.51411
-2.51520
-2.51629
-2.51738
-2.51848
-2.51957
-2.52066
-2.52176
-2.52285
-2.52394
-2.52504
-2.52613
-2.52723
-2.52832
-2.52941
-2.53051
-2.53160
-2.53270
-2.53379
-2.53489
-2.53599
-2.53708
-2.53818
-2.53927
-2.54037
-2.54147
-2.54256
-2.54366
-2.54476
-2.54586
-2.54695
-2.54805
-2.54915
-2.55025
-2.55135
-2.55244
-2.55354
-2.55464
-2.55574
-2.55684
-2.55794
-2.55904
-2.56014
-2.56124
-2.56234
-2.56344
-2.56454
-2.56564
-2.56674
-2.56784
-2.56894
-2.57005
-2.57115
-2.57225
-2.57335
-2.57445
-2.57556
-2.57666
-2.57776
-2.57887
-2.57997
-2.58107
-2.58218
-2.58328
-2.58438
-2.58549
-2.58659
-2.58770
-2.58880
-2.58991
-2.59101
-2.59212
-2.59322
-2.59433
-2.59543
-2.59654
-2.59765
-2.59875
-2.59986
-2.60097
-2.60207
-2.60318
-2.60429
-2.60540
-2.60650
-2.60761
-2.60872
-2.60983
-2.61094
-2.61205
-2.61316
-2.61427
-2.61537
-2.61648
-2.61759
-2.61870
-2.61981
-2.62092
-2.62204
-2.62315
-2.62426
-2.62537
-2.62648
-2.62759
-2.62870
-2.62981
-2.63093
-2.63204
-2.63315
-2.63426
-2.63538
-2.63649
-2.63760
-2.63872
-2.63983
-2.64094
-2.64206
-2.64317
-2.64429
-2.64540
-2.64652
-2.64763
-2.64875
-2.64986
-2.65098
-2.65209
-2.65321
-2.65433
-2.65544
-2.65656
-2.65768
-2.65879
-2.65991
-2.66103
-2.66214
-2.66326
-2.66438
-2.66550
-2.66662
-2.66774
-2.66885
-2.66997
-2.67109
-2.67221
-2.67333
-2.67445
-2.67557
-2.67669
-2.67781
-2.67893
-2.68005
-2.68117
-2.68229
-2.68342
-2.68454
-2.68566
-2.68678
-2.68790
-2.68902
-2.69015
-2.69127
-2.69239
-2.69352
-2.69464
-2.69576
-2.69689
-2.69801
-2.69913
-2.70026
-2.70138
-2.70251
-2.70363
-2.70476
-2.70588
-2.70701
-2.70813
-2.70926
-2.71038
-2.71151
-2.71264
-2.71376
-2.71489
-2.71602
-2.71714
-2.71827
-2.71940
-2.72053
-2.72166
-2.72278
-2.72391
-2.72504
-2.72617
-2.72730
-2.72843
-2.72956
-2.73069
-2.73182
-2.73295
-2.73408
-2.73521
-2.73634
-2.73747
-2.73860
-2.73973
-2.74086
-2.74199
-2.74313
-2.74426
-2.74539
-2.74652
-2.74765
-2.74879
-2.74992
-2.75105
-2.75219
-2.75332
-2.75445
-2.75559
-2.75672
-2.75786
-2.75899
-2.76013
-2.76126
-2.76240
-2.76353
-2.76467
-2.76580
-2.76694
-2.76808
-2.76921
-2.77035
-2.77149
-2.77262
-2.77376
-2.77490
-2.77604
-2.77717
-2.77831
-2.77945
-2.78059
-2.78173
-2.78287
-2.78400
-2.78514
-2.78628
-2.78742
-2.78856
-2.78970
-2.79084
-2.79198
-2.79312
-2.79427
-2.79541
-2.79655
-2.79769
-2.79883
-2.79997
-2.80111
-2.80226
-2.80340
-2.80454
-2.80569
-2.80683
-2.80797
-2.80912
-2.81026
-2.81140
-2.81255
-2.81369
-2.81484
-2.81598
-2.81713
-2.81827
-2.81942
-2.82056
-2.82171
-2.82285
-2.82400
-2.82515
-2.82629
-2.82744
-2.82859
-2.82973
-2.83088
-2.83203
-2.83318
-2.83432
-2.83547
-2.83662
-2.83777
-2.83892
-2.84007
-2.84122
-2.84237
-2.84352
-2.84467
-2.84582
-2.84697
-2.84812
-2.84927
-2.85042
-2.85157
-2.85272
-2.85387
-2.85503
-2.85618
-2.85733
-2.85848
-2.85963
-2.86079
-2.86194
-2.86309
-2.86425
-2.86540
-2.86655
-2.86771
-2.86886
-2.87002
-2.87117
-2.87233
-2.87348
-2.87464
-2.87579
-2.87695
-2.87810
-2.87926
-2.88042
-2.88157
-2.88273
-2.88389
-2.88504
-2.88620
-2.88736
-2.88852
-2.88968
-2.89083
-2.89199
-2.89315
-2.89431
-2.89547
-2.89663
-2.89779
-2.89895
-2.90011
-2.90127
-2.90243
-2.90359
-2.90475
-2.90591
-2.90707
-2.90823
-2.90939
-2.91056
-2.91172
-2.91288
-2.91404
-2.91521
-2.91637
-2.91753
-2.91870
-2.91986
-2.92102
-2.92219
-2.92335
-2.92452
-2.92568
-2.92684
-2.92801
-2.92917
-2.93034
-2.93151
-2.93267
-2.93384
-2.93500
-2.93617
-2.93734
-2.93850
-2.93967
-2.94084
-2.94201
-2.94317
-2.94434
-2.94551
-2.94668
-2.94785
-2.94902
-2.95019
-2.95135
-2.95252
-2.95369
-2.95486
-2.95603
-2.95720
-2.95837
-2.95955
-2.96072
-2.96189
-2.96306
-2.96423
-2.96540
-2.96657
-2.96775
-2.96892
-2.97009
-2.97126
-2.97244
-2.97361
-2.97478
-2.97596
-2.97713
-2.97831
-2.97948
-2.98066
-2.98183
-2.98301
-2.98418
-2.98536
-2.98653
-2.98771
-2.98888
-2.99006
-2.99124
-2.99241
-2.99359
-2.99477
-2.99595
-2.99712
-2.99830
-2.99948
-3.00066
-3.00184
-3.00302
-3.00419
-3.00537
-3.00655
-3.00773
-3.00891
-3.01009
-3.01127
-3.01245
-3.01363
-3.01482
-3.01600
-3.01718
-3.01836
-3.01954
-3.02072
-3.02191
-3.02309
-3.02427
-3.02545
-3.02664
-3.02782
-3.02900
-3.03019
-3.03137
-3.03256
-3.03374
-3.03492
-3.03611
-3.03729
-3.03848
-3.03967
-3.04085
-3.04204
-3.04322
-3.04441
-3.04560
-3.04678
-3.04797
-3.04916
-3.05035
-3.05153
-3.05272
-3.05391
-3.05510
-3.05629
-3.05748
-3.05866
-3.05985
-3.06104
-3.06223
-3.06342
-3.06461
-3.06580
-3.06699
-3.06818
-3.06938
-3.07057
-3.07176
-3.07295
-3.07414
-3.07533
-3.07653
-3.07772
-3.07891
-3.08011
-3.08130
-3.08249
-3.08369
-3.08488
-3.08607
-3.08727
-3.08846
-3.08966
-3.09085
-3.09205
-3.09324
-3.09444
-3.09564
-3.09683
-3.09803
-3.09922
-3.10042
-3.10162
-3.10282
-3.10401
-3.10521
-3.10641
-3.10761
-3.10881
-3.11000
-3.11120
-3.11240
-3.11360
-3.11480
-3.11600
-3.11720
-3.11840
-3.11960
-3.12080
-3.12200
-3.12321
-3.12441
-3.12561
-3.12681
-3.12801
-3.12921
-3.13042
-3.13162
-3.13282
-3.13403
-3.13523
-3.13643
-3.13764
-3.13884
-3.14004
-3.14125
-3.14245
-3.14366
-3.14486
-3.14607
-3.14728
-3.14848
-3.14969
-3.15089
-3.15210
-3.15331
-3.15451
-3.15572
-3.15693
-3.15814
-3.15934
-3.16055
-3.16176
-3.16297
-3.16418
-3.16539
-3.16660
-3.16781
-3.16902
-3.17023
-3.17144
-3.17265
-3.17386
-3.17507
-3.17628
-3.17749
-3.17870
-3.17992
-3.18113
-3.18234
-3.18355
-3.18476
-3.18598
-3.18719
-3.18840
-3.18962
-3.19083
-3.19205
-3.19326
-3.19448
-3.19569
-3.19691
-3.19812
-3.19934
-3.20055
-3.20177
-3.20298
-3.20420
-3.20542
-3.20663
-3.20785
-3.20907
-3.21029
-3.21150
-3.21272
-3.21394
-3.21516
-3.21638
-3.21760
-3.21882
-3.22004
-3.22126
-3.22248
-3.22370
-3.22492
-3.22614
-3.22736
-3.22858
-3.22980
-3.23102
-3.23224
-3.23347
-3.23469
-3.23591
-3.23713
-3.23836
-3.23958
-3.24080
-3.24203
-3.24325
-3.24447
-3.24570
-3.24692
-3.24815
-3.24937
-3.25060
-3.25182
-3.25305
-3.25428
-3.25550
-3.25673
-3.25796
-3.25918
-3.26041
-3.26164
-3.26287
-3.26409
-3.26532
-3.26655
-3.26778
-3.26901
-3.27024
-3.27147
-3.27270
-3.27393
-3.27516
-3.27639
-3.27762
-3.27885
-3.28008
-3.28131
-3.28254
-3.28377
-3.28500
-3.28624
-3.28747
-3.28870
-3.28993
-3.29117
-3.29240
-3.29363
-3.29487
-3.29610
-3.29734
-3.29857
-3.29981
-3.30104
-3.30228
-3.30351
-3.30475
-3.30598
-3.30722
-3.30846
-3.30969
-3.31093
-3.31217
-3.31340
-3.31464
-3.31588
-3.31712
-3.31836
-3.31960
-3.32083
-3.32207
-3.32331
-3.32455
-3.32579
-3.32703
-3.32827
-3.32951
-3.33075
-3.33200
-3.33324
-3.33448
-3.33572
-3.33696
-3.33820
-3.33945
-3.34069
-3.34193
-3.34318
-3.34442
-3.34566
-3.34691
-3.34815
-3.34940
-3.35064
-3.35188
-3.35313
-3.35438
-3.35562
-3.35687
-3.35811
-3.35936
-3.36061
-3.36185
-3.36310
-3.36435
-3.36559
-3.36684
-3.36809
-3.36934
-3.37059
-3.37184
-3.37309
-3.37433
-3.37558
-3.37683
-3.37808
-3.37933
-3.38059
-3.38184
-3.38309
-3.38434
-3.38559
-3.38684
-3.38809
-3.38935
-3.39060
-3.39185
-3.39310
-3.39436
-3.39561
-3.39686
-3.39812
-3.39937
-3.40063
-3.40188
-3.40314
-3.40439
-3.40565
-3.40690
-3.40816
-3.40941
-3.41067
-3.41193
-3.41318
-3.41444
-3.41570
-3.41696
-3.41822
-3.41947
-3.42073
-3.42199
-3.42325
-3.42451
-3.42577
-3.42703
-3.42829
-3.42955
-3.43081
-3.43207
-3.43333
-3.43459
-3.43585
-3.43711
-3.43838
-3.43964
-3.44090
-3.44216
-3.44343
-3.44469
-3.44595
-3.44722
-3.44848
-3.44974
-3.45101
-3.45227
-3.45354
-3.45480
-3.45607
-3.45733
-3.45860
-3.45987
-3.46113
-3.46240
-3.46367
-3.46493
-3.46620
-3.46747
-3.46874
-3.47000
-3.47127
-3.47254
-3.47381
-3.47508
-3.47635
-3.47762
-3.47889
-3.48016
-3.48143
-3.48270
-3.48397
-3.48524
-3.48651
-3.48778
-3.48906
-3.49033
-3.49160
-3.49287
-3.49415
-3.49542
-3.49669
-3.49797
-3.49924
-3.50052
-3.50179
-3.50306
-3.50434
-3.50561
-3.50689
-3.50817
-3.50944
-3.51072
-3.51199
-3.51327
-3.51455
-3.51583
-3.51710
-3.51838
-3.51966
-3.52094
-3.52222
-3.52349
-3.52477
-3.52605
-3.52733
-3.52861
-3.52989
-3.53117
-3.53245
-3.53373
-3.53502
-3.53630
-3.53758
-3.53886
-3.54014
-3.54143
-3.54271
-3.54399
-3.54527
-3.54656
-3.54784
-3.54912
-3.55041
-3.55169
-3.55298
-3.55426
-3.55555
-3.55683
-3.55812
-3.55941
-3.56069
-3.56198
-3.56327
-3.56455
-3.56584
-3.56713
-3.56842
-3.56970
-3.57099
-3.57228
-3.57357
-3.57486
-3.57615
-3.57744
-3.57873
-3.58002
-3.58131
-3.58260
-3.58389
-3.58518
-3.58647
-3.58776
-3.58906
-3.59035
-3.59164
-3.59293
-3.59423
-3.59552
-3.59681
-3.59811
-3.59940
-3.60070
-3.60199
-3.60329
-3.60458
-3.60588
-3.60717
-3.60847
-3.60976
-3.61106
-3.61236
-3.61365
-3.61495
-3.61625
-3.61755
-3.61884
-3.62014
-3.62144
-3.62274
-3.62404
-3.62534
-3.62664
-3.62794
-3.62924
-3.63054
-3.63184
-3.63314
-3.63444
-3.63574
-3.63705
-3.63835
-3.63965
-3.64095
-3.64225
-3.64356
-3.64486
-3.64616
-3.64747
-3.64877
-3.65008
-3.65138
-3.65269
-3.65399
-3.65530
-3.65660
-3.65791
-3.65922
-3.66052
-3.66183
-3.66314
-3.66444
-3.66575
-3.66706
-3.66837
-3.66968
-3.67098
-3.67229
-3.67360
-3.67491
-3.67622
-3.67753
-3.67884
-3.68015
-3.68146
-3.68277
-3.68409
-3.68540
-3.68671
-3.68802
-3.68933
-3.69065
-3.69196
-3.69327
-3.69459
-3.69590
-3.69721
-3.69853
-3.69984
-3.70116
-3.70247
-3.70379
-3.70510
-3.70642
-3.70774
-3.70905
-3.71037
-3.71169
-3.71300
-3.71432
-3.71564
-3.71696
-3.71828
-3.71960
-3.72091
-3.72223
-3.72355
-3.72487
-3.72619
-3.72751
-3.72883
-3.73015
-3.73148
-3.73280
-3.73412
-3.73544
-3.73676
-3.73809
-3.73941
-3.74073
-3.74205
-3.74338
-3.74470
-3.74603
-3.74735
-3.74868
-3.75000
-3.75133
-3.75265
-3.75398
-3.75530
-3.75663
-3.75796
-3.75928
-3.76061
-3.76194
-3.76327
-3.76459
-3.76592
-3.76725
-3.76858
-3.76991
-3.77124
-3.77257
-3.77390
-3.77523
-3.77656
-3.77789
-3.77922
-3.78055
-3.78188
-3.78321
-3.78455
-3.78588
-3.78721
-3.78854
-3.78988
-3.79121
-3.79255
-3.79388
-3.79521
-3.79655
-3.79788
-3.79922
-3.80055
-3.80189
-3.80323
-3.80456
-3.80590
-3.80724
-3.80857
-3.80991
-3.81125
-3.81259
-3.81393
-3.81526
-3.81660
-3.81794
-3.81928
-3.82062
-3.82196
-3.82330
-3.82464
-3.82598
-3.82732
-3.82866
-3.83001
-3.83135
-3.83269
-3.83403
-3.83538
-3.83672
-3.83806
-3.83941
-3.84075
-3.84209
-3.84344
-3.84478
-3.84613
-3.84747
-3.84882
-3.85017
-3.85151
-3.85286
-3.85421
-3.85555
-3.85690
-3.85825
-3.85960
-3.86094
-3.86229
-3.86364
-3.86499
-3.86634
-3.86769
-3.86904
-3.87039
-3.87174
-3.87309
-3.87444
-3.87579
-3.87714
-3.87850
-3.87985
-3.88120
-3.88255
-3.88391
-3.88526
-3.88661
-3.88797
-3.88932
-3.89068
-3.89203
-3.89339
-3.89474
-3.89610
-3.89745
-3.89881
-3.90017
-3.90152
-3.90288
-3.90424
-3.90559
-3.90695
-3.90831
-3.90967
-3.91103
-3.91239
-3.91375
-3.91511
-3.91647
-3.91783
-3.91919
-3.92055
-3.92191
-3.92327
-3.92463
-3.92599
-3.92736
-3.92872
-3.93008
-3.93145
-3.93281
-3.93417
-3.93554
-3.93690
-3.93827
-3.93963
-3.94100
-3.94236
-3.94373
-3.94509
-3.94646
-3.94783
-3.94919
-3.95056
-3.95193
-3.95330
-3.95466
-3.95603
-3.95740
-3.95877
-3.96014
-3.96151
-3.96288
-3.96425
-3.96562
-3.96699
-3.96836
-3.96973
-3.97110
-3.97248
-3.97385
-3.97522
-3.97659
-3.97797
-3.97934
-3.98071
-3.98209
-3.98346
-3.98484
-3.98621
-3.98759
-3.98896
-3.99034
-3.99171
-3.99309
-3.99447
-3.99584
-3.99722
-3.99860
-3.99998
-4.00136
-4.00273
-4.00411
-4.00549
-4.00687
-4.00825
-4.00963
-4.01101
-4.01239
-4.01377
-4.01515
-4.01654
-4.01792
-4.01930
-4.02068
-4.02206
-4.02345
-4.02483
-4.02621
-4.02760
-4.02898
-4.03037
-4.03175
-4.03314
-4.03452
-4.03591
-4.03729
-4.03868
-4.04007
-4.04145
-4.04284
-4.04423
-4.04562
-4.04700
-4.04839
-4.04978
-4.05117
-4.05256
-4.05395
-4.05534
-4.05673
-4.05812
-4.05951
-4.06090
-4.06229
-4.06368
-4.06508
-4.06647
-4.06786
-4.06925
-4.07065
-4.07204
-4.07343
-4.07483
-4.07622
-4.07762
-4.07901
-4.08041
-4.08180
-4.08320
-4.08460
-4.08599
-4.08739
-4.08879
-4.09018
-4.09158
-4.09298
-4.09438
-4.09578
-4.09718
-4.09858
-4.09998
-4.10138
-4.10278
-4.10418
-4.10558
-4.10698
-4.10838
-4.10978
-4.11118
-4.11259
-4.11399
-4.11539
-4.11679
-4.11820
-4.11960
-4.12101
-4.12241
-4.12382
-4.12522
-4.12663
-4.12803
-4.12944
-4.13084
-4.13225
-4.13366
-4.13507
-4.13647
-4.13788
-4.13929
-4.14070
-4.14211
-4.14352
-4.14493
-4.14634
-4.14775
-4.14916
-4.15057
-4.15198
-4.15339
-4.15480
-4.15621
-4.15763
-4.15904
-4.16045
-4.16186
-4.16328
-4.16469
-4.16611
-4.16752
-4.16894
-4.17035
-4.17177
-4.17318
-4.17460
-4.17601
-4.17743
-4.17885
-4.18027
-4.18168
-4.18310
-4.18452
-4.18594
-4.18736
-4.18878
-4.19020
-4.19162
-4.19304
-4.19446
-4.19588
-4.19730
-4.19872
-4.20014
-4.20156
-4.20299
-4.20441
-4.20583
-4.20726
-4.20868
-4.21010
-4.21153
-4.21295
-4.21438
-4.21580
-4.21723
-4.21865
-4.22008
-4.22151
-4.22293
-4.22436
-4.22579
-4.22722
-4.22864
-4.23007
-4.23150
-4.23293
-4.23436
-4.23579
-4.23722
-4.23865
-4.24008
-4.24151
-4.24294
-4.24437
-4.24581
-4.24724
-4.24867
-4.25010
-4.25154
-4.25297
-4.25441
-4.25584
-4.25727
-4.25871
-4.26014
-4.26158
-4.26302
-4.26445
-4.26589
-4.26732
-4.26876
-4.27020
-4.27164
-4.27308
-4.27451
-4.27595
-4.27739
-4.27883
-4.28027
-4.28171
-4.28315
-4.28459
-4.28603
-4.28747
-4.28892
-4.29036
-4.29180
-4.29324
-4.29469
-4.29613
-4.29757
-4.29902
-4.30046
-4.30191
-4.30335
-4.30480
-4.30624
-4.30769
-4.30913
-4.31058
-4.31203
-4.31347
-4.31492
-4.31637
-4.31782
-4.31927
-4.32072
-4.32216
-4.32361
-4.32506
-4.32651
-4.32797
-4.32942
-4.33087
-4.33232
-4.33377
-4.33522
-4.33668
-4.33813
-4.33958
-4.34103
-4.34249
-4.34394
-4.34540
-4.34685
-4.34831
-4.34976
-4.35122
-4.35267
-4.35413
-4.35559
-4.35705
-4.35850
-4.35996
-4.36142
-4.36288
-4.36434
-4.36580
-4.36725
-4.36871
-4.37017
-4.37163
-4.37310
-4.37456
-4.37602
-4.37748
-4.37894
-4.38040
-4.38187
-4.38333
-4.38479
-4.38626
-4.38772
-4.38919
-4.39065
-4.39212
-4.39358
-4.39505
-4.39651
-4.39798
-4.39945
-4.40092
-4.40238
-4.40385
-4.40532
-4.40679
-4.40826
-4.40973
-4.41120
-4.41266
-4.41414
-4.41561
-4.41708
-4.41855
-4.42002
-4.42149
-4.42296
-4.42444
-4.42591
-4.42738
-4.42886
-4.43033
-4.43180
-4.43328
-4.43475
-4.43623
-4.43771
-4.43918
-4.44066
-4.44213
-4.44361
-4.44509
-4.44657
-4.44804
-4.44952
-4.45100
-4.45248
-4.45396
-4.45544
-4.45692
-4.45840
-4.45988
-4.46136
-4.46284
-4.46433
-4.46581
-4.46729
-4.46877
-4.47026
-4.47174
-4.47322
-4.47471
-4.47619
-4.47768
-4.47916
-4.48065
-4.48214
-4.48362
-4.48511
-4.48660
-4.48808
-4.48957
-4.49106
-4.49255
-4.49404
-4.49553
-4.49701
-4.49850
-4.49999
-4.50148
-4.50298
-4.50447
-4.50596
-4.50745
-4.50894
-4.51044
-4.51193
-4.51342
-4.51492
-4.51641
-4.51790
-4.51940
-4.52089
-4.52239
-4.52388
-4.52538
-4.52688
-4.52837
-4.52987
-4.53137
-4.53287
-4.53436
-4.53586
-4.53736
-4.53886
-4.54036
-4.54186
-4.54336
-4.54486
-4.54636
-4.54786
-4.54937
-4.55087
-4.55237
-4.55387
-4.55538
-4.55688
-4.55838
-4.55989
-4.56139
-4.56290
-4.56440
-4.56591
-4.56741
-4.56892
-4.57043
-4.57193
-4.57344
-4.57495
-4.57646
-4.57797
-4.57948
-4.58098
-4.58249
-4.58400
-4.58551
-4.58702
-4.58854
-4.59005
-4.59156
-4.59307
-4.59458
-4.59610
-4.59761
-4.59912
-4.60064
-4.60215
-4.60367
-4.60518
-4.60670
-4.60821
-4.60973
-4.61124
-4.61276
-4.61428
-4.61579
-4.61731
-4.61883
-4.62035
-4.62187
-4.62339
-4.62491
-4.62643
-4.62795
-4.62947
-4.63099
-4.63251
-4.63403
-4.63555
-4.63708
-4.63860
-4.64012
-4.64165
-4.64317
-4.64470
-4.64622
-4.64774
-4.64927
-4.65080
-4.65232
-4.65385
-4.65538
-4.65690
-4.65843
-4.65996
-4.66149
-4.66302
-4.66454
-4.66607
-4.66760
-4.66913
-4.67066
-4.67220
-4.67373
-4.67526
-4.67679
-4.67832
-4.67986
-4.68139
-4.68292
-4.68446
-4.68599
-4.68753
-4.68906
-4.69060
-4.69213
-4.69367
-4.69520
-4.69674
-4.69828
-4.69982
-4.70135
-4.70289
-4.70443
-4.70597
-4.70751
-4.70905
-4.71059
-4.71213
-4.71367
-4.71521
-4.71675
-4.71830
-4.71984
-4.72138
-4.72292
-4.72447
-4.72601
-4.72756
-4.72910
-4.73064
-4.73219
-4.73374
-4.73528
-4.73683
-4.73838
-4.73992
-4.74147
-4.74302
-4.74457
-4.74612
-4.74766
-4.74921
-4.75076
-4.75231
-4.75387
-4.75542
-4.75697
-4.75852
-4.76007
-4.76162
-4.76318
-4.76473
-4.76628
-4.76784
-4.76939
-4.77095
-4.77250
-4.77406
-4.77561
-4.77717
-4.77873
-4.78028
-4.78184
-4.78340
-4.78496
-4.78652
-4.78808
-4.78963
-4.79119
-4.79275
-4.79431
-4.79588
-4.79744
-4.79900
-4.80056
-4.80212
-4.80369
-4.80525
-4.80681
-4.80838
-4.80994
-4.81151
-4.81307
-4.81464
-4.81620
-4.81777
-4.81934
-4.82090
-4.82247
-4.82404
-4.82561
-4.82717
-4.82874
-4.83031
-4.83188
-4.83345
-4.83502
-4.83659
-4.83816
-4.83974
-4.84131
-4.84288
-4.84445
-4.84603
-4.84760
-4.84917
-4.85075
-4.85232
-4.85390
-4.85547
-4.85705
-4.85863
-4.86020
-4.86178
-4.86336
-4.86494
-4.86651
-4.86809
-4.86967
-4.87125
-4.87283
-4.87441
-4.87599
-4.87757
-4.87915
-4.88074
-4.88232
-4.88390
-4.88548
-4.88707
-4.88865
-4.89024
-4.89182
-4.89340
-4.89499
-4.89658
-4.89816
-4.89975
-4.90134
-4.90292
-4.90451
-4.90610
-4.90769
-4.90928
-4.91087
-4.91245
-4.91404
-4.91564
-4.91723
-4.91882
-4.92041
-4.92200
-4.92359
-4.92519
-4.92678
-4.92837
-4.92997
-4.93156
-4.93316
-4.93475
-4.93635
-4.93794
-4.93954
-4.94114
-4.94273
-4.94433
-4.94593
-4.94753
-4.94913
-4.95073
-4.95233
-4.95393
-4.95553
-4.95713
-4.95873
-4.96033
-4.96193
-4.96353
-4.96514
-4.96674
-4.96834
-4.96995
-4.97155
-4.97316
-4.97476
-4.97637
-4.97798
-4.97958
-4.98119
-4.98280
-4.98440
-4.98601
-4.98762
-4.98923
-4.99084
-4.99245
-4.99406
-4.99567
-4.99728
-4.99889
-5.00050
-5.00212
-5.00373
-5.00534
-5.00695
-5.00857
-5.01018
-5.01180
-5.01341
-5.01503
-5.01664
-5.01826
-5.01988
-5.02149
-5.02311
-5.02473
-5.02635
-5.02797
-5.02958
-5.03120
-5.03282
-5.03444
-5.03607
-5.03769
-5.03931
-5.04093
-5.04255
-5.04418
-5.04580
-5.04742
-5.04905
-5.05067
-5.05230
-5.05392
-5.05555
-5.05717
-5.05880
-5.06043
-5.06205
-5.06368
-5.06531
-5.06694
-5.06857
-5.07020
-5.07183
-5.07346
-5.07509
-5.07672
-5.07835
-5.07998
-5.08162
-5.08325
-5.08488
-5.08652
-5.08815
-5.08978
-5.09142
-5.09305
-5.09469
-5.09633
-5.09796
-5.09960
-5.10124
-5.10288
-5.10451
-5.10615
-5.10779
-5.10943
-5.11107
-5.11271
-5.11435
-5.11599
-5.11763
-5.11928
-5.12092
-5.12256
-5.12421
-5.12585
-5.12749
-5.12914
-5.13078
-5.13243
-5.13407
-5.13572
-5.13737
-5.13901
-5.14066
-5.14231
-5.14396
-5.14561
-5.14726
-5.14891
-5.15056
-5.15221
-5.15386
-5.15551
-5.15716
-5.15881
-5.16047
-5.16212
-5.16377
-5.16543
-5.16708
-5.16874
-5.17039
-5.17205
-5.17370
-5.17536
-5.17702
-5.17867
-5.18033
-5.18199
-5.18365
-5.18531
-5.18697
-5.18863
-5.19029
-5.19195
-5.19361
-5.19527
-5.19694
-5.19860
-5.20026
-5.20192
-5.20359
-5.20525
-5.20692
-5.20858
-5.21025
-5.21191
-5.21358
-5.21525
-5.21692
-5.21858
-5.22025
-5.22192
-5.22359
-5.22526
-5.22693
-5.22860
-5.23027
-5.23194
-5.23361
-5.23529
-5.23696
-5.23863
-5.24030
-5.24198
-5.24365
-5.24533
-5.24700
-5.24868
-5.25036
-5.25203
-5.25371
-5.25539
-5.25706
-5.25874
-5.26042
-5.26210
-5.26378
-5.26546
-5.26714
-5.26882
-5.27050
-5.27219
-5.27387
-5.27555
-5.27723
-5.27892
-5.28060
-5.28229
-5.28397
-5.28566
-5.28734
-5.28903
-5.29072
-5.29240
-5.29409
-5.29578
-5.29747
-5.29916
-5.30085
-5.30254
-5.30423
-5.30592
-5.30761
-5.30930
-5.31099
-5.31269
-5.31438
-5.31607
-5.31777
-5.31946
-5.32116
-5.32285
-5.32455
-5.32624
-5.32794
-5.32964
-5.33133
-5.33303
-5.33473
-5.33643
-5.33813
-5.33983
-5.34153
-5.34323
-5.34493
-5.34663
-5.34834
-5.35004
-5.35174
-5.35344
-5.35515
-5.35685
-5.35856
-5.36026
-5.36197
-5.36367
-5.36538
-5.36709
-5.36880
-5.37050
-5.37221
-5.37392
-5.37563
-5.37734
-5.37905
-5.38076
-5.38247
-5.38419
-5.38590
-5.38761
-5.38932
-5.39104
-5.39275
-5.39447
-5.39618
-5.39790
-5.39961
-5.40133
-5.40304
-5.40476
-5.40648
-5.40820
-5.40992
-5.41164
-5.41335
-5.41507
-5.41680
-5.41852
-5.42024
-5.42196
-5.42368
-5.42540
-5.42713
-5.42885
-5.43058
-5.43230
-5.43403
-5.43575
-5.43748
-5.43920
-5.44093
-5.44266
-5.44439
-5.44612
-5.44784
-5.44957
-5.45130
-5.45303
-5.45476
-5.45650
-5.45823
-5.45996
-5.46169
-5.46343
-5.46516
-5.46689
-5.46863
-5.47036
-5.47210
-5.47383
-5.47557
-5.47731
-5.47904
-5.48078
-5.48252
-5.48426
-5.48600
-5.48774
-5.48948
-5.49122
-5.49296
-5.49470
-5.49644
-5.49819
-5.49993
-5.50167
-5.50342
-5.50516
-5.50691
-5.50865
-5.51040
-5.51215
-5.51389
-5.51564
-5.51739
-5.51914
-5.52088
-5.52263
-5.52438
-5.52613
-5.52788
-5.52964
-5.53139
-5.53314
-5.53489
-5.53665
-5.53840
-5.54015
-5.54191
-5.54366
-5.54542
-5.54717
-5.54893
-5.55069
-5.55245
-5.55420
-5.55596
-5.55772
-5.55948
-5.56124
-5.56300
-5.56476
-5.56652
-5.56829
-5.57005
-5.57181
-5.57357
-5.57534
-5.57710
-5.57887
-5.58063
-5.58240
-5.58416
-5.58593
-5.58770
-5.58947
-5.59123
-5.59300
-5.59477
-5.59654
-5.59831
-5.60008
-5.60185
-5.60363
-5.60540
-5.60717
-5.60894
-5.61072
-5.61249
-5.61427
-5.61604
-5.61782
-5.61959
-5.62137
-5.62315
-5.62492
-5.62670
-5.62848
-5.63026
-5.63204
-5.63382
-5.63560
-5.63738
-5.63916
-5.64094
-5.64273
-5.64451
-5.64629
-5.64808
-5.64986
-5.65165
-5.65343
-5.65522
-5.65701
-5.65879
-5.66058
-5.66237
-5.66416
-5.66595
-5.66774
-5.66953
-5.67132
-5.67311
-5.67490
-5.67669
-5.67848
-5.68028
-5.68207
-5.68386
-5.68566
-5.68745
-5.68925
-5.69105
-5.69284
-5.69464
-5.69644
-5.69824
-5.70003
-5.70183
-5.70363
-5.70543
-5.70723
-5.70904
-5.71084
-5.71264
-5.71444
-5.71625
-5.71805
-5.71985
-5.72166
-5.72346
-5.72527
-5.72708
-5.72888
-5.73069
-5.73250
-5.73431
-5.73611
-5.73792
-5.73973
-5.74154
-5.74336
-5.74517
-5.74698
-5.74879
-5.75060
-5.75242
-5.75423
-5.75605
-5.75786
-5.75968
-5.76149
-5.76331
-5.76513
-5.76694
-5.76876
-5.77058
-5.77240
-5.77422
-5.77604
-5.77786
-5.77968
-5.78150
-5.78333
-5.78515
-5.78697
-5.78880
-5.79062
-5.79245
-5.79427
-5.79610
-5.79792
-5.79975
-5.80158
-5.80341
-5.80524
-5.80706
-5.80889
-5.81072
-5.81255
-5.81439
-5.81622
-5.81805
-5.81988
-5.82172
-5.82355
-5.82538
-5.82722
-5.82905
-5.83089
-5.83273
-5.83456
-5.83640
-5.83824
-5.84008
-5.84192
-5.84376
-5.84560
-5.84744
-5.84928
-5.85112
-5.85296
-5.85481
-5.85665
-5.85849
-5.86034
-5.86218
-5.86403
-5.86588
-5.86772
-5.86957
-5.87142
-5.87327
-5.87511
-5.87696
-5.87881
-5.88066
-5.88251
-5.88437
-5.88622
-5.88807
-5.88992
-5.89178
-5.89363
-5.89549
-5.89734
-5.89920
-5.90105
-5.90291
-5.90477
-5.90663
-5.90848
-5.91034
-5.91220
-5.91406
-5.91592
-5.91778
-5.91965
-5.92151
-5.92337
-5.92523
-5.92710
-5.92896
-5.93083
-5.93269
-5.93456
-5.93643
-5.93829
-5.94016
-5.94203
-5.94390
-5.94577
-5.94764
-5.94951
