2.79093
2.79089
2.79080
2.79065
2.79046
2.79023
2.78997
2.78969
2.78938
2.78906
2.78872
2.78837
2.78800
2.78763
2.78725
2.78686
2.78647
2.78608
2.78568
2.78528
2.78488
2.78447
2.78406
2.78366
2.78325
2.78284
2.78243
2.78202
2.78161
2.78120
2.78079
2.78038
2.77996
2.77955
2.77914
2.77873
2.77832
2.77791
2.77750
2.77709
2.77668
2.77627
2.77586
2.77545
2.77503
2.77462
2.77421
2.77380
2.77339
2.77298
2.77257
2.77216
2.77175
2.77134
2.77093
2.77052
2.77011
2.76970
2.76929
2.76888
2.76847
2.76806
2.76765
2.76724
2.76683
2.76642
2.76601
2.76560
2.76519
2.76478
2.76437
2.76396
2.76355
2.76313
2.76272
2.76231
2.76190
2.76149
2.76108
2.76067
2.76026
2.75985
2.75944
2.75903
2.75862
2.75821
2.75780
2.75738
2.75697
2.75656
2.75615
2.75574
2.75533
2.75492
2.75451
2.75410
2.75368
2.75327
2.75286
2.75245
2.75204
2.75163
2.75122
2.75081
2.75039
2.74998
2.74957
2.74916
2.74875
2.74834
2.74793
2.74751
2.74710
2.74669
2.74628
2.74587
2.74546
2.74504
2.74463
2.74422
2.74381
2.74340
2.74298
2.74257
2.74216
2.74175
2.74134
2.74092
2.74051
2.74010
2.73969
2.73927
2.73886
2.73845
2.73804
2.73763
2.73721
2.73680
2.73639
2.73598
2.73556
2.73515
2.73474
2.73433
2.73391
2.73350
2.73309
2.73267
2.73226
2.73185
2.73144
2.73102
2.73061
2.73020
2.72978
2.72937
2.72896
2.72854
2.72813
2.72772
2.72731
2.72689
2.72648
2.72607
2.72565
2.72524
2.72483
2.72441
2.72400
2.72359
2.72317
2.72276
2.72235
2.72193
2.72152
2.72110
2.72069
2.72028
2.71986
2.71945
2.71904
2.71862
2.71821
2.71779
2.71738
2.71697
2.71655
2.71614
2.71572
2.71531
2.71490
2.71448
2.71407
2.71365
2.71324
2.71283
2.71241
2.71200
2.71158
2.71117
2.71075
2.71034
2.70992
2.70951
2.70910
2.70868
2.70827
2.70785
2.70744
2.70702
2.70661
2.70619
2.70578
2.70536
2.70495
2.70453
2.70412
2.70370
2.70329
2.70287
2.70246
2.70204
2.70163
2.70121
2.70080
2.70038
2.69997
2.69955
2.69914
2.69872
2.69831
2.69789
2.69748
2.69706
2.69664
2.69623
2.69581
2.69540
2.69498
2.69457
2.69415
2.69374
2.69332
2.69290
2.69249
2.69207
2.69166
2.69124
2.69082
2.69041
2.68999
2.68958
2.68916
2.68874
2.68833
2.68791
2.68750
2.68708
2.68666
2.68625
2.68583
2.68541
2.68500
2.68458
2.68417
2.68375
2.68333
2.68292
2.68250
2.68208
2.68167
2.68125
2.68083
2.68042
2.68000
2.67958
2.67917
2.67875
2.67833
2.67792
2.67750
2.67708
2.67666
2.67625
2.67583
2.67541
2.67500
2.67458
2.67416
2.67374
2.67333
2.67291
2.67249
2.67208
2.67166
2.67124
2.67082
2.67041
2.66999
2.66957
2.66915
2.66874
2.66832
2.66790
2.66748
2.66706
2.66665
2.66623
2.66581
2.66539
2.66498
2.66456
2.66414
2.66372
2.66330
2.66289
2.66247
2.66205
2.66163
2.66121
2.66079
2.66038
2.65996
2.65954
2.65912
2.65870
2.65828
2.65787
2.65745
2.65703
2.65661
2.65619
2.65577
2.65535
2.65494
2.65452
2.65410
2.65368
2.65326
2.65284
2.65242
2.65200
2.65159
2.65117
2.65075
2.65033
2.64991
2.64949
2.64907
2.64865
2.64823
2.64781
2.64739
2.64698
2.64656
2.64614
2.64572
2.64530
2.64488
2.64446
2.64404
2.64362
2.64320
2.64278
2.64236
2.64194
2.64152
2.64110
2.64068
2.64026
2.63984
2.63942
2.63900
2.63858
2.63816
2.63774
2.63732
2.63690
2.63648
2.63606
2.63564
2.63522
2.63480
2.63438
2.63396
2.63354
2.63312
2.63270
2.63228
2.63186
2.63144
2.63102
2.63060
2.63018
2.62976
2.62934
2.62892
2.62850
2.62808
2.62765
2.62723
2.62681
2.62639
2.62597
2.62555
2.62513
2.62471
2.62429
2.62387
2.62345
2.62302
2.62260
2.62218
2.62176
2.62134
2.62092
2.62050
2.62008
2.61965
2.61923
2.61881
2.61839
2.61797
2.61755
2.61713
2.61670
2.61628
2.61586
2.61544
2.61502
2.61460
2.61417
2.61375
2.61333
2.61291
2.61249
2.61206
2.61164
2.61122
2.61080
2.61038
2.60995
2.60953
2.60911
2.60869
2.60827
2.60784
2.60742
2.60700
2.60658
2.60615
2.60573
2.60531
2.60489
2.60446
2.60404
2.60362
2.60320
2.60277
2.60235
2.60193
2.60151
2.60108
2.60066
2.60024
2.59981
2.59939
2.59897
2.59855
2.59812
2.59770
2.59728
2.59685
2.59643
2.59601
2.59558
2.59516
2.59474
2.59431
2.59389
2.59347
2.59304
2.59262
2.59220
2.59177
2.59135
2.59093
2.59050
2.59008
2.58965
2.58923
2.58881
2.58838
2.58796
2.58754
2.58711
2.58669
2.58626
2.58584
2.58542
2.58499
2.58457
2.58414
2.58372
2.58330
2.58287
2.58245
2.58202
2.58160
2.58117
2.58075
2.58033
2.57990
2.57948
2.57905
2.57863
2.57820
2.57778
2.57735
2.57693
2.57650
2.57608
2.57566
2.57523
2.57481
2.57438
2.57396
2.57353
2.57311
2.57268
2.57226
2.57183
2.57141
2.57098
2.57056
2.57013
2.56971
2.56928
2.56885
2.56843
2.56800
2.56758
2.56715
2.56673
2.56630
2.56588
2.56545
2.56503
2.56460
2.56417
2.56375
2.56332
2.56290
2.56247
2.56205
2.56162
2.56119
2.56077
2.56034
2.55992
2.55949
2.55906
2.55864
2.55821
2.55779
2.55736
2.55693
2.55651
2.55608
2.55565
2.55523
2.55480
2.55438
2.55395
2.55352
2.55310
2.55267
2.55224
2.55182
2.55139
2.55096
2.55054
2.55011
2.54968
2.54926
2.54883
2.54840
2.54798
2.54755
2.54712
2.54669
2.54627
2.54584
2.54541
2.54499
2.54456
2.54413
2.54370
2.54328
2.54285
2.54242
2.54199
2.54157
2.54114
2.54071
2.54029
2.53986
2.53943
2.53900
2.53857
2.53815
2.53772
2.53729
2.53686
2.53644
2.53601
2.53558
2.53515
2.53472
2.53430
2.53387
2.53344
2.53301
2.53258
2.53216
2.53173
2.53130
2.53087
2.53044
2.53002
2.52959
2.52916
2.52873
2.52830
2.52787
2.52744
2.52702
2.52659
2.52616
2.52573
2.52530
2.52487
2.52444
2.52402
2.52359
2.52316
2.52273
2.52230
2.52187
2.52144
2.52101
2.52058
2.52015
2.51973
2.51930
2.51887
2.51844
2.51801
2.51758
2.51715
2.51672
2.51629
2.51586
2.51543
2.51500
2.51457
2.51414
2.51371
2.51328
2.51286
2.51243
2.51200
2.51157
2.51114
2.51071
2.51028
2.50985
2.50942
2.50899
2.50856
2.50813
2.50770
2.50727
2.50684
2.50641
2.50598
2.50555
2.50512
2.50469
2.50426
2.50382
2.50339
2.50296
2.50253
2.50210
2.50167
2.50124
2.50081
2.50038
2.49995
2.49952
2.49909
2.49866
2.49823
2.49780
2.49737
2.49693
2.49650
2.49607
2.49564
2.49521
2.49478
2.49435
2.49392
2.49349
2.49305
2.49262
2.49219
2.49176
2.49133
2.49090
2.49047
2.49004
2.48960
2.48917
2.48874
2.48831
2.48788
2.48745
2.48701
2.48658
2.48615
2.48572
2.48529
2.48486
2.48442
2.48399
2.48356
2.48313
2.48270
2.48226
2.48183
2.48140
2.48097
2.48054
2.48010
2.47967
2.47924
2.47881
2.47837
2.47794
2.47751
2.47708
2.47664
2.47621
2.47578
2.47535
2.47491
2.47448
2.47405
2.47362
2.47318
2.47275
2.47232
2.47188
2.47145
2.47102
2.47059
2.47015
2.46972
2.46929
2.46885
2.46842
2.46799
2.46755
2.46712
2.46669
2.46625
2.46582
2.46539
2.46495
2.46452
2.46409
2.46365
2.46322
2.46279
2.46235
2.46192
2.46148
2.46105
2.46062
2.46018
2.45975
2.45932
2.45888
2.45845
2.45801
2.45758
2.45715
2.45671
2.45628
2.45584
2.45541
2.45498
2.45454
2.45411
2.45367
2.45324
2.45280
2.45237
2.45193
2.45150
2.45107
2.45063
2.45020
2.44976
2.44933
2.44889
2.44846
2.44802
2.44759
2.44715
2.44672
2.44628
2.44585
2.44541
2.44498
2.44454
2.44411
2.44367
2.44324
2.44280
2.44237
2.44193
2.44150
2.44106
2.44063
2.44019
2.43976
2.43932
2.43889
2.43845
2.43801
2.43758
2.43714
2.43671
2.43627
2.43584
2.43540
2.43496
2.43453
2.43409
2.43366
2.43322
2.43278
2.43235
2.43191
2.43148
2.43104
2.43060
2.43017
2.42973
2.42930
2.42886
2.42842
2.42799
2.42755
2.42711
2.42668
2.42624
2.42580
2.42537
2.42493
2.42449
2.42406
2.42362
2.42318
2.42275
2.42231
2.42187
2.42144
2.42100
2.42056
2.42013
2.41969
2.41925
2.41882
2.41838
2.41794
2.41750
2.41707
2.41663
2.41619
2.41575
2.41532
2.41488
2.41444
2.41400
2.41357
2.41313
2.41269
2.41225
2.41182
2.41138
2.41094
2.41050
2.41007
2.40963
2.40919
2.40875
2.40831
2.40788
2.40744
2.40700
2.40656
2.40612
2.40569
2.40525
2.40481
2.40437
2.40393
2.40350
2.40306
2.40262
2.40218
2.40174
2.40130
2.40086
2.40043
2.39999
2.39955
2.39911
2.39867
2.39823
2.39779
2.39736
2.39692
2.39648
2.39604
2.39560
2.39516
2.39472
2.39428
2.39384
2.39340
2.39297
2.39253
2.39209
2.39165
2.39121
2.39077
2.39033
2.38989
2.38945
2.38901
2.38857
2.38813
2.38769
2.38725
2.38681
2.38637
2.38593
2.38549
2.38505
2.38461
2.38417
2.38373
2.38329
2.38285
2.38241
2.38197
2.38153
2.38109
2.38065
2.38021
2.37977
2.37933
2.37889
2.37845
2.37801
2.37757
2.37713
2.37669
2.37625
2.37581
2.37537
2.37493
2.37449
2.37405
2.37361
2.37317
2.37273
2.37229
2.37184
2.37140
2.37096
2.37052
2.37008
2.36964
2.36920
2.36876
2.36832
2.36788
2.36743
2.36699
2.36655
2.36611
2.36567
2.36523
2.36479
2.36434
2.36390
2.36346
2.36302
2.36258
2.36214
2.36170
2.36125
2.36081
2.36037
2.35993
2.35949
2.35904
2.35860
2.35816
2.35772
2.35728
2.35683
2.35639
2.35595
2.35551
2.35507
2.35462
2.35418
2.35374
2.35330
2.35285
2.35241
2.35197
2.35153
2.35108
2.35064
2.35020
2.34976
2.34931
2.34887
2.34843
2.34799
2.34754
2.34710
2.34666
2.34621
2.34577
2.34533
2.34489
2.34444
2.34400
2.34356
2.34311
2.34267
2.34223
2.34178
2.34134
2.34090
2.34045
2.34001
2.33957
2.33912
2.33868
2.33824
2.33779
2.33735
2.33690
2.33646
2.33602
2.33557
2.33513
2.33469
2.33424
2.33380
2.33335
2.33291
2.33247
2.33202
2.33158
2.33113
2.33069
2.33025
2.32980
2.32936
2.32891
2.32847
2.32802
2.32758
2.32714
2.32669
2.32625
2.32580
2.32536
2.32491
2.32447
2.32402
2.32358
2.32313
2.32269
2.32224
2.32180
2.32135
2.32091
2.32046
2.32002
2.31957
2.31913
2.31868
2.31824
2.31779
2.31735
2.31690
2.31646
2.31601
2.31557
2.31512
2.31468
2.31423
2.31378
2.31334
2.31289
2.31245
2.31200
2.31156
2.31111
2.31066
2.31022
2.30977
2.30933
2.30888
2.30844
2.30799
2.30754
2.30710
2.30665
2.30620
2.30576
2.30531
2.30487
2.30442
2.30397
2.30353
2.30308
2.30263
2.30219
2.30174
2.30129
2.30085
2.30040
2.29995
2.29951
2.29906
2.29861
2.29817
2.29772
2.29727
2.29683
2.29638
2.29593
2.29549
2.29504
2.29459
2.29414
2.29370
2.29325
2.29280
2.29236
2.29191
2.29146
2.29101
2.29057
2.29012
2.28967
2.28922
2.28878
2.28833
2.28788
2.28743
2.28699
2.28654
2.28609
2.28564
2.28519
2.28475
2.28430
2.28385
2.28340
2.28295
2.28251
2.28206
2.28161
2.28116
2.28071
2.28026
2.27982
2.27937
2.27892
2.27847
2.27802
2.27757
2.27713
2.27668
2.27623
2.27578
2.27533
2.27488
2.27443
2.27399
2.27354
2.27309
2.27264
2.27219
2.27174
2.27129
2.27084
2.27039
2.26994
2.26950
2.26905
2.26860
2.26815
2.26770
2.26725
2.26680
2.26635
2.26590
2.26545
2.26500
2.26455
2.26410
2.26365
2.26320
2.26275
2.26230
2.26185
2.26140
2.26095
2.26050
2.26005
2.25960
2.25915
2.25870
2.25825
2.25780
2.25735
2.25690
2.25645
2.25600
2.25555
2.25510
2.25465
2.25420
2.25375
2.25330
2.25285
2.25240
2.25195
2.25150
2.25105
2.25060
2.25015
2.24970
2.24924
2.24879
2.24834
2.24789
2.24744
2.24699
2.24654
2.24609
2.24564
2.24519
2.24473
2.24428
2.24383
2.24338
2.24293
2.24248
2.24203
2.24158
2.24112
2.24067
2.24022
2.23977
2.23932
2.23887
2.23841
2.23796
2.23751
2.23706
2.23661
2.23615
2.23570
2.23525
2.23480
2.23435
2.23389
2.23344
2.23299
2.23254
2.23209
2.23163
2.23118
2.23073
2.23028
2.22982
2.22937
2.22892
2.22847
2.22801
2.22756
2.22711
2.22666
2.22620
2.22575
2.22530
2.22485
2.22439
2.22394
2.22349
2.22303
2.22258
2.22213
2.22167
2.22122
2.22077
2.22031
2.21986
2.21941
2.21896
2.21850
2.21805
2.21759
2.21714
2.21669
2.21623
2.21578
2.21533
2.21487
2.21442
2.21397
2.21351
2.21306
2.21260
2.21215
2.21170
2.21124
2.21079
2.21033
2.20988
2.20943
2.20897
2.20852
2.20806
2.20761
2.20716
2.20670
2.20625
2.20579
2.20534
2.20488
2.20443
2.20397
2.20352
2.20307
2.20261
2.20216
2.20170
2.20125
2.20079
2.20034
2.19988
2.19943
2.19897
2.19852
2.19806
2.19761
2.19715
2.19670
2.19624
2.19579
2.19533
2.19488
2.19442
2.19396
2.19351
2.19305
2.19260
2.19214
2.19169
2.19123
2.19078
2.19032
2.18986
2.18941
2.18895
2.18850
2.18804
2.18758
2.18713
2.18667
2.18622
2.18576
2.18530
2.18485
2.18439
2.18394
2.18348
2.18302
2.18257
2.18211
2.18165
2.18120
2.18074
2.18028
2.17983
2.17937
2.17892
2.17846
2.17800
2.17754
2.17709
2.17663
2.17617
2.17572
2.17526
2.17480
2.17435
2.17389
2.17343
2.17298
2.17252
2.17206
2.17160
2.17115
2.17069
2.17023
2.16977
2.16932
2.16886
2.16840
2.16794
2.16749
2.16703
2.16657
2.16611
2.16566
2.16520
2.16474
2.16428
2.16382
2.16337
2.16291
2.16245
2.16199
2.16153
2.16108
2.16062
2.16016
2.15970
2.15924
2.15878
2.15833
2.15787
2.15741
2.15695
2.15649
2.15603
2.15558
2.15512
2.15466
2.15420
2.15374
2.15328
2.15282
2.15236
2.15191
2.15145
2.15099
2.15053
2.15007
2.14961
2.14915
2.14869
2.14823
2.14777
2.14731
2.14685
2.14640
2.14594
2.14548
2.14502
2.14456
2.14410
2.14364
2.14318
2.14272
2.14226
2.14180
2.14134
2.14088
2.14042
2.13996
2.13950
2.13904
2.13858
2.13812
2.13766
2.13720
2.13674
2.13628
2.13582
2.13536
2.13490
2.13444
2.13398
2.13352
2.13306
2.13260
2.13214
2.13168
2.13121
2.13075
2.13029
2.12983
2.12937
2.12891
2.12845
2.12799
2.12753
2.12707
2.12661
2.12615
2.12568
2.12522
2.12476
2.12430
2.12384
2.12338
2.12292
2.12246
2.12199
2.12153
2.12107
2.12061
2.12015
2.11969
2.11922
2.11876
2.11830
2.11784
2.11738
2.11692
2.11645
2.11599
2.11553
2.11507
2.11461
2.11414
2.11368
2.11322
2.11276
2.11230
2.11183
2.11137
2.11091
2.11045
2.10998
2.10952
2.10906
2.10860
2.10813
2.10767
2.10721
2.10675
2.10628
2.10582
2.10536
2.10489
2.10443
2.10397
2.10351
2.10304
2.10258
2.10212
2.10165
2.10119
2.10073
2.10026
2.09980
2.09934
2.09887
2.09841
2.09795
2.09748
2.09702
2.09656
2.09609
2.09563
2.09517
2.09470
2.09424
2.09377
2.09331
2.09285
2.09238
2.09192
2.09145
2.09099
2.09053
2.09006
2.08960
2.08913
2.08867
2.08821
2.08774
2.08728
2.08681
2.08635
2.08588
2.08542
2.08495
2.08449
2.08403
2.08356
2.08310
2.08263
2.08217
2.08170
2.08124
2.08077
2.08031
2.07984
2.07938
2.07891
2.07845
2.07798
2.07752
2.07705
2.07659
2.07612
2.07566
2.07519
2.07472
2.07426
2.07379
2.07333
2.07286
2.07240
2.07193
2.07147
2.07100
2.07053
2.07007
2.06960
2.06914
2.06867
2.06820
2.06774
2.06727
2.06681
2.06634
2.06587
2.06541
2.06494
2.06448
2.06401
2.06354
2.06308
2.06261
2.06214
2.06168
2.06121
2.06074
2.06028
2.05981
2.05934
2.05888
2.05841
2.05794
2.05748
2.05701
2.05654
2.05608
2.05561
2.05514
2.05467
2.05421
2.05374
2.05327
2.05281
2.05234
2.05187
2.05140
2.05094
2.05047
2.05000
2.04953
2.04907
2.04860
2.04813
2.04766
2.04719
2.04673
2.04626
2.04579
2.04532
2.04486
2.04439
2.04392
2.04345
2.04298
2.04252
2.04205
2.04158
2.04111
2.04064
2.04017
2.03971
2.03924
2.03877
2.03830
2.03783
2.03736
2.03689
2.03643
2.03596
2.03549
2.03502
2.03455
2.03408
2.03361
2.03314
2.03267
2.03221
2.03174
2.03127
2.03080
2.03033
2.02986
2.02939
2.02892
2.02845
2.02798
2.02751
2.02704
2.02657
2.02610
2.02563
2.02517
2.02470
2.02423
2.02376
2.02329
2.02282
2.02235
2.02188
2.02141
2.02094
2.02047
2.02000
2.01953
2.01906
2.01859
2.01812
2.01765
2.01717
2.01670
2.01623
2.01576
2.01529
2.01482
2.01435
2.01388
2.01341
2.01294
2.01247
2.01200
2.01153
2.01106
2.01059
2.01012
2.00964
2.00917
2.00870
2.00823
2.00776
2.00729
2.00682
2.00635
2.00587
2.00540
2.00493
2.00446
2.00399
2.00352
2.00305
2.00257
2.00210
2.00163
2.00116
2.00069
2.00022
1.99974
1.99927
1.99880
1.99833
1.99786
1.99738
1.99691
1.99644
1.99597
1.99550
1.99502
1.99455
1.99408
1.99361
1.99313
1.99266
1.99219
1.99172
1.99124
1.99077
1.99030
1.98983
1.98935
1.98888
1.98841
1.98794
1.98746
1.98699
1.98652
1.98604
1.98557
1.98510
1.98462
1.98415
1.98368
1.98320
1.98273
1.98226
1.98178
1.98131
1.98084
1.98036
1.97989
1.97942
1.97894
1.97847
1.97800
1.97752
1.97705
1.97657
1.97610
1.97563
1.97515
1.97468
1.97421
1.97373
1.97326
1.97278
1.97231
1.97183
1.97136
1.97089
1.97041
1.96994
1.96946
1.96899
1.96851
1.96804
1.96756
1.96709
1.96662
1.96614
1.96567
1.96519
1.96472
1.96424
1.96377
1.96329
1.96282
1.96234
1.96187
1.96139
1.96092
1.96044
1.95997
1.95949
1.95901
1.95854
1.95806
1.95759
1.95711
1.95664
1.95616
1.95569
1.95521
1.95473
1.95426
1.95378
1.95331
1.95283
1.95236
1.95188
1.95140
1.95093
1.95045
1.94998
1.94950
1.94902
1.94855
1.94807
1.94759
1.94712
1.94664
1.94616
1.94569
1.94521
1.94473
1.94426
1.94378
1.94330
1.94283
1.94235
1.94187
1.94140
1.94092
1.94044
1.93997
1.93949
1.93901
1.93854
1.93806
1.93758
1.93710
1.93663
1.93615
1.93567
1.93519
1.93472
1.93424
1.93376
1.93328
1.93281
1.93233
1.93185
1.93137
1.93090
1.93042
1.92994
1.92946
1.92898
1.92851
1.92803
1.92755
1.92707
1.92659
1.92612
1.92564
1.92516
1.92468
1.92420
1.92372
1.92325
1.92277
1.92229
1.92181
1.92133
1.92085
1.92037
1.91989
1.91942
1.91894
1.91846
1.91798
1.91750
1.91702
1.91654
1.91606
1.91558
1.91511
1.91463
1.91415
1.91367
1.91319
1.91271
1.91223
1.91175
1.91127
1.91079
1.91031
1.90983
1.90935
1.90887
1.90839
1.90791
1.90743
1.90695
1.90647
1.90599
1.90551
1.90503
1.90455
1.90407
1.90359
1.90311
1.90263
1.90215
1.90167
1.90119
1.90071
1.90023
1.89975
1.89927
1.89879
1.89831
1.89783
1.89735
1.89687
1.89638
1.89590
1.89542
1.89494
1.89446
1.89398
1.89350
1.89302
1.89254
1.89206
1.89157
1.89109
1.89061
1.89013
1.88965
1.88917
1.88869
1.88820
1.88772
1.88724
1.88676
1.88628
1.88580
1.88531
1.88483
1.88435
1.88387
1.88339
1.88290
1.88242
1.88194
1.88146
1.88098
1.88049
1.88001
1.87953
1.87905
1.87856
1.87808
1.87760
1.87712
1.87663
1.87615
1.87567
1.87519
1.87470
1.87422
1.87374
1.87326
1.87277
1.87229
1.87181
1.87132
1.87084
1.87036
1.86987
1.86939
1.86891
1.86842
1.86794
1.86746
1.86697
1.86649
1.86601
1.86552
1.86504
1.86456
1.86407
1.86359
1.86311
1.86262
1.86214
1.86165
1.86117
1.86069
1.86020
1.85972
1.85923
1.85875
1.85827
1.85778
1.85730
1.85681
1.85633
1.85584
1.85536
1.85488
1.85439
1.85391
1.85342
1.85294
1.85245
1.85197
1.85148
1.85100
1.85051
1.85003
1.84954
1.84906
1.84857
1.84809
1.84760
1.84712
1.84663
1.84615
1.84566
1.84518
1.84469
1.84421
1.84372
1.84324
1.84275
1.84226
1.84178
1.84129
1.84081
1.84032
1.83984
1.83935
1.83886
1.83838
1.83789
1.83741
1.83692
1.83643
1.83595
1.83546
1.83498
1.83449
1.83400
1.83352
1.83303
1.83254
1.83206
1.83157
1.83108
1.83060
1.83011
1.82962
1.82914
1.82865
1.82816
1.82768
1.82719
1.82670
1.82622
1.82573
1.82524
1.82475
1.82427
1.82378
1.82329
1.82281
1.82232
1.82183
1.82134
1.82086
1.82037
1.81988
1.81939
1.81891
1.81842
1.81793
1.81744
1.81695
1.81647
1.81598
1.81549
1.81500
1.81451
1.81403
1.81354
1.81305
1.81256
1.81207
1.81159
1.81110
1.81061
1.81012
1.80963
1.80914
1.80865
1.80817
1.80768
1.80719
1.80670
1.80621
1.80572
1.80523
1.80474
1.80426
1.80377
1.80328
1.80279
1.80230
1.80181
1.80132
1.80083
1.80034
1.79985
1.79936
1.79887
1.79838
1.79789
1.79741
1.79692
1.79643
1.79594
1.79545
1.79496
1.79447
1.79398
1.79349
1.79300
1.79251
1.79202
1.79153
1.79104
1.79055
1.79006
1.78957
1.78908
1.78859
1.78810
1.78760
1.78711
1.78662
1.78613
1.78564
1.78515
1.78466
1.78417
1.78368
1.78319
1.78270
1.78221
1.78172
1.78122
1.78073
1.78024
1.77975
1.77926
1.77877
1.77828
1.77779
1.77729
1.77680
1.77631
1.77582
1.77533
1.77484
1.77435
1.77385
1.77336
1.77287
1.77238
1.77189
1.77139
1.77090
1.77041
1.76992
1.76943
1.76893
1.76844
1.76795
1.76746
1.76697
1.76647
1.76598
1.76549
1.76500
1.76450
1.76401
1.76352
1.76303
1.76253
1.76204
1.76155
1.76105
1.76056
1.76007
1.75958
1.75908
1.75859
1.75810
1.75760
1.75711
1.75662
1.75612
1.75563
1.75514
1.75464
1.75415
1.75366
1.75316
1.75267
1.75218
1.75168
1.75119
1.75069
1.75020
1.74971
1.74921
1.74872
1.74822
1.74773
1.74724
1.74674
1.74625
1.74575
1.74526
1.74477
1.74427
1.74378
1.74328
1.74279
1.74229
1.74180
1.74130
1.74081
1.74031
1.73982
1.73933
1.73883
1.73834
1.73784
1.73735
1.73685
1.73636
1.73586
1.73537
1.73487
1.73437
1.73388
1.73338
1.73289
1.73239
1.73190
1.73140
1.73091
1.73041
1.72992
1.72942
1.72892
1.72843
1.72793
1.72744
1.72694
1.72644
1.72595
1.72545
1.72496
1.72446
1.72396
1.72347
1.72297
1.72248
1.72198
1.72148
1.72099
1.72049
1.71999
1.71950
1.71900
1.71850
1.71801
1.71751
1.71701
1.71652
1.71602
1.71552
1.71503
1.71453
1.71403
1.71353
1.71304
1.71254
1.71204
1.71154
1.71105
1.71055
1.71005
1.70956
1.70906
1.70856
1.70806
1.70756
1.70707
1.70657
1.70607
1.70557
1.70508
1.70458
1.70408
1.70358
1.70308
1.70259
1.70209
1.70159
1.70109
1.70059
1.70009
1.69960
1.69910
1.69860
1.69810
1.69760
1.69710
1.69660
1.69611
1.69561
1.69511
1.69461
1.69411
1.69361
1.69311
1.69261
1.69211
1.69162
1.69112
1.69062
1.69012
1.68962
1.68912
1.68862
1.68812
1.68762
1.68712
1.68662
1.68612
1.68562
1.68512
1.68462
1.68412
1.68362
1.68312
1.68262
1.68212
1.68162
1.68112
1.68062
1.68012
1.67962
1.67912
1.67862
1.67812
1.67762
1.67712
1.67662
1.67612
1.67562
1.67512
1.67462
1.67412
1.67362
1.67312
1.67261
1.67211
1.67161
1.67111
1.67061
1.67011
1.66961
1.66911
1.66861
1.66810
1.66760
1.66710
1.66660
1.66610
1.66560
1.66510
1.66459
1.66409
1.66359
1.66309
1.66259
1.66209
1.66158
1.66108
1.66058
1.66008
1.65958
1.65907
1.65857
1.65807
1.65757
1.65706
1.65656
1.65606
1.65556
1.65506
1.65455
1.65405
1.65355
1.65304
1.65254
1.65204
1.65154
1.65103
1.65053
1.65003
1.64953
1.64902
1.64852
1.64802
1.64751
1.64701
1.64651
1.64600
1.64550
1.64500
1.64449
1.64399
1.64349
1.64298
1.64248
1.64197
1.64147
1.64097
1.64046
1.63996
1.63946
1.63895
1.63845
1.63794
1.63744
1.63694
1.63643
1.63593
1.63542
1.63492
1.63441
1.63391
1.63341
1.63290
1.63240
1.63189
1.63139
1.63088
1.63038
1.62987
1.62937
1.62886
1.62836
1.62785
1.62735
1.62684
1.62634
1.62583
1.62533
1.62482
1.62432
1.62381
1.62331
1.62280
1.62230
1.62179
1.62128
1.62078
1.62027
1.61977
1.61926
1.61876
1.61825
1.61774
1.61724
1.61673
1.61623
1.61572
1.61521
1.61471
1.61420
1.61369
1.61319
1.61268
1.61218
1.61167
1.61116
1.61066
1.61015
1.60964
1.60914
1.60863
1.60812
1.60762
1.60711
1.60660
1.60610
1.60559
1.60508
1.60457
1.60407
1.60356
1.60305
1.60254
1.60204
1.60153
1.60102
1.60052
1.60001
1.59950
1.59899
1.59848
1.59798
1.59747
1.59696
1.59645
1.59595
1.59544
1.59493
1.59442
1.59391
1.59341
1.59290
1.59239
1.59188
1.59137
1.59086
1.59036
1.58985
1.58934
1.58883
1.58832
1.58781
1.58730
1.58679
1.58629
1.58578
1.58527
1.58476
1.58425
1.58374
1.58323
1.58272
1.58221
1.58170
1.58120
1.58069
1.58018
1.57967
1.57916
1.57865
1.57814
1.57763
1.57712
1.57661
1.57610
1.57559
1.57508
1.57457
1.57406
1.57355
1.57304
1.57253
1.57202
1.57151
1.57100
1.57049
1.56998
1.56947
1.56896
1.56845
1.56794
1.56743
1.56692
1.56640
1.56589
1.56538
1.56487
1.56436
1.56385
1.56334
1.56283
1.56232
1.56181
1.56130
1.56078
1.56027
1.55976
1.55925
1.55874
1.55823
1.55772
1.55720
1.55669
1.55618
1.55567
1.55516
1.55465
1.55413
1.55362
1.55311
1.55260
1.55209
1.55157
1.55106
1.55055
1.55004
1.54953
1.54901
1.54850
1.54799
1.54748
1.54696
1.54645
1.54594
1.54543
1.54491
1.54440
1.54389
1.54338
1.54286
1.54235
1.54184
1.54132
1.54081
1.54030
1.53978
1.53927
1.53876
1.53824
1.53773
1.53722
1.53670
1.53619
1.53568
1.53516
1.53465
1.53414
1.53362
1.53311
1.53259
1.53208
1.53157
1.53105
1.53054
1.53002
1.52951
1.52900
1.52848
1.52797
1.52745
1.52694
1.52642
1.52591
1.52540
1.52488
1.52437
1.52385
1.52334
1.52282
1.52231
1.52179
1.52128
1.52076
1.52025
1.51973
1.51922
1.51870
1.51819
1.51767
1.51716
1.51664
1.51613
1.51561
1.51510
1.51458
1.51406
1.51355
1.51303
1.51252
1.51200
1.51149
1.51097
1.51045
1.50994
1.50942
1.50891
1.50839
1.50787
1.50736
1.50684
1.50633
1.50581
1.50529
1.50478
1.50426
1.50374
1.50323
1.50271
1.50219
1.50168
1.50116
1.50064
1.50013
1.49961
1.49909
1.49857
1.49806
1.49754
1.49702
1.49651
1.49599
1.49547
1.49495
1.49444
1.49392
1.49340
1.49288
1.49237
1.49185
1.49133
1.49081
1.49030
1.48978
1.48926
1.48874
1.48822
1.48771
1.48719
1.48667
1.48615
1.48563
1.48511
1.48460
1.48408
1.48356
1.48304
1.48252
1.48200
1.48148
1.48097
1.48045
1.47993
1.47941
1.47889
1.47837
1.47785
1.47733
1.47681
1.47630
1.47578
1.47526
1.47474
1.47422
1.47370
1.47318
1.47266
1.47214
1.47162
1.47110
1.47058
1.47006
1.46954
1.46902
1.46850
1.46798
1.46746
1.46694
1.46642
1.46590
1.46538
1.46486
1.46434
1.46382
1.46330
1.46278
1.46226
1.46174
1.46122
1.46070
1.46018
1.45966
1.45914
1.45862
1.45809
1.45757
1.45705
1.45653
1.45601
1.45549
1.45497
1.45445
1.45393
1.45340
1.45288
1.45236
1.45184
1.45132
1.45080
1.45028
1.44975
1.44923
1.44871
1.44819
1.44767
1.44714
1.44662
1.44610
1.44558
1.44506
1.44453
1.44401
1.44349
1.44297
1.44245
1.44192
1.44140
1.44088
1.44036
1.43983
1.43931
1.43879
1.43826
1.43774
1.43722
1.43670
1.43617
1.43565
1.43513
1.43460
1.43408
1.43356
1.43303
1.43251
1.43199
1.43146
1.43094
1.43042
1.42989
1.42937
1.42885
1.42832
1.42780
1.42727
1.42675
1.42623
1.42570
1.42518
1.42465
1.42413
1.42361
1.42308
1.42256
1.42203
1.42151
1.42099
1.42046
1.41994
1.41941
1.41889
1.41836
1.41784
1.41731
1.41679
1.41626
1.41574
1.41521
1.41469
1.41416
1.41364
1.41311
1.41259
1.41206
1.41154
1.41101
1.41049
1.40996
1.40944
1.40891
1.40838
1.40786
1.40733
1.40681
1.40628
1.40576
1.40523
1.40470
1.40418
1.40365
1.40312
1.40260
1.40207
1.40155
1.40102
1.40049
1.39997
1.39944
1.39891
1.39839
1.39786
1.39733
1.39681
1.39628
1.39575
1.39523
1.39470
1.39417
1.39365
1.39312
1.39259
1.39206
1.39154
1.39101
1.39048
1.38996
1.38943
1.38890
1.38837
1.38785
1.38732
1.38679
1.38626
1.38573
1.38521
1.38468
1.38415
1.38362
1.38309
1.38257
1.38204
1.38151
1.38098
1.38045
1.37993
1.37940
1.37887
1.37834
1.37781
1.37728
1.37675
1.37623
1.37570
1.37517
1.37464
1.37411
1.37358
1.37305
1.37252
1.37199
1.37146
1.37094
1.37041
1.36988
1.36935
1.36882
1.36829
1.36776
1.36723
1.36670
1.36617
1.36564
1.36511
1.36458
1.36405
1.36352
1.36299
1.36246
1.36193
1.36140
1.36087
1.36034
1.35981
1.35928
1.35875
1.35822
1.35769
1.35716
1.35663
1.35610
1.35556
1.35503
1.35450
1.35397
1.35344
1.35291
1.35238
1.35185
1.35132
1.35079
1.35025
1.34972
1.34919
1.34866
1.34813
1.34760
1.34707
1.34653
1.34600
1.34547
1.34494
1.34441
1.34388
1.34334
1.34281
1.34228
1.34175
1.34122
1.34068
1.34015
1.33962
1.33909
1.33855
1.33802
1.33749
1.33696
1.33642
1.33589
1.33536
1.33483
1.33429
1.33376
1.33323
1.33270
1.33216
1.33163
1.33110
1.33056
1.33003
1.32950
1.32896
1.32843
1.32790
1.32736
1.32683
1.32630
1.32576
1.32523
1.32469
1.32416
1.32363
1.32309
1.32256
1.32203
1.32149
1.32096
1.32042
1.31989
1.31935
1.31882
1.31829
1.31775
1.31722
1.31668
1.31615
1.31561
1.31508
1.31454
1.31401
1.31347
1.31294
1.31240
1.31187
1.31133
1.31080
1.31026
1.30973
1.30919
1.30866
1.30812
1.30759
1.30705
1.30652
1.30598
1.30545
1.30491
1.30437
1.30384
1.30330
1.30277
1.30223
1.30170
1.30116
1.30062
1.30009
1.29955
1.29901
1.29848
1.29794
1.29741
1.29687
1.29633
1.29580
1.29526
1.29472
1.29419
1.29365
1.29311
1.29258
1.29204
1.29150
1.29097
1.29043
1.28989
1.28935
1.28882
1.28828
1.28774
1.28720
1.28667
1.28613
1.28559
1.28505
1.28452
1.28398
1.28344
1.28290
1.28237
1.28183
1.28129
1.28075
1.28021
1.27968
1.27914
1.27860
1.27806
1.27752
1.27698
1.27645
1.27591
1.27537
1.27483
1.27429
1.27375
1.27321
1.27267
1.27214
1.27160
1.27106
1.27052
1.26998
1.26944
1.26890
1.26836
1.26782
1.26728
1.26674
1.26620
1.26567
1.26513
1.26459
1.26405
1.26351
1.26297
1.26243
1.26189
1.26135
1.26081
1.26027
1.25973
1.25919
1.25865
1.25811
1.25757
1.25703
1.25649
1.25595
1.25540
1.25486
1.25432
1.25378
1.25324
1.25270
1.25216
1.25162
1.25108
1.25054
1.25000
1.24946
1.24891
1.24837
1.24783
1.24729
1.24675
1.24621
1.24567
1.24512
1.24458
1.24404
1.24350
1.24296
1.24242
1.24187
1.24133
1.24079
1.24025
1.23971
1.23916
1.23862
1.23808
1.23754
1.23700
1.23645
1.23591
1.23537
1.23483
1.23428
1.23374
1.23320
1.23265
1.23211
1.23157
1.23103
1.23048
1.22994
1.22940
1.22885
1.22831
1.22777
1.22722
1.22668
1.22614
1.22559
1.22505
1.22451
1.22396
1.22342
1.22288
1.22233
1.22179
1.22124
1.22070
1.22016
1.21961
1.21907
1.21852
1.21798
1.21744
1.21689
1.21635
1.21580
1.21526
1.21471
1.21417
1.21362
1.21308
1.21253
1.21199
1.21144
1.21090
1.21035
1.20981
1.20926
1.20872
1.20817
1.20763
1.20708
1.20654
1.20599
1.20545
1.20490
1.20436
1.20381
1.20326
1.20272
1.20217
1.20163
1.20108
1.20054
1.19999
1.19944
1.19890
1.19835
1.19780
1.19726
1.19671
1.19617
1.19562
1.19507
1.19453
1.19398
1.19343
1.19289
1.19234
1.19179
1.19125
1.19070
1.19015
1.18960
1.18906
1.18851
1.18796
1.18742
1.18687
1.18632
1.18577
1.18523
1.18468
1.18413
1.18358
1.18304
1.18249
1.18194
1.18139
1.18084
1.18030
1.17975
1.17920
1.17865
1.17810
1.17756
1.17701
1.17646
1.17591
1.17536
1.17481
1.17426
1.17372
1.17317
1.17262
1.17207
1.17152
1.17097
1.17042
1.16987
1.16933
1.16878
1.16823
1.16768
1.16713
1.16658
1.16603
1.16548
1.16493
1.16438
1.16383
1.16328
1.16273
1.16218
1.16163
1.16108
1.16053
1.15998
1.15943
1.15888
1.15833
1.15778
1.15723
1.15668
1.15613
1.15558
1.15503
1.15448
1.15393
1.15338
1.15283
1.15228
1.15173
1.15117
1.15062
1.15007
1.14952
1.14897
1.14842
1.14787
1.14732
1.14676
1.14621
1.14566
1.14511
1.14456
1.14401
1.14346
1.14290
1.14235
1.14180
1.14125
1.14070
1.14014
1.13959
1.13904
1.13849
1.13794
1.13738
1.13683
1.13628
1.13573
1.13517
1.13462
1.13407
1.13352
1.13296
1.13241
1.13186
1.13130
1.13075
1.13020
1.12965
1.12909
1.12854
1.12799
1.12743
1.12688
1.12633
1.12577
1.12522
1.12467
1.12411
1.12356
1.12300
1.12245
1.12190
1.12134
1.12079
1.12023
1.11968
1.11913
1.11857
1.11802
1.11746
1.11691
1.11635
1.11580
1.11525
1.11469
1.11414
1.11358
1.11303
1.11247
1.11192
1.11136
1.11081
1.11025
1.10970
1.10914
1.10859
1.10803
1.10748
1.10692
1.10637
1.10581
1.10525
1.10470
1.10414
1.10359
1.10303
1.10248
1.10192
1.10136
1.10081
1.10025
1.09970
1.09914
1.09858
1.09803
1.09747
1.09691
1.09636
1.09580
1.09524
1.09469
1.09413
1.09357
1.09302
1.09246
1.09190
1.09135
1.09079
1.09023
1.08968
1.08912
1.08856
1.08800
1.08745
1.08689
1.08633
1.08577
1.08522
1.08466
1.08410
1.08354
1.08299
1.08243
1.08187
1.08131
1.08075
1.08020
1.07964
1.07908
1.07852
1.07796
1.07740
1.07685
1.07629
1.07573
1.07517
1.07461
1.07405
1.07349
1.07294
1.07238
1.07182
1.07126
1.07070
1.07014
1.06958
1.06902
1.06846
1.06790
1.06734
1.06678
1.06622
1.06567
1.06511
1.06455
1.06399
1.06343
1.06287
1.06231
1.06175
1.06119
1.06063
1.06007
1.05951
1.05895
1.05839
1.05783
1.05726
1.05670
1.05614
1.05558
1.05502
1.05446
1.05390
1.05334
1.05278
1.05222
1.05166
1.05110
1.05053
1.04997
1.04941
1.04885
1.04829
1.04773
1.04717
1.04661
1.04604
1.04548
1.04492
1.04436
1.04380
1.04323
1.04267
1.04211
1.04155
1.04099
1.04042
1.03986
1.03930
1.03874
1.03818
1.03761
1.03705
1.03649
1.03593
1.03536
1.03480
1.03424
1.03367
1.03311
1.03255
1.03199
1.03142
1.03086
1.03030
1.02973
1.02917
1.02861
1.02804
1.02748
1.02692
1.02635
1.02579
1.02522
1.02466
1.02410
1.02353
1.02297
1.02240
1.02184
1.02128
1.02071
1.02015
1.01958
1.01902
1.01845
1.01789
1.01733
1.01676
1.01620
1.01563
1.01507
1.01450
1.01394
1.01337
1.01281
1.01224
1.01168
1.01111
1.01055
1.00998
1.00942
1.00885
1.00829
1.00772
1.00715
1.00659
1.00602
1.00546
1.00489
1.00433
1.00376
1.00319
1.00263
1.00206
1.00149
1.00093
1.00036
0.99980
0.99923
0.99866
0.99810
0.99753
0.99696
0.99640
0.99583
0.99526
0.99470
0.99413
0.99356
0.99299
0.99243
0.99186
0.99129
0.99073
0.99016
0.98959
0.98902
0.98846
0.98789
0.98732
0.98675
0.98619
0.98562
0.98505
0.98448
0.98391
0.98335
0.98278
0.98221
0.98164
0.98107
0.98050
0.97994
0.97937
0.97880
0.97823
0.97766
0.97709
0.97652
0.97596
0.97539
0.97482
0.97425
0.97368
0.97311
0.97254
0.97197
0.97140
0.97083
0.97026
0.96969
0.96913
0.96856
0.96799
0.96742
0.96685
0.96628
0.96571
0.96514
0.96457
0.96400
0.96343
0.96286
0.96229
0.96172
0.96115
0.96057
0.96000
0.95943
0.95886
0.95829
0.95772
0.95715
0.95658
0.95601
0.95544
0.95487
0.95430
0.95372
0.95315
0.95258
0.95201
0.95144
0.95087
0.95030
0.94973
0.94915
0.94858
0.94801
0.94744
0.94687
0.94629
0.94572
0.94515
0.94458
0.94401
0.94343
0.94286
0.94229
0.94172
0.94114
0.94057
0.94000
0.93943
0.93885
0.93828
0.93771
0.93714
0.93656
0.93599
0.93542
0.93484
0.93427
0.93370
0.93312
0.93255
0.93198
0.93140
0.93083
0.93026
0.92968
0.92911
0.92854
0.92796
0.92739
0.92681
0.92624
0.92567
0.92509
0.92452
0.92394
0.92337
0.92279
0.92222
0.92165
0.92107
0.92050
0.91992
0.91935
0.91877
0.91820
0.91762
0.91705
0.91647
0.91590
0.91532
0.91475
0.91417
0.91360
0.91302
0.91244
0.91187
0.91129
0.91072
0.91014
0.90957
0.90899
0.90841
0.90784
0.90726
0.90669
0.90611
0.90553
0.90496
0.90438
0.90381
0.90323
0.90265
0.90208
0.90150
0.90092
0.90035
0.89977
0.89919
0.89862
0.89804
0.89746
0.89688
0.89631
0.89573
0.89515
0.89458
0.89400
0.89342
0.89284
0.89227
0.89169
0.89111
0.89053
0.88995
0.88938
0.88880
0.88822
0.88764
0.88706
0.88649
0.88591
0.88533
0.88475
0.88417
0.88359
0.88302
0.88244
0.88186
0.88128
0.88070
0.88012
0.87954
0.87896
0.87838
0.87781
0.87723
0.87665
0.87607
0.87549
0.87491
0.87433
0.87375
0.87317
0.87259
0.87201
0.87143
0.87085
0.87027
0.86969
0.86911
0.86853
0.86795
0.86737
0.86679
0.86621
0.86563
0.86505
0.86447
0.86389
0.86331
0.86273
0.86215
0.86156
0.86098
0.86040
0.85982
0.85924
0.85866
0.85808
0.85750
0.85692
0.85633
0.85575
0.85517
0.85459
0.85401
0.85343
0.85284
0.85226
0.85168
0.85110
0.85052
0.84994
0.84935
0.84877
0.84819
0.84761
0.84702
0.84644
0.84586
0.84528
0.84469
0.84411
0.84353
0.84295
0.84236
0.84178
0.84120
0.84061
0.84003
0.83945
0.83886
0.83828
0.83770
0.83711
0.83653
0.83595
0.83536
0.83478
0.83420
0.83361
0.83303
0.83244
0.83186
0.83128
0.83069
0.83011
0.82952
0.82894
0.82835
0.82777
0.82719
0.82660
0.82602
0.82543
0.82485
0.82426
0.82368
0.82309
0.82251
0.82192
0.82134
0.82075
0.82017
0.81958
0.81900
0.81841
0.81782
0.81724
0.81665
0.81607
0.81548
0.81490
0.81431
0.81372
0.81314
0.81255
0.81197
0.81138
0.81079
0.81021
0.80962
0.80903
0.80845
0.80786
0.80727
0.80669
0.80610
0.80551
0.80493
0.80434
0.80375
0.80317
0.80258
0.80199
0.80140
0.80082
0.80023
0.79964
0.79906
0.79847
0.79788
0.79729
0.79670
0.79612
0.79553
0.79494
0.79435
0.79376
0.79318
0.79259
0.79200
0.79141
0.79082
0.79023
0.78965
0.78906
0.78847
0.78788
0.78729
0.78670
0.78611
0.78552
0.78494
0.78435
0.78376
0.78317
0.78258
0.78199
0.78140
0.78081
0.78022
0.77963
0.77904
0.77845
0.77786
0.77727
0.77668
0.77609
0.77550
0.77491
0.77432
0.77373
0.77314
0.77255
0.77196
0.77137
0.77078
0.77019
0.76960
0.76901
0.76842
0.76783
0.76724
0.76664
0.76605
0.76546
0.76487
0.76428
0.76369
0.76310
0.76251
0.76191
0.76132
0.76073
0.76014
0.75955
0.75896
0.75836
0.75777
0.75718
0.75659
0.75599
0.75540
0.75481
0.75422
0.75363
0.75303
0.75244
0.75185
0.75126
0.75066
0.75007
0.74948
0.74888
0.74829
0.74770
0.74710
0.74651
0.74592
0.74533
0.74473
0.74414
0.74354
0.74295
0.74236
0.74176
0.74117
0.74058
0.73998
0.73939
0.73879
0.73820
0.73761
0.73701
0.73642
0.73582
0.73523
0.73463
0.73404
0.73345
0.73285
0.73226
0.73166
0.73107
0.73047
0.72988
0.72928
0.72869
0.72809
0.72750
0.72690
0.72630
0.72571
0.72511
0.72452
0.72392
0.72333
0.72273
0.72214
0.72154
0.72094
0.72035
0.71975
0.71916
0.71856
0.71796
0.71737
0.71677
0.71617
0.71558
0.71498
0.71438
0.71379
0.71319
0.71259
0.71200
0.71140
0.71080
0.71020
0.70961
0.70901
0.70841
0.70782
0.70722
0.70662
0.70602
0.70543
0.70483
0.70423
0.70363
0.70303
0.70244
0.70184
0.70124
0.70064
0.70004
0.69945
0.69885
0.69825
0.69765
0.69705
0.69645
0.69585
0.69526
0.69466
0.69406
0.69346
0.69286
0.69226
0.69166
0.69106
0.69046
0.68986
0.68926
0.68866
0.68806
0.68747
0.68687
0.68627
0.68567
0.68507
0.68447
0.68387
0.68327
0.68267
0.68207
0.68147
0.68087
0.68026
0.67966
0.67906
0.67846
0.67786
0.67726
0.67666
0.67606
0.67546
0.67486
0.67426
0.67366
0.67305
0.67245
0.67185
0.67125
0.67065
0.67005
0.66945
0.66884
0.66824
0.66764
0.66704
0.66644
0.66583
0.66523
0.66463
0.66403
0.66343
0.66282
0.66222
0.66162
0.66102
0.66041
0.65981
0.65921
0.65861
0.65800
0.65740
0.65680
0.65619
0.65559
0.65499
0.65438
0.65378
0.65318
0.65257
0.65197
0.65137
0.65076
0.65016
0.64956
0.64895
0.64835
0.64774
0.64714
0.64654
0.64593
0.64533
0.64472
0.64412
0.64351
0.64291
0.64230
0.64170
0.64110
0.64049
0.63989
0.63928
0.63868
0.63807
0.63747
0.63686
0.63626
0.63565
0.63504
0.63444
0.63383
0.63323
0.63262
0.63202
0.63141
0.63080
0.63020
0.62959
0.62899
0.62838
0.62777
0.62717
0.62656
0.62596
0.62535
0.62474
0.62414
0.62353
0.62292
0.62232
0.62171
0.62110
0.62049
0.61989
0.61928
0.61867
0.61807
0.61746
0.61685
0.61624
0.61564
0.61503
0.61442
0.61381
0.61321
0.61260
0.61199
0.61138
0.61077
0.61017
0.60956
0.60895
0.60834
0.60773
0.60712
0.60652
0.60591
0.60530
0.60469
0.60408
0.60347
0.60286
0.60225
0.60164
0.60103
0.60043
0.59982
0.59921
0.59860
0.59799
0.59738
0.59677
0.59616
0.59555
0.59494
0.59433
0.59372
0.59311
0.59250
0.59189
0.59128
0.59067
0.59006
0.58945
0.58884
0.58823
0.58762
0.58701
0.58639
0.58578
0.58517
0.58456
0.58395
0.58334
0.58273
0.58212
0.58151
0.58089
0.58028
0.57967
0.57906
0.57845
0.57784
0.57722
0.57661
0.57600
0.57539
0.57478
0.57416
0.57355
0.57294
0.57233
0.57171
0.57110
0.57049
0.56988
0.56926
0.56865
0.56804
0.56743
0.56681
0.56620
0.56559
0.56497
0.56436
0.56375
0.56313
0.56252
0.56191
0.56129
0.56068
0.56007
0.55945
0.55884
0.55822
0.55761
0.55700
0.55638
0.55577
0.55515
0.55454
0.55392
0.55331
0.55269
0.55208
0.55147
0.55085
0.55024
0.54962
0.54901
0.54839
0.54778
0.54716
0.54655
0.54593
0.54531
0.54470
0.54408
0.54347
0.54285
0.54224
0.54162
0.54100
0.54039
0.53977
0.53916
0.53854
0.53792
0.53731
0.53669
0.53607
0.53546
0.53484
0.53423
0.53361
0.53299
0.53237
0.53176
0.53114
0.53052
0.52991
0.52929
0.52867
0.52805
0.52744
0.52682
0.52620
0.52558
0.52497
0.52435
0.52373
0.52311
0.52250
0.52188
0.52126
0.52064
0.52002
0.51940
0.51879
0.51817
0.51755
0.51693
0.51631
0.51569
0.51507
0.51446
0.51384
0.51322
0.51260
0.51198
0.51136
0.51074
0.51012
0.50950
0.50888
0.50826
0.50764
0.50702
0.50640
0.50578
0.50516
0.50454
0.50392
0.50330
0.50268
0.50206
0.50144
0.50082
0.50020
0.49958
0.49896
0.49834
0.49772
0.49710
0.49648
0.49586
0.49523
0.49461
0.49399
0.49337
0.49275
0.49213
0.49151
0.49089
0.49026
0.48964
0.48902
0.48840
0.48778
0.48715
0.48653
0.48591
0.48529
0.48467
0.48404
0.48342
0.48280
0.48218
0.48155
0.48093
0.48031
0.47969
0.47906
0.47844
0.47782
0.47719
0.47657
0.47595
0.47532
0.47470
0.47408
0.47345
0.47283
0.47221
0.47158
0.47096
0.47033
0.46971
0.46909
0.46846
0.46784
0.46721
0.46659
0.46596
0.46534
0.46472
0.46409
0.46347
0.46284
0.46222
0.46159
0.46097
0.46034
0.45972
0.45909
0.45847
0.45784
0.45722
0.45659
0.45596
0.45534
0.45471
0.45409
0.45346
0.45284
0.45221
0.45158
0.45096
0.45033
0.44971
0.44908
0.44845
0.44783
0.44720
0.44657
0.44595
0.44532
0.44469
0.44407
0.44344
0.44281
0.44218
0.44156
0.44093
0.44030
0.43968
0.43905
0.43842
0.43779
0.43716
0.43654
0.43591
0.43528
0.43465
0.43403
0.43340
0.43277
0.43214
0.43151
0.43088
0.43026
0.42963
0.42900
0.42837
0.42774
0.42711
0.42648
0.42585
0.42522
0.42460
0.42397
0.42334
0.42271
0.42208
0.42145
0.42082
0.42019
0.41956
0.41893
0.41830
0.41767
0.41704
0.41641
0.41578
0.41515
0.41452
0.41389
0.41326
0.41263
0.41200
0.41137
0.41074
0.41011
0.40947
0.40884
0.40821
0.40758
0.40695
0.40632
0.40569
0.40506
0.40442
0.40379
0.40316
0.40253
0.40190
0.40127
0.40063
0.40000
0.39937
0.39874
0.39811
0.39747
0.39684
0.39621
0.39558
0.39494
0.39431
0.39368
0.39305
0.39241
0.39178
0.39115
0.39051
0.38988
0.38925
0.38861
0.38798
0.38735
0.38671
0.38608
0.38545
0.38481
0.38418
0.38355
0.38291
0.38228
0.38164
0.38101
0.38037
0.37974
0.37911
0.37847
0.37784
0.37720
0.37657
0.37593
0.37530
0.37466
0.37403
0.37339
0.37276
0.37212
0.37149
0.37085
0.37022
0.36958
0.36895
0.36831
0.36767
0.36704
0.36640
0.36577
0.36513
0.36449
0.36386
0.36322
0.36259
0.36195
0.36131
0.36068
0.36004
0.35940
0.35877
0.35813
0.35749
0.35686
0.35622
0.35558
0.35494
0.35431
0.35367
0.35303
0.35239
0.35176
0.35112
0.35048
0.34984
0.34921
0.34857
0.34793
0.34729
0.34665
0.34602
0.34538
0.34474
0.34410
0.34346
0.34282
0.34218
0.34155
0.34091
0.34027
0.33963
0.33899
0.33835
0.33771
0.33707
0.33643
0.33579
0.33515
0.33451
0.33388
0.33324
0.33260
0.33196
0.33132
0.33068
0.33004
0.32940
0.32876
0.32811
0.32747
0.32683
0.32619
0.32555
0.32491
0.32427
0.32363
0.32299
0.32235
0.32171
0.32107
0.32042
0.31978
0.31914
0.31850
0.31786
0.31722
0.31658
0.31593
0.31529
0.31465
0.31401
0.31337
0.31272
0.31208
0.31144
0.31080
0.31015
0.30951
0.30887
0.30823
0.30758
0.30694
0.30630
0.30566
0.30501
0.30437
0.30373
0.30308
0.30244
0.30180
0.30115
0.30051
0.29987
0.29922
0.29858
0.29793
0.29729
0.29665
0.29600
0.29536
0.29471
0.29407
0.29342
0.29278
0.29214
0.29149
0.29085
0.29020
0.28956
0.28891
0.28827
0.28762
0.28698
0.28633
0.28569
0.28504
0.28439
0.28375
0.28310
0.28246
0.28181
0.28117
0.28052
0.27987
0.27923
0.27858
0.27794
0.27729
0.27664
0.27600
0.27535
0.27470
0.27406
0.27341
0.27276
0.27212
0.27147
0.27082
0.27018
0.26953
0.26888
0.26823
0.26759
0.26694
0.26629
0.26564
0.26500
0.26435
0.26370
0.26305
0.26240
0.26176
0.26111
0.26046
0.25981
0.25916
0.25851
0.25786
0.25722
0.25657
0.25592
0.25527
0.25462
0.25397
0.25332
0.25267
0.25202
0.25137
0.25072
0.25008
0.24943
0.24878
0.24813
0.24748
0.24683
0.24618
0.24553
0.24488
0.24423
0.24358
0.24293
0.24227
0.24162
0.24097
0.24032
0.23967
0.23902
0.23837
0.23772
0.23707
0.23642
0.23577
0.23511
0.23446
0.23381
0.23316
0.23251
0.23186
0.23120
0.23055
0.22990
0.22925
0.22860
0.22794
0.22729
0.22664
0.22599
0.22534
0.22468
0.22403
0.22338
0.22272
0.22207
0.22142
0.22077
0.22011
0.21946
0.21881
0.21815
0.21750
0.21685
0.21619
0.21554
0.21488
0.21423
0.21358
0.21292
0.21227
0.21162
0.21096
0.21031
0.20965
0.20900
0.20834
0.20769
0.20703
0.20638
0.20572
0.20507
0.20441
0.20376
0.20310
0.20245
0.20179
0.20114
0.20048
0.19983
0.19917
0.19852
0.19786
0.19720
0.19655
0.19589
0.19524
0.19458
0.19392
0.19327
0.19261
0.19195
0.19130
0.19064
0.18998
0.18933
0.18867
0.18801
0.18736
0.18670
0.18604
0.18539
0.18473
0.18407
0.18341
0.18276
0.18210
0.18144
0.18078
0.18012
0.17947
0.17881
0.17815
0.17749
0.17683
0.17618
0.17552
0.17486
0.17420
0.17354
0.17288
0.17222
0.17156
0.17091
0.17025
0.16959
0.16893
0.16827
0.16761
0.16695
0.16629
0.16563
0.16497
0.16431
0.16365
0.16299
0.16233
0.16167
0.16101
0.16035
0.15969
0.15903
0.15837
0.15771
0.15705
0.15639
0.15573
0.15507
0.15440
0.15374
0.15308
0.15242
0.15176
0.15110
0.15044
0.14978
0.14911
0.14845
0.14779
0.14713
0.14647
0.14580
0.14514
0.14448
0.14382
0.14316
0.14249
0.14183
0.14117
0.14051
0.13984
0.13918
0.13852
0.13785
0.13719
0.13653
0.13586
0.13520
0.13454
0.13387
0.13321
0.13255
0.13188
0.13122
0.13056
0.12989
0.12923
0.12856
0.12790
0.12723
0.12657
0.12591
0.12524
0.12458
0.12391
0.12325
0.12258
0.12192
0.12125
0.12059
0.11992
0.11926
0.11859
0.11793
0.11726
0.11659
0.11593
0.11526
0.11460
0.11393
0.11327
0.11260
0.11193
0.11127
0.11060
0.10993
0.10927
0.10860
0.10793
0.10727
0.10660
0.10593
0.10527
0.10460
0.10393
0.10327
0.10260
0.10193
0.10126
0.10060
0.09993
0.09926
0.09859
0.09793
0.09726
0.09659
0.09592
0.09525
0.09458
0.09392
0.09325
0.09258
0.09191
0.09124
0.09057
0.08990
0.08924
0.08857
0.08790
0.08723
0.08656
0.08589
0.08522
0.08455
0.08388
0.08321
0.08254
0.08187
0.08120
0.08053
0.07986
0.07919
0.07852
0.07785
0.07718
0.07651
0.07584
0.07517
0.07450
0.07383
0.07316
0.07249
0.07181
0.07114
0.07047
0.06980
0.06913
0.06846
0.06779
0.06711
0.06644
0.06577
0.06510
0.06443
0.06376
0.06308
0.06241
0.06174
0.06107
0.06039
0.05972
0.05905
0.05838
0.05770
0.05703
0.05636
0.05568
0.05501
0.05434
0.05366
0.05299
0.05232
0.05164
0.05097
0.05030
0.04962
0.04895
0.04828
0.04760
0.04693
0.04625
0.04558
0.04490
0.04423
0.04356
0.04288
0.04221
0.04153
0.04086
0.04018
0.03951
0.03883
0.03816
0.03748
0.03681
0.03613
0.03545
0.03478
0.03410
0.03343
0.03275
0.03208
0.03140
0.03072
0.03005
0.02937
0.02869
0.02802
0.02734
0.02666
0.02599
0.02531
0.02463
0.02396
0.02328
0.02260
0.02193
0.02125
0.02057
0.01989
0.01922
0.01854
0.01786
0.01718
0.01651
0.01583
0.01515
0.01447
0.01379
0.01311
0.01244
0.01176
0.01108
0.01040
0.00972
0.00904
0.00836
0.00769
0.00701
0.00633
0.00565
0.00497
0.00429
0.00361
0.00293
0.00225
0.00157
0.00089
0.00021
-0.00047
-0.00115
-0.00183
-0.00251
-0.00319
-0.00387
-0.00455
-0.00523
-0.00591
-0.00659
-0.00727
-0.00795
-0.00864
-0.00932
-0.01000
-0.01068
-0.01136
-0.01204
-0.01272
-0.01340
-0.01409
-0.01477
-0.01545
-0.01613
-0.01681
-0.01750
-0.01818
-0.01886
-0.01954
-0.02023
-0.02091
-0.02159
-0.02227
-0.02296
-0.02364
-0.02432
-0.02501
-0.02569
-0.02637
-0.02705
-0.02774
-0.02842
-0.02911
-0.02979
-0.03047
-0.03116
-0.03184
-0.03252
-0.03321
-0.03389
-0.03458
-0.03526
-0.03595
-0.03663
-0.03731
-0.03800
-0.03868
-0.03937
-0.04005
-0.04074
-0.04142
-0.04211
-0.04279
-0.04348
-0.04417
-0.04485
-0.04554
-0.04622
-0.04691
-0.04759
-0.04828
-0.04897
-0.04965
-0.05034
-0.05102
-0.05171
-0.05240
-0.05308
-0.05377
-0.05446
-0.05514
-0.05583
-0.05652
-0.05721
-0.05789
-0.05858
-0.05927
-0.05995
-0.06064
-0.06133
-0.06202
-0.06271
-0.06339
-0.06408
-0.06477
-0.06546
-0.06615
-0.06683
-0.06752
-0.06821
-0.06890
-0.06959
-0.07028
-0.07097
-0.07165
-0.07234
-0.07303
-0.07372
-0.07441
-0.07510
-0.07579
-0.07648
-0.07717
-0.07786
-0.07855
-0.07924
-0.07993
-0.08062
-0.08131
-0.08200
-0.08269
-0.08338
-0.08407
-0.08476
-0.08545
-0.08614
-0.08683
-0.08752
-0.08821
-0.08890
-0.08960
-0.09029
-0.09098
-0.09167
-0.09236
-0.09305
-0.09374
-0.09444
-0.09513
-0.09582
-0.09651
-0.09720
-0.09790
-0.09859
-0.09928
-0.09997
-0.10067
-0.10136
-0.10205
-0.10274
-0.10344
-0.10413
-0.10482
-0.10552
-0.10621
-0.10690
-0.10760
-0.10829
-0.10898
-0.10968
-0.11037
-0.11107
-0.11176
-0.11245
-0.11315
-0.11384
-0.11454
-0.11523
-0.11593
-0.11662
-0.11731
-0.11801
-0.11870
-0.11940
-0.12009
-0.12079
-0.12148
-0.12218
-0.12288
-0.12357
-0.12427
-0.12496
-0.12566
-0.12635
-0.12705
-0.12775
-0.12844
-0.12914
-0.12983
-0.13053
-0.13123
-0.13192
-0.13262
-0.13332
-0.13401
-0.13471
-0.13541
-0.13610
-0.13680
-0.13750
-0.13820
-0.13889
-0.13959
-0.14029
-0.14099
-0.14168
-0.14238
-0.14308
-0.14378
-0.14448
-0.14517
-0.14587
-0.14657
-0.14727
-0.14797
-0.14867
-0.14937
-0.15006
-0.15076
-0.15146
-0.15216
-0.15286
-0.15356
-0.15426
-0.15496
-0.15566
-0.15636
-0.15706
-0.15776
-0.15846
-0.15916
-0.15986
-0.16056
-0.16126
-0.16196
-0.16266
-0.16336
-0.16406
-0.16476
-0.16546
-0.16616
-0.16686
-0.16757
-0.16827
-0.16897
-0.16967
-0.17037
-0.17107
-0.17177
-0.17248
-0.17318
-0.17388
-0.17458
-0.17528
-0.17599
-0.17669
-0.17739
-0.17809
-0.17879
-0.17950
-0.18020
-0.18090
-0.18161
-0.18231
-0.18301
-0.18372
-0.18442
-0.18512
-0.18583
-0.18653
-0.18723
-0.18794
-0.18864
-0.18934
-0.19005
-0.19075
-0.19146
-0.19216
-0.19286
-0.19357
-0.19427
-0.19498
-0.19568
-0.19639
-0.19709
-0.19780
-0.19850
-0.19921
-0.19991
-0.20062
-0.20132
-0.20203
-0.20274
-0.20344
-0.20415
-0.20485
-0.20556
-0.20626
-0.20697
-0.20768
-0.20838
-0.20909
-0.20980
-0.21050
-0.21121
-0.21192
-0.21262
-0.21333
-0.21404
-0.21474
-0.21545
-0.21616
-0.21687
-0.21757
-0.21828
-0.21899
-0.21970
-0.22041
-0.22111
-0.22182
-0.22253
-0.22324
-0.22395
-0.22465
-0.22536
-0.22607
-0.22678
-0.22749
-0.22820
-0.22891
-0.22962
-0.23033
-0.23103
-0.23174
-0.23245
-0.23316
-0.23387
-0.23458
-0.23529
-0.23600
-0.23671
-0.23742
-0.23813
-0.23884
-0.23955
-0.24026
-0.24097
-0.24169
-0.24240
-0.24311
-0.24382
-0.24453
-0.24524
-0.24595
-0.24666
-0.24737
-0.24809
-0.24880
-0.24951
-0.25022
-0.25093
-0.25164
-0.25236
-0.25307
-0.25378
-0.25449
-0.25521
-0.25592
-0.25663
-0.25734
-0.25806
-0.25877
-0.25948
-0.26020
-0.26091
-0.26162
-0.26233
-0.26305
-0.26376
-0.26448
-0.26519
-0.26590
-0.26662
-0.26733
-0.26805
-0.26876
-0.26947
-0.27019
-0.27090
-0.27162
-0.27233
-0.27305
-0.27376
-0.27448
-0.27519
-0.27591
-0.27662
-0.27734
-0.27805
-0.27877
-0.27948
-0.28020
-0.28091
-0.28163
-0.28235
-0.28306
-0.28378
-0.28450
-0.28521
-0.28593
-0.28664
-0.28736
-0.28808
-0.28879
-0.28951
-0.29023
-0.29095
-0.29166
-0.29238
-0.29310
-0.29382
-0.29453
-0.29525
-0.29597
-0.29669
-0.29740
-0.29812
-0.29884
-0.29956
-0.30028
-0.30100
-0.30171
-0.30243
-0.30315
-0.30387
-0.30459
-0.30531
-0.30603
-0.30675
-0.30747
-0.30818
-0.30890
-0.30962
-0.31034
-0.31106
-0.31178
-0.31250
-0.31322
-0.31394
-0.31466
-0.31538
-0.31610
-0.31682
-0.31754
-0.31827
-0.31899
-0.31971
-0.32043
-0.32115
-0.32187
-0.32259
-0.32331
-0.32403
-0.32476
-0.32548
-0.32620
-0.32692
-0.32764
-0.32837
-0.32909
-0.32981
-0.33053
-0.33125
-0.33198
-0.33270
-0.33342
-0.33414
-0.33487
-0.33559
-0.33631
-0.33704
-0.33776
-0.33848
-0.33921
-0.33993
-0.34065
-0.34138
-0.34210
-0.34283
-0.34355
-0.34427
-0.34500
-0.34572
-0.34645
-0.34717
-0.34790
-0.34862
-0.34935
-0.35007
-0.35080
-0.35152
-0.35225
-0.35297
-0.35370
-0.35442
-0.35515
-0.35587
-0.35660
-0.35732
-0.35805
-0.35878
-0.35950
-0.36023
-0.36096
-0.36168
-0.36241
-0.36314
-0.36386
-0.36459
-0.36532
-0.36604
-0.36677
-0.36750
-0.36822
-0.36895
-0.36968
-0.37041
-0.37113
-0.37186
-0.37259
-0.37332
-0.37405
-0.37477
-0.37550
-0.37623
-0.37696
-0.37769
-0.37842
-0.37915
-0.37987
-0.38060
-0.38133
-0.38206
-0.38279
-0.38352
-0.38425
-0.38498
-0.38571
-0.38644
-0.38717
-0.38790
-0.38863
-0.38936
-0.39009
-0.39082
-0.39155
-0.39228
-0.39301
-0.39374
-0.39447
-0.39520
-0.39593
-0.39667
-0.39740
-0.39813
-0.39886
-0.39959
-0.40032
-0.40105
-0.40179
-0.40252
-0.40325
-0.40398
-0.40471
-0.40545
-0.40618
-0.40691
-0.40764
-0.40838
-0.40911
-0.40984
-0.41057
-0.41131
-0.41204
-0.41277
-0.41351
-0.41424
-0.41497
-0.41571
-0.41644
-0.41718
-0.41791
-0.41864
-0.41938
-0.42011
-0.42085
-0.42158
-0.42232
-0.42305
-0.42378
-0.42452
-0.42525
-0.42599
-0.42672
-0.42746
-0.42820
-0.42893
-0.42967
-0.43040
-0.43114
-0.43187
-0.43261
-0.43335
-0.43408
-0.43482
-0.43555
-0.43629
-0.43703
-0.43776
-0.43850
-0.43924
-0.43997
-0.44071
-0.44145
-0.44219
-0.44292
-0.44366
-0.44440
-0.44514
-0.44587
-0.44661
-0.44735
-0.44809
-0.44883
-0.44956
-0.45030
-0.45104
-0.45178
-0.45252
-0.45326
-0.45399
-0.45473
-0.45547
-0.45621
-0.45695
-0.45769
-0.45843
-0.45917
-0.45991
-0.46065
-0.46139
-0.46213
-0.46287
-0.46361
-0.46435
-0.46509
-0.46583
-0.46657
-0.46731
-0.46805
-0.46879
-0.46953
-0.47027
-0.47101
-0.47176
-0.47250
-0.47324
-0.47398
-0.47472
-0.47546
-0.47621
-0.47695
-0.47769
-0.47843
-0.47917
-0.47992
-0.48066
-0.48140
-0.48214
-0.48289
-0.48363
-0.48437
-0.48512
-0.48586
-0.48660
-0.48735
-0.48809
-0.48883
-0.48958
-0.49032
-0.49106
-0.49181
-0.49255
-0.49330
-0.49404
-0.49478
-0.49553
-0.49627
-0.49702
-0.49776
-0.49851
-0.49925
-0.50000
-0.50074
-0.50149
-0.50223
-0.50298
-0.50372
-0.50447
-0.50522
-0.50596
-0.50671
-0.50745
-0.50820
-0.50895
-0.50969
-0.51044
-0.51119
-0.51193
-0.51268
-0.51343
-0.51417
-0.51492
-0.51567
-0.51641
-0.51716
-0.51791
-0.51866
-0.51940
-0.52015
-0.52090
-0.52165
-0.52240
-0.52314
-0.52389
-0.52464
-0.52539
-0.52614
-0.52689
-0.52764
-0.52839
-0.52913
-0.52988
-0.53063
-0.53138
-0.53213
-0.53288
-0.53363
-0.53438
-0.53513
-0.53588
-0.53663
-0.53738
-0.53813
-0.53888
-0.53963
-0.54038
-0.54113
-0.54188
-0.54263
-0.54339
-0.54414
-0.54489
-0.54564
-0.54639
-0.54714
-0.54789
-0.54865
-0.54940
-0.55015
-0.55090
-0.55165
-0.55241
-0.55316
-0.55391
-0.55466
-0.55542
-0.55617
-0.55692
-0.55767
-0.55843
-0.55918
-0.55993
-0.56069
-0.56144
-0.56219
-0.56295
-0.56370
-0.56446
-0.56521
-0.56596
-0.56672
-0.56747
-0.56823
-0.56898
-0.56974
-0.57049
-0.57125
-0.57200
-0.57276
-0.57351
-0.57427
-0.57502
-0.57578
-0.57653
-0.57729
-0.57804
-0.57880
-0.57956
-0.58031
-0.58107
-0.58182
-0.58258
-0.58334
-0.58409
-0.58485
-0.58561
-0.58636
-0.58712
-0.58788
-0.58864
-0.58939
-0.59015
-0.59091
-0.59167
-0.59242
-0.59318
-0.59394
-0.59470
-0.59546
-0.59621
-0.59697
-0.59773
-0.59849
-0.59925
-0.60001
-0.60077
-0.60152
-0.60228
-0.60304
-0.60380
-0.60456
-0.60532
-0.60608
-0.60684
-0.60760
-0.60836
-0.60912
-0.60988
-0.61064
-0.61140
-0.61216
-0.61292
-0.61368
-0.61444
-0.61521
-0.61597
-0.61673
-0.61749
-0.61825
-0.61901
-0.61977
-0.62053
-0.62130
-0.62206
-0.62282
-0.62358
-0.62434
-0.62511
-0.62587
-0.62663
-0.62739
-0.62816
-0.62892
-0.62968
-0.63045
-0.63121
-0.63197
-0.63274
-0.63350
-0.63426
-0.63503
-0.63579
-0.63655
-0.63732
-0.63808
-0.63885
-0.63961
-0.64038
-0.64114
-0.64190
-0.64267
-0.64343
-0.64420
-0.64496
-0.64573
-0.64649
-0.64726
-0.64803
-0.64879
-0.64956
-0.65032
-0.65109
-0.65186
-0.65262
-0.65339
-0.65415
-0.65492
-0.65569
-0.65645
-0.65722
-0.65799
-0.65875
-0.65952
-0.66029
-0.66106
-0.66182
-0.66259
-0.66336
-0.66413
-0.66489
-0.66566
-0.66643
-0.66720
-0.66797
-0.66874
-0.66950
-0.67027
-0.67104
-0.67181
-0.67258
-0.67335
-0.67412
-0.67489
-0.67566
-0.67643
-0.67720
-0.67796
-0.67873
-0.67950
-0.68027
-0.68104
-0.68182
-0.68259
-0.68336
-0.68413
-0.68490
-0.68567
-0.68644
-0.68721
-0.68798
-0.68875
-0.68952
-0.69030
-0.69107
-0.69184
-0.69261
-0.69338
-0.69415
-0.69493
-0.69570
-0.69647
-0.69724
-0.69802
-0.69879
-0.69956
-0.70033
-0.70111
-0.70188
-0.70265
-0.70343
-0.70420
-0.70497
-0.70575
-0.70652
-0.70730
-0.70807
-0.70884
-0.70962
-0.71039
-0.71117
-0.71194
-0.71272
-0.71349
-0.71426
-0.71504
-0.71581
-0.71659
-0.71737
-0.71814
-0.71892
-0.71969
-0.72047
-0.72124
-0.72202
-0.72280
-0.72357
-0.72435
-0.72512
-0.72590
-0.72668
-0.72745
-0.72823
-0.72901
-0.72979
-0.73056
-0.73134
-0.73212
-0.73289
-0.73367
-0.73445
-0.73523
-0.73601
-0.73678
-0.73756
-0.73834
-0.73912
-0.73990
-0.74068
-0.74145
-0.74223
-0.74301
-0.74379
-0.74457
-0.74535
-0.74613
-0.74691
-0.74769
-0.74847
-0.74925
-0.75003
-0.75081
-0.75159
-0.75237
-0.75315
-0.75393
-0.75471
-0.75549
-0.75627
-0.75705
-0.75783
-0.75861
-0.75940
-0.76018
-0.76096
-0.76174
-0.76252
-0.76330
-0.76409
-0.76487
-0.76565
-0.76643
-0.76721
-0.76800
-0.76878
-0.76956
-0.77035
-0.77113
-0.77191
-0.77269
-0.77348
-0.77426
-0.77504
-0.77583
-0.77661
-0.77740
-0.77818
-0.77896
-0.77975
-0.78053
-0.78132
-0.78210
-0.78289
-0.78367
-0.78446
-0.78524
-0.78603
-0.78681
-0.78760
-0.78838
-0.78917
-0.78995
-0.79074
-0.79152
-0.79231
-0.79310
-0.79388
-0.79467
-0.79546
-0.79624
-0.79703
-0.79782
-0.79860
-0.79939
-0.80018
-0.80096
-0.80175
-0.80254
-0.80333
-0.80411
-0.80490
-0.80569
-0.80648
-0.80727
-0.80805
-0.80884
-0.80963
-0.81042
-0.81121
-0.81200
-0.81279
-0.81358
-0.81436
-0.81515
-0.81594
-0.81673
-0.81752
-0.81831
-0.81910
-0.81989
-0.82068
-0.82147
-0.82226
-0.82305
-0.82384
-0.82463
-0.82543
-0.82622
-0.82701
-0.82780
-0.82859
-0.82938
-0.83017
-0.83096
-0.83176
-0.83255
-0.83334
-0.83413
-0.83492
-0.83572
-0.83651
-0.83730
-0.83809
-0.83889
-0.83968
-0.84047
-0.84126
-0.84206
-0.84285
-0.84364
-0.84444
-0.84523
-0.84603
-0.84682
-0.84761
-0.84841
-0.84920
-0.85000
-0.85079
-0.85159
-0.85238
-0.85317
-0.85397
-0.85476
-0.85556
-0.85636
-0.85715
-0.85795
-0.85874
-0.85954
-0.86033
-0.86113
-0.86193
-0.86272
-0.86352
-0.86431
-0.86511
-0.86591
-0.86670
-0.86750
-0.86830
-0.86910
-0.86989
-0.87069
-0.87149
-0.87228
-0.87308
-0.87388
-0.87468
-0.87548
-0.87627
-0.87707
-0.87787
-0.87867
-0.87947
-0.88027
-0.88107
-0.88187
-0.88266
-0.88346
-0.88426
-0.88506
-0.88586
-0.88666
-0.88746
-0.88826
-0.88906
-0.88986
-0.89066
-0.89146
-0.89226
-0.89306
-0.89386
-0.89466
-0.89547
-0.89627
-0.89707
-0.89787
-0.89867
-0.89947
-0.90027
-0.90108
-0.90188
-0.90268
-0.90348
-0.90428
-0.90509
-0.90589
-0.90669
-0.90749
-0.90830
-0.90910
-0.90990
-0.91071
-0.91151
-0.91231
-0.91312
-0.91392
-0.91472
-0.91553
-0.91633
-0.91714
-0.91794
-0.91875
-0.91955
-0.92035
-0.92116
-0.92196
-0.92277
-0.92357
-0.92438
-0.92519
-0.92599
-0.92680
-0.92760
-0.92841
-0.92921
-0.93002
-0.93083
-0.93163
-0.93244
-0.93325
-0.93405
-0.93486
-0.93567
-0.93647
-0.93728
-0.93809
-0.93889
-0.93970
-0.94051
-0.94132
-0.94212
-0.94293
-0.94374
-0.94455
-0.94536
-0.94617
-0.94697
-0.94778
-0.94859
-0.94940
-0.95021
-0.95102
-0.95183
-0.95264
-0.95345
-0.95426
-0.95507
-0.95588
-0.95669
-0.95750
-0.95831
-0.95912
-0.95993
-0.96074
-0.96155
-0.96236
-0.96317
-0.96398
-0.96479
-0.96560
-0.96642
-0.96723
-0.96804
-0.96885
-0.96966
-0.97048
-0.97129
-0.97210
-0.97291
-0.97372
-0.97454
-0.97535
-0.97616
-0.97698
-0.97779
-0.97860
-0.97942
-0.98023
-0.98104
-0.98186
-0.98267
-0.98348
-0.98430
-0.98511
-0.98593
-0.98674
-0.98756
-0.98837
-0.98919
-0.99000
-0.99082
-0.99163
-0.99245
-0.99326
-0.99408
-0.99489
-0.99571
-0.99653
-0.99734
-0.99816
-0.99897
-0.99979
-1.00061
-1.00142
-1.00224
-1.00306
-1.00387
-1.00469
-1.00551
-1.00633
-1.00714
-1.00796
-1.00878
-1.00960
-1.01041
-1.01123
-1.01205
-1.01287
-1.01369
-1.01451
-1.01533
-1.01614
-1.01696
-1.01778
-1.01860
-1.01942
-1.02024
-1.02106
-1.02188
-1.02270
-1.02352
-1.02434
-1.02516
-1.02598
-1.02680
-1.02762
-1.02844
-1.02926
-1.03008
-1.03091
-1.03173
-1.03255
-1.03337
-1.03419
-1.03501
-1.03583
-1.03666
-1.03748
-1.03830
-1.03912
-1.03995
-1.04077
-1.04159
-1.04241
-1.04324
-1.04406
-1.04488
-1.04571
-1.04653
-1.04735
-1.04818
-1.04900
-1.04982
-1.05065
-1.05147
-1.05230
-1.05312
-1.05395
-1.05477
-1.05560
-1.05642
-1.05725
-1.05807
-1.05890
-1.05972
-1.06055
-1.06137
-1.06220
-1.06302
-1.06385
-1.06468
-1.06550
-1.06633
-1.06716
-1.06798
-1.06881
-1.06964
-1.07046
-1.07129
-1.07212
-1.07295
-1.07377
-1.07460
-1.07543
-1.07626
-1.07708
-1.07791
-1.07874
-1.07957
-1.08040
-1.08123
-1.08206
-1.08288
-1.08371
-1.08454
-1.08537
-1.08620
-1.08703
-1.08786
-1.08869
-1.08952
-1.09035
-1.09118
-1.09201
-1.09284
-1.09367
-1.09450
-1.09533
-1.09616
-1.09700
-1.09783
-1.09866
-1.09949
-1.10032
-1.10115
-1.10198
-1.10282
-1.10365
-1.10448
-1.10531
-1.10615
-1.10698
-1.10781
-1.10864
-1.10948
-1.11031
-1.11114
-1.11198
-1.11281
-1.11364
-1.11448
-1.11531
-1.11615
-1.11698
-1.11781
-1.11865
-1.11948
-1.12032
-1.12115
-1.12199
-1.12282
-1.12366
-1.12449
-1.12533
-1.12616
-1.12700
-1.12784
-1.12867
-1.12951
-1.13034
-1.13118
-1.13202
-1.13285
-1.13369
-1.13453
-1.13536
-1.13620
-1.13704
-1.13787
-1.13871
-1.13955
-1.14039
-1.14123
-1.14206
-1.14290
-1.14374
-1.14458
-1.14542
-1.14625
-1.14709
-1.14793
-1.14877
-1.14961
-1.15045
-1.15129
-1.15213
-1.15297
-1.15381
-1.15465
-1.15549
-1.15633
-1.15717
-1.15801
-1.15885
-1.15969
-1.16053
-1.16137
-1.16221
-1.16305
-1.16390
-1.16474
-1.16558
-1.16642
-1.16726
-1.16810
-1.16895
-1.16979
-1.17063
-1.17147
-1.17232
-1.17316
-1.17400
-1.17484
-1.17569
-1.17653
-1.17737
-1.17822
-1.17906
-1.17991
-1.18075
-1.18159
-1.18244
-1.18328
-1.18413
-1.18497
-1.18582
-1.18666
-1.18751
-1.18835
-1.18920
-1.19004
-1.19089
-1.19173
-1.19258
-1.19342
-1.19427
-1.19512
-1.19596
-1.19681
-1.19766
-1.19850
-1.19935
-1.20020
-1.20104
-1.20189
-1.20274
-1.20358
-1.20443
-1.20528
-1.20613
-1.20698
-1.20782
-1.20867
-1.20952
-1.21037
-1.21122
-1.21207
-1.21292
-1.21376
-1.21461
-1.21546
-1.21631
-1.21716
-1.21801
-1.21886
-1.21971
-1.22056
-1.22141
-1.22226
-1.22311
-1.22396
-1.22481
-1.22567
-1.22652
-1.22737
-1.22822
-1.22907
-1.22992
-1.23077
-1.23163
-1.23248
-1.23333
-1.23418
-1.23503
-1.23589
-1.23674
-1.23759
-1.23844
-1.23930
-1.24015
-1.24100
-1.24186
-1.24271
-1.24356
-1.24442
-1.24527
-1.24613
-1.24698
-1.24784
-1.24869
-1.24954
-1.25040
-1.25125
-1.25211
-1.25296
-1.25382
-1.25468
-1.25553
-1.25639
-1.25724
-1.25810
-1.25895
-1.25981
-1.26067
-1.26152
-1.26238
-1.26324
-1.26409
-1.26495
-1.26581
-1.26667
-1.26752
-1.26838
-1.26924
-1.27010
-1.27095
-1.27181
-1.27267
-1.27353
-1.27439
-1.27525
-1.27610
-1.27696
-1.27782
-1.27868
-1.27954
-1.28040
-1.28126
-1.28212
-1.28298
-1.28384
-1.28470
-1.28556
-1.28642
-1.28728
-1.28814
-1.28900
-1.28986
-1.29072
-1.29159
-1.29245
-1.29331
-1.29417
-1.29503
-1.29589
-1.29676
-1.29762
-1.29848
-1.29934
-1.30021
-1.30107
-1.30193
-1.30279
-1.30366
-1.30452
-1.30538
-1.30625
-1.30711
-1.30798
-1.30884
-1.30970
-1.31057
-1.31143
-1.31230
-1.31316
-1.31403
-1.31489
-1.31576
-1.31662
-1.31749
-1.31835
-1.31922
-1.32008
-1.32095
-1.32181
-1.32268
-1.32355
-1.32441
-1.32528
-1.32615
-1.32701
-1.32788
-1.32875
-1.32962
-1.33048
-1.33135
-1.33222
-1.33309
-1.33395
-1.33482
-1.33569
-1.33656
-1.33743
-1.33830
-1.33916
-1.34003
-1.34090
-1.34177
-1.34264
-1.34351
-1.34438
-1.34525
-1.34612
-1.34699
-1.34786
-1.34873
-1.34960
-1.35047
-1.35134
-1.35221
-1.35308
-1.35395
-1.35483
-1.35570
-1.35657
-1.35744
-1.35831
-1.35918
-1.36006
-1.36093
-1.36180
-1.36267
-1.36355
-1.36442
-1.36529
-1.36616
-1.36704
-1.36791
-1.36878
-1.36966
-1.37053
-1.37141
-1.37228
-1.37315
-1.37403
-1.37490
-1.37578
-1.37665
-1.37753
-1.37840
-1.37928
-1.38015
-1.38103
-1.38190
-1.38278
-1.38366
-1.38453
-1.38541
-1.38628
-1.38716
-1.38804
-1.38891
-1.38979
-1.39067
-1.39154
-1.39242
-1.39330
-1.39418
-1.39505
-1.39593
-1.39681
-1.39769
-1.39857
-1.39945
-1.40032
-1.40120
-1.40208
-1.40296
-1.40384
-1.40472
-1.40560
-1.40648
-1.40736
-1.40824
-1.40912
-1.41000
-1.41088
-1.41176
-1.41264
-1.41352
-1.41440
-1.41528
-1.41616
-1.41704
-1.41792
-1.41881
-1.41969
-1.42057
-1.42145
-1.42233
-1.42322
-1.42410
-1.42498
-1.42586
-1.42675
-1.42763
-1.42851
-1.42940
-1.43028
-1.43116
-1.43205
-1.43293
-1.43381
-1.43470
-1.43558
-1.43647
-1.43735
-1.43824
-1.43912
-1.44001
-1.44089
-1.44178
-1.44266
-1.44355
-1.44443
-1.44532
-1.44620
-1.44709
-1.44798
-1.44886
-1.44975
-1.45064
-1.45152
-1.45241
-1.45330
-1.45418
-1.45507
-1.45596
-1.45685
-1.45774
-1.45862
-1.45951
-1.46040
-1.46129
-1.46218
-1.46307
-1.46395
-1.46484
-1.46573
-1.46662
-1.46751
-1.46840
-1.46929
-1.47018
-1.47107
-1.47196
-1.47285
-1.47374
-1.47463
-1.47552
-1.47641
-1.47730
-1.47820
-1.47909
-1.47998
-1.48087
-1.48176
-1.48265
-1.48355
-1.48444
-1.48533
-1.48622
-1.48712
-1.48801
-1.48890
-1.48979
-1.49069
-1.49158
-1.49247
-1.49337
-1.49426
-1.49516
-1.49605
-1.49694
-1.49784
-1.49873
-1.49963
-1.50052
-1.50142
-1.50231
-1.50321
-1.50410
-1.50500
-1.50589
-1.50679
-1.50769
-1.50858
-1.50948
-1.51037
-1.51127
-1.51217
-1.51307
-1.51396
-1.51486
-1.51576
-1.51665
-1.51755
-1.51845
-1.51935
-1.52025
-1.52114
-1.52204
-1.52294
-1.52384
-1.52474
-1.52564
-1.52654
-1.52744
-1.52833
-1.52923
-1.53013
-1.53103
-1.53193
-1.53283
-1.53373
-1.53463
-1.53554
-1.53644
-1.53734
-1.53824
-1.53914
-1.54004
-1.54094
-1.54184
-1.54275
-1.54365
-1.54455
-1.54545
-1.54635
-1.54726
-1.54816
-1.54906
-1.54996
-1.55087
-1.55177
-1.55267
-1.55358
-1.55448
-1.55539
-1.55629
-1.55719
-1.55810
-1.55900
-1.55991
-1.56081
-1.56172
-1.56262
-1.56353
-1.56443
-1.56534
-1.56624
-1.56715
-1.56806
-1.56896
-1.56987
-1.57077
-1.57168
-1.57259
-1.57349
-1.57440
-1.57531
-1.57622
-1.57712
-1.57803
-1.57894
-1.57985
-1.58075
-1.58166
-1.58257
-1.58348
-1.58439
-1.58530
-1.58621
-1.58712
-1.58802
-1.58893
-1.58984
-1.59075
-1.59166
-1.59257
-1.59348
-1.59439
-1.59530
-1.59622
-1.59713
-1.59804
-1.59895
-1.59986
-1.60077
-1.60168
-1.60259
-1.60351
-1.60442
-1.60533
-1.60624
-1.60715
-1.60807
-1.60898
-1.60989
-1.61081
-1.61172
-1.61263
-1.61355
-1.61446
-1.61537
-1.61629
-1.61720
-1.61812
-1.61903
-1.61995
-1.62086
-1.62178
-1.62269
-1.62361
-1.62452
-1.62544
-1.62635
-1.62727
-1.62818
-1.62910
-1.63002
-1.63093
-1.63185
-1.63277
-1.63368
-1.63460
-1.63552
-1.63643
-1.63735
-1.63827
-1.63919
-1.64011
-1.64102
-1.64194
-1.64286
-1.64378
-1.64470
-1.64562
-1.64654
-1.64746
-1.64837
-1.64929
-1.65021
-1.65113
-1.65205
-1.65297
-1.65389
-1.65481
-1.65574
-1.65666
-1.65758
-1.65850
-1.65942
-1.66034
-1.66126
-1.66218
-1.66311
-1.66403
-1.66495
-1.66587
-1.66680
-1.66772
-1.66864
-1.66956
-1.67049
-1.67141
-1.67233
-1.67326
-1.67418
-1.67510
-1.67603
-1.67695
-1.67788
-1.67880
-1.67973
-1.68065
-1.68158
-1.68250
-1.68343
-1.68435
-1.68528
-1.68620
-1.68713
-1.68806
-1.68898
-1.68991
-1.69083
-1.69176
-1.69269
-1.69362
-1.69454
-1.69547
-1.69640
-1.69733
-1.69825
-1.69918
-1.70011
-1.70104
-1.70197
-1.70289
-1.70382
-1.70475
-1.70568
-1.70661
-1.70754
-1.70847
-1.70940
-1.71033
-1.71126
-1.71219
-1.71312
-1.71405
-1.71498
-1.71591
-1.71684
-1.71777
-1.71871
-1.71964
-1.72057
-1.72150
-1.72243
-1.72336
-1.72430
-1.72523
-1.72616
-1.72709
-1.72803
-1.72896
-1.72989
-1.73083
-1.73176
-1.73269
-1.73363
-1.73456
-1.73550
-1.73643
-1.73736
-1.73830
-1.73923
-1.74017
-1.74110
-1.74204
-1.74298
-1.74391
-1.74485
-1.74578
-1.74672
-1.74765
-1.74859
-1.74953
-1.75046
-1.75140
-1.75234
-1.75328
-1.75421
-1.75515
-1.75609
-1.75703
-1.75796
-1.75890
-1.75984
-1.76078
-1.76172
-1.76266
-1.76360
-1.76454
-1.76547
-1.76641
-1.76735
-1.76829
-1.76923
-1.77017
-1.77111
-1.77205
-1.77299
-1.77394
-1.77488
-1.77582
-1.77676
-1.77770
-1.77864
-1.77958
-1.78053
-1.78147
-1.78241
-1.78335
-1.78430
-1.78524
-1.78618
-1.78712
-1.78807
-1.78901
-1.78995
-1.79090
-1.79184
-1.79279
-1.79373
-1.79467
-1.79562
-1.79656
-1.79751
-1.79845
-1.79940
-1.80034
-1.80129
-1.80223
-1.80318
-1.80413
-1.80507
-1.80602
-1.80697
-1.80791
-1.80886
-1.80981
-1.81075
-1.81170
-1.81265
-1.81360
-1.81454
-1.81549
-1.81644
-1.81739
-1.81834
-1.81929
-1.82023
-1.82118
-1.82213
-1.82308
-1.82403
-1.82498
-1.82593
-1.82688
-1.82783
-1.82878
-1.82973
-1.83068
-1.83163
-1.83258
-1.83353
-1.83449
-1.83544
-1.83639
-1.83734
-1.83829
-1.83924
-1.84020
-1.84115
-1.84210
-1.84305
-1.84401
-1.84496
-1.84591
-1.84687
-1.84782
-1.84877
-1.84973
-1.85068
-1.85164
-1.85259
-1.85355
-1.85450
-1.85546
-1.85641
-1.85737
-1.85832
-1.85928
-1.86023
-1.86119
-1.86214
-1.86310
-1.86406
-1.86501
-1.86597
-1.86693
-1.86789
-1.86884
-1.86980
-1.87076
-1.87172
-1.87267
-1.87363
-1.87459
-1.87555
-1.87651
-1.87747
-1.87842
-1.87938
-1.88034
-1.88130
-1.88226
-1.88322
-1.88418
-1.88514
-1.88610
-1.88706
-1.88802
-1.88898
-1.88995
-1.89091
-1.89187
-1.89283
-1.89379
-1.89475
-1.89571
-1.89668
-1.89764
-1.89860
-1.89956
-1.90053
-1.90149
-1.90245
-1.90342
-1.90438
-1.90534
-1.90631
-1.90727
-1.90824
-1.90920
-1.91017
-1.91113
-1.91209
-1.91306
-1.91403
-1.91499
-1.91596
-1.91692
-1.91789
-1.91885
-1.91982
-1.92079
-1.92175
-1.92272
-1.92369
-1.92465
-1.92562
-1.92659
-1.92756
-1.92852
-1.92949
-1.93046
-1.93143
-1.93240
-1.93337
-1.93433
-1.93530
-1.93627
-1.93724
-1.93821
-1.93918
-1.94015
-1.94112
-1.94209
-1.94306
-1.94403
-1.94500
-1.94597
-1.94695
-1.94792
-1.94889
-1.94986
-1.95083
-1.95180
-1.95278
-1.95375
-1.95472
-1.95569
-1.95667
-1.95764
-1.95861
-1.95959
-1.96056
-1.96153
-1.96251
-1.96348
-1.96445
-1.96543
-1.96640
-1.96738
-1.96835
-1.96933
-1.97030
-1.97128
-1.97225
-1.97323
-1.97421
-1.97518
-1.97616
-1.97713
-1.97811
-1.97909
-1.98007
-1.98104
-1.98202
-1.98300
-1.98397
-1.98495
-1.98593
-1.98691
-1.98789
-1.98887
-1.98984
-1.99082
-1.99180
-1.99278
-1.99376
-1.99474
-1.99572
-1.99670
-1.99768
-1.99866
-1.99964
-2.00062
-2.00160
-2.00258
-2.00357
-2.00455
-2.00553
-2.00651
-2.00749
-2.00847
-2.00946
-2.01044
-2.01142
-2.01240
-2.01339
-2.01437
-2.01535
-2.01634
-2.01732
-2.01831
-2.01929
-2.02027
-2.02126
-2.02224
-2.02323
-2.02421
-2.02520
-2.02618
-2.02717
-2.02815
-2.02914
-2.03013
-2.03111
-2.03210
-2.03308
-2.03407
-2.03506
-2.03604
-2.03703
-2.03802
-2.03901
-2.03999
-2.04098
-2.04197
-2.04296
-2.04395
-2.04494
-2.04593
-2.04691
-2.04790
-2.04889
-2.04988
-2.05087
-2.05186
-2.05285
-2.05384
-2.05483
-2.05582
-2.05681
-2.05781
-2.05880
-2.05979
-2.06078
-2.06177
-2.06276
-2.06376
-2.06475
-2.06574
-2.06673
-2.06773
-2.06872
-2.06971
-2.07071
-2.07170
-2.07269
-2.07369
-2.07468
-2.07567
-2.07667
-2.07766
-2.07866
-2.07965
-2.08065
-2.08164
-2.08264
-2.08364
-2.08463
-2.08563
-2.08662
-2.08762
-2.08862
-2.08961
-2.09061
-2.09161
-2.09260
-2.09360
-2.09460
-2.09560
-2.09660
-2.09759
-2.09859
-2.09959
-2.10059
-2.10159
-2.10259
-2.10359
-2.10459
-2.10559
-2.10659
-2.10759
-2.10859
-2.10959
-2.11059
-2.11159
-2.11259
-2.11359
-2.11459
-2.11559
-2.11660
-2.11760
-2.11860
-2.11960
-2.12060
-2.12161
-2.12261
-2.12361
-2.12462
-2.12562
-2.12662
-2.12763
-2.12863
-2.12964
-2.13064
-2.13164
-2.13265
-2.13365
-2.13466
-2.13566
-2.13667
-2.13768
-2.13868
-2.13969
-2.14069
-2.14170
-2.14271
-2.14371
-2.14472
-2.14573
-2.14673
-2.14774
-2.14875
-2.14976
-2.15077
-2.15177
-2.15278
-2.15379
-2.15480
-2.15581
-2.15682
-2.15783
-2.15884
-2.15985
-2.16086
-2.16187
-2.16288
-2.16389
-2.16490
-2.16591
-2.16692
-2.16793
-2.16894
-2.16995
-2.17097
-2.17198
-2.17299
-2.17400
-2.17501
-2.17603
-2.17704
-2.17805
-2.17907
-2.18008
-2.18109
-2.18211
-2.18312
-2.18414
-2.18515
-2.18616
-2.18718
-2.18819
-2.18921
-2.19022
-2.19124
-2.19226
-2.19327
-2.19429
-2.19530
-2.19632
-2.19734
-2.19835
-2.19937
-2.20039
-2.20141
-2.20242
-2.20344
-2.20446
-2.20548
-2.20650
-2.20751
-2.20853
-2.20955
-2.21057
-2.21159
-2.21261
-2.21363
-2.21465
-2.21567
-2.21669
-2.21771
-2.21873
-2.21975
-2.22077
-2.22179
-2.22282
-2.22384
-2.22486
-2.22588
-2.22690
-2.22793
-2.22895
-2.22997
-2.23099
-2.23202
-2.23304
-2.23406
-2.23509
-2.23611
-2.23714
-2.23816
-2.23919
-2.24021
-2.24123
-2.24226
-2.24328
-2.24431
-2.24534
-2.24636
-2.24739
-2.24841
-2.24944
-2.25047
-2.25149
-2.25252
-2.25355
-2.25458
-2.25560
-2.25663
-2.25766
-2.25869
-2.25972
-2.26074
-2.26177
-2.26280
-2.26383
-2.26486
-2.26589
-2.26692
-2.26795
-2.26898
-2.27001
-2.27104
-2.27207
-2.27310
-2.27413
-2.27516
-2.27620
-2.27723
-2.27826
-2.27929
-2.28032
-2.28136
-2.28239
-2.28342
-2.28445
-2.28549
-2.28652
-2.28756
-2.28859
-2.28962
-2.29066
-2.29169
-2.29273
-2.29376
-2.29480
-2.29583
-2.29687
-2.29790
-2.29894
-2.29997
-2.30101
-2.30205
-2.30308
-2.30412
-2.30516
-2.30619
-2.30723
-2.30827
-2.30931
-2.31034
-2.31138
-2.31242
-2.31346
-2.31450
-2.31554
-2.31658
-2.31762
-2.31866
-2.31970
-2.32073
-2.32178
-2.32282
-2.32386
-2.32490
-2.32594
-2.32698
-2.32802
-2.32906
-2.33010
-2.33115
-2.33219
-2.33323
-2.33427
-2.33531
-2.33636
-2.33740
-2.33844
-2.33949
-2.34053
-2.34158
-2.34262
-2.34366
-2.34471
-2.34575
-2.34680
-2.34784
-2.34889
-2.34993
-2.35098
-2.35203
-2.35307
-2.35412
-2.35516
-2.35621
-2.35726
-2.35831
-2.35935
-2.36040
-2.36145
-2.36250
-2.36354
-2.36459
-2.36564
-2.36669
-2.36774
-2.36879
-2.36984
-2.37089
-2.37194
-2.37299
-2.37404
-2.37509
-2.37614
-2.37719
-2.37824
-2.37929
-2.38034
-2.38139
-2.38244
-2.38350
-2.38455
-2.38560
-2.38665
-2.38771
-2.38876
-2.38981
-2.39087
-2.39192
-2.39297
-2.39403
-2.39508
-2.39614
-2.39719
-2.39825
-2.39930
-2.40036
-2.40141
-2.40247
-2.40352
-2.40458
-2.40563
-2.40669
-2.40775
-2.40880
-2.40986
-2.41092
-2.41198
-2.41303
-2.41409
-2.41515
-2.41621
-2.41727
-2.41833
-2.41938
-2.42044
-2.42150
-2.42256
-2.42362
-2.42468
-2.42574
-2.42680
-2.42786
-2.42892
-2.42999
-2.43105
-2.43211
-2.43317
-2.43423
-2.43529
-2.43636
-2.43742
-2.43848
-2.43954
-2.44061
-2.44167
-2.44273
-2.44380
-2.44486
-2.44592
-2.44699
-2.44805
-2.44912
-2.45018
-2.45125
-2.45231
-2.45338
-2.45444
-2.45551
-2.45658
-2.45764
-2.45871
-2.45978
-2.46084
-2.46191
-2.46298
-2.46405
-2.46511
-2.46618
-2.46725
-2.46832
-2.46939
-2.47046
-2.47152
-2.47259
-2.47366
-2.47473
-2.47580
-2.47687
-2.47794
-2.47901
-2.48008
-2.48116
-2.48223
-2.48330
-2.48437
-2.48544
-2.48651
-2.48759
-2.48866
-2.48973
-2.49080
-2.49188
-2.49295
-2.49402
-2.49510
-2.49617
-2.49725
-2.49832
-2.49939
-2.50047
-2.50154
-2.50262
-2.50369
-2.50477
-2.50585
-2.50692
-2.50800
-2.50907
-2.51015
-2.51123
-2.51231
-2.51338
-2.51446
-2.51554
-2.51662
-2.51769
-2.51877
-2.51985
-2.52093
-2.52201
-2.52309
-2.52417
-2.52525
-2.52633
-2.52741
-2.52849
-2.52957
-2.53065
-2.53173
-2.53281
-2.53389
-2.53497
-2.53606
-2.53714
-2.53822
-2.53930
-2.54039
-2.54147
-2.54255
-2.54363
-2.54472
-2.54580
-2.54689
-2.54797
-2.54905
-2.55014
-2.55122
-2.55231
-2.55339
-2.55448
-2.55557
-2.55665
-2.55774
-2.55882
-2.55991
-2.56100
-2.56208
-2.56317
-2.56426
-2.56535
-2.56643
-2.56752
-2.56861
-2.56970
-2.57079
-2.57188
-2.57297
-2.57405
-2.57514
-2.57623
-2.57732
-2.57841
-2.57950
-2.58060
-2.58169
-2.58278
-2.58387
-2.58496
-2.58605
-2.58714
-2.58824
-2.58933
-2.59042
-2.59151
-2.59261
-2.59370
-2.59479
-2.59589
-2.59698
-2.59808
-2.59917
-2.60026
-2.60136
-2.60245
-2.60355
-2.60465
-2.60574
-2.60684
-2.60793
-2.60903
-2.61013
-2.61122
-2.61232
-2.61342
-2.61451
-2.61561
-2.61671
-2.61781
-2.61891
-2.62001
-2.62110
-2.62220
-2.62330
-2.62440
-2.62550
-2.62660
-2.62770
-2.62880
-2.62990
-2.63100
-2.63210
-2.63321
-2.63431
-2.63541
-2.63651
-2.63761
-2.63872
-2.63982
-2.64092
-2.64202
-2.64313
-2.64423
-2.64533
-2.64644
-2.64754
-2.64865
-2.64975
-2.65086
-2.65196
-2.65307
-2.65417
-2.65528
-2.65638
-2.65749
-2.65860
-2.65970
-2.66081
-2.66192
-2.66302
-2.66413
-2.66524
-2.66635
-2.66746
-2.66856
-2.66967
-2.67078
-2.67189
-2.67300
-2.67411
-2.67522
-2.67633
-2.67744
-2.67855
-2.67966
-2.68077
-2.68188
-2.68299
-2.68410
-2.68522
-2.68633
-2.68744
-2.68855
-2.68967
-2.69078
-2.69189
-2.69301
-2.69412
-2.69523
-2.69635
-2.69746
-2.69858
-2.69969
-2.70081
-2.70192
-2.70304
-2.70415
-2.70527
-2.70638
-2.70750
-2.70862
-2.70973
-2.71085
-2.71197
-2.71309
-2.71420
-2.71532
-2.71644
-2.71756
-2.71868
-2.71980
-2.72091
-2.72203
-2.72315
-2.72427
-2.72539
-2.72651
-2.72763
-2.72875
-2.72988
-2.73100
-2.73212
-2.73324
-2.73436
-2.73548
-2.73661
-2.73773
-2.73885
-2.73997
-2.74110
-2.74222
-2.74334
-2.74447
-2.74559
-2.74672
-2.74784
-2.74897
-2.75009
-2.75122
-2.75234
-2.75347
-2.75459
-2.75572
-2.75685
-2.75797
-2.75910
-2.76023
-2.76136
-2.76248
-2.76361
-2.76474
-2.76587
-2.76700
-2.76813
-2.76925
-2.77038
-2.77151
-2.77264
-2.77377
-2.77490
-2.77603
-2.77716
-2.77830
-2.77943
-2.78056
-2.78169
-2.78282
-2.78395
-2.78509
-2.78622
-2.78735
-2.78848
-2.78962
-2.79075
-2.79188
-2.79302
-2.79415
-2.79529
-2.79642
-2.79756
-2.79869
-2.79983
-2.80096
-2.80210
-2.80324
-2.80437
-2.80551
-2.80664
-2.80778
-2.80892
-2.81006
-2.81119
-2.81233
-2.81347
-2.81461
-2.81575
-2.81689
-2.81803
-2.81917
-2.82031
-2.82145
-2.82259
-2.82373
-2.82487
-2.82601
-2.82715
-2.82829
-2.82943
-2.83057
-2.83172
-2.83286
-2.83400
-2.83514
-2.83629
-2.83743
-2.83857
-2.83972
-2.84086
-2.84200
-2.84315
-2.84429
-2.84544
-2.84658
-2.84773
-2.84887
-2.85002
-2.85117
-2.85231
-2.85346
-2.85461
-2.85575
-2.85690
-2.85805
-2.85920
-2.86034
-2.86149
-2.86264
-2.86379
-2.86494
-2.86609
-2.86724
-2.86839
-2.86954
-2.87069
-2.87184
-2.87299
-2.87414
-2.87529
-2.87644
-2.87760
-2.87875
-2.87990
-2.88105
-2.88220
-2.88336
-2.88451
-2.88566
-2.88682
-2.88797
-2.88913
-2.89028
-2.89143
-2.89259
-2.89374
-2.89490
-2.89606
-2.89721
-2.89837
-2.89952
-2.90068
-2.90184
-2.90299
-2.90415
-2.90531
-2.90647
-2.90763
-2.90878
-2.90994
-2.91110
-2.91226
-2.91342
-2.91458
-2.91574
-2.91690
-2.91806
-2.91922
-2.92038
-2.92154
-2.92270
-2.92386
-2.92503
-2.92619
-2.92735
-2.92851
-2.92968
-2.93084
-2.93200
-2.93317
-2.93433
-2.93549
-2.93666
-2.93782
-2.93899
-2.94015
-2.94132
-2.94248
-2.94365
-2.94481
-2.94598
-2.94715
-2.94831
-2.94948
-2.95065
-2.95182
-2.95298
-2.95415
-2.95532
-2.95649
-2.95766
-2.95883
-2.96000
-2.96116
-2.96233
-2.96350
-2.96467
-2.96585
-2.96702
-2.96819
-2.96936
-2.97053
-2.97170
-2.97287
-2.97405
-2.97522
-2.97639
-2.97756
-2.97874
-2.97991
-2.98108
-2.98226
-2.98343
-2.98461
-2.98578
-2.98696
-2.98813
-2.98931
-2.99048
-2.99166
-2.99284
-2.99401
-2.99519
-2.99637
-2.99754
-2.99872
-2.99990
-3.00108
-3.00226
-3.00343
-3.00461
-3.00579
-3.00697
-3.00815
-3.00933
-3.01051
-3.01169
-3.01287
-3.01405
-3.01523
-3.01642
-3.01760
-3.01878
-3.01996
-3.02114
-3.02233
-3.02351
-3.02469
-3.02588
-3.02706
-3.02824
-3.02943
-3.03061
-3.03180
-3.03298
-3.03417
-3.03535
-3.03654
-3.03773
-3.03891
-3.04010
-3.04129
-3.04247
-3.04366
-3.04485
-3.04604
-3.04722
-3.04841
-3.04960
-3.05079
-3.05198
-3.05317
-3.05436
-3.05555
-3.05674
-3.05793
-3.05912
-3.06031
-3.06150
-3.06269
-3.06388
-3.06508
-3.06627
-3.06746
-3.06865
-3.06985
-3.07104
-3.07223
-3.07343
-3.07462
-3.07582
-3.07701
-3.07821
-3.07940
-3.08060
-3.08179
-3.08299
-3.08418
-3.08538
-3.08658
-3.08777
-3.08897
-3.09017
-3.09137
-3.09256
-3.09376
-3.09496
-3.09616
-3.09736
-3.09856
-3.09976
-3.10096
-3.10216
-3.10336
-3.10456
-3.10576
-3.10696
-3.10816
-3.10936
-3.11057
-3.11177
-3.11297
-3.11417
-3.11538
-3.11658
-3.11778
-3.11899
-3.12019
-3.12140
-3.12260
-3.12381
-3.12501
-3.12622
-3.12742
-3.12863
-3.12983
-3.13104
-3.13225
-3.13346
-3.13466
-3.13587
-3.13708
-3.13829
-3.13949
-3.14070
-3.14191
-3.14312
-3.14433
-3.14554
-3.14675
-3.14796
-3.14917
-3.15038
-3.15159
-3.15280
-3.15402
-3.15523
-3.15644
-3.15765
-3.15887
-3.16008
-3.16129
-3.16250
-3.16372
-3.16493
-3.16615
-3.16736
-3.16858
-3.16979
-3.17101
-3.17222
-3.17344
-3.17465
-3.17587
-3.17709
-3.17830
-3.17952
-3.18074
-3.18196
-3.18318
-3.18439
-3.18561
-3.18683
-3.18805
-3.18927
-3.19049
-3.19171
-3.19293
-3.19415
-3.19537
-3.19659
-3.19781
-3.19904
-3.20026
-3.20148
-3.20270
-3.20393
-3.20515
-3.20637
-3.20760
-3.20882
-3.21004
-3.21127
-3.21249
-3.21372
-3.21494
-3.21617
-3.21739
-3.21862
-3.21985
-3.22107
-3.22230
-3.22353
-3.22475
-3.22598
-3.22721
-3.22844
-3.22967
-3.23090
-3.23212
-3.23335
-3.23458
-3.23581
-3.23704
-3.23827
-3.23951
-3.24074
-3.24197
-3.24320
-3.24443
-3.24566
-3.24690
-3.24813
-3.24936
-3.25059
-3.25183
-3.25306
-3.25430
-3.25553
-3.25677
-3.25800
-3.25924
-3.26047
-3.26171
-3.26294
-3.26418
-3.26542
-3.26665
-3.26789
-3.26913
-3.27037
-3.27160
-3.27284
-3.27408
-3.27532
-3.27656
-3.27780
-3.27904
-3.28028
-3.28152
-3.28276
-3.28400
-3.28524
-3.28648
-3.28772
-3.28897
-3.29021
-3.29145
-3.29269
-3.29394
-3.29518
-3.29642
-3.29767
-3.29891
-3.30016
-3.30140
-3.30265
-3.30389
-3.30514
-3.30638
-3.30763
-3.30888
-3.31012
-3.31137
-3.31262
-3.31386
-3.31511
-3.31636
-3.31761
-3.31886
-3.32011
-3.32136
-3.32261
-3.32386
-3.32511
-3.32636
-3.32761
-3.32886
-3.33011
-3.33136
-3.33261
-3.33387
-3.33512
-3.33637
-3.33762
-3.33888
-3.34013
-3.34139
-3.34264
-3.34389
-3.34515
-3.34640
-3.34766
-3.34892
-3.35017
-3.35143
-3.35268
-3.35394
-3.35520
-3.35646
-3.35771
-3.35897
-3.36023
-3.36149
-3.36275
-3.36401
-3.36527
-3.36653
-3.36779
-3.36905
-3.37031
-3.37157
-3.37283
-3.37409
-3.37535
-3.37661
-3.37788
-3.37914
-3.38040
-3.38167
-3.38293
-3.38419
-3.38546
-3.38672
-3.38799
-3.38925
-3.39052
-3.39178
-3.39305
-3.39432
-3.39558
-3.39685
-3.39812
-3.39938
-3.40065
-3.40192
-3.40319
-3.40446
-3.40572
-3.40699
-3.40826
-3.40953
-3.41080
-3.41207
-3.41334
-3.41462
-3.41589
-3.41716
-3.41843
-3.41970
-3.42097
-3.42225
-3.42352
-3.42479
-3.42607
-3.42734
-3.42862
-3.42989
-3.43116
-3.43244
-3.43371
-3.43499
-3.43627
-3.43754
-3.43882
-3.44010
-3.44137
-3.44265
-3.44393
-3.44521
-3.44649
-3.44776
-3.44904
-3.45032
-3.45160
-3.45288
-3.45416
-3.45544
-3.45672
-3.45800
-3.45929
-3.46057
-3.46185
-3.46313
-3.46441
-3.46570
-3.46698
-3.46826
-3.46955
-3.47083
-3.47212
-3.47340
-3.47469
-3.47597
-3.47726
-3.47854
-3.47983
-3.48112
-3.48240
-3.48369
-3.48498
-3.48627
-3.48755
-3.48884
-3.49013
-3.49142
-3.49271
-3.49400
-3.49529
-3.49658
-3.49787
-3.49916
-3.50045
-3.50174
-3.50303
-3.50433
-3.50562
-3.50691
-3.50820
-3.50950
-3.51079
-3.51208
-3.51338
-3.51467
-3.51597
-3.51726
-3.51856
-3.51985
-3.52115
-3.52245
-3.52374
-3.52504
-3.52634
-3.52764
-3.52893
-3.53023
-3.53153
-3.53283
-3.53413
-3.53543
-3.53673
-3.53803
-3.53933
-3.54063
-3.54193
-3.54323
-3.54453
-3.54583
-3.54714
-3.54844
-3.54974
-3.55104
-3.55235
-3.55365
-3.55496
-3.55626
-3.55757
-3.55887
-3.56018
-3.56148
-3.56279
-3.56409
-3.56540
-3.56671
-3.56801
-3.56932
-3.57063
-3.57194
-3.57325
-3.57456
-3.57586
-3.57717
-3.57848
-3.57979
-3.58110
-3.58241
-3.58373
-3.58504
-3.58635
-3.58766
-3.58897
-3.59029
-3.59160
-3.59291
-3.59423
-3.59554
-3.59685
-3.59817
-3.59948
-3.60080
-3.60211
-3.60343
-3.60474
-3.60606
-3.60738
-3.60869
-3.61001
-3.61133
-3.61265
-3.61397
-3.61528
-3.61660
-3.61792
-3.61924
-3.62056
-3.62188
-3.62320
-3.62452
-3.62585
-3.62717
-3.62849
-3.62981
-3.63113
-3.63246
-3.63378
-3.63510
-3.63643
-3.63775
-3.63907
-3.64040
-3.64172
-3.64305
-3.64438
-3.64570
-3.64703
-3.64835
-3.64968
-3.65101
-3.65234
-3.65366
-3.65499
-3.65632
-3.65765
-3.65898
-3.66031
-3.66164
-3.66297
-3.66430
-3.66563
-3.66696
-3.66829
-3.66962
-3.67096
-3.67229
-3.67362
-3.67496
-3.67629
-3.67762
-3.67896
-3.68029
-3.68163
-3.68296
-3.68430
-3.68563
-3.68697
-3.68830
-3.68964
-3.69098
-3.69232
-3.69365
-3.69499
-3.69633
-3.69767
-3.69901
-3.70035
-3.70169
-3.70303
-3.70437
-3.70571
-3.70705
-3.70839
-3.70973
-3.71107
-3.71242
-3.71376
-3.71510
-3.71645
-3.71779
-3.71913
-3.72048
-3.72182
-3.72317
-3.72451
-3.72586
-3.72720
-3.72855
-3.72990
-3.73124
-3.73259
-3.73394
-3.73529
-3.73664
-3.73798
-3.73933
-3.74068
-3.74203
-3.74338
-3.74473
-3.74608
-3.74743
-3.74879
-3.75014
-3.75149
-3.75284
-3.75419
-3.75555
-3.75690
-3.75825
-3.75961
-3.76096
-3.76232
-3.76367
-3.76503
-3.76638
-3.76774
-3.76910
-3.77045
-3.77181
-3.77317
-3.77452
-3.77588
-3.77724
-3.77860
-3.77996
-3.78132
-3.78268
-3.78404
-3.78540
-3.78676
-3.78812
-3.78948
-3.79084
-3.79221
-3.79357
-3.79493
-3.79629
-3.79766
-3.79902
-3.80039
-3.80175
-3.80311
-3.80448
-3.80585
-3.80721
-3.80858
-3.80994
-3.81131
-3.81268
-3.81405
-3.81541
-3.81678
-3.81815
-3.81952
-3.82089
-3.82226
-3.82363
-3.82500
-3.82637
-3.82774
-3.82911
-3.83048
-3.83186
-3.83323
-3.83460
-3.83597
-3.83735
-3.83872
-3.84010
-3.84147
-3.84285
-3.84422
-3.84560
-3.84697
-3.84835
-3.84973
-3.85110
-3.85248
-3.85386
-3.85524
-3.85661
-3.85799
-3.85937
-3.86075
-3.86213
-3.86351
-3.86489
-3.86627
-3.86765
-3.86903
-3.87042
-3.87180
-3.87318
-3.87456
-3.87595
-3.87733
-3.87871
-3.88010
-3.88148
-3.88287
-3.88425
-3.88564
-3.88703
-3.88841
-3.88980
-3.89119
-3.89257
-3.89396
-3.89535
-3.89674
-3.89813
-3.89952
-3.90091
-3.90230
-3.90369
-3.90508
-3.90647
-3.90786
-3.90925
-3.91064
-3.91203
-3.91343
-3.91482
-3.91621
-3.91761
-3.91900
-3.92040
-3.92179
-3.92319
-3.92458
-3.92598
-3.92738
-3.92877
-3.93017
-3.93157
-3.93296
-3.93436
-3.93576
-3.93716
-3.93856
-3.93996
-3.94136
-3.94276
-3.94416
-3.94556
-3.94696
-3.94836
-3.94977
-3.95117
-3.95257
-3.95397
-3.95538
-3.95678
-3.95819
-3.95959
-3.96100
-3.96240
-3.96381
-3.96521
-3.96662
-3.96803
-3.96943
-3.97084
-3.97225
-3.97366
-3.97507
-3.97647
-3.97788
-3.97929
-3.98070
-3.98211
-3.98353
-3.98494
-3.98635
-3.98776
-3.98917
-3.99058
-3.99200
-3.99341
-3.99482
-3.99624
-3.99765
-3.99907
-4.00048
-4.00190
-4.00332
-4.00473
-4.00615
-4.00757
-4.00898
-4.01040
-4.01182
-4.01324
-4.01466
-4.01608
-4.01749
-4.01891
-4.02034
-4.02176
-4.02318
-4.02460
-4.02602
-4.02744
-4.02887
-4.03029
-4.03171
-4.03314
-4.03456
-4.03598
-4.03741
-4.03883
-4.04026
-4.04169
-4.04311
-4.04454
-4.04597
-4.04739
-4.04882
-4.05025
-4.05168
-4.05311
-4.05454
-4.05597
-4.05740
-4.05883
-4.06026
-4.06169
-4.06312
-4.06455
-4.06598
-4.06742
-4.06885
-4.07028
-4.07172
-4.07315
-4.07459
-4.07602
-4.07746
-4.07889
-4.08033
-4.08177
-4.08320
-4.08464
-4.08608
-4.08752
-4.08895
-4.09039
-4.09183
-4.09327
-4.09471
-4.09615
-4.09759
-4.09903
-4.10047
-4.10192
-4.10336
-4.10480
-4.10624
-4.10769
-4.10913
-4.11058
-4.11202
-4.11346
-4.11491
-4.11636
-4.11780
-4.11925
-4.12069
-4.12214
-4.12359
-4.12504
-4.12649
-4.12793
-4.12938
-4.13083
-4.13228
-4.13373
-4.13518
-4.13664
-4.13809
-4.13954
-4.14099
-4.14244
-4.14390
-4.14535
-4.14680
-4.14826
-4.14971
-4.15117
-4.15262
-4.15408
-4.15553
-4.15699
-4.15845
-4.15990
-4.16136
-4.16282
-4.16428
-4.16574
-4.16720
-4.16866
-4.17012
-4.17158
-4.17304
-4.17450
-4.17596
-4.17742
-4.17888
-4.18035
-4.18181
-4.18327
-4.18474
-4.18620
-4.18767
-4.18913
-4.19060
-4.19206
-4.19353
-4.19500
-4.19646
-4.19793
-4.19940
-4.20087
-4.20234
-4.20380
-4.20527
-4.20674
-4.20821
-4.20968
-4.21116
-4.21263
-4.21410
-4.21557
-4.21704
-4.21852
-4.21999
-4.22146
-4.22294
-4.22441
-4.22589
-4.22736
-4.22884
-4.23032
-4.23179
-4.23327
-4.23475
-4.23622
-4.23770
-4.23918
-4.24066
-4.24214
-4.24362
-4.24510
-4.24658
-4.24806
-4.24954
-4.25102
-4.25251
-4.25399
-4.25547
-4.25696
-4.25844
-4.25992
-4.26141
-4.26289
-4.26438
-4.26587
-4.26735
-4.26884
-4.27033
-4.27181
-4.27330
-4.27479
-4.27628
-4.27777
-4.27926
-4.28075
-4.28224
-4.28373
-4.28522
-4.28671
-4.28820
-4.28970
-4.29119
-4.29268
-4.29417
-4.29567
-4.29716
-4.29866
-4.30015
-4.30165
-4.30315
-4.30464
-4.30614
-4.30764
-4.30913
-4.31063
-4.31213
-4.31363
-4.31513
-4.31663
-4.31813
-4.31963
-4.32113
-4.32263
-4.32413
-4.32564
-4.32714
-4.32864
-4.33015
-4.33165
-4.33315
-4.33466
-4.33616
-4.33767
-4.33918
-4.34068
-4.34219
-4.34370
-4.34520
-4.34671
-4.34822
-4.34973
-4.35124
-4.35275
-4.35426
-4.35577
-4.35728
-4.35879
-4.36030
-4.36182
-4.36333
-4.36484
-4.36636
-4.36787
-4.36938
-4.37090
-4.37241
-4.37393
-4.37545
-4.37696
-4.37848
-4.38000
-4.38151
-4.38303
-4.38455
-4.38607
-4.38759
-4.38911
-4.39063
-4.39215
-4.39367
-4.39519
-4.39672
-4.39824
-4.39976
-4.40128
-4.40281
-4.40433
-4.40586
-4.40738
-4.40891
-4.41043
-4.41196
-4.41349
-4.41501
-4.41654
-4.41807
-4.41960
-4.42113
-4.42265
-4.42418
-4.42571
-4.42725
-4.42878
-4.43031
-4.43184
-4.43337
-4.43490
-4.43644
-4.43797
-4.43951
-4.44104
-4.44257
-4.44411
-4.44565
-4.44718
-4.44872
-4.45026
-4.45179
-4.45333
-4.45487
-4.45641
-4.45795
-4.45949
-4.46103
-4.46257
-4.46411
-4.46565
-4.46719
-4.46873
-4.47028
-4.47182
-4.47336
-4.47491
-4.47645
-4.47800
-4.47954
-4.48109
-4.48264
-4.48418
-4.48573
-4.48728
-4.48882
-4.49037
-4.49192
-4.49347
-4.49502
-4.49657
-4.49812
-4.49967
-4.50122
-4.50278
-4.50433
-4.50588
-4.50743
-4.50899
-4.51054
-4.51210
-4.51365
-4.51521
-4.51676
-4.51832
-4.51988
-4.52143
-4.52299
-4.52455
-4.52611
-4.52767
-4.52923
-4.53079
-4.53235
-4.53391
-4.53547
-4.53703
-4.53859
-4.54016
-4.54172
-4.54328
-4.54485
-4.54641
-4.54798
-4.54954
-4.55111
-4.55267
-4.55424
-4.55581
-4.55738
-4.55894
-4.56051
-4.56208
-4.56365
-4.56522
-4.56679
-4.56836
-4.56993
-4.57150
-4.57308
-4.57465
-4.57622
-4.57780
-4.57937
-4.58094
-4.58252
-4.58409
-4.58567
-4.58725
-4.58882
-4.59040
-4.59198
-4.59356
-4.59513
-4.59671
-4.59829
-4.59987
-4.60145
-4.60303
-4.60461
-4.60620
-4.60778
-4.60936
-4.61094
-4.61253
-4.61411
-4.61570
-4.61728
-4.61887
-4.62045
-4.62204
-4.62363
-4.62521
-4.62680
-4.62839
-4.62998
-4.63157
-4.63316
-4.63475
-4.63634
-4.63793
-4.63952
-4.64111
-4.64270
-4.64430
-4.64589
-4.64748
-4.64908
-4.65067
-4.65227
-4.65386
-4.65546
-4.65706
-4.65865
-4.66025
-4.66185
-4.66345
-4.66505
-4.66665
-4.66824
-4.66985
-4.67145
-4.67305
-4.67465
-4.67625
-4.67785
-4.67946
-4.68106
-4.68266
-4.68427
-4.68587
-4.68748
-4.68909
-4.69069
-4.69230
-4.69391
-4.69551
-4.69712
-4.69873
-4.70034
-4.70195
-4.70356
-4.70517
-4.70678
-4.70839
