1.00000
0.99992
0.99984
0.99976
0.99968
0.99960
0.99952
0.99944
0.99936
0.99928
0.99920
0.99912
0.99904
0.99896
0.99888
0.99880
0.99872
0.99864
0.99856
0.99848
0.99840
0.99832
0.99824
0.99816
0.99808
0.99800
0.99792
0.99784
0.99776
0.99768
0.99760
0.99752
0.99744
0.99736
0.99728
0.99720
0.99712
0.99704
0.99696
0.99688
0.99680
0.99672
0.99664
0.99656
0.99648
0.99640
0.99632
0.99624
0.99616
0.99608
0.99600
0.99592
0.99584
0.99576
0.99568
0.99560
0.99552
0.99544
0.99536
0.99528
0.99520
0.99512
0.99504
0.99496
0.99488
0.99480
0.99472
0.99464
0.99456
0.99448
0.99440
0.99432
0.99424
0.99416
0.99408
0.99400
0.99392
0.99384
0.99376
0.99368
0.99360
0.99352
0.99344
0.99336
0.99328
0.99320
0.99312
0.99304
0.99296
0.99288
0.99280
0.99272
0.99264
0.99256
0.99248
0.99240
0.99232
0.99224
0.99216
0.99208
0.99200
0.99192
0.99184
0.99176
0.99168
0.99160
0.99152
0.99144
0.99136
0.99128
0.99120
0.99112
0.99104
0.99096
0.99088
0.99080
0.99072
0.99064
0.99056
0.99048
0.99040
0.99032
0.99024
0.99016
0.99008
0.99000
0.98992
0.98984
0.98976
0.98968
0.98960
0.98952
0.98944
0.98936
0.98928
0.98920
0.98912
0.98904
0.98896
0.98888
0.98880
0.98872
0.98864
0.98856
0.98848
0.98840
0.98832
0.98824
0.98816
0.98808
0.98800
0.98792
0.98784
0.98776
0.98768
0.98760
0.98752
0.98744
0.98736
0.98728
0.98720
0.98712
0.98704
0.98696
0.98688
0.98680
0.98672
0.98664
0.98656
0.98648
0.98640
0.98632
0.98624
0.98616
0.98608
0.98600
0.98592
0.98584
0.98576
0.98568
0.98560
0.98552
0.98544
0.98536
0.98528
0.98520
0.98512
0.98504
0.98496
0.98488
0.98480
0.98472
0.98464
0.98456
0.98448
0.98440
0.98432
0.98424
0.98416
0.98408
0.98400
0.98392
0.98384
0.98376
0.98368
0.98360
0.98352
0.98344
0.98336
0.98328
0.98320
0.98312
0.98304
0.98296
0.98288
0.98280
0.98272
0.98264
0.98256
0.98248
0.98240
0.98232
0.98224
0.98216
0.98208
0.98200
0.98192
0.98184
0.98176
0.98168
0.98160
0.98152
0.98144
0.98136
0.98128
0.98120
0.98112
0.98104
0.98096
0.98088
0.98080
0.98072
0.98064
0.98056
0.98048
0.98040
0.98032
0.98025
0.98017
0.98009
0.98001
0.97993
0.97985
0.97977
0.97969
0.97961
0.97953
0.97945
0.97937
0.97929
0.97921
0.97913
0.97905
0.97897
0.97889
0.97881
0.97873
0.97865
0.97857
0.97849
0.97841
0.97833
0.97825
0.97817
0.97809
0.97801
0.97793
0.97785
0.97777
0.97769
0.97761
0.97753
0.97745
0.97737
0.97729
0.97721
0.97713
0.97705
0.97697
0.97689
0.97681
0.97673
0.97665
0.97657
0.97649
0.97641
0.97633
0.97625
0.97617
0.97609
0.97601
0.97593
0.97585
0.97577
0.97569
0.97561
0.97553
0.97545
0.97537
0.97529
0.97521
0.97513
0.97505
0.97497
0.97489
0.97481
0.97473
0.97465
0.97457
0.97449
0.97441
0.97433
0.97425
0.97417
0.97409
0.97401
0.97393
0.97385
0.97377
0.97369
0.97361
0.97353
0.97345
0.97337
0.97329
0.97321
0.97313
0.97305
0.97297
0.97289
0.97281
0.97273
0.97265
0.97257
0.97249
0.97241
0.97233
0.97225
0.97217
0.97209
0.97201
0.97193
0.97185
0.97177
0.97169
0.97161
0.97153
0.97145
0.97137
0.97129
0.97121
0.97113
0.97105
0.97097
0.97089
0.97081
0.97073
0.97065
0.97057
0.97049
0.97041
0.97033
0.97025
0.97017
0.97009
0.97001
0.96993
0.96985
0.96977
0.96969
0.96961
0.96953
0.96945
0.96937
0.96929
0.96921
0.96913
0.96905
0.96897
0.96889
0.96881
0.96873
0.96865
0.96857
0.96849
0.96841
0.96833
0.96825
0.96817
0.96809
0.96801
0.96793
0.96785
0.96777
0.96769
0.96761
0.96753
0.96745
0.96737
0.96729
0.96721
0.96713
0.96705
0.96697
0.96689
0.96681
0.96673
0.96665
0.96657
0.96649
0.96641
0.96633
0.96625
0.96617
0.96609
0.96601
0.96593
0.96585
0.96577
0.96569
0.96561
0.96553
0.96545
0.96537
0.96529
0.96521
0.96513
0.96505
0.96497
0.96489
0.96481
0.96473
0.96465
0.96457
0.96449
0.96441
0.96433
0.96425
0.96417
0.96409
0.96401
0.96393
0.96385
0.96377
0.96369
0.96361
0.96353
0.96345
0.96337
0.96329
0.96321
0.96313
0.96305
0.96297
0.96289
0.96281
0.96273
0.96265
0.96257
0.96249
0.96241
0.96233
0.96225
0.96217
0.96209
0.96201
0.96193
0.96185
0.96177
0.96169
0.96161
0.96153
0.96145
0.96137
0.96129
0.96121
0.96113
0.96105
0.96097
0.96089
0.96081
0.96073
0.96065
0.96057
0.96049
0.96041
0.96033
0.96025
0.96017
0.96009
0.96001
0.95993
0.95985
0.95977
0.95969
0.95961
0.95953
0.95945
0.95937
0.95929
0.95921
0.95913
0.95905
0.95897
0.95889
0.95881
0.95873
0.95865
0.95857
0.95849
0.95841
0.95833
0.95825
0.95817
0.95809
0.95801
0.95793
0.95785
0.95777
0.95769
0.95761
0.95753
0.95745
0.95737
0.95729
0.95721
0.95713
0.95705
0.95697
0.95689
0.95681
0.95673
0.95665
0.95657
0.95649
0.95641
0.95633
0.95625
0.95617
0.95609
0.95601
0.95593
0.95585
0.95577
0.95569
0.95561
0.95553
0.95545
0.95537
0.95529
0.95521
0.95513
0.95505
0.95497
0.95489
0.95481
0.95473
0.95465
0.95457
0.95449
0.95441
0.95433
0.95425
0.95417
0.95409
0.95401
0.95393
0.95385
0.95377
0.95369
0.95361
0.95353
0.95345
0.95337
0.95329
0.95321
0.95313
0.95305
0.95297
0.95289
0.95281
0.95273
0.95265
0.95257
0.95249
0.95241
0.95233
0.95225
0.95217
0.95209
0.95201
0.95193
0.95185
0.95177
0.95169
0.95161
0.95153
0.95145
0.95137
0.95129
0.95121
0.95113
0.95105
0.95097
0.95089
0.95081
0.95073
0.95065
0.95057
0.95049
0.95041
0.95033
0.95025
0.95017
0.95009
0.95001
0.94993
0.94985
0.94977
0.94969
0.94961
0.94953
0.94945
0.94937
0.94929
0.94921
0.94913
0.94905
0.94897
0.94889
0.94881
0.94873
0.94865
0.94857
0.94849
0.94841
0.94833
0.94825
0.94817
0.94809
0.94801
0.94793
0.94785
0.94777
0.94769
0.94761
0.94753
0.94745
0.94737
0.94729
0.94721
0.94713
0.94705
0.94697
0.94689
0.94681
0.94673
0.94665
0.94657
0.94649
0.94641
0.94633
0.94625
0.94617
0.94609
0.94601
0.94593
0.94585
0.94577
0.94569
0.94561
0.94553
0.94545
0.94537
0.94529
0.94521
0.94513
0.94505
0.94497
0.94489
0.94481
0.94473
0.94465
0.94457
0.94449
0.94441
0.94433
0.94425
0.94417
0.94409
0.94401
0.94393
0.94385
0.94377
0.94369
0.94361
0.94353
0.94345
0.94337
0.94329
0.94321
0.94313
0.94305
0.94297
0.94289
0.94281
0.94273
0.94265
0.94257
0.94249
0.94241
0.94233
0.94225
0.94217
0.94209
0.94201
0.94193
0.94185
0.94177
0.94169
0.94161
0.94153
0.94145
0.94137
0.94129
0.94121
0.94113
0.94105
0.94097
0.94089
0.94081
0.94073
0.94065
0.94057
0.94049
0.94041
0.94033
0.94025
0.94017
0.94009
0.94001
0.93993
0.93985
0.93977
0.93969
0.93961
0.93953
0.93945
0.93937
0.93929
0.93921
0.93913
0.93905
0.93897
0.93889
0.93881
0.93873
0.93865
0.93857
0.93849
0.93841
0.93833
0.93825
0.93817
0.93809
0.93801
0.93793
0.93785
0.93778
0.93770
0.93762
0.93754
0.93746
0.93738
0.93730
0.93722
0.93714
0.93706
0.93698
0.93690
0.93682
0.93674
0.93666
0.93658
0.93650
0.93642
0.93634
0.93626
0.93618
0.93610
0.93602
0.93594
0.93586
0.93578
0.93570
0.93562
0.93554
0.93546
0.93538
0.93530
0.93522
0.93514
0.93506
0.93498
0.93490
0.93482
0.93474
0.93466
0.93458
0.93450
0.93442
0.93434
0.93426
0.93418
0.93410
0.93402
0.93394
0.93386
0.93378
0.93370
0.93362
0.93354
0.93346
0.93338
0.93330
0.93322
0.93314
0.93306
0.93298
0.93290
0.93282
0.93274
0.93266
0.93258
0.93250
0.93242
0.93234
0.93226
0.93218
0.93210
0.93202
0.93194
0.93186
0.93178
0.93170
0.93162
0.93154
0.93146
0.93138
0.93130
0.93122
0.93114
0.93106
0.93098
0.93090
0.93082
0.93074
0.93066
0.93058
0.93050
0.93042
0.93034
0.93026
0.93018
0.93010
0.93002
0.92994
0.92986
0.92978
0.92970
0.92962
0.92954
0.92946
0.92938
0.92930
0.92922
0.92914
0.92906
0.92898
0.92890
0.92882
0.92874
0.92866
0.92858
0.92850
0.92842
0.92834
0.92826
0.92818
0.92810
0.92802
0.92794
0.92786
0.92778
0.92770
0.92762
0.92754
0.92746
0.92738
0.92730
0.92722
0.92714
0.92706
0.92698
0.92690
0.92682
0.92674
0.92666
0.92658
0.92650
0.92642
0.92634
0.92626
0.92618
0.92610
0.92602
0.92594
0.92586
0.92578
0.92570
0.92562
0.92554
0.92546
0.92538
0.92530
0.92522
0.92514
0.92506
0.92498
0.92490
0.92482
0.92474
0.92466
0.92458
0.92450
0.92442
0.92434
0.92426
0.92418
0.92410
0.92402
0.92394
0.92386
0.92378
0.92370
0.92362
0.92354
0.92346
0.92338
0.92330
0.92322
0.92314
0.92306
0.92298
0.92290
0.92282
0.92274
0.92266
0.92258
0.92250
0.92242
0.92234
0.92226
0.92218
0.92210
0.92202
0.92194
0.92186
0.92178
0.92170
0.92162
0.92154
0.92146
0.92138
0.92130
0.92122
0.92114
0.92106
0.92098
0.92090
0.92082
0.92074
0.92066
0.92058
0.92050
0.92042
0.92034
0.92026
0.92018
0.92010
0.92002
0.91994
0.91986
0.91978
0.91970
0.91962
0.91954
0.91946
0.91938
0.91930
0.91922
0.91914
0.91906
0.91898
0.91890
0.91882
0.91874
0.91866
0.91858
0.91850
0.91842
0.91834
0.91826
0.91818
0.91810
0.91802
0.91794
0.91786
0.91778
0.91770
0.91762
0.91754
0.91746
0.91738
0.91730
0.91722
0.91714
0.91706
0.91698
0.91690
0.91682
0.91674
0.91666
0.91658
0.91650
0.91642
0.91634
0.91626
0.91618
0.91610
0.91602
0.91594
0.91586
0.91578
0.91570
0.91562
0.91554
0.91546
0.91538
0.91530
0.91522
0.91514
0.91506
0.91498
0.91490
0.91482
0.91474
0.91466
0.91458
0.91450
0.91442
0.91434
0.91426
0.91418
0.91410
0.91402
0.91394
0.91386
0.91378
0.91370
0.91362
0.91354
0.91346
0.91338
0.91330
0.91322
0.91314
0.91306
0.91298
0.91290
0.91282
0.91274
0.91266
0.91258
0.91250
0.91242
0.91234
0.91226
0.91218
0.91210
0.91202
0.91194
0.91186
0.91178
0.91170
0.91162
0.91154
0.91146
0.91138
0.91130
0.91122
0.91114
0.91106
0.91098
0.91090
0.91082
0.91074
0.91066
0.91058
0.91050
0.91042
0.91034
0.91026
0.91018
0.91010
0.91002
0.90994
0.90986
0.90978
0.90970
0.90962
0.90954
0.90946
0.90938
0.90930
0.90922
0.90914
0.90906
0.90898
0.90890
0.90882
0.90874
0.90866
0.90858
0.90850
0.90842
0.90834
0.90826
0.90818
0.90810
0.90802
0.90794
0.90786
0.90778
0.90770
0.90762
0.90754
0.90746
0.90738
0.90730
0.90722
0.90714
0.90706
0.90698
0.90690
0.90682
0.90674
0.90666
0.90658
0.90650
0.90642
0.90634
0.90626
0.90618
0.90610
0.90602
0.90594
0.90586
0.90578
0.90570
0.90562
0.90554
0.90546
0.90538
0.90530
0.90522
0.90514
0.90506
0.90498
0.90490
0.90482
0.90474
0.90466
0.90458
0.90450
0.90442
0.90434
0.90426
0.90418
0.90410
0.90402
0.90394
0.90386
0.90378
0.90370
0.90362
0.90354
0.90346
0.90338
0.90330
0.90322
0.90314
0.90306
0.90298
0.90290
0.90282
0.90274
0.90266
0.90258
0.90250
0.90242
0.90234
0.90226
0.90218
0.90210
0.90202
0.90194
0.90186
0.90178
0.90170
0.90162
0.90154
0.90146
0.90138
0.90130
0.90122
0.90114
0.90106
0.90098
0.90090
0.90082
0.90074
0.90066
0.90058
0.90050
0.90042
0.90034
0.90026
0.90018
0.90010
0.90002
0.89994
0.89986
0.89978
0.89970
0.89962
0.89954
0.89946
0.89938
0.89930
0.89922
0.89914
0.89906
0.89898
0.89890
0.89882
0.89874
0.89866
0.89858
0.89850
0.89842
0.89834
0.89826
0.89818
0.89810
0.89802
0.89794
0.89786
0.89778
0.89770
0.89762
0.89754
0.89746
0.89738
0.89730
0.89722
0.89714
0.89706
0.89698
0.89690
0.89682
0.89674
0.89667
0.89659
0.89651
0.89643
0.89635
0.89627
0.89619
0.89611
0.89603
0.89595
0.89587
0.89579
0.89571
0.89563
0.89555
0.89547
0.89539
0.89531
0.89523
0.89515
0.89507
0.89499
0.89491
0.89483
0.89475
0.89467
0.89459
0.89451
0.89443
0.89435
0.89427
0.89419
0.89411
0.89403
0.89395
0.89387
0.89379
0.89371
0.89363
0.89355
0.89347
0.89339
0.89331
0.89323
0.89315
0.89307
0.89299
0.89291
0.89283
0.89275
0.89267
0.89259
0.89251
0.89243
0.89235
0.89227
0.89219
0.89211
0.89203
0.89195
0.89187
0.89179
0.89171
0.89163
0.89155
0.89147
0.89139
0.89131
0.89123
0.89115
0.89107
0.89099
0.89091
0.89083
0.89075
0.89067
0.89059
0.89051
0.89043
0.89035
0.89027
0.89019
0.89011
0.89003
0.88995
0.88987
0.88979
0.88971
0.88963
0.88955
0.88947
0.88939
0.88931
0.88923
0.88915
0.88907
0.88899
0.88891
0.88883
0.88875
0.88867
0.88859
0.88851
0.88843
0.88835
0.88827
0.88819
0.88811
0.88803
0.88795
0.88787
0.88779
0.88771
0.88763
0.88755
0.88747
0.88739
0.88731
0.88723
0.88715
0.88707
0.88699
0.88691
0.88683
0.88675
0.88667
0.88659
0.88651
0.88643
0.88635
0.88627
0.88619
0.88611
0.88603
0.88595
0.88587
0.88579
0.88571
0.88563
0.88555
0.88547
0.88539
0.88531
0.88523
0.88515
0.88507
0.88499
0.88491
0.88483
0.88475
0.88467
0.88459
0.88451
0.88443
0.88435
0.88427
0.88419
0.88411
0.88403
0.88395
0.88387
0.88379
0.88371
0.88363
0.88355
0.88347
0.88339
0.88331
0.88323
0.88315
0.88307
0.88299
0.88291
0.88283
0.88275
0.88267
0.88259
0.88251
0.88243
0.88235
0.88227
0.88219
0.88211
0.88203
0.88195
0.88187
0.88179
0.88171
0.88163
0.88155
0.88147
0.88139
0.88131
0.88123
0.88115
0.88107
0.88099
0.88091
0.88083
0.88075
0.88067
0.88059
0.88051
0.88043
0.88035
0.88027
0.88019
0.88011
0.88003
0.87995
0.87987
0.87979
0.87971
0.87963
0.87955
0.87947
0.87939
0.87931
0.87923
0.87915
0.87907
0.87899
0.87891
0.87883
0.87875
0.87867
0.87859
0.87851
0.87843
0.87835
0.87827
0.87819
0.87811
0.87803
0.87795
0.87787
0.87779
0.87771
0.87763
0.87755
0.87747
0.87739
0.87731
0.87723
0.87715
0.87707
0.87699
0.87691
0.87683
0.87675
0.87667
0.87659
0.87651
0.87643
0.87635
0.87627
0.87619
0.87611
0.87603
0.87595
0.87587
0.87579
0.87571
0.87563
0.87555
0.87547
0.87539
0.87531
0.87523
0.87515
0.87507
0.87499
0.87491
0.87483
0.87475
0.87467
0.87459
0.87451
0.87443
0.87435
0.87427
0.87419
0.87411
0.87403
0.87395
0.87387
0.87379
0.87371
0.87363
0.87355
0.87347
0.87339
0.87331
0.87323
0.87315
0.87307
0.87299
0.87291
0.87283
0.87275
0.87267
0.87259
0.87251
0.87243
0.87235
0.87227
0.87219
0.87211
0.87203
0.87195
0.87187
0.87179
0.87171
0.87163
0.87155
0.87147
0.87139
0.87131
0.87123
0.87115
0.87107
0.87099
0.87091
0.87083
0.87075
0.87067
0.87059
0.87051
0.87043
0.87035
0.87027
0.87019
0.87011
0.87003
0.86995
0.86987
0.86979
0.86971
0.86963
0.86955
0.86947
0.86939
0.86931
0.86923
0.86915
0.86907
0.86899
0.86891
0.86883
0.86875
0.86867
0.86859
0.86851
0.86843
0.86835
0.86827
0.86819
0.86811
0.86803
0.86795
0.86787
0.86779
0.86771
0.86763
0.86755
0.86747
0.86739
0.86731
0.86723
0.86715
0.86707
0.86699
0.86691
0.86683
0.86675
0.86667
0.86659
0.86651
0.86643
0.86635
0.86627
0.86619
0.86611
0.86603
0.86595
0.86587
0.86579
0.86571
0.86563
0.86555
0.86547
0.86539
0.86531
0.86523
0.86515
0.86507
0.86499
0.86491
0.86483
0.86475
0.86467
0.86459
0.86451
0.86443
0.86435
0.86427
0.86419
0.86411
0.86403
0.86395
0.86387
0.86379
0.86371
0.86363
0.86355
0.86347
0.86339
0.86331
0.86323
0.86315
0.86307
0.86299
0.86291
0.86283
0.86275
0.86267
0.86259
0.86251
0.86243
0.86235
0.86227
0.86219
0.86211
0.86203
0.86195
0.86187
0.86179
0.86171
0.86163
0.86155
0.86147
0.86139
0.86131
0.86123
0.86115
0.86107
0.86099
0.86091
0.86083
0.86075
0.86067
0.86059
0.86051
0.86043
0.86035
0.86027
0.86019
0.86011
0.86003
0.85995
0.85987
0.85979
0.85971
0.85963
0.85955
0.85947
0.85939
0.85931
0.85923
0.85915
0.85907
0.85899
0.85891
0.85883
0.85875
0.85867
0.85859
0.85851
0.85843
0.85835
0.85827
0.85819
0.85811
0.85803
0.85795
0.85787
0.85779
0.85771
0.85763
0.85755
0.85747
0.85739
0.85731
0.85723
0.85715
0.85707
0.85700
0.85692
0.85684
0.85676
0.85668
0.85660
0.85652
0.85644
0.85636
0.85628
0.85620
0.85612
0.85604
0.85596
0.85588
0.85580
0.85572
0.85564
0.85556
0.85548
0.85540
0.85532
0.85524
0.85516
0.85508
0.85500
0.85492
0.85484
0.85476
0.85468
0.85460
0.85452
0.85444
0.85436
0.85428
0.85420
0.85412
0.85404
0.85396
0.85388
0.85380
0.85372
0.85364
0.85356
0.85348
0.85340
0.85332
0.85324
0.85316
0.85308
0.85300
0.85292
0.85284
0.85276
0.85268
0.85260
0.85252
0.85244
0.85236
0.85228
0.85220
0.85212
0.85204
0.85196
0.85188
0.85180
0.85172
0.85164
0.85156
0.85148
0.85140
0.85132
0.85124
0.85116
0.85108
0.85100
0.85092
0.85084
0.85076
0.85068
0.85060
0.85052
0.85044
0.85036
0.85028
0.85020
0.85012
0.85004
0.84996
0.84988
0.84980
0.84972
0.84964
0.84956
0.84948
0.84940
0.84932
0.84924
0.84916
0.84908
0.84900
0.84892
0.84884
0.84876
0.84868
0.84860
0.84852
0.84844
0.84836
0.84828
0.84820
0.84812
0.84804
0.84796
0.84788
0.84780
0.84772
0.84764
0.84756
0.84748
0.84740
0.84732
0.84724
0.84716
0.84708
0.84700
0.84692
0.84684
0.84676
0.84668
0.84660
0.84652
0.84644
0.84636
0.84628
0.84620
0.84612
0.84604
0.84596
0.84588
0.84580
0.84572
0.84564
0.84556
0.84548
0.84540
0.84532
0.84524
0.84516
0.84508
0.84500
0.84492
0.84484
0.84476
0.84468
0.84460
0.84452
0.84444
0.84436
0.84428
0.84420
0.84412
0.84404
0.84396
0.84388
0.84380
0.84372
0.84364
0.84356
0.84348
0.84340
0.84332
0.84324
0.84316
0.84308
0.84300
0.84292
0.84284
0.84276
0.84268
0.84260
0.84252
0.84244
0.84236
0.84228
0.84220
0.84212
0.84204
0.84196
0.84188
0.84180
0.84172
0.84164
0.84156
0.84148
0.84140
0.84132
0.84124
0.84116
0.84108
0.84100
0.84092
0.84084
0.84076
0.84068
0.84060
0.84052
0.84044
0.84036
0.84028
0.84020
0.84012
0.84004
0.83996
0.83988
0.83980
0.83972
0.83964
0.83956
0.83948
0.83940
0.83932
0.83924
0.83916
0.83908
0.83900
0.83892
0.83884
0.83876
0.83868
0.83860
0.83852
0.83844
0.83836
0.83828
0.83820
0.83812
0.83804
0.83796
0.83788
0.83780
0.83772
0.83764
0.83756
0.83748
0.83740
0.83732
0.83724
0.83716
0.83708
0.83700
0.83692
0.83684
0.83676
0.83668
0.83660
0.83652
0.83644
0.83636
0.83628
0.83620
0.83612
0.83604
0.83596
0.83588
0.83580
0.83572
0.83564
0.83556
0.83548
0.83540
0.83532
0.83524
0.83516
0.83508
0.83500
0.83492
0.83484
0.83476
0.83468
0.83460
0.83452
0.83444
0.83436
0.83428
0.83420
0.83412
0.83404
0.83396
0.83388
0.83380
0.83372
0.83364
0.83356
0.83348
0.83340
0.83332
0.83324
0.83316
0.83308
0.83300
0.83292
0.83284
0.83276
0.83268
0.83260
0.83252
0.83244
0.83236
0.83228
0.83220
0.83212
0.83204
0.83196
0.83188
0.83180
0.83172
0.83164
0.83156
0.83148
0.83140
0.83132
0.83124
0.83116
0.83108
0.83100
0.83092
0.83084
0.83076
0.83068
0.83060
0.83052
0.83044
0.83036
0.83028
0.83020
0.83012
0.83004
0.82996
0.82988
0.82980
0.82972
0.82964
0.82956
0.82948
0.82940
0.82932
0.82924
0.82916
0.82908
0.82900
0.82892
0.82884
0.82876
0.82868
0.82860
0.82852
0.82844
0.82836
0.82828
0.82820
0.82812
0.82804
0.82796
0.82788
0.82780
0.82772
0.82764
0.82756
0.82748
0.82740
0.82732
0.82724
0.82716
0.82708
0.82700
0.82692
0.82684
0.82676
0.82668
0.82660
0.82652
0.82644
0.82636
0.82628
0.82620
0.82612
0.82604
0.82596
0.82588
0.82580
0.82572
0.82564
0.82556
0.82548
0.82540
0.82532
0.82524
0.82516
0.82508
0.82500
0.82492
0.82484
0.82476
0.82468
0.82460
0.82452
0.82444
0.82436
0.82428
0.82420
0.82412
0.82404
0.82396
0.82388
0.82380
0.82372
0.82364
0.82356
0.82348
0.82340
0.82332
0.82324
0.82316
0.82308
0.82300
0.82292
0.82284
0.82276
0.82268
0.82260
0.82252
0.82244
0.82236
0.82228
0.82220
0.82212
0.82204
0.82196
0.82188
0.82180
0.82172
0.82164
0.82156
0.82148
0.82140
0.82132
0.82124
0.82116
0.82108
0.82100
0.82092
0.82084
0.82076
0.82068
0.82060
0.82052
0.82044
0.82036
0.82028
0.82020
0.82012
0.82004
0.81996
0.81988
0.81980
0.81972
0.81964
0.81956
0.81948
0.81940
0.81932
0.81924
0.81916
0.81908
0.81900
0.81892
0.81884
0.81876
0.81868
0.81861
0.81853
0.81845
0.81837
0.81829
0.81821
0.81813
0.81805
0.81797
0.81789
0.81781
0.81773
0.81765
0.81757
0.81749
0.81741
0.81733
0.81725
0.81717
0.81709
0.81701
0.81693
0.81685
0.81677
0.81669
0.81661
0.81653
0.81645
0.81637
0.81629
0.81621
0.81613
0.81605
0.81597
0.81589
0.81581
0.81573
0.81565
0.81557
0.81549
0.81541
0.81533
0.81525
0.81517
0.81509
0.81501
0.81493
0.81485
0.81477
0.81469
0.81461
0.81453
0.81445
0.81437
0.81429
0.81421
0.81413
0.81405
0.81397
0.81389
0.81381
0.81373
0.81365
0.81357
0.81349
0.81341
0.81333
0.81325
0.81317
0.81309
0.81301
0.81293
0.81285
0.81277
0.81269
0.81261
0.81253
0.81245
0.81237
0.81229
0.81221
0.81213
0.81205
0.81197
0.81189
0.81181
0.81173
0.81165
0.81157
0.81149
0.81141
0.81133
0.81125
0.81117
0.81109
0.81101
0.81093
0.81085
0.81077
0.81069
0.81061
0.81053
0.81045
0.81037
0.81029
0.81021
0.81013
0.81005
0.80997
0.80989
0.80981
0.80973
0.80965
0.80957
0.80949
0.80941
0.80933
0.80925
0.80917
0.80909
0.80901
0.80893
0.80885
0.80877
0.80869
0.80861
0.80853
0.80845
0.80837
0.80829
0.80821
0.80813
0.80805
0.80797
0.80789
0.80781
0.80773
0.80765
0.80757
0.80749
0.80741
0.80733
0.80725
0.80717
0.80709
0.80701
0.80693
0.80685
0.80677
0.80669
0.80661
0.80653
0.80645
0.80637
0.80629
0.80621
0.80613
0.80605
0.80597
0.80589
0.80581
0.80573
0.80565
0.80557
0.80549
0.80541
0.80533
0.80525
0.80517
0.80509
0.80501
0.80493
0.80485
0.80477
0.80469
0.80461
0.80453
0.80445
0.80437
0.80429
0.80421
0.80413
0.80405
0.80397
0.80389
0.80381
0.80373
0.80365
0.80357
0.80349
0.80341
0.80333
0.80325
0.80317
0.80309
0.80301
0.80293
0.80285
0.80277
0.80269
0.80261
0.80253
0.80245
0.80237
0.80229
0.80221
0.80213
0.80205
0.80197
0.80189
0.80181
0.80173
0.80165
0.80157
0.80149
0.80141
0.80133
0.80125
0.80117
0.80109
0.80101
0.80093
0.80085
0.80077
0.80069
0.80061
0.80053
0.80045
0.80037
0.80029
0.80021
0.80013
0.80005
0.79997
0.79989
0.79981
0.79973
0.79965
0.79957
0.79949
0.79941
0.79933
0.79925
0.79917
0.79909
0.79901
0.79893
0.79885
0.79877
0.79869
0.79861
0.79853
0.79845
0.79837
0.79829
0.79821
0.79813
0.79805
0.79797
0.79789
0.79781
0.79773
0.79765
0.79757
0.79749
0.79741
0.79733
0.79725
0.79717
0.79709
0.79701
0.79693
0.79685
0.79677
0.79669
0.79661
0.79653
0.79645
0.79637
0.79629
0.79621
0.79613
0.79605
0.79597
0.79589
0.79581
0.79573
0.79565
0.79557
0.79549
0.79541
0.79533
0.79525
0.79517
0.79509
0.79501
0.79493
0.79485
0.79477
0.79469
0.79461
0.79453
0.79445
0.79437
0.79429
0.79421
0.79413
0.79405
0.79397
0.79389
0.79381
0.79373
0.79365
0.79357
0.79349
0.79341
0.79333
0.79325
0.79317
0.79309
0.79301
0.79293
0.79285
0.79277
0.79269
0.79261
0.79253
0.79245
0.79237
0.79229
0.79221
0.79213
0.79205
0.79197
0.79189
0.79181
0.79173
0.79165
0.79157
0.79149
0.79141
0.79133
0.79125
0.79117
0.79109
0.79101
0.79093
0.79085
0.79077
0.79069
0.79061
0.79053
0.79045
0.79037
0.79029
0.79021
0.79013
0.79005
0.78997
0.78989
0.78981
0.78973
0.78965
0.78957
0.78949
0.78941
0.78933
0.78925
0.78917
0.78909
0.78901
0.78893
0.78885
0.78877
0.78869
0.78861
0.78853
0.78845
0.78837
0.78829
0.78821
0.78813
0.78805
0.78797
0.78789
0.78781
0.78773
0.78765
0.78757
0.78749
0.78741
0.78733
0.78725
0.78717
0.78709
0.78701
0.78693
0.78685
0.78677
0.78669
0.78661
0.78653
0.78645
0.78637
0.78629
0.78621
0.78613
0.78605
0.78597
0.78589
0.78581
0.78573
0.78565
0.78557
0.78549
0.78541
0.78533
0.78525
0.78517
0.78509
0.78501
0.78493
0.78485
0.78477
0.78469
0.78461
0.78453
0.78445
0.78437
0.78429
0.78421
0.78413
0.78405
0.78397
0.78389
0.78381
0.78373
0.78365
0.78357
0.78349
0.78341
0.78333
0.78325
0.78317
0.78309
0.78301
0.78293
0.78285
0.78277
0.78269
0.78261
0.78253
0.78245
0.78237
0.78229
0.78221
0.78213
0.78205
0.78197
0.78189
0.78181
0.78173
0.78165
0.78157
0.78149
0.78142
0.78134
0.78126
0.78118
0.78110
0.78102
0.78094
0.78086
0.78078
0.78070
0.78062
0.78054
0.78046
0.78038
0.78030
0.78022
0.78014
0.78006
0.77998
0.77990
0.77982
0.77974
0.77966
0.77958
0.77950
0.77942
0.77934
0.77926
0.77918
0.77910
0.77902
0.77894
0.77886
0.77878
0.77870
0.77862
0.77854
0.77846
0.77838
0.77830
0.77822
0.77814
0.77806
0.77798
0.77790
0.77782
0.77774
0.77766
0.77758
0.77750
0.77742
0.77734
0.77726
0.77718
0.77710
0.77702
0.77694
0.77686
0.77678
0.77670
0.77662
0.77654
0.77646
0.77638
0.77630
0.77622
0.77614
0.77606
0.77598
0.77590
0.77582
0.77574
0.77566
0.77558
0.77550
0.77542
0.77534
0.77526
0.77518
0.77510
0.77502
0.77494
0.77486
0.77478
0.77470
0.77462
0.77454
0.77446
0.77438
0.77430
0.77422
0.77414
0.77406
0.77398
0.77390
0.77382
0.77374
0.77366
0.77358
0.77350
0.77342
0.77334
0.77326
0.77318
0.77310
0.77302
0.77294
0.77286
0.77278
0.77270
0.77262
0.77254
0.77246
0.77238
0.77230
0.77222
0.77214
0.77206
0.77198
0.77190
0.77182
0.77174
0.77166
0.77158
0.77150
0.77142
0.77134
0.77126
0.77118
0.77110
0.77102
0.77094
0.77086
0.77078
0.77070
0.77062
0.77054
0.77046
0.77038
0.77030
0.77022
0.77014
0.77006
0.76998
0.76990
0.76982
0.76974
0.76966
0.76958
0.76950
0.76942
0.76934
0.76926
0.76918
0.76910
0.76902
0.76894
0.76886
0.76878
0.76870
0.76862
0.76854
0.76846
0.76838
0.76830
0.76822
0.76814
0.76806
0.76798
0.76790
0.76782
0.76774
0.76766
0.76758
0.76750
0.76742
0.76734
0.76726
0.76718
0.76710
0.76702
0.76694
0.76686
0.76678
0.76670
0.76662
0.76654
0.76646
0.76638
0.76630
0.76622
0.76614
0.76606
0.76598
0.76590
0.76582
0.76574
0.76566
0.76558
0.76550
0.76542
0.76534
0.76526
0.76518
0.76510
0.76502
0.76494
0.76486
0.76478
0.76470
0.76462
0.76454
0.76446
0.76438
0.76430
0.76422
0.76414
0.76406
0.76398
0.76390
0.76382
0.76374
0.76366
0.76358
0.76350
0.76342
0.76334
0.76326
0.76318
0.76310
0.76302
0.76294
0.76286
0.76278
0.76270
0.76262
0.76254
0.76246
0.76238
0.76230
0.76222
0.76214
0.76206
0.76198
0.76190
0.76182
0.76174
0.76166
0.76158
0.76150
0.76142
0.76134
0.76126
0.76118
0.76110
0.76102
0.76094
0.76086
0.76078
0.76070
0.76062
0.76054
0.76046
0.76038
0.76030
0.76022
0.76014
0.76006
0.75998
0.75990
0.75982
0.75974
0.75966
0.75958
0.75950
0.75942
0.75934
0.75926
0.75918
0.75910
0.75902
0.75894
0.75886
0.75878
0.75870
0.75862
0.75854
0.75846
0.75838
0.75830
0.75822
0.75814
0.75806
0.75798
0.75790
0.75782
0.75774
0.75766
0.75758
0.75750
0.75742
0.75734
0.75726
0.75718
0.75710
0.75702
0.75694
0.75686
0.75678
0.75670
0.75662
0.75654
0.75646
0.75638
0.75630
0.75622
0.75614
0.75606
0.75598
0.75590
0.75582
0.75574
0.75566
0.75558
0.75550
0.75542
0.75534
0.75526
0.75518
0.75510
0.75502
0.75494
0.75486
0.75478
0.75470
0.75462
0.75454
0.75446
0.75438
0.75430
0.75422
0.75414
0.75406
0.75398
0.75390
0.75382
0.75374
0.75366
0.75358
0.75350
0.75342
0.75334
0.75326
0.75318
0.75310
0.75302
0.75294
0.75286
0.75278
0.75270
0.75262
0.75254
0.75246
0.75238
0.75230
0.75222
0.75214
0.75206
0.75198
0.75190
0.75182
0.75174
0.75166
0.75158
0.75150
0.75142
0.75134
0.75126
0.75118
0.75110
0.75102
0.75094
0.75086
0.75078
0.75070
0.75062
0.75054
0.75046
0.75038
0.75030
0.75022
0.75014
0.75006
0.74998
0.74990
0.74982
0.74974
0.74966
0.74958
0.74950
0.74942
0.74934
0.74926
0.74918
0.74910
0.74902
0.74894
0.74886
0.74878
0.74870
0.74862
0.74854
0.74846
0.74838
0.74830
0.74822
0.74814
0.74806
0.74798
0.74790
0.74782
0.74774
0.74766
0.74758
0.74750
0.74742
0.74734
0.74726
0.74718
0.74710
0.74702
0.74694
0.74686
0.74678
0.74670
0.74662
0.74654
0.74646
0.74638
0.74630
0.74622
0.74614
0.74606
0.74598
0.74590
0.74582
0.74574
0.74566
0.74558
0.74550
0.74543
0.74535
0.74527
0.74519
0.74511
0.74503
0.74495
0.74487
0.74479
0.74471
0.74463
0.74455
0.74447
0.74439
0.74431
0.74423
0.74415
0.74407
0.74399
0.74391
0.74383
0.74375
0.74367
0.74359
0.74351
0.74343
0.74335
0.74327
0.74319
0.74311
0.74303
0.74295
0.74287
0.74279
0.74271
0.74263
0.74255
0.74247
0.74239
0.74231
0.74223
0.74215
0.74207
0.74199
0.74191
0.74183
0.74175
0.74167
0.74159
0.74151
0.74143
0.74135
0.74127
0.74119
0.74111
0.74103
0.74095
0.74087
0.74079
0.74071
0.74063
0.74055
0.74047
0.74039
0.74031
0.74023
0.74015
0.74007
0.73999
0.73991
0.73983
0.73975
0.73967
0.73959
0.73951
0.73943
0.73935
0.73927
0.73919
0.73911
0.73903
0.73895
0.73887
0.73879
0.73871
0.73863
0.73855
0.73847
0.73839
0.73831
0.73823
0.73815
0.73807
0.73799
0.73791
0.73783
0.73775
0.73767
0.73759
0.73751
0.73743
0.73735
0.73727
0.73719
0.73711
0.73703
0.73695
0.73687
0.73679
0.73671
0.73663
0.73655
0.73647
0.73639
0.73631
0.73623
0.73615
0.73607
0.73599
0.73591
0.73583
0.73575
0.73567
0.73559
0.73551
0.73543
0.73535
0.73527
0.73519
0.73511
0.73503
0.73495
0.73487
0.73479
0.73471
0.73463
0.73455
0.73447
0.73439
0.73431
0.73423
0.73415
0.73407
0.73399
0.73391
0.73383
0.73375
0.73367
0.73359
0.73351
0.73343
0.73335
0.73327
0.73319
0.73311
0.73303
0.73295
0.73287
0.73279
0.73271
0.73263
0.73255
0.73247
0.73239
0.73231
0.73223
0.73215
0.73207
0.73199
0.73191
0.73183
0.73175
0.73167
0.73159
0.73151
0.73143
0.73135
0.73127
0.73119
0.73111
0.73103
0.73095
0.73087
0.73079
0.73071
0.73063
0.73055
0.73047
0.73039
0.73031
0.73023
0.73015
0.73007
0.72999
0.72991
0.72983
0.72975
0.72967
0.72959
0.72951
0.72943
0.72935
0.72927
0.72919
0.72911
0.72903
0.72895
0.72887
0.72879
0.72871
0.72863
0.72855
0.72847
0.72839
0.72831
0.72823
0.72815
0.72807
0.72799
0.72791
0.72783
0.72775
0.72767
0.72759
0.72751
0.72743
0.72735
0.72727
0.72719
0.72711
0.72703
0.72695
0.72687
0.72679
0.72671
0.72663
0.72655
0.72647
0.72639
0.72631
0.72623
0.72615
0.72607
0.72599
0.72591
0.72583
0.72575
0.72567
0.72559
0.72551
0.72543
0.72535
0.72527
0.72519
0.72511
0.72503
0.72495
0.72487
0.72479
0.72471
0.72463
0.72455
0.72447
0.72439
0.72431
0.72423
0.72415
0.72407
0.72399
0.72391
0.72383
0.72375
0.72367
0.72359
0.72351
0.72343
0.72335
0.72327
0.72319
0.72311
0.72303
0.72295
0.72287
0.72279
0.72271
0.72263
0.72255
0.72247
0.72239
0.72231
0.72223
0.72215
0.72207
0.72199
0.72191
0.72183
0.72175
0.72167
0.72159
0.72151
0.72143
0.72135
0.72127
0.72119
0.72111
0.72103
0.72095
0.72087
0.72079
0.72071
0.72063
0.72055
0.72047
0.72039
0.72031
0.72023
0.72015
0.72007
0.71999
0.71991
0.71983
0.71975
0.71967
0.71959
0.71951
0.71943
0.71935
0.71927
0.71919
0.71911
0.71903
0.71895
0.71887
0.71879
0.71871
0.71863
0.71855
0.71847
0.71839
0.71831
0.71823
0.71815
0.71807
0.71799
0.71791
0.71783
0.71775
0.71767
0.71759
0.71751
0.71743
0.71735
0.71727
0.71719
0.71711
0.71703
0.71695
0.71687
0.71679
0.71671
0.71663
0.71655
0.71647
0.71639
0.71631
0.71623
0.71615
0.71607
0.71599
0.71591
0.71583
0.71575
0.71567
0.71559
0.71551
0.71543
0.71535
0.71527
0.71519
0.71511
0.71503
0.71495
0.71487
0.71479
0.71471
0.71463
0.71455
0.71447
0.71439
0.71431
0.71423
0.71415
0.71407
0.71399
0.71391
0.71383
0.71375
0.71367
0.71359
0.71351
0.71343
0.71335
0.71327
0.71319
0.71311
0.71303
0.71295
0.71287
0.71279
0.71271
0.71263
0.71255
0.71247
0.71239
0.71231
0.71223
0.71215
0.71207
0.71199
0.71191
0.71183
0.71175
0.71167
0.71159
0.71151
0.71143
0.71135
0.71127
0.71119
0.71111
0.71103
0.71095
0.71087
0.71079
0.71071
0.71063
0.71056
0.71048
0.71040
0.71032
0.71024
0.71016
0.71008
0.71000
0.70992
0.70984
0.70976
0.70968
0.70960
0.70952
0.70944
0.70936
0.70928
0.70920
0.70912
0.70904
0.70896
0.70888
0.70880
0.70872
0.70864
0.70856
0.70848
0.70840
0.70832
0.70824
0.70816
0.70808
0.70800
0.70792
0.70784
0.70776
0.70768
0.70760
0.70752
0.70744
0.70736
0.70728
0.70720
0.70712
0.70704
0.70696
0.70688
0.70680
0.70672
0.70664
0.70656
0.70648
0.70640
0.70632
0.70624
0.70616
0.70608
0.70600
0.70592
0.70584
0.70576
0.70568
0.70560
0.70552
0.70544
0.70536
0.70528
0.70520
0.70512
0.70504
0.70496
0.70488
0.70480
0.70472
0.70464
0.70456
0.70448
0.70440
0.70432
0.70424
0.70416
0.70408
0.70400
0.70392
0.70384
0.70376
0.70368
0.70360
0.70352
0.70344
0.70336
0.70328
0.70320
0.70312
0.70304
0.70296
0.70288
0.70280
0.70272
0.70264
0.70256
0.70248
0.70240
0.70232
0.70224
0.70216
0.70208
0.70200
0.70192
0.70184
0.70176
0.70168
0.70160
0.70152
0.70144
0.70136
0.70128
0.70120
0.70112
0.70104
0.70096
0.70088
0.70080
0.70072
0.70064
0.70056
0.70048
0.70040
0.70032
0.70024
0.70016
0.70008
0.70000
0.69992
0.69984
0.69976
0.69968
0.69960
0.69952
0.69944
0.69936
0.69928
0.69920
0.69912
0.69904
0.69896
0.69888
0.69880
0.69872
0.69864
0.69856
0.69848
0.69840
0.69832
0.69824
0.69816
0.69808
0.69800
0.69792
0.69784
0.69776
0.69768
0.69760
0.69752
0.69744
0.69736
0.69728
0.69720
0.69712
0.69704
0.69696
0.69688
0.69680
0.69672
0.69664
0.69656
0.69648
0.69640
0.69632
0.69624
0.69616
0.69608
0.69600
0.69592
0.69584
0.69576
0.69568
0.69560
0.69552
0.69544
0.69536
0.69528
0.69520
0.69512
0.69504
0.69496
0.69488
0.69480
0.69472
0.69464
0.69456
0.69448
0.69440
0.69432
0.69424
0.69416
0.69408
0.69400
0.69392
0.69384
0.69376
0.69368
0.69360
0.69352
0.69344
0.69336
0.69328
0.69320
0.69312
0.69304
0.69296
0.69288
0.69280
0.69272
0.69264
0.69256
0.69248
0.69240
0.69232
0.69224
0.69216
0.69208
0.69200
0.69192
0.69184
0.69176
0.69168
0.69160
0.69152
0.69144
0.69136
0.69128
0.69120
0.69112
0.69104
0.69096
0.69088
0.69080
0.69072
0.69064
0.69056
0.69048
0.69040
0.69032
0.69024
0.69016
0.69008
0.69000
0.68992
0.68984
0.68976
0.68968
0.68960
0.68952
0.68944
0.68936
0.68928
0.68920
0.68912
0.68904
0.68896
0.68888
0.68880
0.68872
0.68864
0.68856
0.68848
0.68840
0.68832
0.68824
0.68816
0.68808
0.68800
0.68792
0.68784
0.68776
0.68768
0.68760
0.68752
0.68744
0.68736
0.68728
0.68720
0.68712
0.68704
0.68696
0.68688
0.68680
0.68672
0.68664
0.68656
0.68648
0.68640
0.68632
0.68624
0.68616
0.68608
0.68600
0.68592
0.68584
0.68576
0.68568
0.68560
0.68552
0.68544
0.68536
0.68528
0.68520
0.68512
0.68504
0.68496
0.68488
0.68480
0.68472
0.68464
0.68456
0.68448
0.68440
0.68432
0.68424
0.68416
0.68408
0.68400
0.68392
0.68384
0.68376
0.68368
0.68360
0.68352
0.68344
0.68336
0.68328
0.68320
0.68312
0.68304
0.68296
0.68288
0.68280
0.68272
0.68264
0.68256
0.68248
0.68240
0.68232
0.68224
0.68216
0.68208
0.68200
0.68192
0.68184
0.68176
0.68168
0.68160
0.68152
0.68144
0.68136
0.68128
0.68120
0.68112
0.68104
0.68096
0.68088
0.68080
0.68072
0.68064
0.68056
0.68048
0.68040
0.68032
0.68024
0.68016
0.68008
0.68000
0.67992
0.67984
0.67976
0.67968
0.67960
0.67952
0.67944
0.67936
0.67928
0.67920
0.67912
0.67904
0.67896
0.67888
0.67880
0.67872
0.67864
0.67856
0.67848
0.67840
0.67832
0.67824
0.67816
0.67808
0.67800
0.67792
0.67784
0.67776
0.67768
0.67760
0.67752
0.67744
0.67736
0.67728
0.67720
0.67712
0.67704
0.67696
0.67688
0.67681
0.67673
0.67665
0.67657
0.67649
0.67641
0.67633
0.67625
0.67617
0.67609
0.67601
0.67593
0.67585
0.67577
0.67569
0.67561
0.67553
0.67545
0.67537
0.67529
0.67521
0.67513
0.67505
0.67497
0.67489
0.67481
0.67473
0.67465
0.67457
0.67449
0.67441
0.67433
0.67425
0.67417
0.67409
0.67401
0.67393
0.67385
0.67377
0.67369
0.67361
0.67353
0.67345
0.67337
0.67329
0.67321
0.67313
0.67305
0.67297
0.67289
0.67281
0.67273
0.67265
0.67257
0.67249
0.67241
0.67233
0.67225
0.67217
0.67209
0.67201
0.67193
0.67185
0.67177
0.67169
0.67161
0.67153
0.67145
0.67137
0.67129
0.67121
0.67113
0.67105
0.67097
0.67089
0.67081
0.67073
0.67065
0.67057
0.67049
0.67041
0.67033
0.67025
0.67017
0.67009
0.67001
0.66993
0.66985
0.66977
0.66969
0.66961
0.66953
0.66945
0.66937
0.66929
0.66921
0.66913
0.66905
0.66897
0.66889
0.66881
0.66873
0.66865
0.66857
0.66849
0.66841
0.66833
0.66825
0.66817
0.66809
0.66801
0.66793
0.66785
0.66777
0.66769
0.66761
0.66753
0.66745
0.66737
0.66729
0.66721
0.66713
0.66705
0.66697
0.66689
0.66681
0.66673
0.66665
0.66657
0.66649
0.66641
0.66633
0.66625
0.66617
0.66609
0.66601
0.66593
0.66585
0.66577
0.66569
0.66561
0.66553
0.66545
0.66537
0.66529
0.66521
0.66513
0.66505
0.66497
0.66489
0.66481
0.66473
0.66465
0.66457
0.66449
0.66441
0.66433
0.66425
0.66417
0.66409
0.66401
0.66393
0.66385
0.66377
0.66369
0.66361
0.66353
0.66345
0.66337
0.66329
0.66321
0.66313
0.66305
0.66297
0.66289
0.66281
0.66273
0.66265
0.66257
0.66249
0.66241
0.66233
0.66225
0.66217
0.66209
0.66201
0.66193
0.66185
0.66177
0.66169
0.66161
0.66153
0.66145
0.66137
0.66129
0.66121
0.66113
0.66105
0.66097
0.66089
0.66081
0.66073
0.66065
0.66057
0.66049
0.66041
0.66033
0.66025
0.66017
0.66009
0.66001
0.65993
0.65985
0.65977
0.65969
0.65961
0.65953
0.65945
0.65937
0.65929
0.65921
0.65913
0.65905
0.65897
0.65889
0.65881
0.65873
0.65865
0.65857
0.65849
0.65841
0.65833
0.65825
0.65817
0.65809
0.65801
0.65793
0.65785
0.65777
0.65769
0.65761
0.65753
0.65745
0.65737
0.65729
0.65721
0.65713
0.65705
0.65697
0.65689
0.65681
0.65673
0.65665
0.65657
0.65649
0.65641
0.65633
0.65625
0.65617
0.65609
0.65601
0.65593
0.65585
0.65577
0.65569
0.65561
0.65553
0.65545
0.65537
0.65529
0.65521
0.65513
0.65505
0.65497
0.65489
0.65481
0.65473
0.65465
0.65457
0.65449
0.65441
0.65433
0.65425
0.65417
0.65409
0.65401
0.65393
0.65385
0.65377
0.65369
0.65361
0.65353
0.65345
0.65337
0.65329
0.65321
0.65313
0.65305
0.65297
0.65289
0.65281
0.65273
0.65265
0.65257
0.65249
0.65241
0.65233
0.65225
0.65217
0.65209
0.65201
0.65193
0.65185
0.65177
0.65169
0.65161
0.65153
0.65145
0.65137
0.65129
0.65121
0.65113
0.65105
0.65097
0.65089
0.65081
0.65073
0.65065
0.65057
0.65049
0.65041
0.65033
0.65025
0.65017
0.65009
0.65001
0.64993
0.64985
0.64977
0.64969
0.64961
0.64953
0.64945
0.64937
0.64929
0.64921
0.64913
0.64905
0.64897
0.64889
0.64881
0.64873
0.64865
0.64857
0.64849
0.64841
0.64833
0.64825
0.64817
0.64809
0.64801
0.64793
0.64785
0.64777
0.64769
0.64761
0.64753
0.64745
0.64737
0.64729
0.64721
0.64713
0.64705
0.64697
0.64689
0.64681
0.64673
0.64665
0.64657
0.64649
0.64641
0.64633
0.64625
0.64617
0.64609
0.64601
0.64593
0.64585
0.64577
0.64569
0.64561
0.64553
0.64545
0.64537
0.64529
0.64521
0.64513
0.64505
0.64497
0.64489
0.64481
0.64473
0.64465
0.64457
0.64449
0.64441
0.64433
0.64425
0.64417
0.64409
0.64402
0.64394
0.64386
0.64378
0.64370
0.64362
0.64354
0.64346
0.64338
0.64330
0.64322
0.64314
0.64306
0.64298
0.64290
0.64282
0.64274
0.64266
0.64258
0.64250
0.64242
0.64234
0.64226
0.64218
0.64210
0.64202
0.64194
0.64186
0.64178
0.64170
0.64162
0.64154
0.64146
0.64138
0.64130
0.64122
0.64114
0.64106
0.64098
0.64090
0.64082
0.64074
0.64066
0.64058
0.64050
0.64042
0.64034
0.64026
0.64018
0.64010
0.64002
0.63994
0.63986
0.63978
0.63970
0.63962
0.63954
0.63946
0.63938
0.63930
0.63922
0.63914
0.63906
0.63898
0.63890
0.63882
0.63874
0.63866
0.63858
0.63850
0.63842
0.63834
0.63826
0.63818
0.63810
0.63802
0.63794
0.63786
0.63778
0.63770
0.63762
0.63754
0.63746
0.63738
0.63730
0.63722
0.63714
0.63706
0.63698
0.63690
0.63682
0.63674
0.63666
0.63658
0.63650
0.63642
0.63634
0.63626
0.63618
0.63610
0.63602
0.63594
0.63586
0.63578
0.63570
0.63562
0.63554
0.63546
0.63538
0.63530
0.63522
0.63514
0.63506
0.63498
0.63490
0.63482
0.63474
0.63466
0.63458
0.63450
0.63442
0.63434
0.63426
0.63418
0.63410
0.63402
0.63394
0.63386
0.63378
0.63370
0.63362
0.63354
0.63346
0.63338
0.63330
0.63322
0.63314
0.63306
0.63298
0.63290
0.63282
0.63274
0.63266
0.63258
0.63250
0.63242
0.63234
0.63226
0.63218
0.63210
0.63202
0.63194
0.63186
0.63178
0.63170
0.63162
0.63154
0.63146
0.63138
0.63130
0.63122
0.63114
0.63106
0.63098
0.63090
0.63082
0.63074
0.63066
0.63058
0.63050
0.63042
0.63034
0.63026
0.63018
0.63010
0.63002
0.62994
0.62986
0.62978
0.62970
0.62962
0.62954
0.62946
0.62938
0.62930
0.62922
0.62914
0.62906
0.62898
0.62890
0.62882
0.62874
0.62866
0.62858
0.62850
0.62842
0.62834
0.62826
0.62818
0.62810
0.62802
0.62794
0.62786
0.62778
0.62770
0.62762
0.62754
0.62746
0.62738
0.62730
0.62722
0.62714
0.62706
0.62698
0.62690
0.62682
0.62674
0.62666
0.62658
0.62650
0.62642
0.62634
0.62626
0.62618
0.62610
0.62602
0.62594
0.62586
0.62578
0.62570
0.62562
0.62554
0.62546
0.62538
0.62530
0.62522
0.62514
0.62506
0.62498
0.62490
0.62482
0.62474
0.62466
0.62458
0.62450
0.62442
0.62434
0.62426
0.62418
0.62410
0.62402
0.62394
0.62386
0.62378
0.62370
0.62362
0.62354
0.62346
0.62338
0.62330
0.62322
0.62314
0.62306
0.62298
0.62290
0.62282
0.62274
0.62266
0.62258
0.62250
0.62242
0.62234
0.62226
0.62218
0.62210
0.62202
0.62194
0.62186
0.62178
0.62170
0.62162
0.62154
0.62146
0.62138
0.62130
0.62122
0.62114
0.62106
0.62098
0.62090
0.62082
0.62074
0.62066
0.62058
0.62050
0.62042
0.62034
0.62026
0.62018
0.62010
0.62002
0.61994
0.61986
0.61978
0.61970
0.61962
0.61954
0.61946
0.61938
0.61930
0.61922
0.61914
0.61906
0.61898
0.61890
0.61882
0.61874
0.61866
0.61858
0.61850
0.61842
0.61834
0.61826
0.61818
0.61810
0.61802
0.61794
0.61786
0.61778
0.61770
0.61762
0.61754
0.61746
0.61738
0.61730
0.61722
0.61714
0.61706
0.61698
0.61690
0.61682
0.61674
0.61666
0.61658
0.61650
0.61642
0.61634
0.61626
0.61618
0.61610
0.61602
0.61594
0.61586
0.61578
0.61570
0.61562
0.61554
0.61546
0.61538
0.61530
0.61522
0.61514
0.61506
0.61498
0.61490
0.61482
0.61474
0.61466
0.61458
0.61450
0.61442
0.61434
0.61426
0.61418
0.61410
0.61402
0.61394
0.61386
0.61378
0.61370
0.61362
0.61354
0.61346
0.61338
0.61330
0.61322
0.61314
0.61306
0.61298
0.61290
0.61282
0.61274
0.61266
0.61258
0.61250
0.61242
0.61234
0.61227
0.61219
0.61211
0.61203
0.61195
0.61187
0.61179
0.61171
0.61163
0.61155
0.61147
0.61139
0.61131
0.61123
0.61115
0.61107
0.61099
0.61091
0.61083
0.61075
0.61067
0.61059
0.61051
0.61043
0.61035
0.61027
0.61019
0.61011
0.61003
0.60995
0.60987
0.60979
0.60971
0.60963
0.60955
0.60947
0.60939
0.60931
0.60923
0.60915
0.60907
0.60899
0.60891
0.60883
0.60875
0.60867
0.60859
0.60851
0.60843
0.60835
0.60827
0.60819
0.60811
0.60803
0.60795
0.60787
0.60779
0.60771
0.60763
0.60755
0.60747
0.60739
0.60731
0.60723
0.60715
0.60707
0.60699
0.60691
0.60683
0.60675
0.60667
0.60659
0.60651
0.60643
0.60635
0.60627
0.60619
0.60611
0.60603
0.60595
0.60587
0.60579
0.60571
0.60563
0.60555
0.60547
0.60539
0.60531
0.60523
0.60515
0.60507
0.60499
0.60491
0.60483
0.60475
0.60467
0.60459
0.60451
0.60443
0.60435
0.60427
0.60419
0.60411
0.60403
0.60395
0.60387
0.60379
0.60371
0.60363
0.60355
0.60347
0.60339
0.60331
0.60323
0.60315
0.60307
0.60299
0.60291
0.60283
0.60275
0.60267
0.60259
0.60251
0.60243
0.60235
0.60227
0.60219
0.60211
0.60203
0.60195
0.60187
0.60179
0.60171
0.60163
0.60155
0.60147
0.60139
0.60131
0.60123
0.60115
0.60107
0.60099
0.60091
0.60083
0.60075
0.60067
0.60059
0.60051
0.60043
0.60035
0.60027
0.60019
0.60011
0.60003
0.59995
0.59987
0.59979
0.59971
0.59963
0.59955
0.59947
0.59939
0.59931
0.59923
0.59915
0.59907
0.59899
0.59891
0.59883
0.59875
0.59867
0.59859
0.59851
0.59843
0.59835
0.59827
0.59819
0.59811
0.59803
0.59795
0.59787
0.59779
0.59771
0.59763
0.59755
0.59747
0.59739
0.59731
0.59723
0.59715
0.59707
0.59699
0.59691
0.59683
0.59675
0.59667
0.59659
0.59651
0.59643
0.59635
0.59627
0.59619
0.59611
0.59603
0.59595
0.59587
0.59579
0.59571
0.59563
0.59555
0.59547
0.59539
0.59531
0.59523
0.59515
0.59507
0.59499
0.59491
0.59483
0.59475
0.59467
0.59459
0.59451
0.59443
0.59435
0.59427
0.59419
0.59411
0.59403
0.59395
0.59387
0.59379
0.59371
0.59363
0.59355
0.59347
0.59339
0.59331
0.59323
0.59315
0.59307
0.59299
0.59291
0.59283
0.59275
0.59267
0.59259
0.59251
0.59243
0.59235
0.59227
0.59219
0.59211
0.59203
0.59195
0.59187
0.59179
0.59171
0.59163
0.59155
0.59147
0.59139
0.59131
0.59123
0.59115
0.59107
0.59099
0.59091
0.59083
0.59075
0.59067
0.59059
0.59051
0.59043
0.59035
0.59027
0.59019
0.59011
0.59003
0.58995
0.58987
0.58979
0.58971
0.58963
0.58955
0.58947
0.58939
0.58931
0.58923
0.58915
0.58907
0.58899
0.58891
0.58883
0.58875
0.58867
0.58859
0.58851
0.58843
0.58835
0.58827
0.58819
0.58811
0.58803
0.58795
0.58787
0.58779
0.58771
0.58763
0.58755
0.58747
0.58739
0.58731
0.58723
0.58715
0.58707
0.58699
0.58691
0.58683
0.58675
0.58667
0.58659
0.58651
0.58643
0.58635
0.58627
0.58619
0.58611
0.58603
0.58595
0.58587
0.58579
0.58571
0.58563
0.58555
0.58547
0.58539
0.58531
0.58523
0.58515
0.58507
0.58499
0.58491
0.58483
0.58475
0.58467
0.58459
0.58451
0.58443
0.58435
0.58427
0.58419
0.58411
0.58403
0.58395
0.58387
0.58379
0.58371
0.58363
0.58355
0.58347
0.58339
0.58331
0.58323
0.58315
0.58307
0.58299
0.58291
0.58283
0.58275
0.58267
0.58259
0.58251
0.58243
0.58235
0.58227
0.58219
0.58211
0.58203
0.58195
0.58187
0.58179
0.58171
0.58163
0.58155
0.58148
0.58140
0.58132
0.58124
0.58116
0.58108
0.58100
0.58092
0.58084
0.58076
0.58068
0.58060
0.58052
0.58044
0.58036
0.58028
0.58020
0.58012
0.58004
0.57996
0.57988
0.57980
0.57972
0.57964
0.57956
0.57948
0.57940
0.57932
0.57924
0.57916
0.57908
0.57900
0.57892
0.57884
0.57876
0.57868
0.57860
0.57852
0.57844
0.57836
0.57828
0.57820
0.57812
0.57804
0.57796
0.57788
0.57780
0.57772
0.57764
0.57756
0.57748
0.57740
0.57732
0.57724
0.57716
0.57708
0.57700
0.57692
0.57684
0.57676
0.57668
0.57660
0.57652
0.57644
0.57636
0.57628
0.57620
0.57612
0.57604
0.57596
0.57588
0.57580
0.57572
0.57564
0.57556
0.57548
0.57540
0.57532
0.57524
0.57516
0.57508
0.57500
0.57492
0.57484
0.57476
0.57468
0.57460
0.57452
0.57444
0.57436
0.57428
0.57420
0.57412
0.57404
0.57396
0.57388
0.57380
0.57372
0.57364
0.57356
0.57348
0.57340
0.57332
0.57324
0.57316
0.57308
0.57300
0.57292
0.57284
0.57276
0.57268
0.57260
0.57252
0.57244
0.57236
0.57228
0.57220
0.57212
0.57204
0.57196
0.57188
0.57180
0.57172
0.57164
0.57156
0.57148
0.57140
0.57132
0.57124
0.57116
0.57108
0.57100
0.57092
0.57084
0.57076
0.57068
0.57060
0.57052
0.57044
0.57036
0.57028
0.57020
0.57012
0.57004
0.56996
0.56988
0.56980
0.56972
0.56964
0.56956
0.56948
0.56940
0.56932
0.56924
0.56916
0.56908
0.56900
0.56892
0.56884
0.56876
0.56868
0.56860
0.56852
0.56844
0.56836
0.56828
0.56820
0.56812
0.56804
0.56796
0.56788
0.56780
0.56772
0.56764
0.56756
0.56748
0.56740
0.56732
0.56724
0.56716
0.56708
0.56700
0.56692
0.56684
0.56676
0.56668
0.56660
0.56652
0.56644
0.56636
0.56628
0.56620
0.56612
0.56604
0.56596
0.56588
0.56580
0.56572
0.56564
0.56556
0.56548
0.56540
0.56532
0.56524
0.56516
0.56508
0.56500
0.56492
0.56484
0.56476
0.56468
0.56460
0.56452
0.56444
0.56436
0.56428
0.56420
0.56412
0.56404
0.56396
0.56388
0.56380
0.56372
0.56364
0.56356
0.56348
0.56340
0.56332
0.56324
0.56316
0.56308
0.56300
0.56292
0.56284
0.56276
0.56268
0.56260
0.56252
0.56244
0.56236
0.56228
0.56220
0.56212
0.56204
0.56196
0.56188
0.56180
0.56172
0.56164
0.56156
0.56148
0.56140
0.56132
0.56124
0.56116
0.56108
0.56100
0.56092
0.56084
0.56076
0.56068
0.56060
0.56052
0.56044
0.56036
0.56028
0.56020
0.56012
0.56004
0.55996
0.55988
0.55980
0.55972
0.55964
0.55956
0.55948
0.55940
0.55932
0.55924
0.55916
0.55908
0.55900
0.55892
0.55884
0.55876
0.55868
0.55860
0.55852
0.55844
0.55836
0.55828
0.55820
0.55812
0.55804
0.55796
0.55788
0.55780
0.55772
0.55764
0.55756
0.55748
0.55740
0.55732
0.55724
0.55716
0.55708
0.55700
0.55692
0.55684
0.55676
0.55668
0.55660
0.55652
0.55644
0.55636
0.55628
0.55620
0.55612
0.55604
0.55596
0.55588
0.55580
0.55572
0.55564
0.55556
0.55548
0.55540
0.55532
0.55524
0.55516
0.55508
0.55500
0.55492
0.55484
0.55476
0.55468
0.55460
0.55452
0.55444
0.55436
0.55428
0.55420
0.55412
0.55404
0.55396
0.55388
0.55380
0.55372
0.55364
0.55356
0.55348
0.55340
0.55332
0.55324
0.55316
0.55308
0.55300
0.55292
0.55284
0.55276
0.55268
0.55260
0.55252
0.55244
0.55236
0.55228
0.55220
0.55212
0.55204
0.55196
0.55188
0.55180
0.55172
0.55164
0.55157
0.55149
0.55141
0.55133
0.55125
0.55117
0.55109
0.55101
0.55093
0.55085
0.55077
0.55069
0.55061
0.55053
0.55045
0.55037
0.55029
0.55021
0.55013
0.55005
0.54997
0.54989
0.54981
0.54973
0.54965
0.54957
0.54949
0.54941
0.54933
0.54925
0.54917
0.54909
0.54901
0.54893
0.54885
0.54877
0.54869
0.54861
0.54853
0.54845
0.54837
0.54829
0.54821
0.54813
0.54805
0.54797
0.54789
0.54781
0.54773
0.54765
0.54757
0.54749
0.54741
0.54733
0.54725
0.54717
0.54709
0.54701
0.54693
0.54685
0.54677
0.54669
0.54661
0.54653
0.54645
0.54637
0.54629
0.54621
0.54613
0.54605
0.54597
0.54589
0.54581
0.54573
0.54565
0.54557
0.54549
0.54541
0.54533
0.54525
0.54517
0.54509
0.54501
0.54493
0.54485
0.54477
0.54469
0.54461
0.54453
0.54445
0.54437
0.54429
0.54421
0.54413
0.54405
0.54397
0.54389
0.54381
0.54373
0.54365
0.54357
0.54349
0.54341
0.54333
0.54325
0.54317
0.54309
0.54301
0.54293
0.54285
0.54277
0.54269
0.54261
0.54253
0.54245
0.54237
0.54229
0.54221
0.54213
0.54205
0.54197
0.54189
0.54181
0.54173
0.54165
0.54157
0.54149
0.54141
0.54133
0.54125
0.54117
0.54109
0.54101
0.54093
0.54085
0.54077
0.54069
0.54061
0.54053
0.54045
0.54037
0.54029
0.54021
0.54013
0.54005
0.53997
0.53989
0.53981
0.53973
0.53965
0.53957
0.53949
0.53941
0.53933
0.53925
0.53917
0.53909
0.53901
0.53893
0.53885
0.53877
0.53869
0.53861
0.53853
0.53845
0.53837
0.53829
0.53821
0.53813
0.53805
0.53797
0.53789
0.53781
0.53773
0.53765
0.53757
0.53749
0.53741
0.53733
0.53725
0.53717
0.53709
0.53701
0.53693
0.53685
0.53677
0.53669
0.53661
0.53653
0.53645
0.53637
0.53629
0.53621
0.53613
0.53605
0.53597
0.53589
0.53581
0.53573
0.53565
0.53557
0.53549
0.53541
0.53533
0.53525
0.53517
0.53509
0.53501
0.53493
0.53485
0.53477
0.53469
0.53461
0.53453
0.53445
0.53437
0.53429
0.53421
0.53413
0.53405
0.53397
0.53389
0.53381
0.53373
0.53365
0.53357
0.53349
0.53341
0.53333
0.53325
0.53317
0.53309
0.53301
0.53293
0.53285
0.53277
0.53269
0.53261
0.53253
0.53245
0.53237
0.53229
0.53221
0.53213
0.53205
0.53197
0.53189
0.53181
0.53173
0.53165
0.53157
0.53149
0.53141
0.53133
0.53125
0.53117
0.53109
0.53101
0.53093
0.53085
0.53077
0.53069
0.53061
0.53053
0.53045
0.53037
0.53029
0.53021
0.53013
0.53005
0.52997
0.52989
0.52981
0.52973
0.52965
0.52957
0.52949
0.52941
0.52933
0.52925
0.52917
0.52909
0.52901
0.52893
0.52885
0.52877
0.52869
0.52861
0.52853
0.52845
0.52837
0.52829
0.52821
0.52813
0.52805
0.52797
0.52789
0.52781
0.52773
0.52765
0.52757
0.52749
0.52741
0.52733
0.52725
0.52717
0.52709
0.52701
0.52693
0.52685
0.52677
0.52669
0.52661
0.52653
0.52645
0.52637
0.52629
0.52621
0.52613
0.52605
0.52597
0.52589
0.52581
0.52573
0.52565
0.52557
0.52549
0.52541
0.52533
0.52525
0.52517
0.52509
0.52501
0.52493
0.52485
0.52477
0.52469
0.52461
0.52453
0.52445
0.52437
0.52429
0.52421
0.52413
0.52405
0.52397
0.52389
0.52381
0.52373
0.52365
0.52357
0.52349
0.52341
0.52333
0.52325
0.52317
0.52309
0.52301
0.52293
0.52285
0.52277
0.52269
0.52262
0.52254
0.52246
0.52238
0.52230
0.52222
0.52214
0.52206
0.52198
0.52190
0.52182
0.52174
0.52166
0.52158
0.52150
0.52142
0.52134
0.52126
0.52118
0.52110
0.52102
0.52094
0.52086
0.52078
0.52070
0.52062
0.52054
0.52046
0.52038
0.52030
0.52022
0.52014
0.52006
0.51998
0.51990
0.51982
0.51974
0.51966
0.51958
0.51950
0.51942
0.51934
0.51926
0.51918
0.51910
0.51902
0.51894
0.51886
0.51878
0.51870
0.51862
0.51854
0.51846
0.51838
0.51830
0.51822
0.51814
0.51806
0.51798
0.51790
0.51782
0.51774
0.51766
0.51758
0.51750
0.51742
0.51734
0.51726
0.51718
0.51710
0.51702
0.51694
0.51686
0.51678
0.51670
0.51662
0.51654
0.51646
0.51638
0.51630
0.51622
0.51614
0.51606
0.51598
0.51590
0.51582
0.51574
0.51566
0.51558
0.51550
0.51542
0.51534
0.51526
0.51518
0.51510
0.51502
0.51494
0.51486
0.51478
0.51470
0.51462
0.51454
0.51446
0.51438
0.51430
0.51422
0.51414
0.51406
0.51398
0.51390
0.51382
0.51374
0.51366
0.51358
0.51350
0.51342
0.51334
0.51326
0.51318
0.51310
0.51302
0.51294
0.51286
0.51278
0.51270
0.51262
0.51254
0.51246
0.51238
0.51230
0.51222
0.51214
0.51206
0.51198
0.51190
0.51182
0.51174
0.51166
0.51158
0.51150
0.51142
0.51134
0.51126
0.51118
0.51110
0.51102
0.51094
0.51086
0.51078
0.51070
0.51062
0.51054
0.51046
0.51038
0.51030
0.51022
0.51014
0.51006
0.50998
0.50990
0.50982
0.50974
0.50966
0.50958
0.50950
0.50942
0.50934
0.50926
0.50918
0.50910
0.50902
0.50894
0.50886
0.50878
0.50870
0.50862
0.50854
0.50846
0.50838
0.50830
0.50822
0.50814
0.50806
0.50798
0.50790
0.50782
0.50774
0.50766
0.50758
0.50750
0.50742
0.50734
0.50726
0.50718
0.50710
0.50702
0.50694
0.50686
0.50678
0.50670
0.50662
0.50654
0.50646
0.50638
0.50630
0.50622
0.50614
0.50606
0.50598
0.50590
0.50582
0.50574
0.50566
0.50558
0.50550
0.50542
0.50534
0.50526
0.50518
0.50510
0.50502
0.50494
0.50486
0.50478
0.50470
0.50462
0.50454
0.50446
0.50438
0.50430
0.50422
0.50414
0.50406
0.50398
0.50390
0.50382
0.50374
0.50366
0.50358
0.50350
0.50342
0.50334
0.50326
0.50318
0.50310
0.50302
0.50294
0.50286
0.50278
0.50270
0.50262
0.50254
0.50246
0.50238
0.50230
0.50222
0.50214
0.50206
0.50198
0.50190
0.50182
0.50174
0.50166
0.50158
0.50150
0.50142
0.50134
0.50126
0.50118
0.50110
0.50102
0.50094
0.50086
0.50078
0.50070
0.50062
0.50054
0.50046
0.50038
0.50030
0.50022
0.50014
0.50006
0.49998
0.49990
0.49982
0.49974
0.49966
0.49958
0.49950
0.49942
0.49934
0.49926
0.49918
0.49910
0.49902
0.49894
0.49886
0.49878
0.49870
0.49862
0.49854
0.49846
0.49838
0.49830
0.49822
0.49814
0.49806
0.49798
0.49790
0.49782
0.49774
0.49766
0.49758
0.49750
0.49742
0.49734
0.49726
0.49718
0.49710
0.49702
0.49694
0.49686
0.49678
0.49670
0.49662
0.49654
0.49646
0.49638
0.49630
0.49622
0.49614
0.49606
0.49598
0.49590
0.49582
0.49574
0.49566
0.49558
0.49550
0.49542
0.49534
0.49526
0.49518
0.49510
0.49502
0.49494
0.49486
0.49478
0.49470
0.49462
0.49454
0.49447
0.49439
0.49431
0.49423
0.49415
0.49407
0.49399
0.49391
0.49383
0.49375
0.49367
0.49359
0.49351
0.49343
0.49335
0.49327
0.49319
0.49311
0.49303
0.49295
0.49287
0.49279
0.49271
0.49263
0.49255
0.49247
0.49239
0.49231
0.49223
0.49215
0.49207
0.49199
0.49191
0.49183
0.49175
0.49167
0.49159
0.49151
0.49143
0.49135
0.49127
0.49119
0.49111
0.49103
0.49095
0.49087
0.49079
0.49071
0.49063
0.49055
0.49047
0.49039
0.49031
0.49023
0.49015
0.49007
0.48999
0.48991
0.48983
0.48975
0.48967
0.48959
0.48951
0.48943
0.48935
0.48927
0.48919
0.48911
0.48903
0.48895
0.48887
0.48879
0.48871
0.48863
0.48855
0.48847
0.48839
0.48831
0.48823
0.48815
0.48807
0.48799
0.48791
0.48783
0.48775
0.48767
0.48759
0.48751
0.48743
0.48735
0.48727
0.48719
0.48711
0.48703
0.48695
0.48687
0.48679
0.48671
0.48663
0.48655
0.48647
0.48639
0.48631
0.48623
0.48615
0.48607
0.48599
0.48591
0.48583
0.48575
0.48567
0.48559
0.48551
0.48543
0.48535
0.48527
0.48519
0.48511
0.48503
0.48495
0.48487
0.48479
0.48471
0.48463
0.48455
0.48447
0.48439
0.48431
0.48423
0.48415
0.48407
0.48399
0.48391
0.48383
0.48375
0.48367
0.48359
0.48351
0.48343
0.48335
0.48327
0.48319
0.48311
0.48303
0.48295
0.48287
0.48279
0.48271
0.48263
0.48255
0.48247
0.48239
0.48231
0.48223
0.48215
0.48207
0.48199
0.48191
0.48183
0.48175
0.48167
0.48159
0.48151
0.48143
0.48135
0.48127
0.48119
0.48111
0.48103
0.48095
0.48087
0.48079
0.48071
0.48063
0.48055
0.48047
0.48039
0.48031
0.48023
0.48015
0.48007
0.47999
0.47991
0.47983
0.47975
0.47967
0.47959
0.47951
0.47943
0.47935
0.47927
0.47919
0.47911
0.47903
0.47895
0.47887
0.47879
0.47871
0.47863
0.47855
0.47847
0.47839
0.47831
0.47823
0.47815
0.47807
0.47799
0.47791
0.47783
0.47775
0.47767
0.47759
0.47751
0.47743
0.47735
0.47727
0.47719
0.47711
0.47703
0.47695
0.47687
0.47679
0.47671
0.47663
0.47655
0.47647
0.47639
0.47631
0.47623
0.47615
0.47607
0.47599
0.47591
0.47583
0.47575
0.47567
0.47559
0.47551
0.47543
0.47535
0.47527
0.47519
0.47511
0.47503
0.47495
0.47487
0.47479
0.47471
0.47463
0.47455
0.47447
0.47439
0.47431
0.47423
0.47415
0.47407
0.47399
0.47391
0.47383
0.47375
0.47367
0.47359
0.47351
0.47343
0.47335
0.47327
0.47319
0.47311
0.47303
0.47295
0.47287
0.47279
0.47271
0.47263
0.47255
0.47247
0.47239
0.47231
0.47223
0.47215
0.47207
0.47199
0.47191
0.47183
0.47175
0.47167
0.47159
0.47151
0.47143
0.47135
0.47127
0.47119
0.47111
0.47103
0.47095
0.47087
0.47079
0.47071
0.47063
0.47055
0.47047
0.47039
0.47031
0.47023
0.47015
0.47007
0.46999
0.46991
0.46983
0.46975
0.46967
0.46959
0.46951
0.46943
0.46935
0.46927
0.46919
0.46911
0.46903
0.46895
0.46887
0.46879
0.46871
0.46863
0.46855
0.46847
0.46839
0.46831
0.46823
0.46815
0.46807
0.46799
0.46791
0.46783
0.46775
0.46767
0.46759
0.46751
0.46743
0.46735
0.46727
0.46720
0.46712
0.46704
0.46696
0.46688
0.46680
0.46672
0.46664
0.46656
0.46648
0.46640
0.46632
0.46624
0.46616
0.46608
0.46600
0.46592
0.46584
0.46576
0.46568
0.46560
0.46552
0.46544
0.46536
0.46528
0.46520
0.46512
0.46504
0.46496
0.46488
0.46480
0.46472
0.46464
0.46456
0.46448
0.46440
0.46432
0.46424
0.46416
0.46408
0.46400
0.46392
0.46384
0.46376
0.46368
0.46360
0.46352
0.46344
0.46336
0.46328
0.46320
0.46312
0.46304
0.46296
0.46288
0.46280
0.46272
0.46264
0.46256
0.46248
0.46240
0.46232
0.46224
0.46216
0.46208
0.46200
0.46192
0.46184
0.46176
0.46168
0.46160
0.46152
0.46144
0.46136
0.46128
0.46120
0.46112
0.46104
0.46096
0.46088
0.46080
0.46072
0.46064
0.46056
0.46048
0.46040
0.46032
0.46024
0.46016
0.46008
0.46000
0.45992
0.45984
0.45976
0.45968
0.45960
0.45952
0.45944
0.45936
0.45928
0.45920
0.45912
0.45904
0.45896
0.45888
0.45880
0.45872
0.45864
0.45856
0.45848
0.45840
0.45832
0.45824
0.45816
0.45808
0.45800
0.45792
0.45784
0.45776
0.45768
0.45760
0.45752
0.45744
0.45736
0.45728
0.45720
0.45712
0.45704
0.45696
0.45688
0.45680
0.45672
0.45664
0.45656
0.45648
0.45640
0.45632
0.45624
0.45616
0.45608
0.45600
0.45592
0.45584
0.45576
0.45568
0.45560
0.45552
0.45544
0.45536
0.45528
0.45520
0.45512
0.45504
0.45496
0.45488
0.45480
0.45472
0.45464
0.45456
0.45448
0.45440
0.45432
0.45424
0.45416
0.45408
0.45400
0.45392
0.45384
0.45376
0.45368
0.45360
0.45352
0.45344
0.45336
0.45328
0.45320
0.45312
0.45304
0.45296
0.45288
0.45280
0.45272
0.45264
0.45256
0.45248
0.45240
0.45232
0.45224
0.45216
0.45208
0.45200
0.45192
0.45184
0.45176
0.45168
0.45160
0.45152
0.45144
0.45136
0.45128
0.45120
0.45112
0.45104
0.45096
0.45088
0.45080
0.45072
0.45064
0.45056
0.45048
0.45040
0.45032
0.45024
0.45016
0.45008
0.45000
0.44992
0.44984
0.44976
0.44968
0.44960
0.44952
0.44944
0.44936
0.44928
0.44920
0.44912
0.44904
0.44896
0.44888
0.44880
0.44872
0.44864
0.44856
0.44848
0.44840
0.44832
0.44824
0.44816
0.44808
0.44800
0.44792
0.44784
0.44776
0.44768
0.44760
0.44752
0.44744
0.44736
0.44728
0.44720
0.44712
0.44704
0.44696
0.44688
0.44680
0.44672
0.44664
0.44656
0.44648
0.44640
0.44632
0.44624
0.44616
0.44608
0.44600
0.44592
0.44584
0.44576
0.44568
0.44560
0.44552
0.44544
0.44536
0.44528
0.44520
0.44512
0.44504
0.44496
0.44488
0.44480
0.44472
0.44464
0.44456
0.44448
0.44440
0.44432
0.44424
0.44416
0.44408
0.44400
0.44392
0.44384
0.44376
0.44368
0.44360
0.44352
0.44344
0.44336
0.44328
0.44320
0.44312
0.44304
0.44296
0.44288
0.44280
0.44272
0.44264
0.44256
0.44248
0.44240
0.44232
0.44224
0.44216
0.44208
0.44200
0.44192
0.44184
0.44176
0.44168
0.44160
0.44152
0.44144
0.44136
0.44128
0.44120
0.44112
0.44104
0.44096
0.44088
0.44080
0.44073
0.44065
0.44057
0.44049
0.44041
0.44033
0.44025
0.44017
0.44009
0.44001
0.43993
0.43985
0.43977
0.43969
0.43961
0.43953
0.43945
0.43937
0.43929
0.43921
0.43913
0.43905
0.43897
0.43889
0.43881
0.43873
0.43865
0.43857
0.43849
0.43841
0.43833
0.43825
0.43817
0.43809
0.43801
0.43793
0.43785
0.43777
0.43769
0.43761
0.43753
0.43745
0.43737
0.43729
0.43721
0.43713
0.43705
0.43697
0.43689
0.43681
0.43673
0.43665
0.43657
0.43649
0.43641
0.43633
0.43625
0.43617
0.43609
0.43601
0.43593
0.43585
0.43577
0.43569
0.43561
0.43553
0.43545
0.43537
0.43529
0.43521
0.43513
0.43505
0.43497
0.43489
0.43481
0.43473
0.43465
0.43457
0.43449
0.43441
0.43433
0.43425
0.43417
0.43409
0.43401
0.43393
0.43385
0.43377
0.43369
0.43361
0.43353
0.43345
0.43337
0.43329
0.43321
0.43313
0.43305
0.43297
0.43289
0.43281
0.43273
0.43265
0.43257
0.43249
0.43241
0.43233
0.43225
0.43217
0.43209
0.43201
0.43193
0.43185
0.43177
0.43169
0.43161
0.43153
0.43145
0.43137
0.43129
0.43121
0.43113
0.43105
0.43097
0.43089
0.43081
0.43073
0.43065
0.43057
0.43049
0.43041
0.43033
0.43025
0.43017
0.43009
0.43001
0.42993
0.42985
0.42977
0.42969
0.42961
0.42953
0.42945
0.42937
0.42929
0.42921
0.42913
0.42905
0.42897
0.42889
0.42881
0.42873
0.42865
0.42857
0.42849
0.42841
0.42833
0.42825
0.42817
0.42809
0.42801
0.42793
0.42785
0.42777
0.42769
0.42761
0.42753
0.42745
0.42737
0.42729
0.42721
0.42713
0.42705
0.42697
0.42689
0.42681
0.42673
0.42665
0.42657
0.42649
0.42641
0.42633
0.42625
0.42617
0.42609
0.42601
0.42593
0.42585
0.42577
0.42569
0.42561
0.42553
0.42545
0.42537
0.42529
0.42521
0.42513
0.42505
0.42497
0.42489
0.42481
0.42473
0.42465
0.42457
0.42449
0.42441
0.42433
0.42425
0.42417
0.42409
0.42401
0.42393
0.42385
0.42377
0.42369
0.42361
0.42353
0.42345
0.42337
0.42329
0.42321
0.42313
0.42305
0.42297
0.42289
0.42281
0.42273
0.42265
0.42257
0.42249
0.42241
0.42233
0.42225
0.42217
0.42209
0.42201
0.42193
0.42185
0.42177
0.42169
0.42161
0.42153
0.42145
0.42137
0.42129
0.42121
0.42113
0.42105
0.42097
0.42089
0.42081
0.42073
0.42065
0.42057
0.42049
0.42041
0.42033
0.42025
0.42017
0.42009
0.42001
0.41993
0.41985
0.41977
0.41969
0.41961
0.41953
0.41945
0.41937
0.41929
0.41921
0.41913
0.41905
0.41897
0.41889
0.41881
0.41873
0.41865
0.41857
0.41849
0.41841
0.41833
0.41825
0.41817
0.41809
0.41801
0.41793
0.41785
0.41777
0.41769
0.41761
0.41753
0.41745
0.41737
0.41729
0.41721
0.41713
0.41705
0.41697
0.41689
0.41681
0.41673
0.41665
0.41657
0.41649
0.41641
0.41633
0.41625
0.41617
0.41609
0.41601
0.41593
0.41585
0.41577
0.41569
0.41561
0.41553
0.41545
0.41537
0.41529
0.41521
0.41513
0.41506
0.41498
0.41490
0.41482
0.41474
0.41466
0.41458
0.41450
0.41442
0.41434
0.41426
0.41418
0.41410
0.41402
0.41394
0.41386
0.41378
0.41370
0.41362
0.41354
0.41346
0.41338
0.41330
0.41322
0.41314
0.41306
0.41298
0.41290
0.41282
0.41274
0.41266
0.41258
0.41250
0.41242
0.41234
0.41226
0.41218
0.41210
0.41202
0.41194
0.41186
0.41178
0.41170
0.41162
0.41154
0.41146
0.41138
0.41130
0.41122
0.41114
0.41106
0.41098
0.41090
0.41082
0.41074
0.41066
0.41058
0.41050
0.41042
0.41034
0.41026
0.41018
0.41010
0.41002
0.40994
0.40986
0.40978
0.40970
0.40962
0.40954
0.40946
0.40938
0.40930
0.40922
0.40914
0.40906
0.40898
0.40890
0.40882
0.40874
0.40866
0.40858
0.40850
0.40842
0.40834
0.40826
0.40818
0.40810
0.40802
0.40794
0.40786
0.40778
0.40770
0.40762
0.40754
0.40746
0.40738
0.40730
0.40722
0.40714
0.40706
0.40698
0.40690
0.40682
0.40674
0.40666
0.40658
0.40650
0.40642
0.40634
0.40626
0.40618
0.40610
0.40602
0.40594
0.40586
0.40578
0.40570
0.40562
0.40554
0.40546
0.40538
0.40530
0.40522
0.40514
0.40506
0.40498
0.40490
0.40482
0.40474
0.40466
0.40458
0.40450
0.40442
0.40434
0.40426
0.40418
0.40410
0.40402
0.40394
0.40386
0.40378
0.40370
0.40362
0.40354
0.40346
0.40338
0.40330
0.40322
0.40314
0.40306
0.40298
0.40290
0.40282
0.40274
0.40266
0.40258
0.40250
0.40242
0.40234
0.40226
0.40218
0.40210
0.40202
0.40194
0.40186
0.40178
0.40170
0.40162
0.40154
0.40146
0.40138
0.40130
0.40122
0.40114
0.40106
0.40098
0.40090
0.40082
0.40074
0.40066
0.40058
0.40050
0.40042
0.40034
0.40026
0.40018
0.40010
0.40002
0.39994
0.39986
0.39978
0.39970
0.39962
0.39954
0.39946
0.39938
0.39930
0.39922
0.39914
0.39906
0.39898
0.39890
0.39882
0.39874
0.39866
0.39858
0.39850
0.39842
0.39834
0.39826
0.39818
0.39810
0.39802
0.39794
0.39786
0.39778
0.39770
0.39762
0.39754
0.39746
0.39738
0.39730
0.39722
0.39714
0.39706
0.39698
0.39690
0.39682
0.39674
0.39666
0.39658
0.39650
0.39642
0.39634
0.39626
0.39618
0.39610
0.39602
0.39594
0.39586
0.39578
0.39570
0.39562
0.39554
0.39546
0.39538
0.39530
0.39522
0.39514
0.39506
0.39498
0.39490
0.39482
0.39474
0.39466
0.39458
0.39450
0.39442
0.39434
0.39426
0.39418
0.39410
0.39402
0.39394
0.39386
0.39378
0.39370
0.39362
0.39354
0.39346
0.39338
0.39330
0.39322
0.39314
0.39306
0.39298
0.39290
0.39282
0.39274
0.39266
0.39258
0.39250
0.39242
0.39234
0.39226
0.39218
0.39210
0.39202
0.39194
0.39186
0.39178
0.39170
0.39162
0.39154
0.39146
0.39138
0.39130
0.39122
0.39114
0.39106
0.39098
0.39090
0.39082
0.39074
0.39066
0.39058
0.39050
0.39042
0.39034
0.39026
0.39018
0.39011
0.39003
0.38995
0.38987
0.38979
0.38971
0.38963
0.38955
0.38947
0.38939
0.38931
0.38923
0.38915
0.38907
0.38899
0.38891
0.38883
0.38875
0.38867
0.38859
0.38851
0.38843
0.38835
0.38827
0.38819
0.38811
0.38803
0.38795
0.38787
0.38779
0.38771
0.38763
0.38755
0.38747
0.38739
0.38731
0.38723
0.38715
0.38707
0.38699
0.38691
0.38683
0.38675
0.38667
0.38659
0.38651
0.38643
0.38635
0.38627
0.38619
0.38611
0.38603
0.38595
0.38587
0.38579
0.38571
0.38563
0.38555
0.38547
0.38539
0.38531
0.38523
0.38515
0.38507
0.38499
0.38491
0.38483
0.38475
0.38467
0.38459
0.38451
0.38443
0.38435
0.38427
0.38419
0.38411
0.38403
0.38395
0.38387
0.38379
0.38371
0.38363
0.38355
0.38347
0.38339
0.38331
0.38323
0.38315
0.38307
0.38299
0.38291
0.38283
0.38275
0.38267
0.38259
0.38251
0.38243
0.38235
0.38227
0.38219
0.38211
0.38203
0.38195
0.38187
0.38179
0.38171
0.38163
0.38155
0.38147
0.38139
0.38131
0.38123
0.38115
0.38107
0.38099
0.38091
0.38083
0.38075
0.38067
0.38059
0.38051
0.38043
0.38035
0.38027
0.38019
0.38011
0.38003
0.37995
0.37987
0.37979
0.37971
0.37963
0.37955
0.37947
0.37939
0.37931
0.37923
0.37915
0.37907
0.37899
0.37891
0.37883
0.37875
0.37867
0.37859
0.37851
0.37843
0.37835
0.37827
0.37819
0.37811
0.37803
0.37795
0.37787
0.37779
0.37771
0.37763
0.37755
0.37747
0.37739
0.37731
0.37723
0.37715
0.37707
0.37699
0.37691
0.37683
0.37675
0.37667
0.37659
0.37651
0.37643
0.37635
0.37627
0.37619
0.37611
0.37603
0.37595
0.37587
0.37579
0.37571
0.37563
0.37555
0.37547
0.37539
0.37531
0.37523
0.37515
0.37507
0.37499
0.37491
0.37483
0.37475
0.37467
0.37459
0.37451
0.37443
0.37435
0.37427
0.37419
0.37411
0.37403
0.37395
0.37387
0.37379
0.37371
0.37363
0.37355
0.37347
0.37339
0.37331
0.37323
0.37315
0.37307
0.37299
0.37291
0.37283
0.37275
0.37267
0.37259
0.37251
0.37243
0.37235
0.37227
0.37219
0.37211
0.37203
0.37195
0.37187
0.37179
0.37171
0.37163
0.37155
0.37147
0.37139
0.37131
0.37123
0.37115
0.37107
0.37099
0.37091
0.37083
0.37075
0.37067
0.37059
0.37051
0.37043
0.37035
0.37027
0.37019
0.37011
0.37003
0.36995
0.36987
0.36979
0.36971
0.36963
0.36955
0.36947
0.36939
0.36931
0.36923
0.36915
0.36907
0.36899
0.36891
0.36883
0.36875
0.36867
0.36859
0.36851
0.36843
0.36835
0.36827
0.36819
0.36811
0.36803
0.36795
0.36787
0.36779
0.36771
0.36763
0.36755
0.36747
0.36739
0.36731
0.36723
0.36715
0.36707
0.36699
0.36691
0.36683
0.36675
0.36667
0.36659
0.36651
0.36643
0.36635
0.36627
0.36619
0.36611
0.36603
0.36596
0.36588
0.36580
0.36572
0.36564
0.36556
0.36548
0.36540
0.36532
0.36524
0.36516
0.36508
0.36500
0.36492
0.36484
0.36476
0.36468
0.36460
0.36452
0.36444
0.36436
0.36428
0.36420
0.36412
0.36404
0.36396
0.36388
0.36380
0.36372
0.36364
0.36356
0.36348
0.36340
0.36332
0.36324
0.36316
0.36308
0.36300
0.36292
0.36284
0.36276
0.36268
0.36260
0.36252
0.36244
0.36236
0.36228
0.36220
0.36212
0.36204
0.36196
0.36188
0.36180
0.36172
0.36164
0.36156
0.36148
0.36140
0.36132
0.36124
0.36116
0.36108
0.36100
0.36092
0.36084
0.36076
0.36068
0.36060
0.36052
0.36044
0.36036
0.36028
0.36020
0.36012
0.36004
0.35996
0.35988
0.35980
0.35972
0.35964
0.35956
0.35948
0.35940
0.35932
0.35924
0.35916
0.35908
0.35900
0.35892
0.35884
0.35876
0.35868
0.35860
0.35852
0.35844
0.35836
0.35828
0.35820
0.35812
0.35804
0.35796
0.35788
0.35780
0.35772
0.35764
0.35756
0.35748
0.35740
0.35732
0.35724
0.35716
0.35708
0.35700
0.35692
0.35684
0.35676
0.35668
0.35660
0.35652
0.35644
0.35636
0.35628
0.35620
0.35612
0.35604
0.35596
0.35588
0.35580
0.35572
0.35564
0.35556
0.35548
0.35540
0.35532
0.35524
0.35516
0.35508
0.35500
0.35492
0.35484
0.35476
0.35468
0.35460
0.35452
0.35444
0.35436
0.35428
0.35420
0.35412
0.35404
0.35396
0.35388
0.35380
0.35372
0.35364
0.35356
0.35348
0.35340
0.35332
0.35324
0.35316
0.35308
0.35300
0.35292
0.35284
0.35276
0.35268
0.35260
0.35252
0.35244
0.35236
0.35228
0.35220
0.35212
0.35204
0.35196
0.35188
0.35180
0.35172
0.35164
0.35156
0.35148
0.35140
0.35132
0.35124
0.35116
0.35108
0.35100
0.35092
0.35084
0.35076
0.35068
0.35060
0.35052
0.35044
0.35036
0.35028
0.35020
0.35012
0.35004
0.34996
0.34988
0.34980
0.34972
0.34964
0.34956
0.34948
0.34940
0.34932
0.34924
0.34916
0.34908
0.34900
0.34892
0.34884
0.34876
0.34868
0.34860
0.34852
0.34844
0.34836
0.34828
0.34820
0.34812
0.34804
0.34796
0.34788
0.34780
0.34772
0.34764
0.34756
0.34748
0.34740
0.34732
0.34724
0.34716
0.34708
0.34700
0.34692
0.34684
0.34676
0.34668
0.34660
0.34652
0.34644
0.34636
0.34628
0.34620
0.34612
0.34604
0.34596
0.34588
0.34580
0.34572
0.34564
0.34556
0.34548
0.34540
0.34532
0.34524
0.34516
0.34508
0.34500
0.34492
0.34484
0.34476
0.34468
0.34460
0.34452
0.34444
0.34436
0.34428
0.34420
0.34412
0.34404
0.34396
0.34388
0.34380
0.34372
0.34364
0.34356
0.34348
0.34340
0.34332
0.34324
0.34316
0.34308
0.34300
0.34292
0.34284
0.34276
0.34268
0.34260
0.34253
0.34245
0.34237
0.34229
0.34221
0.34213
0.34205
0.34197
0.34189
0.34181
0.34173
0.34165
0.34157
0.34149
0.34141
0.34133
0.34125
0.34117
0.34109
0.34101
0.34093
0.34085
0.34077
0.34069
0.34061
0.34053
0.34045
0.34037
0.34029
0.34021
0.34013
0.34005
0.33997
0.33989
0.33981
0.33973
0.33965
0.33957
0.33949
0.33941
0.33933
0.33925
0.33917
0.33909
0.33901
0.33893
0.33885
0.33877
0.33869
0.33861
0.33853
0.33845
0.33837
0.33829
0.33821
0.33813
0.33805
0.33797
0.33789
0.33781
0.33773
0.33765
0.33757
0.33749
0.33741
0.33733
0.33725
0.33717
0.33709
0.33701
0.33693
0.33685
0.33677
0.33669
0.33661
0.33653
0.33645
0.33637
0.33629
0.33621
0.33613
0.33605
0.33597
0.33589
0.33581
0.33573
0.33565
0.33557
0.33549
0.33541
0.33533
0.33525
0.33517
0.33509
0.33501
0.33493
0.33485
0.33477
0.33469
0.33461
0.33453
0.33445
0.33437
0.33429
0.33421
0.33413
0.33405
0.33397
0.33389
0.33381
0.33373
0.33365
0.33357
0.33349
0.33341
0.33333
0.33325
0.33317
0.33309
0.33301
0.33293
0.33285
0.33277
0.33269
0.33261
0.33253
0.33245
0.33237
0.33229
0.33221
0.33213
0.33205
0.33197
0.33189
0.33181
0.33173
0.33165
0.33157
0.33149
0.33141
0.33133
0.33125
0.33117
0.33109
0.33101
0.33093
0.33085
0.33077
0.33069
0.33061
0.33053
0.33045
0.33037
0.33029
0.33021
0.33013
0.33005
0.32997
0.32989
0.32981
0.32973
0.32965
0.32957
0.32949
0.32941
0.32933
0.32925
0.32917
0.32909
0.32901
0.32893
0.32885
0.32877
0.32869
0.32861
0.32853
0.32845
0.32837
0.32829
0.32821
0.32813
0.32805
0.32797
0.32789
0.32781
0.32773
0.32765
0.32757
0.32749
0.32741
0.32733
0.32725
0.32717
0.32709
0.32701
0.32693
0.32685
0.32677
0.32669
0.32661
0.32653
0.32645
0.32637
0.32629
0.32621
0.32613
0.32605
0.32597
0.32589
0.32581
0.32573
0.32565
0.32557
0.32549
0.32541
0.32533
0.32525
0.32517
0.32509
0.32501
0.32493
0.32485
0.32477
0.32469
0.32461
0.32453
0.32445
0.32437
0.32429
0.32421
0.32413
0.32405
0.32397
0.32389
0.32381
0.32373
0.32365
0.32357
0.32349
0.32341
0.32333
0.32325
0.32317
0.32309
0.32301
0.32293
0.32285
0.32277
0.32269
0.32261
0.32253
0.32245
0.32237
0.32229
0.32221
0.32213
0.32205
0.32197
0.32189
0.32181
0.32173
0.32165
0.32157
0.32149
0.32141
0.32133
0.32125
0.32117
0.32109
0.32101
0.32093
0.32085
0.32077
0.32069
0.32061
0.32053
0.32045
0.32037
0.32029
0.32021
0.32013
0.32005
0.31997
0.31989
0.31982
0.31974
0.31966
0.31958
0.31950
0.31942
0.31934
0.31926
0.31918
0.31910
0.31902
0.31894
0.31886
0.31878
0.31870
0.31862
0.31854
0.31846
0.31838
0.31830
0.31822
0.31814
0.31806
0.31798
0.31790
0.31782
0.31774
0.31766
0.31758
0.31750
0.31742
0.31734
0.31726
0.31718
0.31710
0.31702
0.31694
0.31686
0.31678
0.31670
0.31662
0.31654
0.31646
0.31638
0.31630
0.31622
0.31614
0.31606
0.31598
0.31590
0.31582
0.31574
0.31566
0.31558
0.31550
0.31542
0.31534
0.31526
0.31518
0.31510
0.31502
0.31494
0.31486
0.31478
0.31470
0.31462
0.31454
0.31446
0.31438
0.31430
0.31422
0.31414
0.31406
0.31398
0.31390
0.31382
0.31374
0.31366
0.31358
0.31350
0.31342
0.31334
0.31326
0.31318
0.31310
0.31302
0.31294
0.31286
0.31278
0.31270
0.31262
0.31254
0.31246
0.31238
0.31230
0.31222
0.31214
0.31206
0.31198
0.31190
0.31182
0.31174
0.31166
0.31158
0.31150
0.31142
0.31134
0.31126
0.31118
0.31110
0.31102
0.31094
0.31086
0.31078
0.31070
0.31062
0.31054
0.31046
0.31038
0.31030
0.31022
0.31014
0.31006
0.30998
0.30990
0.30982
0.30974
0.30966
0.30958
0.30950
0.30942
0.30934
0.30926
0.30918
0.30910
0.30902
0.30894
0.30886
0.30878
0.30870
0.30862
0.30854
0.30846
0.30838
0.30830
0.30822
0.30814
0.30806
0.30798
0.30790
0.30782
0.30774
0.30766
0.30758
0.30750
0.30742
0.30734
0.30726
0.30718
0.30710
0.30702
0.30694
0.30686
0.30678
0.30670
0.30662
0.30654
0.30646
0.30638
0.30630
0.30622
0.30614
0.30606
0.30598
0.30590
0.30582
0.30574
0.30566
0.30558
0.30550
0.30542
0.30534
0.30526
0.30518
0.30510
0.30502
0.30494
0.30486
0.30478
0.30470
0.30462
0.30454
0.30446
0.30438
0.30430
0.30422
0.30414
0.30406
0.30398
0.30390
0.30382
0.30374
0.30366
0.30358
0.30350
0.30342
0.30334
0.30326
0.30318
0.30310
0.30302
0.30294
0.30286
0.30278
0.30270
0.30262
0.30254
0.30246
0.30238
0.30230
0.30222
0.30214
0.30206
0.30198
0.30190
0.30182
0.30174
0.30166
0.30158
0.30150
0.30142
0.30134
0.30126
0.30118
0.30110
0.30102
0.30094
0.30086
0.30078
0.30070
0.30062
0.30054
0.30046
0.30038
0.30030
0.30022
0.30014
0.30006
0.29998
0.29990
0.29982
0.29974
0.29966
0.29958
0.29950
0.29942
0.29934
0.29926
0.29918
0.29910
0.29902
0.29894
0.29886
0.29878
0.29870
0.29862
0.29854
0.29846
0.29838
0.29830
0.29822
0.29814
0.29806
0.29798
0.29790
0.29782
0.29775
0.29767
0.29759
0.29751
0.29743
0.29735
0.29727
0.29719
0.29711
0.29703
0.29695
0.29687
0.29679
0.29671
0.29663
0.29655
0.29647
0.29639
0.29631
0.29623
0.29615
0.29607
0.29599
0.29591
0.29583
0.29575
0.29567
0.29559
0.29551
0.29543
0.29535
0.29527
0.29519
0.29511
0.29503
0.29495
0.29487
0.29479
0.29471
0.29463
0.29455
0.29447
0.29439
0.29431
0.29423
0.29415
0.29407
0.29399
0.29391
0.29383
0.29375
0.29367
0.29359
0.29351
0.29343
0.29335
0.29327
0.29319
0.29311
0.29303
0.29295
0.29287
0.29279
0.29271
0.29263
0.29255
0.29247
0.29239
0.29231
0.29223
0.29215
0.29207
0.29199
0.29191
0.29183
0.29175
0.29167
0.29159
0.29151
0.29143
0.29135
0.29127
0.29119
0.29111
0.29103
0.29095
0.29087
0.29079
0.29071
0.29063
0.29055
0.29047
0.29039
0.29031
0.29023
0.29015
0.29007
0.28999
0.28991
0.28983
0.28975
0.28967
0.28959
0.28951
0.28943
0.28935
0.28927
0.28919
0.28911
0.28903
0.28895
0.28887
0.28879
0.28871
0.28863
0.28855
0.28847
0.28839
0.28831
0.28823
0.28815
0.28807
0.28799
0.28791
0.28783
0.28775
0.28767
0.28759
0.28751
0.28743
0.28735
0.28727
0.28719
0.28711
0.28703
0.28695
0.28687
0.28679
0.28671
0.28663
0.28655
0.28647
0.28639
0.28631
0.28623
0.28615
0.28607
0.28599
0.28591
0.28583
0.28575
0.28567
0.28559
0.28551
0.28543
0.28535
0.28527
0.28519
0.28511
0.28503
0.28495
0.28487
0.28479
0.28471
0.28463
0.28455
0.28447
0.28439
0.28431
0.28423
0.28415
0.28407
0.28399
0.28391
0.28383
0.28375
0.28367
0.28359
0.28351
0.28343
0.28335
0.28327
0.28319
0.28311
0.28303
0.28295
0.28287
0.28279
0.28271
0.28263
0.28255
0.28247
0.28239
0.28231
0.28223
0.28215
0.28207
0.28199
0.28191
0.28183
0.28175
0.28167
0.28159
0.28151
0.28143
0.28135
0.28127
0.28119
0.28111
0.28103
0.28095
0.28087
0.28079
0.28071
0.28063
0.28055
0.28047
0.28039
0.28031
0.28023
0.28015
0.28007
0.27999
0.27991
0.27983
0.27975
0.27967
0.27959
0.27951
0.27943
0.27935
0.27927
0.27919
0.27911
0.27903
0.27895
0.27887
0.27879
0.27871
0.27863
0.27855
0.27847
0.27839
0.27831
0.27823
0.27815
0.27807
0.27799
0.27791
0.27783
0.27775
0.27767
0.27759
0.27751
0.27743
0.27735
0.27727
0.27719
0.27711
0.27703
0.27695
0.27687
0.27679
0.27671
0.27663
0.27655
0.27648
0.27640
0.27632
0.27624
0.27616
0.27608
0.27600
0.27592
0.27584
0.27576
0.27568
0.27560
0.27552
0.27544
0.27536
0.27528
0.27520
0.27512
0.27504
0.27496
0.27488
0.27480
0.27472
0.27464
0.27456
0.27448
0.27440
0.27432
0.27424
0.27416
0.27408
0.27400
0.27392
0.27384
0.27376
0.27368
0.27360
0.27352
0.27344
0.27336
0.27328
0.27320
0.27312
0.27304
0.27296
0.27288
0.27280
0.27272
0.27264
0.27256
0.27248
0.27240
0.27232
0.27224
0.27216
0.27208
0.27200
0.27192
0.27184
0.27176
0.27168
0.27160
0.27152
0.27144
0.27136
0.27128
0.27120
0.27112
0.27104
0.27096
0.27088
0.27080
0.27072
0.27064
0.27056
0.27048
0.27040
0.27032
0.27024
0.27016
0.27008
0.27000
0.26992
0.26984
0.26976
0.26968
0.26960
0.26952
0.26944
0.26936
0.26928
0.26920
0.26912
0.26904
0.26896
0.26888
0.26880
0.26872
0.26864
0.26856
0.26848
0.26840
0.26832
0.26824
0.26816
0.26808
0.26800
0.26792
0.26784
0.26776
0.26768
0.26760
0.26752
0.26744
0.26736
0.26728
0.26720
0.26712
0.26704
0.26696
0.26688
0.26680
0.26672
0.26664
0.26656
0.26648
0.26640
0.26632
0.26624
0.26616
0.26608
0.26600
0.26592
0.26584
0.26576
0.26568
0.26560
0.26552
0.26544
0.26536
0.26528
0.26520
0.26512
0.26504
0.26496
0.26488
0.26480
0.26472
0.26464
0.26456
0.26448
0.26440
0.26432
0.26424
0.26416
0.26408
0.26400
0.26392
0.26384
0.26376
0.26368
0.26360
0.26352
0.26344
0.26336
0.26328
0.26320
0.26312
0.26304
0.26296
0.26288
0.26280
0.26272
0.26264
0.26256
0.26248
0.26240
0.26232
0.26224
0.26216
0.26208
0.26200
0.26192
0.26184
0.26176
0.26168
0.26160
0.26152
0.26144
0.26136
0.26128
0.26120
0.26112
0.26104
0.26096
0.26088
0.26080
0.26072
0.26064
0.26056
0.26048
0.26040
0.26032
0.26024
0.26016
0.26008
0.26000
0.25992
0.25984
0.25976
0.25968
0.25960
0.25952
0.25944
0.25936
0.25928
0.25920
0.25912
0.25904
0.25896
0.25888
0.25880
0.25872
0.25864
0.25856
0.25848
0.25840
0.25832
0.25824
0.25816
0.25808
0.25800
0.25792
0.25784
0.25776
0.25768
0.25760
0.25752
0.25744
0.25736
0.25728
0.25720
0.25712
0.25704
0.25696
0.25688
0.25680
0.25672
0.25664
0.25656
0.25648
0.25640
0.25632
0.25624
0.25616
0.25608
0.25600
0.25592
0.25584
0.25577
0.25569
0.25561
0.25553
0.25545
0.25537
0.25529
0.25521
0.25513
0.25505
0.25497
0.25489
0.25481
0.25473
0.25465
0.25457
0.25449
0.25441
0.25433
0.25425
0.25417
0.25409
0.25401
0.25393
0.25385
0.25377
0.25369
0.25361
0.25353
0.25345
0.25337
0.25329
0.25321
0.25313
0.25305
0.25297
0.25289
0.25281
0.25273
0.25265
0.25257
0.25249
0.25241
0.25233
0.25225
0.25217
0.25209
0.25201
0.25193
0.25185
0.25177
0.25169
0.25161
0.25153
0.25145
0.25137
0.25129
0.25121
0.25113
0.25105
0.25097
0.25089
0.25081
0.25073
0.25065
0.25057
0.25049
0.25041
0.25033
0.25025
0.25017
0.25009
0.25001
0.24993
0.24985
0.24977
0.24969
0.24961
0.24953
0.24945
0.24937
0.24929
0.24921
0.24913
0.24905
0.24897
0.24889
0.24881
0.24873
0.24865
0.24857
0.24849
0.24841
0.24833
0.24825
0.24817
0.24809
0.24801
0.24793
0.24785
0.24777
0.24769
0.24761
0.24753
0.24745
0.24737
0.24729
0.24721
0.24713
0.24705
0.24697
0.24689
0.24681
0.24673
0.24665
0.24657
0.24649
0.24641
0.24633
0.24625
0.24617
0.24609
0.24601
0.24593
0.24585
0.24577
0.24569
0.24561
0.24553
0.24545
0.24537
0.24529
0.24521
0.24513
0.24505
0.24497
0.24489
0.24481
0.24473
0.24465
0.24457
0.24449
0.24441
0.24433
0.24425
0.24417
0.24409
0.24401
0.24393
0.24385
0.24377
0.24369
0.24361
0.24353
0.24345
0.24337
0.24329
0.24321
0.24313
0.24305
0.24297
0.24289
0.24281
0.24273
0.24265
0.24257
0.24249
0.24241
0.24233
0.24225
0.24217
0.24209
0.24201
0.24193
0.24185
0.24177
0.24169
0.24161
0.24153
0.24145
0.24137
0.24129
0.24121
0.24113
0.24105
0.24097
0.24089
0.24081
0.24073
0.24065
0.24057
0.24049
0.24041
0.24033
0.24025
0.24017
0.24009
0.24001
0.23993
0.23985
0.23977
0.23969
0.23961
0.23953
0.23945
0.23937
0.23929
0.23921
0.23913
0.23905
0.23897
0.23889
0.23881
0.23873
0.23865
0.23857
0.23849
0.23841
0.23833
0.23825
0.23817
0.23809
0.23801
0.23793
0.23785
0.23777
0.23769
0.23761
0.23753
0.23745
0.23737
0.23729
0.23721
0.23713
0.23705
0.23697
0.23689
0.23681
0.23673
0.23665
0.23657
0.23649
0.23641
0.23633
0.23625
0.23617
0.23609
0.23601
0.23593
0.23585
0.23578
0.23570
0.23562
0.23554
0.23546
0.23538
0.23530
0.23522
0.23514
0.23506
0.23498
0.23490
0.23482
0.23474
0.23466
0.23458
0.23450
0.23442
0.23434
0.23426
0.23418
0.23410
0.23402
0.23394
0.23386
0.23378
0.23370
0.23362
0.23354
0.23346
0.23338
0.23330
0.23322
0.23314
0.23306
0.23298
0.23290
0.23282
0.23274
0.23266
0.23258
0.23250
0.23242
0.23234
0.23226
0.23218
0.23210
0.23202
0.23194
0.23186
0.23178
0.23170
0.23162
0.23154
0.23146
0.23138
0.23130
0.23122
0.23114
0.23106
0.23098
0.23090
0.23082
0.23074
0.23066
0.23058
0.23050
0.23042
0.23034
0.23026
0.23018
0.23010
0.23002
0.22994
0.22986
0.22978
0.22970
0.22962
0.22954
0.22946
0.22938
0.22930
0.22922
0.22914
0.22906
0.22898
0.22890
0.22882
0.22874
0.22866
0.22858
0.22850
0.22842
0.22834
0.22826
0.22818
0.22810
0.22802
0.22794
0.22786
0.22778
0.22770
0.22762
0.22754
0.22746
0.22738
0.22730
0.22722
0.22714
0.22706
0.22698
0.22690
0.22682
0.22674
0.22666
0.22658
0.22650
0.22642
0.22634
0.22626
0.22618
0.22610
0.22602
0.22594
0.22586
0.22578
0.22570
0.22562
0.22554
0.22546
0.22538
0.22530
0.22522
0.22514
0.22506
0.22498
0.22490
0.22482
0.22474
0.22466
0.22458
0.22450
0.22442
0.22434
0.22426
0.22418
0.22410
0.22402
0.22394
0.22386
0.22378
0.22370
0.22362
0.22354
0.22346
0.22338
0.22330
0.22322
0.22314
0.22306
0.22298
0.22290
0.22282
0.22274
0.22266
0.22258
0.22250
0.22242
0.22234
0.22226
0.22218
0.22210
0.22202
0.22194
0.22186
0.22178
0.22170
0.22162
0.22154
0.22146
0.22138
0.22130
0.22122
0.22114
0.22106
0.22098
0.22090
0.22082
0.22074
0.22066
0.22058
0.22050
0.22042
0.22034
0.22026
0.22018
0.22010
0.22002
0.21994
0.21986
0.21978
0.21970
0.21962
0.21954
0.21946
0.21938
0.21930
0.21922
0.21914
0.21906
0.21898
0.21890
0.21882
0.21874
0.21866
0.21858
0.21850
0.21842
0.21834
0.21826
0.21818
0.21810
0.21802
0.21794
0.21786
0.21778
0.21770
0.21762
0.21754
0.21746
0.21738
0.21730
0.21722
0.21714
0.21706
0.21698
0.21690
0.21682
0.21674
0.21666
0.21658
0.21651
0.21643
0.21635
0.21627
0.21619
0.21611
0.21603
0.21595
0.21587
0.21579
0.21571
0.21563
0.21555
0.21547
0.21539
0.21531
0.21523
0.21515
0.21507
0.21499
0.21491
0.21483
0.21475
0.21467
0.21459
0.21451
0.21443
0.21435
0.21427
0.21419
0.21411
0.21403
0.21395
0.21387
0.21379
0.21371
0.21363
0.21355
0.21347
0.21339
0.21331
0.21323
0.21315
0.21307
0.21299
0.21291
0.21283
0.21275
0.21267
0.21259
0.21251
0.21243
0.21235
0.21227
0.21219
0.21211
0.21203
0.21195
0.21187
0.21179
0.21171
0.21163
0.21155
0.21147
0.21139
0.21131
0.21123
0.21115
0.21107
0.21099
0.21091
0.21083
0.21075
0.21067
0.21059
0.21051
0.21043
0.21035
0.21027
0.21019
0.21011
0.21003
0.20995
0.20987
0.20979
0.20971
0.20963
0.20955
0.20947
0.20939
0.20931
0.20923
0.20915
0.20907
0.20899
0.20891
0.20883
0.20875
0.20867
0.20859
0.20851
0.20843
0.20835
0.20827
0.20819
0.20811
0.20803
0.20795
0.20787
0.20779
0.20771
0.20763
0.20755
0.20747
0.20739
0.20731
0.20723
0.20715
0.20707
0.20699
0.20691
0.20683
0.20675
0.20667
0.20659
0.20651
0.20643
0.20635
0.20627
0.20619
0.20611
0.20603
0.20595
0.20587
0.20579
0.20571
0.20563
0.20555
0.20547
0.20539
0.20531
0.20523
0.20515
0.20507
0.20499
0.20491
0.20483
0.20475
0.20467
0.20459
0.20451
0.20443
0.20435
0.20427
0.20419
0.20411
0.20403
0.20395
0.20387
0.20379
0.20371
0.20363
0.20355
0.20347
0.20339
0.20331
0.20323
0.20315
0.20307
0.20299
0.20291
0.20283
0.20275
0.20267
0.20259
0.20251
0.20243
0.20235
0.20227
0.20219
0.20211
0.20203
0.20195
0.20187
0.20179
0.20171
0.20163
0.20155
0.20147
0.20139
0.20131
0.20123
0.20115
0.20107
0.20099
0.20091
0.20083
0.20075
0.20067
0.20059
0.20051
0.20043
0.20035
