-40.94493
-40.94494
-40.94498
-40.94503
-40.94511
-40.94520
-40.94530
-40.94542
-40.94556
-40.94570
-40.94585
-40.94601
-40.94617
-40.94633
-40.94650
-40.94667
-40.94685
-40.94702
-40.94718
-40.94735
-40.94750
-40.94766
-40.94780
-40.94794
-40.94807
-40.94819
-40.94830
-40.94840
-40.94849
-40.94856
-40.94862
-40.94866
-40.94869
-40.94870
-40.94870
-40.94868
-40.94864
-40.94858
-40.94851
-40.94841
-40.94829
-40.94816
-40.94800
-40.94782
-40.94762
-40.94740
-40.94716
-40.94689
-40.94660
-40.94629
-40.94595
-40.94559
-40.94520
-40.94480
-40.94436
-40.94390
-40.94342
-40.94291
-40.94237
-40.94181
-40.94123
-40.94061
-40.93997
-40.93931
-40.93862
-40.93790
-40.93716
-40.93639
-40.93559
-40.93477
-40.93392
-40.93305
-40.93215
-40.93122
-40.93026
-40.92928
-40.92827
-40.92724
-40.92618
-40.92509
-40.92398
-40.92284
-40.92167
-40.92048
-40.91926
-40.91801
-40.91674
-40.91544
-40.91412
-40.91277
-40.91140
-40.91000
-40.90858
-40.90713
-40.90565
-40.90415
-40.90263
-40.90107
-40.89950
-40.89790
-40.89628
-40.89463
-40.89296
-40.89126
-40.88954
-40.88780
-40.88603
-40.88424
-40.88242
-40.88059
-40.87873
-40.87684
-40.87494
-40.87301
-40.87106
-40.86909
-40.86709
-40.86508
-40.86304
-40.86098
-40.85890
-40.85680
-40.85467
-40.85253
-40.85036
-40.84818
-40.84597
-40.84375
-40.84150
-40.83923
-40.83695
-40.83464
-40.83232
-40.82998
-40.82761
-40.82523
-40.82283
-40.82041
-40.81798
-40.81552
-40.81305
-40.81056
-40.80805
-40.80552
-40.80298
-40.80042
-40.79784
-40.79525
-40.79263
-40.79001
-40.78736
-40.78470
-40.78203
-40.77933
-40.77663
-40.77390
-40.77116
-40.76841
-40.76564
-40.76285
-40.76006
-40.75724
-40.75441
-40.75157
-40.74871
-40.74584
-40.74296
-40.74006
-40.73715
-40.73422
-40.73128
-40.72833
-40.72536
-40.72238
-40.71939
-40.71639
-40.71337
-40.71034
-40.70730
-40.70425
-40.70118
-40.69811
-40.69502
-40.69192
-40.68881
-40.68568
-40.68255
-40.67940
-40.67625
-40.67308
-40.66990
-40.66671
-40.66351
-40.66030
-40.65708
-40.65385
-40.65061
-40.64737
-40.64411
-40.64084
-40.63756
-40.63427
-40.63097
-40.62767
-40.62435
-40.62102
-40.61769
-40.61435
-40.61100
-40.60764
-40.60427
-40.60089
-40.59751
-40.59411
-40.59071
-40.58730
-40.58388
-40.58046
-40.57703
-40.57359
-40.57014
-40.56668
-40.56322
-40.55975
-40.55627
-40.55279
-40.54929
-40.54579
-40.54229
-40.53878
-40.53526
-40.53173
-40.52820
-40.52466
-40.52112
-40.51756
-40.51401
-40.51044
-40.50687
-40.50330
-40.49971
-40.49613
-40.49253
-40.48893
-40.48533
-40.48172
-40.47810
-40.47448
-40.47085
-40.46722
-40.46358
-40.45994
-40.45629
-40.45264
-40.44898
-40.44532
-40.44165
-40.43797
-40.43430
-40.43061
-40.42693
-40.42324
-40.41954
-40.41584
-40.41213
-40.40842
-40.40471
-40.40099
-40.39727
-40.39354
-40.38981
-40.38608
-40.38234
-40.37860
-40.37485
-40.37110
-40.36734
-40.36359
-40.35982
-40.35606
-40.35229
-40.34852
-40.34474
-40.34096
-40.33718
-40.33339
-40.32960
-40.32580
-40.32201
-40.31821
-40.31440
-40.31060
-40.30679
-40.30297
-40.29916
-40.29534
-40.29152
-40.28769
-40.28386
-40.28003
-40.27620
-40.27236
-40.26852
-40.26468
-40.26084
-40.25699
-40.25314
-40.24928
-40.24543
-40.24157
-40.23771
-40.23385
-40.22998
-40.22611
-40.22224
-40.21837
-40.21449
-40.21062
-40.20674
-40.20286
-40.19897
-40.19508
-40.19120
-40.18730
-40.18341
-40.17952
-40.17562
-40.17172
-40.16782
-40.16391
-40.16001
-40.15610
-40.15219
-40.14828
-40.14437
-40.14045
-40.13653
-40.13261
-40.12869
-40.12477
-40.12085
-40.11692
-40.11299
-40.10906
-40.10513
-40.10120
-40.09726
-40.09333
-40.08939
-40.08545
-40.08151
-40.07756
-40.07362
-40.06967
-40.06573
-40.06178
-40.05783
-40.05387
-40.04992
-40.04597
-40.04201
-40.03805
-40.03409
-40.03013
-40.02617
-40.02221
-40.01824
-40.01428
-40.01031
-40.00634
-40.00237
-39.99840
-39.99443
-39.99045
-39.98648
-39.98250
-39.97852
-39.97454
-39.97057
-39.96658
-39.96260
-39.95862
-39.95463
-39.95065
-39.94666
-39.94267
-39.93869
-39.93470
-39.93070
-39.92671
-39.92272
-39.91872
-39.91473
-39.91073
-39.90674
-39.90274
-39.89874
-39.89474
-39.89074
-39.88673
-39.88273
-39.87873
-39.87472
-39.87072
-39.86671
-39.86270
-39.85869
-39.85468
-39.85067
-39.84666
-39.84265
-39.83864
-39.83462
-39.83061
-39.82659
-39.82257
-39.81856
-39.81454
-39.81052
-39.80650
-39.80248
-39.79846
-39.79444
-39.79041
-39.78639
-39.78236
-39.77834
-39.77431
-39.77029
-39.76626
-39.76223
-39.75820
-39.75417
-39.75014
-39.74611
-39.74208
-39.73804
-39.73401
-39.72998
-39.72594
-39.72191
-39.71787
-39.71383
-39.70979
-39.70576
-39.70172
-39.69768
-39.69364
-39.68960
-39.68555
-39.68151
-39.67747
-39.67343
-39.66938
-39.66534
-39.66129
-39.65725
-39.65320
-39.64915
-39.64510
-39.64106
-39.63701
-39.63296
-39.62891
-39.62486
-39.62080
-39.61675
-39.61270
-39.60865
-39.60459
-39.60054
-39.59648
-39.59243
-39.58837
-39.58432
-39.58026
-39.57620
-39.57214
-39.56808
-39.56403
-39.55997
-39.55590
-39.55184
-39.54778
-39.54372
-39.53966
-39.53559
-39.53153
-39.52747
-39.52340
-39.51934
-39.51527
-39.51121
-39.50714
-39.50307
-39.49900
-39.49494
-39.49087
-39.48680
-39.48273
-39.47866
-39.47459
-39.47052
-39.46645
-39.46237
-39.45830
-39.45423
-39.45015
-39.44608
-39.44201
-39.43793
-39.43386
-39.42978
-39.42570
-39.42163
-39.41755
-39.41347
-39.40939
-39.40531
-39.40124
-39.39716
-39.39308
-39.38899
-39.38491
-39.38083
-39.37675
-39.37267
-39.36859
-39.36450
-39.36042
-39.35633
-39.35225
-39.34816
-39.34408
-39.33999
-39.33591
-39.33182
-39.32773
-39.32365
-39.31956
-39.31547
-39.31138
-39.30729
-39.30320
-39.29911
-39.29502
-39.29093
-39.28684
-39.28275
-39.27865
-39.27456
-39.27047
-39.26637
-39.26228
-39.25819
-39.25409
-39.25000
-39.24590
-39.24180
-39.23771
-39.23361
-39.22951
-39.22541
-39.22132
-39.21722
-39.21312
-39.20902
-39.20492
-39.20082
-39.19672
-39.19262
-39.18852
-39.18441
-39.18031
-39.17621
-39.17211
-39.16800
-39.16390
-39.15980
-39.15569
-39.15159
-39.14748
-39.14337
-39.13927
-39.13516
-39.13105
-39.12695
-39.12284
-39.11873
-39.11462
-39.11051
-39.10640
-39.10229
-39.09818
-39.09407
-39.08996
-39.08585
-39.08174
-39.07763
-39.07351
-39.06940
-39.06529
-39.06117
-39.05706
-39.05295
-39.04883
-39.04472
-39.04060
-39.03648
-39.03237
-39.02825
-39.02413
-39.02002
-39.01590
-39.01178
-39.00766
-39.00354
-38.99942
-38.99530
-38.99118
-38.98706
-38.98294
-38.97882
-38.97470
-38.97058
-38.96645
-38.96233
-38.95821
-38.95408
-38.94996
-38.94583
-38.94171
-38.93758
-38.93346
-38.92933
-38.92521
-38.92108
-38.91695
-38.91282
-38.90870
-38.90457
-38.90044
-38.89631
-38.89218
-38.88805
-38.88392
-38.87979
-38.87566
-38.87153
-38.86740
-38.86326
-38.85913
-38.85500
-38.85087
-38.84673
-38.84260
-38.83846
-38.83433
-38.83019
-38.82606
-38.82192
-38.81779
-38.81365
-38.80951
-38.80538
-38.80124
-38.79710
-38.79296
-38.78882
-38.78468
-38.78055
-38.77641
-38.77227
-38.76812
-38.76398
-38.75984
-38.75570
-38.75156
-38.74742
-38.74327
-38.73913
-38.73499
-38.73084
-38.72670
-38.72255
-38.71841
-38.71426
-38.71012
-38.70597
-38.70182
-38.69768
-38.69353
-38.68938
-38.68523
-38.68108
-38.67694
-38.67279
-38.66864
-38.66449
-38.66034
-38.65619
-38.65204
-38.64788
-38.64373
-38.63958
-38.63543
-38.63127
-38.62712
-38.62297
-38.61881
-38.61466
-38.61050
-38.60635
-38.60219
-38.59804
-38.59388
-38.58972
-38.58557
-38.58141
-38.57725
-38.57309
-38.56894
-38.56478
-38.56062
-38.55646
-38.55230
-38.54814
-38.54398
-38.53982
-38.53565
-38.53149
-38.52733
-38.52317
-38.51900
-38.51484
-38.51068
-38.50651
-38.50235
-38.49818
-38.49402
-38.48985
-38.48569
-38.48152
-38.47735
-38.47319
-38.46902
-38.46485
-38.46068
-38.45652
-38.45235
-38.44818
-38.44401
-38.43984
-38.43567
-38.43150
-38.42733
-38.42315
-38.41898
-38.41481
-38.41064
-38.40646
-38.40229
-38.39812
-38.39394
-38.38977
-38.38559
-38.38142
-38.37724
-38.37307
-38.36889
-38.36471
-38.36054
-38.35636
-38.35218
-38.34800
-38.34383
-38.33965
-38.33547
-38.33129
-38.32711
-38.32293
-38.31875
-38.31457
-38.31038
-38.30620
-38.30202
-38.29784
-38.29365
-38.28947
-38.28529
-38.28110
-38.27692
-38.27273
-38.26855
-38.26436
-38.26018
-38.25599
-38.25180
-38.24762
-38.24343
-38.23924
-38.23505
-38.23086
-38.22668
-38.22249
-38.21830
-38.21411
-38.20992
-38.20573
-38.20153
-38.19734
-38.19315
-38.18896
-38.18477
-38.18057
-38.17638
-38.17219
-38.16799
-38.16380
-38.15960
-38.15541
-38.15121
-38.14701
-38.14282
-38.13862
-38.13442
-38.13023
-38.12603
-38.12183
-38.11763
-38.11343
-38.10923
-38.10503
-38.10083
-38.09663
-38.09243
-38.08823
-38.08403
-38.07983
-38.07562
-38.07142
-38.06722
-38.06302
-38.05881
-38.05461
-38.05040
-38.04620
-38.04199
-38.03779
-38.03358
-38.02937
-38.02517
-38.02096
-38.01675
-38.01254
-38.00834
-38.00413
-37.99992
-37.99571
-37.99150
-37.98729
-37.98308
-37.97887
-37.97465
-37.97044
-37.96623
-37.96202
-37.95780
-37.95359
-37.94938
-37.94516
-37.94095
-37.93673
-37.93252
-37.92830
-37.92409
-37.91987
-37.91566
-37.91144
-37.90722
-37.90300
-37.89878
-37.89457
-37.89035
-37.88613
-37.88191
-37.87769
-37.87347
-37.86925
-37.86503
-37.86080
-37.85658
-37.85236
-37.84814
-37.84391
-37.83969
-37.83547
-37.83124
-37.82702
-37.82279
-37.81857
-37.81434
-37.81012
-37.80589
-37.80166
-37.79744
-37.79321
-37.78898
-37.78475
-37.78052
-37.77629
-37.77206
-37.76783
-37.76360
-37.75937
-37.75514
-37.75091
-37.74668
-37.74245
-37.73821
-37.73398
-37.72975
-37.72551
-37.72128
-37.71705
-37.71281
-37.70858
-37.70434
-37.70010
-37.69587
-37.69163
-37.68739
-37.68316
-37.67892
-37.67468
-37.67044
-37.66620
-37.66196
-37.65772
-37.65348
-37.64924
-37.64500
-37.64076
-37.63652
-37.63228
-37.62803
-37.62379
-37.61955
-37.61531
-37.61106
-37.60682
-37.60257
-37.59833
-37.59408
-37.58984
-37.58559
-37.58134
-37.57710
-37.57285
-37.56860
-37.56435
-37.56010
-37.55586
-37.55161
-37.54736
-37.54311
-37.53886
-37.53461
-37.53035
-37.52610
-37.52185
-37.51760
-37.51335
-37.50909
-37.50484
-37.50058
-37.49633
-37.49208
-37.48782
-37.48357
-37.47931
-37.47505
-37.47080
-37.46654
-37.46228
-37.45803
-37.45377
-37.44951
-37.44525
-37.44099
-37.43673
-37.43247
-37.42821
-37.42395
-37.41969
-37.41543
-37.41117
-37.40690
-37.40264
-37.39838
-37.39411
-37.38985
-37.38559
-37.38132
-37.37706
-37.37279
-37.36852
-37.36426
-37.35999
-37.35573
-37.35146
-37.34719
-37.34292
-37.33865
-37.33438
-37.33012
-37.32585
-37.32158
-37.31731
-37.31303
-37.30876
-37.30449
-37.30022
-37.29595
-37.29168
-37.28740
-37.28313
-37.27885
-37.27458
-37.27031
-37.26603
-37.26176
-37.25748
-37.25320
-37.24893
-37.24465
-37.24037
-37.23609
-37.23182
-37.22754
-37.22326
-37.21898
-37.21470
-37.21042
-37.20614
-37.20186
-37.19758
-37.19330
-37.18901
-37.18473
-37.18045
-37.17617
-37.17188
-37.16760
-37.16331
-37.15903
-37.15474
-37.15046
-37.14617
-37.14189
-37.13760
-37.13331
-37.12903
-37.12474
-37.12045
-37.11616
-37.11187
-37.10758
-37.10329
-37.09900
-37.09471
-37.09042
-37.08613
-37.08184
-37.07755
-37.07325
-37.06896
-37.06467
-37.06037
-37.05608
-37.05179
-37.04749
-37.04320
-37.03890
-37.03460
-37.03031
-37.02601
-37.02171
-37.01742
-37.01312
-37.00882
-37.00452
-37.00022
-36.99592
-36.99162
-36.98732
-36.98302
-36.97872
-36.97442
-36.97012
-36.96582
-36.96151
-36.95721
-36.95291
-36.94860
-36.94430
-36.93999
-36.93569
-36.93138
-36.92708
-36.92277
-36.91847
-36.91416
-36.90985
-36.90554
-36.90124
-36.89693
-36.89262
-36.88831
-36.88400
-36.87969
-36.87538
-36.87107
-36.86676
-36.86244
-36.85813
-36.85382
-36.84951
-36.84519
-36.84088
-36.83657
-36.83225
-36.82794
-36.82362
-36.81931
-36.81499
-36.81067
-36.80636
-36.80204
-36.79772
-36.79340
-36.78909
-36.78477
-36.78045
-36.77613
-36.77181
-36.76749
-36.76317
-36.75885
-36.75453
-36.75020
-36.74588
-36.74156
-36.73724
-36.73291
-36.72859
-36.72426
-36.71994
-36.71561
-36.71129
-36.70696
-36.70264
-36.69831
-36.69398
-36.68966
-36.68533
-36.68100
-36.67667
-36.67234
-36.66801
-36.66368
-36.65935
-36.65502
-36.65069
-36.64636
-36.64203
-36.63770
-36.63336
-36.62903
-36.62470
-36.62036
-36.61603
-36.61170
-36.60736
-36.60302
-36.59869
-36.59435
-36.59002
-36.58568
-36.58134
-36.57700
-36.57267
-36.56833
-36.56399
-36.55965
-36.55531
-36.55097
-36.54663
-36.54229
-36.53795
-36.53361
-36.52926
-36.52492
-36.52058
-36.51623
-36.51189
-36.50755
-36.50320
-36.49886
-36.49451
-36.49017
-36.48582
-36.48147
-36.47713
-36.47278
-36.46843
-36.46408
-36.45974
-36.45539
-36.45104
-36.44669
-36.44234
-36.43799
-36.43364
-36.42929
-36.42493
-36.42058
-36.41623
-36.41188
-36.40752
-36.40317
-36.39882
-36.39446
-36.39011
-36.38575
-36.38139
-36.37704
-36.37268
-36.36833
-36.36397
-36.35961
-36.35525
-36.35089
-36.34654
-36.34218
-36.33782
-36.33346
-36.32910
-36.32473
-36.32037
-36.31601
-36.31165
-36.30729
-36.30292
-36.29856
-36.29420
-36.28983
-36.28547
-36.28110
-36.27674
-36.27237
-36.26801
-36.26364
-36.25927
-36.25491
-36.25054
-36.24617
-36.24180
-36.23743
-36.23306
-36.22869
-36.22432
-36.21995
-36.21558
-36.21121
-36.20684
-36.20247
-36.19809
-36.19372
-36.18935
-36.18497
-36.18060
-36.17623
-36.17185
-36.16747
-36.16310
-36.15872
-36.15435
-36.14997
-36.14559
-36.14121
-36.13684
-36.13246
-36.12808
-36.12370
-36.11932
-36.11494
-36.11056
-36.10618
-36.10180
-36.09741
-36.09303
-36.08865
-36.08427
-36.07988
-36.07550
-36.07111
-36.06673
-36.06234
-36.05796
-36.05357
-36.04919
-36.04480
-36.04041
-36.03602
-36.03164
-36.02725
-36.02286
-36.01847
-36.01408
-36.00969
-36.00530
-36.00091
-35.99652
-35.99213
-35.98773
-35.98334
-35.97895
-35.97456
-35.97016
-35.96577
-35.96137
-35.95698
-35.95258
-35.94819
-35.94379
-35.93940
-35.93500
-35.93060
-35.92620
-35.92181
-35.91741
-35.91301
-35.90861
-35.90421
-35.89981
-35.89541
-35.89101
-35.88661
-35.88220
-35.87780
-35.87340
-35.86900
-35.86459
-35.86019
-35.85578
-35.85138
-35.84697
-35.84257
-35.83816
-35.83376
-35.82935
-35.82494
-35.82054
-35.81613
-35.81172
-35.80731
-35.80290
-35.79849
-35.79408
-35.78967
-35.78526
-35.78085
-35.77644
-35.77203
-35.76761
-35.76320
-35.75879
-35.75437
-35.74996
-35.74554
-35.74113
-35.73671
-35.73230
-35.72788
-35.72347
-35.71905
-35.71463
-35.71021
-35.70580
-35.70138
-35.69696
-35.69254
-35.68812
-35.68370
-35.67928
-35.67486
-35.67043
-35.66601
-35.66159
-35.65717
-35.65274
-35.64832
-35.64390
-35.63947
-35.63505
-35.63062
-35.62620
-35.62177
-35.61734
-35.61292
-35.60849
-35.60406
-35.59963
-35.59521
-35.59078
-35.58635
-35.58192
-35.57749
-35.57306
-35.56863
-35.56419
-35.55976
-35.55533
-35.55090
-35.54646
-35.54203
-35.53760
-35.53316
-35.52873
-35.52429
-35.51986
-35.51542
-35.51098
-35.50655
-35.50211
-35.49767
-35.49323
-35.48880
-35.48436
-35.47992
-35.47548
-35.47104
-35.46660
-35.46216
-35.45771
-35.45327
-35.44883
-35.44439
-35.43994
-35.43550
-35.43106
-35.42661
-35.42217
-35.41772
-35.41328
-35.40883
-35.40438
-35.39994
-35.39549
-35.39104
-35.38659
-35.38215
-35.37770
-35.37325
-35.36880
-35.36435
-35.35990
-35.35545
-35.35100
-35.34654
-35.34209
-35.33764
-35.33319
-35.32873
-35.32428
-35.31982
-35.31537
-35.31091
-35.30646
-35.30200
-35.29755
-35.29309
-35.28863
-35.28417
-35.27972
-35.27526
-35.27080
-35.26634
-35.26188
-35.25742
-35.25296
-35.24850
-35.24404
-35.23957
-35.23511
-35.23065
-35.22619
-35.22172
-35.21726
-35.21279
-35.20833
-35.20386
-35.19940
-35.19493
-35.19046
-35.18600
-35.18153
-35.17706
-35.17259
-35.16813
-35.16366
-35.15919
-35.15472
-35.15025
-35.14578
-35.14130
-35.13683
-35.13236
-35.12789
-35.12342
-35.11894
-35.11447
-35.10999
-35.10552
-35.10105
-35.09657
-35.09209
-35.08762
-35.08314
-35.07866
-35.07419
-35.06971
-35.06523
-35.06075
-35.05627
-35.05179
-35.04731
-35.04283
-35.03835
-35.03387
-35.02939
-35.02491
-35.02042
-35.01594
-35.01146
-35.00697
-35.00249
-34.99800
-34.99352
-34.98903
-34.98455
-34.98006
-34.97557
-34.97109
-34.96660
-34.96211
-34.95762
-34.95313
-34.94864
-34.94416
-34.93966
-34.93517
-34.93068
-34.92619
-34.92170
-34.91721
-34.91271
-34.90822
-34.90373
-34.89923
-34.89474
-34.89024
-34.88575
-34.88125
-34.87676
-34.87226
-34.86776
-34.86327
-34.85877
-34.85427
-34.84977
-34.84527
-34.84077
-34.83627
-34.83177
-34.82727
-34.82277
-34.81827
-34.81377
-34.80926
-34.80476
-34.80026
-34.79575
-34.79125
-34.78674
-34.78224
-34.77773
-34.77323
-34.76872
-34.76421
-34.75971
-34.75520
-34.75069
-34.74618
-34.74167
-34.73716
-34.73265
-34.72814
-34.72363
-34.71912
-34.71461
-34.71010
-34.70559
-34.70107
-34.69656
-34.69205
-34.68753
-34.68302
-34.67850
-34.67399
-34.66947
-34.66495
-34.66044
-34.65592
-34.65140
-34.64689
-34.64237
-34.63785
-34.63333
-34.62881
-34.62429
-34.61977
-34.61525
-34.61073
-34.60620
-34.60168
-34.59716
-34.59264
-34.58811
-34.58359
-34.57906
-34.57454
-34.57001
-34.56549
-34.56096
-34.55643
-34.55191
-34.54738
-34.54285
-34.53832
-34.53379
-34.52927
-34.52474
-34.52021
-34.51568
-34.51114
-34.50661
-34.50208
-34.49755
-34.49302
-34.48848
-34.48395
-34.47942
-34.47488
-34.47035
-34.46581
-34.46127
-34.45674
-34.45220
-34.44767
-34.44313
-34.43859
-34.43405
-34.42951
-34.42497
-34.42043
-34.41589
-34.41135
-34.40681
-34.40227
-34.39773
-34.39319
-34.38864
-34.38410
-34.37956
-34.37501
-34.37047
-34.36592
-34.36138
-34.35683
-34.35229
-34.34774
-34.34319
-34.33865
-34.33410
-34.32955
-34.32500
-34.32045
-34.31590
-34.31135
-34.30680
-34.30225
-34.29770
-34.29315
-34.28860
-34.28404
-34.27949
-34.27494
-34.27038
-34.26583
-34.26127
-34.25672
-34.25216
-34.24761
-34.24305
-34.23849
-34.23393
-34.22938
-34.22482
-34.22026
-34.21570
-34.21114
-34.20658
-34.20202
-34.19746
-34.19290
-34.18833
-34.18377
-34.17921
-34.17465
-34.17008
-34.16552
-34.16095
-34.15639
-34.15182
-34.14726
-34.14269
-34.13813
-34.13356
-34.12899
-34.12442
-34.11985
-34.11528
-34.11072
-34.10615
-34.10158
-34.09700
-34.09243
-34.08786
-34.08329
-34.07872
-34.07414
-34.06957
-34.06500
-34.06042
-34.05585
-34.05127
-34.04670
-34.04212
-34.03755
-34.03297
-34.02839
-34.02381
-34.01924
-34.01466
-34.01008
-34.00550
-34.00092
-33.99634
-33.99176
-33.98718
-33.98259
-33.97801
-33.97343
-33.96885
-33.96426
-33.95968
-33.95510
-33.95051
-33.94593
-33.94134
-33.93675
-33.93217
-33.92758
-33.92299
-33.91840
-33.91382
-33.90923
-33.90464
-33.90005
-33.89546
-33.89087
-33.88628
-33.88169
-33.87709
-33.87250
-33.86791
-33.86331
-33.85872
-33.85413
-33.84953
-33.84494
-33.84034
-33.83575
-33.83115
-33.82655
-33.82196
-33.81736
-33.81276
-33.80816
-33.80356
-33.79896
-33.79436
-33.78976
-33.78516
-33.78056
-33.77596
-33.77136
-33.76675
-33.76215
-33.75755
-33.75294
-33.74834
-33.74373
-33.73913
-33.73452
-33.72992
-33.72531
-33.72070
-33.71610
-33.71149
-33.70688
-33.70227
-33.69766
-33.69305
-33.68844
-33.68383
-33.67922
-33.67461
-33.67000
-33.66538
-33.66077
-33.65616
-33.65154
-33.64693
-33.64232
-33.63770
-33.63308
-33.62847
-33.62385
-33.61924
-33.61462
-33.61000
-33.60538
-33.60076
-33.59614
-33.59152
-33.58690
-33.58228
-33.57766
-33.57304
-33.56842
-33.56380
-33.55917
-33.55455
-33.54993
-33.54530
-33.54068
-33.53605
-33.53143
-33.52680
-33.52218
-33.51755
-33.51292
-33.50829
-33.50367
-33.49904
-33.49441
-33.48978
-33.48515
-33.48052
-33.47589
-33.47126
-33.46663
-33.46199
-33.45736
-33.45273
-33.44809
-33.44346
-33.43883
-33.43419
-33.42955
-33.42492
-33.42028
-33.41565
-33.41101
-33.40637
-33.40173
-33.39709
-33.39246
-33.38782
-33.38318
-33.37854
-33.37390
-33.36925
-33.36461
-33.35997
-33.35533
-33.35068
-33.34604
-33.34140
-33.33675
-33.33211
-33.32746
-33.32282
-33.31817
-33.31352
-33.30888
-33.30423
-33.29958
-33.29493
-33.29028
-33.28563
-33.28098
-33.27633
-33.27168
-33.26703
-33.26238
-33.25773
-33.25307
-33.24842
-33.24377
-33.23911
-33.23446
-33.22980
-33.22515
-33.22049
-33.21584
-33.21118
-33.20652
-33.20187
-33.19721
-33.19255
-33.18789
-33.18323
-33.17857
-33.17391
-33.16925
-33.16459
-33.15993
-33.15526
-33.15060
-33.14594
-33.14127
-33.13661
-33.13195
-33.12728
-33.12262
-33.11795
-33.11328
-33.10862
-33.10395
-33.09928
-33.09461
-33.08994
-33.08528
-33.08061
-33.07594
-33.07127
-33.06659
-33.06192
-33.05725
-33.05258
-33.04791
-33.04323
-33.03856
-33.03389
-33.02921
-33.02454
-33.01986
-33.01518
-33.01051
-33.00583
-33.00115
-32.99648
-32.99180
-32.98712
-32.98244
-32.97776
-32.97308
-32.96840
-32.96372
-32.95904
-32.95435
-32.94967
-32.94499
-32.94031
-32.93562
-32.93094
-32.92625
-32.92157
-32.91688
-32.91220
-32.90751
-32.90282
-32.89813
-32.89345
-32.88876
-32.88407
-32.87938
-32.87469
-32.87000
-32.86531
-32.86062
-32.85593
-32.85123
-32.84654
-32.84185
-32.83716
-32.83246
-32.82777
-32.82307
-32.81838
-32.81368
-32.80898
-32.80429
-32.79959
-32.79489
-32.79019
-32.78550
-32.78080
-32.77610
-32.77140
-32.76670
-32.76200
-32.75729
-32.75259
-32.74789
-32.74319
-32.73848
-32.73378
-32.72908
-32.72437
-32.71967
-32.71496
-32.71025
-32.70555
-32.70084
-32.69613
-32.69143
-32.68672
-32.68201
-32.67730
-32.67259
-32.66788
-32.66317
-32.65846
-32.65374
-32.64903
-32.64432
-32.63961
-32.63489
-32.63018
-32.62547
-32.62075
-32.61603
-32.61132
-32.60660
-32.60189
-32.59717
-32.59245
-32.58773
-32.58301
-32.57829
-32.57357
-32.56885
-32.56413
-32.55941
-32.55469
-32.54997
-32.54525
-32.54052
-32.53580
-32.53108
-32.52635
-32.52163
-32.51690
-32.51218
-32.50745
-32.50272
-32.49800
-32.49327
-32.48854
-32.48381
-32.47908
-32.47435
-32.46962
-32.46489
-32.46016
-32.45543
-32.45070
-32.44597
-32.44123
-32.43650
-32.43177
-32.42703
-32.42230
-32.41756
-32.41283
-32.40809
-32.40336
-32.39862
-32.39388
-32.38914
-32.38440
-32.37967
-32.37493
-32.37019
-32.36545
-32.36071
-32.35596
-32.35122
-32.34648
-32.34174
-32.33699
-32.33225
-32.32751
-32.32276
-32.31802
-32.31327
-32.30853
-32.30378
-32.29903
-32.29428
-32.28954
-32.28479
-32.28004
-32.27529
-32.27054
-32.26579
-32.26104
-32.25629
-32.25154
-32.24678
-32.24203
-32.23728
-32.23252
-32.22777
-32.22302
-32.21826
-32.21351
-32.20875
-32.20399
-32.19924
-32.19448
-32.18972
-32.18496
-32.18020
-32.17544
-32.17068
-32.16592
-32.16116
-32.15640
-32.15164
-32.14688
-32.14212
-32.13735
-32.13259
-32.12782
-32.12306
-32.11830
-32.11353
-32.10876
-32.10400
-32.09923
-32.09446
-32.08969
-32.08493
-32.08016
-32.07539
-32.07062
-32.06585
-32.06108
-32.05631
-32.05153
-32.04676
-32.04199
-32.03722
-32.03244
-32.02767
-32.02289
-32.01812
-32.01334
-32.00857
-32.00379
-31.99901
-31.99424
-31.98946
-31.98468
-31.97990
-31.97512
-31.97034
-31.96556
-31.96078
-31.95600
-31.95122
-31.94644
-31.94165
-31.93687
-31.93209
-31.92730
-31.92252
-31.91773
-31.91295
-31.90816
-31.90337
-31.89859
-31.89380
-31.88901
-31.88422
-31.87943
-31.87464
-31.86985
-31.86506
-31.86027
-31.85548
-31.85069
-31.84590
-31.84110
-31.83631
-31.83152
-31.82672
-31.82193
-31.81713
-31.81234
-31.80754
-31.80274
-31.79795
-31.79315
-31.78835
-31.78355
-31.77875
-31.77395
-31.76915
-31.76435
-31.75955
-31.75475
-31.74995
-31.74514
-31.74034
-31.73554
-31.73073
-31.72593
-31.72112
-31.71632
-31.71151
-31.70671
-31.70190
-31.69709
-31.69228
-31.68748
-31.68267
-31.67786
-31.67305
-31.66824
-31.66343
-31.65862
-31.65380
-31.64899
-31.64418
-31.63937
-31.63455
-31.62974
-31.62492
-31.62011
-31.61529
-31.61048
-31.60566
-31.60084
-31.59602
-31.59121
-31.58639
-31.58157
-31.57675
-31.57193
-31.56711
-31.56229
-31.55747
-31.55264
-31.54782
-31.54300
-31.53817
-31.53335
-31.52853
-31.52370
-31.51888
-31.51405
-31.50922
-31.50440
-31.49957
-31.49474
-31.48991
-31.48508
-31.48025
-31.47542
-31.47059
-31.46576
-31.46093
-31.45610
-31.45127
-31.44644
-31.44160
-31.43677
-31.43193
-31.42710
-31.42226
-31.41743
-31.41259
-31.40776
-31.40292
-31.39808
-31.39324
-31.38840
-31.38356
-31.37872
-31.37388
-31.36904
-31.36420
-31.35936
-31.35452
-31.34968
-31.34483
-31.33999
-31.33515
-31.33030
-31.32546
-31.32061
-31.31576
-31.31092
-31.30607
-31.30122
-31.29637
-31.29153
-31.28668
-31.28183
-31.27698
-31.27213
-31.26728
-31.26242
-31.25757
-31.25272
-31.24787
-31.24301
-31.23816
-31.23330
-31.22845
-31.22359
-31.21874
-31.21388
-31.20903
-31.20417
-31.19931
-31.19445
-31.18959
-31.18473
-31.17987
-31.17501
-31.17015
-31.16529
-31.16043
-31.15557
-31.15070
-31.14584
-31.14098
-31.13611
-31.13125
-31.12638
-31.12152
-31.11665
-31.11178
-31.10691
-31.10205
-31.09718
-31.09231
-31.08744
-31.08257
-31.07770
-31.07283
-31.06796
-31.06309
-31.05821
-31.05334
-31.04847
-31.04359
-31.03872
-31.03384
-31.02897
-31.02409
-31.01922
-31.01434
-31.00946
-31.00458
-30.99971
-30.99483
-30.98995
-30.98507
-30.98019
-30.97531
-30.97043
-30.96554
-30.96066
-30.95578
-30.95089
-30.94601
-30.94113
-30.93624
-30.93136
-30.92647
-30.92158
-30.91670
-30.91181
-30.90692
-30.90203
-30.89714
-30.89226
-30.88737
-30.88248
-30.87758
-30.87269
-30.86780
-30.86291
-30.85802
-30.85312
-30.84823
-30.84333
-30.83844
-30.83354
-30.82865
-30.82375
-30.81885
-30.81396
-30.80906
-30.80416
-30.79926
-30.79436
-30.78946
-30.78456
-30.77966
-30.77476
-30.76986
-30.76496
-30.76005
-30.75515
-30.75024
-30.74534
-30.74044
-30.73553
-30.73062
-30.72572
-30.72081
-30.71590
-30.71099
-30.70609
-30.70118
-30.69627
-30.69136
-30.68645
-30.68154
-30.67662
-30.67171
-30.66680
-30.66189
-30.65697
-30.65206
-30.64714
-30.64223
-30.63731
-30.63240
-30.62748
-30.62256
-30.61765
-30.61273
-30.60781
-30.60289
-30.59797
-30.59305
-30.58813
-30.58321
-30.57829
-30.57336
-30.56844
-30.56352
-30.55859
-30.55367
-30.54875
-30.54382
-30.53889
-30.53397
-30.52904
-30.52411
-30.51919
-30.51426
-30.50933
-30.50440
-30.49947
-30.49454
-30.48961
-30.48468
-30.47975
-30.47481
-30.46988
-30.46495
-30.46001
-30.45508
-30.45014
-30.44521
-30.44027
-30.43534
-30.43040
-30.42546
-30.42052
-30.41558
-30.41065
-30.40571
-30.40077
-30.39583
-30.39088
-30.38594
-30.38100
-30.37606
-30.37111
-30.36617
-30.36123
-30.35628
-30.35134
-30.34639
-30.34144
-30.33650
-30.33155
-30.32660
-30.32165
-30.31671
-30.31176
-30.30681
-30.30186
-30.29691
-30.29195
-30.28700
-30.28205
-30.27710
-30.27214
-30.26719
-30.26223
-30.25728
-30.25232
-30.24737
-30.24241
-30.23745
-30.23250
-30.22754
-30.22258
-30.21762
-30.21266
-30.20770
-30.20274
-30.19778
-30.19282
-30.18786
-30.18289
-30.17793
-30.17297
-30.16800
-30.16304
-30.15807
-30.15311
-30.14814
-30.14317
-30.13821
-30.13324
-30.12827
-30.12330
-30.11833
-30.11336
-30.10839
-30.10342
-30.09845
-30.09348
-30.08850
-30.08353
-30.07856
-30.07358
-30.06861
-30.06363
-30.05866
-30.05368
-30.04870
-30.04373
-30.03875
-30.03377
-30.02879
-30.02381
-30.01883
-30.01385
-30.00887
-30.00389
-29.99891
-29.99393
-29.98894
-29.98396
-29.97898
-29.97399
-29.96901
-29.96402
-29.95903
-29.95405
-29.94906
-29.94407
-29.93908
-29.93410
-29.92911
-29.92412
-29.91913
-29.91414
-29.90914
-29.90415
-29.89916
-29.89417
-29.88917
-29.88418
-29.87919
-29.87419
-29.86920
-29.86420
-29.85920
-29.85421
-29.84921
-29.84421
-29.83921
-29.83421
-29.82921
-29.82421
-29.81921
-29.81421
-29.80921
-29.80421
-29.79920
-29.79420
-29.78920
-29.78419
-29.77919
-29.77418
-29.76918
-29.76417
-29.75916
-29.75415
-29.74915
-29.74414
-29.73913
-29.73412
-29.72911
-29.72410
-29.71909
-29.71408
-29.70906
-29.70405
-29.69904
-29.69402
-29.68901
-29.68399
-29.67898
-29.67396
-29.66895
-29.66393
-29.65891
-29.65389
-29.64887
-29.64386
-29.63884
-29.63382
-29.62879
-29.62377
-29.61875
-29.61373
-29.60871
-29.60368
-29.59866
-29.59363
-29.58861
-29.58358
-29.57856
-29.57353
-29.56850
-29.56348
-29.55845
-29.55342
-29.54839
-29.54336
-29.53833
-29.53330
-29.52827
-29.52324
-29.51820
-29.51317
-29.50814
-29.50310
-29.49807
-29.49303
-29.48800
-29.48296
-29.47793
-29.47289
-29.46785
-29.46281
-29.45777
-29.45274
-29.44770
-29.44265
-29.43761
-29.43257
-29.42753
-29.42249
-29.41744
-29.41240
-29.40736
-29.40231
-29.39727
-29.39222
-29.38718
-29.38213
-29.37708
-29.37203
-29.36699
-29.36194
-29.35689
-29.35184
-29.34679
-29.34174
-29.33668
-29.33163
-29.32658
-29.32153
-29.31647
-29.31142
-29.30636
-29.30131
-29.29625
-29.29120
-29.28614
-29.28108
-29.27602
-29.27096
-29.26591
-29.26085
-29.25579
-29.25072
-29.24566
-29.24060
-29.23554
-29.23048
-29.22541
-29.22035
-29.21529
-29.21022
-29.20515
-29.20009
-29.19502
-29.18995
-29.18489
-29.17982
-29.17475
-29.16968
-29.16461
-29.15954
-29.15447
-29.14940
-29.14433
-29.13925
-29.13418
-29.12911
-29.12403
-29.11896
-29.11388
-29.10881
-29.10373
-29.09865
-29.09358
-29.08850
-29.08342
-29.07834
-29.07326
-29.06818
-29.06310
-29.05802
-29.05294
-29.04786
-29.04277
-29.03769
-29.03261
-29.02752
-29.02244
-29.01735
-29.01226
-29.00718
-29.00209
-28.99700
-28.99192
-28.98683
-28.98174
-28.97665
-28.97156
-28.96647
-28.96137
-28.95628
-28.95119
-28.94610
-28.94100
-28.93591
-28.93081
-28.92572
-28.92062
-28.91553
-28.91043
-28.90533
-28.90023
-28.89514
-28.89004
-28.88494
-28.87984
-28.87474
-28.86963
-28.86453
-28.85943
-28.85433
-28.84922
-28.84412
-28.83902
-28.83391
-28.82881
-28.82370
-28.81859
-28.81348
-28.80838
-28.80327
-28.79816
-28.79305
-28.78794
-28.78283
-28.77772
-28.77261
-28.76749
-28.76238
-28.75727
-28.75215
-28.74704
-28.74193
-28.73681
-28.73169
-28.72658
-28.72146
-28.71634
-28.71122
-28.70611
-28.70099
-28.69587
-28.69075
-28.68562
-28.68050
-28.67538
-28.67026
-28.66514
-28.66001
-28.65489
-28.64976
-28.64464
-28.63951
-28.63438
-28.62926
-28.62413
-28.61900
-28.61387
-28.60874
-28.60361
-28.59848
-28.59335
-28.58822
-28.58309
-28.57796
-28.57282
-28.56769
-28.56256
-28.55742
-28.55229
-28.54715
-28.54201
-28.53688
-28.53174
-28.52660
-28.52146
-28.51632
-28.51118
-28.50604
-28.50090
-28.49576
-28.49062
-28.48548
-28.48033
-28.47519
-28.47005
-28.46490
-28.45976
-28.45461
-28.44946
-28.44432
-28.43917
-28.43402
-28.42887
-28.42372
-28.41857
-28.41342
-28.40827
-28.40312
-28.39797
-28.39282
-28.38766
-28.38251
-28.37736
-28.37220
-28.36705
-28.36189
-28.35673
-28.35158
-28.34642
-28.34126
-28.33610
-28.33094
-28.32578
-28.32062
-28.31546
-28.31030
-28.30514
-28.29998
-28.29481
-28.28965
-28.28449
-28.27932
-28.27416
-28.26899
-28.26382
-28.25866
-28.25349
-28.24832
-28.24315
-28.23798
-28.23281
-28.22764
-28.22247
-28.21730
-28.21213
-28.20696
-28.20178
-28.19661
-28.19144
-28.18626
-28.18109
-28.17591
-28.17073
-28.16556
-28.16038
-28.15520
-28.15002
-28.14484
-28.13966
-28.13448
-28.12930
-28.12412
-28.11894
-28.11375
-28.10857
-28.10339
-28.09820
-28.09302
-28.08783
-28.08265
-28.07746
-28.07227
-28.06708
-28.06190
-28.05671
-28.05152
-28.04633
-28.04114
-28.03595
-28.03075
-28.02556
-28.02037
-28.01518
-28.00998
-28.00479
-27.99959
-27.99440
-27.98920
-27.98400
-27.97881
-27.97361
-27.96841
-27.96321
-27.95801
-27.95281
-27.94761
-27.94241
-27.93721
-27.93201
-27.92680
-27.92160
-27.91639
-27.91119
-27.90598
-27.90078
-27.89557
-27.89037
-27.88516
-27.87995
-27.87474
-27.86953
-27.86432
-27.85911
-27.85390
-27.84869
-27.84348
-27.83826
-27.83305
-27.82784
-27.82262
-27.81741
-27.81219
-27.80698
-27.80176
-27.79654
-27.79132
-27.78611
-27.78089
-27.77567
-27.77045
-27.76523
-27.76001
-27.75478
-27.74956
-27.74434
-27.73912
-27.73389
-27.72867
-27.72344
-27.71822
-27.71299
-27.70776
-27.70253
-27.69731
-27.69208
-27.68685
-27.68162
-27.67639
-27.67116
-27.66593
-27.66069
-27.65546
-27.65023
-27.64499
-27.63976
-27.63453
-27.62929
-27.62405
-27.61882
-27.61358
-27.60834
-27.60310
-27.59786
-27.59263
-27.58739
-27.58214
-27.57690
-27.57166
-27.56642
-27.56118
-27.55593
-27.55069
-27.54544
-27.54020
-27.53495
-27.52971
-27.52446
-27.51921
-27.51396
-27.50871
-27.50347
-27.49822
-27.49297
-27.48771
-27.48246
-27.47721
-27.47196
-27.46670
-27.46145
-27.45620
-27.45094
-27.44568
-27.44043
-27.43517
-27.42991
-27.42466
-27.41940
-27.41414
-27.40888
-27.40362
-27.39836
-27.39310
-27.38783
-27.38257
-27.37731
-27.37204
-27.36678
-27.36152
-27.35625
-27.35098
-27.34572
-27.34045
-27.33518
-27.32991
-27.32464
-27.31938
-27.31411
-27.30883
-27.30356
-27.29829
-27.29302
-27.28775
-27.28247
-27.27720
-27.27192
-27.26665
-27.26137
-27.25610
-27.25082
-27.24554
-27.24026
-27.23498
-27.22970
-27.22442
-27.21914
-27.21386
-27.20858
-27.20330
-27.19801
-27.19273
-27.18745
-27.18216
-27.17688
-27.17159
-27.16630
-27.16102
-27.15573
-27.15044
-27.14515
-27.13986
-27.13457
-27.12928
-27.12399
-27.11870
-27.11341
-27.10811
-27.10282
-27.09753
-27.09223
-27.08694
-27.08164
-27.07635
-27.07105
-27.06575
-27.06045
-27.05515
-27.04985
-27.04455
-27.03925
-27.03395
-27.02865
-27.02335
-27.01805
-27.01274
-27.00744
-27.00213
-26.99683
-26.99152
-26.98622
-26.98091
-26.97560
-26.97029
-26.96498
-26.95968
-26.95437
-26.94905
-26.94374
-26.93843
-26.93312
-26.92781
-26.92249
-26.91718
-26.91186
-26.90655
-26.90123
-26.89592
-26.89060
-26.88528
-26.87996
-26.87465
-26.86933
-26.86401
-26.85869
-26.85336
-26.84804
-26.84272
-26.83740
-26.83207
-26.82675
-26.82142
-26.81610
-26.81077
-26.80545
-26.80012
-26.79479
-26.78946
-26.78413
-26.77881
-26.77348
-26.76814
-26.76281
-26.75748
-26.75215
-26.74682
-26.74148
-26.73615
-26.73081
-26.72548
-26.72014
-26.71480
-26.70947
-26.70413
-26.69879
-26.69345
-26.68811
-26.68277
-26.67743
-26.67209
-26.66675
-26.66141
-26.65606
-26.65072
-26.64537
-26.64003
-26.63468
-26.62934
-26.62399
-26.61864
-26.61330
-26.60795
-26.60260
-26.59725
-26.59190
-26.58655
-26.58120
-26.57584
-26.57049
-26.56514
-26.55978
-26.55443
-26.54907
-26.54372
-26.53836
-26.53300
-26.52765
-26.52229
-26.51693
-26.51157
-26.50621
-26.50085
-26.49549
-26.49013
-26.48477
-26.47940
-26.47404
-26.46867
-26.46331
-26.45794
-26.45258
-26.44721
-26.44184
-26.43648
-26.43111
-26.42574
-26.42037
-26.41500
-26.40963
-26.40426
-26.39889
-26.39351
-26.38814
-26.38277
-26.37739
-26.37202
-26.36664
-26.36127
-26.35589
-26.35051
-26.34513
-26.33975
-26.33438
-26.32900
-26.32361
-26.31823
-26.31285
-26.30747
-26.30209
-26.29670
-26.29132
-26.28593
-26.28055
-26.27516
-26.26978
-26.26439
-26.25900
-26.25361
-26.24823
-26.24284
-26.23745
-26.23205
-26.22666
-26.22127
-26.21588
-26.21049
-26.20509
-26.19970
-26.19430
-26.18891
-26.18351
-26.17811
-26.17272
-26.16732
-26.16192
-26.15652
-26.15112
-26.14572
-26.14032
-26.13492
-26.12952
-26.12411
-26.11871
-26.11330
-26.10790
-26.10249
-26.09709
-26.09168
-26.08627
-26.08087
-26.07546
-26.07005
-26.06464
-26.05923
-26.05382
-26.04841
-26.04300
-26.03758
-26.03217
-26.02676
-26.02134
-26.01593
-26.01051
-26.00509
-25.99968
-25.99426
-25.98884
-25.98342
-25.97800
-25.97258
-25.96716
-25.96174
-25.95632
-25.95090
-25.94547
-25.94005
-25.93462
-25.92920
-25.92377
-25.91835
-25.91292
-25.90749
-25.90207
-25.89664
-25.89121
-25.88578
-25.88035
-25.87492
-25.86948
-25.86405
-25.85862
-25.85319
-25.84775
-25.84232
-25.83688
-25.83145
-25.82601
-25.82057
-25.81513
-25.80970
-25.80426
-25.79882
-25.79338
-25.78793
-25.78249
-25.77705
-25.77161
-25.76616
-25.76072
-25.75528
-25.74983
-25.74438
-25.73894
-25.73349
-25.72804
-25.72259
-25.71715
-25.71170
-25.70625
-25.70079
-25.69534
-25.68989
-25.68444
-25.67898
-25.67353
-25.66808
-25.66262
-25.65717
-25.65171
-25.64625
-25.64079
-25.63534
-25.62988
-25.62442
-25.61896
-25.61350
-25.60803
-25.60257
-25.59711
-25.59165
-25.58618
-25.58072
-25.57525
-25.56979
-25.56432
-25.55885
-25.55339
-25.54792
-25.54245
-25.53698
-25.53151
-25.52604
-25.52057
-25.51509
-25.50962
-25.50415
-25.49867
-25.49320
-25.48772
-25.48225
-25.47677
-25.47129
-25.46582
-25.46034
-25.45486
-25.44938
-25.44390
-25.43842
-25.43294
-25.42746
-25.42197
-25.41649
-25.41101
-25.40552
-25.40004
-25.39455
-25.38906
-25.38358
-25.37809
-25.37260
-25.36711
-25.36162
-25.35613
-25.35064
-25.34515
-25.33966
-25.33416
-25.32867
-25.32318
-25.31768
-25.31219
-25.30669
-25.30119
-25.29570
-25.29020
-25.28470
-25.27920
-25.27370
-25.26820
-25.26270
-25.25720
-25.25170
-25.24619
-25.24069
-25.23519
-25.22968
-25.22417
-25.21867
-25.21316
-25.20765
-25.20215
-25.19664
-25.19113
-25.18562
-25.18011
-25.17460
-25.16909
-25.16357
-25.15806
-25.15255
-25.14703
-25.14152
-25.13600
-25.13049
-25.12497
-25.11945
-25.11393
-25.10841
-25.10290
-25.09738
-25.09185
-25.08633
-25.08081
-25.07529
-25.06977
-25.06424
-25.05872
-25.05319
-25.04767
-25.04214
-25.03661
-25.03109
-25.02556
-25.02003
-25.01450
-25.00897
-25.00344
-24.99791
-24.99237
-24.98684
-24.98131
-24.97577
-24.97024
-24.96470
-24.95917
-24.95363
-24.94809
-24.94256
-24.93702
-24.93148
-24.92594
-24.92040
-24.91486
-24.90932
-24.90377
-24.89823
-24.89269
-24.88714
-24.88160
-24.87605
-24.87051
-24.86496
-24.85941
-24.85386
-24.84831
-24.84276
-24.83721
-24.83166
-24.82611
-24.82056
-24.81501
-24.80945
-24.80390
-24.79835
-24.79279
-24.78723
-24.78168
-24.77612
-24.77056
-24.76500
-24.75945
-24.75389
-24.74833
-24.74276
-24.73720
-24.73164
-24.72608
-24.72051
-24.71495
-24.70939
-24.70382
-24.69825
-24.69269
-24.68712
-24.68155
-24.67598
-24.67041
-24.66484
-24.65927
-24.65370
-24.64813
-24.64256
-24.63698
-24.63141
-24.62583
-24.62026
-24.61468
-24.60911
-24.60353
-24.59795
-24.59237
-24.58679
-24.58121
-24.57563
-24.57005
-24.56447
-24.55889
-24.55331
-24.54772
-24.54214
-24.53655
-24.53097
-24.52538
-24.51979
-24.51421
-24.50862
-24.50303
-24.49744
-24.49185
-24.48626
-24.48067
-24.47507
-24.46948
-24.46389
-24.45829
-24.45270
-24.44710
-24.44151
-24.43591
-24.43031
-24.42472
-24.41912
-24.41352
-24.40792
-24.40232
-24.39672
-24.39111
-24.38551
-24.37991
-24.37430
-24.36870
-24.36309
-24.35749
-24.35188
-24.34627
-24.34067
-24.33506
-24.32945
-24.32384
-24.31823
-24.31262
-24.30701
-24.30139
-24.29578
-24.29017
-24.28455
-24.27894
-24.27332
-24.26770
-24.26209
-24.25647
-24.25085
-24.24523
-24.23961
-24.23399
-24.22837
-24.22275
-24.21713
-24.21150
-24.20588
-24.20026
-24.19463
-24.18901
-24.18338
-24.17775
-24.17212
-24.16650
-24.16087
-24.15524
-24.14961
-24.14398
-24.13835
-24.13271
-24.12708
-24.12145
-24.11581
-24.11018
-24.10454
-24.09891
-24.09327
-24.08763
-24.08199
-24.07635
-24.07072
-24.06507
-24.05943
-24.05379
-24.04815
-24.04251
-24.03686
-24.03122
-24.02558
-24.01993
-24.01428
-24.00864
-24.00299
-23.99734
-23.99169
-23.98604
-23.98039
-23.97474
-23.96909
-23.96344
-23.95779
-23.95213
-23.94648
-23.94082
-23.93517
-23.92951
-23.92385
-23.91820
-23.91254
-23.90688
-23.90122
-23.89556
-23.88990
-23.88424
-23.87858
-23.87291
-23.86725
-23.86159
-23.85592
-23.85025
-23.84459
-23.83892
-23.83325
-23.82759
-23.82192
-23.81625
-23.81058
-23.80491
-23.79924
-23.79356
-23.78789
-23.78222
-23.77654
-23.77087
-23.76519
-23.75952
-23.75384
-23.74816
-23.74248
-23.73680
-23.73112
-23.72544
-23.71976
-23.71408
-23.70840
-23.70272
-23.69703
-23.69135
-23.68566
-23.67998
-23.67429
-23.66860
-23.66292
-23.65723
-23.65154
-23.64585
-23.64016
-23.63447
-23.62878
-23.62308
-23.61739
-23.61170
-23.60600
-23.60031
-23.59461
-23.58892
-23.58322
-23.57752
-23.57182
-23.56612
-23.56042
-23.55472
-23.54902
-23.54332
-23.53762
-23.53191
-23.52621
-23.52051
-23.51480
-23.50909
-23.50339
-23.49768
-23.49197
-23.48626
-23.48056
-23.47485
-23.46913
-23.46342
-23.45771
-23.45200
-23.44628
-23.44057
-23.43486
-23.42914
-23.42342
-23.41771
-23.41199
-23.40627
-23.40055
-23.39483
-23.38911
-23.38339
-23.37767
-23.37195
-23.36623
-23.36050
-23.35478
-23.34905
-23.34333
-23.33760
-23.33187
-23.32615
-23.32042
-23.31469
-23.30896
-23.30323
-23.29750
-23.29177
-23.28603
-23.28030
-23.27457
-23.26883
-23.26310
-23.25736
-23.25162
-23.24589
-23.24015
-23.23441
-23.22867
-23.22293
-23.21719
-23.21145
-23.20571
-23.19996
-23.19422
-23.18848
-23.18273
-23.17698
-23.17124
-23.16549
-23.15974
-23.15400
-23.14825
-23.14250
-23.13675
-23.13100
-23.12524
-23.11949
-23.11374
-23.10798
-23.10223
-23.09648
-23.09072
-23.08496
-23.07921
-23.07345
-23.06769
-23.06193
-23.05617
-23.05041
-23.04465
-23.03889
-23.03312
-23.02736
-23.02159
-23.01583
-23.01006
-23.00430
-22.99853
-22.99276
-22.98700
-22.98123
-22.97546
-22.96969
-22.96391
-22.95814
-22.95237
-22.94660
-22.94082
-22.93505
-22.92927
-22.92350
-22.91772
-22.91194
-22.90617
-22.90039
-22.89461
-22.88883
-22.88305
-22.87726
-22.87148
-22.86570
-22.85992
-22.85413
-22.84835
-22.84256
-22.83677
-22.83099
-22.82520
-22.81941
-22.81362
-22.80783
-22.80204
-22.79625
-22.79046
-22.78467
-22.77887
-22.77308
-22.76728
-22.76149
-22.75569
-22.74989
-22.74410
-22.73830
-22.73250
-22.72670
-22.72090
-22.71510
-22.70930
-22.70349
-22.69769
-22.69189
-22.68608
-22.68028
-22.67447
-22.66867
-22.66286
-22.65705
-22.65124
-22.64543
-22.63962
-22.63381
-22.62800
-22.62219
-22.61637
-22.61056
-22.60475
-22.59893
-22.59311
-22.58730
-22.58148
-22.57566
-22.56984
-22.56402
-22.55820
-22.55238
-22.54656
-22.54074
-22.53492
-22.52909
-22.52327
-22.51744
-22.51162
-22.50579
-22.49996
-22.49414
-22.48831
-22.48248
-22.47665
-22.47082
-22.46499
-22.45916
-22.45332
-22.44749
-22.44165
-22.43582
-22.42998
-22.42415
-22.41831
-22.41247
-22.40663
-22.40080
-22.39496
-22.38911
-22.38327
-22.37743
-22.37159
-22.36575
-22.35990
-22.35406
-22.34821
-22.34236
-22.33652
-22.33067
-22.32482
-22.31897
-22.31312
-22.30727
-22.30142
-22.29557
-22.28972
-22.28386
-22.27801
-22.27215
-22.26630
-22.26044
-22.25459
-22.24873
-22.24287
-22.23701
-22.23115
-22.22529
-22.21943
-22.21357
-22.20770
-22.20184
-22.19598
-22.19011
-22.18425
-22.17838
-22.17251
-22.16664
-22.16078
-22.15491
-22.14904
-22.14317
-22.13730
-22.13142
-22.12555
-22.11968
-22.11380
-22.10793
-22.10205
-22.09618
-22.09030
-22.08442
-22.07854
-22.07266
-22.06678
-22.06090
-22.05502
-22.04914
-22.04326
-22.03737
-22.03149
-22.02560
-22.01972
-22.01383
-22.00795
-22.00206
-21.99617
-21.99028
-21.98439
-21.97850
-21.97261
-21.96672
-21.96082
-21.95493
-21.94904
-21.94314
-21.93724
-21.93135
-21.92545
-21.91955
-21.91365
-21.90775
-21.90185
-21.89595
-21.89005
-21.88415
-21.87825
-21.87234
-21.86644
-21.86053
-21.85463
-21.84872
-21.84281
-21.83691
-21.83100
-21.82509
-21.81918
-21.81327
-21.80735
-21.80144
-21.79553
-21.78961
-21.78370
-21.77778
-21.77187
-21.76595
-21.76003
-21.75412
-21.74820
-21.74228
-21.73636
-21.73044
-21.72451
-21.71859
-21.71267
-21.70674
-21.70082
-21.69489
-21.68897
-21.68304
-21.67711
-21.67118
-21.66525
-21.65932
-21.65339
-21.64746
-21.64153
-21.63560
-21.62966
-21.62373
-21.61779
-21.61186
-21.60592
-21.59998
-21.59405
-21.58811
-21.58217
-21.57623
-21.57029
-21.56435
-21.55840
-21.55246
-21.54652
-21.54057
-21.53463
-21.52868
-21.52273
-21.51679
-21.51084
-21.50489
-21.49894
-21.49299
-21.48704
-21.48108
-21.47513
-21.46918
-21.46322
-21.45727
-21.45131
-21.44536
-21.43940
-21.43344
-21.42748
-21.42152
-21.41556
-21.40960
-21.40364
-21.39768
-21.39172
-21.38575
-21.37979
-21.37382
-21.36786
-21.36189
-21.35592
-21.34995
-21.34399
-21.33802
-21.33205
-21.32607
-21.32010
-21.31413
-21.30816
-21.30218
-21.29621
-21.29023
-21.28426
-21.27828
-21.27230
-21.26632
-21.26034
-21.25436
-21.24838
-21.24240
-21.23642
-21.23043
-21.22445
-21.21847
-21.21248
-21.20649
-21.20051
-21.19452
-21.18853
-21.18254
-21.17655
-21.17056
-21.16457
-21.15858
-21.15259
-21.14659
-21.14060
-21.13460
-21.12861
-21.12261
-21.11661
-21.11062
-21.10462
-21.09862
-21.09262
-21.08662
-21.08062
-21.07461
-21.06861
-21.06261
-21.05660
-21.05060
-21.04459
-21.03858
-21.03257
-21.02657
-21.02056
-21.01455
-21.00854
-21.00252
-20.99651
-20.99050
-20.98449
-20.97847
-20.97246
-20.96644
-20.96042
-20.95441
-20.94839
-20.94237
-20.93635
-20.93033
-20.92431
-20.91828
-20.91226
-20.90624
-20.90021
-20.89419
-20.88816
-20.88214
-20.87611
-20.87008
-20.86405
-20.85802
-20.85199
-20.84596
-20.83993
-20.83390
-20.82786
-20.82183
-20.81579
-20.80976
-20.80372
-20.79769
-20.79165
-20.78561
-20.77957
-20.77353
-20.76749
-20.76145
-20.75540
-20.74936
-20.74332
-20.73727
-20.73123
-20.72518
-20.71913
-20.71309
-20.70704
-20.70099
-20.69494
-20.68889
-20.68284
-20.67678
-20.67073
-20.66468
-20.65862
-20.65257
-20.64651
-20.64045
-20.63440
-20.62834
-20.62228
-20.61622
-20.61016
-20.60410
-20.59803
-20.59197
-20.58591
-20.57984
-20.57378
-20.56771
-20.56164
-20.55558
-20.54951
-20.54344
-20.53737
-20.53130
-20.52523
-20.51916
-20.51308
-20.50701
-20.50093
-20.49486
-20.48878
-20.48271
-20.47663
-20.47055
-20.46447
-20.45839
-20.45231
-20.44623
-20.44015
-20.43406
-20.42798
-20.42190
-20.41581
-20.40972
-20.40364
-20.39755
-20.39146
-20.38537
-20.37928
-20.37319
-20.36710
-20.36101
-20.35492
-20.34882
-20.34273
-20.33663
-20.33054
-20.32444
-20.31834
-20.31224
-20.30614
-20.30005
-20.29394
-20.28784
-20.28174
-20.27564
-20.26953
-20.26343
-20.25732
-20.25122
-20.24511
-20.23900
-20.23290
-20.22679
-20.22068
-20.21457
-20.20845
-20.20234
-20.19623
-20.19011
-20.18400
-20.17788
-20.17177
-20.16565
-20.15953
-20.15342
-20.14730
-20.14118
-20.13506
-20.12893
-20.12281
-20.11669
-20.11056
-20.10444
-20.09831
-20.09219
-20.08606
-20.07993
-20.07380
-20.06768
-20.06155
-20.05541
-20.04928
-20.04315
-20.03702
-20.03088
-20.02475
-20.01861
-20.01248
-20.00634
-20.00020
-19.99406
-19.98792
-19.98178
-19.97564
-19.96950
-19.96336
-19.95721
-19.95107
-19.94492
-19.93878
-19.93263
-19.92648
-19.92034
-19.91419
-19.90804
-19.90189
-19.89573
-19.88958
-19.88343
-19.87728
-19.87112
-19.86497
-19.85881
-19.85265
-19.84650
-19.84034
-19.83418
-19.82802
-19.82186
-19.81570
-19.80953
-19.80337
-19.79721
-19.79104
-19.78488
-19.77871
-19.77254
-19.76638
-19.76021
-19.75404
-19.74787
-19.74170
-19.73552
-19.72935
-19.72318
-19.71700
-19.71083
-19.70465
-19.69848
-19.69230
-19.68612
-19.67994
-19.67376
-19.66758
-19.66140
-19.65522
-19.64904
-19.64285
-19.63667
-19.63048
-19.62430
-19.61811
-19.61192
-19.60573
-19.59954
-19.59335
-19.58716
-19.58097
-19.57478
-19.56859
-19.56239
-19.55620
-19.55000
-19.54381
-19.53761
-19.53141
-19.52521
-19.51901
-19.51281
-19.50661
-19.50041
-19.49421
-19.48800
-19.48180
-19.47559
-19.46939
-19.46318
-19.45697
-19.45076
-19.44455
-19.43834
-19.43213
-19.42592
-19.41971
-19.41350
-19.40728
-19.40107
-19.39485
-19.38864
-19.38242
-19.37620
-19.36998
-19.36376
-19.35754
-19.35132
-19.34510
-19.33888
-19.33265
-19.32643
-19.32020
-19.31398
-19.30775
-19.30152
-19.29529
-19.28906
-19.28283
-19.27660
-19.27037
-19.26414
-19.25791
-19.25167
-19.24544
-19.23920
-19.23296
-19.22673
-19.22049
-19.21425
-19.20801
-19.20177
-19.19553
-19.18929
-19.18304
-19.17680
-19.17055
-19.16431
-19.15806
-19.15182
-19.14557
-19.13932
-19.13307
-19.12682
-19.12057
-19.11432
-19.10806
-19.10181
-19.09556
-19.08930
-19.08305
-19.07679
-19.07053
-19.06427
-19.05801
-19.05175
-19.04549
-19.03923
-19.03297
-19.02671
-19.02044
-19.01418
-19.00791
-19.00164
-18.99538
-18.98911
-18.98284
-18.97657
-18.97030
-18.96403
-18.95776
-18.95148
-18.94521
-18.93893
-18.93266
-18.92638
-18.92011
-18.91383
-18.90755
-18.90127
-18.89499
-18.88871
-18.88243
-18.87614
-18.86986
-18.86357
-18.85729
-18.85100
-18.84472
-18.83843
-18.83214
-18.82585
-18.81956
-18.81327
-18.80698
-18.80068
-18.79439
-18.78810
-18.78180
-18.77551
-18.76921
-18.76291
-18.75661
-18.75031
-18.74401
-18.73771
-18.73141
-18.72511
-18.71881
-18.71250
-18.70620
-18.69989
-18.69358
-18.68728
-18.68097
-18.67466
-18.66835
-18.66204
-18.65573
-18.64941
-18.64310
-18.63679
-18.63047
-18.62416
-18.61784
-18.61152
-18.60520
-18.59888
-18.59256
-18.58624
-18.57992
-18.57360
-18.56728
-18.56095
-18.55463
-18.54830
-18.54198
-18.53565
-18.52932
-18.52299
-18.51666
-18.51033
-18.50400
-18.49767
-18.49133
-18.48500
-18.47866
-18.47233
-18.46599
-18.45965
-18.45332
-18.44698
-18.44064
-18.43430
-18.42796
-18.42161
-18.41527
-18.40893
-18.40258
-18.39624
-18.38989
-18.38354
-18.37719
-18.37084
-18.36449
-18.35814
-18.35179
-18.34544
-18.33909
-18.33273
-18.32638
-18.32002
-18.31367
-18.30731
-18.30095
-18.29459
-18.28823
-18.28187
-18.27551
-18.26915
-18.26278
-18.25642
-18.25005
-18.24369
-18.23732
-18.23095
-18.22459
-18.21822
-18.21185
-18.20548
-18.19910
-18.19273
-18.18636
-18.17998
-18.17361
-18.16723
-18.16086
-18.15448
-18.14810
-18.14172
-18.13534
-18.12896
-18.12258
-18.11620
-18.10981
-18.10343
-18.09704
-18.09066
-18.08427
-18.07788
-18.07149
-18.06510
-18.05871
-18.05232
-18.04593
-18.03954
-18.03315
-18.02675
-18.02036
-18.01396
-18.00756
-18.00116
-17.99477
-17.98837
-17.98197
-17.97556
-17.96916
-17.96276
-17.95636
-17.94995
-17.94355
-17.93714
-17.93073
-17.92432
-17.91792
-17.91151
-17.90509
-17.89868
-17.89227
-17.88586
-17.87944
-17.87303
-17.86661
-17.86020
-17.85378
-17.84736
-17.84094
-17.83452
-17.82810
-17.82168
-17.81526
-17.80883
-17.80241
-17.79598
-17.78956
-17.78313
-17.77670
-17.77028
-17.76385
-17.75742
-17.75098
-17.74455
-17.73812
-17.73169
-17.72525
-17.71882
-17.71238
-17.70594
-17.69950
-17.69307
-17.68663
-17.68019
-17.67374
-17.66730
-17.66086
-17.65441
-17.64797
-17.64152
-17.63508
-17.62863
-17.62218
-17.61573
-17.60928
-17.60283
-17.59638
-17.58993
-17.58347
-17.57702
-17.57056
-17.56411
-17.55765
-17.55119
-17.54474
-17.53828
-17.53182
-17.52535
-17.51889
-17.51243
-17.50597
-17.49950
-17.49304
-17.48657
-17.48010
-17.47363
-17.46716
-17.46069
-17.45422
-17.44775
-17.44128
-17.43481
-17.42833
-17.42186
-17.41538
-17.40890
-17.40243
-17.39595
-17.38947
-17.38299
-17.37651
-17.37002
-17.36354
-17.35706
-17.35057
-17.34409
-17.33760
-17.33111
-17.32463
-17.31814
-17.31165
-17.30516
-17.29866
-17.29217
-17.28568
-17.27918
-17.27269
-17.26619
-17.25970
-17.25320
-17.24670
-17.24020
-17.23370
-17.22720
-17.22070
-17.21419
-17.20769
-17.20119
-17.19468
-17.18817
-17.18167
-17.17516
-17.16865
-17.16214
-17.15563
-17.14912
-17.14260
-17.13609
-17.12958
-17.12306
-17.11654
-17.11003
-17.10351
-17.09699
-17.09047
-17.08395
-17.07743
-17.07091
-17.06438
-17.05786
-17.05133
-17.04481
-17.03828
-17.03175
-17.02523
-17.01870
-17.01217
-17.00563
-16.99910
-16.99257
-16.98604
-16.97950
-16.97297
-16.96643
-16.95989
-16.95335
-16.94681
-16.94027
-16.93373
-16.92719
-16.92065
-16.91411
-16.90756
-16.90102
-16.89447
-16.88792
-16.88137
-16.87483
-16.86828
-16.86173
-16.85517
-16.84862
-16.84207
-16.83551
-16.82896
-16.82240
-16.81585
-16.80929
-16.80273
-16.79617
-16.78961
-16.78305
-16.77649
-16.76992
-16.76336
-16.75679
-16.75023
-16.74366
-16.73709
-16.73053
-16.72396
-16.71739
-16.71082
-16.70424
-16.69767
-16.69110
-16.68452
-16.67795
-16.67137
-16.66479
-16.65821
-16.65164
-16.64506
-16.63847
-16.63189
-16.62531
-16.61873
-16.61214
-16.60556
-16.59897
-16.59238
-16.58579
-16.57921
-16.57262
-16.56602
-16.55943
-16.55284
-16.54625
-16.53965
-16.53306
-16.52646
-16.51986
-16.51327
-16.50667
-16.50007
-16.49347
-16.48686
-16.48026
-16.47366
-16.46705
-16.46045
-16.45384
-16.44724
-16.44063
-16.43402
-16.42741
-16.42080
-16.41419
-16.40757
-16.40096
-16.39435
-16.38773
-16.38112
-16.37450
-16.36788
-16.36126
-16.35464
-16.34802
-16.34140
-16.33478
-16.32815
-16.32153
-16.31490
-16.30828
-16.30165
-16.29502
-16.28840
-16.28177
-16.27513
-16.26850
-16.26187
-16.25524
-16.24860
-16.24197
-16.23533
-16.22869
-16.22206
-16.21542
-16.20878
-16.20214
-16.19550
-16.18885
-16.18221
-16.17557
-16.16892
-16.16227
-16.15563
-16.14898
-16.14233
-16.13568
-16.12903
-16.12238
-16.11573
-16.10907
-16.10242
-16.09576
-16.08911
-16.08245
-16.07579
-16.06913
-16.06247
-16.05581
-16.04915
-16.04249
-16.03582
-16.02916
-16.02250
-16.01583
-16.00916
-16.00249
-15.99582
-15.98915
-15.98248
-15.97581
-15.96914
-15.96247
-15.95579
-15.94912
-15.94244
-15.93576
-15.92908
-15.92240
-15.91572
-15.90904
-15.90236
-15.89568
-15.88899
-15.88231
-15.87562
-15.86894
-15.86225
-15.85556
-15.84887
-15.84218
-15.83549
-15.82880
-15.82211
-15.81541
-15.80872
-15.80202
-15.79532
-15.78863
-15.78193
-15.77523
-15.76853
-15.76183
-15.75512
-15.74842
-15.74172
-15.73501
-15.72831
-15.72160
-15.71489
-15.70818
-15.70147
-15.69476
-15.68805
-15.68134
-15.67462
-15.66791
-15.66119
-15.65448
-15.64776
-15.64104
-15.63432
-15.62760
-15.62088
-15.61416
-15.60744
-15.60071
-15.59399
-15.58726
-15.58054
-15.57381
-15.56708
-15.56035
-15.55362
-15.54689
-15.54016
-15.53343
-15.52669
-15.51996
-15.51322
-15.50648
-15.49975
-15.49301
-15.48627
-15.47953
-15.47279
-15.46604
-15.45930
-15.45256
-15.44581
-15.43906
-15.43232
-15.42557
-15.41882
-15.41207
-15.40532
-15.39857
-15.39181
-15.38506
-15.37831
-15.37155
-15.36479
-15.35804
-15.35128
-15.34452
-15.33776
-15.33100
-15.32423
-15.31747
-15.31071
-15.30394
-15.29718
-15.29041
-15.28364
-15.27687
-15.27010
-15.26333
-15.25656
-15.24979
-15.24301
-15.23624
-15.22946
-15.22269
-15.21591
-15.20913
-15.20235
-15.19557
-15.18879
-15.18201
-15.17522
-15.16844
-15.16166
-15.15487
-15.14808
-15.14129
-15.13451
-15.12772
-15.12093
-15.11413
-15.10734
-15.10055
-15.09375
-15.08696
-15.08016
-15.07336
-15.06657
-15.05977
-15.05297
-15.04616
-15.03936
-15.03256
-15.02575
-15.01895
-15.01214
-15.00534
-14.99853
-14.99172
-14.98491
-14.97810
-14.97129
-14.96447
-14.95766
-14.95085
-14.94403
-14.93721
-14.93040
-14.92358
-14.91676
-14.90994
-14.90312
-14.89629
-14.88947
-14.88265
-14.87582
-14.86900
-14.86217
-14.85534
-14.84851
-14.84168
-14.83485
-14.82802
-14.82119
-14.81435
-14.80752
-14.80068
-14.79384
-14.78701
-14.78017
-14.77333
-14.76649
-14.75965
-14.75280
-14.74596
-14.73912
-14.73227
-14.72542
-14.71858
-14.71173
-14.70488
-14.69803
-14.69118
-14.68432
-14.67747
-14.67062
-14.66376
-14.65691
-14.65005
-14.64319
-14.63633
-14.62947
-14.62261
-14.61575
-14.60889
-14.60202
-14.59516
-14.58829
-14.58142
-14.57456
-14.56769
-14.56082
-14.55395
-14.54708
-14.54020
-14.53333
-14.52645
-14.51958
-14.51270
-14.50582
-14.49895
-14.49207
-14.48519
-14.47830
-14.47142
-14.46454
-14.45765
-14.45077
-14.44388
-14.43700
-14.43011
-14.42322
-14.41633
-14.40944
-14.40254
-14.39565
-14.38876
-14.38186
-14.37497
-14.36807
-14.36117
-14.35427
-14.34737
-14.34047
-14.33357
-14.32666
-14.31976
-14.31286
-14.30595
-14.29904
-14.29213
-14.28523
-14.27832
-14.27140
-14.26449
-14.25758
-14.25067
-14.24375
-14.23684
-14.22992
-14.22300
-14.21608
-14.20916
-14.20224
-14.19532
-14.18840
-14.18147
-14.17455
-14.16762
-14.16070
-14.15377
-14.14684
-14.13991
-14.13298
-14.12605
-14.11911
-14.11218
-14.10525
-14.09831
-14.09137
-14.08444
-14.07750
-14.07056
-14.06362
-14.05668
-14.04973
-14.04279
-14.03584
-14.02890
-14.02195
-14.01500
-14.00806
-14.00111
-13.99416
-13.98720
-13.98025
-13.97330
-13.96634
-13.95939
-13.95243
-13.94547
-13.93852
-13.93156
-13.92460
-13.91763
-13.91067
-13.90371
-13.89674
-13.88978
-13.88281
-13.87584
-13.86887
-13.86190
-13.85493
-13.84796
-13.84099
-13.83402
-13.82704
-13.82007
-13.81309
-13.80611
-13.79913
-13.79215
-13.78517
-13.77819
-13.77121
-13.76423
-13.75724
-13.75025
-13.74327
-13.73628
-13.72929
-13.72230
-13.71531
-13.70832
-13.70133
-13.69433
-13.68734
-13.68034
-13.67335
-13.66635
-13.65935
-13.65235
-13.64535
-13.63835
-13.63134
-13.62434
-13.61734
-13.61033
-13.60332
-13.59632
-13.58931
-13.58230
-13.57529
-13.56827
-13.56126
-13.55425
-13.54723
-13.54022
-13.53320
-13.52618
-13.51916
-13.51214
-13.50512
-13.49810
-13.49108
-13.48405
-13.47703
-13.47000
-13.46297
-13.45594
-13.44891
-13.44188
-13.43485
-13.42782
-13.42079
-13.41375
-13.40672
-13.39968
-13.39264
-13.38561
-13.37857
-13.37153
-13.36448
-13.35744
-13.35040
-13.34335
-13.33631
-13.32926
-13.32221
-13.31517
-13.30812
-13.30107
-13.29401
-13.28696
-13.27991
-13.27285
-13.26580
-13.25874
-13.25168
-13.24462
-13.23756
-13.23050
-13.22344
-13.21638
-13.20931
-13.20225
-13.19518
-13.18811
-13.18105
-13.17398
-13.16691
-13.15984
-13.15276
-13.14569
-13.13862
-13.13154
-13.12446
-13.11739
-13.11031
-13.10323
-13.09615
-13.08907
-13.08198
-13.07490
-13.06782
-13.06073
-13.05364
-13.04656
-13.03947
-13.03238
-13.02529
-13.01819
-13.01110
-13.00401
-12.99691
-12.98982
-12.98272
-12.97562
-12.96852
-12.96142
-12.95432
-12.94722
-12.94011
-12.93301
-12.92590
-12.91880
-12.91169
-12.90458
-12.89747
-12.89036
-12.88325
-12.87614
-12.86902
-12.86191
-12.85479
-12.84768
-12.84056
-12.83344
-12.82632
-12.81920
-12.81208
-12.80495
-12.79783
-12.79070
-12.78358
-12.77645
-12.76932
-12.76219
-12.75506
-12.74793
-12.74080
-12.73366
-12.72653
-12.71939
-12.71226
-12.70512
-12.69798
-12.69084
-12.68370
-12.67656
-12.66941
-12.66227
-12.65512
-12.64798
-12.64083
-12.63368
-12.62653
-12.61938
-12.61223
-12.60508
-12.59792
-12.59077
-12.58361
-12.57646
-12.56930
-12.56214
-12.55498
-12.54782
-12.54066
-12.53349
-12.52633
-12.51916
-12.51200
-12.50483
-12.49766
-12.49049
-12.48332
-12.47615
-12.46898
-12.46180
-12.45463
-12.44745
-12.44028
-12.43310
-12.42592
-12.41874
-12.41156
-12.40438
-12.39719
-12.39001
-12.38282
-12.37564
-12.36845
-12.36126
-12.35407
-12.34688
-12.33969
-12.33249
-12.32530
-12.31811
-12.31091
-12.30371
-12.29651
-12.28931
-12.28211
-12.27491
-12.26771
-12.26051
-12.25330
-12.24610
-12.23889
-12.23168
-12.22447
-12.21726
-12.21005
-12.20284
-12.19563
-12.18841
-12.18120
-12.17398
-12.16676
-12.15954
-12.15233
-12.14510
-12.13788
-12.13066
-12.12344
-12.11621
-12.10898
-12.10176
-12.09453
-12.08730
-12.08007
-12.07284
-12.06561
-12.05837
-12.05114
-12.04390
-12.03666
-12.02943
-12.02219
-12.01495
-12.00771
-12.00046
-11.99322
-11.98598
-11.97873
-11.97148
-11.96424
-11.95699
-11.94974
-11.94249
-11.93524
-11.92798
-11.92073
-11.91347
-11.90622
-11.89896
-11.89170
-11.88444
-11.87718
-11.86992
-11.86266
-11.85539
-11.84813
-11.84086
-11.83359
-11.82633
-11.81906
-11.81179
-11.80451
-11.79724
-11.78997
-11.78269
-11.77542
-11.76814
-11.76086
-11.75358
-11.74630
-11.73902
-11.73174
-11.72446
-11.71717
-11.70989
-11.70260
-11.69531
-11.68802
-11.68073
-11.67344
-11.66615
-11.65885
-11.65156
-11.64426
-11.63697
-11.62967
-11.62237
-11.61507
-11.60777
-11.60047
-11.59317
-11.58586
-11.57856
-11.57125
-11.56394
-11.55663
-11.54932
-11.54201
-11.53470
-11.52739
-11.52007
-11.51276
-11.50544
-11.49812
-11.49080
-11.48348
-11.47616
-11.46884
-11.46152
-11.45419
-11.44687
-11.43954
-11.43222
-11.42489
-11.41756
-11.41023
-11.40289
-11.39556
-11.38823
-11.38089
-11.37356
-11.36622
-11.35888
-11.35154
-11.34420
-11.33686
-11.32951
-11.32217
-11.31483
-11.30748
-11.30013
-11.29278
-11.28543
-11.27808
-11.27073
-11.26338
-11.25602
-11.24867
-11.24131
-11.23395
-11.22660
-11.21924
-11.21188
-11.20451
-11.19715
-11.18979
-11.18242
-11.17505
-11.16769
-11.16032
-11.15295
-11.14558
-11.13821
-11.13083
-11.12346
-11.11608
-11.10871
-11.10133
-11.09395
-11.08657
-11.07919
-11.07181
-11.06443
-11.05704
-11.04966
-11.04227
-11.03488
-11.02749
-11.02010
-11.01271
-11.00532
-10.99793
-10.99053
-10.98314
-10.97574
-10.96834
-10.96094
-10.95354
-10.94614
-10.93874
-10.93134
-10.92393
-10.91653
-10.90912
-10.90171
-10.89430
-10.88689
-10.87948
-10.87207
-10.86465
-10.85724
-10.84982
-10.84241
-10.83499
-10.82757
-10.82015
-10.81273
-10.80531
-10.79788
-10.79046
-10.78303
-10.77560
-10.76818
-10.76075
-10.75332
-10.74588
-10.73845
-10.73102
-10.72358
-10.71615
-10.70871
-10.70127
-10.69383
-10.68639
-10.67895
-10.67150
-10.66406
-10.65661
-10.64917
-10.64172
-10.63427
-10.62682
-10.61937
-10.61192
-10.60447
-10.59701
-10.58956
-10.58210
-10.57464
-10.56718
-10.55972
-10.55226
-10.54480
-10.53733
-10.52987
-10.52240
-10.51494
-10.50747
-10.50000
-10.49253
-10.48506
-10.47758
-10.47011
-10.46263
-10.45516
-10.44768
-10.44020
-10.43272
-10.42524
-10.41776
-10.41028
-10.40279
-10.39531
-10.38782
-10.38033
-10.37284
-10.36535
-10.35786
-10.35037
-10.34288
-10.33538
-10.32789
-10.32039
-10.31289
-10.30539
-10.29789
-10.29039
-10.28289
-10.27538
-10.26788
-10.26037
-10.25286
-10.24535
-10.23784
-10.23033
-10.22282
-10.21531
-10.20779
-10.20028
-10.19276
-10.18524
-10.17772
-10.17020
-10.16268
-10.15516
-10.14764
-10.14011
-10.13259
-10.12506
-10.11753
-10.11000
-10.10247
-10.09494
-10.08741
-10.07987
-10.07234
-10.06480
-10.05726
-10.04972
-10.04218
-10.03464
-10.02710
-10.01956
-10.01201
-10.00447
-9.99692
-9.98937
-9.98182
-9.97427
-9.96672
-9.95917
-9.95161
-9.94406
-9.93650
-9.92894
-9.92138
-9.91382
-9.90626
-9.89870
-9.89114
-9.88357
-9.87601
-9.86844
-9.86087
-9.85330
-9.84573
-9.83816
-9.83059
-9.82301
-9.81544
-9.80786
-9.80028
-9.79270
-9.78512
-9.77754
-9.76996
-9.76238
-9.75479
-9.74721
-9.73962
-9.73203
-9.72444
-9.71685
-9.70926
-9.70167
-9.69407
-9.68648
-9.67888
-9.67128
-9.66368
-9.65608
-9.64848
-9.64088
-9.63328
-9.62567
-9.61807
-9.61046
-9.60285
-9.59524
-9.58763
-9.58002
-9.57240
-9.56479
-9.55718
-9.54956
-9.54194
-9.53432
-9.52670
-9.51908
-9.51146
-9.50383
-9.49621
-9.48858
-9.48095
-9.47333
-9.46570
-9.45806
-9.45043
-9.44280
-9.43516
-9.42753
-9.41989
-9.41225
-9.40461
-9.39697
-9.38933
-9.38169
-9.37404
-9.36640
-9.35875
-9.35110
-9.34345
-9.33580
-9.32815
-9.32050
-9.31285
-9.30519
-9.29753
-9.28988
-9.28222
-9.27456
-9.26690
-9.25924
-9.25157
-9.24391
-9.23624
-9.22857
-9.22091
-9.21324
-9.20557
-9.19789
-9.19022
-9.18255
-9.17487
-9.16719
-9.15952
-9.15184
-9.14416
-9.13647
-9.12879
-9.12111
-9.11342
-9.10574
-9.09805
-9.09036
-9.08267
-9.07498
-9.06728
-9.05959
-9.05190
-9.04420
-9.03650
-9.02880
-9.02110
-9.01340
-9.00570
-8.99800
-8.99029
-8.98259
-8.97488
-8.96717
-8.95946
-8.95175
-8.94404
-8.93633
-8.92861
-8.92089
-8.91318
-8.90546
-8.89774
-8.89002
-8.88230
-8.87457
-8.86685
-8.85912
-8.85140
-8.84367
-8.83594
-8.82821
-8.82048
-8.81275
-8.80501
-8.79728
-8.78954
-8.78180
-8.77406
-8.76632
-8.75858
-8.75084
-8.74309
-8.73535
-8.72760
-8.71986
-8.71211
-8.70436
-8.69661
-8.68885
-8.68110
-8.67334
-8.66559
-8.65783
-8.65007
-8.64231
-8.63455
-8.62679
-8.61902
-8.61126
-8.60349
-8.59573
-8.58796
-8.58019
-8.57242
-8.56464
-8.55687
-8.54910
-8.54132
-8.53354
-8.52576
-8.51798
-8.51020
-8.50242
-8.49464
-8.48685
-8.47907
-8.47128
-8.46349
-8.45570
-8.44791
-8.44012
-8.43232
-8.42453
-8.41673
-8.40894
-8.40114
-8.39334
-8.38554
-8.37773
-8.36993
-8.36213
-8.35432
-8.34651
-8.33870
-8.33089
-8.32308
-8.31527
-8.30746
-8.29964
-8.29183
-8.28401
-8.27619
-8.26837
-8.26055
-8.25273
-8.24490
-8.23708
-8.22925
-8.22143
-8.21360
-8.20577
-8.19794
-8.19010
-8.18227
-8.17444
-8.16660
-8.15876
-8.15092
-8.14308
-8.13524
-8.12740
-8.11956
-8.11171
-8.10387
-8.09602
-8.08817
-8.08032
-8.07247
-8.06462
-8.05676
-8.04891
-8.04105
-8.03319
-8.02533
-8.01747
-8.00961
-8.00175
-7.99389
-7.98602
-7.97815
-7.97029
-7.96242
-7.95455
-7.94668
-7.93880
-7.93093
-7.92305
-7.91518
-7.90730
-7.89942
-7.89154
-7.88366
-7.87578
-7.86789
-7.86001
-7.85212
-7.84423
-7.83634
-7.82845
-7.82056
-7.81267
-7.80477
-7.79687
-7.78898
-7.78108
-7.77318
-7.76528
-7.75738
-7.74947
-7.74157
-7.73366
-7.72576
-7.71785
-7.70994
-7.70203
-7.69411
-7.68620
-7.67828
-7.67037
-7.66245
-7.65453
-7.64661
-7.63869
-7.63077
-7.62284
-7.61492
-7.60699
-7.59906
-7.59114
-7.58320
-7.57527
-7.56734
-7.55941
-7.55147
-7.54353
-7.53559
-7.52766
-7.51971
-7.51177
-7.50383
-7.49588
-7.48794
-7.47999
-7.47204
-7.46409
-7.45614
-7.44819
-7.44024
-7.43228
-7.42432
-7.41637
-7.40841
-7.40045
-7.39249
-7.38452
-7.37656
-7.36859
-7.36063
-7.35266
-7.34469
-7.33672
-7.32875
-7.32077
-7.31280
-7.30482
-7.29685
-7.28887
-7.28089
-7.27291
-7.26493
-7.25694
-7.24896
-7.24097
-7.23298
-7.22499
-7.21700
-7.20901
-7.20102
-7.19303
-7.18503
-7.17703
-7.16903
-7.16104
-7.15303
-7.14503
-7.13703
-7.12902
-7.12102
-7.11301
-7.10500
-7.09699
-7.08898
-7.08097
-7.07296
-7.06494
-7.05692
-7.04891
-7.04089
-7.03287
-7.02485
-7.01682
-7.00880
-7.00077
-6.99275
-6.98472
-6.97669
-6.96866
-6.96062
-6.95259
-6.94456
-6.93652
-6.92848
-6.92044
-6.91240
-6.90436
-6.89632
-6.88827
-6.88023
-6.87218
-6.86413
-6.85608
-6.84803
-6.83998
-6.83193
-6.82387
-6.81582
-6.80776
-6.79970
-6.79164
-6.78358
-6.77552
-6.76745
-6.75939
-6.75132
-6.74325
-6.73518
-6.72711
-6.71904
-6.71096
-6.70289
-6.69481
-6.68674
-6.67866
-6.67058
-6.66250
-6.65441
-6.64633
-6.63824
-6.63016
-6.62207
-6.61398
-6.60589
-6.59780
-6.58970
-6.58161
-6.57351
-6.56541
-6.55731
-6.54921
-6.54111
-6.53301
-6.52491
-6.51680
-6.50869
-6.50058
-6.49247
-6.48436
-6.47625
-6.46814
-6.46002
-6.45191
-6.44379
-6.43567
-6.42755
-6.41943
-6.41130
-6.40318
-6.39505
-6.38693
-6.37880
-6.37067
-6.36254
-6.35440
-6.34627
-6.33813
-6.33000
-6.32186
-6.31372
-6.30558
-6.29744
-6.28929
-6.28115
-6.27300
-6.26485
-6.25671
-6.24855
-6.24040
-6.23225
-6.22410
-6.21594
-6.20778
-6.19962
-6.19146
-6.18330
-6.17514
-6.16698
-6.15881
-6.15064
-6.14248
-6.13431
-6.12614
-6.11796
-6.10979
-6.10162
-6.09344
-6.08526
-6.07708
-6.06890
-6.06072
-6.05254
-6.04435
-6.03617
-6.02798
-6.01979
-6.01160
-6.00341
-5.99522
-5.98702
-5.97883
-5.97063
-5.96243
-5.95423
-5.94603
-5.93783
-5.92963
-5.92142
-5.91322
-5.90501
-5.89680
-5.88859
-5.88038
-5.87216
-5.86395
-5.85573
-5.84751
-5.83930
-5.83107
-5.82285
-5.81463
-5.80641
-5.79818
-5.78995
-5.78172
-5.77349
-5.76526
-5.75703
-5.74880
-5.74056
-5.73232
-5.72409
-5.71585
-5.70760
-5.69936
-5.69112
-5.68287
-5.67463
-5.66638
-5.65813
-5.64988
-5.64163
-5.63337
-5.62512
-5.61686
-5.60860
-5.60034
-5.59208
-5.58382
-5.57556
-5.56729
-5.55903
-5.55076
-5.54249
-5.53422
-5.52595
-5.51768
-5.50940
-5.50112
-5.49285
-5.48457
-5.47629
-5.46801
-5.45972
-5.45144
-5.44315
-5.43487
-5.42658
-5.41829
-5.41000
-5.40170
-5.39341
-5.38511
-5.37682
-5.36852
-5.36022
-5.35192
-5.34361
-5.33531
-5.32700
-5.31870
-5.31039
-5.30208
-5.29377
-5.28546
-5.27714
-5.26883
-5.26051
-5.25219
-5.24387
-5.23555
-5.22723
-5.21890
-5.21058
-5.20225
-5.19392
-5.18559
-5.17726
-5.16893
-5.16060
-5.15226
-5.14393
-5.13559
-5.12725
-5.11891
-5.11056
-5.10222
-5.09388
-5.08553
-5.07718
-5.06883
-5.06048
-5.05213
-5.04377
-5.03542
-5.02706
-5.01870
-5.01035
-5.00198
-4.99362
-4.98526
-4.97689
-4.96853
-4.96016
-4.95179
-4.94342
-4.93505
-4.92667
-4.91830
-4.90992
-4.90154
-4.89316
-4.88478
-4.87640
-4.86801
-4.85963
-4.85124
-4.84285
-4.83447
-4.82607
-4.81768
-4.80929
-4.80089
-4.79250
-4.78410
-4.77570
-4.76730
-4.75889
-4.75049
-4.74208
-4.73368
-4.72527
-4.71686
-4.70845
-4.70004
-4.69162
-4.68321
-4.67479
-4.66637
-4.65795
-4.64953
-4.64111
-4.63268
-4.62426
-4.61583
-4.60740
-4.59897
-4.59054
-4.58211
-4.57367
-4.56524
-4.55680
-4.54836
-4.53992
-4.53148
-4.52303
-4.51459
-4.50614
-4.49770
-4.48925
-4.48080
-4.47234
-4.46389
-4.45544
-4.44698
-4.43852
-4.43006
-4.42160
-4.41314
-4.40468
-4.39621
-4.38774
-4.37928
-4.37081
-4.36234
-4.35386
-4.34539
-4.33691
-4.32844
-4.31996
-4.31148
-4.30300
-4.29452
-4.28603
-4.27755
-4.26906
-4.26057
-4.25208
-4.24359
-4.23510
-4.22660
-4.21810
-4.20961
-4.20111
-4.19261
-4.18411
-4.17560
-4.16710
-4.15859
-4.15008
-4.14157
-4.13306
-4.12455
-4.11604
-4.10752
-4.09901
-4.09049
-4.08197
-4.07345
-4.06492
-4.05640
-4.04787
-4.03935
-4.03082
-4.02229
-4.01376
-4.00522
-3.99669
-3.98815
-3.97962
-3.97108
-3.96254
-3.95400
-3.94545
-3.93691
-3.92836
-3.91981
-3.91126
-3.90271
-3.89416
-3.88561
-3.87705
-3.86849
-3.85994
-3.85138
-3.84281
-3.83425
-3.82569
-3.81712
-3.80855
-3.79998
-3.79141
-3.78284
-3.77427
-3.76569
-3.75712
-3.74854
-3.73996
-3.73138
-3.72280
-3.71421
-3.70563
-3.69704
-3.68845
-3.67986
-3.67127
-3.66268
-3.65408
-3.64549
-3.63689
-3.62829
-3.61969
-3.61109
-3.60249
-3.59388
-3.58527
-3.57667
-3.56806
-3.55945
-3.55083
-3.54222
-3.53360
-3.52499
-3.51637
-3.50775
-3.49913
-3.49050
-3.48188
-3.47325
-3.46462
-3.45599
-3.44736
-3.43873
-3.43010
-3.42146
-3.41283
-3.40419
-3.39555
-3.38691
-3.37826
-3.36962
-3.36097
-3.35232
-3.34368
-3.33502
-3.32637
-3.31772
-3.30906
-3.30041
-3.29175
-3.28309
-3.27443
-3.26576
-3.25710
-3.24843
-3.23977
-3.23110
-3.22243
-3.21376
-3.20508
-3.19641
-3.18773
-3.17905
-3.17037
-3.16169
-3.15301
-3.14432
-3.13564
-3.12695
-3.11826
-3.10957
-3.10088
-3.09218
-3.08349
-3.07479
-3.06609
-3.05739
-3.04869
-3.03999
-3.03129
-3.02258
-3.01387
-3.00516
-2.99645
-2.98774
-2.97903
-2.97031
-2.96160
-2.95288
-2.94416
-2.93544
-2.92671
-2.91799
-2.90926
-2.90053
-2.89180
-2.88307
-2.87434
-2.86561
-2.85687
-2.84814
-2.83940
-2.83066
-2.82191
-2.81317
-2.80443
-2.79568
-2.78693
-2.77818
-2.76943
-2.76068
-2.75193
-2.74317
-2.73441
-2.72565
-2.71689
-2.70813
-2.69937
-2.69060
-2.68184
-2.67307
-2.66430
-2.65553
-2.64675
-2.63798
-2.62920
-2.62042
-2.61164
-2.60286
-2.59408
-2.58530
-2.57651
-2.56772
-2.55894
-2.55015
-2.54135
-2.53256
-2.52377
-2.51497
-2.50617
-2.49737
-2.48857
-2.47977
-2.47096
-2.46216
-2.45335
-2.44454
-2.43573
-2.42692
-2.41810
-2.40929
-2.40047
-2.39165
-2.38283
-2.37401
-2.36518
-2.35636
-2.34753
-2.33870
-2.32987
-2.32104
-2.31221
-2.30337
-2.29454
-2.28570
-2.27686
-2.26802
-2.25918
-2.25033
-2.24149
-2.23264
-2.22379
-2.21494
-2.20609
-2.19723
-2.18838
-2.17952
-2.17066
-2.16180
-2.15294
-2.14408
-2.13521
-2.12635
-2.11748
-2.10861
-2.09974
-2.09086
-2.08199
-2.07311
-2.06424
-2.05536
-2.04647
-2.03759
-2.02871
-2.01982
-2.01093
-2.00205
-1.99315
-1.98426
-1.97537
-1.96647
-1.95758
-1.94868
-1.93978
-1.93087
-1.92197
-1.91307
-1.90416
-1.89525
-1.88634
-1.87743
-1.86851
-1.85960
-1.85068
-1.84176
-1.83284
-1.82392
-1.81500
-1.80608
-1.79715
-1.78822
-1.77929
-1.77036
-1.76143
-1.75249
-1.74356
-1.73462
-1.72568
-1.71674
-1.70780
-1.69885
-1.68991
-1.68096
-1.67201
-1.66306
-1.65411
-1.64515
-1.63620
-1.62724
-1.61828
-1.60932
-1.60036
-1.59139
-1.58243
-1.57346
-1.56449
-1.55552
-1.54655
-1.53758
-1.52860
-1.51962
-1.51065
-1.50166
-1.49268
-1.48370
-1.47471
-1.46573
-1.45674
-1.44775
-1.43876
-1.42976
-1.42077
-1.41177
-1.40277
-1.39377
-1.38477
-1.37577
-1.36676
-1.35776
-1.34875
-1.33974
-1.33073
-1.32171
-1.31270
-1.30368
-1.29466
-1.28564
-1.27662
-1.26760
-1.25857
-1.24955
-1.24052
-1.23149
-1.22246
-1.21343
-1.20439
-1.19535
-1.18632
-1.17728
-1.16823
-1.15919
-1.15015
-1.14110
-1.13205
-1.12300
-1.11395
-1.10490
-1.09584
-1.08679
-1.07773
-1.06867
-1.05961
-1.05054
-1.04148
-1.03241
-1.02334
-1.01427
-1.00520
-0.99613
-0.98705
-0.97798
-0.96890
-0.95982
-0.95074
-0.94165
-0.93257
-0.92348
-0.91439
-0.90530
-0.89621
-0.88712
-0.87802
-0.86893
-0.85983
-0.85073
-0.84163
-0.83252
-0.82342
-0.81431
-0.80520
-0.79609
-0.78698
-0.77787
-0.76875
-0.75963
-0.75052
-0.74140
-0.73227
-0.72315
-0.71402
-0.70490
-0.69577
-0.68664
-0.67750
-0.66837
-0.65923
-0.65010
-0.64096
-0.63182
-0.62267
-0.61353
-0.60438
-0.59524
-0.58609
-0.57694
-0.56778
-0.55863
-0.54947
-0.54032
-0.53116
-0.52199
-0.51283
-0.50367
-0.49450
-0.48533
-0.47616
-0.46699
-0.45782
-0.44864
-0.43947
-0.43029
-0.42111
-0.41193
-0.40274
-0.39356
-0.38437
-0.37518
-0.36599
-0.35680
-0.34761
-0.33841
-0.32921
-0.32001
-0.31081
-0.30161
-0.29241
-0.28320
-0.27399
-0.26478
-0.25557
-0.24636
-0.23714
-0.22793
-0.21871
-0.20949
-0.20027
-0.19105
-0.18182
-0.17259
-0.16337
-0.15414
-0.14490
-0.13567
-0.12643
-0.11720
-0.10796
-0.09872
-0.08948
-0.08023
-0.07099
-0.06174
-0.05249
-0.04324
-0.03399
-0.02473
-0.01547
-0.00622
0.00304
0.01230
0.02157
0.03083
0.04010
0.04937
0.05864
0.06791
0.07718
0.08646
0.09574
0.10501
0.11430
0.12358
0.13286
0.14215
0.15144
0.16073
0.17002
0.17931
0.18860
0.19790
0.20720
0.21650
0.22580
0.23510
0.24441
0.25372
0.26303
0.27234
0.28165
0.29096
0.30028
0.30960
0.31892
0.32824
0.33756
0.34688
0.35621
0.36554
0.37487
0.38420
0.39353
0.40287
0.41221
0.42155
0.43089
0.44023
0.44957
0.45892
0.46827
0.47762
0.48697
0.49632
0.50568
0.51503
0.52439
0.53375
0.54311
0.55248
0.56184
0.57121
0.58058
0.58995
0.59932
0.60870
0.61807
0.62745
0.63683
0.64621
0.65560
0.66498
0.67437
0.68376
0.69315
0.70254
0.71193
0.72133
0.73073
0.74013
0.74953
0.75893
0.76834
0.77774
0.78715
0.79656
0.80598
0.81539
0.82481
0.83422
0.84364
0.85306
0.86249
0.87191
0.88134
0.89077
0.90020
0.90963
0.91906
0.92850
0.93794
0.94737
0.95682
0.96626
0.97570
0.98515
0.99460
1.00405
1.01350
1.02295
1.03241
1.04187
1.05133
1.06079
1.07025
1.07972
1.08918
1.09865
1.10812
1.11759
1.12707
1.13654
1.14602
1.15550
1.16498
1.17446
1.18395
1.19343
1.20292
1.21241
1.22191
1.23140
1.24089
1.25039
1.25989
1.26939
1.27890
1.28840
1.29791
1.30742
1.31693
1.32644
1.33595
1.34547
1.35499
1.36451
1.37403
1.38355
1.39308
1.40260
1.41213
1.42166
1.43120
1.44073
1.45027
1.45981
1.46935
1.47889
1.48843
1.49798
1.50752
1.51707
1.52662
1.53618
1.54573
1.55529
1.56485
1.57441
1.58397
1.59353
1.60310
1.61267
1.62224
1.63181
1.64138
1.65096
1.66053
1.67011
1.67969
1.68928
1.69886
1.70845
1.71804
1.72763
1.73722
1.74681
1.75641
1.76600
1.77560
1.78521
1.79481
1.80441
1.81402
1.82363
1.83324
1.84285
1.85247
1.86208
1.87170
1.88132
1.89094
1.90057
1.91019
1.91982
1.92945
1.93908
1.94872
1.95835
1.96799
1.97763
1.98727
1.99691
2.00656
2.01620
2.02585
2.03550
2.04515
2.05481
2.06446
2.07412
2.08378
2.09344
2.10311
2.11277
2.12244
2.13211
2.14178
2.15145
2.16113
2.17080
2.18048
2.19016
2.19985
2.20953
2.21922
2.22891
2.23860
2.24829
2.25798
2.26768
2.27738
2.28708
2.29678
2.30648
2.31619
2.32589
2.33560
2.34531
2.35503
2.36474
2.37446
2.38418
2.39390
2.40362
2.41335
2.42307
2.43280
2.44253
2.45226
2.46200
2.47173
2.48147
2.49121
2.50095
2.51070
2.52044
2.53019
2.53994
2.54969
2.55945
2.56920
2.57896
2.58872
2.59848
2.60824
2.61801
2.62778
2.63754
2.64732
2.65709
2.66686
2.67664
2.68642
2.69620
2.70598
2.71577
2.72555
2.73534
2.74513
2.75492
2.76472
2.77451
2.78431
2.79411
2.80391
2.81372
2.82352
2.83333
2.84314
2.85295
2.86277
2.87258
2.88240
2.89222
2.90204
2.91187
2.92169
2.93152
2.94135
2.95118
2.96101
2.97085
2.98069
2.99052
3.00037
3.01021
3.02005
3.02990
3.03975
3.04960
3.05945
3.06931
3.07917
3.08902
3.09889
3.10875
3.11861
3.12848
3.13835
3.14822
3.15809
3.16797
3.17784
3.18772
3.19760
3.20749
3.21737
3.22726
3.23715
3.24704
3.25693
3.26682
3.27672
3.28662
3.29652
3.30642
3.31633
3.32623
3.33614
3.34605
3.35596
3.36588
3.37579
3.38571
3.39563
3.40556
3.41548
3.42541
3.43533
3.44526
3.45520
3.46513
3.47507
3.48501
3.49495
3.50489
3.51483
3.52478
3.53473
3.54468
3.55463
3.56459
3.57454
3.58450
3.59446
3.60442
3.61439
3.62435
3.63432
3.64429
3.65427
3.66424
3.67422
3.68420
3.69418
3.70416
3.71414
3.72413
3.73412
3.74411
3.75410
3.76410
3.77410
3.78409
3.79409
3.80410
3.81410
3.82411
3.83412
3.84413
3.85414
3.86416
3.87418
3.88419
3.89422
3.90424
3.91426
3.92429
3.93432
3.94435
3.95439
3.96442
3.97446
3.98450
3.99454
4.00458
4.01463
4.02468
4.03473
4.04478
4.05483
4.06489
4.07495
4.08501
4.09507
4.10513
4.11520
4.12527
4.13534
4.14541
4.15548
4.16556
4.17564
4.18572
4.19580
4.20589
4.21597
4.22606
4.23615
4.24625
4.25634
4.26644
4.27654
4.28664
4.29674
4.30685
4.31695
4.32706
4.33718
4.34729
4.35741
4.36752
4.37764
4.38776
4.39789
4.40801
4.41814
4.42827
4.43841
4.44854
4.45868
4.46882
4.47896
4.48910
4.49924
4.50939
4.51954
4.52969
4.53984
4.55000
4.56016
4.57032
4.58048
4.59064
4.60081
4.61097
4.62114
4.63132
4.64149
4.65167
4.66184
4.67203
4.68221
4.69239
4.70258
4.71277
4.72296
4.73315
4.74335
4.75354
4.76374
4.77394
4.78415
4.79435
4.80456
4.81477
4.82498
4.83520
4.84541
4.85563
4.86585
4.87608
4.88630
4.89653
4.90676
4.91699
4.92722
4.93746
4.94769
4.95793
4.96817
4.97842
4.98866
4.99891
5.00916
5.01941
5.02967
5.03992
5.05018
5.06044
5.07071
5.08097
5.09124
5.10151
5.11178
5.12205
5.13233
5.14261
5.15289
5.16317
5.17345
5.18374
5.19403
5.20432
5.21461
5.22491
5.23520
5.24550
5.25581
5.26611
5.27641
5.28672
5.29703
5.30735
5.31766
5.32798
5.33829
5.34862
5.35894
5.36926
5.37959
5.38992
5.40025
5.41059
5.42092
5.43126
5.44160
5.45194
5.46229
5.47263
5.48298
5.49333
5.50369
5.51404
5.52440
5.53476
5.54512
5.55549
5.56585
5.57622
5.58659
5.59696
5.60734
5.61772
5.62810
5.63848
5.64886
5.65925
5.66964
5.68003
5.69042
5.70081
5.71121
5.72161
5.73201
5.74241
5.75282
5.76323
5.77364
5.78405
5.79446
5.80488
5.81530
5.82572
5.83614
5.84657
5.85700
5.86743
5.87786
5.88829
5.89873
5.90917
5.91961
5.93005
5.94050
5.95094
5.96139
5.97184
5.98230
5.99275
6.00321
6.01367
6.02414
6.03460
6.04507
6.05554
6.06601
6.07648
6.08696
6.09744
6.10792
6.11840
6.12889
6.13937
6.14986
6.16036
6.17085
6.18135
6.19184
6.20235
6.21285
6.22335
6.23386
6.24437
6.25488
6.26540
6.27591
6.28643
6.29695
6.30747
6.31800
6.32853
6.33906
6.34959
6.36012
6.37066
6.38120
6.39174
6.40228
6.41283
6.42338
6.43393
6.44448
6.45503
6.46559
6.47615
6.48671
6.49727
6.50784
6.51841
6.52898
6.53955
6.55012
6.56070
6.57128
6.58186
6.59245
6.60303
6.61362
6.62421
6.63480
6.64540
6.65600
6.66660
6.67720
6.68780
6.69841
6.70902
6.71963
6.73024
6.74086
6.75148
6.76210
6.77272
6.78334
6.79397
6.80460
6.81523
6.82586
6.83650
6.84714
6.85778
6.86842
6.87907
6.88972
6.90037
6.91102
6.92167
6.93233
6.94299
6.95365
6.96431
6.97498
6.98565
6.99632
7.00699
7.01767
7.02834
7.03902
7.04971
7.06039
7.07108
7.08177
7.09246
7.10315
7.11385
7.12454
7.13524
7.14595
7.15665
7.16736
7.17807
7.18878
7.19950
7.21021
7.22093
7.23165
7.24238
7.25310
7.26383
7.27456
7.28530
7.29603
7.30677
7.31751
7.32825
7.33900
7.34974
7.36049
7.37124
7.38200
7.39276
7.40351
7.41427
7.42504
7.43580
7.44657
7.45734
7.46812
7.47889
7.48967
7.50045
7.51123
7.52201
7.53280
7.54359
7.55438
7.56518
7.57597
7.58677
7.59757
7.60838
7.61918
7.62999
7.64080
7.65161
7.66243
7.67324
7.68406
7.69489
7.70571
7.71654
7.72737
7.73820
7.74903
7.75987
7.77071
7.78155
7.79239
7.80324
7.81409
7.82494
7.83579
7.84665
7.85750
7.86836
7.87923
7.89009
7.90096
7.91183
7.92270
7.93358
7.94445
7.95533
7.96621
7.97710
7.98798
7.99887
8.00976
8.02066
8.03155
8.04245
8.05335
8.06426
8.07516
8.08607
8.09698
8.10789
8.11881
8.12973
8.14065
8.15157
8.16249
8.17342
8.18435
8.19528
8.20622
8.21715
8.22809
8.23904
8.24998
8.26093
8.27188
8.28283
8.29378
8.30474
8.31570
8.32666
8.33762
8.34859
8.35956
8.37053
8.38150
8.39248
8.40345
8.41443
8.42542
8.43640
8.44739
8.45838
8.46937
8.48037
8.49137
8.50237
8.51337
8.52437
8.53538
8.54639
8.55740
8.56842
8.57943
8.59045
8.60148
8.61250
8.62353
8.63456
8.64559
8.65662
8.66766
8.67870
8.68974
8.70079
8.71183
8.72288
8.73393
8.74499
8.75604
8.76710
8.77816
8.78923
8.80029
8.81136
8.82244
8.83351
8.84459
8.85566
8.86675
8.87783
8.88892
8.90000
8.91109
8.92219
8.93328
8.94438
8.95548
8.96659
8.97769
8.98880
8.99991
9.01103
9.02214
9.03326
9.04438
9.05551
9.06663
9.07776
9.08889
9.10003
9.11116
9.12230
9.13344
9.14458
9.15573
9.16688
9.17803
9.18918
9.20034
9.21150
9.22266
9.23382
9.24499
9.25616
9.26733
9.27850
9.28968
9.30086
9.31204
9.32322
9.33441
9.34560
9.35679
9.36798
9.37918
9.39038
9.40158
9.41278
9.42399
9.43520
9.44641
9.45762
9.46884
9.48006
9.49128
9.50251
9.51373
9.52496
9.53619
9.54743
9.55866
9.56990
9.58115
9.59239
9.60364
9.61489
9.62614
9.63739
9.64865
9.65991
9.67117
9.68244
9.69371
9.70498
9.71625
9.72752
9.73880
9.75008
9.76137
9.77265
9.78394
9.79523
9.80652
9.81782
9.82912
9.84042
9.85172
9.86303
9.87434
9.88565
9.89696
9.90828
9.91960
9.93092
9.94224
9.95357
9.96490
9.97623
9.98756
9.99890
10.01024
10.02158
10.03293
10.04428
10.05563
10.06698
10.07833
10.08969
10.10105
10.11242
10.12378
10.13515
10.14652
10.15789
10.16927
10.18065
10.19203
10.20341
10.21480
10.22619
10.23758
10.24898
10.26037
10.27177
10.28317
10.29458
10.30599
10.31740
10.32881
10.34022
10.35164
10.36306
10.37449
10.38591
10.39734
10.40877
10.42020
10.43164
10.44308
10.45452
10.46597
10.47741
10.48886
10.50031
10.51177
10.52323
10.53469
10.54615
10.55761
10.56908
10.58055
10.59203
10.60350
10.61498
10.62646
10.63795
10.64943
10.66092
10.67241
10.68391
10.69541
10.70691
10.71841
10.72991
10.74142
10.75293
10.76445
10.77596
10.78748
10.79900
10.81053
10.82205
10.83358
10.84511
10.85665
10.86819
10.87973
10.89127
10.90281
10.91436
10.92591
10.93747
10.94902
10.96058
10.97214
10.98371
10.99527
11.00684
11.01841
11.02999
11.04157
11.05315
11.06473
11.07632
11.08790
11.09950
11.11109
11.12269
11.13429
11.14589
11.15749
11.16910
11.18071
11.19232
11.20394
11.21556
11.22718
11.23880
11.25043
11.26206
11.27369
11.28532
11.29696
11.30860
11.32024
11.33189
11.34354
11.35519
11.36684
11.37850
11.39016
11.40182
11.41348
11.42515
11.43682
11.44849
11.46017
11.47185
11.48353
11.49521
11.50690
11.51859
11.53028
11.54198
11.55367
11.56537
11.57708
11.58878
11.60049
11.61220
11.62392
11.63563
11.64735
11.65908
11.67080
11.68253
11.69426
11.70599
11.71773
11.72947
11.74121
11.75295
11.76470
11.77645
11.78820
11.79996
11.81172
11.82348
11.83524
11.84701
11.85878
11.87055
11.88233
11.89411
11.90589
11.91767
11.92946
11.94125
11.95304
11.96483
11.97663
11.98843
12.00023
12.01204
12.02385
12.03566
12.04747
12.05929
12.07111
12.08293
12.09476
12.10659
12.11842
12.13025
12.14209
12.15393
12.16577
12.17762
12.18946
12.20132
12.21317
12.22503
12.23689
12.24875
12.26061
12.27248
12.28435
12.29623
12.30810
12.31998
12.33186
12.34375
12.35564
12.36753
12.37942
12.39132
12.40321
12.41512
12.42702
12.43893
12.45084
12.46275
12.47467
12.48659
12.49851
12.51044
12.52236
12.53429
12.54623
12.55816
12.57010
12.58204
12.59399
12.60594
12.61789
12.62984
12.64180
12.65376
12.66572
12.67768
12.68965
12.70162
12.71360
12.72557
12.73755
12.74953
12.76152
12.77351
12.78550
12.79749
12.80949
12.82149
12.83349
12.84550
12.85750
12.86952
12.88153
12.89355
12.90557
12.91759
12.92961
12.94164
12.95367
12.96571
12.97775
12.98979
13.00183
13.01388
13.02592
13.03798
13.05003
13.06209
13.07415
13.08621
13.09828
13.11035
13.12242
13.13450
13.14657
13.15866
13.17074
13.18283
13.19492
13.20701
13.21911
13.23120
13.24331
13.25541
13.26752
13.27963
13.29174
13.30386
13.31598
13.32810
13.34023
13.35235
13.36449
13.37662
13.38876
13.40090
13.41304
13.42519
13.43733
13.44949
13.46164
13.47380
13.48596
13.49812
13.51029
13.52246
13.53463
13.54681
13.55899
13.57117
13.58335
13.59554
13.60773
13.61993
13.63212
13.64432
13.65652
13.66873
13.68094
13.69315
13.70536
13.71758
13.72980
13.74203
13.75425
13.76648
13.77871
13.79095
13.80319
13.81543
13.82767
13.83992
13.85217
13.86443
13.87668
13.88894
13.90120
13.91347
13.92574
13.93801
13.95028
13.96256
13.97484
13.98713
13.99941
14.01170
14.02400
14.03629
14.04859
14.06089
14.07320
14.08551
14.09782
14.11013
14.12245
14.13477
14.14709
14.15942
14.17175
14.18408
14.19642
14.20875
14.22110
14.23344
14.24579
14.25814
14.27049
14.28285
14.29521
14.30757
14.31994
14.33231
14.34468
14.35706
14.36943
14.38182
14.39420
14.40659
14.41898
14.43137
14.44377
14.45617
14.46857
14.48098
14.49339
14.50580
14.51821
14.53063
14.54305
14.55548
14.56791
14.58034
14.59277
14.60521
14.61765
14.63009
14.64254
14.65499
14.66744
14.67990
14.69236
14.70482
14.71728
14.72975
14.74222
14.75470
14.76717
14.77965
14.79214
14.80463
14.81712
14.82961
14.84210
14.85460
14.86711
14.87961
14.89212
14.90463
14.91715
14.92967
14.94219
14.95471
14.96724
14.97977
14.99230
15.00484
15.01738
15.02993
15.04247
15.05502
15.06758
15.08013
15.09269
15.10525
15.11782
15.13039
15.14296
15.15553
15.16811
15.18069
15.19328
15.20587
15.21846
15.23105
15.24365
15.25625
15.26885
15.28146
15.29407
15.30668
15.31930
15.33192
15.34454
15.35717
15.36980
15.38243
15.39506
15.40770
15.42035
15.43299
15.44564
15.45829
15.47095
15.48360
15.49626
15.50893
15.52160
15.53427
15.54694
15.55962
15.57230
15.58498
15.59767
15.61036
15.62305
15.63575
15.64845
15.66115
15.67386
15.68657
15.69928
15.71200
15.72472
15.73744
15.75017
15.76290
15.77563
15.78836
15.80110
15.81384
15.82659
15.83934
15.85209
15.86485
15.87760
15.89037
15.90313
15.91590
15.92867
15.94144
15.95422
15.96700
15.97979
15.99258
16.00537
16.01816
16.03096
16.04376
16.05656
16.06937
16.08218
16.09500
16.10781
16.12063
16.13346
16.14629
16.15912
16.17195
16.18479
16.19763
16.21047
16.22332
16.23617
16.24902
16.26188
16.27474
16.28760
16.30047
16.31334
16.32621
16.33909
16.35197
16.36485
16.37774
16.39063
16.40352
16.41642
16.42932
16.44222
16.45513
16.46804
16.48095
16.49387
16.50679
16.51971
16.53264
16.54557
16.55851
16.57144
16.58438
16.59733
16.61027
16.62322
16.63618
16.64913
16.66209
16.67506
16.68803
16.70100
16.71397
16.72695
16.73993
16.75291
16.76590
16.77889
16.79188
16.80488
16.81788
16.83089
16.84389
16.85690
16.86992
16.88294
16.89596
16.90898
16.92201
16.93504
16.94808
16.96111
16.97416
16.98720
17.00025
17.01330
17.02636
17.03942
17.05248
17.06554
17.07861
17.09168
17.10476
17.11784
17.13092
17.14401
17.15710
17.17019
17.18329
17.19639
17.20949
17.22259
17.23570
17.24882
17.26194
17.27506
17.28818
17.30131
17.31444
17.32757
17.34071
17.35385
17.36699
17.38014
17.39329
17.40645
17.41961
17.43277
17.44593
17.45910
17.47227
17.48545
17.49863
17.51181
17.52500
17.53819
17.55138
17.56458
17.57778
17.59098
17.60419
17.61740
17.63061
17.64383
17.65705
17.67028
17.68350
17.69673
17.70997
17.72321
17.73645
17.74970
17.76294
17.77620
17.78945
17.80271
17.81598
17.82924
17.84251
17.85579
17.86906
17.88234
17.89563
17.90892
17.92221
17.93550
17.94880
17.96210
17.97541
17.98872
18.00203
18.01534
18.02866
18.04199
18.05531
18.06864
18.08198
18.09531
18.10866
18.12200
18.13535
18.14870
18.16205
18.17541
18.18878
18.20214
18.21551
18.22888
18.24226
18.25564
18.26902
18.28241
18.29580
18.30920
18.32259
18.33600
18.34940
18.36281
18.37622
18.38964
18.40306
18.41648
18.42991
18.44334
18.45677
18.47021
18.48365
18.49710
18.51055
18.52400
18.53745
18.55091
18.56438
18.57784
18.59131
18.60479
18.61826
18.63174
18.64523
18.65872
18.67221
18.68570
18.69920
18.71271
18.72621
18.73972
18.75324
18.76675
18.78028
18.79380
18.80733
18.82086
18.83440
18.84794
18.86148
18.87503
18.88858
18.90213
18.91569
18.92925
18.94281
18.95638
18.96996
18.98353
18.99711
19.01070
19.02428
19.03787
19.05147
19.06507
19.07867
19.09227
19.10588
19.11950
19.13311
19.14673
19.16036
19.17399
19.18762
19.20125
19.21489
19.22853
19.24218
19.25583
19.26948
19.28314
19.29680
19.31047
19.32414
19.33781
19.35149
19.36517
19.37885
19.39254
19.40623
19.41992
19.43362
19.44732
19.46103
19.47474
19.48845
19.50217
19.51589
19.52962
19.54335
19.55708
19.57082
19.58456
19.59830
19.61205
19.62580
19.63955
19.65331
19.66708
19.68084
19.69461
19.70839
19.72216
19.73595
19.74973
19.76352
19.77731
19.79111
19.80491
19.81871
19.83252
19.84633
19.86015
19.87397
19.88779
19.90162
19.91545
19.92929
19.94313
19.95697
19.97081
19.98466
19.99852
20.01238
20.02624
20.04010
20.05397
20.06785
20.08172
20.09560
20.10949
20.12338
20.13727
20.15117
20.16507
20.17897
20.19288
20.20679
20.22071
20.23462
20.24855
20.26248
20.27641
20.29034
20.30428
20.31822
20.33217
20.34612
20.36007
20.37403
20.38799
20.40196
20.41593
20.42990
20.44388
20.45786
20.47185
20.48584
20.49983
20.51383
20.52783
20.54183
20.55584
20.56986
20.58387
20.59789
20.61192
20.62595
20.63998
20.65401
20.66805
20.68210
20.69615
20.71020
20.72426
20.73832
20.75238
20.76645
20.78052
20.79459
20.80867
20.82276
20.83685
20.85094
20.86503
20.87913
20.89324
20.90734
20.92145
20.93557
20.94969
20.96381
20.97794
20.99207
21.00621
21.02035
21.03449
21.04864
21.06279
21.07694
21.09110
21.10526
21.11943
21.13360
21.14778
21.16196
21.17614
21.19033
21.20452
21.21871
21.23291
21.24712
21.26132
21.27553
21.28975
21.30397
21.31819
21.33242
21.34665
21.36089
21.37513
21.38937
21.40362
21.41787
21.43213
21.44639
21.46065
21.47492
21.48919
21.50347
21.51775
21.53203
21.54632
21.56061
21.57491
21.58921
21.60351
21.61782
21.63213
21.64645
21.66077
21.67509
21.68942
21.70376
21.71809
21.73244
21.74678
21.76113
21.77548
21.78984
21.80420
21.81857
21.83294
21.84731
21.86169
21.87607
21.89046
21.90485
21.91925
21.93364
21.94805
21.96245
21.97687
21.99128
22.00570
22.02012
22.03455
22.04898
22.06342
22.07786
22.09231
22.10675
22.12121
22.13566
22.15012
22.16459
22.17906
22.19353
22.20801
22.22249
22.23698
22.25147
22.26596
22.28046
22.29496
22.30947
22.32398
22.33850
22.35302
22.36754
22.38207
22.39660
22.41114
22.42568
22.44022
22.45477
22.46933
22.48388
22.49844
22.51301
22.52758
22.54216
22.55673
22.57132
22.58590
22.60050
22.61509
22.62969
22.64429
22.65890
22.67352
22.68813
22.70275
22.71738
22.73201
22.74664
22.76128
22.77592
22.79057
22.80522
22.81987
22.83453
22.84920
22.86387
22.87854
22.89321
22.90790
22.92258
22.93727
22.95196
22.96666
22.98136
22.99607
23.01078
23.02550
23.04022
23.05494
23.06967
23.08440
23.09914
23.11388
23.12862
23.14337
23.15813
23.17289
23.18765
23.20242
23.21719
23.23196
23.24674
23.26153
23.27632
23.29111
23.30591
23.32071
23.33552
23.35033
23.36514
23.37996
23.39478
23.40961
23.42444
23.43928
23.45412
23.46897
23.48382
23.49867
23.51353
23.52839
23.54326
23.55813
23.57301
23.58789
23.60278
23.61767
23.63256
23.64746
23.66236
23.67727
23.69218
23.70710
23.72202
23.73694
23.75187
23.76680
23.78174
23.79668
23.81163
23.82658
23.84154
23.85650
23.87146
23.88643
23.90141
23.91639
23.93137
23.94636
23.96135
23.97634
23.99134
24.00635
24.02136
24.03637
24.05139
24.06641
24.08144
24.09647
24.11151
24.12655
24.14160
24.15665
24.17170
24.18676
24.20182
24.21689
24.23196
24.24704
24.26212
24.27721
24.29230
24.30739
24.32249
24.33760
24.35271
24.36782
24.38294
24.39806
24.41319
24.42832
24.44345
24.45859
24.47374
24.48889
24.50404
24.51920
24.53436
24.54953
24.56470
24.57988
24.59506
24.61025
24.62544
24.64064
24.65584
24.67104
24.68625
24.70146
24.71668
24.73190
24.74713
24.76236
24.77760
24.79284
24.80809
24.82334
24.83859
24.85385
24.86912
24.88439
24.89966
24.91494
24.93022
24.94551
24.96080
24.97610
24.99140
25.00671
25.02202
25.03733
25.05265
25.06798
25.08331
25.09864
25.11398
25.12932
25.14467
25.16002
25.17538
25.19074
25.20611
25.22148
25.23686
25.25224
25.26763
25.28302
25.29841
25.31381
25.32922
25.34462
25.36004
25.37546
25.39088
25.40631
25.42174
25.43718
25.45262
25.46807
25.48352
25.49898
25.51444
25.52990
25.54537
25.56085
25.57633
25.59182
25.60731
25.62280
25.63830
25.65380
25.66931
25.68483
25.70034
25.71587
25.73140
25.74693
25.76247
25.77801
25.79355
25.80911
25.82466
25.84023
25.85579
25.87136
25.88694
25.90252
25.91810
25.93370
25.94929
25.96489
25.98050
25.99611
26.01172
26.02734
26.04296
26.05859
26.07423
26.08987
26.10551
26.12116
26.13681
26.15247
26.16813
26.18380
26.19947
26.21515
26.23083
26.24652
26.26221
26.27791
26.29361
26.30932
26.32503
26.34075
26.35647
26.37220
26.38793
26.40366
26.41941
26.43515
26.45090
26.46666
26.48242
26.49819
26.51396
26.52973
26.54551
26.56130
26.57709
26.59288
26.60869
26.62449
26.64030
26.65612
26.67194
26.68776
26.70359
26.71943
26.73527
26.75111
26.76696
26.78282
26.79868
26.81454
26.83041
26.84629
26.86217
26.87805
26.89394
26.90984
26.92574
26.94164
26.95755
26.97347
26.98939
27.00532
27.02125
27.03718
27.05312
27.06907
27.08502
27.10097
27.11693
27.13290
27.14887
27.16484
27.18083
27.19681
27.21280
27.22880
27.24480
27.26080
27.27682
27.29283
27.30885
27.32488
27.34091
27.35695
27.37299
27.38904
27.40509
27.42114
27.43721
27.45327
27.46935
27.48542
27.50151
27.51759
27.53369
27.54978
27.56589
27.58200
27.59811
27.61423
27.63035
27.64648
27.66261
27.67875
27.69490
27.71105
27.72720
27.74336
27.75953
27.77570
27.79187
27.80805
27.82424
27.84043
27.85663
27.87283
27.88903
27.90524
27.92146
27.93768
27.95391
27.97014
27.98638
28.00262
28.01887
28.03513
28.05138
28.06765
28.08392
28.10019
28.11647
28.13276
28.14905
28.16534
28.18164
28.19795
28.21426
28.23058
28.24690
28.26322
28.27956
28.29589
28.31224
28.32858
28.34494
28.36130
28.37766
28.39403
28.41040
28.42678
28.44317
28.45956
28.47596
28.49236
28.50876
28.52518
28.54159
28.55801
28.57444
28.59088
28.60731
28.62376
28.64021
28.65666
28.67312
28.68959
28.70606
28.72253
28.73902
28.75550
28.77199
28.78849
28.80499
28.82150
28.83802
28.85454
28.87106
28.88759
28.90413
28.92067
28.93721
28.95376
28.97032
28.98688
29.00345
29.02002
29.03660
29.05319
29.06978
29.08637
29.10297
29.11958
29.13619
29.15281
29.16943
29.18606
29.20269
29.21933
29.23597
29.25262
29.26928
29.28594
29.30260
29.31928
29.33595
29.35264
29.36932
29.38602
29.40272
29.41942
29.43613
29.45285
29.46957
29.48630
29.50303
29.51977
29.53651
29.55326
29.57001
29.58677
29.60354
29.62031
29.63709
29.65387
29.67066
29.68745
29.70425
29.72105
29.73786
29.75468
29.77150
29.78833
29.80516
29.82200
29.83884
29.85569
29.87255
29.88941
29.90627
29.92315
29.94002
29.95691
29.97380
29.99069
30.00759
30.02450
30.04141
30.05832
30.07525
30.09217
30.10911
30.12605
30.14299
30.15994
30.17690
30.19386
30.21083
30.22781
30.24478
30.26177
30.27876
30.29576
30.31276
30.32977
30.34678
30.36380
30.38083
30.39786
30.41489
30.43194
30.44898
30.46604
30.48310
30.50016
30.51723
30.53431
30.55139
30.56848
30.58557
30.60267
30.61978
30.63689
30.65401
30.67113
30.68826
30.70540
30.72254
30.73968
30.75683
30.77399
30.79116
30.80832
30.82550
30.84268
30.85987
30.87706
30.89426
30.91146
30.92867
30.94589
30.96311
30.98034
30.99757
31.01481
31.03206
31.04931
31.06657
31.08383
31.10110
31.11837
31.13566
31.15294
31.17023
31.18753
31.20484
31.22215
31.23946
31.25679
31.27411
31.29145
31.30879
31.32613
31.34349
31.36084
31.37821
31.39558
31.41295
31.43033
31.44772
31.46512
31.48251
31.49992
31.51733
31.53475
31.55217
31.56960
31.58704
31.60448
31.62193
31.63938
31.65684
31.67430
31.69178
31.70925
31.72674
31.74423
31.76172
31.77922
31.79673
31.81424
31.83176
31.84929
31.86682
31.88436
31.90190
31.91945
31.93701
31.95457
31.97214
31.98972
32.00730
32.02488
32.04248
32.06007
32.07768
32.09529
32.11291
32.13053
32.14816
32.16580
32.18344
32.20109
32.21874
32.23640
32.25407
32.27174
32.28942
32.30710
32.32479
32.34249
32.36019
32.37790
32.39562
32.41334
32.43107
32.44880
32.46654
32.48429
32.50204
32.51980
32.53757
32.55534
32.57312
32.59090
32.60869
32.62649
32.64429
32.66210
32.67991
32.69774
32.71556
32.73340
32.75124
32.76908
32.78694
32.80480
32.82266
32.84053
32.85841
32.87630
32.89419
32.91208
32.92999
32.94790
32.96581
32.98373
33.00166
33.01960
33.03754
33.05549
33.07344
33.09140
33.10937
33.12734
33.14532
33.16330
33.18130
33.19930
33.21730
33.23531
33.25333
33.27135
33.28938
33.30742
33.32546
33.34351
33.36157
33.37963
33.39770
33.41578
33.43386
33.45195
33.47004
33.48814
33.50625
33.52436
33.54249
33.56061
33.57875
33.59689
33.61503
33.63319
33.65134
33.66951
33.68768
33.70586
33.72405
33.74224
33.76044
33.77864
33.79685
33.81507
33.83330
33.85153
33.86977
33.88801
33.90626
33.92452
33.94278
33.96105
33.97933
33.99761
34.01590
34.03420
34.05250
34.07081
34.08913
34.10745
34.12578
34.14412
34.16246
34.18081
34.19917
34.21753
34.23590
34.25428
34.27266
34.29105
34.30945
34.32785
34.34626
34.36468
34.38310
34.40153
34.41997
34.43841
34.45686
34.47531
34.49378
34.51225
34.53072
34.54921
34.56770
34.58619
34.60470
34.62321
34.64172
34.66025
34.67878
34.69732
34.71586
34.73441
34.75297
34.77153
34.79010
34.80868
34.82727
34.84586
34.86445
34.88306
34.90167
34.92029
34.93892
34.95755
34.97619
34.99483
35.01349
35.03215
35.05081
35.06949
35.08817
35.10685
35.12555
35.14425
35.16296
35.18167
35.20039
35.21912
35.23785
35.25660
35.27535
35.29410
35.31287
35.33163
35.35041
35.36920
35.38799
35.40678
35.42559
35.44440
35.46322
35.48204
35.50088
35.51972
35.53856
35.55742
35.57628
35.59514
35.61402
35.63290
35.65179
35.67068
35.68958
35.70849
35.72741
35.74633
35.76526
35.78420
35.80315
35.82210
35.84106
35.86002
35.87900
35.89798
35.91696
35.93596
35.95496
35.97397
35.99298
36.01200
36.03103
36.05007
36.06911
36.08817
36.10722
36.12629
36.14536
36.16444
36.18353
36.20262
36.22172
36.24083
36.25995
36.27907
36.29820
36.31734
36.33648
36.35563
36.37479
36.39396
36.41313
36.43231
36.45150
36.47069
36.48989
36.50910
36.52832
36.54754
36.56677
36.58601
36.60526
36.62451
36.64377
36.66304
36.68231
36.70159
36.72088
36.74018
36.75948
36.77879
36.79811
36.81744
36.83677
36.85611
36.87546
36.89482
36.91418
36.93355
36.95293
36.97231
36.99170
37.01110
37.03051
37.04992
37.06934
37.08877
37.10821
37.12765
37.14710
37.16656
37.18603
37.20550
37.22498
37.24447
37.26397
37.28347
37.30298
37.32250
37.34203
37.36156
37.38110
37.40065
37.42021
37.43977
37.45934
37.47892
37.49850
37.51810
37.53770
37.55731
37.57692
37.59655
37.61618
37.63582
37.65546
37.67512
37.69478
37.71445
37.73412
37.75381
37.77350
37.79320
37.81291
37.83262
37.85234
37.87207
37.89181
37.91156
37.93131
37.95107
37.97084
37.99061
38.01040
38.03019
38.04999
38.06979
38.08961
38.10943
38.12926
38.14910
38.16894
38.18879
38.20865
38.22852
38.24840
38.26828
38.28817
38.30807
38.32798
38.34790
38.36782
38.38775
38.40769
38.42763
38.44759
38.46755
38.48752
38.50750
38.52748
38.54747
38.56747
38.58748
38.60750
38.62752
38.64756
38.66760
38.68764
38.70770
38.72776
38.74783
38.76791
38.78800
38.80810
38.82820
38.84831
38.86843
