-39.09009
-39.08986
-39.08942
-39.08890
-39.08837
-39.08783
-39.08729
-39.08674
-39.08620
-39.08566
-39.08511
-39.08457
-39.08403
-39.08349
-39.08294
-39.08240
-39.08186
-39.08131
-39.08077
-39.08023
-39.07968
-39.07914
-39.07860
-39.07805
-39.07751
-39.07697
-39.07643
-39.07588
-39.07534
-39.07480
-39.07425
-39.07371
-39.07317
-39.07262
-39.07208
-39.07154
-39.07099
-39.07045
-39.06991
-39.06936
-39.06882
-39.06828
-39.06773
-39.06719
-39.06665
-39.06610
-39.06556
-39.06502
-39.06447
-39.06393
-39.06339
-39.06284
-39.06230
-39.06176
-39.06121
-39.06067
-39.06013
-39.05958
-39.05904
-39.05849
-39.05795
-39.05741
-39.05686
-39.05632
-39.05578
-39.05523
-39.05469
-39.05415
-39.05360
-39.05306
-39.05252
-39.05197
-39.05143
-39.05088
-39.05034
-39.04980
-39.04925
-39.04871
-39.04817
-39.04762
-39.04708
-39.04654
-39.04599
-39.04545
-39.04490
-39.04436
-39.04382
-39.04327
-39.04273
-39.04218
-39.04164
-39.04110
-39.04055
-39.04001
-39.03947
-39.03892
-39.03838
-39.03783
-39.03729
-39.03675
-39.03620
-39.03566
-39.03511
-39.03457
-39.03403
-39.03348
-39.03294
-39.03240
-39.03185
-39.03131
-39.03076
-39.03022
-39.02968
-39.02913
-39.02859
-39.02804
-39.02750
-39.02695
-39.02641
-39.02587
-39.02532
-39.02478
-39.02423
-39.02369
-39.02315
-39.02260
-39.02206
-39.02151
-39.02097
-39.02043
-39.01988
-39.01934
-39.01879
-39.01825
-39.01770
-39.01716
-39.01662
-39.01607
-39.01553
-39.01498
-39.01444
-39.01389
-39.01335
-39.01281
-39.01226
-39.01172
-39.01117
-39.01063
-39.01008
-39.00954
-39.00900
-39.00845
-39.00791
-39.00736
-39.00682
-39.00627
-39.00573
-39.00518
-39.00464
-39.00410
-39.00355
-39.00301
-39.00246
-39.00192
-39.00137
-39.00083
-39.00028
-38.99974
-38.99919
-38.99865
-38.99811
-38.99756
-38.99702
-38.99647
-38.99593
-38.99538
-38.99484
-38.99429
-38.99375
-38.99320
-38.99266
-38.99211
-38.99157
-38.99103
-38.99048
-38.98994
-38.98939
-38.98885
-38.98830
-38.98776
-38.98721
-38.98667
-38.98612
-38.98558
-38.98503
-38.98449
-38.98394
-38.98340
-38.98285
-38.98231
-38.98176
-38.98122
-38.98067
-38.98013
-38.97958
-38.97904
-38.97849
-38.97795
-38.97740
-38.97686
-38.97631
-38.97577
-38.97522
-38.97468
-38.97413
-38.97359
-38.97304
-38.97250
-38.97195
-38.97141
-38.97086
-38.97032
-38.96977
-38.96923
-38.96868
-38.96814
-38.96759
-38.96705
-38.96650
-38.96596
-38.96541
-38.96487
-38.96432
-38.96378
-38.96323
-38.96269
-38.96214
-38.96160
-38.96105
-38.96051
-38.95996
-38.95942
-38.95887
-38.95833
-38.95778
-38.95723
-38.95669
-38.95614
-38.95560
-38.95505
-38.95451
-38.95396
-38.95342
-38.95287
-38.95233
-38.95178
-38.95124
-38.95069
-38.95014
-38.94960
-38.94905
-38.94851
-38.94796
-38.94742
-38.94687
-38.94633
-38.94578
-38.94524
-38.94469
-38.94414
-38.94360
-38.94305
-38.94251
-38.94196
-38.94142
-38.94087
-38.94032
-38.93978
-38.93923
-38.93869
-38.93814
-38.93760
-38.93705
-38.93651
-38.93596
-38.93541
-38.93487
-38.93432
-38.93378
-38.93323
-38.93269
-38.93214
-38.93159
-38.93105
-38.93050
-38.92996
-38.92941
-38.92886
-38.92832
-38.92777
-38.92723
-38.92668
-38.92614
-38.92559
-38.92504
-38.92450
-38.92395
-38.92341
-38.92286
-38.92231
-38.92177
-38.92122
-38.92068
-38.92013
-38.91958
-38.91904
-38.91849
-38.91795
-38.91740
-38.91685
-38.91631
-38.91576
-38.91522
-38.91467
-38.91412
-38.91358
-38.91303
-38.91249
-38.91194
-38.91139
-38.91085
-38.91030
-38.90975
-38.90921
-38.90866
-38.90812
-38.90757
-38.90702
-38.90648
-38.90593
-38.90538
-38.90484
-38.90429
-38.90375
-38.90320
-38.90265
-38.90211
-38.90156
-38.90101
-38.90047
-38.89992
-38.89938
-38.89883
-38.89828
-38.89774
-38.89719
-38.89664
-38.89610
-38.89555
-38.89500
-38.89446
-38.89391
-38.89336
-38.89282
-38.89227
-38.89172
-38.89118
-38.89063
-38.89009
-38.88954
-38.88899
-38.88845
-38.88790
-38.88735
-38.88681
-38.88626
-38.88571
-38.88517
-38.88462
-38.88407
-38.88353
-38.88298
-38.88243
-38.88189
-38.88134
-38.88079
-38.88025
-38.87970
-38.87915
-38.87861
-38.87806
-38.87751
-38.87696
-38.87642
-38.87587
-38.87532
-38.87478
-38.87423
-38.87368
-38.87314
-38.87259
-38.87204
-38.87150
-38.87095
-38.87040
-38.86986
-38.86931
-38.86876
-38.86821
-38.86767
-38.86712
-38.86657
-38.86603
-38.86548
-38.86493
-38.86439
-38.86384
-38.86329
-38.86274
-38.86220
-38.86165
-38.86110
-38.86056
-38.86001
-38.85946
-38.85891
-38.85837
-38.85782
-38.85727
-38.85673
-38.85618
-38.85563
-38.85508
-38.85454
-38.85399
-38.85344
-38.85290
-38.85235
-38.85180
-38.85125
-38.85071
-38.85016
-38.84961
-38.84906
-38.84852
-38.84797
-38.84742
-38.84687
-38.84633
-38.84578
-38.84523
-38.84469
-38.84414
-38.84359
-38.84304
-38.84250
-38.84195
-38.84140
-38.84085
-38.84031
-38.83976
-38.83921
-38.83866
-38.83812
-38.83757
-38.83702
-38.83647
-38.83592
-38.83538
-38.83483
-38.83428
-38.83373
-38.83319
-38.83264
-38.83209
-38.83154
-38.83100
-38.83045
-38.82990
-38.82935
-38.82880
-38.82826
-38.82771
-38.82716
-38.82661
-38.82607
-38.82552
-38.82497
-38.82442
-38.82387
-38.82333
-38.82278
-38.82223
-38.82168
-38.82114
-38.82059
-38.82004
-38.81949
-38.81894
-38.81840
-38.81785
-38.81730
-38.81675
-38.81620
-38.81566
-38.81511
-38.81456
-38.81401
-38.81346
-38.81292
-38.81237
-38.81182
-38.81127
-38.81072
-38.81018
-38.80963
-38.80908
-38.80853
-38.80798
-38.80743
-38.80689
-38.80634
-38.80579
-38.80524
-38.80469
-38.80414
-38.80360
-38.80305
-38.80250
-38.80195
-38.80140
-38.80086
-38.80031
-38.79976
-38.79921
-38.79866
-38.79811
-38.79757
-38.79702
-38.79647
-38.79592
-38.79537
-38.79482
-38.79427
-38.79373
-38.79318
-38.79263
-38.79208
-38.79153
-38.79098
-38.79043
-38.78989
-38.78934
-38.78879
-38.78824
-38.78769
-38.78714
-38.78659
-38.78605
-38.78550
-38.78495
-38.78440
-38.78385
-38.78330
-38.78275
-38.78221
-38.78166
-38.78111
-38.78056
-38.78001
-38.77946
-38.77891
-38.77836
-38.77782
-38.77727
-38.77672
-38.77617
-38.77562
-38.77507
-38.77452
-38.77397
-38.77342
-38.77288
-38.77233
-38.77178
-38.77123
-38.77068
-38.77013
-38.76958
-38.76903
-38.76848
-38.76793
-38.76739
-38.76684
-38.76629
-38.76574
-38.76519
-38.76464
-38.76409
-38.76354
-38.76299
-38.76244
-38.76189
-38.76135
-38.76080
-38.76025
-38.75970
-38.75915
-38.75860
-38.75805
-38.75750
-38.75695
-38.75640
-38.75585
-38.75530
-38.75475
-38.75420
-38.75366
-38.75311
-38.75256
-38.75201
-38.75146
-38.75091
-38.75036
-38.74981
-38.74926
-38.74871
-38.74816
-38.74761
-38.74706
-38.74651
-38.74596
-38.74541
-38.74486
-38.74431
-38.74376
-38.74322
-38.74267
-38.74212
-38.74157
-38.74102
-38.74047
-38.73992
-38.73937
-38.73882
-38.73827
-38.73772
-38.73717
-38.73662
-38.73607
-38.73552
-38.73497
-38.73442
-38.73387
-38.73332
-38.73277
-38.73222
-38.73167
-38.73112
-38.73057
-38.73002
-38.72947
-38.72892
-38.72837
-38.72782
-38.72727
-38.72672
-38.72617
-38.72562
-38.72507
-38.72452
-38.72397
-38.72342
-38.72287
-38.72232
-38.72177
-38.72122
-38.72067
-38.72012
-38.71957
-38.71902
-38.71847
-38.71792
-38.71737
-38.71682
-38.71627
-38.71572
-38.71517
-38.71462
-38.71407
-38.71352
-38.71297
-38.71242
-38.71187
-38.71132
-38.71077
-38.71022
-38.70967
-38.70911
-38.70856
-38.70801
-38.70746
-38.70691
-38.70636
-38.70581
-38.70526
-38.70471
-38.70416
-38.70361
-38.70306
-38.70251
-38.70196
-38.70141
-38.70086
-38.70031
-38.69976
-38.69920
-38.69865
-38.69810
-38.69755
-38.69700
-38.69645
-38.69590
-38.69535
-38.69480
-38.69425
-38.69370
-38.69315
-38.69260
-38.69204
-38.69149
-38.69094
-38.69039
-38.68984
-38.68929
-38.68874
-38.68819
-38.68764
-38.68709
-38.68654
-38.68598
-38.68543
-38.68488
-38.68433
-38.68378
-38.68323
-38.68268
-38.68213
-38.68158
-38.68102
-38.68047
-38.67992
-38.67937
-38.67882
-38.67827
-38.67772
-38.67717
-38.67661
-38.67606
-38.67551
-38.67496
-38.67441
-38.67386
-38.67331
-38.67276
-38.67220
-38.67165
-38.67110
-38.67055
-38.67000
-38.66945
-38.66890
-38.66834
-38.66779
-38.66724
-38.66669
-38.66614
-38.66559
-38.66503
-38.66448
-38.66393
-38.66338
-38.66283
-38.66228
-38.66172
-38.66117
-38.66062
-38.66007
-38.65952
-38.65897
-38.65841
-38.65786
-38.65731
-38.65676
-38.65621
-38.65565
-38.65510
-38.65455
-38.65400
-38.65345
-38.65290
-38.65234
-38.65179
-38.65124
-38.65069
-38.65014
-38.64958
-38.64903
-38.64848
-38.64793
-38.64737
-38.64682
-38.64627
-38.64572
-38.64517
-38.64461
-38.64406
-38.64351
-38.64296
-38.64241
-38.64185
-38.64130
-38.64075
-38.64020
-38.63964
-38.63909
-38.63854
-38.63799
-38.63743
-38.63688
-38.63633
-38.63578
-38.63522
-38.63467
-38.63412
-38.63357
-38.63301
-38.63246
-38.63191
-38.63136
-38.63080
-38.63025
-38.62970
-38.62915
-38.62859
-38.62804
-38.62749
-38.62694
-38.62638
-38.62583
-38.62528
-38.62472
-38.62417
-38.62362
-38.62307
-38.62251
-38.62196
-38.62141
-38.62085
-38.62030
-38.61975
-38.61920
-38.61864
-38.61809
-38.61754
-38.61698
-38.61643
-38.61588
-38.61532
-38.61477
-38.61422
-38.61367
-38.61311
-38.61256
-38.61201
-38.61145
-38.61090
-38.61035
-38.60979
-38.60924
-38.60869
-38.60813
-38.60758
-38.60703
-38.60647
-38.60592
-38.60537
-38.60481
-38.60426
-38.60371
-38.60315
-38.60260
-38.60205
-38.60149
-38.60094
-38.60038
-38.59983
-38.59928
-38.59872
-38.59817
-38.59762
-38.59706
-38.59651
-38.59596
-38.59540
-38.59485
-38.59429
-38.59374
-38.59319
-38.59263
-38.59208
-38.59152
-38.59097
-38.59042
-38.58986
-38.58931
-38.58876
-38.58820
-38.58765
-38.58709
-38.58654
-38.58599
-38.58543
-38.58488
-38.58432
-38.58377
-38.58321
-38.58266
-38.58211
-38.58155
-38.58100
-38.58044
-38.57989
-38.57934
-38.57878
-38.57823
-38.57767
-38.57712
-38.57656
-38.57601
-38.57545
-38.57490
-38.57435
-38.57379
-38.57324
-38.57268
-38.57213
-38.57157
-38.57102
-38.57046
-38.56991
-38.56935
-38.56880
-38.56825
-38.56769
-38.56714
-38.56658
-38.56603
-38.56547
-38.56492
-38.56436
-38.56381
-38.56325
-38.56270
-38.56214
-38.56159
-38.56103
-38.56048
-38.55992
-38.55937
-38.55881
-38.55826
-38.55770
-38.55715
-38.55659
-38.55604
-38.55548
-38.55493
-38.55437
-38.55382
-38.55326
-38.55271
-38.55215
-38.55159
-38.55104
-38.55048
-38.54993
-38.54937
-38.54882
-38.54826
-38.54771
-38.54715
-38.54660
-38.54604
-38.54548
-38.54493
-38.54437
-38.54382
-38.54326
-38.54271
-38.54215
-38.54160
-38.54104
-38.54048
-38.53993
-38.53937
-38.53882
-38.53826
-38.53770
-38.53715
-38.53659
-38.53604
-38.53548
-38.53493
-38.53437
-38.53381
-38.53326
-38.53270
-38.53215
-38.53159
-38.53103
-38.53048
-38.52992
-38.52936
-38.52881
-38.52825
-38.52770
-38.52714
-38.52658
-38.52603
-38.52547
-38.52491
-38.52436
-38.52380
-38.52324
-38.52269
-38.52213
-38.52158
-38.52102
-38.52046
-38.51991
-38.51935
-38.51879
-38.51824
-38.51768
-38.51712
-38.51657
-38.51601
-38.51545
-38.51490
-38.51434
-38.51378
-38.51322
-38.51267
-38.51211
-38.51155
-38.51100
-38.51044
-38.50988
-38.50933
-38.50877
-38.50821
-38.50765
-38.50710
-38.50654
-38.50598
-38.50543
-38.50487
-38.50431
-38.50375
-38.50320
-38.50264
-38.50208
-38.50152
-38.50097
-38.50041
-38.49985
-38.49930
-38.49874
-38.49818
-38.49762
-38.49706
-38.49651
-38.49595
-38.49539
-38.49483
-38.49428
-38.49372
-38.49316
-38.49260
-38.49205
-38.49149
-38.49093
-38.49037
-38.48981
-38.48926
-38.48870
-38.48814
-38.48758
-38.48702
-38.48647
-38.48591
-38.48535
-38.48479
-38.48423
-38.48368
-38.48312
-38.48256
-38.48200
-38.48144
-38.48088
-38.48033
-38.47977
-38.47921
-38.47865
-38.47809
-38.47753
-38.47697
-38.47642
-38.47586
-38.47530
-38.47474
-38.47418
-38.47362
-38.47306
-38.47251
-38.47195
-38.47139
-38.47083
-38.47027
-38.46971
-38.46915
-38.46859
-38.46804
-38.46748
-38.46692
-38.46636
-38.46580
-38.46524
-38.46468
-38.46412
-38.46356
-38.46300
-38.46244
-38.46188
-38.46133
-38.46077
-38.46021
-38.45965
-38.45909
-38.45853
-38.45797
-38.45741
-38.45685
-38.45629
-38.45573
-38.45517
-38.45461
-38.45405
-38.45349
-38.45293
-38.45237
-38.45181
-38.45125
-38.45069
-38.45013
-38.44957
-38.44901
-38.44845
-38.44789
-38.44733
-38.44677
-38.44621
-38.44565
-38.44509
-38.44453
-38.44397
-38.44341
-38.44285
-38.44229
-38.44173
-38.44117
-38.44061
-38.44005
-38.43949
-38.43893
-38.43837
-38.43781
-38.43725
-38.43669
-38.43613
-38.43557
-38.43501
-38.43445
-38.43389
-38.43332
-38.43276
-38.43220
-38.43164
-38.43108
-38.43052
-38.42996
-38.42940
-38.42884
-38.42828
-38.42772
-38.42715
-38.42659
-38.42603
-38.42547
-38.42491
-38.42435
-38.42379
-38.42323
-38.42266
-38.42210
-38.42154
-38.42098
-38.42042
-38.41986
-38.41930
-38.41873
-38.41817
-38.41761
-38.41705
-38.41649
-38.41593
-38.41536
-38.41480
-38.41424
-38.41368
-38.41312
-38.41256
-38.41199
-38.41143
-38.41087
-38.41031
-38.40975
-38.40918
-38.40862
-38.40806
-38.40750
-38.40693
-38.40637
-38.40581
-38.40525
-38.40469
-38.40412
-38.40356
-38.40300
-38.40244
-38.40187
-38.40131
-38.40075
-38.40019
-38.39962
-38.39906
-38.39850
-38.39793
-38.39737
-38.39681
-38.39625
-38.39568
-38.39512
-38.39456
-38.39399
-38.39343
-38.39287
-38.39230
-38.39174
-38.39118
-38.39062
-38.39005
-38.38949
-38.38893
-38.38836
-38.38780
-38.38724
-38.38667
-38.38611
-38.38554
-38.38498
-38.38442
-38.38385
-38.38329
-38.38273
-38.38216
-38.38160
-38.38104
-38.38047
-38.37991
-38.37934
-38.37878
-38.37822
-38.37765
-38.37709
-38.37652
-38.37596
-38.37539
-38.37483
-38.37427
-38.37370
-38.37314
-38.37257
-38.37201
-38.37144
-38.37088
-38.37032
-38.36975
-38.36919
-38.36862
-38.36806
-38.36749
-38.36693
-38.36636
-38.36580
-38.36523
-38.36467
-38.36410
-38.36354
-38.36297
-38.36241
-38.36184
-38.36128
-38.36071
-38.36015
-38.35958
-38.35902
-38.35845
-38.35789
-38.35732
-38.35676
-38.35619
-38.35563
-38.35506
-38.35449
-38.35393
-38.35336
-38.35280
-38.35223
-38.35167
-38.35110
-38.35053
-38.34997
-38.34940
-38.34884
-38.34827
-38.34770
-38.34714
-38.34657
-38.34601
-38.34544
-38.34487
-38.34431
-38.34374
-38.34317
-38.34261
-38.34204
-38.34148
-38.34091
-38.34034
-38.33978
-38.33921
-38.33864
-38.33808
-38.33751
-38.33694
-38.33637
-38.33581
-38.33524
-38.33467
-38.33411
-38.33354
-38.33297
-38.33241
-38.33184
-38.33127
-38.33070
-38.33014
-38.32957
-38.32900
-38.32843
-38.32787
-38.32730
-38.32673
-38.32616
-38.32560
-38.32503
-38.32446
-38.32389
-38.32333
-38.32276
-38.32219
-38.32162
-38.32105
-38.32049
-38.31992
-38.31935
-38.31878
-38.31821
-38.31765
-38.31708
-38.31651
-38.31594
-38.31537
-38.31480
-38.31424
-38.31367
-38.31310
-38.31253
-38.31196
-38.31139
-38.31082
-38.31025
-38.30969
-38.30912
-38.30855
-38.30798
-38.30741
-38.30684
-38.30627
-38.30570
-38.30513
-38.30456
-38.30399
-38.30343
-38.30286
-38.30229
-38.30172
-38.30115
-38.30058
-38.30001
-38.29944
-38.29887
-38.29830
-38.29773
-38.29716
-38.29659
-38.29602
-38.29545
-38.29488
-38.29431
-38.29374
-38.29317
-38.29260
-38.29203
-38.29146
-38.29089
-38.29032
-38.28975
-38.28918
-38.28861
-38.28804
-38.28747
-38.28689
-38.28632
-38.28575
-38.28518
-38.28461
-38.28404
-38.28347
-38.28290
-38.28233
-38.28176
-38.28119
-38.28061
-38.28004
-38.27947
-38.27890
-38.27833
-38.27776
-38.27719
-38.27661
-38.27604
-38.27547
-38.27490
-38.27433
-38.27376
-38.27318
-38.27261
-38.27204
-38.27147
-38.27090
-38.27032
-38.26975
-38.26918
-38.26861
-38.26803
-38.26746
-38.26689
-38.26632
-38.26575
-38.26517
-38.26460
-38.26403
-38.26345
-38.26288
-38.26231
-38.26174
-38.26116
-38.26059
-38.26002
-38.25944
-38.25887
-38.25830
-38.25773
-38.25715
-38.25658
-38.25601
-38.25543
-38.25486
-38.25428
-38.25371
-38.25314
-38.25256
-38.25199
-38.25142
-38.25084
-38.25027
-38.24969
-38.24912
-38.24855
-38.24797
-38.24740
-38.24682
-38.24625
-38.24568
-38.24510
-38.24453
-38.24395
-38.24338
-38.24280
-38.24223
-38.24165
-38.24108
-38.24050
-38.23993
-38.23936
-38.23878
-38.23821
-38.23763
-38.23705
-38.23648
-38.23590
-38.23533
-38.23475
-38.23418
-38.23360
-38.23303
-38.23245
-38.23188
-38.23130
-38.23073
-38.23015
-38.22957
-38.22900
-38.22842
-38.22785
-38.22727
-38.22669
-38.22612
-38.22554
-38.22496
-38.22439
-38.22381
-38.22324
-38.22266
-38.22208
-38.22151
-38.22093
-38.22035
-38.21978
-38.21920
-38.21862
-38.21805
-38.21747
-38.21689
-38.21631
-38.21574
-38.21516
-38.21458
-38.21400
-38.21343
-38.21285
-38.21227
-38.21169
-38.21112
-38.21054
-38.20996
-38.20938
-38.20881
-38.20823
-38.20765
-38.20707
-38.20649
-38.20592
-38.20534
-38.20476
-38.20418
-38.20360
-38.20302
-38.20245
-38.20187
-38.20129
-38.20071
-38.20013
-38.19955
-38.19897
-38.19839
-38.19781
-38.19724
-38.19666
-38.19608
-38.19550
-38.19492
-38.19434
-38.19376
-38.19318
-38.19260
-38.19202
-38.19144
-38.19086
-38.19028
-38.18970
-38.18912
-38.18854
-38.18796
-38.18738
-38.18680
-38.18622
-38.18564
-38.18506
-38.18448
-38.18390
-38.18332
-38.18274
-38.18216
-38.18158
-38.18100
-38.18041
-38.17983
-38.17925
-38.17867
-38.17809
-38.17751
-38.17693
-38.17635
-38.17577
-38.17518
-38.17460
-38.17402
-38.17344
-38.17286
-38.17228
-38.17169
-38.17111
-38.17053
-38.16995
-38.16937
-38.16878
-38.16820
-38.16762
-38.16704
-38.16645
-38.16587
-38.16529
-38.16471
-38.16412
-38.16354
-38.16296
-38.16237
-38.16179
-38.16121
-38.16063
-38.16004
-38.15946
-38.15888
-38.15829
-38.15771
-38.15713
-38.15654
-38.15596
-38.15537
-38.15479
-38.15421
-38.15362
-38.15304
-38.15245
-38.15187
-38.15129
-38.15070
-38.15012
-38.14953
-38.14895
-38.14836
-38.14778
-38.14719
-38.14661
-38.14603
-38.14544
-38.14486
-38.14427
-38.14368
-38.14310
-38.14251
-38.14193
-38.14134
-38.14076
-38.14017
-38.13959
-38.13900
-38.13842
-38.13783
-38.13724
-38.13666
-38.13607
-38.13549
-38.13490
-38.13431
-38.13373
-38.13314
-38.13255
-38.13197
-38.13138
-38.13079
-38.13021
-38.12962
-38.12903
-38.12845
-38.12786
-38.12727
-38.12669
-38.12610
-38.12551
-38.12492
-38.12434
-38.12375
-38.12316
-38.12257
-38.12198
-38.12140
-38.12081
-38.12022
-38.11963
-38.11904
-38.11846
-38.11787
-38.11728
-38.11669
-38.11610
-38.11551
-38.11493
-38.11434
-38.11375
-38.11316
-38.11257
-38.11198
-38.11139
-38.11080
-38.11021
-38.10962
-38.10903
-38.10844
-38.10785
-38.10727
-38.10668
-38.10609
-38.10550
-38.10491
-38.10432
-38.10373
-38.10314
-38.10254
-38.10195
-38.10136
-38.10077
-38.10018
-38.09959
-38.09900
-38.09841
-38.09782
-38.09723
-38.09664
-38.09605
-38.09545
-38.09486
-38.09427
-38.09368
-38.09309
-38.09250
-38.09191
-38.09131
-38.09072
-38.09013
-38.08954
-38.08895
-38.08835
-38.08776
-38.08717
-38.08658
-38.08598
-38.08539
-38.08480
-38.08421
-38.08361
-38.08302
-38.08243
-38.08183
-38.08124
-38.08065
-38.08005
-38.07946
-38.07887
-38.07827
-38.07768
-38.07708
-38.07649
-38.07590
-38.07530
-38.07471
-38.07411
-38.07352
-38.07293
-38.07233
-38.07174
-38.07114
-38.07055
-38.06995
-38.06936
-38.06876
-38.06817
-38.06757
-38.06698
-38.06638
-38.06579
-38.06519
-38.06460
-38.06400
-38.06340
-38.06281
-38.06221
-38.06162
-38.06102
-38.06042
-38.05983
-38.05923
-38.05864
-38.05804
-38.05744
-38.05685
-38.05625
-38.05565
-38.05505
-38.05446
-38.05386
-38.05326
-38.05267
-38.05207
-38.05147
-38.05087
-38.05028
-38.04968
-38.04908
-38.04848
-38.04788
-38.04729
-38.04669
-38.04609
-38.04549
-38.04489
-38.04429
-38.04370
-38.04310
-38.04250
-38.04190
-38.04130
-38.04070
-38.04010
-38.03950
-38.03890
-38.03830
-38.03770
-38.03710
-38.03650
-38.03590
-38.03530
-38.03470
-38.03410
-38.03350
-38.03290
-38.03230
-38.03170
-38.03110
-38.03050
-38.02990
-38.02930
-38.02870
-38.02810
-38.02750
-38.02689
-38.02629
-38.02569
-38.02509
-38.02449
-38.02389
-38.02329
-38.02268
-38.02208
-38.02148
-38.02088
-38.02027
-38.01967
-38.01907
-38.01847
-38.01786
-38.01726
-38.01666
-38.01606
-38.01545
-38.01485
-38.01425
-38.01364
-38.01304
-38.01244
-38.01183
-38.01123
-38.01062
-38.01002
-38.00942
-38.00881
-38.00821
-38.00760
-38.00700
-38.00639
-38.00579
-38.00519
-38.00458
-38.00398
-38.00337
-38.00277
-38.00216
-38.00155
-38.00095
-38.00034
-37.99974
-37.99913
-37.99853
-37.99792
-37.99731
-37.99671
-37.99610
-37.99550
-37.99489
-37.99428
-37.99368
-37.99307
-37.99246
-37.99186
-37.99125
-37.99064
-37.99003
-37.98943
-37.98882
-37.98821
-37.98760
-37.98700
-37.98639
-37.98578
-37.98517
-37.98456
-37.98396
-37.98335
-37.98274
-37.98213
-37.98152
-37.98091
-37.98030
-37.97969
-37.97909
-37.97848
-37.97787
-37.97726
-37.97665
-37.97604
-37.97543
-37.97482
-37.97421
-37.97360
-37.97299
-37.97238
-37.97177
-37.97116
-37.97055
-37.96994
-37.96932
-37.96871
-37.96810
-37.96749
-37.96688
-37.96627
-37.96566
-37.96505
-37.96443
-37.96382
-37.96321
-37.96260
-37.96199
-37.96137
-37.96076
-37.96015
-37.95954
-37.95892
-37.95831
-37.95770
-37.95708
-37.95647
-37.95586
-37.95524
-37.95463
-37.95402
-37.95340
-37.95279
-37.95218
-37.95156
-37.95095
-37.95033
-37.94972
-37.94910
-37.94849
-37.94788
-37.94726
-37.94665
-37.94603
-37.94541
-37.94480
-37.94418
-37.94357
-37.94295
-37.94234
-37.94172
-37.94111
-37.94049
-37.93987
-37.93926
-37.93864
-37.93802
-37.93741
-37.93679
-37.93617
-37.93556
-37.93494
-37.93432
-37.93370
-37.93309
-37.93247
-37.93185
-37.93123
-37.93062
-37.93000
-37.92938
-37.92876
-37.92814
-37.92752
-37.92691
-37.92629
-37.92567
-37.92505
-37.92443
-37.92381
-37.92319
-37.92257
-37.92195
-37.92133
-37.92071
-37.92009
-37.91947
-37.91885
-37.91823
-37.91761
-37.91699
-37.91637
-37.91575
-37.91513
-37.91451
-37.91389
-37.91326
-37.91264
-37.91202
-37.91140
-37.91078
-37.91016
-37.90953
-37.90891
-37.90829
-37.90767
-37.90704
-37.90642
-37.90580
-37.90518
-37.90455
-37.90393
-37.90331
-37.90268
-37.90206
-37.90144
-37.90081
-37.90019
-37.89956
-37.89894
-37.89832
-37.89769
-37.89707
-37.89644
-37.89582
-37.89519
-37.89457
-37.89394
-37.89332
-37.89269
-37.89207
-37.89144
-37.89081
-37.89019
-37.88956
-37.88894
-37.88831
-37.88768
-37.88706
-37.88643
-37.88580
-37.88518
-37.88455
-37.88392
-37.88329
-37.88267
-37.88204
-37.88141
-37.88078
-37.88016
-37.87953
-37.87890
-37.87827
-37.87764
-37.87701
-37.87638
-37.87576
-37.87513
-37.87450
-37.87387
-37.87324
-37.87261
-37.87198
-37.87135
-37.87072
-37.87009
-37.86946
-37.86883
-37.86820
-37.86757
-37.86694
-37.86630
-37.86567
-37.86504
-37.86441
-37.86378
-37.86315
-37.86252
-37.86188
-37.86125
-37.86062
-37.85999
-37.85935
-37.85872
-37.85809
-37.85746
-37.85682
-37.85619
-37.85556
-37.85492
-37.85429
-37.85366
-37.85302
-37.85239
-37.85175
-37.85112
-37.85049
-37.84985
-37.84922
-37.84858
-37.84795
-37.84731
-37.84668
-37.84604
-37.84541
-37.84477
-37.84413
-37.84350
-37.84286
-37.84223
-37.84159
-37.84095
-37.84032
-37.83968
-37.83904
-37.83841
-37.83777
-37.83713
-37.83649
-37.83586
-37.83522
-37.83458
-37.83394
-37.83330
-37.83267
-37.83203
-37.83139
-37.83075
-37.83011
-37.82947
-37.82883
-37.82819
-37.82755
-37.82691
-37.82627
-37.82563
-37.82499
-37.82435
-37.82371
-37.82307
-37.82243
-37.82179
-37.82115
-37.82051
-37.81987
-37.81923
-37.81858
-37.81794
-37.81730
-37.81666
-37.81602
-37.81537
-37.81473
-37.81409
-37.81345
-37.81280
-37.81216
-37.81152
-37.81087
-37.81023
-37.80959
-37.80894
-37.80830
-37.80765
-37.80701
-37.80636
-37.80572
-37.80508
-37.80443
-37.80379
-37.80314
-37.80249
-37.80185
-37.80120
-37.80056
-37.79991
-37.79927
-37.79862
-37.79797
-37.79733
-37.79668
-37.79603
-37.79539
-37.79474
-37.79409
-37.79344
-37.79280
-37.79215
-37.79150
-37.79085
-37.79020
-37.78955
-37.78891
-37.78826
-37.78761
-37.78696
-37.78631
-37.78566
-37.78501
-37.78436
-37.78371
-37.78306
-37.78241
-37.78176
-37.78111
-37.78046
-37.77981
-37.77916
-37.77851
-37.77785
-37.77720
-37.77655
-37.77590
-37.77525
-37.77459
-37.77394
-37.77329
-37.77264
-37.77198
-37.77133
-37.77068
-37.77002
-37.76937
-37.76872
-37.76806
-37.76741
-37.76676
-37.76610
-37.76545
-37.76479
-37.76414
-37.76348
-37.76283
-37.76217
-37.76152
-37.76086
-37.76020
-37.75955
-37.75889
-37.75824
-37.75758
-37.75692
-37.75627
-37.75561
-37.75495
-37.75429
-37.75364
-37.75298
-37.75232
-37.75166
-37.75101
-37.75035
-37.74969
-37.74903
-37.74837
-37.74771
-37.74705
-37.74639
-37.74573
-37.74507
-37.74441
-37.74375
-37.74309
-37.74243
-37.74177
-37.74111
-37.74045
-37.73979
-37.73913
-37.73847
-37.73781
-37.73714
-37.73648
-37.73582
-37.73516
-37.73450
-37.73383
-37.73317
-37.73251
-37.73184
-37.73118
-37.73052
-37.72985
-37.72919
-37.72853
-37.72786
-37.72720
-37.72653
-37.72587
-37.72520
-37.72454
-37.72387
-37.72321
-37.72254
-37.72188
-37.72121
-37.72054
-37.71988
-37.71921
-37.71854
-37.71788
-37.71721
-37.71654
-37.71587
-37.71521
-37.71454
-37.71387
-37.71320
-37.71253
-37.71187
-37.71120
-37.71053
-37.70986
-37.70919
-37.70852
-37.70785
-37.70718
-37.70651
-37.70584
-37.70517
-37.70450
-37.70383
-37.70316
-37.70249
-37.70182
-37.70114
-37.70047
-37.69980
-37.69913
-37.69846
-37.69778
-37.69711
-37.69644
-37.69577
-37.69509
-37.69442
-37.69375
-37.69307
-37.69240
-37.69172
-37.69105
-37.69038
-37.68970
-37.68903
-37.68835
-37.68768
-37.68700
-37.68632
-37.68565
-37.68497
-37.68430
-37.68362
-37.68294
-37.68227
-37.68159
-37.68091
-37.68023
-37.67956
-37.67888
-37.67820
-37.67752
-37.67684
-37.67617
-37.67549
-37.67481
-37.67413
-37.67345
-37.67277
-37.67209
-37.67141
-37.67073
-37.67005
-37.66937
-37.66869
-37.66801
-37.66733
-37.66665
-37.66596
-37.66528
-37.66460
-37.66392
-37.66324
-37.66255
-37.66187
-37.66119
-37.66051
-37.65982
-37.65914
-37.65846
-37.65777
-37.65709
-37.65640
-37.65572
-37.65503
-37.65435
-37.65366
-37.65298
-37.65229
-37.65161
-37.65092
-37.65024
-37.64955
-37.64886
-37.64818
-37.64749
-37.64680
-37.64611
-37.64543
-37.64474
-37.64405
-37.64336
-37.64268
-37.64199
-37.64130
-37.64061
-37.63992
-37.63923
-37.63854
-37.63785
-37.63716
-37.63647
-37.63578
-37.63509
-37.63440
-37.63371
-37.63302
-37.63233
-37.63163
-37.63094
-37.63025
-37.62956
-37.62886
-37.62817
-37.62748
-37.62679
-37.62609
-37.62540
-37.62471
-37.62401
-37.62332
-37.62262
-37.62193
-37.62123
-37.62054
-37.61984
-37.61915
-37.61845
-37.61776
-37.61706
-37.61636
-37.61567
-37.61497
-37.61427
-37.61358
-37.61288
-37.61218
-37.61148
-37.61078
-37.61009
-37.60939
-37.60869
-37.60799
-37.60729
-37.60659
-37.60589
-37.60519
-37.60449
-37.60379
-37.60309
-37.60239
-37.60169
-37.60099
-37.60029
-37.59959
-37.59888
-37.59818
-37.59748
-37.59678
-37.59607
-37.59537
-37.59467
-37.59396
-37.59326
-37.59256
-37.59185
-37.59115
-37.59044
-37.58974
-37.58904
-37.58833
-37.58762
-37.58692
-37.58621
-37.58551
-37.58480
-37.58409
-37.58339
-37.58268
-37.58197
-37.58127
-37.58056
-37.57985
-37.57914
-37.57843
-37.57773
-37.57702
-37.57631
-37.57560
-37.57489
-37.57418
-37.57347
-37.57276
-37.57205
-37.57134
-37.57063
-37.56992
-37.56920
-37.56849
-37.56778
-37.56707
-37.56636
-37.56564
-37.56493
-37.56422
-37.56351
-37.56279
-37.56208
-37.56136
-37.56065
-37.55994
-37.55922
-37.55851
-37.55779
-37.55708
-37.55636
-37.55564
-37.55493
-37.55421
-37.55350
-37.55278
-37.55206
-37.55134
-37.55063
-37.54991
-37.54919
-37.54847
-37.54775
-37.54704
-37.54632
-37.54560
-37.54488
-37.54416
-37.54344
-37.54272
-37.54200
-37.54128
-37.54056
-37.53984
-37.53911
-37.53839
-37.53767
-37.53695
-37.53623
-37.53550
-37.53478
-37.53406
-37.53333
-37.53261
-37.53189
-37.53116
-37.53044
-37.52971
-37.52899
-37.52826
-37.52754
-37.52681
-37.52609
-37.52536
-37.52464
-37.52391
-37.52318
-37.52246
-37.52173
-37.52100
-37.52027
-37.51954
-37.51882
-37.51809
-37.51736
-37.51663
-37.51590
-37.51517
-37.51444
-37.51371
-37.51298
-37.51225
-37.51152
-37.51079
-37.51006
-37.50933
-37.50859
-37.50786
-37.50713
-37.50640
-37.50566
-37.50493
-37.50420
-37.50346
-37.50273
-37.50200
-37.50126
-37.50053
-37.49979
-37.49906
-37.49832
-37.49759
-37.49685
-37.49611
-37.49538
-37.49464
-37.49390
-37.49317
-37.49243
-37.49169
-37.49095
-37.49021
-37.48948
-37.48874
-37.48800
-37.48726
-37.48652
-37.48578
-37.48504
-37.48430
-37.48356
-37.48282
-37.48208
-37.48133
-37.48059
-37.47985
-37.47911
-37.47837
-37.47762
-37.47688
-37.47614
-37.47539
-37.47465
-37.47390
-37.47316
-37.47242
-37.47167
-37.47093
-37.47018
-37.46943
-37.46869
-37.46794
-37.46720
-37.46645
-37.46570
-37.46495
-37.46421
-37.46346
-37.46271
-37.46196
-37.46121
-37.46046
-37.45971
-37.45896
-37.45821
-37.45746
-37.45671
-37.45596
-37.45521
-37.45446
-37.45371
-37.45296
-37.45221
-37.45145
-37.45070
-37.44995
-37.44919
-37.44844
-37.44769
-37.44693
-37.44618
-37.44542
-37.44467
-37.44391
-37.44316
-37.44240
-37.44165
-37.44089
-37.44013
-37.43938
-37.43862
-37.43786
-37.43711
-37.43635
-37.43559
-37.43483
-37.43407
-37.43331
-37.43255
-37.43179
-37.43103
-37.43027
-37.42951
-37.42875
-37.42799
-37.42723
-37.42647
-37.42571
-37.42494
-37.42418
-37.42342
-37.42266
-37.42189
-37.42113
-37.42036
-37.41960
-37.41883
-37.41807
-37.41730
-37.41654
-37.41577
-37.41501
-37.41424
-37.41347
-37.41271
-37.41194
-37.41117
-37.41041
-37.40964
-37.40887
-37.40810
-37.40733
-37.40656
-37.40579
-37.40502
-37.40425
-37.40348
-37.40271
-37.40194
-37.40117
-37.40040
-37.39962
-37.39885
-37.39808
-37.39731
-37.39653
-37.39576
-37.39499
-37.39421
-37.39344
-37.39266
-37.39189
-37.39111
-37.39034
-37.38956
-37.38879
-37.38801
-37.38723
-37.38646
-37.38568
-37.38490
-37.38412
-37.38334
-37.38257
-37.38179
-37.38101
-37.38023
-37.37945
-37.37867
-37.37789
-37.37711
-37.37633
-37.37554
-37.37476
-37.37398
-37.37320
-37.37242
-37.37163
-37.37085
-37.37007
-37.36928
-37.36850
-37.36771
-37.36693
-37.36614
-37.36536
-37.36457
-37.36379
-37.36300
-37.36221
-37.36143
-37.36064
-37.35985
-37.35906
-37.35828
-37.35749
-37.35670
-37.35591
-37.35512
-37.35433
-37.35354
-37.35275
-37.35196
-37.35117
-37.35038
-37.34958
-37.34879
-37.34800
-37.34721
-37.34641
-37.34562
-37.34483
-37.34403
-37.34324
-37.34244
-37.34165
-37.34085
-37.34006
-37.33926
-37.33847
-37.33767
-37.33687
-37.33607
-37.33528
-37.33448
-37.33368
-37.33288
-37.33208
-37.33128
-37.33048
-37.32969
-37.32888
-37.32808
-37.32728
-37.32648
-37.32568
-37.32488
-37.32408
-37.32327
-37.32247
-37.32167
-37.32087
-37.32006
-37.31926
-37.31845
-37.31765
-37.31684
-37.31604
-37.31523
-37.31443
-37.31362
-37.31281
-37.31201
-37.31120
-37.31039
-37.30958
-37.30877
-37.30796
-37.30716
-37.30635
-37.30554
-37.30473
-37.30392
-37.30310
-37.30229
-37.30148
-37.30067
-37.29986
-37.29905
-37.29823
-37.29742
-37.29661
-37.29579
-37.29498
-37.29416
-37.29335
-37.29253
-37.29172
-37.29090
-37.29008
-37.28927
-37.28845
-37.28763
-37.28682
-37.28600
-37.28518
-37.28436
-37.28354
-37.28272
-37.28190
-37.28108
-37.28026
-37.27944
-37.27862
-37.27780
-37.27698
-37.27615
-37.27533
-37.27451
-37.27369
-37.27286
-37.27204
-37.27121
-37.27039
-37.26956
-37.26874
-37.26791
-37.26709
-37.26626
-37.26543
-37.26461
-37.26378
-37.26295
-37.26212
-37.26129
-37.26046
-37.25964
-37.25881
-37.25798
-37.25715
-37.25631
-37.25548
-37.25465
-37.25382
-37.25299
-37.25216
-37.25132
-37.25049
-37.24966
-37.24882
-37.24799
-37.24715
-37.24632
-37.24548
-37.24465
-37.24381
-37.24297
-37.24214
-37.24130
-37.24046
-37.23962
-37.23878
-37.23795
-37.23711
-37.23627
-37.23543
-37.23459
-37.23375
-37.23291
-37.23206
-37.23122
-37.23038
-37.22954
-37.22870
-37.22785
-37.22701
-37.22616
-37.22532
-37.22448
-37.22363
-37.22279
-37.22194
-37.22109
-37.22025
-37.21940
-37.21855
-37.21770
-37.21686
-37.21601
-37.21516
-37.21431
-37.21346
-37.21261
-37.21176
-37.21091
-37.21006
-37.20921
-37.20836
-37.20750
-37.20665
-37.20580
-37.20494
-37.20409
-37.20324
-37.20238
-37.20153
-37.20067
-37.19982
-37.19896
-37.19810
-37.19725
-37.19639
-37.19553
-37.19467
-37.19382
-37.19296
-37.19210
-37.19124
-37.19038
-37.18952
-37.18866
-37.18780
-37.18693
-37.18607
-37.18521
-37.18435
-37.18349
-37.18262
-37.18176
-37.18089
-37.18003
-37.17916
-37.17830
-37.17743
-37.17657
-37.17570
-37.17483
-37.17397
-37.17310
-37.17223
-37.17136
-37.17049
-37.16962
-37.16875
-37.16788
-37.16701
-37.16614
-37.16527
-37.16440
-37.16353
-37.16265
-37.16178
-37.16091
-37.16003
-37.15916
-37.15829
-37.15741
-37.15653
-37.15566
-37.15478
-37.15391
-37.15303
-37.15215
-37.15127
-37.15040
-37.14952
-37.14864
-37.14776
-37.14688
-37.14600
-37.14512
-37.14424
-37.14336
-37.14247
-37.14159
-37.14071
-37.13983
-37.13894
-37.13806
-37.13717
-37.13629
-37.13540
-37.13452
-37.13363
-37.13275
-37.13186
-37.13097
-37.13008
-37.12920
-37.12831
-37.12742
-37.12653
-37.12564
-37.12475
-37.12386
-37.12297
-37.12208
-37.12119
-37.12029
-37.11940
-37.11851
-37.11761
-37.11672
-37.11583
-37.11493
-37.11404
-37.11314
-37.11224
-37.11135
-37.11045
-37.10955
-37.10866
-37.10776
-37.10686
-37.10596
-37.10506
-37.10416
-37.10326
-37.10236
-37.10146
-37.10056
-37.09965
-37.09875
-37.09785
-37.09695
-37.09604
-37.09514
-37.09423
-37.09333
-37.09242
-37.09152
-37.09061
-37.08970
-37.08880
-37.08789
-37.08698
-37.08607
-37.08516
-37.08425
-37.08334
-37.08243
-37.08152
-37.08061
-37.07970
-37.07879
-37.07788
-37.07696
-37.07605
-37.07514
-37.07422
-37.07331
-37.07239
-37.07148
-37.07056
-37.06965
-37.06873
-37.06781
-37.06689
-37.06598
-37.06506
-37.06414
-37.06322
-37.06230
-37.06138
-37.06046
-37.05954
-37.05861
-37.05769
-37.05677
-37.05585
-37.05492
-37.05400
-37.05307
-37.05215
-37.05122
-37.05030
-37.04937
-37.04844
-37.04752
-37.04659
-37.04566
-37.04473
-37.04380
-37.04288
-37.04195
-37.04102
-37.04008
-37.03915
-37.03822
-37.03729
-37.03636
-37.03542
-37.03449
-37.03356
-37.03262
-37.03169
-37.03075
-37.02982
-37.02888
-37.02794
-37.02700
-37.02607
-37.02513
-37.02419
-37.02325
-37.02231
-37.02137
-37.02043
-37.01949
-37.01855
-37.01761
-37.01666
-37.01572
-37.01478
-37.01383
-37.01289
-37.01195
-37.01100
-37.01006
-37.00911
-37.00816
-37.00722
-37.00627
-37.00532
-37.00437
-37.00342
-37.00247
-37.00152
-37.00057
-36.99962
-36.99867
-36.99772
-36.99677
-36.99581
-36.99486
-36.99391
-36.99295
-36.99200
-36.99104
-36.99009
-36.98913
-36.98817
-36.98722
-36.98626
-36.98530
-36.98434
-36.98338
-36.98243
-36.98147
-36.98050
-36.97954
-36.97858
-36.97762
-36.97666
-36.97570
-36.97473
-36.97377
-36.97280
-36.97184
-36.97087
-36.96991
-36.96894
-36.96797
-36.96701
-36.96604
-36.96507
-36.96410
-36.96313
-36.96216
-36.96119
-36.96022
-36.95925
-36.95828
-36.95731
-36.95634
-36.95536
-36.95439
-36.95341
-36.95244
-36.95146
-36.95049
-36.94951
-36.94854
-36.94756
-36.94658
-36.94560
-36.94462
-36.94365
-36.94267
-36.94169
-36.94070
-36.93972
-36.93874
-36.93776
-36.93678
-36.93579
-36.93481
-36.93383
-36.93284
-36.93186
-36.93087
-36.92988
-36.92890
-36.92791
-36.92692
-36.92593
-36.92494
-36.92396
-36.92297
-36.92198
-36.92098
-36.91999
-36.91900
-36.91801
-36.91702
-36.91602
-36.91503
-36.91403
-36.91304
-36.91204
-36.91105
-36.91005
-36.90905
-36.90806
-36.90706
-36.90606
-36.90506
-36.90406
-36.90306
-36.90206
-36.90106
-36.90006
-36.89906
-36.89805
-36.89705
-36.89605
-36.89504
-36.89404
-36.89303
-36.89203
-36.89102
-36.89001
-36.88900
-36.88800
-36.88699
-36.88598
-36.88497
-36.88396
-36.88295
-36.88194
-36.88093
-36.87991
-36.87890
-36.87789
-36.87687
-36.87586
-36.87484
-36.87383
-36.87281
-36.87180
-36.87078
-36.86976
-36.86874
-36.86773
-36.86671
-36.86569
-36.86467
-36.86365
-36.86262
-36.86160
-36.86058
-36.85956
-36.85853
-36.85751
-36.85648
-36.85546
-36.85443
-36.85341
-36.85238
-36.85135
-36.85033
-36.84930
-36.84827
-36.84724
-36.84621
-36.84518
-36.84415
-36.84311
-36.84208
-36.84105
-36.84002
-36.83898
-36.83795
-36.83691
-36.83588
-36.83484
-36.83380
-36.83277
-36.83173
-36.83069
-36.82965
-36.82861
-36.82757
-36.82653
-36.82549
-36.82445
-36.82341
-36.82236
-36.82132
-36.82028
-36.81923
-36.81819
-36.81714
-36.81610
-36.81505
-36.81400
-36.81295
-36.81191
-36.81086
-36.80981
-36.80876
-36.80771
-36.80666
-36.80560
-36.80455
-36.80350
-36.80244
-36.80139
-36.80034
-36.79928
-36.79822
-36.79717
-36.79611
-36.79505
-36.79400
-36.79294
-36.79188
-36.79082
-36.78976
-36.78870
-36.78764
-36.78657
-36.78551
-36.78445
-36.78338
-36.78232
-36.78125
-36.78019
-36.77912
-36.77806
-36.77699
-36.77592
-36.77485
-36.77378
-36.77271
-36.77164
-36.77057
-36.76950
-36.76843
-36.76736
-36.76628
-36.76521
-36.76413
-36.76306
-36.76198
-36.76091
-36.75983
-36.75875
-36.75768
-36.75660
-36.75552
-36.75444
-36.75336
-36.75228
-36.75120
-36.75011
-36.74903
-36.74795
-36.74686
-36.74578
-36.74470
-36.74361
-36.74252
-36.74144
-36.74035
-36.73926
-36.73817
-36.73708
-36.73599
-36.73490
-36.73381
-36.73272
-36.73163
-36.73054
-36.72944
-36.72835
-36.72725
-36.72616
-36.72506
-36.72397
-36.72287
-36.72177
-36.72067
-36.71958
-36.71848
-36.71738
-36.71627
-36.71517
-36.71407
-36.71297
-36.71187
-36.71076
-36.70966
-36.70855
-36.70745
-36.70634
-36.70523
-36.70413
-36.70302
-36.70191
-36.70080
-36.69969
-36.69858
-36.69747
-36.69636
-36.69524
-36.69413
-36.69302
-36.69190
-36.69079
-36.68967
-36.68856
-36.68744
-36.68632
-36.68521
-36.68409
-36.68297
-36.68185
-36.68073
-36.67961
-36.67848
-36.67736
-36.67624
-36.67512
-36.67399
-36.67287
-36.67174
-36.67061
-36.66949
-36.66836
-36.66723
-36.66610
-36.66497
-36.66384
-36.66271
-36.66158
-36.66045
-36.65932
-36.65818
-36.65705
-36.65592
-36.65478
-36.65365
-36.65251
-36.65137
-36.65023
-36.64910
-36.64796
-36.64682
-36.64568
-36.64454
-36.64339
-36.64225
-36.64111
-36.63997
-36.63882
-36.63768
-36.63653
-36.63539
-36.63424
-36.63309
-36.63194
-36.63080
-36.62965
-36.62850
-36.62735
-36.62619
-36.62504
-36.62389
-36.62274
-36.62158
-36.62043
-36.61927
-36.61812
-36.61696
-36.61580
-36.61465
-36.61349
-36.61233
-36.61117
-36.61001
-36.60885
-36.60768
-36.60652
-36.60536
-36.60419
-36.60303
-36.60186
-36.60070
-36.59953
-36.59837
-36.59720
-36.59603
-36.59486
-36.59369
-36.59252
-36.59135
-36.59018
-36.58900
-36.58783
-36.58666
-36.58548
-36.58431
-36.58313
-36.58196
-36.58078
-36.57960
-36.57842
-36.57724
-36.57606
-36.57488
-36.57370
-36.57252
-36.57134
-36.57015
-36.56897
-36.56778
-36.56660
-36.56541
-36.56423
-36.56304
-36.56185
-36.56066
-36.55947
-36.55828
-36.55709
-36.55590
-36.55471
-36.55351
-36.55232
-36.55113
-36.54993
-36.54873
-36.54754
-36.54634
-36.54514
-36.54394
-36.54275
-36.54155
-36.54035
-36.53914
-36.53794
-36.53674
-36.53554
-36.53433
-36.53313
-36.53192
-36.53072
-36.52951
-36.52830
-36.52709
-36.52588
-36.52467
-36.52346
-36.52225
-36.52104
-36.51983
-36.51861
-36.51740
-36.51619
-36.51497
-36.51375
-36.51254
-36.51132
-36.51010
-36.50888
-36.50766
-36.50644
-36.50522
-36.50400
-36.50278
-36.50155
-36.50033
-36.49911
-36.49788
-36.49665
-36.49543
-36.49420
-36.49297
-36.49174
-36.49051
-36.48928
-36.48805
-36.48682
-36.48559
-36.48435
-36.48312
-36.48189
-36.48065
-36.47941
-36.47818
-36.47694
-36.47570
-36.47446
-36.47322
-36.47198
-36.47074
-36.46950
-36.46826
-36.46701
-36.46577
-36.46452
-36.46328
-36.46203
-36.46078
-36.45954
-36.45829
-36.45704
-36.45579
-36.45454
-36.45329
-36.45203
-36.45078
-36.44953
-36.44827
-36.44702
-36.44576
-36.44450
-36.44325
-36.44199
-36.44073
-36.43947
-36.43821
-36.43695
-36.43569
-36.43442
-36.43316
-36.43190
-36.43063
-36.42936
-36.42810
-36.42683
-36.42556
-36.42429
-36.42302
-36.42175
-36.42048
-36.41921
-36.41794
-36.41667
-36.41539
-36.41412
-36.41284
-36.41157
-36.41029
-36.40901
-36.40773
-36.40645
-36.40517
-36.40389
-36.40261
-36.40133
-36.40004
-36.39876
-36.39748
-36.39619
-36.39490
-36.39362
-36.39233
-36.39104
-36.38975
-36.38846
-36.38717
-36.38588
-36.38459
-36.38329
-36.38200
-36.38070
-36.37941
-36.37811
-36.37682
-36.37552
-36.37422
-36.37292
-36.37162
-36.37032
-36.36902
-36.36771
-36.36641
-36.36511
-36.36380
-36.36250
-36.36119
-36.35988
-36.35858
-36.35727
-36.35596
-36.35465
-36.35334
-36.35202
-36.35071
-36.34940
-36.34808
-36.34677
-36.34545
-36.34413
-36.34282
-36.34150
-36.34018
-36.33886
-36.33754
-36.33622
-36.33490
-36.33357
-36.33225
-36.33092
-36.32960
-36.32827
-36.32694
-36.32562
-36.32429
-36.32296
-36.32163
-36.32030
-36.31897
-36.31763
-36.31630
-36.31497
-36.31363
-36.31229
-36.31096
-36.30962
-36.30828
-36.30694
-36.30560
-36.30426
-36.30292
-36.30158
-36.30023
-36.29889
-36.29755
-36.29620
-36.29485
-36.29351
-36.29216
-36.29081
-36.28946
-36.28811
-36.28676
-36.28540
-36.28405
-36.28270
-36.28134
-36.27999
-36.27863
-36.27727
-36.27592
-36.27456
-36.27320
-36.27184
-36.27047
-36.26911
-36.26775
-36.26639
-36.26502
-36.26366
-36.26229
-36.26092
-36.25955
-36.25819
-36.25682
-36.25545
-36.25407
-36.25270
-36.25133
-36.24996
-36.24858
-36.24720
-36.24583
-36.24445
-36.24307
-36.24169
-36.24031
-36.23893
-36.23755
-36.23617
-36.23479
-36.23340
-36.23202
-36.23063
-36.22925
-36.22786
-36.22647
-36.22508
-36.22369
-36.22230
-36.22091
-36.21952
-36.21812
-36.21673
-36.21533
-36.21394
-36.21254
-36.21114
-36.20974
-36.20835
-36.20695
-36.20554
-36.20414
-36.20274
-36.20134
-36.19993
-36.19853
-36.19712
-36.19571
-36.19430
-36.19290
-36.19149
-36.19008
-36.18866
-36.18725
-36.18584
-36.18442
-36.18301
-36.18159
-36.18018
-36.17876
-36.17734
-36.17592
-36.17450
-36.17308
-36.17166
-36.17024
-36.16881
-36.16739
-36.16596
-36.16453
-36.16311
-36.16168
-36.16025
-36.15882
-36.15739
-36.15596
-36.15453
-36.15309
-36.15166
-36.15022
-36.14879
-36.14735
-36.14591
-36.14447
-36.14303
-36.14159
-36.14015
-36.13871
-36.13726
-36.13582
-36.13438
-36.13293
-36.13148
-36.13004
-36.12859
-36.12714
-36.12569
-36.12424
-36.12278
-36.12133
-36.11988
-36.11842
-36.11697
-36.11551
-36.11405
-36.11259
-36.11113
-36.10967
-36.10821
-36.10675
-36.10529
-36.10382
-36.10236
-36.10089
-36.09942
-36.09796
-36.09649
-36.09502
-36.09355
-36.09208
-36.09060
-36.08913
-36.08766
-36.08618
-36.08471
-36.08323
-36.08175
-36.08027
-36.07879
-36.07731
-36.07583
-36.07435
-36.07286
-36.07138
-36.06990
-36.06841
-36.06692
-36.06543
-36.06395
-36.06245
-36.06096
-36.05947
-36.05798
-36.05649
-36.05499
-36.05350
-36.05200
-36.05050
-36.04900
-36.04751
-36.04600
-36.04450
-36.04300
-36.04150
-36.03999
-36.03849
-36.03698
-36.03548
-36.03397
-36.03246
-36.03095
-36.02944
-36.02793
-36.02642
-36.02490
-36.02339
-36.02187
-36.02036
-36.01884
-36.01732
-36.01580
-36.01428
-36.01276
-36.01124
-36.00972
-36.00819
-36.00667
-36.00514
-36.00361
-36.00209
-36.00056
-35.99903
-35.99750
-35.99597
-35.99443
-35.99290
-35.99137
-35.98983
-35.98829
-35.98676
-35.98522
-35.98368
-35.98214
-35.98060
-35.97905
-35.97751
-35.97597
-35.97442
-35.97288
-35.97133
-35.96978
-35.96823
-35.96668
-35.96513
-35.96358
-35.96203
-35.96047
-35.95892
-35.95736
-35.95580
-35.95425
-35.95269
-35.95113
-35.94957
-35.94800
-35.94644
-35.94488
-35.94331
-35.94175
-35.94018
-35.93861
-35.93704
-35.93547
-35.93390
-35.93233
-35.93076
-35.92918
-35.92761
-35.92603
-35.92445
-35.92288
-35.92130
-35.91972
-35.91814
-35.91656
-35.91497
-35.91339
-35.91180
-35.91022
-35.90863
-35.90704
-35.90545
-35.90386
-35.90227
-35.90068
-35.89909
-35.89749
-35.89590
-35.89430
-35.89271
-35.89111
-35.88951
-35.88791
-35.88631
-35.88471
-35.88310
-35.88150
-35.87989
-35.87829
-35.87668
-35.87507
-35.87346
-35.87185
-35.87024
-35.86863
-35.86702
-35.86540
-35.86379
-35.86217
-35.86055
-35.85893
-35.85731
-35.85569
-35.85407
-35.85245
-35.85082
-35.84920
-35.84757
-35.84595
-35.84432
-35.84269
-35.84106
-35.83943
-35.83780
-35.83616
-35.83453
-35.83290
-35.83126
-35.82962
-35.82798
-35.82634
-35.82470
-35.82306
-35.82142
-35.81978
-35.81813
-35.81649
-35.81484
-35.81319
-35.81154
-35.80989
-35.80824
-35.80659
-35.80494
-35.80328
-35.80163
-35.79997
-35.79831
-35.79665
-35.79500
-35.79333
-35.79167
-35.79001
-35.78835
-35.78668
-35.78502
-35.78335
-35.78168
-35.78001
-35.77834
-35.77667
-35.77500
-35.77332
-35.77165
-35.76998
-35.76830
-35.76662
-35.76494
-35.76326
-35.76158
-35.75990
-35.75822
-35.75653
-35.75485
-35.75316
-35.75147
-35.74978
-35.74809
-35.74640
-35.74471
-35.74302
-35.74133
-35.73963
-35.73793
-35.73624
-35.73454
-35.73284
-35.73114
-35.72944
-35.72773
-35.72603
-35.72433
-35.72262
-35.72091
-35.71920
-35.71749
-35.71578
-35.71407
-35.71236
-35.71065
-35.70893
-35.70722
-35.70550
-35.70378
-35.70206
-35.70034
-35.69862
-35.69690
-35.69517
-35.69345
-35.69172
-35.69000
-35.68827
-35.68654
-35.68481
-35.68308
-35.68134
-35.67961
-35.67787
-35.67614
-35.67440
-35.67266
-35.67092
-35.66918
-35.66744
-35.66570
-35.66395
-35.66221
-35.66046
-35.65872
-35.65697
-35.65522
-35.65347
-35.65172
-35.64996
-35.64821
-35.64645
-35.64470
-35.64294
-35.64118
-35.63942
-35.63766
-35.63590
-35.63413
-35.63237
-35.63060
-35.62884
-35.62707
-35.62530
-35.62353
-35.62176
-35.61999
-35.61821
-35.61644
-35.61466
-35.61289
-35.61111
-35.60933
-35.60755
-35.60577
-35.60398
-35.60220
-35.60041
-35.59863
-35.59684
-35.59505
-35.59326
-35.59147
-35.58968
-35.58789
-35.58609
-35.58430
-35.58250
-35.58070
-35.57890
-35.57710
-35.57530
-35.57350
-35.57169
-35.56989
-35.56808
-35.56628
-35.56447
-35.56266
-35.56085
-35.55903
-35.55722
-35.55541
-35.55359
-35.55177
-35.54996
-35.54814
-35.54632
-35.54450
-35.54267
-35.54085
-35.53902
-35.53720
-35.53537
-35.53354
-35.53171
-35.52988
-35.52805
-35.52621
-35.52438
-35.52254
-35.52071
-35.51887
-35.51703
-35.51519
-35.51335
-35.51150
-35.50966
-35.50781
-35.50597
-35.50412
-35.50227
-35.50042
-35.49857
-35.49672
-35.49486
-35.49301
-35.49115
-35.48929
-35.48743
-35.48557
-35.48371
-35.48185
-35.47999
-35.47812
-35.47626
-35.47439
-35.47252
-35.47065
-35.46878
-35.46691
-35.46503
-35.46316
-35.46128
-35.45941
-35.45753
-35.45565
-35.45377
-35.45188
-35.45000
-35.44812
-35.44623
-35.44434
-35.44246
-35.44057
-35.43868
-35.43678
-35.43489
-35.43300
-35.43110
-35.42920
-35.42731
-35.42541
-35.42351
-35.42160
-35.41970
-35.41780
-35.41589
-35.41398
-35.41208
-35.41017
-35.40826
-35.40634
-35.40443
-35.40252
-35.40060
-35.39868
-35.39676
-35.39485
-35.39292
-35.39100
-35.38908
-35.38716
-35.38523
-35.38330
-35.38137
-35.37944
-35.37751
-35.37558
-35.37365
-35.37171
-35.36978
-35.36784
-35.36590
-35.36396
-35.36202
-35.36008
-35.35813
-35.35619
-35.35424
-35.35230
-35.35035
-35.34840
-35.34645
-35.34449
-35.34254
-35.34058
-35.33863
-35.33667
-35.33471
-35.33275
-35.33079
-35.32883
-35.32686
-35.32490
-35.32293
-35.32096
-35.31899
-35.31702
-35.31505
-35.31308
-35.31110
-35.30913
-35.30715
-35.30517
-35.30319
-35.30121
-35.29923
-35.29724
-35.29526
-35.29327
-35.29128
-35.28930
-35.28731
-35.28531
-35.28332
-35.28133
-35.27933
-35.27734
-35.27534
-35.27334
-35.27134
-35.26933
-35.26733
-35.26533
-35.26332
-35.26131
-35.25930
-35.25729
-35.25528
-35.25327
-35.25126
-35.24924
-35.24722
-35.24521
-35.24319
-35.24117
-35.23914
-35.23712
-35.23510
-35.23307
-35.23104
-35.22901
-35.22698
-35.22495
-35.22292
-35.22088
-35.21885
-35.21681
-35.21477
-35.21274
-35.21069
-35.20865
-35.20661
-35.20456
-35.20252
-35.20047
-35.19842
-35.19637
-35.19432
-35.19227
-35.19021
-35.18815
-35.18610
-35.18404
-35.18198
-35.17992
-35.17786
-35.17579
-35.17373
-35.17166
-35.16959
-35.16752
-35.16545
-35.16338
-35.16131
-35.15923
-35.15715
-35.15508
-35.15300
-35.15092
-35.14884
-35.14675
-35.14467
-35.14258
-35.14049
-35.13841
-35.13632
-35.13422
-35.13213
-35.13004
-35.12794
-35.12584
-35.12375
-35.12165
-35.11954
-35.11744
-35.11534
-35.11323
-35.11113
-35.10902
-35.10691
-35.10480
-35.10268
-35.10057
-35.09845
-35.09634
-35.09422
-35.09210
-35.08998
-35.08786
-35.08573
-35.08361
-35.08148
-35.07935
-35.07722
-35.07509
-35.07296
-35.07083
-35.06869
-35.06656
-35.06442
-35.06228
-35.06014
-35.05800
-35.05585
-35.05371
-35.05156
-35.04941
-35.04726
-35.04511
-35.04296
-35.04081
-35.03865
-35.03650
-35.03434
-35.03218
-35.03002
-35.02786
-35.02569
-35.02353
-35.02136
-35.01919
-35.01702
-35.01485
-35.01268
-35.01051
-35.00833
-35.00616
-35.00398
-35.00180
-34.99962
-34.99744
-34.99525
-34.99307
-34.99088
-34.98869
-34.98650
-34.98431
-34.98212
-34.97992
-34.97773
-34.97553
-34.97333
-34.97113
-34.96893
-34.96673
-34.96452
-34.96232
-34.96011
-34.95790
-34.95569
-34.95348
-34.95127
-34.94905
-34.94684
-34.94462
-34.94240
-34.94018
-34.93796
-34.93573
-34.93351
-34.93128
-34.92905
-34.92682
-34.92459
-34.92236
-34.92013
-34.91789
-34.91565
-34.91342
-34.91118
-34.90894
-34.90669
-34.90445
-34.90220
-34.89995
-34.89771
-34.89546
-34.89320
-34.89095
-34.88870
-34.88644
-34.88418
-34.88192
-34.87966
-34.87740
-34.87513
-34.87287
-34.87060
-34.86833
-34.86606
-34.86379
-34.86152
-34.85924
-34.85697
-34.85469
-34.85241
-34.85013
-34.84785
-34.84556
-34.84328
-34.84099
-34.83870
-34.83641
-34.83412
-34.83183
-34.82954
-34.82724
-34.82494
-34.82264
-34.82034
-34.81804
-34.81574
-34.81343
-34.81113
-34.80882
-34.80651
-34.80420
-34.80188
-34.79957
-34.79725
-34.79493
-34.79262
-34.79030
-34.78797
-34.78565
-34.78332
-34.78100
-34.77867
-34.77634
-34.77401
-34.77167
-34.76934
-34.76700
-34.76467
-34.76233
-34.75998
-34.75764
-34.75530
-34.75295
-34.75061
-34.74826
-34.74591
-34.74355
-34.74120
-34.73885
-34.73649
-34.73413
-34.73177
-34.72941
-34.72705
-34.72468
-34.72232
-34.71995
-34.71758
-34.71521
-34.71284
-34.71046
-34.70809
-34.70571
-34.70333
-34.70095
-34.69857
-34.69618
-34.69380
-34.69141
-34.68902
-34.68663
-34.68424
-34.68185
-34.67945
-34.67706
-34.67466
-34.67226
-34.66986
-34.66746
-34.66505
-34.66265
-34.66024
-34.65783
-34.65542
-34.65300
-34.65059
-34.64817
-34.64576
-34.64334
-34.64092
-34.63849
-34.63607
-34.63365
-34.63122
-34.62879
-34.62636
-34.62393
-34.62149
-34.61906
-34.61662
-34.61418
-34.61174
-34.60930
-34.60686
-34.60441
-34.60196
-34.59952
-34.59707
-34.59461
-34.59216
-34.58971
-34.58725
-34.58479
-34.58233
-34.57987
-34.57741
-34.57494
-34.57247
-34.57001
-34.56754
-34.56506
-34.56259
-34.56012
-34.55764
-34.55516
-34.55268
-34.55020
-34.54772
-34.54523
-34.54275
-34.54026
-34.53777
-34.53528
-34.53278
-34.53029
-34.52779
-34.52529
-34.52279
-34.52029
-34.51779
-34.51528
-34.51278
-34.51027
-34.50776
-34.50525
-34.50273
-34.50022
-34.49770
-34.49518
-34.49266
-34.49014
-34.48762
-34.48509
-34.48257
-34.48004
-34.47751
-34.47497
-34.47244
-34.46991
-34.46737
-34.46483
-34.46229
-34.45975
-34.45720
-34.45466
-34.45211
-34.44956
-34.44701
-34.44446
-34.44190
-34.43935
-34.43679
-34.43423
-34.43167
-34.42910
-34.42654
-34.42397
-34.42141
-34.41884
-34.41626
-34.41369
-34.41112
-34.40854
-34.40596
-34.40338
-34.40080
-34.39822
-34.39563
-34.39304
-34.39045
-34.38786
-34.38527
-34.38268
-34.38008
-34.37748
-34.37488
-34.37228
-34.36968
-34.36708
-34.36447
-34.36186
-34.35925
-34.35664
-34.35403
-34.35141
-34.34879
-34.34618
-34.34356
-34.34093
-34.33831
-34.33568
-34.33306
-34.33043
-34.32780
-34.32516
-34.32253
-34.31989
-34.31725
-34.31461
-34.31197
-34.30933
-34.30668
-34.30404
-34.30139
-34.29874
-34.29609
-34.29343
-34.29078
-34.28812
-34.28546
-34.28280
-34.28013
-34.27747
-34.27480
-34.27213
-34.26946
-34.26679
-34.26412
-34.26144
-34.25876
-34.25609
-34.25340
-34.25072
-34.24804
-34.24535
-34.24266
-34.23997
-34.23728
-34.23459
-34.23189
-34.22919
-34.22649
-34.22379
-34.22109
-34.21839
-34.21568
-34.21297
-34.21026
-34.20755
-34.20483
-34.20212
-34.19940
-34.19668
-34.19396
-34.19124
-34.18851
-34.18579
-34.18306
-34.18033
-34.17760
-34.17486
-34.17213
-34.16939
-34.16665
-34.16391
-34.16116
-34.15842
-34.15567
-34.15292
-34.15017
-34.14742
-34.14467
-34.14191
-34.13915
-34.13639
-34.13363
-34.13087
-34.12810
-34.12533
-34.12256
-34.11979
-34.11702
-34.11425
-34.11147
-34.10869
-34.10591
-34.10313
-34.10034
-34.09756
-34.09477
-34.09198
-34.08919
-34.08640
-34.08360
-34.08080
-34.07800
-34.07520
-34.07240
-34.06959
-34.06679
-34.06398
-34.06117
-34.05836
-34.05554
-34.05273
-34.04991
-34.04709
-34.04426
-34.04144
-34.03862
-34.03579
-34.03296
-34.03013
-34.02729
-34.02446
-34.02162
-34.01878
-34.01594
-34.01310
-34.01025
-34.00741
-34.00456
-34.00171
-33.99885
-33.99600
-33.99314
-33.99028
-33.98742
-33.98456
-33.98170
-33.97883
-33.97596
-33.97309
-33.97022
-33.96735
-33.96447
-33.96159
-33.95872
-33.95583
-33.95295
-33.95006
-33.94718
-33.94429
-33.94140
-33.93850
-33.93561
-33.93271
-33.92981
-33.92691
-33.92401
-33.92110
-33.91820
-33.91529
-33.91238
-33.90946
-33.90655
-33.90363
-33.90071
-33.89779
-33.89487
-33.89195
-33.88902
-33.88609
-33.88316
-33.88023
-33.87729
-33.87436
-33.87142
-33.86848
-33.86554
-33.86259
-33.85964
-33.85670
-33.85375
-33.85079
-33.84784
-33.84488
-33.84192
-33.83896
-33.83600
-33.83304
-33.83007
-33.82710
-33.82413
-33.82116
-33.81819
-33.81521
-33.81223
-33.80925
-33.80627
-33.80328
-33.80030
-33.79731
-33.79432
-33.79133
-33.78833
-33.78533
-33.78234
-33.77934
-33.77633
-33.77333
-33.77032
-33.76731
-33.76430
-33.76129
-33.75827
-33.75526
-33.75224
-33.74922
-33.74620
-33.74317
-33.74014
-33.73711
-33.73408
-33.73105
-33.72802
-33.72498
-33.72194
-33.71890
-33.71585
-33.71281
-33.70976
-33.70671
-33.70366
-33.70061
-33.69755
-33.69449
-33.69143
-33.68837
-33.68531
-33.68224
-33.67917
-33.67610
-33.67303
-33.66996
-33.66688
-33.66380
-33.66072
-33.65764
-33.65455
-33.65147
-33.64838
-33.64529
-33.64219
-33.63910
-33.63600
-33.63290
-33.62980
-33.62670
-33.62359
-33.62048
-33.61737
-33.61426
-33.61115
-33.60803
-33.60491
-33.60179
-33.59867
-33.59555
-33.59242
-33.58929
-33.58616
-33.58303
-33.57989
-33.57676
-33.57362
-33.57048
-33.56733
-33.56419
-33.56104
-33.55789
-33.55474
-33.55158
-33.54843
-33.54527
-33.54211
-33.53895
-33.53578
-33.53261
-33.52945
-33.52627
-33.52310
-33.51993
-33.51675
-33.51357
-33.51039
-33.50720
-33.50402
-33.50083
-33.49764
-33.49444
-33.49125
-33.48805
-33.48485
-33.48165
-33.47845
-33.47524
-33.47204
-33.46883
-33.46561
-33.46240
-33.45918
-33.45596
-33.45274
-33.44952
-33.44630
-33.44307
-33.43984
-33.43661
-33.43337
-33.43014
-33.42690
-33.42366
-33.42042
-33.41717
-33.41392
-33.41068
-33.40742
-33.40417
-33.40092
-33.39766
-33.39440
-33.39114
-33.38787
-33.38460
-33.38134
-33.37806
-33.37479
-33.37152
-33.36824
-33.36496
-33.36168
-33.35839
-33.35510
-33.35182
-33.34853
-33.34523
-33.34194
-33.33864
-33.33534
-33.33204
-33.32873
-33.32543
-33.32212
-33.31881
-33.31549
-33.31218
-33.30886
-33.30554
-33.30222
-33.29889
-33.29557
-33.29224
-33.28891
-33.28557
-33.28224
-33.27890
-33.27556
-33.27222
-33.26887
-33.26553
-33.26218
-33.25883
-33.25547
-33.25212
-33.24876
-33.24540
-33.24203
-33.23867
-33.23530
-33.23193
-33.22856
-33.22519
-33.22181
-33.21843
-33.21505
-33.21167
-33.20828
-33.20490
-33.20151
-33.19811
-33.19472
-33.19132
-33.18792
-33.18452
-33.18112
-33.17771
-33.17430
-33.17089
-33.16748
-33.16406
-33.16065
-33.15723
-33.15381
-33.15038
-33.14695
-33.14353
-33.14009
-33.13666
-33.13322
-33.12979
-33.12635
-33.12290
-33.11946
-33.11601
-33.11256
-33.10911
-33.10565
-33.10220
-33.09874
-33.09528
-33.09181
-33.08835
-33.08488
-33.08141
-33.07793
-33.07446
-33.07098
-33.06750
-33.06402
-33.06053
-33.05705
-33.05356
-33.05006
-33.04657
-33.04307
-33.03957
-33.03607
-33.03257
-33.02906
-33.02556
-33.02204
-33.01853
-33.01502
-33.01150
-33.00798
-33.00446
-33.00093
-32.99740
-32.99387
-32.99034
-32.98681
-32.98327
-32.97973
-32.97619
-32.97265
-32.96910
-32.96555
-32.96200
-32.95845
-32.95489
-32.95133
-32.94777
-32.94421
-32.94064
-32.93707
-32.93350
-32.92993
-32.92636
-32.92278
-32.91920
-32.91562
-32.91203
-32.90844
-32.90486
-32.90126
-32.89767
-32.89407
-32.89047
-32.88687
-32.88327
-32.87966
-32.87605
-32.87244
-32.86883
-32.86521
-32.86159
-32.85797
-32.85435
-32.85072
-32.84709
-32.84346
-32.83983
-32.83619
-32.83255
-32.82891
-32.82527
-32.82163
-32.81798
-32.81433
-32.81067
-32.80702
-32.80336
-32.79970
-32.79604
-32.79237
-32.78871
-32.78504
-32.78136
-32.77769
-32.77401
-32.77033
-32.76665
-32.76296
-32.75928
-32.75559
-32.75189
-32.74820
-32.74450
-32.74080
-32.73710
-32.73340
-32.72969
-32.72598
-32.72227
-32.71855
-32.71484
-32.71112
-32.70739
-32.70367
-32.69994
-32.69621
-32.69248
-32.68875
-32.68501
-32.68127
-32.67753
-32.67378
-32.67003
-32.66628
-32.66253
-32.65878
-32.65502
-32.65126
-32.64750
-32.64373
-32.63997
-32.63620
-32.63242
-32.62865
-32.62487
-32.62109
-32.61731
-32.61352
-32.60974
-32.60594
-32.60215
-32.59836
-32.59456
-32.59076
-32.58696
-32.58315
-32.57934
-32.57553
-32.57172
-32.56790
-32.56408
-32.56026
-32.55644
-32.55261
-32.54879
-32.54495
-32.54112
-32.53728
-32.53345
-32.52960
-32.52576
-32.52191
-32.51807
-32.51421
-32.51036
-32.50650
-32.50264
-32.49878
-32.49492
-32.49105
-32.48718
-32.48331
-32.47943
-32.47555
-32.47167
-32.46779
-32.46391
-32.46002
-32.45613
-32.45223
-32.44834
-32.44444
-32.44054
-32.43664
-32.43273
-32.42882
-32.42491
-32.42099
-32.41708
-32.41316
-32.40924
-32.40531
-32.40138
-32.39745
-32.39352
-32.38959
-32.38565
-32.38171
-32.37777
-32.37382
-32.36987
-32.36592
-32.36197
-32.35801
-32.35405
-32.35009
-32.34613
-32.34216
-32.33819
-32.33422
-32.33024
-32.32627
-32.32229
-32.31830
-32.31432
-32.31033
-32.30634
-32.30234
-32.29835
-32.29435
-32.29035
-32.28634
-32.28234
-32.27833
-32.27432
-32.27030
-32.26628
-32.26226
-32.25824
-32.25421
-32.25019
-32.24615
-32.24212
-32.23808
-32.23405
-32.23000
-32.22596
-32.22191
-32.21786
-32.21381
-32.20975
-32.20570
-32.20163
-32.19757
-32.19351
-32.18944
-32.18536
-32.18129
-32.17721
-32.17313
-32.16905
-32.16497
-32.16088
-32.15679
-32.15269
-32.14860
-32.14450
-32.14040
-32.13629
-32.13219
-32.12808
-32.12396
-32.11985
-32.11573
-32.11161
-32.10749
-32.10336
-32.09923
-32.09510
-32.09096
-32.08683
-32.08269
-32.07854
-32.07440
-32.07025
-32.06610
-32.06194
-32.05779
-32.05363
-32.04946
-32.04530
-32.04113
-32.03696
-32.03279
-32.02861
-32.02443
-32.02025
-32.01607
-32.01188
-32.00769
-32.00350
-31.99930
-31.99510
-31.99090
-31.98670
-31.98249
-31.97828
-31.97407
-31.96985
-31.96563
-31.96141
-31.95719
-31.95296
-31.94873
-31.94450
-31.94027
-31.93603
-31.93179
-31.92754
-31.92330
-31.91905
-31.91480
-31.91054
-31.90628
-31.90202
-31.89776
-31.89349
-31.88922
-31.88495
-31.88068
-31.87640
-31.87212
-31.86784
-31.86355
-31.85926
-31.85497
-31.85068
-31.84638
-31.84208
-31.83777
-31.83347
-31.82916
-31.82485
-31.82053
-31.81622
-31.81189
-31.80757
-31.80325
-31.79892
-31.79458
-31.79025
-31.78591
-31.78157
-31.77723
-31.77288
-31.76853
-31.76418
-31.75983
-31.75547
-31.75111
-31.74674
-31.74238
-31.73801
-31.73363
-31.72926
-31.72488
-31.72050
-31.71612
-31.71173
-31.70734
-31.70295
-31.69855
-31.69415
-31.68975
-31.68535
-31.68094
-31.67653
-31.67211
-31.66770
-31.66328
-31.65886
-31.65443
-31.65000
-31.64557
-31.64114
-31.63670
-31.63226
-31.62782
-31.62338
-31.61893
-31.61447
-31.61002
-31.60556
-31.60110
-31.59664
-31.59217
-31.58770
-31.58323
-31.57876
-31.57428
-31.56980
-31.56531
-31.56083
-31.55634
-31.55184
-31.54735
-31.54285
-31.53835
-31.53384
-31.52933
-31.52482
-31.52031
-31.51579
-31.51127
-31.50675
-31.50222
-31.49769
-31.49316
-31.48863
-31.48409
-31.47955
-31.47501
-31.47046
-31.46591
-31.46136
-31.45680
-31.45224
-31.44768
-31.44312
-31.43855
-31.43398
-31.42940
-31.42483
-31.42025
-31.41566
-31.41108
-31.40649
-31.40189
-31.39730
-31.39270
-31.38810
-31.38350
-31.37889
-31.37428
-31.36966
-31.36505
-31.36043
-31.35581
-31.35118
-31.34655
-31.34192
-31.33728
-31.33265
-31.32801
-31.32336
-31.31872
-31.31407
-31.30941
-31.30476
-31.30010
-31.29543
-31.29077
-31.28610
-31.28143
-31.27675
-31.27207
-31.26739
-31.26271
-31.25802
-31.25333
-31.24864
-31.24394
-31.23924
-31.23454
-31.22984
-31.22513
-31.22041
-31.21570
-31.21098
-31.20626
-31.20154
-31.19681
-31.19208
-31.18734
-31.18261
-31.17787
-31.17312
-31.16838
-31.16363
-31.15888
-31.15412
-31.14936
-31.14460
-31.13984
-31.13507
-31.13030
-31.12552
-31.12074
-31.11596
-31.11118
-31.10639
-31.10160
-31.09681
-31.09201
-31.08721
-31.08241
-31.07760
-31.07280
-31.06798
-31.06317
-31.05835
-31.05353
-31.04870
-31.04387
-31.03904
-31.03421
-31.02937
-31.02453
-31.01969
-31.01484
-31.00999
-31.00514
-31.00028
-30.99542
-30.99056
-30.98569
-30.98082
-30.97595
-30.97107
-30.96619
-30.96131
-30.95642
-30.95154
-30.94664
-30.94175
-30.93685
-30.93195
-30.92704
-30.92214
-30.91722
-30.91231
-30.90739
-30.90247
-30.89755
-30.89262
-30.88769
-30.88276
-30.87782
-30.87288
-30.86794
-30.86299
-30.85804
-30.85309
-30.84813
-30.84317
-30.83821
-30.83324
-30.82827
-30.82330
-30.81832
-30.81334
-30.80836
-30.80337
-30.79839
-30.79339
-30.78840
-30.78340
-30.77840
-30.77339
-30.76838
-30.76337
-30.75836
-30.75334
-30.74832
-30.74329
-30.73826
-30.73323
-30.72820
-30.72316
-30.71812
-30.71307
-30.70802
-30.70297
-30.69792
-30.69286
-30.68780
-30.68273
-30.67767
-30.67259
-30.66752
-30.66244
-30.65736
-30.65228
-30.64719
-30.64210
-30.63700
-30.63191
-30.62680
-30.62170
-30.61659
-30.61148
-30.60637
-30.60125
-30.59613
-30.59100
-30.58588
-30.58074
-30.57561
-30.57047
-30.56533
-30.56019
-30.55504
-30.54989
-30.54473
-30.53958
-30.53441
-30.52925
-30.52408
-30.51891
-30.51374
-30.50856
-30.50338
-30.49819
-30.49300
-30.48781
-30.48262
-30.47742
-30.47222
-30.46701
-30.46180
-30.45659
-30.45138
-30.44616
-30.44093
-30.43571
-30.43048
-30.42525
-30.42001
-30.41477
-30.40953
-30.40429
-30.39904
-30.39378
-30.38853
-30.38327
-30.37801
-30.37274
-30.36747
-30.36220
-30.35692
-30.35164
-30.34636
-30.34107
-30.33578
-30.33049
-30.32520
-30.31990
-30.31461
-30.30931
-30.30401
-30.29871
-30.29341
-30.28811
-30.28281
-30.27751
-30.27221
-30.26690
-30.26160
-30.25629
-30.25099
-30.24568
-30.24037
-30.23507
-30.22976
-30.22445
-30.21914
-30.21383
-30.20852
-30.20321
-30.19790
-30.19258
-30.18727
-30.18195
-30.17664
-30.17132
-30.16601
-30.16069
-30.15537
-30.15005
-30.14474
-30.13942
-30.13410
-30.12877
-30.12345
-30.11813
-30.11281
-30.10748
-30.10216
-30.09683
-30.09151
-30.08618
-30.08086
-30.07553
-30.07020
-30.06487
-30.05954
-30.05421
-30.04888
-30.04355
-30.03821
-30.03288
-30.02755
-30.02221
-30.01688
-30.01154
-30.00621
-30.00087
-29.99553
-29.99019
-29.98485
-29.97951
-29.97417
-29.96883
-29.96349
-29.95815
-29.95280
-29.94746
-29.94212
-29.93677
-29.93143
-29.92608
-29.92073
-29.91538
-29.91004
-29.90469
-29.89934
-29.89399
-29.88863
-29.88328
-29.87793
-29.87258
-29.86722
-29.86187
-29.85651
-29.85116
-29.84580
-29.84044
-29.83509
-29.82973
-29.82437
-29.81901
-29.81365
-29.80829
-29.80292
-29.79756
-29.79220
-29.78683
-29.78147
-29.77610
-29.77074
-29.76537
-29.76000
-29.75464
-29.74927
-29.74390
-29.73853
-29.73316
-29.72779
-29.72241
-29.71704
-29.71167
-29.70629
-29.70092
-29.69554
-29.69017
-29.68479
-29.67941
-29.67403
-29.66866
-29.66328
-29.65790
-29.65252
-29.64713
-29.64175
-29.63637
-29.63099
-29.62560
-29.62022
-29.61483
-29.60944
-29.60406
-29.59867
-29.59328
-29.58789
-29.58250
-29.57711
-29.57172
-29.56633
-29.56094
-29.55555
-29.55015
-29.54476
-29.53936
-29.53397
-29.52857
-29.52317
-29.51778
-29.51238
-29.50698
-29.50158
-29.49618
-29.49078
-29.48538
-29.47997
-29.47457
-29.46917
-29.46376
-29.45836
-29.45295
-29.44754
-29.44214
-29.43673
-29.43132
-29.42591
-29.42050
-29.41509
-29.40968
-29.40427
-29.39886
-29.39344
-29.38803
-29.38261
-29.37720
-29.37178
-29.36637
-29.36095
-29.35553
-29.35011
-29.34469
-29.33927
-29.33385
-29.32843
-29.32301
-29.31759
-29.31216
-29.30674
-29.30131
-29.29589
-29.29046
-29.28504
-29.27961
-29.27418
-29.26875
-29.26332
-29.25789
-29.25246
-29.24703
-29.24160
-29.23616
-29.23073
-29.22530
-29.21986
-29.21443
-29.20899
-29.20355
-29.19812
-29.19268
-29.18724
-29.18180
-29.17636
-29.17092
-29.16548
-29.16003
-29.15459
-29.14915
-29.14370
-29.13826
-29.13281
-29.12737
-29.12192
-29.11647
-29.11102
-29.10557
-29.10012
-29.09467
-29.08922
-29.08377
-29.07832
-29.07286
-29.06741
-29.06196
-29.05650
-29.05104
-29.04559
-29.04013
-29.03467
-29.02921
-29.02376
-29.01830
-29.01283
-29.00737
-29.00191
-28.99645
-28.99099
-28.98552
-28.98006
-28.97459
-28.96913
-28.96366
-28.95819
-28.95272
-28.94725
-28.94178
-28.93631
-28.93084
-28.92537
-28.91990
-28.91443
-28.90895
-28.90348
-28.89800
-28.89253
-28.88705
-28.88158
-28.87610
-28.87062
-28.86514
-28.85966
-28.85418
-28.84870
-28.84322
-28.83774
-28.83225
-28.82677
-28.82129
-28.81580
-28.81031
-28.80483
-28.79934
-28.79385
-28.78836
-28.78288
-28.77739
-28.77190
-28.76640
-28.76091
-28.75542
-28.74993
-28.74443
-28.73894
-28.73344
-28.72795
-28.72245
-28.71695
-28.71145
-28.70596
-28.70046
-28.69496
-28.68946
-28.68395
-28.67845
-28.67295
-28.66745
-28.66194
-28.65644
-28.65093
-28.64543
-28.63992
-28.63441
-28.62890
-28.62339
-28.61789
-28.61237
-28.60686
-28.60135
-28.59584
-28.59033
-28.58481
-28.57930
-28.57378
-28.56827
-28.56275
-28.55724
-28.55172
-28.54620
-28.54068
-28.53516
-28.52964
-28.52412
-28.51860
-28.51307
-28.50755
-28.50203
-28.49650
-28.49098
-28.48545
-28.47992
-28.47440
-28.46887
-28.46334
-28.45781
-28.45228
-28.44675
-28.44122
-28.43569
-28.43015
-28.42462
-28.41909
-28.41355
-28.40802
-28.40248
-28.39694
-28.39141
-28.38587
-28.38033
-28.37479
-28.36925
-28.36371
-28.35817
-28.35263
-28.34708
-28.34154
-28.33599
-28.33045
-28.32490
-28.31936
-28.31381
-28.30826
-28.30271
-28.29717
-28.29162
-28.28606
-28.28051
-28.27496
-28.26941
-28.26386
-28.25830
-28.25275
-28.24719
-28.24164
-28.23608
-28.23052
-28.22496
-28.21941
-28.21385
-28.20829
-28.20273
-28.19716
-28.19160
-28.18604
-28.18048
-28.17491
-28.16935
-28.16378
-28.15822
-28.15265
-28.14708
-28.14151
-28.13594
-28.13037
-28.12480
-28.11923
-28.11366
-28.10809
-28.10252
-28.09694
-28.09137
-28.08579
-28.08022
-28.07464
-28.06906
-28.06349
-28.05791
-28.05233
-28.04675
-28.04117
-28.03559
-28.03001
-28.02442
-28.01884
-28.01326
-28.00767
-28.00209
-27.99650
-27.99091
-27.98533
-27.97974
-27.97415
-27.96856
-27.96297
-27.95738
-27.95179
-27.94620
-27.94060
-27.93501
-27.92941
-27.92382
-27.91822
-27.91263
-27.90703
-27.90143
-27.89584
-27.89024
-27.88464
-27.87904
-27.87344
-27.86783
-27.86223
-27.85663
-27.85102
-27.84542
-27.83981
-27.83421
-27.82860
-27.82300
-27.81739
-27.81178
-27.80617
-27.80056
-27.79495
-27.78934
-27.78373
-27.77811
-27.77250
-27.76689
-27.76127
-27.75566
-27.75004
-27.74442
-27.73880
-27.73319
-27.72757
-27.72195
-27.71633
-27.71071
-27.70509
-27.69946
-27.69384
-27.68822
-27.68259
-27.67697
-27.67134
-27.66572
-27.66009
-27.65446
-27.64883
-27.64320
-27.63757
-27.63194
-27.62631
-27.62068
-27.61505
-27.60941
-27.60378
-27.59815
-27.59251
-27.58687
-27.58124
-27.57560
-27.56996
-27.56432
-27.55868
-27.55304
-27.54740
-27.54176
-27.53612
-27.53048
-27.52483
-27.51919
-27.51354
-27.50790
-27.50225
-27.49660
-27.49096
-27.48531
-27.47966
-27.47401
-27.46836
-27.46271
-27.45706
-27.45140
-27.44575
-27.44010
-27.43444
-27.42879
-27.42313
-27.41748
-27.41182
-27.40616
-27.40050
-27.39484
-27.38918
-27.38352
-27.37786
-27.37220
-27.36654
-27.36087
-27.35521
-27.34954
-27.34388
-27.33821
-27.33254
-27.32688
-27.32121
-27.31554
-27.30987
-27.30420
-27.29853
-27.29286
-27.28718
-27.28151
-27.27584
-27.27016
-27.26449
-27.25881
-27.25314
-27.24746
-27.24178
-27.23610
-27.23042
-27.22474
-27.21906
-27.21338
-27.20770
-27.20202
-27.19633
-27.19065
-27.18496
-27.17928
-27.17359
-27.16791
-27.16222
-27.15653
-27.15084
-27.14515
-27.13946
-27.13377
-27.12808
-27.12239
-27.11669
-27.11100
-27.10531
-27.09961
-27.09392
-27.08822
-27.08252
-27.07682
-27.07113
-27.06543
-27.05973
-27.05403
-27.04832
-27.04262
-27.03692
-27.03122
-27.02551
-27.01981
-27.01410
-27.00840
-27.00269
-26.99698
-26.99127
-26.98557
-26.97986
-26.97415
-26.96844
-26.96272
-26.95701
-26.95130
-26.94558
-26.93987
-26.93416
-26.92844
-26.92272
-26.91701
-26.91129
-26.90557
-26.89985
-26.89413
-26.88841
-26.88269
-26.87697
-26.87125
-26.86552
-26.85980
-26.85407
-26.84835
-26.84262
-26.83690
-26.83117
-26.82544
-26.81971
-26.81398
-26.80825
-26.80252
-26.79679
-26.79106
-26.78532
-26.77959
-26.77386
-26.76812
-26.76239
-26.75665
-26.75091
-26.74517
-26.73944
-26.73370
-26.72796
-26.72222
-26.71648
-26.71073
-26.70499
-26.69925
-26.69350
-26.68776
-26.68201
-26.67627
-26.67052
-26.66477
-26.65903
-26.65328
-26.64753
-26.64178
-26.63603
-26.63028
-26.62452
-26.61877
-26.61302
-26.60726
-26.60151
-26.59575
-26.59000
-26.58424
-26.57848
-26.57272
-26.56696
-26.56120
-26.55544
-26.54968
-26.54392
-26.53816
-26.53239
-26.52663
-26.52087
-26.51510
-26.50934
-26.50357
-26.49780
-26.49203
-26.48626
-26.48049
-26.47472
-26.46895
-26.46318
-26.45741
-26.45164
-26.44586
-26.44009
-26.43431
-26.42854
-26.42276
-26.41699
-26.41121
-26.40543
-26.39965
-26.39387
-26.38809
-26.38231
-26.37653
-26.37075
-26.36496
-26.35918
-26.35339
-26.34761
-26.34182
-26.33604
-26.33025
-26.32446
-26.31867
-26.31288
-26.30709
-26.30130
-26.29551
-26.28972
-26.28392
-26.27813
-26.27234
-26.26654
-26.26075
-26.25495
-26.24915
-26.24336
-26.23756
-26.23176
-26.22596
-26.22016
-26.21436
-26.20855
-26.20275
-26.19695
-26.19114
-26.18534
-26.17954
-26.17373
-26.16792
-26.16212
-26.15631
-26.15050
-26.14469
-26.13888
-26.13307
-26.12726
-26.12144
-26.11563
-26.10982
-26.10400
-26.09819
-26.09237
-26.08656
-26.08074
-26.07492
-26.06910
-26.06328
-26.05746
-26.05164
-26.04582
-26.04000
-26.03418
-26.02836
-26.02253
-26.01671
-26.01088
-26.00506
-25.99923
-25.99340
-25.98757
-25.98174
-25.97592
-25.97009
-25.96425
-25.95842
-25.95259
-25.94676
-25.94092
-25.93509
-25.92925
-25.92342
-25.91758
-25.91175
-25.90591
-25.90007
-25.89423
-25.88839
-25.88255
-25.87671
-25.87087
-25.86502
-25.85918
-25.85334
-25.84749
-25.84165
-25.83580
-25.82995
-25.82411
-25.81826
-25.81241
-25.80656
-25.80071
-25.79486
-25.78901
-25.78316
-25.77730
-25.77145
-25.76560
-25.75974
-25.75388
-25.74803
-25.74217
-25.73631
-25.73046
-25.72460
-25.71874
-25.71288
-25.70701
-25.70115
-25.69529
-25.68943
-25.68356
-25.67770
-25.67183
-25.66597
-25.66010
-25.65423
-25.64836
-25.64250
-25.63663
-25.63076
-25.62488
-25.61901
-25.61314
-25.60727
-25.60139
-25.59552
-25.58965
-25.58377
-25.57789
-25.57202
-25.56614
-25.56026
-25.55438
-25.54850
-25.54262
-25.53674
-25.53086
-25.52497
-25.51909
-25.51321
-25.50732
-25.50144
-25.49555
-25.48966
-25.48378
-25.47789
-25.47200
-25.46611
-25.46022
-25.45433
-25.44844
-25.44254
-25.43665
-25.43076
-25.42486
-25.41897
-25.41307
-25.40718
-25.40128
-25.39538
-25.38948
-25.38358
-25.37768
-25.37178
-25.36588
-25.35998
-25.35408
-25.34817
-25.34227
-25.33637
-25.33046
-25.32455
-25.31865
-25.31274
-25.30683
-25.30092
-25.29501
-25.28910
-25.28319
-25.27728
-25.27137
-25.26545
-25.25954
-25.25363
-25.24771
-25.24179
-25.23588
-25.22996
-25.22404
-25.21812
-25.21221
-25.20629
-25.20036
-25.19444
-25.18852
-25.18260
-25.17668
-25.17075
-25.16483
-25.15890
-25.15297
-25.14705
-25.14112
-25.13519
-25.12926
-25.12333
-25.11740
-25.11147
-25.10554
-25.09961
-25.09367
-25.08774
-25.08181
-25.07587
-25.06994
-25.06400
-25.05806
-25.05212
-25.04619
-25.04025
-25.03431
-25.02837
-25.02242
-25.01648
-25.01054
-25.00460
-24.99865
-24.99271
-24.98676
-24.98081
-24.97487
-24.96892
-24.96297
-24.95702
-24.95107
-24.94512
-24.93917
-24.93322
-24.92727
-24.92131
-24.91536
-24.90941
-24.90345
-24.89749
-24.89154
-24.88558
-24.87962
-24.87366
-24.86770
-24.86174
-24.85578
-24.84982
-24.84386
-24.83790
-24.83193
-24.82597
-24.82001
-24.81404
-24.80807
-24.80211
-24.79614
-24.79017
-24.78420
-24.77823
-24.77226
-24.76629
-24.76032
-24.75435
-24.74837
-24.74240
-24.73642
-24.73045
-24.72447
-24.71850
-24.71252
-24.70654
-24.70056
-24.69458
-24.68860
-24.68262
-24.67664
-24.67066
-24.66467
-24.65869
-24.65271
-24.64672
-24.64074
-24.63475
-24.62876
-24.62278
-24.61679
-24.61080
-24.60481
-24.59882
-24.59283
-24.58683
-24.58084
-24.57485
-24.56885
-24.56286
-24.55686
-24.55087
-24.54487
-24.53887
-24.53288
-24.52688
-24.52088
-24.51488
-24.50888
-24.50288
-24.49687
-24.49087
-24.48487
-24.47886
-24.47286
-24.46685
-24.46085
-24.45484
-24.44883
-24.44282
-24.43681
-24.43080
-24.42479
-24.41878
-24.41277
-24.40676
-24.40074
-24.39473
-24.38872
-24.38270
-24.37668
-24.37067
-24.36465
-24.35863
-24.35261
-24.34659
-24.34057
-24.33455
-24.32853
-24.32251
-24.31649
-24.31046
-24.30444
-24.29841
-24.29239
-24.28636
-24.28033
-24.27431
-24.26828
-24.26225
-24.25622
-24.25019
-24.24416
-24.23812
-24.23209
-24.22606
-24.22002
-24.21399
-24.20795
-24.20192
-24.19588
-24.18984
-24.18381
-24.17777
-24.17173
-24.16569
-24.15965
-24.15360
-24.14756
-24.14152
-24.13547
-24.12943
-24.12339
-24.11734
-24.11129
-24.10525
-24.09920
-24.09315
-24.08710
-24.08105
-24.07500
-24.06895
-24.06290
-24.05684
-24.05079
-24.04474
-24.03868
-24.03263
-24.02657
-24.02051
-24.01446
-24.00840
-24.00234
-23.99628
-23.99022
-23.98416
-23.97810
-23.97203
-23.96597
-23.95991
-23.95384
-23.94778
-23.94171
-23.93565
-23.92958
-23.92351
-23.91744
-23.91137
-23.90530
-23.89923
-23.89316
-23.88709
-23.88102
-23.87494
-23.86887
-23.86279
-23.85672
-23.85064
-23.84456
-23.83849
-23.83241
-23.82633
-23.82025
-23.81417
-23.80809
-23.80201
-23.79593
-23.78984
-23.78376
-23.77767
-23.77159
-23.76550
-23.75942
-23.75333
-23.74724
-23.74115
-23.73506
-23.72897
-23.72288
-23.71679
-23.71070
-23.70461
-23.69851
-23.69242
-23.68632
-23.68023
-23.67413
-23.66804
-23.66194
-23.65584
-23.64974
-23.64364
-23.63754
-23.63144
-23.62534
-23.61924
-23.61313
-23.60703
-23.60092
-23.59482
-23.58871
-23.58261
-23.57650
-23.57039
-23.56428
-23.55817
-23.55206
-23.54595
-23.53984
-23.53373
-23.52762
-23.52150
-23.51539
-23.50928
-23.50316
-23.49704
-23.49093
-23.48481
-23.47869
-23.47257
-23.46645
-23.46033
-23.45421
-23.44809
-23.44197
-23.43584
-23.42972
-23.42360
-23.41747
-23.41134
-23.40522
-23.39909
-23.39296
-23.38683
-23.38070
-23.37457
-23.36844
-23.36231
-23.35618
-23.35005
-23.34391
-23.33778
-23.33165
-23.32551
-23.31937
-23.31324
-23.30710
-23.30096
-23.29482
-23.28868
-23.28254
-23.27640
-23.27026
-23.26412
-23.25797
-23.25183
-23.24569
-23.23954
-23.23340
-23.22725
-23.22110
-23.21495
-23.20881
-23.20266
-23.19651
-23.19036
-23.18420
-23.17805
-23.17190
-23.16575
-23.15959
-23.15344
-23.14728
-23.14113
-23.13497
-23.12881
-23.12265
-23.11649
-23.11033
-23.10417
-23.09801
-23.09185
-23.08569
-23.07953
-23.07336
-23.06720
-23.06103
-23.05487
-23.04870
-23.04253
-23.03637
-23.03020
-23.02403
-23.01786
-23.01169
-23.00552
-22.99934
-22.99317
-22.98700
-22.98082
-22.97465
-22.96847
-22.96230
-22.95612
-22.94994
-22.94377
-22.93759
-22.93141
-22.92523
-22.91905
-22.91286
-22.90668
-22.90050
-22.89432
-22.88813
-22.88195
-22.87576
-22.86957
-22.86339
-22.85720
-22.85101
-22.84482
-22.83863
-22.83244
-22.82625
-22.82006
-22.81387
-22.80767
-22.80148
-22.79528
-22.78909
-22.78289
-22.77670
-22.77050
-22.76430
-22.75810
-22.75190
-22.74570
-22.73950
-22.73330
-22.72710
-22.72089
-22.71469
-22.70849
-22.70228
-22.69608
-22.68987
-22.68366
-22.67745
-22.67125
-22.66504
-22.65883
-22.65262
-22.64641
-22.64019
-22.63398
-22.62777
-22.62155
-22.61534
-22.60912
-22.60291
-22.59669
-22.59047
-22.58426
-22.57804
-22.57182
-22.56560
-22.55938
-22.55316
-22.54693
-22.54071
-22.53449
-22.52826
-22.52204
-22.51581
-22.50959
-22.50336
-22.49713
-22.49090
-22.48468
-22.47845
-22.47222
-22.46598
-22.45975
-22.45352
-22.44729
-22.44105
-22.43482
-22.42858
-22.42235
-22.41611
-22.40987
-22.40364
-22.39740
-22.39116
-22.38492
-22.37868
-22.37244
-22.36619
-22.35995
-22.35371
-22.34746
-22.34122
-22.33497
-22.32873
-22.32248
-22.31623
-22.30999
-22.30374
-22.29749
-22.29124
-22.28499
-22.27874
-22.27248
-22.26623
-22.25998
-22.25372
-22.24747
-22.24121
-22.23496
-22.22870
-22.22244
-22.21618
-22.20992
-22.20366
-22.19740
-22.19114
-22.18488
-22.17862
-22.17235
-22.16609
-22.15983
-22.15356
-22.14729
-22.14103
-22.13476
-22.12849
-22.12222
-22.11595
-22.10968
-22.10341
-22.09714
-22.09087
-22.08460
-22.07832
-22.07205
-22.06578
-22.05950
-22.05322
-22.04695
-22.04067
-22.03439
-22.02811
-22.02183
-22.01555
-22.00927
-22.00299
-21.99671
-21.99042
-21.98414
-21.97786
-21.97157
-21.96529
-21.95900
-21.95271
-21.94642
-21.94014
-21.93385
-21.92756
-21.92127
-21.91498
-21.90868
-21.90239
-21.89610
-21.88980
-21.88351
-21.87721
-21.87092
-21.86462
-21.85832
-21.85203
-21.84573
-21.83943
-21.83313
-21.82683
-21.82053
-21.81422
-21.80792
-21.80162
-21.79531
-21.78901
-21.78270
-21.77640
-21.77009
-21.76378
-21.75747
-21.75117
-21.74486
-21.73855
-21.73224
-21.72592
-21.71961
-21.71330
-21.70698
-21.70067
-21.69436
-21.68804
-21.68172
-21.67541
-21.66909
-21.66277
-21.65645
-21.65013
-21.64381
-21.63749
-21.63117
-21.62485
-21.61852
-21.61220
-21.60587
-21.59955
-21.59322
-21.58690
-21.58057
-21.57424
-21.56791
-21.56158
-21.55525
-21.54892
-21.54259
-21.53626
-21.52993
-21.52359
-21.51726
-21.51093
-21.50459
-21.49825
-21.49192
-21.48558
-21.47924
-21.47290
-21.46656
-21.46022
-21.45388
-21.44754
-21.44120
-21.43486
-21.42851
-21.42217
-21.41582
-21.40948
-21.40313
-21.39679
-21.39044
-21.38409
-21.37774
-21.37139
-21.36504
-21.35869
-21.35234
-21.34599
-21.33963
-21.33328
-21.32692
-21.32057
-21.31421
-21.30786
-21.30150
-21.29514
-21.28878
-21.28243
-21.27607
-21.26971
-21.26334
-21.25698
-21.25062
-21.24426
-21.23789
-21.23153
-21.22516
-21.21880
-21.21243
-21.20606
-21.19970
-21.19333
-21.18696
-21.18059
-21.17422
-21.16785
-21.16148
-21.15510
-21.14873
-21.14236
-21.13598
-21.12961
-21.12323
-21.11685
-21.11048
-21.10410
-21.09772
-21.09134
-21.08496
-21.07858
-21.07220
-21.06582
-21.05943
-21.05305
-21.04667
-21.04028
-21.03390
-21.02751
-21.02112
-21.01474
-21.00835
-21.00196
-20.99557
-20.98918
-20.98279
-20.97640
-20.97001
-20.96361
-20.95722
-20.95083
-20.94443
-20.93804
-20.93164
-20.92524
-20.91884
-20.91245
-20.90605
-20.89965
-20.89325
-20.88685
-20.88045
-20.87404
-20.86764
-20.86124
-20.85483
-20.84843
-20.84202
-20.83562
-20.82921
-20.82280
-20.81639
-20.80999
-20.80358
-20.79717
-20.79075
-20.78434
-20.77793
-20.77152
-20.76510
-20.75869
-20.75228
-20.74586
-20.73944
-20.73303
-20.72661
-20.72019
-20.71377
-20.70735
-20.70093
-20.69451
-20.68809
-20.68167
-20.67524
-20.66882
-20.66240
-20.65597
-20.64955
-20.64312
-20.63669
-20.63027
-20.62384
-20.61741
-20.61098
-20.60455
-20.59812
-20.59169
-20.58525
-20.57882
-20.57239
-20.56595
-20.55952
-20.55308
-20.54665
-20.54021
-20.53377
-20.52733
-20.52089
-20.51445
-20.50801
-20.50157
-20.49513
-20.48869
-20.48225
-20.47580
-20.46936
-20.46291
-20.45647
-20.45002
-20.44357
-20.43713
-20.43068
-20.42423
-20.41778
-20.41133
-20.40488
-20.39843
-20.39198
-20.38552
-20.37907
-20.37261
-20.36616
-20.35970
-20.35325
-20.34679
-20.34033
-20.33388
-20.32742
-20.32096
-20.31450
-20.30804
-20.30157
-20.29511
-20.28865
-20.28219
-20.27572
-20.26926
-20.26279
-20.25632
-20.24986
-20.24339
-20.23692
-20.23045
-20.22398
-20.21751
-20.21104
-20.20457
-20.19810
-20.19163
-20.18515
-20.17868
-20.17220
-20.16573
-20.15925
-20.15278
-20.14630
-20.13982
-20.13334
-20.12686
-20.12038
-20.11390
-20.10742
-20.10094
-20.09446
-20.08797
-20.08149
-20.07500
-20.06852
-20.06203
-20.05555
-20.04906
-20.04257
-20.03608
-20.02959
-20.02310
-20.01661
-20.01012
-20.00363
-19.99714
-19.99064
-19.98415
-19.97765
-19.97116
-19.96466
-19.95817
-19.95167
-19.94517
-19.93867
-19.93217
-19.92567
-19.91917
-19.91267
-19.90617
-19.89967
-19.89317
-19.88666
-19.88016
-19.87365
-19.86715
-19.86064
-19.85413
-19.84763
-19.84112
-19.83461
-19.82810
-19.82159
-19.81508
-19.80857
-19.80205
-19.79554
-19.78903
-19.78251
-19.77600
-19.76948
-19.76297
-19.75645
-19.74993
-19.74341
-19.73690
-19.73038
-19.72386
-19.71734
-19.71081
-19.70429
-19.69777
-19.69125
-19.68472
-19.67820
-19.67167
-19.66515
-19.65862
-19.65209
-19.64556
-19.63904
-19.63251
-19.62598
-19.61945
-19.61292
-19.60638
-19.59985
-19.59332
-19.58678
-19.58025
-19.57371
-19.56718
-19.56064
-19.55411
-19.54757
-19.54103
-19.53449
-19.52795
-19.52141
-19.51487
-19.50833
-19.50179
-19.49524
-19.48870
-19.48216
-19.47561
-19.46907
-19.46252
-19.45597
-19.44943
-19.44288
-19.43633
-19.42978
-19.42323
-19.41668
-19.41013
-19.40358
-19.39702
-19.39047
-19.38392
-19.37736
-19.37081
-19.36425
-19.35770
-19.35114
-19.34458
-19.33802
-19.33146
-19.32490
-19.31834
-19.31178
-19.30522
-19.29866
-19.29210
-19.28553
-19.27897
-19.27240
-19.26584
-19.25927
-19.25271
-19.24614
-19.23957
-19.23300
-19.22643
-19.21986
-19.21329
-19.20672
-19.20015
-19.19358
-19.18700
-19.18043
-19.17386
-19.16728
-19.16071
-19.15413
-19.14755
-19.14097
-19.13440
-19.12782
-19.12124
-19.11466
-19.10808
-19.10150
-19.09491
-19.08833
-19.08175
-19.07516
-19.06858
-19.06199
-19.05541
-19.04882
-19.04223
-19.03565
-19.02906
-19.02247
-19.01588
-19.00929
-19.00270
-18.99611
-18.98952
-18.98292
-18.97633
-18.96973
-18.96314
-18.95654
-18.94995
-18.94335
-18.93675
-18.93016
-18.92356
-18.91696
-18.91036
-18.90376
-18.89716
-18.89056
-18.88395
-18.87735
-18.87075
-18.86414
-18.85754
-18.85093
-18.84433
-18.83772
-18.83111
-18.82450
-18.81790
-18.81129
-18.80468
-18.79807
-18.79146
-18.78484
-18.77823
-18.77162
-18.76500
-18.75839
-18.75178
-18.74516
-18.73854
-18.73193
-18.72531
-18.71869
-18.71207
-18.70545
-18.69883
-18.69221
-18.68559
-18.67897
-18.67235
-18.66572
-18.65910
-18.65248
-18.64585
-18.63923
-18.63260
-18.62597
-18.61935
-18.61272
-18.60609
-18.59946
-18.59283
-18.58620
-18.57957
-18.57294
-18.56630
-18.55967
-18.55304
-18.54640
-18.53977
-18.53313
-18.52650
-18.51986
-18.51322
-18.50658
-18.49995
-18.49331
-18.48667
-18.48003
-18.47339
-18.46674
-18.46010
-18.45346
-18.44681
-18.44017
-18.43353
-18.42688
-18.42023
-18.41359
-18.40694
-18.40029
-18.39364
-18.38699
-18.38034
-18.37369
-18.36704
-18.36039
-18.35374
-18.34709
-18.34043
-18.33378
-18.32712
-18.32047
-18.31381
-18.30716
-18.30050
-18.29384
-18.28718
-18.28053
-18.27387
-18.26721
-18.26054
-18.25388
-18.24722
-18.24056
-18.23390
-18.22723
-18.22057
-18.21390
-18.20724
-18.20057
-18.19390
-18.18724
-18.18057
-18.17390
-18.16723
-18.16056
-18.15389
-18.14722
-18.14055
-18.13387
-18.12720
-18.12053
-18.11385
-18.10718
-18.10050
-18.09383
-18.08715
-18.08047
-18.07380
-18.06712
-18.06044
-18.05376
-18.04708
-18.04040
-18.03372
-18.02703
-18.02035
-18.01367
-18.00698
-18.00030
-17.99362
-17.98693
-17.98024
-17.97356
-17.96687
-17.96018
-17.95349
-17.94680
-17.94011
-17.93342
-17.92673
-17.92004
-17.91335
-17.90666
-17.89996
-17.89327
-17.88657
-17.87988
-17.87318
-17.86649
-17.85979
-17.85309
-17.84639
-17.83969
-17.83299
-17.82629
-17.81959
-17.81289
-17.80619
-17.79949
-17.79279
-17.78608
-17.77938
-17.77267
-17.76597
-17.75926
-17.75256
-17.74585
-17.73914
-17.73243
-17.72572
-17.71901
-17.71230
-17.70559
-17.69888
-17.69217
-17.68546
-17.67875
-17.67203
-17.66532
-17.65860
-17.65189
-17.64517
-17.63846
-17.63174
-17.62502
-17.61830
-17.61158
-17.60486
-17.59814
-17.59142
-17.58470
-17.57798
-17.57126
-17.56454
-17.55781
-17.55109
-17.54436
-17.53764
-17.53091
-17.52419
-17.51746
-17.51073
-17.50400
-17.49727
-17.49054
-17.48382
-17.47708
-17.47035
-17.46362
-17.45689
-17.45016
-17.44342
-17.43669
-17.42996
-17.42322
-17.41648
-17.40975
-17.40301
-17.39627
-17.38954
-17.38280
-17.37606
-17.36932
-17.36258
-17.35584
-17.34910
-17.34235
-17.33561
-17.32887
-17.32212
-17.31538
-17.30864
-17.30189
-17.29514
-17.28840
-17.28165
-17.27490
-17.26815
-17.26141
-17.25466
-17.24791
-17.24116
-17.23441
-17.22765
-17.22090
-17.21415
-17.20740
-17.20064
-17.19389
-17.18713
-17.18038
-17.17362
-17.16686
-17.16011
-17.15335
-17.14659
-17.13983
-17.13307
-17.12631
-17.11955
-17.11279
-17.10603
-17.09927
-17.09250
-17.08574
-17.07898
-17.07221
-17.06545
-17.05868
-17.05191
-17.04515
-17.03838
-17.03161
-17.02484
-17.01807
-17.01130
-17.00453
-16.99776
-16.99099
-16.98422
-16.97745
-16.97068
-16.96390
-16.95713
-16.95035
-16.94358
-16.93680
-16.93003
-16.92325
-16.91647
-16.90970
-16.90292
-16.89614
-16.88936
-16.88258
-16.87580
-16.86902
-16.86224
-16.85545
-16.84867
-16.84189
-16.83510
-16.82832
-16.82153
-16.81475
-16.80796
-16.80118
-16.79439
-16.78760
-16.78081
-16.77402
-16.76724
-16.76045
-16.75366
-16.74686
-16.74007
-16.73328
-16.72649
-16.71970
-16.71290
-16.70611
-16.69931
-16.69252
-16.68572
-16.67893
-16.67213
-16.66533
-16.65853
-16.65174
-16.64494
-16.63814
-16.63134
-16.62454
-16.61774
-16.61094
-16.60413
-16.59733
-16.59053
-16.58372
-16.57692
-16.57012
-16.56331
-16.55650
-16.54970
-16.54289
-16.53608
-16.52928
-16.52247
-16.51566
-16.50885
-16.50204
-16.49523
-16.48842
-16.48161
-16.47479
-16.46798
-16.46117
-16.45436
-16.44754
-16.44073
-16.43391
-16.42710
-16.42028
-16.41346
-16.40665
-16.39983
-16.39301
-16.38619
-16.37937
-16.37255
-16.36573
-16.35891
-16.35209
-16.34527
-16.33845
-16.33162
-16.32480
-16.31798
-16.31115
-16.30433
-16.29750
-16.29068
-16.28385
-16.27702
-16.27020
-16.26337
-16.25654
-16.24971
-16.24288
-16.23605
-16.22922
-16.22239
-16.21556
-16.20873
-16.20189
-16.19506
-16.18823
-16.18139
-16.17456
-16.16772
-16.16089
-16.15405
-16.14722
-16.14038
-16.13354
-16.12670
-16.11987
-16.11303
-16.10619
-16.09935
-16.09251
-16.08567
-16.07883
-16.07198
-16.06514
-16.05830
-16.05146
-16.04461
-16.03777
-16.03092
-16.02408
-16.01723
-16.01039
-16.00354
-15.99669
-15.98984
-15.98300
-15.97615
-15.96930
-15.96245
-15.95560
-15.94875
-15.94190
-15.93505
-15.92819
-15.92134
-15.91449
-15.90763
-15.90078
-15.89393
-15.88707
-15.88022
-15.87336
-15.86650
-15.85965
-15.85279
-15.84593
-15.83907
-15.83222
-15.82536
-15.81850
-15.81164
-15.80478
-15.79792
-15.79105
-15.78419
-15.77733
-15.77047
-15.76360
-15.75674
-15.74988
-15.74301
-15.73615
-15.72928
-15.72241
-15.71555
-15.70868
-15.70181
-15.69495
-15.68808
-15.68121
-15.67434
-15.66747
-15.66060
-15.65373
-15.64686
-15.63999
-15.63311
-15.62624
-15.61937
-15.61249
-15.60562
-15.59875
-15.59187
-15.58500
-15.57812
-15.57125
-15.56437
-15.55749
-15.55061
-15.54374
-15.53686
-15.52998
-15.52310
-15.51622
-15.50934
-15.50246
-15.49558
-15.48870
-15.48182
-15.47493
-15.46805
-15.46117
-15.45428
-15.44740
-15.44052
-15.43363
-15.42675
-15.41986
-15.41297
-15.40609
-15.39920
-15.39231
-15.38543
-15.37854
-15.37165
-15.36476
-15.35787
-15.35098
-15.34409
-15.33720
-15.33031
-15.32342
-15.31652
-15.30963
-15.30274
-15.29584
-15.28895
-15.28206
-15.27516
-15.26827
-15.26137
-15.25448
-15.24758
-15.24068
-15.23378
-15.22689
-15.21999
-15.21309
-15.20619
-15.19929
-15.19239
-15.18549
-15.17859
-15.17169
-15.16479
-15.15789
-15.15099
-15.14409
-15.13718
-15.13028
-15.12338
-15.11647
-15.10957
-15.10266
-15.09576
-15.08885
-15.08195
-15.07504
-15.06813
-15.06122
-15.05432
-15.04741
-15.04050
-15.03359
-15.02668
-15.01977
-15.01286
-15.00595
-14.99904
-14.99213
-14.98522
-14.97831
-14.97140
-14.96448
-14.95757
-14.95066
-14.94374
-14.93683
-14.92991
-14.92300
-14.91608
-14.90917
-14.90225
-14.89534
-14.88842
-14.88150
-14.87458
-14.86767
-14.86075
-14.85383
-14.84691
-14.83999
-14.83307
-14.82615
-14.81923
-14.81231
-14.80539
-14.79847
-14.79154
-14.78462
-14.77770
-14.77078
-14.76385
-14.75693
-14.75000
-14.74308
-14.73615
-14.72923
-14.72230
-14.71538
-14.70845
-14.70153
-14.69460
-14.68767
-14.68074
-14.67382
-14.66689
-14.65996
-14.65303
-14.64610
-14.63917
-14.63224
-14.62531
-14.61838
-14.61145
-14.60452
-14.59758
-14.59065
-14.58372
-14.57679
-14.56985
-14.56292
-14.55599
-14.54905
-14.54212
-14.53518
-14.52825
-14.52131
-14.51438
-14.50744
-14.50050
-14.49357
-14.48663
-14.47969
-14.47276
-14.46582
-14.45888
-14.45194
-14.44500
-14.43806
-14.43112
-14.42418
-14.41724
-14.41030
-14.40336
-14.39642
-14.38948
-14.38254
-14.37559
-14.36865
-14.36171
-14.35477
-14.34782
-14.34088
-14.33393
-14.32699
-14.32005
-14.31310
-14.30616
-14.29921
-14.29226
-14.28532
-14.27837
-14.27143
-14.26448
-14.25753
-14.25058
-14.24364
-14.23669
-14.22974
-14.22279
-14.21584
-14.20889
-14.20194
-14.19499
-14.18804
-14.18109
-14.17414
-14.16719
-14.16024
-14.15329
-14.14634
-14.13938
-14.13243
-14.12548
-14.11853
-14.11157
-14.10462
-14.09767
-14.09071
-14.08376
-14.07680
-14.06985
-14.06290
-14.05594
-14.04898
-14.04203
-14.03507
-14.02812
-14.02116
-14.01420
-14.00725
-14.00029
-13.99333
-13.98637
-13.97942
-13.97246
-13.96550
-13.95854
-13.95158
-13.94462
-13.93766
-13.93070
-13.92374
-13.91678
-13.90982
-13.90286
-13.89590
-13.88894
-13.88198
-13.87502
-13.86805
-13.86109
-13.85413
-13.84717
-13.84020
-13.83324
-13.82628
-13.81932
-13.81235
-13.80539
-13.79842
-13.79146
-13.78450
-13.77753
-13.77057
-13.76360
-13.75663
-13.74967
-13.74270
-13.73574
-13.72877
-13.72180
-13.71484
-13.70787
-13.70090
-13.69394
-13.68697
-13.68000
-13.67303
-13.66607
-13.65910
-13.65213
-13.64516
-13.63819
-13.63122
-13.62425
-13.61729
-13.61032
-13.60335
-13.59638
-13.58941
-13.58244
-13.57547
-13.56849
-13.56152
-13.55455
-13.54758
-13.54061
-13.53364
-13.52667
-13.51970
-13.51272
-13.50575
-13.49878
-13.49181
-13.48483
-13.47786
-13.47089
-13.46392
-13.45694
-13.44997
-13.44300
-13.43602
-13.42905
-13.42207
-13.41510
-13.40813
-13.40115
-13.39418
-13.38720
-13.38023
-13.37325
-13.36628
-13.35930
-13.35233
-13.34535
-13.33837
-13.33140
-13.32442
-13.31745
-13.31047
-13.30349
-13.29652
-13.28954
-13.28256
-13.27559
-13.26861
-13.26163
-13.25466
-13.24768
-13.24070
-13.23372
-13.22675
-13.21977
-13.21279
-13.20581
-13.19883
-13.19186
-13.18488
-13.17790
-13.17092
-13.16394
-13.15696
-13.14998
-13.14301
-13.13603
-13.12905
-13.12207
-13.11509
-13.10811
-13.10113
-13.09415
-13.08717
-13.08019
-13.07321
-13.06623
-13.05925
-13.05227
-13.04529
-13.03831
-13.03133
-13.02435
-13.01737
-13.01039
-13.00341
-12.99643
-12.98945
-12.98247
-12.97549
-12.96851
-12.96153
-12.95455
-12.94757
-12.94058
-12.93360
-12.92662
-12.91964
-12.91266
-12.90568
-12.89870
-12.89172
-12.88474
-12.87775
-12.87077
-12.86379
-12.85681
-12.84983
-12.84285
-12.83587
-12.82888
-12.82190
-12.81492
-12.80794
-12.80096
-12.79398
-12.78700
-12.78001
-12.77303
-12.76605
-12.75907
-12.75209
-12.74511
-12.73812
-12.73114
-12.72416
-12.71718
-12.71020
-12.70322
-12.69623
-12.68925
-12.68227
-12.67529
-12.66831
-12.66133
-12.65435
-12.64736
-12.64038
-12.63340
-12.62642
-12.61944
-12.61246
-12.60548
-12.59849
-12.59151
-12.58453
-12.57755
-12.57057
-12.56359
-12.55661
-12.54963
-12.54265
-12.53566
-12.52868
-12.52170
-12.51472
-12.50774
-12.50076
-12.49378
-12.48680
-12.47982
-12.47284
-12.46586
-12.45888
-12.45190
-12.44492
-12.43794
-12.43096
-12.42398
-12.41700
-12.41002
-12.40304
-12.39606
-12.38908
-12.38210
-12.37512
-12.36814
-12.36116
-12.35419
-12.34721
-12.34023
-12.33325
-12.32627
-12.31929
-12.31231
-12.30534
-12.29836
-12.29138
-12.28440
-12.27742
-12.27045
-12.26347
-12.25649
-12.24952
-12.24254
-12.23556
-12.22858
-12.22161
-12.21463
-12.20765
-12.20068
-12.19370
-12.18673
-12.17975
-12.17278
-12.16580
-12.15882
-12.15185
-12.14487
-12.13790
-12.13092
-12.12395
-12.11698
-12.11000
-12.10303
-12.09605
-12.08908
-12.08211
-12.07513
-12.06816
-12.06119
-12.05421
-12.04724
-12.04027
-12.03330
-12.02633
-12.01935
-12.01238
-12.00541
-11.99844
-11.99147
-11.98450
-11.97753
-11.97056
-11.96359
-11.95662
-11.94965
-11.94268
-11.93571
-11.92874
-11.92177
-11.91480
-11.90783
-11.90087
-11.89390
-11.88693
-11.87996
-11.87300
-11.86603
-11.85906
-11.85210
-11.84513
-11.83816
-11.83120
-11.82423
-11.81727
-11.81030
-11.80334
-11.79637
-11.78941
-11.78245
-11.77548
-11.76852
-11.76156
-11.75460
-11.74763
-11.74067
-11.73371
-11.72675
-11.71979
-11.71283
-11.70587
-11.69891
-11.69195
-11.68499
-11.67803
-11.67107
-11.66411
-11.65715
-11.65019
-11.64323
-11.63628
-11.62932
-11.62236
-11.61541
-11.60845
-11.60150
-11.59454
-11.58759
-11.58063
-11.57368
-11.56672
-11.55977
-11.55282
-11.54586
-11.53891
-11.53196
-11.52501
-11.51805
-11.51110
-11.50415
-11.49720
-11.49025
-11.48330
-11.47635
-11.46940
-11.46246
-11.45551
-11.44856
-11.44161
-11.43467
-11.42772
-11.42077
-11.41383
-11.40688
-11.39994
-11.39299
-11.38605
-11.37911
-11.37216
-11.36522
-11.35828
-11.35134
-11.34440
-11.33746
-11.33051
-11.32357
-11.31663
-11.30970
-11.30276
-11.29582
-11.28888
-11.28194
-11.27501
-11.26807
-11.26113
-11.25420
-11.24726
-11.24033
-11.23340
-11.22646
-11.21953
-11.21260
-11.20566
-11.19873
-11.19180
-11.18487
-11.17794
-11.17101
-11.16408
-11.15715
-11.15023
-11.14330
-11.13637
-11.12945
-11.12252
-11.11559
-11.10867
-11.10174
-11.09482
-11.08790
-11.08097
-11.07405
-11.06713
-11.06021
-11.05329
-11.04637
-11.03945
-11.03253
-11.02561
-11.01870
-11.01178
-11.00486
-10.99795
-10.99103
-10.98412
-10.97720
-10.97029
-10.96338
-10.95646
-10.94955
-10.94264
-10.93573
-10.92882
-10.92191
-10.91500
-10.90809
-10.90119
-10.89428
-10.88737
-10.88047
-10.87356
-10.86666
-10.85975
-10.85285
-10.84595
-10.83905
-10.83215
-10.82525
-10.81835
-10.81145
-10.80455
-10.79765
-10.79075
-10.78386
-10.77696
-10.77007
-10.76317
-10.75628
-10.74939
-10.74249
-10.73560
-10.72871
-10.72182
-10.71493
-10.70804
-10.70116
-10.69427
-10.68738
-10.68050
-10.67361
-10.66673
-10.65984
-10.65296
-10.64608
-10.63920
-10.63232
-10.62544
-10.61856
-10.61168
-10.60480
-10.59793
-10.59105
-10.58418
-10.57730
-10.57043
-10.56355
-10.55668
-10.54981
-10.54294
-10.53607
-10.52920
-10.52234
-10.51547
-10.50860
-10.50174
-10.49487
-10.48801
-10.48115
-10.47428
-10.46742
-10.46056
-10.45370
-10.44684
-10.43999
-10.43313
-10.42627
-10.41942
-10.41256
-10.40571
-10.39886
-10.39200
-10.38515
-10.37830
-10.37145
-10.36461
-10.35776
-10.35091
-10.34407
-10.33722
-10.33038
-10.32354
-10.31669
-10.30985
-10.30301
-10.29617
-10.28934
-10.28250
-10.27566
-10.26883
-10.26199
-10.25516
-10.24833
-10.24150
-10.23467
-10.22784
-10.22101
-10.21418
-10.20736
-10.20053
-10.19371
-10.18688
-10.18006
-10.17324
-10.16642
-10.15960
-10.15278
-10.14596
-10.13915
-10.13233
-10.12552
-10.11871
-10.11189
-10.10508
-10.09827
-10.09146
-10.08466
-10.07785
-10.07104
-10.06424
-10.05743
-10.05063
-10.04383
-10.03703
-10.03023
-10.02343
-10.01664
-10.00984
-10.00305
-9.99625
-9.98946
-9.98267
-9.97588
-9.96909
-9.96230
-9.95552
-9.94873
-9.94195
-9.93516
-9.92838
-9.92160
-9.91482
-9.90804
-9.90126
-9.89449
-9.88771
-9.88094
-9.87417
-9.86739
-9.86062
-9.85386
-9.84709
-9.84032
-9.83356
-9.82679
-9.82003
-9.81327
-9.80651
-9.79975
-9.79299
-9.78623
-9.77948
-9.77272
-9.76597
-9.75922
-9.75247
-9.74572
-9.73897
-9.73223
-9.72548
-9.71874
-9.71200
-9.70526
-9.69852
-9.69178
-9.68504
-9.67831
-9.67157
-9.66484
-9.65811
-9.65138
-9.64465
-9.63792
-9.63120
-9.62447
-9.61775
-9.61103
-9.60430
-9.59759
-9.59087
-9.58415
-9.57744
-9.57072
-9.56401
-9.55730
-9.55059
-9.54388
-9.53718
-9.53047
-9.52377
-9.51707
-9.51037
-9.50367
-9.49697
-9.49028
-9.48358
-9.47689
-9.47020
-9.46351
-9.45682
-9.45013
-9.44345
-9.43676
-9.43008
-9.42340
-9.41672
-9.41004
-9.40337
-9.39669
-9.39002
-9.38335
-9.37668
-9.37001
-9.36334
-9.35668
-9.35001
-9.34335
-9.33669
-9.33003
-9.32338
-9.31672
-9.31007
-9.30342
-9.29677
-9.29012
-9.28347
-9.27682
-9.27018
-9.26354
-9.25690
-9.25026
-9.24362
-9.23699
-9.23035
-9.22372
-9.21709
-9.21046
-9.20384
-9.19721
-9.19059
-9.18397
-9.17735
-9.17073
-9.16411
-9.15750
-9.15088
-9.14427
-9.13766
-9.13106
-9.12445
-9.11785
-9.11125
-9.10465
-9.09805
-9.09145
-9.08486
-9.07826
-9.07167
-9.06508
-9.05850
-9.05191
-9.04533
-9.03875
-9.03217
-9.02559
-9.01901
-9.01244
-9.00587
-8.99930
-8.99273
-8.98616
-8.97960
-8.97304
-8.96647
-8.95992
-8.95336
-8.94680
-8.94025
-8.93370
-8.92715
-8.92061
-8.91406
-8.90752
-8.90098
-8.89444
-8.88790
-8.88137
-8.87484
-8.86831
-8.86178
-8.85525
-8.84873
-8.84221
-8.83569
-8.82917
-8.82265
-8.81614
-8.80963
-8.80312
-8.79661
-8.79010
-8.78360
-8.77710
-8.77060
-8.76410
-8.75761
-8.75112
-8.74463
-8.73814
-8.73165
-8.72517
-8.71869
-8.71221
-8.70573
-8.69926
-8.69279
-8.68632
-8.67985
-8.67338
-8.66692
-8.66046
-8.65400
-8.64754
-8.64109
-8.63464
-8.62819
-8.62174
-8.61529
-8.60885
-8.60241
-8.59597
-8.58954
-8.58310
-8.57667
-8.57024
-8.56382
-8.55739
-8.55097
-8.54455
-8.53814
-8.53172
-8.52531
-8.51890
-8.51250
-8.50609
-8.49969
-8.49329
-8.48689
-8.48050
-8.47411
-8.46772
-8.46133
-8.45495
-8.44857
-8.44219
-8.43581
-8.42943
-8.42306
-8.41669
-8.41033
-8.40396
-8.39760
-8.39124
-8.38489
-8.37853
-8.37218
-8.36583
-8.35949
-8.35315
-8.34681
-8.34047
-8.33413
-8.32780
-8.32147
-8.31514
-8.30882
-8.30250
-8.29618
-8.28986
-8.28355
-8.27724
-8.27093
-8.26463
-8.25833
-8.25203
-8.24573
-8.23944
-8.23314
-8.22686
-8.22057
-8.21429
-8.20801
-8.20173
-8.19546
-8.18919
-8.18292
-8.17665
-8.17039
-8.16413
-8.15788
-8.15162
-8.14537
-8.13912
-8.13288
-8.12664
-8.12040
-8.11416
-8.10793
-8.10170
-8.09547
-8.08925
-8.08303
-8.07681
-8.07059
-8.06438
-8.05817
-8.05197
-8.04577
-8.03957
-8.03337
-8.02718
-8.02099
-8.01480
-8.00862
-8.00243
-7.99626
-7.99008
-7.98391
-7.97774
-7.97158
-7.96542
-7.95926
-7.95310
-7.94695
-7.94080
-7.93466
-7.92852
-7.92238
-7.91624
-7.91011
-7.90398
-7.89785
-7.89173
-7.88561
-7.87950
-7.87338
-7.86728
-7.86117
-7.85507
-7.84897
-7.84287
-7.83678
-7.83069
-7.82461
-7.81853
-7.81245
-7.80637
-7.80030
-7.79423
-7.78817
-7.78211
-7.77605
-7.77000
-7.76395
-7.75790
-7.75186
-7.74582
-7.73978
-7.73375
-7.72772
-7.72170
-7.71568
-7.70966
-7.70364
-7.69763
-7.69163
-7.68562
-7.67962
-7.67363
-7.66764
-7.66165
-7.65566
-7.64968
-7.64371
-7.63773
-7.63176
-7.62580
-7.61984
-7.61388
-7.60792
-7.60197
-7.59603
-7.59008
-7.58415
-7.57821
-7.57228
-7.56635
-7.56043
-7.55451
-7.54859
-7.54268
-7.53678
-7.53087
-7.52497
-7.51908
-7.51319
-7.50730
-7.50142
-7.49554
-7.48966
-7.48379
-7.47792
-7.47206
-7.46620
-7.46035
-7.45450
-7.44865
-7.44281
-7.43697
-7.43114
-7.42531
-7.41948
-7.41366
-7.40784
-7.40203
-7.39622
-7.39042
-7.38462
-7.37882
-7.37303
-7.36724
-7.36146
-7.35568
-7.34991
-7.34414
-7.33837
-7.33261
-7.32686
-7.32110
-7.31536
-7.30961
-7.30388
-7.29814
-7.29241
-7.28669
-7.28097
-7.27525
-7.26954
-7.26383
-7.25813
-7.25243
-7.24674
-7.24105
-7.23537
-7.22969
-7.22401
-7.21834
-7.21268
-7.20702
-7.20136
-7.19571
-7.19006
-7.18442
-7.17878
-7.17315
-7.16753
-7.16190
-7.15629
-7.15067
-7.14506
-7.13946
-7.13386
-7.12827
-7.12268
-7.11710
-7.11152
-7.10595
-7.10038
-7.09481
-7.08925
-7.08370
-7.07815
-7.07261
-7.06707
-7.06154
-7.05601
-7.05048
-7.04497
-7.03945
-7.03395
-7.02844
-7.02294
-7.01745
-7.01197
-7.00648
-7.00101
-6.99554
-6.99007
-6.98461
-6.97915
-6.97370
-6.96826
-6.96282
-6.95738
-6.95195
-6.94653
-6.94111
-6.93570
-6.93029
-6.92489
-6.91949
-6.91410
-6.90872
-6.90334
-6.89796
-6.89259
-6.88723
-6.88187
-6.87652
-6.87117
-6.86583
-6.86050
-6.85517
-6.84985
-6.84453
-6.83921
-6.83391
-6.82861
-6.82331
-6.81802
-6.81274
-6.80746
-6.80219
-6.79692
-6.79166
-6.78641
-6.78116
-6.77592
-6.77068
-6.76545
-6.76023
-6.75501
-6.74979
-6.74459
-6.73939
-6.73419
-6.72900
-6.72382
-6.71864
-6.71347
-6.70831
-6.70315
-6.69800
-6.69285
-6.68772
-6.68258
-6.67746
-6.67233
-6.66722
-6.66211
-6.65701
-6.65192
-6.64683
-6.64174
-6.63667
-6.63160
-6.62653
-6.62148
-6.61643
-6.61138
-6.60635
-6.60132
-6.59629
-6.59127
-6.58626
-6.58126
-6.57626
-6.57127
-6.56628
-6.56131
-6.55633
-6.55137
-6.54641
-6.54146
-6.53652
-6.53158
-6.52665
-6.52173
-6.51681
-6.51190
-6.50700
-6.50210
-6.49721
-6.49233
-6.48745
-6.48258
-6.47772
-6.47287
-6.46802
-6.46318
-6.45835
-6.45352
-6.44870
-6.44389
-6.43909
-6.43429
-6.42950
-6.42472
-6.41994
-6.41517
-6.41041
-6.40566
-6.40091
-6.39618
-6.39144
-6.38672
-6.38200
-6.37729
-6.37259
-6.36790
-6.36321
-6.35853
-6.35386
-6.34920
-6.34454
-6.33989
-6.33525
-6.33062
-6.32599
-6.32138
-6.31677
-6.31217
-6.30757
-6.30298
-6.29841
-6.29383
-6.28927
-6.28472
-6.28017
-6.27563
-6.27110
-6.26658
-6.26206
-6.25755
-6.25305
-6.24856
-6.24408
-6.23961
-6.23514
-6.23068
-6.22623
-6.22179
-6.21736
-6.21293
-6.20851
-6.20411
-6.19971
-6.19531
-6.19093
-6.18656
-6.18219
-6.17783
-6.17348
-6.16914
-6.16481
-6.16048
-6.15617
-6.15186
-6.14756
-6.14327
-6.13899
-6.13472
-6.13046
-6.12621
-6.12196
-6.11772
-6.11350
-6.10928
-6.10507
-6.10087
-6.09667
-6.09249
-6.08832
-6.08415
-6.08000
-6.07585
-6.07171
-6.06758
-6.06346
-6.05935
-6.05525
-6.05116
-6.04708
-6.04301
-6.03894
-6.03489
-6.03084
-6.02681
-6.02278
-6.01876
-6.01476
-6.01076
-6.00677
-6.00279
-5.99883
-5.99487
-5.99092
-5.98698
-5.98305
-5.97913
-5.97522
-5.97132
-5.96743
-5.96355
-5.95967
-5.95581
-5.95196
-5.94812
-5.94429
-5.94047
-5.93666
-5.93286
-5.92907
-5.92529
-5.92152
-5.91776
-5.91401
-5.91027
-5.90654
-5.90282
-5.89911
-5.89541
-5.89173
-5.88805
-5.88438
-5.88073
-5.87708
-5.87345
-5.86982
-5.86621
-5.86261
-5.85902
-5.85543
-5.85186
-5.84830
-5.84476
-5.84122
-5.83769
-5.83417
-5.83067
-5.82718
-5.82369
-5.82022
-5.81676
-5.81331
-5.80987
-5.80644
-5.80303
-5.79962
-5.79623
-5.79285
-5.78948
-5.78612
-5.78277
-5.77944
-5.77611
-5.77280
-5.76950
-5.76621
-5.76293
-5.75966
-5.75641
-5.75316
-5.74993
-5.74671
-5.74350
-5.74031
-5.73712
-5.73395
-5.73079
-5.72765
-5.72451
-5.72139
-5.71827
-5.71518
-5.71209
-5.70901
-5.70595
-5.70290
-5.69986
-5.69684
-5.69382
-5.69082
-5.68784
-5.68486
-5.68190
-5.67895
-5.67601
