7.41224
7.40999
7.40731
7.40464
7.40196
7.39929
7.39661
7.39394
7.39126
7.38859
7.38591
7.38323
7.38056
7.37788
7.37520
7.37253
7.36985
7.36717
7.36450
7.36182
7.35914
7.35646
7.35378
7.35111
7.34843
7.34575
7.34307
7.34039
7.33771
7.33503
7.33235
7.32967
7.32699
7.32431
7.32163
7.31895
7.31627
7.31359
7.31091
7.30823
7.30555
7.30286
7.30018
7.29750
7.29482
7.29214
7.28945
7.28677
7.28409
7.28140
7.27872
7.27604
7.27335
7.27067
7.26798
7.26530
7.26262
7.25993
7.25725
7.25456
7.25188
7.24919
7.24650
7.24382
7.24113
7.23845
7.23576
7.23307
7.23039
7.22770
7.22501
7.22233
7.21964
7.21695
7.21426
7.21157
7.20889
7.20620
7.20351
7.20082
7.19813
7.19544
7.19275
7.19006
7.18737
7.18468
7.18199
7.17930
7.17661
7.17392
7.17123
7.16854
7.16585
7.16316
7.16047
7.15777
7.15508
7.15239
7.14970
7.14701
7.14431
7.14162
7.13893
7.13623
7.13354
7.13085
7.12815
7.12546
7.12276
7.12007
7.11737
7.11468
7.11199
7.10929
7.10659
7.10390
7.10120
7.09851
7.09581
7.09311
7.09042
7.08772
7.08502
7.08233
7.07963
7.07693
7.07424
7.07154
7.06884
7.06614
7.06344
7.06074
7.05805
7.05535
7.05265
7.04995
7.04725
7.04455
7.04185
7.03915
7.03645
7.03375
7.03105
7.02835
7.02565
7.02294
7.02024
7.01754
7.01484
7.01214
7.00944
7.00673
7.00403
7.00133
6.99863
6.99592
6.99322
6.99052
6.98781
6.98511
6.98240
6.97970
6.97699
6.97429
6.97159
6.96888
6.96618
6.96347
6.96076
6.95806
6.95535
6.95265
6.94994
6.94723
6.94453
6.94182
6.93911
6.93641
6.93370
6.93099
6.92828
6.92557
6.92287
6.92016
6.91745
6.91474
6.91203
6.90932
6.90661
6.90390
6.90119
6.89848
6.89577
6.89306
6.89035
6.88764
6.88493
6.88222
6.87951
6.87680
6.87409
6.87137
6.86866
6.86595
6.86324
6.86052
6.85781
6.85510
6.85239
6.84967
6.84696
6.84425
6.84153
6.83882
6.83610
6.83339
6.83067
6.82796
6.82524
6.82253
6.81981
6.81710
6.81438
6.81167
6.80895
6.80623
6.80352
6.80080
6.79808
6.79536
6.79265
6.78993
6.78721
6.78449
6.78178
6.77906
6.77634
6.77362
6.77090
6.76818
6.76546
6.76274
6.76002
6.75730
6.75458
6.75186
6.74914
6.74642
6.74370
6.74098
6.73826
6.73554
6.73282
6.73010
6.72737
6.72465
6.72193
6.71921
6.71648
6.71376
6.71104
6.70831
6.70559
6.70287
6.70014
6.69742
6.69469
6.69197
6.68925
6.68652
6.68380
6.68107
6.67834
6.67562
6.67289
6.67017
6.66744
6.66471
6.66199
6.65926
6.65653
6.65381
6.65108
6.64835
6.64562
6.64290
6.64017
6.63744
6.63471
6.63198
6.62925
6.62653
6.62380
6.62107
6.61834
6.61561
6.61288
6.61015
6.60742
6.60469
6.60195
6.59922
6.59649
6.59376
6.59103
6.58830
6.58557
6.58283
6.58010
6.57737
6.57464
6.57190
6.56917
6.56644
6.56370
6.56097
6.55824
6.55550
6.55277
6.55003
6.54730
6.54456
6.54183
6.53909
6.53636
6.53362
6.53089
6.52815
6.52541
6.52268
6.51994
6.51720
6.51447
6.51173
6.50899
6.50625
6.50352
6.50078
6.49804
6.49530
6.49256
6.48982
6.48709
6.48435
6.48161
6.47887
6.47613
6.47339
6.47065
6.46791
6.46517
6.46243
6.45969
6.45694
6.45420
6.45146
6.44872
6.44598
6.44324
6.44049
6.43775
6.43501
6.43227
6.42952
6.42678
6.42404
6.42129
6.41855
6.41580
6.41306
6.41032
6.40757
6.40483
6.40208
6.39934
6.39659
6.39385
6.39110
6.38835
6.38561
6.38286
6.38012
6.37737
6.37462
6.37187
6.36913
6.36638
6.36363
6.36088
6.35814
6.35539
6.35264
6.34989
6.34714
6.34439
6.34164
6.33889
6.33614
6.33339
6.33064
6.32789
6.32514
6.32239
6.31964
6.31689
6.31414
6.31139
6.30864
6.30588
6.30313
6.30038
6.29763
6.29488
6.29212
6.28937
6.28662
6.28386
6.28111
6.27836
6.27560
6.27285
6.27009
6.26734
6.26458
6.26183
6.25907
6.25632
6.25356
6.25081
6.24805
6.24530
6.24254
6.23978
6.23703
6.23427
6.23151
6.22875
6.22600
6.22324
6.22048
6.21772
6.21496
6.21221
6.20945
6.20669
6.20393
6.20117
6.19841
6.19565
6.19289
6.19013
6.18737
6.18461
6.18185
6.17909
6.17633
6.17357
6.17081
6.16804
6.16528
6.16252
6.15976
6.15700
6.15423
6.15147
6.14871
6.14594
6.14318
6.14042
6.13765
6.13489
6.13212
6.12936
6.12660
6.12383
6.12107
6.11830
6.11554
6.11277
6.11000
6.10724
6.10447
6.10171
6.09894
6.09617
6.09340
6.09064
6.08787
6.08510
6.08234
6.07957
6.07680
6.07403
6.07126
6.06849
6.06572
6.06296
6.06019
6.05742
6.05465
6.05188
6.04911
6.04634
6.04357
6.04079
6.03802
6.03525
6.03248
6.02971
6.02694
6.02417
6.02139
6.01862
6.01585
6.01308
6.01030
6.00753
6.00476
6.00198
5.99921
5.99644
5.99366
5.99089
5.98811
5.98534
5.98256
5.97979
5.97701
5.97424
5.97146
5.96869
5.96591
5.96313
5.96036
5.95758
5.95480
5.95203
5.94925
5.94647
5.94369
5.94092
5.93814
5.93536
5.93258
5.92980
5.92702
5.92424
5.92146
5.91869
5.91591
5.91313
5.91035
5.90757
5.90478
5.90200
5.89922
5.89644
5.89366
5.89088
5.88810
5.88532
5.88253
5.87975
5.87697
5.87419
5.87140
5.86862
5.86584
5.86305
5.86027
5.85749
5.85470
5.85192
5.84913
5.84635
5.84356
5.84078
5.83799
5.83521
5.83242
5.82964
5.82685
5.82406
5.82128
5.81849
5.81570
5.81292
5.81013
5.80734
5.80455
5.80177
5.79898
5.79619
5.79340
5.79061
5.78782
5.78503
5.78225
5.77946
5.77667
5.77388
5.77109
5.76830
5.76550
5.76271
5.75992
5.75713
5.75434
5.75155
5.74876
5.74597
5.74317
5.74038
5.73759
5.73480
5.73200
5.72921
5.72642
5.72362
5.72083
5.71804
5.71524
5.71245
5.70965
5.70686
5.70406
5.70127
5.69847
5.69568
5.69288
5.69008
5.68729
5.68449
5.68170
5.67890
5.67610
5.67330
5.67051
5.66771
5.66491
5.66211
5.65932
5.65652
5.65372
5.65092
5.64812
5.64532
5.64252
5.63972
5.63692
5.63412
5.63132
5.62852
5.62572
5.62292
5.62012
5.61732
5.61452
5.61172
5.60891
5.60611
5.60331
5.60051
5.59770
5.59490
5.59210
5.58930
5.58649
5.58369
5.58088
5.57808
5.57528
5.57247
5.56967
5.56686
5.56406
5.56125
5.55845
5.55564
5.55283
5.55003
5.54722
5.54442
5.54161
5.53880
5.53600
5.53319
5.53038
5.52757
5.52476
5.52196
5.51915
5.51634
5.51353
5.51072
5.50791
5.50510
5.50229
5.49948
5.49667
5.49386
5.49105
5.48824
5.48543
5.48262
5.47981
5.47700
5.47419
5.47138
5.46856
5.46575
5.46294
5.46013
5.45731
5.45450
5.45169
5.44887
5.44606
5.44325
5.44043
5.43762
5.43480
5.43199
5.42917
5.42636
5.42354
5.42073
5.41791
5.41510
5.41228
5.40946
5.40665
5.40383
5.40101
5.39820
5.39538
5.39256
5.38974
5.38693
5.38411
5.38129
5.37847
5.37565
5.37283
5.37001
5.36720
5.36438
5.36156
5.35874
5.35592
5.35310
5.35028
5.34745
5.34463
5.34181
5.33899
5.33617
5.33335
5.33053
5.32770
5.32488
5.32206
5.31923
5.31641
5.31359
5.31077
5.30794
5.30512
5.30229
5.29947
5.29664
5.29382
5.29100
5.28817
5.28534
5.28252
5.27969
5.27687
5.27404
5.27121
5.26839
5.26556
5.26273
5.25991
5.25708
5.25425
5.25142
5.24860
5.24577
5.24294
5.24011
5.23728
5.23445
5.23162
5.22879
5.22597
5.22314
5.22031
5.21747
5.21464
5.21181
5.20898
5.20615
5.20332
5.20049
5.19766
5.19483
5.19199
5.18916
5.18633
5.18350
5.18066
5.17783
5.17500
5.17216
5.16933
5.16649
5.16366
5.16083
5.15799
5.15516
5.15232
5.14949
5.14665
5.14382
5.14098
5.13814
5.13531
5.13247
5.12963
5.12680
5.12396
5.12112
5.11828
5.11545
5.11261
5.10977
5.10693
5.10409
5.10126
5.09842
5.09558
5.09274
5.08990
5.08706
5.08422
5.08138
5.07854
5.07570
5.07286
5.07001
5.06717
5.06433
5.06149
5.05865
5.05581
5.05296
5.05012
5.04728
5.04444
5.04159
5.03875
5.03591
5.03306
5.03022
5.02737
5.02453
5.02168
5.01884
5.01600
5.01315
5.01030
5.00746
5.00461
5.00177
4.99892
4.99607
4.99323
4.99038
4.98753
4.98469
4.98184
4.97899
4.97614
4.97329
4.97045
4.96760
4.96475
4.96190
4.95905
4.95620
4.95335
4.95050
4.94765
4.94480
4.94195
4.93910
4.93625
4.93340
4.93055
4.92770
4.92484
4.92199
4.91914
4.91629
4.91343
4.91058
4.90773
4.90488
4.90202
4.89917
4.89632
4.89346
4.89061
4.88775
4.88490
4.88204
4.87919
4.87633
4.87348
4.87062
4.86777
4.86491
4.86205
4.85920
4.85634
4.85348
4.85063
4.84777
4.84491
4.84205
4.83919
4.83634
4.83348
4.83062
4.82776
4.82490
4.82204
4.81918
4.81632
4.81346
4.81060
4.80774
4.80488
4.80202
4.79916
4.79630
4.79344
4.79058
4.78771
4.78485
4.78199
4.77913
4.77626
4.77340
4.77054
4.76768
4.76481
4.76195
4.75908
4.75622
4.75336
4.75049
4.74763
4.74476
4.74190
4.73903
4.73616
4.73330
4.73043
4.72757
4.72470
4.72183
4.71897
4.71610
4.71323
4.71036
4.70750
4.70463
4.70176
4.69889
4.69602
4.69316
4.69029
4.68742
4.68455
4.68168
4.67881
4.67594
4.67307
4.67020
4.66733
4.66446
4.66158
4.65871
4.65584
4.65297
4.65010
4.64723
4.64435
4.64148
4.63861
4.63573
4.63286
4.62999
4.62711
4.62424
4.62137
4.61849
4.61562
4.61274
4.60987
4.60699
4.60412
4.60124
4.59837
4.59549
4.59261
4.58974
4.58686
4.58398
4.58111
4.57823
4.57535
4.57247
4.56960
4.56672
4.56384
4.56096
4.55808
4.55520
4.55232
4.54944
4.54656
4.54368
4.54080
4.53792
4.53504
4.53216
4.52928
4.52640
4.52352
4.52064
4.51776
4.51487
4.51199
4.50911
4.50623
4.50334
4.50046
4.49758
4.49469
4.49181
4.48893
4.48604
4.48316
4.48027
4.47739
4.47450
4.47162
4.46873
4.46585
4.46296
4.46007
4.45719
4.45430
4.45141
4.44853
4.44564
4.44275
4.43987
4.43698
4.43409
4.43120
4.42831
4.42542
4.42254
4.41965
4.41676
4.41387
4.41098
4.40809
4.40520
4.40231
4.39942
4.39653
4.39364
4.39074
4.38785
4.38496
4.38207
4.37918
4.37628
4.37339
4.37050
4.36761
4.36471
4.36182
4.35893
4.35603
4.35314
4.35024
4.34735
4.34445
4.34156
4.33866
4.33577
4.33287
4.32998
4.32708
4.32419
4.32129
4.31839
4.31550
4.31260
4.30970
4.30680
4.30391
4.30101
4.29811
4.29521
4.29231
4.28941
4.28652
4.28362
4.28072
4.27782
4.27492
4.27202
4.26912
4.26622
4.26332
4.26041
4.25751
4.25461
4.25171
4.24881
4.24591
4.24300
4.24010
4.23720
4.23430
4.23139
4.22849
4.22559
4.22268
4.21978
4.21687
4.21397
4.21106
4.20816
4.20525
4.20235
4.19944
4.19654
4.19363
4.19073
4.18782
4.18491
4.18201
4.17910
4.17619
4.17328
4.17038
4.16747
4.16456
4.16165
4.15874
4.15583
4.15293
4.15002
4.14711
4.14420
4.14129
4.13838
4.13547
4.13256
4.12965
4.12673
4.12382
4.12091
4.11800
4.11509
4.11218
4.10926
4.10635
4.10344
4.10053
4.09761
4.09470
4.09179
4.08887
4.08596
4.08304
4.08013
4.07721
4.07430
4.07138
4.06847
4.06555
4.06264
4.05972
4.05681
4.05389
4.05097
4.04806
4.04514
4.04222
4.03930
4.03639
4.03347
4.03055
4.02763
4.02471
4.02179
4.01888
4.01596
4.01304
4.01012
4.00720
4.00428
4.00136
3.99844
3.99551
3.99259
3.98967
3.98675
3.98383
3.98091
3.97799
3.97506
3.97214
3.96922
3.96629
3.96337
3.96045
3.95752
3.95460
3.95168
3.94875
3.94583
3.94290
3.93998
3.93705
3.93413
3.93120
3.92828
3.92535
3.92242
3.91950
3.91657
3.91364
3.91072
3.90779
3.90486
3.90193
3.89900
3.89608
3.89315
3.89022
3.88729
3.88436
3.88143
3.87850
3.87557
3.87264
3.86971
3.86678
3.86385
3.86092
3.85799
3.85506
3.85212
3.84919
3.84626
3.84333
3.84040
3.83746
3.83453
3.83160
3.82866
3.82573
3.82280
3.81986
3.81693
3.81399
3.81106
3.80812
3.80519
3.80225
3.79932
3.79638
3.79345
3.79051
3.78757
3.78464
3.78170
3.77876
3.77582
3.77289
3.76995
3.76701
3.76407
3.76113
3.75820
3.75526
3.75232
3.74938
3.74644
3.74350
3.74056
3.73762
3.73468
3.73174
3.72880
3.72586
3.72291
3.71997
3.71703
3.71409
3.71115
3.70820
3.70526
3.70232
3.69938
3.69643
3.69349
3.69054
3.68760
3.68466
3.68171
3.67877
3.67582
3.67288
3.66993
3.66699
3.66404
3.66109
3.65815
3.65520
3.65225
3.64931
3.64636
3.64341
3.64046
3.63752
3.63457
3.63162
3.62867
3.62572
3.62277
3.61983
3.61688
3.61393
3.61098
3.60803
3.60508
3.60213
3.59917
3.59622
3.59327
3.59032
3.58737
3.58442
3.58147
3.57851
3.57556
3.57261
3.56965
3.56670
3.56375
3.56079
3.55784
3.55489
3.55193
3.54898
3.54602
3.54307
3.54011
3.53716
3.53420
3.53125
3.52829
3.52533
3.52238
3.51942
3.51646
3.51351
3.51055
3.50759
3.50463
3.50167
3.49872
3.49576
3.49280
3.48984
3.48688
3.48392
3.48096
3.47800
3.47504
3.47208
3.46912
3.46616
3.46320
3.46024
3.45727
3.45431
3.45135
3.44839
3.44543
3.44246
3.43950
3.43654
3.43357
3.43061
3.42765
3.42468
3.42172
3.41875
3.41579
3.41282
3.40986
3.40689
3.40393
3.40096
3.39800
3.39503
3.39206
3.38910
3.38613
3.38316
3.38019
3.37723
3.37426
3.37129
3.36832
3.36535
3.36239
3.35942
3.35645
3.35348
3.35051
3.34754
3.34457
3.34160
3.33863
3.33566
3.33269
3.32971
3.32674
3.32377
3.32080
3.31783
3.31485
3.31188
3.30891
3.30594
3.30296
3.29999
3.29702
3.29404
3.29107
3.28809
3.28512
3.28214
3.27917
3.27619
3.27322
3.27024
3.26726
3.26429
3.26131
3.25834
3.25536
3.25238
3.24940
3.24643
3.24345
3.24047
3.23749
3.23451
3.23153
3.22856
3.22558
3.22260
3.21962
3.21664
3.21366
3.21068
3.20770
3.20472
3.20173
3.19875
3.19577
3.19279
3.18981
3.18683
3.18384
3.18086
3.17788
3.17489
3.17191
3.16893
3.16594
3.16296
3.15998
3.15699
3.15401
3.15102
3.14804
3.14505
3.14206
3.13908
3.13609
3.13311
3.13012
3.12713
3.12415
3.12116
3.11817
3.11518
3.11220
3.10921
3.10622
3.10323
3.10024
3.09725
3.09426
3.09127
3.08828
3.08529
3.08230
3.07931
3.07632
3.07333
3.07034
3.06735
3.06436
3.06137
3.05837
3.05538
3.05239
3.04940
3.04640
3.04341
3.04042
3.03742
3.03443
3.03143
3.02844
3.02545
3.02245
3.01946
3.01646
3.01347
3.01047
3.00747
3.00448
3.00148
2.99848
2.99549
2.99249
2.98949
2.98650
2.98350
2.98050
2.97750
2.97450
2.97150
2.96850
2.96551
2.96251
2.95951
2.95651
2.95351
2.95051
2.94751
2.94450
2.94150
2.93850
2.93550
2.93250
2.92950
2.92649
2.92349
2.92049
2.91749
2.91448
2.91148
2.90848
2.90547
2.90247
2.89946
2.89646
2.89346
2.89045
2.88744
2.88444
2.88143
2.87843
2.87542
2.87242
2.86941
2.86640
2.86339
2.86039
2.85738
2.85437
2.85136
2.84836
2.84535
2.84234
2.83933
2.83632
2.83331
2.83030
2.82729
2.82428
2.82127
2.81826
2.81525
2.81224
2.80923
2.80622
2.80320
2.80019
2.79718
2.79417
2.79115
2.78814
2.78513
2.78212
2.77910
2.77609
2.77307
2.77006
2.76704
2.76403
2.76102
2.75800
2.75498
2.75197
2.74895
2.74594
2.74292
2.73990
2.73689
2.73387
2.73085
2.72783
2.72482
2.72180
2.71878
2.71576
2.71274
2.70972
2.70671
2.70369
2.70067
2.69765
2.69463
2.69161
2.68858
2.68556
2.68254
2.67952
2.67650
2.67348
2.67046
2.66743
2.66441
2.66139
2.65837
2.65534
2.65232
2.64930
2.64627
2.64325
2.64022
2.63720
2.63417
2.63115
2.62812
2.62510
2.62207
2.61905
2.61602
2.61299
2.60997
2.60694
2.60391
2.60088
2.59786
2.59483
2.59180
2.58877
2.58574
2.58272
2.57969
2.57666
2.57363
2.57060
2.56757
2.56454
2.56151
2.55848
2.55545
2.55241
2.54938
2.54635
2.54332
2.54029
2.53725
2.53422
2.53119
2.52816
2.52512
2.52209
2.51906
2.51602
2.51299
2.50995
2.50692
2.50388
2.50085
2.49781
2.49478
2.49174
2.48870
2.48567
2.48263
2.47959
2.47656
2.47352
2.47048
2.46744
2.46441
2.46137
2.45833
2.45529
2.45225
2.44921
2.44617
2.44313
2.44009
2.43705
2.43401
2.43097
2.42793
2.42489
2.42185
2.41881
2.41577
2.41272
2.40968
2.40664
2.40360
2.40055
2.39751
2.39447
2.39142
2.38838
2.38533
2.38229
2.37924
2.37620
2.37315
2.37011
2.36706
2.36402
2.36097
2.35793
2.35488
2.35183
2.34878
2.34574
2.34269
2.33964
2.33659
2.33355
2.33050
2.32745
2.32440
2.32135
2.31830
2.31525
2.31220
2.30915
2.30610
2.30305
2.30000
2.29695
2.29390
2.29084
2.28779
2.28474
2.28169
2.27864
2.27558
2.27253
2.26948
2.26642
2.26337
2.26032
2.25726
2.25421
2.25115
2.24810
2.24504
2.24199
2.23893
2.23588
2.23282
2.22976
2.22671
2.22365
2.22059
2.21753
2.21448
2.21142
2.20836
2.20530
2.20224
2.19919
2.19613
2.19307
2.19001
2.18695
2.18389
2.18083
2.17777
2.17471
2.17165
2.16858
2.16552
2.16246
2.15940
2.15634
2.15327
2.15021
2.14715
2.14409
2.14102
2.13796
2.13490
2.13183
2.12877
2.12570
2.12264
2.11957
2.11651
2.11344
2.11038
2.10731
2.10424
2.10118
2.09811
2.09504
2.09198
2.08891
2.08584
2.08277
2.07970
2.07664
2.07357
2.07050
2.06743
2.06436
2.06129
2.05822
2.05515
2.05208
2.04901
2.04594
2.04287
2.03980
2.03672
2.03365
2.03058
2.02751
2.02444
2.02136
2.01829
2.01522
2.01214
2.00907
2.00600
2.00292
1.99985
1.99677
1.99370
1.99062
1.98755
1.98447
1.98140
1.97832
1.97524
1.97217
1.96909
1.96601
1.96293
1.95986
1.95678
1.95370
1.95062
1.94754
1.94446
1.94139
1.93831
1.93523
1.93215
1.92907
1.92599
1.92291
1.91983
1.91674
1.91366
1.91058
1.90750
1.90442
1.90134
1.89825
1.89517
1.89209
1.88900
1.88592
1.88284
1.87975
1.87667
1.87358
1.87050
1.86741
1.86433
1.86124
1.85816
1.85507
1.85199
1.84890
1.84581
1.84273
1.83964
1.83655
1.83346
1.83038
1.82729
1.82420
1.82111
1.81802
1.81493
1.81184
1.80875
1.80566
1.80257
1.79948
1.79639
1.79330
1.79021
1.78712
1.78403
1.78094
1.77785
1.77475
1.77166
1.76857
1.76547
1.76238
1.75929
1.75619
1.75310
1.75001
1.74691
1.74382
1.74072
1.73763
1.73453
1.73144
1.72834
1.72524
1.72215
1.71905
1.71595
1.71286
1.70976
1.70666
1.70356
1.70046
1.69737
1.69427
1.69117
1.68807
1.68497
1.68187
1.67877
1.67567
1.67257
1.66947
1.66637
1.66327
1.66017
1.65706
1.65396
1.65086
1.64776
1.64466
1.64155
1.63845
1.63535
1.63224
1.62914
1.62603
1.62293
1.61983
1.61672
1.61362
1.61051
1.60741
1.60430
1.60119
1.59809
1.59498
1.59187
1.58877
1.58566
1.58255
1.57944
1.57634
1.57323
1.57012
1.56701
1.56390
1.56079
1.55768
1.55457
1.55146
1.54835
1.54524
1.54213
1.53902
1.53591
1.53280
1.52969
1.52657
1.52346
1.52035
1.51724
1.51412
1.51101
1.50790
1.50478
1.50167
1.49855
1.49544
1.49233
1.48921
1.48610
1.48298
1.47986
1.47675
1.47363
1.47052
1.46740
1.46428
1.46116
1.45805
1.45493
1.45181
1.44869
1.44557
1.44246
1.43934
1.43622
1.43310
1.42998
1.42686
1.42374
1.42062
1.41750
1.41438
1.41125
1.40813
1.40501
1.40189
1.39877
1.39565
1.39252
1.38940
1.38628
1.38315
1.38003
1.37690
1.37378
1.37066
1.36753
1.36441
1.36128
1.35816
1.35503
1.35190
1.34878
1.34565
1.34252
1.33940
1.33627
1.33314
1.33002
1.32689
1.32376
1.32063
1.31750
1.31437
1.31124
1.30811
1.30498
1.30185
1.29872
1.29559
1.29246
1.28933
1.28620
1.28307
1.27994
1.27681
1.27367
1.27054
1.26741
1.26428
1.26114
1.25801
1.25488
1.25174
1.24861
1.24547
1.24234
1.23920
1.23607
1.23293
1.22980
1.22666
1.22352
1.22039
1.21725
1.21411
1.21098
1.20784
1.20470
1.20156
1.19842
1.19529
1.19215
1.18901
1.18587
1.18273
1.17959
1.17645
1.17331
1.17017
1.16703
1.16389
1.16075
1.15760
1.15446
1.15132
1.14818
1.14504
1.14189
1.13875
1.13561
1.13246
1.12932
1.12617
1.12303
1.11989
1.11674
1.11360
1.11045
1.10730
1.10416
1.10101
1.09787
1.09472
1.09157
1.08843
1.08528
1.08213
1.07898
1.07583
1.07269
1.06954
1.06639
1.06324
1.06009
1.05694
1.05379
1.05064
1.04749
1.04434
1.04119
1.03804
1.03489
1.03173
1.02858
1.02543
1.02228
1.01912
1.01597
1.01282
1.00967
1.00651
1.00336
1.00020
0.99705
0.99389
0.99074
0.98758
0.98443
0.98127
0.97812
0.97496
0.97180
0.96865
0.96549
0.96233
0.95917
0.95602
0.95286
0.94970
0.94654
0.94338
0.94022
0.93706
0.93390
0.93075
0.92758
0.92442
0.92126
0.91810
0.91494
0.91178
0.90862
0.90546
0.90229
0.89913
0.89597
0.89281
0.88964
0.88648
0.88332
0.88015
0.87699
0.87382
0.87066
0.86749
0.86433
0.86116
0.85800
0.85483
0.85167
0.84850
0.84533
0.84217
0.83900
0.83583
0.83266
0.82949
0.82633
0.82316
0.81999
0.81682
0.81365
0.81048
0.80731
0.80414
0.80097
0.79780
0.79463
0.79146
0.78829
0.78511
0.78194
0.77877
0.77560
0.77243
0.76925
0.76608
0.76291
0.75973
0.75656
0.75338
0.75021
0.74703
0.74386
0.74068
0.73751
0.73433
0.73116
0.72798
0.72480
0.72163
0.71845
0.71527
0.71210
0.70892
0.70574
0.70256
0.69938
0.69620
0.69302
0.68984
0.68666
0.68349
0.68030
0.67712
0.67394
0.67076
0.66758
0.66440
0.66122
0.65804
0.65485
0.65167
0.64849
0.64531
0.64212
0.63894
0.63576
0.63257
0.62939
0.62620
0.62302
0.61983
0.61665
0.61346
0.61028
0.60709
0.60390
0.60072
0.59753
0.59434
0.59115
0.58797
0.58478
0.58159
0.57840
0.57521
0.57202
0.56884
0.56565
0.56246
0.55927
0.55608
0.55288
0.54969
0.54650
0.54331
0.54012
0.53693
0.53374
0.53054
0.52735
0.52416
0.52096
0.51777
0.51458
0.51138
0.50819
0.50500
0.50180
0.49861
0.49541
0.49221
0.48902
0.48582
0.48263
0.47943
0.47623
0.47304
0.46984
0.46664
0.46344
0.46024
0.45705
0.45385
0.45065
0.44745
0.44425
0.44105
0.43785
0.43465
0.43145
0.42825
0.42505
0.42185
0.41865
0.41544
0.41224
0.40904
0.40584
0.40263
0.39943
0.39623
0.39302
0.38982
0.38662
0.38341
0.38021
0.37700
0.37380
0.37059
0.36738
0.36418
0.36097
0.35777
0.35456
0.35135
0.34814
0.34494
0.34173
0.33852
0.33531
0.33210
0.32890
0.32569
0.32248
0.31927
0.31606
0.31285
0.30964
0.30643
0.30321
0.30000
0.29679
0.29358
0.29037
0.28716
0.28394
0.28073
0.27752
0.27430
0.27109
0.26788
0.26466
0.26145
0.25823
0.25502
0.25180
0.24859
0.24537
0.24216
0.23894
0.23572
0.23251
0.22929
0.22607
0.22285
0.21964
0.21642
0.21320
0.20998
0.20676
0.20354
0.20032
0.19710
0.19388
0.19066
0.18744
0.18422
0.18100
0.17778
0.17456
0.17134
0.16811
0.16489
0.16167
0.15845
0.15522
0.15200
0.14877
0.14555
0.14233
0.13910
0.13588
0.13265
0.12943
0.12620
0.12298
0.11975
0.11652
0.11330
0.11007
0.10684
0.10361
0.10039
0.09716
0.09393
0.09070
0.08747
0.08424
0.08102
0.07779
0.07456
0.07133
0.06810
0.06486
0.06163
0.05840
0.05517
0.05194
0.04871
0.04548
0.04224
0.03901
0.03578
0.03254
0.02931
0.02608
0.02284
0.01961
0.01637
0.01314
0.00990
0.00667
0.00343
0.00020
-0.00304
-0.00628
-0.00951
-0.01275
-0.01599
-0.01923
-0.02246
-0.02570
-0.02894
-0.03218
-0.03542
-0.03866
-0.04190
-0.04514
-0.04838
-0.05162
-0.05486
-0.05810
-0.06134
-0.06458
-0.06782
-0.07106
-0.07431
-0.07755
-0.08079
-0.08403
-0.08728
-0.09052
-0.09377
-0.09701
-0.10025
-0.10350
-0.10674
-0.10999
-0.11323
-0.11648
-0.11972
-0.12297
-0.12622
-0.12946
-0.13271
-0.13596
-0.13921
-0.14245
-0.14570
-0.14895
-0.15220
-0.15545
-0.15870
-0.16195
-0.16520
-0.16845
-0.17170
-0.17495
-0.17820
-0.18145
-0.18470
-0.18795
-0.19120
-0.19446
-0.19771
-0.20096
-0.20421
-0.20747
-0.21072
-0.21397
-0.21723
-0.22048
-0.22374
-0.22699
-0.23025
-0.23350
-0.23676
-0.24001
-0.24327
-0.24653
-0.24978
-0.25304
-0.25630
-0.25956
-0.26281
-0.26607
-0.26933
-0.27259
-0.27585
-0.27911
-0.28237
-0.28563
-0.28889
-0.29215
-0.29541
-0.29867
-0.30193
-0.30519
-0.30845
-0.31171
-0.31498
-0.31824
-0.32150
-0.32476
-0.32803
-0.33129
-0.33455
-0.33782
-0.34108
-0.34435
-0.34761
-0.35088
-0.35414
-0.35741
-0.36067
-0.36394
-0.36721
-0.37047
-0.37374
-0.37701
-0.38028
-0.38354
-0.38681
-0.39008
-0.39335
-0.39662
-0.39989
-0.40316
-0.40643
-0.40970
-0.41297
-0.41624
-0.41951
-0.42278
-0.42605
-0.42932
-0.43260
-0.43587
-0.43914
-0.44241
-0.44569
-0.44896
-0.45223
-0.45551
-0.45878
-0.46206
-0.46533
-0.46861
-0.47188
-0.47516
-0.47843
-0.48171
-0.48498
-0.48826
-0.49154
-0.49482
-0.49809
-0.50137
-0.50465
-0.50793
-0.51121
-0.51448
-0.51776
-0.52104
-0.52432
-0.52760
-0.53088
-0.53416
-0.53744
-0.54072
-0.54401
-0.54729
-0.55057
-0.55385
-0.55713
-0.56042
-0.56370
-0.56698
-0.57027
-0.57355
-0.57683
-0.58012
-0.58340
-0.58669
-0.58997
-0.59326
-0.59654
-0.59983
-0.60312
-0.60640
-0.60969
-0.61298
-0.61627
-0.61955
-0.62284
-0.62613
-0.62942
-0.63271
-0.63600
-0.63928
-0.64257
-0.64586
-0.64915
-0.65244
-0.65574
-0.65903
-0.66232
-0.66561
-0.66890
-0.67219
-0.67549
-0.67878
-0.68207
-0.68536
-0.68866
-0.69195
-0.69525
-0.69854
-0.70183
-0.70513
-0.70842
-0.71172
-0.71502
-0.71831
-0.72161
-0.72490
-0.72820
-0.73150
-0.73480
-0.73809
-0.74139
-0.74469
-0.74799
-0.75129
-0.75459
-0.75788
-0.76118
-0.76448
-0.76778
-0.77108
-0.77439
-0.77769
-0.78099
-0.78429
-0.78759
-0.79089
-0.79420
-0.79750
-0.80080
-0.80410
-0.80741
-0.81071
-0.81402
-0.81732
-0.82062
-0.82393
-0.82723
-0.83054
-0.83385
-0.83715
-0.84046
-0.84376
-0.84707
-0.85038
-0.85369
-0.85699
-0.86030
-0.86361
-0.86692
-0.87023
-0.87354
-0.87685
-0.88015
-0.88346
-0.88678
-0.89009
-0.89340
-0.89671
-0.90002
-0.90333
-0.90664
-0.90995
-0.91327
-0.91658
-0.91989
-0.92321
-0.92652
-0.92983
-0.93315
-0.93646
-0.93978
-0.94309
-0.94641
-0.94972
-0.95304
-0.95635
-0.95967
-0.96299
-0.96630
-0.96962
-0.97294
-0.97626
-0.97957
-0.98289
-0.98621
-0.98953
-0.99285
-0.99617
-0.99949
-1.00281
-1.00613
-1.00945
-1.01277
-1.01609
-1.01941
-1.02273
-1.02606
-1.02938
-1.03270
-1.03602
-1.03935
-1.04267
-1.04599
-1.04932
-1.05264
-1.05597
-1.05929
-1.06262
-1.06594
-1.06927
-1.07259
-1.07592
-1.07925
-1.08257
-1.08590
-1.08923
-1.09256
-1.09588
-1.09921
-1.10254
-1.10587
-1.10920
-1.11253
-1.11586
-1.11919
-1.12252
-1.12585
-1.12918
-1.13251
-1.13584
-1.13917
-1.14250
-1.14584
-1.14917
-1.15250
-1.15583
-1.15917
-1.16250
-1.16583
-1.16917
-1.17250
-1.17584
-1.17917
-1.18251
-1.18584
-1.18918
-1.19252
-1.19585
-1.19919
-1.20253
-1.20586
-1.20920
-1.21254
-1.21588
-1.21922
-1.22255
-1.22589
-1.22923
-1.23257
-1.23591
-1.23925
-1.24259
-1.24593
-1.24927
-1.25261
-1.25596
-1.25930
-1.26264
-1.26598
-1.26933
-1.27267
-1.27601
-1.27936
-1.28270
-1.28604
-1.28939
-1.29273
-1.29608
-1.29942
-1.30277
-1.30611
-1.30946
-1.31281
-1.31615
-1.31950
-1.32285
-1.32619
-1.32954
-1.33289
-1.33624
-1.33959
-1.34294
-1.34629
-1.34964
-1.35299
-1.35634
-1.35969
-1.36304
-1.36639
-1.36974
-1.37309
-1.37644
-1.37979
-1.38315
-1.38650
-1.38985
-1.39321
-1.39656
-1.39991
-1.40327
-1.40662
-1.40998
-1.41333
-1.41669
-1.42004
-1.42340
-1.42675
-1.43011
-1.43347
-1.43682
-1.44018
-1.44354
-1.44690
-1.45026
-1.45361
-1.45697
-1.46033
-1.46369
-1.46705
-1.47041
-1.47377
-1.47713
-1.48049
-1.48385
-1.48721
-1.49058
-1.49394
-1.49730
-1.50066
-1.50403
-1.50739
-1.51075
-1.51412
-1.51748
-1.52084
-1.52421
-1.52757
-1.53094
-1.53430
-1.53767
-1.54103
-1.54440
-1.54777
-1.55113
-1.55450
-1.55787
-1.56124
-1.56460
-1.56797
-1.57134
-1.57471
-1.57808
-1.58145
-1.58482
-1.58819
-1.59156
-1.59493
-1.59830
-1.60167
-1.60504
-1.60841
-1.61179
-1.61516
-1.61853
-1.62190
-1.62528
-1.62865
-1.63203
-1.63540
-1.63877
-1.64215
-1.64552
-1.64890
-1.65227
-1.65565
-1.65903
-1.66240
-1.66578
-1.66916
-1.67253
-1.67591
-1.67929
-1.68267
-1.68605
-1.68942
-1.69280
-1.69618
-1.69956
-1.70294
-1.70632
-1.70970
-1.71308
-1.71646
-1.71985
-1.72323
-1.72661
-1.72999
-1.73337
-1.73676
-1.74014
-1.74352
-1.74691
-1.75029
-1.75368
-1.75706
-1.76044
-1.76383
-1.76722
-1.77060
-1.77399
-1.77737
-1.78076
-1.78415
-1.78753
-1.79092
-1.79431
-1.79770
-1.80109
-1.80447
-1.80786
-1.81125
-1.81464
-1.81803
-1.82142
-1.82481
-1.82820
-1.83159
-1.83499
-1.83838
-1.84177
-1.84516
-1.84855
-1.85195
-1.85534
-1.85873
-1.86213
-1.86552
-1.86892
-1.87231
-1.87570
-1.87910
-1.88249
-1.88589
-1.88929
-1.89268
-1.89608
-1.89948
-1.90287
-1.90627
-1.90967
-1.91307
-1.91647
-1.91986
-1.92326
-1.92666
-1.93006
-1.93346
-1.93686
-1.94026
-1.94366
-1.94706
-1.95047
-1.95387
-1.95727
-1.96067
-1.96407
-1.96748
-1.97088
-1.97428
-1.97769
-1.98109
-1.98449
-1.98790
-1.99130
-1.99471
-1.99811
-2.00152
-2.00493
-2.00833
-2.01174
-2.01515
-2.01855
-2.02196
-2.02537
-2.02878
-2.03219
-2.03559
-2.03900
-2.04241
-2.04582
-2.04923
-2.05264
-2.05605
-2.05946
-2.06287
-2.06629
-2.06970
-2.07311
-2.07652
-2.07993
-2.08335
-2.08676
-2.09017
-2.09359
-2.09700
-2.10042
-2.10383
-2.10725
-2.11066
-2.11408
-2.11749
-2.12091
-2.12432
-2.12774
-2.13116
-2.13458
-2.13799
-2.14141
-2.14483
-2.14825
-2.15167
-2.15509
-2.15851
-2.16193
-2.16535
-2.16877
-2.17219
-2.17561
-2.17903
-2.18245
-2.18587
-2.18929
-2.19272
-2.19614
-2.19956
-2.20299
-2.20641
-2.20983
-2.21326
-2.21668
-2.22011
-2.22353
-2.22696
-2.23038
-2.23381
-2.23723
-2.24066
-2.24409
-2.24752
-2.25094
-2.25437
-2.25780
-2.26123
-2.26466
-2.26809
-2.27151
-2.27494
-2.27837
-2.28180
-2.28523
-2.28867
-2.29210
-2.29553
-2.29896
-2.30239
-2.30582
-2.30926
-2.31269
-2.31612
-2.31956
-2.32299
-2.32642
-2.32986
-2.33329
-2.33673
-2.34016
-2.34360
-2.34703
-2.35047
-2.35391
-2.35734
-2.36078
-2.36422
-2.36766
-2.37109
-2.37453
-2.37797
-2.38141
-2.38485
-2.38829
-2.39173
-2.39517
-2.39861
-2.40205
-2.40549
-2.40893
-2.41237
-2.41582
-2.41926
-2.42270
-2.42614
-2.42959
-2.43303
-2.43647
-2.43992
-2.44336
-2.44681
-2.45025
-2.45370
-2.45714
-2.46059
-2.46404
-2.46748
-2.47093
-2.47438
-2.47782
-2.48127
-2.48472
-2.48817
-2.49162
-2.49506
-2.49851
-2.50196
-2.50541
-2.50886
-2.51231
-2.51576
-2.51922
-2.52267
-2.52612
-2.52957
-2.53302
-2.53648
-2.53993
-2.54338
-2.54683
-2.55029
-2.55374
-2.55720
-2.56065
-2.56411
-2.56756
-2.57102
-2.57447
-2.57793
-2.58139
-2.58484
-2.58830
-2.59176
-2.59522
-2.59867
-2.60213
-2.60559
-2.60905
-2.61251
-2.61597
-2.61943
-2.62289
-2.62635
-2.62981
-2.63327
-2.63673
-2.64019
-2.64366
-2.64712
-2.65058
-2.65404
-2.65751
-2.66097
-2.66443
-2.66790
-2.67136
-2.67483
-2.67829
-2.68176
-2.68522
-2.68869
-2.69216
-2.69562
-2.69909
-2.70256
-2.70602
-2.70949
-2.71296
-2.71643
-2.71990
-2.72337
-2.72684
-2.73031
-2.73378
-2.73725
-2.74072
-2.74419
-2.74766
-2.75113
-2.75460
-2.75807
-2.76155
-2.76502
-2.76849
-2.77197
-2.77544
-2.77891
-2.78239
-2.78586
-2.78934
-2.79281
-2.79629
-2.79976
-2.80324
-2.80672
-2.81019
-2.81367
-2.81715
-2.82062
-2.82410
-2.82758
-2.83106
-2.83454
-2.83802
-2.84150
-2.84498
-2.84846
-2.85194
-2.85542
-2.85890
-2.86238
-2.86586
-2.86934
-2.87283
-2.87631
-2.87979
-2.88328
-2.88676
-2.89024
-2.89373
-2.89721
-2.90070
-2.90418
-2.90767
-2.91115
-2.91464
-2.91812
-2.92161
-2.92510
-2.92859
-2.93207
-2.93556
-2.93905
-2.94254
-2.94603
-2.94952
-2.95301
-2.95650
-2.95999
-2.96348
-2.96697
-2.97046
-2.97395
-2.97744
-2.98093
-2.98442
-2.98792
-2.99141
-2.99490
-2.99840
-3.00189
-3.00538
-3.00888
-3.01237
-3.01587
-3.01936
-3.02286
-3.02636
-3.02985
-3.03335
-3.03685
-3.04034
-3.04384
-3.04734
-3.05084
-3.05433
-3.05783
-3.06133
-3.06483
-3.06833
-3.07183
-3.07533
-3.07883
-3.08233
-3.08583
-3.08934
-3.09284
-3.09634
-3.09984
-3.10335
-3.10685
-3.11035
-3.11386
-3.11736
-3.12086
-3.12437
-3.12787
-3.13138
-3.13489
-3.13839
-3.14190
-3.14540
-3.14891
-3.15242
-3.15593
-3.15943
-3.16294
-3.16645
-3.16996
-3.17347
-3.17698
-3.18049
-3.18400
-3.18751
-3.19102
-3.19453
-3.19804
-3.20155
-3.20506
-3.20858
-3.21209
-3.21560
-3.21912
-3.22263
-3.22614
-3.22966
-3.23317
-3.23669
-3.24020
-3.24372
-3.24723
-3.25075
-3.25426
-3.25778
-3.26130
-3.26482
-3.26833
-3.27185
-3.27537
-3.27889
-3.28241
-3.28593
-3.28945
-3.29297
-3.29649
-3.30001
-3.30353
-3.30705
-3.31057
-3.31409
-3.31761
-3.32114
-3.32466
-3.32818
-3.33170
-3.33523
-3.33875
-3.34228
-3.34580
-3.34933
-3.35285
-3.35638
-3.35990
-3.36343
-3.36695
-3.37048
-3.37401
-3.37754
-3.38106
-3.38459
-3.38812
-3.39165
-3.39518
-3.39871
-3.40224
-3.40577
-3.40930
-3.41283
-3.41636
-3.41989
-3.42342
-3.42695
-3.43049
-3.43402
-3.43755
-3.44108
-3.44462
-3.44815
-3.45168
-3.45522
-3.45875
-3.46229
-3.46582
-3.46936
-3.47290
-3.47643
-3.47997
-3.48351
-3.48704
-3.49058
-3.49412
-3.49766
-3.50120
-3.50473
-3.50827
-3.51181
-3.51535
-3.51889
-3.52243
-3.52597
-3.52952
-3.53306
-3.53660
-3.54014
-3.54368
-3.54723
-3.55077
-3.55431
-3.55786
-3.56140
-3.56494
-3.56849
-3.57203
-3.57558
-3.57913
-3.58267
-3.58622
-3.58976
-3.59331
-3.59686
-3.60041
-3.60395
-3.60750
-3.61105
-3.61460
-3.61815
-3.62170
-3.62525
-3.62880
-3.63235
-3.63590
-3.63945
-3.64300
-3.64655
-3.65010
-3.65366
-3.65721
-3.66076
-3.66432
-3.66787
-3.67142
-3.67498
-3.67853
-3.68209
-3.68564
-3.68920
-3.69275
-3.69631
-3.69987
-3.70342
-3.70698
-3.71054
-3.71410
-3.71765
-3.72121
-3.72477
-3.72833
-3.73189
-3.73545
-3.73901
-3.74257
-3.74613
-3.74969
-3.75325
-3.75682
-3.76038
-3.76394
-3.76750
-3.77107
-3.77463
-3.77819
-3.78176
-3.78532
-3.78888
-3.79245
-3.79602
-3.79958
-3.80315
-3.80671
-3.81028
-3.81385
-3.81741
-3.82098
-3.82455
-3.82812
-3.83169
-3.83525
-3.83882
-3.84239
-3.84596
-3.84953
-3.85310
-3.85667
-3.86025
-3.86382
-3.86739
-3.87096
-3.87453
-3.87811
-3.88168
-3.88525
-3.88883
-3.89240
-3.89597
-3.89955
-3.90312
-3.90670
-3.91028
-3.91385
-3.91743
-3.92100
-3.92458
-3.92816
-3.93174
-3.93531
-3.93889
-3.94247
-3.94605
-3.94963
-3.95321
-3.95679
-3.96037
-3.96395
-3.96753
-3.97111
-3.97469
-3.97827
-3.98186
-3.98544
-3.98902
-3.99261
-3.99619
-3.99977
-4.00336
-4.00694
-4.01053
-4.01411
-4.01770
-4.02128
-4.02487
-4.02846
-4.03204
-4.03563
-4.03922
-4.04280
-4.04639
-4.04998
-4.05357
-4.05716
-4.06075
-4.06434
-4.06793
-4.07152
-4.07511
-4.07870
-4.08229
-4.08588
-4.08948
-4.09307
-4.09666
-4.10025
-4.10385
-4.10744
-4.11103
-4.11463
-4.11822
-4.12182
-4.12541
-4.12901
-4.13261
-4.13620
-4.13980
-4.14340
-4.14699
-4.15059
-4.15419
-4.15779
-4.16139
-4.16498
-4.16858
-4.17218
-4.17578
-4.17938
-4.18298
-4.18659
-4.19019
-4.19379
-4.19739
-4.20099
-4.20459
-4.20820
-4.21180
-4.21540
-4.21901
-4.22261
-4.22622
-4.22982
-4.23343
-4.23703
-4.24064
-4.24425
-4.24785
-4.25146
-4.25507
-4.25867
-4.26228
-4.26589
-4.26950
-4.27311
-4.27672
-4.28033
-4.28394
-4.28755
-4.29116
-4.29477
-4.29838
-4.30199
-4.30560
-4.30921
-4.31283
-4.31644
-4.32005
-4.32367
-4.32728
-4.33089
-4.33451
-4.33812
-4.34174
-4.34536
-4.34897
-4.35259
-4.35620
-4.35982
-4.36344
-4.36706
-4.37067
-4.37429
-4.37791
-4.38153
-4.38515
-4.38877
-4.39239
-4.39601
-4.39963
-4.40325
-4.40687
-4.41049
-4.41411
-4.41774
-4.42136
-4.42498
-4.42861
-4.43223
-4.43585
-4.43948
-4.44310
-4.44673
-4.45035
-4.45398
-4.45760
-4.46123
-4.46486
-4.46848
-4.47211
-4.47574
-4.47937
-4.48299
-4.48662
-4.49025
-4.49388
-4.49751
-4.50114
-4.50477
-4.50840
-4.51203
-4.51566
-4.51930
-4.52293
-4.52656
-4.53019
-4.53382
-4.53746
-4.54109
-4.54473
-4.54836
-4.55199
-4.55563
-4.55927
-4.56290
-4.56654
-4.57017
-4.57381
-4.57745
-4.58108
-4.58472
-4.58836
-4.59200
-4.59564
-4.59928
-4.60292
-4.60656
-4.61020
-4.61384
-4.61748
-4.62112
-4.62476
-4.62840
-4.63204
-4.63569
-4.63933
-4.64297
-4.64661
-4.65026
-4.65390
-4.65755
-4.66119
-4.66484
-4.66848
-4.67213
-4.67577
-4.67942
-4.68307
-4.68671
-4.69036
-4.69401
-4.69766
-4.70131
-4.70496
-4.70860
-4.71225
-4.71590
-4.71955
-4.72320
-4.72686
-4.73051
-4.73416
-4.73781
-4.74146
-4.74512
-4.74877
-4.75242
-4.75608
-4.75973
-4.76338
-4.76704
-4.77069
-4.77435
-4.77800
-4.78166
-4.78532
-4.78897
-4.79263
-4.79629
-4.79995
-4.80360
-4.80726
-4.81092
-4.81458
-4.81824
-4.82190
-4.82556
-4.82922
-4.83288
-4.83654
-4.84020
-4.84386
-4.84753
-4.85119
-4.85485
-4.85851
-4.86218
-4.86584
-4.86951
-4.87317
-4.87684
-4.88050
-4.88417
-4.88783
-4.89150
-4.89517
-4.89883
-4.90250
-4.90617
-4.90984
-4.91350
-4.91717
-4.92084
-4.92451
-4.92818
-4.93185
-4.93552
-4.93919
-4.94286
-4.94653
-4.95021
-4.95388
-4.95755
-4.96122
-4.96490
-4.96857
-4.97224
-4.97592
-4.97959
-4.98327
-4.98694
-4.99062
-4.99429
-4.99797
-5.00165
-5.00532
-5.00900
-5.01268
-5.01636
-5.02003
-5.02371
-5.02739
-5.03107
-5.03475
-5.03843
-5.04211
-5.04579
-5.04947
-5.05315
-5.05684
-5.06052
-5.06420
-5.06788
-5.07157
-5.07525
-5.07893
-5.08262
-5.08630
-5.08999
-5.09367
-5.09736
-5.10104
-5.10473
-5.10842
-5.11210
-5.11579
-5.11948
-5.12317
-5.12686
-5.13054
-5.13423
-5.13792
-5.14161
-5.14530
-5.14899
-5.15268
-5.15637
-5.16007
-5.16376
-5.16745
-5.17114
-5.17484
-5.17853
-5.18222
-5.18592
-5.18961
-5.19330
-5.19700
-5.20069
-5.20439
-5.20809
-5.21178
-5.21548
-5.21918
-5.22287
-5.22657
-5.23027
-5.23397
-5.23767
-5.24137
-5.24507
-5.24877
-5.25247
-5.25617
-5.25987
-5.26357
-5.26727
-5.27097
-5.27467
-5.27838
-5.28208
-5.28578
-5.28949
-5.29319
-5.29689
-5.30060
-5.30430
-5.30801
-5.31172
-5.31542
-5.31913
-5.32283
-5.32654
-5.33025
-5.33396
-5.33767
-5.34137
-5.34508
-5.34879
-5.35250
-5.35621
-5.35992
-5.36363
-5.36734
-5.37106
-5.37477
-5.37848
-5.38219
-5.38590
-5.38962
-5.39333
-5.39704
-5.40076
-5.40447
-5.40819
-5.41190
-5.41562
-5.41934
-5.42305
-5.42677
-5.43049
-5.43420
-5.43792
-5.44164
-5.44536
-5.44908
-5.45279
-5.45651
-5.46023
-5.46395
-5.46767
-5.47140
-5.47512
-5.47884
-5.48256
-5.48628
-5.49000
-5.49373
-5.49745
-5.50118
-5.50490
-5.50862
-5.51235
-5.51607
-5.51980
-5.52352
-5.52725
-5.53098
-5.53470
-5.53843
-5.54216
-5.54589
-5.54962
-5.55334
-5.55707
-5.56080
-5.56453
-5.56826
-5.57199
-5.57572
-5.57945
-5.58319
-5.58692
-5.59065
-5.59438
-5.59812
-5.60185
-5.60558
-5.60932
-5.61305
-5.61679
-5.62052
-5.62426
-5.62799
-5.63173
-5.63546
-5.63920
-5.64294
-5.64668
-5.65041
-5.65415
-5.65789
-5.66163
-5.66537
-5.66911
-5.67285
-5.67659
-5.68033
-5.68407
-5.68781
-5.69155
-5.69530
-5.69904
-5.70278
-5.70653
-5.71027
-5.71401
-5.71776
-5.72150
-5.72525
-5.72899
-5.73274
-5.73648
-5.74023
-5.74398
-5.74772
-5.75147
-5.75522
-5.75897
-5.76272
-5.76647
-5.77022
-5.77397
-5.77772
-5.78147
-5.78522
-5.78897
-5.79272
-5.79647
-5.80022
-5.80398
-5.80773
-5.81148
-5.81524
-5.81899
-5.82274
-5.82650
-5.83025
-5.83401
-5.83777
-5.84152
-5.84528
-5.84903
-5.85279
-5.85655
-5.86031
-5.86407
-5.86782
-5.87158
-5.87534
-5.87910
-5.88286
-5.88662
-5.89038
-5.89415
-5.89791
-5.90167
-5.90543
-5.90919
-5.91296
-5.91672
-5.92048
-5.92425
-5.92801
-5.93178
-5.93554
-5.93931
-5.94307
-5.94684
-5.95061
-5.95437
-5.95814
-5.96191
-5.96568
-5.96945
-5.97321
-5.97698
-5.98075
-5.98452
-5.98829
-5.99206
-5.99584
-5.99961
-6.00338
-6.00715
-6.01092
-6.01470
-6.01847
-6.02224
-6.02602
-6.02979
-6.03357
-6.03734
-6.04112
-6.04489
-6.04867
-6.05244
-6.05622
-6.06000
-6.06378
-6.06755
-6.07133
-6.07511
-6.07889
-6.08267
-6.08645
-6.09023
-6.09401
-6.09779
-6.10157
-6.10535
-6.10913
-6.11292
-6.11670
-6.12048
-6.12427
-6.12805
-6.13183
-6.13562
-6.13940
-6.14319
-6.14697
-6.15076
-6.15455
-6.15833
-6.16212
-6.16591
-6.16969
-6.17348
-6.17727
-6.18106
-6.18485
-6.18864
-6.19243
-6.19622
-6.20001
-6.20380
-6.20759
-6.21138
-6.21518
-6.21897
-6.22276
-6.22655
-6.23035
-6.23414
-6.23794
-6.24173
-6.24553
-6.24932
-6.25312
-6.25691
-6.26071
-6.26451
-6.26830
-6.27210
-6.27590
-6.27970
-6.28350
-6.28730
-6.29110
-6.29490
-6.29870
-6.30250
-6.30630
-6.31010
-6.31390
-6.31770
-6.32150
-6.32531
-6.32911
-6.33291
-6.33672
-6.34052
-6.34433
-6.34813
-6.35194
-6.35574
-6.35955
-6.36336
-6.36716
-6.37097
-6.37478
-6.37859
-6.38239
-6.38620
-6.39001
-6.39382
-6.39763
-6.40144
-6.40525
-6.40906
-6.41287
-6.41669
-6.42050
-6.42431
-6.42812
-6.43194
-6.43575
-6.43956
-6.44338
-6.44719
-6.45101
-6.45482
-6.45864
-6.46245
-6.46627
-6.47009
-6.47391
-6.47772
-6.48154
-6.48536
-6.48918
-6.49300
-6.49682
-6.50064
-6.50446
-6.50828
-6.51210
-6.51592
-6.51974
-6.52356
-6.52739
-6.53121
-6.53503
-6.53886
-6.54268
-6.54650
-6.55033
-6.55415
-6.55798
-6.56180
-6.56563
-6.56946
-6.57328
-6.57711
-6.58094
-6.58477
-6.58860
-6.59242
-6.59625
-6.60008
-6.60391
-6.60774
-6.61157
-6.61541
-6.61924
-6.62307
-6.62690
-6.63073
-6.63457
-6.63840
-6.64223
-6.64607
-6.64990
-6.65374
-6.65757
-6.66141
-6.66524
-6.66908
-6.67292
-6.67675
-6.68059
-6.68443
-6.68827
-6.69211
-6.69594
-6.69978
-6.70362
-6.70746
-6.71130
-6.71514
-6.71899
-6.72283
-6.72667
-6.73051
-6.73435
-6.73820
-6.74204
-6.74588
-6.74973
-6.75357
-6.75742
-6.76126
-6.76511
-6.76896
-6.77280
-6.77665
-6.78050
-6.78434
-6.78819
-6.79204
-6.79589
-6.79974
-6.80359
-6.80744
-6.81129
-6.81514
-6.81899
-6.82284
-6.82669
-6.83054
-6.83440
-6.83825
-6.84210
-6.84596
-6.84981
-6.85367
-6.85752
-6.86138
-6.86523
-6.86909
-6.87294
-6.87680
-6.88066
-6.88451
-6.88837
-6.89223
-6.89609
-6.89995
-6.90381
-6.90767
-6.91153
-6.91539
-6.91925
-6.92311
-6.92697
-6.93083
-6.93470
-6.93856
-6.94242
-6.94629
-6.95015
-6.95401
-6.95788
-6.96174
-6.96561
-6.96948
-6.97334
-6.97721
-6.98107
-6.98494
-6.98881
-6.99268
-6.99655
-7.00042
-7.00428
-7.00815
-7.01202
-7.01589
-7.01977
-7.02364
-7.02751
-7.03138
-7.03525
-7.03913
-7.04300
-7.04687
-7.05075
-7.05462
-7.05849
-7.06237
-7.06624
-7.07012
-7.07400
-7.07787
-7.08175
-7.08563
-7.08951
-7.09338
-7.09726
-7.10114
-7.10502
-7.10890
-7.11278
-7.11666
-7.12054
-7.12442
-7.12830
-7.13219
-7.13607
-7.13995
-7.14383
-7.14772
-7.15160
-7.15549
-7.15937
-7.16325
-7.16714
-7.17103
-7.17491
-7.17880
-7.18269
-7.18657
-7.19046
-7.19435
-7.19824
-7.20213
-7.20602
-7.20990
-7.21380
-7.21769
-7.22158
-7.22547
-7.22936
-7.23325
-7.23714
-7.24104
-7.24493
-7.24882
-7.25272
-7.25661
-7.26051
-7.26440
-7.26830
-7.27219
-7.27609
-7.27998
-7.28388
-7.28778
-7.29168
-7.29557
-7.29947
-7.30337
-7.30727
-7.31117
-7.31507
-7.31897
-7.32287
-7.32677
-7.33068
-7.33458
-7.33848
-7.34238
-7.34629
-7.35019
-7.35409
-7.35800
-7.36190
-7.36581
-7.36971
-7.37362
-7.37753
-7.38143
-7.38534
-7.38925
-7.39315
-7.39706
-7.40097
-7.40488
-7.40879
-7.41270
-7.41661
-7.42052
-7.42443
-7.42834
-7.43226
-7.43617
-7.44008
-7.44399
-7.44791
-7.45182
-7.45573
-7.45965
-7.46356
-7.46748
-7.47139
-7.47531
-7.47923
-7.48314
-7.48706
-7.49098
-7.49490
-7.49882
-7.50273
-7.50665
-7.51057
-7.51449
-7.51841
-7.52233
-7.52626
-7.53018
-7.53410
-7.53802
-7.54194
-7.54587
-7.54979
-7.55371
-7.55764
-7.56156
-7.56549
-7.56941
-7.57334
-7.57727
-7.58119
-7.58512
-7.58905
-7.59298
-7.59690
-7.60083
-7.60476
-7.60869
-7.61262
-7.61655
-7.62048
-7.62441
-7.62834
-7.63228
-7.63621
-7.64014
-7.64407
-7.64801
-7.65194
-7.65588
-7.65981
-7.66375
-7.66768
-7.67162
-7.67555
-7.67949
-7.68343
-7.68736
-7.69130
-7.69524
-7.69918
-7.70312
-7.70706
-7.71100
-7.71494
-7.71888
-7.72282
-7.72676
-7.73070
-7.73464
-7.73859
-7.74253
-7.74647
-7.75041
-7.75436
-7.75830
-7.76225
-7.76619
-7.77014
-7.77409
-7.77803
-7.78198
-7.78593
-7.78987
-7.79382
-7.79777
-7.80172
-7.80567
-7.80962
-7.81357
-7.81752
-7.82147
-7.82542
-7.82937
-7.83332
-7.83728
-7.84123
-7.84518
-7.84914
-7.85309
-7.85705
-7.86100
-7.86496
-7.86891
-7.87287
-7.87682
-7.88078
-7.88474
-7.88870
-7.89265
-7.89661
-7.90057
-7.90453
-7.90849
-7.91245
-7.91641
-7.92037
-7.92433
-7.92829
-7.93226
-7.93622
-7.94018
-7.94415
-7.94811
-7.95207
-7.95604
-7.96000
-7.96397
-7.96793
-7.97190
-7.97587
-7.97983
-7.98380
-7.98777
-7.99174
-7.99570
-7.99967
-8.00364
-8.00761
-8.01158
-8.01555
-8.01952
-8.02349
-8.02747
-8.03144
-8.03541
-8.03938
-8.04336
-8.04733
-8.05131
-8.05528
-8.05925
-8.06323
-8.06721
-8.07118
-8.07516
-8.07914
-8.08311
-8.08709
-8.09107
-8.09505
-8.09903
-8.10301
-8.10699
-8.11097
-8.11495
-8.11893
-8.12291
-8.12689
-8.13087
-8.13486
-8.13884
-8.14282
-8.14681
-8.15079
-8.15477
-8.15876
-8.16275
-8.16673
-8.17072
-8.17470
-8.17869
-8.18268
-8.18667
-8.19065
-8.19464
-8.19863
-8.20262
-8.20661
-8.21060
-8.21459
-8.21858
-8.22258
-8.22657
-8.23056
-8.23455
-8.23855
-8.24254
-8.24653
-8.25053
-8.25452
-8.25852
-8.26251
-8.26651
-8.27051
-8.27450
-8.27850
-8.28250
-8.28650
-8.29050
-8.29449
-8.29849
-8.30249
-8.30649
-8.31049
-8.31450
-8.31850
-8.32250
-8.32650
-8.33050
-8.33451
-8.33851
-8.34251
-8.34652
-8.35052
-8.35453
-8.35853
-8.36254
-8.36654
-8.37055
-8.37456
-8.37857
-8.38257
-8.38658
-8.39059
-8.39460
-8.39861
-8.40262
-8.40663
-8.41064
-8.41465
-8.41866
-8.42268
-8.42669
-8.43070
-8.43471
-8.43873
-8.44274
-8.44676
-8.45077
-8.45479
-8.45880
-8.46282
-8.46683
-8.47085
-8.47487
-8.47889
-8.48291
-8.48692
-8.49094
-8.49496
-8.49898
-8.50300
-8.50702
-8.51105
-8.51507
-8.51909
-8.52311
-8.52713
-8.53116
-8.53518
-8.53921
-8.54323
-8.54725
-8.55128
-8.55531
-8.55933
-8.56336
-8.56739
-8.57141
-8.57544
-8.57947
-8.58350
-8.58753
-8.59156
-8.59559
-8.59962
-8.60365
-8.60768
-8.61171
-8.61574
-8.61977
-8.62381
-8.62784
-8.63187
-8.63591
-8.63994
-8.64398
-8.64801
-8.65205
-8.65608
-8.66012
-8.66416
-8.66820
-8.67223
-8.67627
-8.68031
-8.68435
-8.68839
-8.69243
-8.69647
-8.70051
-8.70455
-8.70859
-8.71263
-8.71668
-8.72072
-8.72476
-8.72881
-8.73285
-8.73690
-8.74094
-8.74499
-8.74903
-8.75308
-8.75712
-8.76117
-8.76522
-8.76927
-8.77331
-8.77736
-8.78141
-8.78546
-8.78951
-8.79356
-8.79761
-8.80166
-8.80572
-8.80977
-8.81382
-8.81787
-8.82193
-8.82598
-8.83003
-8.83409
-8.83814
-8.84220
-8.84626
-8.85031
-8.85437
-8.85843
-8.86248
-8.86654
-8.87060
-8.87466
-8.87872
-8.88278
-8.88684
-8.89090
-8.89496
-8.89902
-8.90308
-8.90714
-8.91121
-8.91527
-8.91933
-8.92340
-8.92746
-8.93153
-8.93559
-8.93966
-8.94372
-8.94779
-8.95185
-8.95592
-8.95999
-8.96406
-8.96813
-8.97220
-8.97626
-8.98033
-8.98440
-8.98848
-8.99255
-8.99662
-9.00069
-9.00476
-9.00883
-9.01291
-9.01698
-9.02106
-9.02513
-9.02920
-9.03328
-9.03736
-9.04143
-9.04551
-9.04959
-9.05366
-9.05774
-9.06182
-9.06590
-9.06998
-9.07406
-9.07814
-9.08222
-9.08630
-9.09038
-9.09446
-9.09854
-9.10262
-9.10671
-9.11079
-9.11488
-9.11896
-9.12304
-9.12713
-9.13121
-9.13530
-9.13939
-9.14347
-9.14756
-9.15165
-9.15574
-9.15983
-9.16391
-9.16800
-9.17209
-9.17618
-9.18027
-9.18437
-9.18846
-9.19255
-9.19664
-9.20073
-9.20483
-9.20892
-9.21301
-9.21711
-9.22120
-9.22530
-9.22940
-9.23349
-9.23759
-9.24169
-9.24578
-9.24988
-9.25398
-9.25808
-9.26218
-9.26628
-9.27038
-9.27448
-9.27858
-9.28268
-9.28678
-9.29088
-9.29499
-9.29909
-9.30319
-9.30730
-9.31140
-9.31551
-9.31961
-9.32372
-9.32782
-9.33193
-9.33604
-9.34014
-9.34425
-9.34836
-9.35247
-9.35658
-9.36069
-9.36480
-9.36891
-9.37302
-9.37713
-9.38124
-9.38535
-9.38947
-9.39358
-9.39769
-9.40181
-9.40592
-9.41004
-9.41415
-9.41827
-9.42238
-9.42650
-9.43062
-9.43473
-9.43885
-9.44297
-9.44709
-9.45121
-9.45533
-9.45945
-9.46357
-9.46769
-9.47181
-9.47593
-9.48005
-9.48418
-9.48830
-9.49242
-9.49655
-9.50067
-9.50480
-9.50892
-9.51305
-9.51717
-9.52130
-9.52543
-9.52955
-9.53368
-9.53781
-9.54194
-9.54607
-9.55020
-9.55433
-9.55846
-9.56259
-9.56672
-9.57085
-9.57499
-9.57912
-9.58325
-9.58738
-9.59152
-9.59565
-9.59979
-9.60392
-9.60806
-9.61219
-9.61633
-9.62047
-9.62461
-9.62874
-9.63288
-9.63702
-9.64116
-9.64530
-9.64944
-9.65358
-9.65772
-9.66186
-9.66600
-9.67015
-9.67429
-9.67843
-9.68258
-9.68672
-9.69086
-9.69501
-9.69916
-9.70330
-9.70745
-9.71159
-9.71574
-9.71989
-9.72404
-9.72819
-9.73233
-9.73648
-9.74063
-9.74478
-9.74893
-9.75309
-9.75724
-9.76139
-9.76554
-9.76969
-9.77385
-9.77800
-9.78216
-9.78631
-9.79046
-9.79462
-9.79878
-9.80293
-9.80709
-9.81125
-9.81540
-9.81956
-9.82372
-9.82788
-9.83204
-9.83620
-9.84036
-9.84452
-9.84868
-9.85284
-9.85701
-9.86117
-9.86533
-9.86950
-9.87366
-9.87782
-9.88199
-9.88615
-9.89032
-9.89449
-9.89865
-9.90282
-9.90699
-9.91116
-9.91532
-9.91949
-9.92366
-9.92783
-9.93200
-9.93617
-9.94034
-9.94451
-9.94869
-9.95286
-9.95703
-9.96121
-9.96538
-9.96955
-9.97373
-9.97790
-9.98208
-9.98625
-9.99043
-9.99461
-9.99879
-10.00296
-10.00714
-10.01132
-10.01550
-10.01968
-10.02386
-10.02804
-10.03222
-10.03640
-10.04058
-10.04477
-10.04895
-10.05313
-10.05731
-10.06150
-10.06568
-10.06987
-10.07405
-10.07824
-10.08243
-10.08661
-10.09080
-10.09499
-10.09918
-10.10336
-10.10755
-10.11174
-10.11593
-10.12012
-10.12431
-10.12850
-10.13270
-10.13689
-10.14108
-10.14527
-10.14947
-10.15366
-10.15786
-10.16205
-10.16625
-10.17044
-10.17464
-10.17884
-10.18303
-10.18723
-10.19143
-10.19563
-10.19983
-10.20402
-10.20822
-10.21242
-10.21663
-10.22083
-10.22503
-10.22923
-10.23343
-10.23764
-10.24184
-10.24604
-10.25025
-10.25445
-10.25866
-10.26286
-10.26707
-10.27128
-10.27548
-10.27969
-10.28390
-10.28811
-10.29232
-10.29653
-10.30073
-10.30495
-10.30916
-10.31337
-10.31758
-10.32179
-10.32600
-10.33022
-10.33443
-10.33864
-10.34286
-10.34707
-10.35129
-10.35550
-10.35972
-10.36394
-10.36815
-10.37237
-10.37659
-10.38081
-10.38503
-10.38925
-10.39347
-10.39769
-10.40191
-10.40613
-10.41035
-10.41457
-10.41879
-10.42302
-10.42724
-10.43146
-10.43569
-10.43991
-10.44414
-10.44837
-10.45259
-10.45682
-10.46105
-10.46527
-10.46950
-10.47373
-10.47796
-10.48219
-10.48642
-10.49065
-10.49488
-10.49911
-10.50334
-10.50757
-10.51181
-10.51604
-10.52027
-10.52451
-10.52874
-10.53298
-10.53721
-10.54145
-10.54568
-10.54992
-10.55416
-10.55840
-10.56263
-10.56687
-10.57111
-10.57535
-10.57959
-10.58383
-10.58807
-10.59231
-10.59656
-10.60080
-10.60504
-10.60928
-10.61353
-10.61777
-10.62202
-10.62626
-10.63051
-10.63475
-10.63900
-10.64325
-10.64749
-10.65174
-10.65599
-10.66024
-10.66449
-10.66874
-10.67299
-10.67724
-10.68149
-10.68574
-10.68999
-10.69425
-10.69850
-10.70275
-10.70701
-10.71126
-10.71552
-10.71977
-10.72403
-10.72828
-10.73254
-10.73680
-10.74106
-10.74531
-10.74957
-10.75383
-10.75809
-10.76235
-10.76661
-10.77087
-10.77513
-10.77940
-10.78366
-10.78792
-10.79218
-10.79645
-10.80071
-10.80498
-10.80924
-10.81351
-10.81777
-10.82204
-10.82631
-10.83057
-10.83484
-10.83911
-10.84338
-10.84765
-10.85192
-10.85619
-10.86046
-10.86473
-10.86900
-10.87327
-10.87755
-10.88182
-10.88609
-10.89037
-10.89464
-10.89892
-10.90319
-10.90747
-10.91174
-10.91602
-10.92030
-10.92458
-10.92885
-10.93313
-10.93741
-10.94169
-10.94597
-10.95025
-10.95453
-10.95881
-10.96310
-10.96738
-10.97166
-10.97595
-10.98023
-10.98451
-10.98880
-10.99308
-10.99737
-11.00166
-11.00594
-11.01023
-11.01452
-11.01881
-11.02309
-11.02738
-11.03167
-11.03596
-11.04025
-11.04454
-11.04884
-11.05313
-11.05742
-11.06171
-11.06601
-11.07030
-11.07459
-11.07889
-11.08318
-11.08748
-11.09178
-11.09607
-11.10037
-11.10467
-11.10896
-11.11326
-11.11756
-11.12186
-11.12616
-11.13046
-11.13476
-11.13906
-11.14337
-11.14767
-11.15197
-11.15627
-11.16058
-11.16488
-11.16919
-11.17349
-11.17780
-11.18210
-11.18641
-11.19072
-11.19503
-11.19933
-11.20364
-11.20795
-11.21226
-11.21657
-11.22088
-11.22519
-11.22950
-11.23382
-11.23813
-11.24244
-11.24675
-11.25107
-11.25538
-11.25970
-11.26401
-11.26833
-11.27264
-11.27696
-11.28128
-11.28560
-11.28991
-11.29423
-11.29855
-11.30287
-11.30719
-11.31151
-11.31583
-11.32015
-11.32448
-11.32880
-11.33312
-11.33744
-11.34177
-11.34609
-11.35042
-11.35474
-11.35907
-11.36339
-11.36772
-11.37205
-11.37638
-11.38070
-11.38503
-11.38936
-11.39369
-11.39802
-11.40235
-11.40668
-11.41101
-11.41535
-11.41968
-11.42401
-11.42835
-11.43268
-11.43701
-11.44135
-11.44568
-11.45002
-11.45436
-11.45869
-11.46303
-11.46737
-11.47171
-11.47605
-11.48039
-11.48472
-11.48907
-11.49341
-11.49775
-11.50209
-11.50643
-11.51077
-11.51512
-11.51946
-11.52380
-11.52815
-11.53249
-11.53684
-11.54119
-11.54553
-11.54988
-11.55423
-11.55858
-11.56292
-11.56727
-11.57162
-11.57597
-11.58032
-11.58467
-11.58902
-11.59338
-11.59773
-11.60208
-11.60644
-11.61079
-11.61514
-11.61950
-11.62385
-11.62821
-11.63257
-11.63692
-11.64128
-11.64564
-11.65000
-11.65435
-11.65871
-11.66307
-11.66743
-11.67179
-11.67616
-11.68052
-11.68488
-11.68924
-11.69361
-11.69797
-11.70233
-11.70670
-11.71106
-11.71543
-11.71979
-11.72416
-11.72853
-11.73290
-11.73726
-11.74163
-11.74600
-11.75037
-11.75474
-11.75911
-11.76348
-11.76785
-11.77223
-11.77660
-11.78097
-11.78534
-11.78972
-11.79409
-11.79847
-11.80284
-11.80722
-11.81160
-11.81597
-11.82035
-11.82473
-11.82911
-11.83349
-11.83786
-11.84224
-11.84663
-11.85101
-11.85539
-11.85977
-11.86415
-11.86853
-11.87292
-11.87730
-11.88169
-11.88607
-11.89046
-11.89484
-11.89923
-11.90361
-11.90800
-11.91239
-11.91678
-11.92117
-11.92556
-11.92995
-11.93434
-11.93873
-11.94312
-11.94751
-11.95190
-11.95629
-11.96069
-11.96508
-11.96948
-11.97387
-11.97827
-11.98266
-11.98706
-11.99145
-11.99585
-12.00025
-12.00465
-12.00905
-12.01345
-12.01785
-12.02225
-12.02665
-12.03105
-12.03545
-12.03985
-12.04425
-12.04866
-12.05306
-12.05747
-12.06187
-12.06628
-12.07068
-12.07509
-12.07949
-12.08390
-12.08831
-12.09272
-12.09713
-12.10153
-12.10594
-12.11035
-12.11477
-12.11918
-12.12359
-12.12800
-12.13241
-12.13683
-12.14124
-12.14565
-12.15007
-12.15448
-12.15890
-12.16332
-12.16773
-12.17215
-12.17657
-12.18099
-12.18540
-12.18982
-12.19424
-12.19866
-12.20308
-12.20751
-12.21193
-12.21635
-12.22077
-12.22520
-12.22962
-12.23404
-12.23847
-12.24289
-12.24732
-12.25175
-12.25617
-12.26060
-12.26503
-12.26946
-12.27389
-12.27831
-12.28274
-12.28717
-12.29161
-12.29604
-12.30047
-12.30490
-12.30933
-12.31377
-12.31820
-12.32264
-12.32707
-12.33151
-12.33594
-12.34038
-12.34482
-12.34925
-12.35369
-12.35813
-12.36257
-12.36701
-12.37145
-12.37589
-12.38033
-12.38477
-12.38921
-12.39365
-12.39810
-12.40254
-12.40699
-12.41143
-12.41587
-12.42032
-12.42477
-12.42921
-12.43366
-12.43811
-12.44256
-12.44700
-12.45145
-12.45590
-12.46035
-12.46480
-12.46926
-12.47371
-12.47816
-12.48261
-12.48707
-12.49152
-12.49597
-12.50043
-12.50488
-12.50934
-12.51380
-12.51825
-12.52271
-12.52717
-12.53163
-12.53608
-12.54054
-12.54500
-12.54946
-12.55392
-12.55839
-12.56285
-12.56731
-12.57177
-12.57624
-12.58070
-12.58517
-12.58963
-12.59410
-12.59856
-12.60303
-12.60750
-12.61196
-12.61643
-12.62090
-12.62537
-12.62984
-12.63431
-12.63878
-12.64325
-12.64772
-12.65219
-12.65667
-12.66114
-12.66561
-12.67009
-12.67456
-12.67904
-12.68351
-12.68799
-12.69247
-12.69695
-12.70142
-12.70590
-12.71038
-12.71486
-12.71934
-12.72382
-12.72830
-12.73278
-12.73726
-12.74175
-12.74623
-12.75071
-12.75520
-12.75968
-12.76417
-12.76865
-12.77314
-12.77763
-12.78211
-12.78660
-12.79109
-12.79558
-12.80007
-12.80456
-12.80905
-12.81354
-12.81803
-12.82252
-12.82701
-12.83151
-12.83600
-12.84049
-12.84499
-12.84948
-12.85398
-12.85848
-12.86297
-12.86747
-12.87197
-12.87647
-12.88096
-12.88546
-12.88996
-12.89446
-12.89896
-12.90347
-12.90797
-12.91247
-12.91697
-12.92148
-12.92598
-12.93048
-12.93499
-12.93949
-12.94400
-12.94851
-12.95301
-12.95752
-12.96203
-12.96654
-12.97105
-12.97556
-12.98007
-12.98458
-12.98909
-12.99360
-12.99811
-13.00263
-13.00714
-13.01165
-13.01617
-13.02068
-13.02520
-13.02971
-13.03423
-13.03875
-13.04327
-13.04778
-13.05230
-13.05682
-13.06134
-13.06586
-13.07038
-13.07490
-13.07943
-13.08395
-13.08847
-13.09299
-13.09752
-13.10204
-13.10657
-13.11109
-13.11562
-13.12014
-13.12467
-13.12920
-13.13373
-13.13826
-13.14279
-13.14732
-13.15185
-13.15638
-13.16091
-13.16544
-13.16997
-13.17450
-13.17904
-13.18357
-13.18811
-13.19264
-13.19718
-13.20171
-13.20625
-13.21079
-13.21532
-13.21986
-13.22440
-13.22894
-13.23348
-13.23802
-13.24256
-13.24710
-13.25165
-13.25619
-13.26073
-13.26527
-13.26982
-13.27436
-13.27891
-13.28345
-13.28800
-13.29255
-13.29709
-13.30164
-13.30619
-13.31074
-13.31529
-13.31984
-13.32439
-13.32894
-13.33349
-13.33804
-13.34260
-13.34715
-13.35170
-13.35626
-13.36081
-13.36537
-13.36992
-13.37448
-13.37904
-13.38359
-13.38815
-13.39271
-13.39727
-13.40183
-13.40639
-13.41095
-13.41551
-13.42007
-13.42464
-13.42920
-13.43376
-13.43833
-13.44289
-13.44745
-13.45202
-13.45659
-13.46115
-13.46572
-13.47029
-13.47486
-13.47942
-13.48399
-13.48856
-13.49313
-13.49770
-13.50228
-13.50685
-13.51142
-13.51599
-13.52057
-13.52514
-13.52972
-13.53429
-13.53887
-13.54344
-13.54802
-13.55260
-13.55718
-13.56175
-13.56633
-13.57091
-13.57549
-13.58007
-13.58465
-13.58924
-13.59382
-13.59840
-13.60298
-13.60757
-13.61215
-13.61674
-13.62132
-13.62591
-13.63050
-13.63508
-13.63967
-13.64426
-13.64885
-13.65344
-13.65803
-13.66262
-13.66721
-13.67180
-13.67639
-13.68099
-13.68558
-13.69017
-13.69477
-13.69936
-13.70396
-13.70855
-13.71315
-13.71775
-13.72234
-13.72694
-13.73154
-13.73614
-13.74074
-13.74534
-13.74994
-13.75454
-13.75914
-13.76375
-13.76835
-13.77295
-13.77756
-13.78216
-13.78677
-13.79137
-13.79598
-13.80059
-13.80519
-13.80980
-13.81441
-13.81902
-13.82363
-13.82824
-13.83285
-13.83746
-13.84207
-13.84668
-13.85130
-13.85591
-13.86052
-13.86514
-13.86975
-13.87437
-13.87899
-13.88360
-13.88822
-13.89284
-13.89746
-13.90207
-13.90669
-13.91131
-13.91594
-13.92056
-13.92518
-13.92980
-13.93442
-13.93905
-13.94367
-13.94829
-13.95292
-13.95755
-13.96217
-13.96680
-13.97143
-13.97605
-13.98068
-13.98531
-13.98994
-13.99457
-13.99920
-14.00383
-14.00846
-14.01310
-14.01773
-14.02236
-14.02700
-14.03163
-14.03627
-14.04090
-14.04554
-14.05017
-14.05481
-14.05945
-14.06409
-14.06873
-14.07337
-14.07801
-14.08265
-14.08729
-14.09193
-14.09657
-14.10121
-14.10586
-14.11050
-14.11515
-14.11979
-14.12444
-14.12908
-14.13373
-14.13838
-14.14302
-14.14767
-14.15232
-14.15697
-14.16162
-14.16627
-14.17092
-14.17558
-14.18023
-14.18488
-14.18953
-14.19419
-14.19884
-14.20350
-14.20815
-14.21281
-14.21747
-14.22212
-14.22678
-14.23144
-14.23610
-14.24076
-14.24542
-14.25008
-14.25474
-14.25940
-14.26407
-14.26873
-14.27339
-14.27806
-14.28272
-14.28739
-14.29205
-14.29672
-14.30139
-14.30605
-14.31072
-14.31539
-14.32006
-14.32473
-14.32940
-14.33407
-14.33874
-14.34341
-14.34809
-14.35276
-14.35743
-14.36211
-14.36678
-14.37146
-14.37613
-14.38081
-14.38549
-14.39017
-14.39484
-14.39952
-14.40420
-14.40888
-14.41356
-14.41824
-14.42293
-14.42761
-14.43229
-14.43697
-14.44166
-14.44634
-14.45103
-14.45571
-14.46040
-14.46509
-14.46977
-14.47446
-14.47915
-14.48384
-14.48853
-14.49322
-14.49791
-14.50260
-14.50729
-14.51199
-14.51668
-14.52137
-14.52607
-14.53076
-14.53546
-14.54015
-14.54485
-14.54955
-14.55424
-14.55894
-14.56364
-14.56834
-14.57304
-14.57774
-14.58244
-14.58714
-14.59184
-14.59655
-14.60125
-14.60596
-14.61066
-14.61536
-14.62007
-14.62478
-14.62948
-14.63419
-14.63890
-14.64361
-14.64832
-14.65303
-14.65774
-14.66245
-14.66716
-14.67187
-14.67658
-14.68130
-14.68601
-14.69072
-14.69544
-14.70015
-14.70487
-14.70959
-14.71430
-14.71902
-14.72374
-14.72846
-14.73318
-14.73790
-14.74262
-14.74734
-14.75206
-14.75679
-14.76151
-14.76623
-14.77096
-14.77568
-14.78041
-14.78513
-14.78986
-14.79459
-14.79931
-14.80404
-14.80877
-14.81350
-14.81823
-14.82296
-14.82769
-14.83242
-14.83715
-14.84189
-14.84662
-14.85135
-14.85609
-14.86082
-14.86556
-14.87030
-14.87503
-14.87977
-14.88451
-14.88925
-14.89399
-14.89873
-14.90347
-14.90821
-14.91295
-14.91769
-14.92243
-14.92718
-14.93192
-14.93667
-14.94141
-14.94616
-14.95090
-14.95565
-14.96040
-14.96514
-14.96989
-14.97464
-14.97939
-14.98414
-14.98889
-14.99365
-14.99840
-15.00315
-15.00790
-15.01266
-15.01741
-15.02217
-15.02692
-15.03168
-15.03643
-15.04119
-15.04595
-15.05071
-15.05547
-15.06023
-15.06499
-15.06975
-15.07451
-15.07927
-15.08404
-15.08880
-15.09356
-15.09833
-15.10309
-15.10786
-15.11262
-15.11739
-15.12216
-15.12693
-15.13169
-15.13646
-15.14123
-15.14600
-15.15077
-15.15555
-15.16032
-15.16509
-15.16986
-15.17464
-15.17941
-15.18419
-15.18896
-15.19374
-15.19852
-15.20329
-15.20807
-15.21285
-15.21763
-15.22241
-15.22719
-15.23197
-15.23675
-15.24153
-15.24632
-15.25110
-15.25588
-15.26067
-15.26545
-15.27024
-15.27503
-15.27981
-15.28460
-15.28939
-15.29418
-15.29897
-15.30376
-15.30855
-15.31334
-15.31813
-15.32292
-15.32772
-15.33251
-15.33730
-15.34210
-15.34689
-15.35169
-15.35649
-15.36128
-15.36608
-15.37088
-15.37568
-15.38048
-15.38528
-15.39008
-15.39488
-15.39968
-15.40448
-15.40929
-15.41409
-15.41889
-15.42370
-15.42850
-15.43331
-15.43812
-15.44292
-15.44773
-15.45254
-15.45735
-15.46216
-15.46697
-15.47178
-15.47659
-15.48140
-15.48622
-15.49103
-15.49584
-15.50066
-15.50547
-15.51029
-15.51511
-15.51992
-15.52474
-15.52956
-15.53438
-15.53920
-15.54402
-15.54884
-15.55366
-15.55848
-15.56330
-15.56813
-15.57295
-15.57777
-15.58260
-15.58742
-15.59225
-15.59708
-15.60190
-15.60673
-15.61156
-15.61639
-15.62122
-15.62605
-15.63088
-15.63571
-15.64054
-15.64538
-15.65021
-15.65504
-15.65988
-15.66471
-15.66955
-15.67438
-15.67922
-15.68406
-15.68890
-15.69374
-15.69857
-15.70341
-15.70826
-15.71310
-15.71794
-15.72278
-15.72762
-15.73247
-15.73731
-15.74216
-15.74700
-15.75185
-15.75669
-15.76154
-15.76639
-15.77124
-15.77609
-15.78094
-15.78579
-15.79064
-15.79549
-15.80034
-15.80520
-15.81005
-15.81490
-15.81976
-15.82461
-15.82947
-15.83432
-15.83918
-15.84404
-15.84890
-15.85376
-15.85862
-15.86348
-15.86834
-15.87320
-15.87806
-15.88292
-15.88779
-15.89265
-15.89752
-15.90238
-15.90725
-15.91211
-15.91698
-15.92185
-15.92671
-15.93158
-15.93645
-15.94132
-15.94619
-15.95106
-15.95594
-15.96081
-15.96568
-15.97056
-15.97543
-15.98031
-15.98518
-15.99006
-15.99493
-15.99981
-16.00469
-16.00957
-16.01445
-16.01933
-16.02421
-16.02909
-16.03397
-16.03885
-16.04374
-16.04862
-16.05350
-16.05839
-16.06327
-16.06816
-16.07305
-16.07794
-16.08282
-16.08771
-16.09260
-16.09749
-16.10238
-16.10727
-16.11216
-16.11706
-16.12195
-16.12684
-16.13174
-16.13663
-16.14153
-16.14642
-16.15132
-16.15622
-16.16112
-16.16601
-16.17091
-16.17581
-16.18071
-16.18562
-16.19052
-16.19542
-16.20032
-16.20523
-16.21013
-16.21504
-16.21994
-16.22485
-16.22975
-16.23466
-16.23957
-16.24448
-16.24939
-16.25430
-16.25921
-16.26412
-16.26903
-16.27394
-16.27886
-16.28377
-16.28868
-16.29360
-16.29851
-16.30343
-16.30835
-16.31327
-16.31818
-16.32310
-16.32802
-16.33294
-16.33786
-16.34278
-16.34770
-16.35263
-16.35755
-16.36247
-16.36740
-16.37232
-16.37725
-16.38218
-16.38710
-16.39203
-16.39696
-16.40189
-16.40682
-16.41175
-16.41668
-16.42161
-16.42654
-16.43147
-16.43641
-16.44134
-16.44628
-16.45121
-16.45615
-16.46108
-16.46602
-16.47096
-16.47590
-16.48083
-16.48577
-16.49071
-16.49566
-16.50060
-16.50554
-16.51048
-16.51543
-16.52037
-16.52531
-16.53026
-16.53521
-16.54015
-16.54510
-16.55005
-16.55500
-16.55995
-16.56490
-16.56985
-16.57480
-16.57975
-16.58470
-16.58965
-16.59461
-16.59956
-16.60452
-16.60947
-16.61443
-16.61939
-16.62434
-16.62930
-16.63426
-16.63922
-16.64418
-16.64914
-16.65410
-16.65906
-16.66403
-16.66899
-16.67395
-16.67892
-16.68388
-16.68885
-16.69382
-16.69878
-16.70375
-16.70872
-16.71369
-16.71866
-16.72363
-16.72860
-16.73357
-16.73854
-16.74352
-16.74849
-16.75346
-16.75844
-16.76342
-16.76839
-16.77337
-16.77835
-16.78332
-16.78830
-16.79328
-16.79826
-16.80324
-16.80822
-16.81321
-16.81819
-16.82317
-16.82816
-16.83314
-16.83813
-16.84311
-16.84810
-16.85309
-16.85807
-16.86306
-16.86805
-16.87304
-16.87803
-16.88302
-16.88801
-16.89301
-16.89800
-16.90299
-16.90799
-16.91298
-16.91798
-16.92298
-16.92797
-16.93297
-16.93797
-16.94297
-16.94797
-16.95297
-16.95797
-16.96297
-16.96797
-16.97297
-16.97798
-16.98298
-16.98799
-16.99299
-16.99800
-17.00301
-17.00801
-17.01302
-17.01803
-17.02304
-17.02805
-17.03306
-17.03807
-17.04308
-17.04810
-17.05311
-17.05812
-17.06314
-17.06815
-17.07317
-17.07819
-17.08320
-17.08822
-17.09324
-17.09826
-17.10328
-17.10830
-17.11332
-17.11834
-17.12337
-17.12839
-17.13341
-17.13844
-17.14346
-17.14849
-17.15352
-17.15854
-17.16357
-17.16860
-17.17363
-17.17866
-17.18369
-17.18872
-17.19375
-17.19878
-17.20382
-17.20885
-17.21389
-17.21892
-17.22396
-17.22899
-17.23403
-17.23907
-17.24411
-17.24915
-17.25418
-17.25923
-17.26427
-17.26931
-17.27435
-17.27939
-17.28444
-17.28948
-17.29453
-17.29957
-17.30462
-17.30967
-17.31471
-17.31976
-17.32481
-17.32986
-17.33491
-17.33996
-17.34501
-17.35007
-17.35512
-17.36017
-17.36523
-17.37028
-17.37534
-17.38040
-17.38545
-17.39051
-17.39557
-17.40063
-17.40569
-17.41075
-17.41581
-17.42087
-17.42593
-17.43100
-17.43606
-17.44113
-17.44619
-17.45126
-17.45632
-17.46139
-17.46646
-17.47153
-17.47660
-17.48167
-17.48674
-17.49181
-17.49688
-17.50195
-17.50703
-17.51210
-17.51717
-17.52225
-17.52733
-17.53240
-17.53748
-17.54256
-17.54764
-17.55272
-17.55780
-17.56288
-17.56796
-17.57304
-17.57812
-17.58321
-17.58829
-17.59337
-17.59846
-17.60355
-17.60863
-17.61372
-17.61881
-17.62390
-17.62899
-17.63408
-17.63917
-17.64426
-17.64935
-17.65444
-17.65954
-17.66463
-17.66973
-17.67482
-17.67992
-17.68502
-17.69011
-17.69521
-17.70031
-17.70541
-17.71051
-17.71561
-17.72071
-17.72582
-17.73092
-17.73602
-17.74113
-17.74623
-17.75134
-17.75644
-17.76155
-17.76666
-17.77177
-17.77688
-17.78199
-17.78710
-17.79221
-17.79732
-17.80243
-17.80755
-17.81266
-17.81778
-17.82289
-17.82801
-17.83312
-17.83824
-17.84336
-17.84848
-17.85360
-17.85872
-17.86384
-17.86896
-17.87408
-17.87921
-17.88433
-17.88945
-17.89458
-17.89970
-17.90483
-17.90996
-17.91509
-17.92021
-17.92534
-17.93047
-17.93560
-17.94073
-17.94587
-17.95100
-17.95613
-17.96127
-17.96640
-17.97154
-17.97667
-17.98181
-17.98695
-17.99208
-17.99722
-18.00236
-18.00750
-18.01264
-18.01779
-18.02293
-18.02807
-18.03321
-18.03836
-18.04350
-18.04865
-18.05380
-18.05894
-18.06409
-18.06924
-18.07439
-18.07954
-18.08469
-18.08984
-18.09499
-18.10015
-18.10530
-18.11045
-18.11561
-18.12076
-18.12592
-18.13108
-18.13623
-18.14139
-18.14655
-18.15171
-18.15687
-18.16203
-18.16719
-18.17236
-18.17752
-18.18268
-18.18785
-18.19301
-18.19818
-18.20335
-18.20851
-18.21368
-18.21885
-18.22402
-18.22919
-18.23436
-18.23953
-18.24471
-18.24988
-18.25505
-18.26023
-18.26540
-18.27058
-18.27575
-18.28093
-18.28611
-18.29129
-18.29647
-18.30165
-18.30683
-18.31201
-18.31719
-18.32238
-18.32756
-18.33274
-18.33793
-18.34311
-18.34830
-18.35349
-18.35867
-18.36386
-18.36905
-18.37424
-18.37943
-18.38462
-18.38982
-18.39501
-18.40020
-18.40540
-18.41059
-18.41579
-18.42098
-18.42618
-18.43138
-18.43658
-18.44178
-18.44698
-18.45218
-18.45738
-18.46258
-18.46778
-18.47299
-18.47819
-18.48339
-18.48860
-18.49381
-18.49901
-18.50422
-18.50943
-18.51464
-18.51985
-18.52506
-18.53027
-18.53548
-18.54070
-18.54591
-18.55112
-18.55634
-18.56155
-18.56677
-18.57199
-18.57720
-18.58242
-18.58764
-18.59286
-18.59808
-18.60330
-18.60853
-18.61375
-18.61897
-18.62420
-18.62942
-18.63465
-18.63987
-18.64510
-18.65033
-18.65556
-18.66078
-18.66601
-18.67124
-18.67648
-18.68171
-18.68694
-18.69217
-18.69741
-18.70264
-18.70788
-18.71312
-18.71835
-18.72359
-18.72883
-18.73407
-18.73931
-18.74455
-18.74979
-18.75503
-18.76028
-18.76552
-18.77076
-18.77601
-18.78125
-18.78650
-18.79175
-18.79700
-18.80224
-18.80749
-18.81274
-18.81799
-18.82325
-18.82850
-18.83375
-18.83901
-18.84426
-18.84951
-18.85477
-18.86003
-18.86528
-18.87054
-18.87580
-18.88106
-18.88632
-18.89158
-18.89684
-18.90211
-18.90737
-18.91263
-18.91790
-18.92316
-18.92843
-18.93370
-18.93896
-18.94423
-18.94950
-18.95477
-18.96004
-18.96531
-18.97058
-18.97586
-18.98113
-18.98641
-18.99168
-18.99696
-19.00223
-19.00751
-19.01279
-19.01807
-19.02334
-19.02862
-19.03391
-19.03919
-19.04447
-19.04975
-19.05504
-19.06032
-19.06561
-19.07089
-19.07618
-19.08147
-19.08675
-19.09204
-19.09733
-19.10262
-19.10791
-19.11320
-19.11850
-19.12379
-19.12908
-19.13438
-19.13967
-19.14497
-19.15027
-19.15557
-19.16086
-19.16616
-19.17146
-19.17676
-19.18207
-19.18737
-19.19267
-19.19797
-19.20328
-19.20858
-19.21389
-19.21920
-19.22450
-19.22981
-19.23512
-19.24043
-19.24574
-19.25105
-19.25636
-19.26168
-19.26699
-19.27230
-19.27762
-19.28293
-19.28825
-19.29357
-19.29888
-19.30420
-19.30952
-19.31484
-19.32016
-19.32548
-19.33081
-19.33613
-19.34145
-19.34678
-19.35210
-19.35743
-19.36275
-19.36808
-19.37341
-19.37874
-19.38407
-19.38940
-19.39473
-19.40006
-19.40540
-19.41073
-19.41606
-19.42140
-19.42673
-19.43207
-19.43741
-19.44275
-19.44808
-19.45342
-19.45876
-19.46410
-19.46945
-19.47479
-19.48013
-19.48548
-19.49082
-19.49617
-19.50151
-19.50686
-19.51221
-19.51756
-19.52290
-19.52825
-19.53361
-19.53896
-19.54431
-19.54966
-19.55502
-19.56037
-19.56573
-19.57108
-19.57644
-19.58180
-19.58715
-19.59251
-19.59787
-19.60323
-19.60860
-19.61396
-19.61932
-19.62468
-19.63005
-19.63541
-19.64078
-19.64615
-19.65151
-19.65688
-19.66225
-19.66762
-19.67299
-19.67836
-19.68373
-19.68911
-19.69448
-19.69985
-19.70523
-19.71061
-19.71598
-19.72136
-19.72674
-19.73212
-19.73750
-19.74288
-19.74826
-19.75364
-19.75902
-19.76440
-19.76979
-19.77517
-19.78056
-19.78595
-19.79133
-19.79672
-19.80211
-19.80750
-19.81289
-19.81828
-19.82367
-19.82907
-19.83446
-19.83985
-19.84525
-19.85064
-19.85604
-19.86144
-19.86684
-19.87223
-19.87763
-19.88303
-19.88844
-19.89384
-19.89924
-19.90464
-19.91005
-19.91545
-19.92086
-19.92627
-19.93167
-19.93708
-19.94249
-19.94790
-19.95331
-19.95872
-19.96413
-19.96954
-19.97496
-19.98037
-19.98579
-19.99120
-19.99662
-20.00204
-20.00746
-20.01287
-20.01829
-20.02371
-20.02914
-20.03456
-20.03998
-20.04540
-20.05083
-20.05625
-20.06168
-20.06711
-20.07253
-20.07796
-20.08339
-20.08882
-20.09425
-20.09968
-20.10511
-20.11055
-20.11598
-20.12142
-20.12685
-20.13229
-20.13772
-20.14316
-20.14860
-20.15404
-20.15948
-20.16492
-20.17036
-20.17580
-20.18125
-20.18669
-20.19213
-20.19758
-20.20303
-20.20847
-20.21392
-20.21937
-20.22482
-20.23027
-20.23572
-20.24117
-20.24662
-20.25208
-20.25753
-20.26299
-20.26844
-20.27390
-20.27936
-20.28481
-20.29027
-20.29573
-20.30119
-20.30665
-20.31211
-20.31758
-20.32304
-20.32851
-20.33397
-20.33944
-20.34490
-20.35037
-20.35584
-20.36131
-20.36678
-20.37225
-20.37772
-20.38319
-20.38866
-20.39414
-20.39961
-20.40509
-20.41056
-20.41604
-20.42152
-20.42700
-20.43248
-20.43796
-20.44344
-20.44892
-20.45440
-20.45989
-20.46537
-20.47086
-20.47634
-20.48183
-20.48731
-20.49280
-20.49829
-20.50378
-20.50927
-20.51476
-20.52026
-20.52575
-20.53124
-20.53674
-20.54223
-20.54773
-20.55323
-20.55872
-20.56422
-20.56972
-20.57522
-20.58072
-20.58622
-20.59173
-20.59723
-20.60273
-20.60824
-20.61374
-20.61925
-20.62476
-20.63027
-20.63577
-20.64128
-20.64680
-20.65231
-20.65782
-20.66333
-20.66885
-20.67436
-20.67988
-20.68539
-20.69091
-20.69643
-20.70194
-20.70746
-20.71298
-20.71851
-20.72403
-20.72955
-20.73507
-20.74060
-20.74612
-20.75165
-20.75718
-20.76270
-20.76823
-20.77376
-20.77929
-20.78482
-20.79035
-20.79588
-20.80142
-20.80695
-20.81249
-20.81802
-20.82356
-20.82910
-20.83463
-20.84017
-20.84571
-20.85125
-20.85679
-20.86234
-20.86788
-20.87342
-20.87897
-20.88451
-20.89006
-20.89561
-20.90115
-20.90670
-20.91225
-20.91780
-20.92335
-20.92891
-20.93446
-20.94001
-20.94557
-20.95112
-20.95668
-20.96223
-20.96779
-20.97335
-20.97891
-20.98447
-20.99003
-20.99559
-21.00115
-21.00672
-21.01228
-21.01785
-21.02341
-21.02898
-21.03455
-21.04012
-21.04568
-21.05125
-21.05683
-21.06240
-21.06797
-21.07354
-21.07912
-21.08469
-21.09027
-21.09584
-21.10142
-21.10700
-21.11258
-21.11816
-21.12374
-21.12932
-21.13490
-21.14049
-21.14607
-21.15165
-21.15724
-21.16283
-21.16841
-21.17400
-21.17959
-21.18518
-21.19077
-21.19636
-21.20196
-21.20755
-21.21314
-21.21874
-21.22433
-21.22993
-21.23553
-21.24112
-21.24672
-21.25232
-21.25792
-21.26353
-21.26913
-21.27473
-21.28033
-21.28594
-21.29155
-21.29715
-21.30276
-21.30837
-21.31398
-21.31959
-21.32520
-21.33081
-21.33642
-21.34203
-21.34765
-21.35326
-21.35888
-21.36449
-21.37011
-21.37573
-21.38135
-21.38697
-21.39259
-21.39821
-21.40383
-21.40946
-21.41508
-21.42070
-21.42633
-21.43196
-21.43758
-21.44321
-21.44884
-21.45447
-21.46010
-21.46573
-21.47137
-21.47700
-21.48263
-21.48827
-21.49390
-21.49954
-21.50518
-21.51082
-21.51646
-21.52210
-21.52774
-21.53338
-21.53902
-21.54466
-21.55031
-21.55595
-21.56160
-21.56725
-21.57289
-21.57854
-21.58419
-21.58984
-21.59549
-21.60115
-21.60680
-21.61245
-21.61811
-21.62376
-21.62942
-21.63508
-21.64073
-21.64639
-21.65205
-21.65771
-21.66337
-21.66904
-21.67470
-21.68036
-21.68603
-21.69169
-21.69736
-21.70303
-21.70869
-21.71436
-21.72003
-21.72570
-21.73137
-21.73705
-21.74272
-21.74839
-21.75407
-21.75975
-21.76542
-21.77110
-21.77678
-21.78246
-21.78814
-21.79382
-21.79950
-21.80518
-21.81087
-21.81655
-21.82224
-21.82792
-21.83361
-21.83930
-21.84499
-21.85067
-21.85637
-21.86206
-21.86775
-21.87344
-21.87914
-21.88483
-21.89053
-21.89622
-21.90192
-21.90762
-21.91332
-21.91902
-21.92472
-21.93042
-21.93612
-21.94183
-21.94753
-21.95323
-21.95894
-21.96465
-21.97036
-21.97606
-21.98177
-21.98748
-21.99319
-21.99891
-22.00462
-22.01033
-22.01605
-22.02176
-22.02748
-22.03320
-22.03892
-22.04463
-22.05035
-22.05608
-22.06180
-22.06752
-22.07324
-22.07897
-22.08469
-22.09042
-22.09614
-22.10187
-22.10760
-22.11333
-22.11906
-22.12479
-22.13052
-22.13626
-22.14199
-22.14773
-22.15346
-22.15920
-22.16494
-22.17067
-22.17641
-22.18215
-22.18789
-22.19364
-22.19938
-22.20512
-22.21087
-22.21661
-22.22236
-22.22810
-22.23385
-22.23960
-22.24535
-22.25110
-22.25685
-22.26261
-22.26836
-22.27411
-22.27987
-22.28562
-22.29138
-22.29714
-22.30290
-22.30866
-22.31442
-22.32018
-22.32594
-22.33170
-22.33747
-22.34323
-22.34900
-22.35476
-22.36053
-22.36630
-22.37207
-22.37784
-22.38361
-22.38938
-22.39515
-22.40093
-22.40670
-22.41248
-22.41825
-22.42403
-22.42981
-22.43559
-22.44137
-22.44715
-22.45293
-22.45871
-22.46450
-22.47028
-22.47606
-22.48185
-22.48764
-22.49343
-22.49921
-22.50500
-22.51079
-22.51659
-22.52238
-22.52817
-22.53397
-22.53976
-22.54556
-22.55135
-22.55715
-22.56295
-22.56875
-22.57455
-22.58035
-22.58615
-22.59196
-22.59776
-22.60357
-22.60937
-22.61518
-22.62099
-22.62679
-22.63260
-22.63841
-22.64422
-22.65004
-22.65585
-22.66166
-22.66748
-22.67329
-22.67911
-22.68493
-22.69075
-22.69657
-22.70239
-22.70821
-22.71403
-22.71985
-22.72568
-22.73150
-22.73733
-22.74315
-22.74898
-22.75481
-22.76064
-22.76647
-22.77230
-22.77813
-22.78396
-22.78980
-22.79563
-22.80147
-22.80731
-22.81314
-22.81898
-22.82482
-22.83066
-22.83650
-22.84234
-22.84819
-22.85403
-22.85988
-22.86572
-22.87157
-22.87742
-22.88326
-22.88911
-22.89496
-22.90082
-22.90667
-22.91252
-22.91837
-22.92423
-22.93008
-22.93594
-22.94180
-22.94766
-22.95352
-22.95938
-22.96524
-22.97110
-22.97696
-22.98283
-22.98869
-22.99456
-23.00043
-23.00629
-23.01216
-23.01803
-23.02390
-23.02977
-23.03565
-23.04152
-23.04739
-23.05327
-23.05914
-23.06502
-23.07090
-23.07678
-23.08266
-23.08854
-23.09442
-23.10030
-23.10619
-23.11207
-23.11795
-23.12384
-23.12973
-23.13562
-23.14151
-23.14740
-23.15329
-23.15918
-23.16507
-23.17096
-23.17686
-23.18275
-23.18865
-23.19455
-23.20045
-23.20635
-23.21225
-23.21815
-23.22405
-23.22995
-23.23586
-23.24176
-23.24767
-23.25357
-23.25948
-23.26539
-23.27130
-23.27721
-23.28312
-23.28903
-23.29494
-23.30086
-23.30677
-23.31269
-23.31861
-23.32453
-23.33044
-23.33636
-23.34228
-23.34821
-23.35413
-23.36005
-23.36598
-23.37190
-23.37783
-23.38376
-23.38968
-23.39561
-23.40154
-23.40747
-23.41341
-23.41934
-23.42527
-23.43121
-23.43714
-23.44308
-23.44902
-23.45496
-23.46090
-23.46684
-23.47278
-23.47872
-23.48466
-23.49061
-23.49655
-23.50250
-23.50845
-23.51439
-23.52034
-23.52629
-23.53224
-23.53820
-23.54415
-23.55010
-23.55606
-23.56201
-23.56797
-23.57393
-23.57989
-23.58585
-23.59181
-23.59777
-23.60373
-23.60969
-23.61566
-23.62162
-23.62759
-23.63356
-23.63952
-23.64549
-23.65146
-23.65743
-23.66340
-23.66938
-23.67535
-23.68133
-23.68730
-23.69328
-23.69926
-23.70523
-23.71121
-23.71719
-23.72318
-23.72916
-23.73514
-23.74113
-23.74711
-23.75310
-23.75908
-23.76507
-23.77106
-23.77705
-23.78304
-23.78904
-23.79503
-23.80102
-23.80702
-23.81301
-23.81901
-23.82501
-23.83101
-23.83701
-23.84301
-23.84901
-23.85501
-23.86101
-23.86702
-23.87302
-23.87903
-23.88504
-23.89105
-23.89706
-23.90307
-23.90908
-23.91509
-23.92110
-23.92712
-23.93313
-23.93915
-23.94517
-23.95119
-23.95720
-23.96322
-23.96925
-23.97527
-23.98129
-23.98731
-23.99334
-23.99937
-24.00539
-24.01142
-24.01745
-24.02348
-24.02951
-24.03554
-24.04157
-24.04761
-24.05364
-24.05968
-24.06572
-24.07175
-24.07779
-24.08383
-24.08987
-24.09591
-24.10196
-24.10800
-24.11404
-24.12009
-24.12614
-24.13218
-24.13823
-24.14428
-24.15033
-24.15638
-24.16244
-24.16849
-24.17454
-24.18060
-24.18665
-24.19271
-24.19877
-24.20483
-24.21089
-24.21695
-24.22301
-24.22908
-24.23514
-24.24121
-24.24727
-24.25334
-24.25941
-24.26548
-24.27155
-24.27762
-24.28369
-24.28976
-24.29584
-24.30191
-24.30799
-24.31407
-24.32014
-24.32622
-24.33230
-24.33838
-24.34447
-24.35055
-24.35663
-24.36272
-24.36880
-24.37489
-24.38098
-24.38707
-24.39316
-24.39925
-24.40534
-24.41143
-24.41753
-24.42362
-24.42972
-24.43582
-24.44191
-24.44801
-24.45411
-24.46021
-24.46632
-24.47242
-24.47852
-24.48463
-24.49074
-24.49684
-24.50295
-24.50906
-24.51517
-24.52128
-24.52739
-24.53351
-24.53962
-24.54573
-24.55185
-24.55797
-24.56409
-24.57020
-24.57633
-24.58245
-24.58857
-24.59469
-24.60082
-24.60694
-24.61307
-24.61919
-24.62532
-24.63145
-24.63758
-24.64371
-24.64985
-24.65598
-24.66211
-24.66825
-24.67438
-24.68052
-24.68666
-24.69280
-24.69894
-24.70508
-24.71122
-24.71737
-24.72351
-24.72966
-24.73580
-24.74195
-24.74810
-24.75425
-24.76040
-24.76655
-24.77270
-24.77886
-24.78501
-24.79117
-24.79732
-24.80348
-24.80964
-24.81580
-24.82196
-24.82812
-24.83428
-24.84045
-24.84661
-24.85278
-24.85895
-24.86511
-24.87128
-24.87745
-24.88362
-24.88980
-24.89597
-24.90214
-24.90832
-24.91449
-24.92067
-24.92685
-24.93303
-24.93921
-24.94539
-24.95157
-24.95776
-24.96394
-24.97013
-24.97631
-24.98250
-24.98869
-24.99488
-25.00107
-25.00726
-25.01345
-25.01965
-25.02584
-25.03204
-25.03823
-25.04443
-25.05063
-25.05683
-25.06303
-25.06923
-25.07544
-25.08164
-25.08784
-25.09405
-25.10026
-25.10647
-25.11267
-25.11888
-25.12510
-25.13131
-25.13752
-25.14374
-25.14995
-25.15617
-25.16239
-25.16860
-25.17482
-25.18104
-25.18727
-25.19349
-25.19971
-25.20594
-25.21216
-25.21839
-25.22462
-25.23085
-25.23708
-25.24331
-25.24954
-25.25577
-25.26201
-25.26824
-25.27448
-25.28072
-25.28696
-25.29320
-25.29944
-25.30568
-25.31192
-25.31816
-25.32441
-25.33065
-25.33690
-25.34315
-25.34940
-25.35565
-25.36190
-25.36815
-25.37440
-25.38066
-25.38691
-25.39317
-25.39943
-25.40569
-25.41195
-25.41821
-25.42447
-25.43073
-25.43699
-25.44326
-25.44953
-25.45579
-25.46206
-25.46833
-25.47460
-25.48087
-25.48714
-25.49342
-25.49969
-25.50597
-25.51224
-25.51852
-25.52480
-25.53108
-25.53736
-25.54364
-25.54992
-25.55621
-25.56249
-25.56878
-25.57507
-25.58135
-25.58764
-25.59393
-25.60023
-25.60652
-25.61281
-25.61911
-25.62540
-25.63170
-25.63800
-25.64430
-25.65060
-25.65690
-25.66320
-25.66950
-25.67581
-25.68211
-25.68842
-25.69473
-25.70104
-25.70734
-25.71366
-25.71997
-25.72628
-25.73259
-25.73891
-25.74523
-25.75154
-25.75786
-25.76418
-25.77050
-25.77682
-25.78315
-25.78947
-25.79579
-25.80212
-25.80845
-25.81477
-25.82110
-25.82743
-25.83377
-25.84010
-25.84643
-25.85277
-25.85910
-25.86544
-25.87178
-25.87811
-25.88445
-25.89080
-25.89714
-25.90348
-25.90983
-25.91617
-25.92252
-25.92887
-25.93521
-25.94156
-25.94791
-25.95427
-25.96062
-25.96697
-25.97333
-25.97969
-25.98604
-25.99240
-25.99876
-26.00512
-26.01148
-26.01785
-26.02421
-26.03058
-26.03694
-26.04331
-26.04968
-26.05605
-26.06242
-26.06879
-26.07516
-26.08154
-26.08791
-26.09429
-26.10066
-26.10704
-26.11342
-26.11980
-26.12618
-26.13257
-26.13895
-26.14534
-26.15172
-26.15811
-26.16450
-26.17089
-26.17728
-26.18367
-26.19006
-26.19645
-26.20285
-26.20925
-26.21564
-26.22204
-26.22844
-26.23484
-26.24124
-26.24765
-26.25405
-26.26045
-26.26686
-26.27327
-26.27967
-26.28608
-26.29249
-26.29891
-26.30532
-26.31173
-26.31815
-26.32456
-26.33098
-26.33740
-26.34382
-26.35024
-26.35666
-26.36308
-26.36951
-26.37593
-26.38236
-26.38878
-26.39521
-26.40164
-26.40807
-26.41450
-26.42094
-26.42737
-26.43381
-26.44024
-26.44668
-26.45312
-26.45956
-26.46600
-26.47244
-26.47888
-26.48533
-26.49177
-26.49822
-26.50467
-26.51111
-26.51756
-26.52402
-26.53047
-26.53692
-26.54337
-26.54983
-26.55629
-26.56274
-26.56920
-26.57566
-26.58212
-26.58859
-26.59505
-26.60151
-26.60798
-26.61444
-26.62091
-26.62738
-26.63385
-26.64032
-26.64679
-26.65327
-26.65974
-26.66622
-26.67270
-26.67917
-26.68565
-26.69213
-26.69861
-26.70510
-26.71158
-26.71807
-26.72455
-26.73104
-26.73753
-26.74402
-26.75051
-26.75700
-26.76349
-26.76999
-26.77648
-26.78298
-26.78947
-26.79597
-26.80247
-26.80897
-26.81548
-26.82198
-26.82848
-26.83499
-26.84149
-26.84800
-26.85451
-26.86102
-26.86753
-26.87405
-26.88056
-26.88707
-26.89359
-26.90011
-26.90662
-26.91314
-26.91966
-26.92619
-26.93271
-26.93923
-26.94576
-26.95228
-26.95881
-26.96534
-26.97187
-26.97840
-26.98493
-26.99147
-26.99800
-27.00453
-27.01107
-27.01761
-27.02415
-27.03069
-27.03723
-27.04377
-27.05032
-27.05686
-27.06341
-27.06995
-27.07650
-27.08305
-27.08960
-27.09615
-27.10271
-27.10926
-27.11582
-27.12237
-27.12893
-27.13549
-27.14205
-27.14861
-27.15517
-27.16174
-27.16830
-27.17487
-27.18143
-27.18800
-27.19457
-27.20114
-27.20771
-27.21429
-27.22086
-27.22744
-27.23401
-27.24059
-27.24717
-27.25375
-27.26033
-27.26691
-27.27349
-27.28008
-27.28667
-27.29325
-27.29984
-27.30643
-27.31302
-27.31961
-27.32621
-27.33280
-27.33939
-27.34599
-27.35259
-27.35919
-27.36579
-27.37239
-27.37899
-27.38559
-27.39220
-27.39881
-27.40541
-27.41202
-27.41863
-27.42524
-27.43185
-27.43847
-27.44508
-27.45170
-27.45831
-27.46493
-27.47155
-27.47817
-27.48479
-27.49141
-27.49804
-27.50466
-27.51129
-27.51792
-27.52454
-27.53117
-27.53781
-27.54444
-27.55107
-27.55771
-27.56434
-27.57098
-27.57762
-27.58426
-27.59090
-27.59754
-27.60418
-27.61083
-27.61747
-27.62412
-27.63077
-27.63741
-27.64406
-27.65072
-27.65737
-27.66402
-27.67068
-27.67733
-27.68399
-27.69065
-27.69731
-27.70397
-27.71063
-27.71730
-27.72396
-27.73063
-27.73729
-27.74396
-27.75063
-27.75730
-27.76397
-27.77065
-27.77732
-27.78400
-27.79067
-27.79735
-27.80403
-27.81071
-27.81739
-27.82408
-27.83076
-27.83745
-27.84413
-27.85082
-27.85751
-27.86420
-27.87089
-27.87758
-27.88428
-27.89097
-27.89767
-27.90437
-27.91107
-27.91777
-27.92447
-27.93117
-27.93787
-27.94458
-27.95128
-27.95799
-27.96470
-27.97141
-27.97812
-27.98483
-27.99155
-27.99826
-28.00498
-28.01169
-28.01841
-28.02513
-28.03185
-28.03858
-28.04530
-28.05202
-28.05875
-28.06548
-28.07221
-28.07893
-28.08567
-28.09240
-28.09913
-28.10587
-28.11260
-28.11934
-28.12608
-28.13282
-28.13956
-28.14630
-28.15304
-28.15979
-28.16653
-28.17328
-28.18003
-28.18678
-28.19353
-28.20028
-28.20703
-28.21379
-28.22054
-28.22730
-28.23406
-28.24082
-28.24758
-28.25434
-28.26110
-28.26787
-28.27463
-28.28140
-28.28817
-28.29494
-28.30171
-28.30848
-28.31525
-28.32203
-28.32880
-28.33558
-28.34236
-28.34913
-28.35592
-28.36270
-28.36948
-28.37627
-28.38305
-28.38984
-28.39663
-28.40342
-28.41021
-28.41700
-28.42379
-28.43059
-28.43738
-28.44418
-28.45098
-28.45778
-28.46458
-28.47138
-28.47818
-28.48499
-28.49179
-28.49860
-28.50541
-28.51222
-28.51903
-28.52584
-28.53265
-28.53947
-28.54628
-28.55310
-28.55992
-28.56674
-28.57356
-28.58038
-28.58721
-28.59403
-28.60086
-28.60769
-28.61451
-28.62134
-28.62818
-28.63501
-28.64184
-28.64868
-28.65551
-28.66235
-28.66919
-28.67603
-28.68287
-28.68972
-28.69656
-28.70340
-28.71025
-28.71710
-28.72395
-28.73080
-28.73765
-28.74450
-28.75136
-28.75821
-28.76507
-28.77193
-28.77879
-28.78565
-28.79251
-28.79937
-28.80624
-28.81310
-28.81997
-28.82684
-28.83371
-28.84058
-28.84745
-28.85433
-28.86120
-28.86808
-28.87496
-28.88183
-28.88872
-28.89560
-28.90248
-28.90936
-28.91625
-28.92314
-28.93002
-28.93691
-28.94380
-28.95069
-28.95759
-28.96448
-28.97138
-28.97828
-28.98517
-28.99207
-28.99897
-29.00588
-29.01278
-29.01968
-29.02659
-29.03350
-29.04041
-29.04732
-29.05423
-29.06114
-29.06806
-29.07497
-29.08189
-29.08881
-29.09572
-29.10265
-29.10957
-29.11649
-29.12341
-29.13034
-29.13727
-29.14420
-29.15113
-29.15806
-29.16499
-29.17192
-29.17886
-29.18579
-29.19273
-29.19967
-29.20661
-29.21355
-29.22050
-29.22744
-29.23439
-29.24133
-29.24828
-29.25523
-29.26218
-29.26913
-29.27609
-29.28304
-29.29000
-29.29696
-29.30391
-29.31088
-29.31784
-29.32480
-29.33176
-29.33873
-29.34570
-29.35266
-29.35963
-29.36660
-29.37358
-29.38055
-29.38752
-29.39450
-29.40148
-29.40846
-29.41544
-29.42242
-29.42940
-29.43639
-29.44337
-29.45036
-29.45735
-29.46434
-29.47133
-29.47832
-29.48531
-29.49231
-29.49930
-29.50630
-29.51330
-29.52030
-29.52730
-29.53431
-29.54131
-29.54832
-29.55532
-29.56233
-29.56934
-29.57635
-29.58336
-29.59038
-29.59739
-29.60441
-29.61143
-29.61845
-29.62547
-29.63249
-29.63951
-29.64654
-29.65356
-29.66059
-29.66762
-29.67465
-29.68168
-29.68871
-29.69575
-29.70278
-29.70982
-29.71686
-29.72390
-29.73094
-29.73798
-29.74502
-29.75207
-29.75911
-29.76616
-29.77321
-29.78026
-29.78731
-29.79437
-29.80142
-29.80848
-29.81553
-29.82259
-29.82965
-29.83671
-29.84378
-29.85084
-29.85791
-29.86497
-29.87204
-29.87911
-29.88618
-29.89325
-29.90033
-29.90740
-29.91448
-29.92156
-29.92864
-29.93572
-29.94280
-29.94988
-29.95697
-29.96405
-29.97114
-29.97823
-29.98532
-29.99241
-29.99951
-30.00660
-30.01370
-30.02079
-30.02789
-30.03499
-30.04209
-30.04920
-30.05630
-30.06341
-30.07051
-30.07762
-30.08473
-30.09184
-30.09895
-30.10607
-30.11318
-30.12030
-30.12742
-30.13454
-30.14166
-30.14878
-30.15590
-30.16303
-30.17015
-30.17728
-30.18441
-30.19154
-30.19867
-30.20581
-30.21294
-30.22008
-30.22722
-30.23436
-30.24150
-30.24864
-30.25578
-30.26293
-30.27007
-30.27722
-30.28437
-30.29152
-30.29867
-30.30582
-30.31298
-30.32013
-30.32729
-30.33445
-30.34161
-30.34877
-30.35593
-30.36310
-30.37026
-30.37743
-30.38460
-30.39177
-30.39894
-30.40611
-30.41329
-30.42046
-30.42764
-30.43482
-30.44200
-30.44918
-30.45636
-30.46355
-30.47073
-30.47792
-30.48511
-30.49230
-30.49949
-30.50668
-30.51388
-30.52107
-30.52827
-30.53547
-30.54267
-30.54987
-30.55707
-30.56428
-30.57148
-30.57869
-30.58590
-30.59311
-30.60032
-30.60753
-30.61474
-30.62196
-30.62918
-30.63640
-30.64362
-30.65084
-30.65806
-30.66528
-30.67251
-30.67974
-30.68697
-30.69420
-30.70143
-30.70866
-30.71589
-30.72313
-30.73037
-30.73761
-30.74485
-30.75209
-30.75933
-30.76657
-30.77382
-30.78107
-30.78832
-30.79557
-30.80282
-30.81007
-30.81733
-30.82458
-30.83184
-30.83910
-30.84636
-30.85362
-30.86088
-30.86815
-30.87542
-30.88268
-30.88995
-30.89722
-30.90449
-30.91177
-30.91904
-30.92632
-30.93360
-30.94088
-30.94816
-30.95544
-30.96272
-30.97001
-30.97730
-30.98458
-30.99187
-30.99916
-31.00646
-31.01375
-31.02105
-31.02834
-31.03564
-31.04294
-31.05024
-31.05755
-31.06485
-31.07216
-31.07946
-31.08677
-31.09408
-31.10139
-31.10871
-31.11602
-31.12334
-31.13065
-31.13797
-31.14529
-31.15262
-31.15994
-31.16727
-31.17459
-31.18192
-31.18925
-31.19658
-31.20391
-31.21125
-31.21858
-31.22592
-31.23326
-31.24060
-31.24794
-31.25528
-31.26262
-31.26997
-31.27732
-31.28467
-31.29202
-31.29937
-31.30672
-31.31408
-31.32143
-31.32879
-31.33615
-31.34351
-31.35087
-31.35824
-31.36560
-31.37297
-31.38034
-31.38771
-31.39508
-31.40245
-31.40982
-31.41720
-31.42458
-31.43196
-31.43934
-31.44672
-31.45410
-31.46149
-31.46887
-31.47626
-31.48365
-31.49104
-31.49843
-31.50583
-31.51322
-31.52062
-31.52802
-31.53542
-31.54282
-31.55022
-31.55763
-31.56503
-31.57244
-31.57985
-31.58726
-31.59467
-31.60208
-31.60950
-31.61692
-31.62433
-31.63175
-31.63917
-31.64660
-31.65402
-31.66145
-31.66887
-31.67630
-31.68373
-31.69116
-31.69860
-31.70603
-31.71347
-31.72091
-31.72835
-31.73579
-31.74323
-31.75067
-31.75812
-31.76557
-31.77302
-31.78047
-31.78792
-31.79537
-31.80283
-31.81028
-31.81774
-31.82520
-31.83266
-31.84012
-31.84759
-31.85505
-31.86252
-31.86999
-31.87746
-31.88493
-31.89240
-31.89988
-31.90735
-31.91483
-31.92231
-31.92979
-31.93728
-31.94476
-31.95225
-31.95973
-31.96722
-31.97471
-31.98220
-31.98970
-31.99719
-32.00469
-32.01219
-32.01969
-32.02719
-32.03469
-32.04220
-32.04970
-32.05721
-32.06472
-32.07223
-32.07974
-32.08725
-32.09477
-32.10229
-32.10981
-32.11733
-32.12485
-32.13237
-32.13989
-32.14742
-32.15495
-32.16248
-32.17001
-32.17754
-32.18508
-32.19261
-32.20015
-32.20769
-32.21523
-32.22277
-32.23031
-32.23786
-32.24541
-32.25295
-32.26050
-32.26806
-32.27561
-32.28316
-32.29072
-32.29828
-32.30584
-32.31340
-32.32096
-32.32852
-32.33609
-32.34366
-32.35123
-32.35880
-32.36637
-32.37394
-32.38152
-32.38909
-32.39667
-32.40425
-32.41184
-32.41942
-32.42700
-32.43459
-32.44218
-32.44977
-32.45736
-32.46495
-32.47255
-32.48014
-32.48774
-32.49534
-32.50294
-32.51054
-32.51815
-32.52575
-32.53336
-32.54097
-32.54858
-32.55619
-32.56380
-32.57142
-32.57904
-32.58666
-32.59428
-32.60190
-32.60952
-32.61715
-32.62477
-32.63240
-32.64003
-32.64766
-32.65529
-32.66293
-32.67057
-32.67820
-32.68584
-32.69348
-32.70113
-32.70877
-32.71642
-32.72406
-32.73171
-32.73937
-32.74702
-32.75467
-32.76233
-32.76999
-32.77764
-32.78530
-32.79297
-32.80063
-32.80830
-32.81596
-32.82363
-32.83130
-32.83898
-32.84665
-32.85432
-32.86200
-32.86968
-32.87736
-32.88504
-32.89273
-32.90041
-32.90810
-32.91579
-32.92348
-32.93117
-32.93886
-32.94656
-32.95425
-32.96195
-32.96965
-32.97735
-32.98506
-32.99276
-33.00047
-33.00818
-33.01589
-33.02360
-33.03131
-33.03903
-33.04674
-33.05446
-33.06218
-33.06990
-33.07762
-33.08535
-33.09308
-33.10080
-33.10853
-33.11627
-33.12400
-33.13173
-33.13947
-33.14721
-33.15495
-33.16269
-33.17043
-33.17818
-33.18592
-33.19367
-33.20142
-33.20917
-33.21693
-33.22468
-33.23244
-33.24020
-33.24796
-33.25572
-33.26348
-33.27124
-33.27901
-33.28678
-33.29455
-33.30232
-33.31009
-33.31787
-33.32565
-33.33342
-33.34120
-33.34899
-33.35677
-33.36455
-33.37234
-33.38013
-33.38792
-33.39571
-33.40350
-33.41130
-33.41910
-33.42690
-33.43470
-33.44250
-33.45030
-33.45811
-33.46591
-33.47372
-33.48153
-33.48934
-33.49716
-33.50497
-33.51279
-33.52061
-33.52843
-33.53625
-33.54408
-33.55190
-33.55973
-33.56756
-33.57539
-33.58322
-33.59106
-33.59889
-33.60673
-33.61457
-33.62241
-33.63025
-33.63810
-33.64595
-33.65379
-33.66164
-33.66949
-33.67735
-33.68520
-33.69306
-33.70092
-33.70878
-33.71664
-33.72450
-33.73237
-33.74023
-33.74810
-33.75597
-33.76385
-33.77172
-33.77960
-33.78747
-33.79535
-33.80323
-33.81111
-33.81900
-33.82688
-33.83477
-33.84266
-33.85055
-33.85845
-33.86634
-33.87424
-33.88213
-33.89003
-33.89794
-33.90584
-33.91374
-33.92165
-33.92956
-33.93747
-33.94538
-33.95330
-33.96121
-33.96913
-33.97705
-33.98497
-33.99289
-34.00082
-34.00874
-34.01667
-34.02460
-34.03253
-34.04046
-34.04840
-34.05633
-34.06427
-34.07221
-34.08015
-34.08810
-34.09604
-34.10399
-34.11194
-34.11989
-34.12784
-34.13580
-34.14375
-34.15171
-34.15967
-34.16763
-34.17559
-34.18356
-34.19153
-34.19949
-34.20746
-34.21544
-34.22341
-34.23138
-34.23936
-34.24734
-34.25532
-34.26330
-34.27129
-34.27927
-34.28726
-34.29525
-34.30324
-34.31124
-34.31923
-34.32723
-34.33523
-34.34323
-34.35123
-34.35923
-34.36724
-34.37525
-34.38326
-34.39127
-34.39928
-34.40729
-34.41531
-34.42333
-34.43135
-34.43937
-34.44739
-34.45542
-34.46345
-34.47148
-34.47951
-34.48754
-34.49557
-34.50361
-34.51165
-34.51969
-34.52773
-34.53577
-34.54382
-34.55187
-34.55992
-34.56797
-34.57602
-34.58407
-34.59213
-34.60019
-34.60825
-34.61631
-34.62437
-34.63244
-34.64050
-34.64857
-34.65664
-34.66472
-34.67279
-34.68087
-34.68895
-34.69702
-34.70511
-34.71319
-34.72128
-34.72936
-34.73745
-34.74554
-34.75363
-34.76173
-34.76983
-34.77792
-34.78602
-34.79413
-34.80223
-34.81033
-34.81844
-34.82655
-34.83466
-34.84277
-34.85089
-34.85901
-34.86712
-34.87524
-34.88337
-34.89149
-34.89962
-34.90774
-34.91587
-34.92400
-34.93214
-34.94027
-34.94841
-34.95655
-34.96469
-34.97283
-34.98098
-34.98912
-34.99727
-35.00542
-35.01357
-35.02172
-35.02988
-35.03804
-35.04620
-35.05436
-35.06252
-35.07069
-35.07885
-35.08702
-35.09519
-35.10336
-35.11154
-35.11971
-35.12789
-35.13607
-35.14425
-35.15244
-35.16062
-35.16881
-35.17700
-35.18519
-35.19338
-35.20158
-35.20977
-35.21797
-35.22617
-35.23437
-35.24258
-35.25078
-35.25899
-35.26720
-35.27541
-35.28363
-35.29184
-35.30006
-35.30828
-35.31650
-35.32472
-35.33295
-35.34117
-35.34940
-35.35763
-35.36587
-35.37410
-35.38234
-35.39057
-35.39881
-35.40706
-35.41530
-35.42355
-35.43179
-35.44004
-35.44830
-35.45655
-35.46480
-35.47306
-35.48132
-35.48958
-35.49784
-35.50611
-35.51438
-35.52264
-35.53092
-35.53919
-35.54746
-35.55574
-35.56402
-35.57230
-35.58058
-35.58886
-35.59715
-35.60544
-35.61373
-35.62202
-35.63031
-35.63861
-35.64691
-35.65521
-35.66351
-35.67181
-35.68012
-35.68842
-35.69673
-35.70504
-35.71336
-35.72167
-35.72999
-35.73831
-35.74663
-35.75495
-35.76328
-35.77160
-35.77993
-35.78826
-35.79659
-35.80493
-35.81327
-35.82160
-35.82994
-35.83829
-35.84663
-35.85498
-35.86333
-35.87168
-35.88003
-35.88838
-35.89674
-35.90510
-35.91346
-35.92182
-35.93018
-35.93855
-35.94691
-35.95528
-35.96366
-35.97203
-35.98041
-35.98878
-35.99716
-36.00554
-36.01393
-36.02231
-36.03070
-36.03909
-36.04748
-36.05587
-36.06427
-36.07267
-36.08107
-36.08947
-36.09787
-36.10628
-36.11468
-36.12309
-36.13150
-36.13992
-36.14833
-36.15675
-36.16517
-36.17359
-36.18201
-36.19044
-36.19887
-36.20729
-36.21573
-36.22416
-36.23259
-36.24103
-36.24947
-36.25791
-36.26635
-36.27480
-36.28325
-36.29170
-36.30015
-36.30860
-36.31706
-36.32551
-36.33397
-36.34243
-36.35090
-36.35936
-36.36783
-36.37630
-36.38477
-36.39324
-36.40172
-36.41020
-36.41867
-36.42716
-36.43564
-36.44412
-36.45261
-36.46110
-36.46959
-36.47809
-36.48658
-36.49508
-36.50358
-36.51208
-36.52059
-36.52909
-36.53760
-36.54611
-36.55462
-36.56313
-36.57165
-36.58017
-36.58869
-36.59721
-36.60573
-36.61426
-36.62279
-36.63132
-36.63985
-36.64839
-36.65692
-36.66546
-36.67400
-36.68254
-36.69109
-36.69963
-36.70818
-36.71673
-36.72529
-36.73384
-36.74240
-36.75096
-36.75952
-36.76808
-36.77665
-36.78521
-36.79378
-36.80235
-36.81093
-36.81950
-36.82808
-36.83666
-36.84524
-36.85383
-36.86241
-36.87100
-36.87959
-36.88818
-36.89678
-36.90537
-36.91397
-36.92257
-36.93117
-36.93978
-36.94838
-36.95699
-36.96560
-36.97422
-36.98283
-36.99145
-37.00007
-37.00869
-37.01731
-37.02594
-37.03457
-37.04320
-37.05183
-37.06046
-37.06910
-37.07774
-37.08638
-37.09502
-37.10366
-37.11231
-37.12096
-37.12961
-37.13826
-37.14692
-37.15557
-37.16423
-37.17289
-37.18156
-37.19022
-37.19889
-37.20756
-37.21623
-37.22491
-37.23358
-37.24226
-37.25094
-37.25962
-37.26831
-37.27699
-37.28568
-37.29437
-37.30307
-37.31176
-37.32046
-37.32916
-37.33786
-37.34656
-37.35527
-37.36398
-37.37269
-37.38140
-37.39012
-37.39883
-37.40755
-37.41627
-37.42500
-37.43372
-37.44245
-37.45118
-37.45991
-37.46864
-37.47738
-37.48612
-37.49486
-37.50360
-37.51234
-37.52109
-37.52984
-37.53859
-37.54734
-37.55610
-37.56486
-37.57362
-37.58238
-37.59114
-37.59991
-37.60868
-37.61745
-37.62622
-37.63499
-37.64377
-37.65255
-37.66133
-37.67012
-37.67890
-37.68769
-37.69648
-37.70527
-37.71407
-37.72286
-37.73166
-37.74046
-37.74927
-37.75807
-37.76688
-37.77569
-37.78450
-37.79331
-37.80213
-37.81095
-37.81977
-37.82859
-37.83742
-37.84625
-37.85507
-37.86391
-37.87274
-37.88158
-37.89042
-37.89926
-37.90810
-37.91694
-37.92579
-37.93464
-37.94349
-37.95235
-37.96120
-37.97006
-37.97892
-37.98778
-37.99665
-38.00551
-38.01438
-38.02326
-38.03213
-38.04101
-38.04988
-38.05876
-38.06765
-38.07653
