7.41224
7.41218
7.41209
7.41199
7.41190
7.41181
7.41171
7.41161
7.41151
7.41141
7.41131
7.41121
7.41111
7.41100
7.41090
7.41079
7.41068
7.41057
7.41046
7.41034
7.41023
7.41012
7.41000
7.40988
7.40976
7.40964
7.40952
7.40940
7.40927
7.40915
7.40902
7.40889
7.40876
7.40863
7.40850
7.40837
7.40823
7.40810
7.40796
7.40782
7.40769
7.40754
7.40740
7.40726
7.40712
7.40697
7.40682
7.40667
7.40652
7.40637
7.40622
7.40607
7.40591
7.40576
7.40560
7.40544
7.40528
7.40512
7.40496
7.40480
7.40463
7.40447
7.40430
7.40413
7.40396
7.40379
7.40362
7.40344
7.40327
7.40309
7.40291
7.40274
7.40256
7.40237
7.40219
7.40201
7.40182
7.40164
7.40145
7.40126
7.40107
7.40088
7.40069
7.40049
7.40030
7.40010
7.39990
7.39970
7.39950
7.39930
7.39910
7.39890
7.39869
7.39848
7.39828
7.39807
7.39786
7.39764
7.39743
7.39722
7.39700
7.39679
7.39657
7.39635
7.39613
7.39591
7.39568
7.39546
7.39523
7.39501
7.39478
7.39455
7.39432
7.39408
7.39385
7.39362
7.39338
7.39314
7.39291
7.39267
7.39243
7.39218
7.39194
7.39169
7.39145
7.39120
7.39095
7.39070
7.39045
7.39020
7.38995
7.38969
7.38944
7.38918
7.38892
7.38866
7.38840
7.38814
7.38787
7.38761
7.38734
7.38707
7.38680
7.38653
7.38626
7.38599
7.38572
7.38544
7.38516
7.38489
7.38461
7.38433
7.38405
7.38376
7.38348
7.38319
7.38291
7.38262
7.38233
7.38204
7.38175
7.38146
7.38116
7.38087
7.38057
7.38027
7.37997
7.37967
7.37937
7.37907
7.37876
7.37846
7.37815
7.37784
7.37753
7.37722
7.37691
7.37660
7.37628
7.37597
7.37565
7.37533
7.37501
7.37469
7.37437
7.37404
7.37372
7.37339
7.37307
7.37274
7.37241
7.37208
7.37174
7.37141
7.37108
7.37074
7.37040
7.37006
7.36972
7.36938
7.36904
7.36870
7.36835
7.36800
7.36766
7.36731
7.36696
7.36661
7.36625
7.36590
7.36554
7.36519
7.36483
7.36447
7.36411
7.36375
7.36339
7.36302
7.36266
7.36229
7.36192
7.36155
7.36118
7.36081
7.36044
7.36006
7.35969
7.35931
7.35893
7.35855
7.35817
7.35779
7.35741
7.35702
7.35664
7.35625
7.35586
7.35547
7.35508
7.35469
7.35430
7.35390
7.35351
7.35311
7.35271
7.35231
7.35191
7.35151
7.35111
7.35070
7.35030
7.34989
7.34948
7.34907
7.34866
7.34825
7.34783
7.34742
7.34700
7.34658
7.34617
7.34575
7.34532
7.34490
7.34448
7.34405
7.34363
7.34320
7.34277
7.34234
7.34191
7.34148
7.34104
7.34061
7.34017
7.33973
7.33929
7.33885
7.33841
7.33797
7.33752
7.33708
7.33663
7.33618
7.33573
7.33528
7.33483
7.33438
7.33393
7.33347
7.33301
7.33255
7.33210
7.33163
7.33117
7.33071
7.33024
7.32978
7.32931
7.32884
7.32837
7.32790
7.32743
7.32696
7.32648
7.32601
7.32553
7.32505
7.32457
7.32409
7.32361
7.32312
7.32264
7.32215
7.32167
7.32118
7.32069
7.32020
7.31970
7.31921
7.31872
7.31822
7.31772
7.31722
7.31672
7.31622
7.31572
7.31521
7.31471
7.31420
7.31370
7.31319
7.31268
7.31216
7.31165
7.31114
7.31062
7.31011
7.30959
7.30907
7.30855
7.30803
7.30750
7.30698
7.30645
7.30593
7.30540
7.30487
7.30434
7.30381
7.30327
7.30274
7.30220
7.30167
7.30113
7.30059
7.30005
7.29950
7.29896
7.29842
7.29787
7.29732
7.29677
7.29623
7.29567
7.29512
7.29457
7.29401
7.29346
7.29290
7.29234
7.29178
7.29122
7.29066
7.29009
7.28953
7.28896
7.28839
7.28783
7.28726
7.28668
7.28611
7.28554
7.28496
7.28439
7.28381
7.28323
7.28265
7.28207
7.28148
7.28090
7.28031
7.27973
7.27914
7.27855
7.27796
7.27737
7.27678
7.27618
7.27559
7.27499
7.27439
7.27379
7.27319
7.27259
7.27198
7.27138
7.27077
7.27017
7.26956
7.26895
7.26834
7.26773
7.26711
7.26650
7.26588
7.26526
7.26465
7.26403
7.26340
7.26278
7.26216
7.26153
7.26091
7.26028
7.25965
7.25902
7.25839
7.25776
7.25712
7.25649
7.25585
7.25521
7.25457
7.25393
7.25329
7.25265
7.25201
7.25136
7.25071
7.25007
7.24942
7.24877
7.24811
7.24746
7.24681
7.24615
7.24549
7.24484
7.24418
7.24352
7.24285
7.24219
7.24153
7.24086
7.24019
7.23953
7.23886
7.23819
7.23751
7.23684
7.23616
7.23549
7.23481
7.23413
7.23345
7.23277
7.23209
7.23141
7.23072
7.23003
7.22935
7.22866
7.22797
7.22728
7.22658
7.22589
7.22520
7.22450
7.22380
7.22310
7.22240
7.22170
7.22100
7.22029
7.21959
7.21888
7.21817
7.21746
7.21675
7.21604
7.21533
7.21461
7.21390
7.21318
7.21246
7.21174
7.21102
7.21030
7.20958
7.20885
7.20813
7.20740
7.20667
7.20594
7.20521
7.20448
7.20375
7.20301
7.20227
7.20154
7.20080
7.20006
7.19932
7.19857
7.19783
7.19709
7.19634
7.19559
7.19484
7.19409
7.19334
7.19259
7.19184
7.19108
7.19032
7.18957
7.18881
7.18805
7.18728
7.18652
7.18576
7.18499
7.18423
7.18346
7.18269
7.18192
7.18114
7.18037
7.17960
7.17882
7.17804
7.17727
7.17649
7.17571
7.17492
7.17414
7.17336
7.17257
7.17178
7.17099
7.17020
7.16941
7.16862
7.16783
7.16703
7.16624
7.16544
7.16464
7.16384
7.16304
7.16223
7.16143
7.16063
7.15982
7.15901
7.15820
7.15739
7.15658
7.15577
7.15495
7.15414
7.15332
7.15250
7.15168
7.15086
7.15004
7.14922
7.14839
7.14757
7.14674
7.14591
7.14508
7.14425
7.14342
7.14259
7.14175
7.14092
7.14008
7.13924
7.13840
7.13756
7.13672
7.13587
7.13503
7.13418
7.13333
7.13249
7.13164
7.13078
7.12993
7.12908
7.12822
7.12737
7.12651
7.12565
7.12479
7.12393
7.12306
7.12220
7.12133
7.12047
7.11960
7.11873
7.11786
7.11699
7.11611
7.11524
7.11436
7.11349
7.11261
7.11173
7.11085
7.10996
7.10908
7.10820
7.10731
7.10642
7.10553
7.10464
7.10375
7.10286
7.10197
7.10107
7.10018
7.09928
7.09838
7.09748
7.09658
7.09567
7.09477
7.09387
7.09296
7.09205
7.09114
7.09023
7.08932
7.08841
7.08749
7.08658
7.08566
7.08474
7.08382
7.08290
7.08198
7.08105
7.08013
7.07920
7.07828
7.07735
7.07642
7.07549
7.07456
7.07362
7.07269
7.07175
7.07081
7.06987
7.06893
7.06799
7.06705
7.06611
7.06516
7.06421
7.06327
7.06232
7.06137
7.06042
7.05946
7.05851
7.05755
7.05660
7.05564
7.05468
7.05372
7.05276
7.05179
7.05083
7.04986
7.04889
7.04793
7.04696
7.04598
7.04501
7.04404
7.04306
7.04209
7.04111
7.04013
7.03915
7.03817
7.03719
7.03620
7.03522
7.03423
7.03324
7.03226
7.03126
7.03027
7.02928
7.02829
7.02729
7.02629
7.02530
7.02430
7.02330
7.02229
7.02129
7.02029
7.01928
7.01827
7.01726
7.01625
7.01524
7.01423
7.01322
7.01220
7.01119
7.01017
7.00915
7.00813
7.00711
7.00609
7.00506
7.00404
7.00301
7.00198
7.00095
6.99992
6.99889
6.99786
6.99682
6.99579
6.99475
6.99371
6.99267
6.99163
6.99059
6.98955
6.98850
6.98746
6.98641
6.98536
6.98431
6.98326
6.98221
6.98115
6.98010
6.97904
6.97799
6.97693
6.97587
6.97481
6.97374
6.97268
6.97161
6.97055
6.96948
6.96841
6.96734
6.96627
6.96519
6.96412
6.96304
6.96197
6.96089
6.95981
6.95873
6.95765
6.95656
6.95548
6.95439
6.95330
6.95222
6.95113
6.95003
6.94894
6.94785
6.94675
6.94566
6.94456
6.94346
6.94236
6.94126
6.94016
6.93905
6.93795
6.93684
6.93573
6.93462
6.93351
6.93240
6.93129
6.93017
6.92905
6.92794
6.92682
6.92570
6.92458
6.92346
6.92233
6.92121
6.92008
6.91895
6.91782
6.91669
6.91556
6.91443
6.91330
6.91216
6.91102
6.90989
6.90875
6.90761
6.90646
6.90532
6.90418
6.90303
6.90188
6.90074
6.89959
6.89844
6.89728
6.89613
6.89498
6.89382
6.89266
6.89150
6.89034
6.88918
6.88802
6.88686
6.88569
6.88452
6.88336
6.88219
6.88102
6.87984
6.87867
6.87750
6.87632
6.87514
6.87397
6.87279
6.87161
6.87042
6.86924
6.86806
6.86687
6.86568
6.86449
6.86330
6.86211
6.86092
6.85973
6.85853
6.85733
6.85614
6.85494
6.85374
6.85254
6.85133
6.85013
6.84892
6.84772
6.84651
6.84530
6.84409
6.84288
6.84166
6.84045
6.83923
6.83801
6.83680
6.83558
6.83435
6.83313
6.83191
6.83068
6.82946
6.82823
6.82700
6.82577
6.82454
6.82330
6.82207
6.82083
6.81960
6.81836
6.81712
6.81588
6.81464
6.81339
6.81215
6.81090
6.80966
6.80841
6.80716
6.80591
6.80465
6.80340
6.80214
6.80089
6.79963
6.79837
6.79711
6.79585
6.79459
6.79332
6.79206
6.79079
6.78952
6.78825
6.78698
6.78571
6.78444
6.78316
6.78188
6.78061
6.77933
6.77805
6.77677
6.77548
6.77420
6.77292
6.77163
6.77034
6.76905
6.76776
6.76647
6.76518
6.76388
6.76259
6.76129
6.75999
6.75869
6.75739
6.75609
6.75479
6.75348
6.75217
6.75087
6.74956
6.74825
6.74694
6.74562
6.74431
6.74299
6.74168
6.74036
6.73904
6.73772
6.73640
6.73507
6.73375
6.73242
6.73110
6.72977
6.72844
6.72711
6.72578
6.72444
6.72311
6.72177
6.72043
6.71909
6.71775
6.71641
6.71507
6.71373
6.71238
6.71103
6.70969
6.70834
6.70698
6.70563
6.70428
6.70292
6.70157
6.70021
6.69885
6.69749
6.69613
6.69477
6.69341
6.69204
6.69067
6.68931
6.68794
6.68657
6.68519
6.68382
6.68245
6.68107
6.67969
6.67832
6.67694
6.67555
6.67417
6.67279
6.67140
6.67002
6.66863
6.66724
6.66585
6.66446
6.66307
6.66167
6.66028
6.65888
6.65748
6.65608
6.65468
6.65328
6.65188
6.65047
6.64907
6.64766
6.64625
6.64484
6.64343
6.64202
6.64060
6.63919
6.63777
6.63635
6.63493
6.63351
6.63209
6.63067
6.62924
6.62782
6.62639
6.62496
6.62353
6.62210
6.62067
6.61924
6.61780
6.61636
6.61493
6.61349
6.61205
6.61061
6.60916
6.60772
6.60627
6.60483
6.60338
6.60193
6.60048
6.59903
6.59757
6.59612
6.59466
6.59320
6.59175
6.59029
6.58882
6.58736
6.58590
6.58443
6.58297
6.58150
6.58003
6.57856
6.57709
6.57561
6.57414
6.57266
6.57118
6.56971
6.56823
6.56674
6.56526
6.56378
6.56229
6.56081
6.55932
6.55783
6.55634
6.55485
6.55335
6.55186
6.55036
6.54887
6.54737
6.54587
6.54437
6.54286
6.54136
6.53986
6.53835
6.53684
6.53533
6.53382
6.53231
6.53080
6.52928
6.52777
6.52625
6.52473
6.52321
6.52169
6.52017
6.51864
6.51712
6.51559
6.51407
6.51254
6.51101
6.50947
6.50794
6.50641
6.50487
6.50334
6.50180
6.50026
6.49872
6.49717
6.49563
6.49409
6.49254
6.49099
6.48944
6.48789
6.48634
6.48479
6.48323
6.48168
6.48012
6.47856
6.47700
6.47544
6.47388
6.47232
6.47075
6.46919
6.46762
6.46605
6.46448
6.46291
6.46134
6.45976
6.45819
6.45661
6.45503
6.45345
6.45187
6.45029
6.44871
6.44712
6.44553
6.44395
6.44236
6.44077
6.43918
6.43758
6.43599
6.43439
6.43280
6.43120
6.42960
6.42800
6.42640
6.42479
6.42319
6.42158
6.41997
6.41837
6.41676
6.41514
6.41353
6.41192
6.41030
6.40868
6.40707
6.40545
6.40383
6.40220
6.40058
6.39896
6.39733
6.39570
6.39407
6.39244
6.39081
6.38918
6.38754
6.38591
6.38427
6.38263
6.38099
6.37935
6.37771
6.37607
6.37442
6.37278
6.37113
6.36948
6.36783
6.36618
6.36453
6.36287
6.36122
6.35956
6.35790
6.35624
6.35458
6.35292
6.35125
6.34959
6.34792
6.34625
6.34459
6.34292
6.34124
6.33957
6.33790
6.33622
6.33454
6.33287
6.33119
6.32950
6.32782
6.32614
6.32445
6.32277
6.32108
6.31939
6.31770
6.31601
6.31431
6.31262
6.31092
6.30923
6.30753
6.30583
6.30413
6.30243
6.30072
6.29902
6.29731
6.29560
6.29389
6.29218
6.29047
6.28876
6.28704
6.28533
6.28361
6.28189
6.28017
6.27845
6.27673
6.27500
6.27328
6.27155
6.26982
6.26809
6.26636
6.26463
6.26290
6.26116
6.25943
6.25769
6.25595
6.25421
6.25247
6.25072
6.24898
6.24723
6.24549
6.24374
6.24199
6.24024
6.23849
6.23673
6.23498
6.23322
6.23146
6.22970
6.22794
6.22618
6.22442
6.22265
6.22089
6.21912
6.21735
6.21558
6.21381
6.21204
6.21027
6.20849
6.20671
6.20494
6.20316
6.20138
6.19959
6.19781
6.19603
6.19424
6.19245
6.19066
6.18887
6.18708
6.18529
6.18350
6.18170
6.17990
6.17810
6.17631
6.17450
6.17270
6.17090
6.16909
6.16729
6.16548
6.16367
6.16186
6.16005
6.15823
6.15642
6.15460
6.15279
6.15097
6.14915
6.14733
6.14551
6.14368
6.14186
6.14003
6.13820
6.13637
6.13454
6.13271
6.13088
6.12904
6.12720
6.12537
6.12353
6.12169
6.11985
6.11800
6.11616
6.11431
6.11247
6.11062
6.10877
6.10692
6.10507
6.10321
6.10136
6.09950
6.09764
6.09578
6.09392
6.09206
6.09020
6.08833
6.08647
6.08460
6.08273
6.08086
6.07899
6.07712
6.07524
6.07337
6.07149
6.06961
6.06773
6.06585
6.06397
6.06208
6.06020
6.05831
6.05642
6.05454
6.05264
6.05075
6.04886
6.04697
6.04507
6.04317
6.04127
6.03937
6.03747
6.03557
6.03366
6.03176
6.02985
6.02794
6.02603
6.02412
6.02221
6.02030
6.01838
6.01647
6.01455
6.01263
6.01071
6.00879
6.00686
6.00494
6.00301
6.00109
5.99916
5.99723
5.99530
5.99336
5.99143
5.98949
5.98756
5.98562
5.98368
5.98174
5.97979
5.97785
5.97591
5.97396
5.97201
5.97006
5.96811
5.96616
5.96421
5.96225
5.96030
5.95834
5.95638
5.95442
5.95246
5.95049
5.94853
5.94656
5.94460
5.94263
5.94066
5.93869
5.93672
5.93474
5.93277
5.93079
5.92881
5.92683
5.92485
5.92287
5.92089
5.91890
5.91691
5.91493
5.91294
5.91095
5.90896
5.90696
5.90497
5.90297
5.90098
5.89898
5.89698
5.89498
5.89297
5.89097
5.88896
5.88696
5.88495
5.88294
5.88093
5.87892
5.87690
5.87489
5.87287
5.87085
5.86883
5.86681
5.86479
5.86277
5.86074
5.85872
5.85669
5.85466
5.85263
5.85060
5.84857
5.84653
5.84449
5.84246
5.84042
5.83838
5.83634
5.83430
5.83225
5.83021
5.82816
5.82611
5.82406
5.82201
5.81996
5.81790
5.81585
5.81379
5.81174
5.80968
5.80762
5.80555
5.80349
5.80143
5.79936
5.79729
5.79522
5.79315
5.79108
5.78901
5.78693
5.78486
5.78278
5.78070
5.77862
5.77654
5.77446
5.77237
5.77029
5.76820
5.76611
5.76402
5.76193
5.75984
5.75775
5.75565
5.75356
5.75146
5.74936
5.74726
5.74516
5.74305
5.74095
5.73884
5.73673
5.73462
5.73251
5.73040
5.72829
5.72617
5.72406
5.72194
5.71982
5.71770
5.71558
5.71346
5.71133
5.70921
5.70708
5.70495
5.70282
5.70069
5.69856
5.69642
5.69429
5.69215
5.69001
5.68787
5.68573
5.68359
5.68145
5.67930
5.67716
5.67501
5.67286
5.67071
5.66856
5.66640
5.66425
5.66209
5.65993
5.65777
5.65561
5.65345
5.65129
5.64912
5.64696
5.64479
5.64262
5.64045
5.63828
5.63611
5.63393
5.63176
5.62958
5.62740
5.62522
5.62304
5.62086
5.61867
5.61649
5.61430
5.61211
5.60992
5.60773
5.60554
5.60334
5.60115
5.59895
5.59675
5.59455
5.59235
5.59015
5.58795
5.58574
5.58354
5.58133
5.57912
5.57691
5.57470
5.57248
5.57027
5.56805
5.56583
5.56361
5.56139
5.55917
5.55695
5.55472
5.55250
5.55027
5.54804
5.54581
5.54358
5.54135
5.53911
5.53688
5.53464
5.53240
5.53016
5.52792
5.52568
5.52343
5.52119
5.51894
5.51669
5.51444
5.51219
5.50994
5.50768
5.50543
5.50317
5.50091
5.49865
5.49639
5.49413
5.49186
5.48960
5.48733
5.48506
5.48279
5.48052
5.47825
5.47598
5.47370
5.47142
5.46915
5.46687
5.46459
5.46230
5.46002
5.45773
5.45545
5.45316
5.45087
5.44858
5.44629
5.44399
5.44170
5.43940
5.43711
5.43481
5.43251
5.43020
5.42790
5.42559
5.42329
5.42098
5.41867
5.41636
5.41405
5.41174
5.40942
5.40711
5.40479
5.40247
5.40015
5.39783
5.39550
5.39318
5.39085
5.38853
5.38620
5.38387
5.38153
5.37920
5.37687
5.37453
5.37219
5.36985
5.36751
5.36517
5.36283
5.36049
5.35814
5.35579
5.35344
5.35109
5.34874
5.34639
5.34404
5.34168
5.33932
5.33696
5.33460
5.33224
5.32988
5.32751
5.32515
5.32278
5.32041
5.31804
5.31567
5.31330
5.31093
5.30855
5.30617
5.30379
5.30141
5.29903
5.29665
5.29427
5.29188
5.28949
5.28711
5.28472
5.28232
5.27993
5.27754
5.27514
5.27274
5.27035
5.26795
5.26555
5.26314
5.26074
5.25833
5.25593
5.25352
5.25111
5.24870
5.24628
5.24387
5.24145
5.23904
5.23662
5.23420
5.23178
5.22936
5.22693
5.22451
5.22208
5.21965
5.21722
5.21479
5.21236
5.20992
5.20749
5.20505
5.20261
5.20017
5.19773
5.19529
5.19285
5.19040
5.18795
5.18550
5.18305
5.18060
5.17815
5.17570
5.17324
5.17078
5.16833
5.16587
5.16341
5.16094
5.15848
5.15601
5.15355
5.15108
5.14861
5.14614
5.14366
5.14119
5.13871
5.13624
5.13376
5.13128
5.12880
5.12632
5.12383
5.12135
5.11886
5.11637
5.11388
5.11139
5.10890
5.10640
5.10391
5.10141
5.09891
5.09641
5.09391
5.09141
5.08890
5.08640
5.08389
5.08138
5.07887
5.07636
5.07385
5.07133
5.06882
5.06630
5.06378
5.06126
5.05874
5.05622
5.05369
5.05117
5.04864
5.04611
5.04358
5.04105
5.03852
5.03598
5.03345
5.03091
5.02837
5.02583
5.02329
5.02074
5.01820
5.01565
5.01311
5.01056
5.00801
5.00545
5.00290
5.00035
4.99779
4.99523
4.99267
4.99011
4.98755
4.98499
4.98242
4.97986
4.97729
4.97472
4.97215
4.96958
4.96700
4.96443
4.96185
4.95927
4.95670
4.95411
4.95153
4.94895
4.94636
4.94378
4.94119
4.93860
4.93601
4.93342
4.93082
4.92823
4.92563
4.92303
4.92043
4.91783
4.91523
4.91263
4.91002
4.90741
4.90481
4.90220
4.89958
4.89697
4.89436
4.89174
4.88912
4.88651
4.88389
4.88127
4.87864
4.87602
4.87339
4.87077
4.86814
4.86551
4.86287
4.86024
4.85761
4.85497
4.85233
4.84969
4.84705
4.84441
4.84177
4.83912
4.83648
4.83383
4.83118
4.82853
4.82588
4.82323
4.82057
4.81791
4.81526
4.81260
4.80994
4.80727
4.80461
4.80195
4.79928
4.79661
4.79394
4.79127
4.78860
4.78592
4.78325
4.78057
4.77789
4.77521
4.77253
4.76985
4.76717
4.76448
4.76179
4.75911
4.75642
4.75372
4.75103
4.74834
4.74564
4.74294
4.74024
4.73754
4.73484
4.73214
4.72943
4.72673
4.72402
4.72131
4.71860
4.71589
4.71318
4.71046
4.70774
4.70503
4.70231
4.69959
4.69686
4.69414
4.69142
4.68869
4.68596
4.68323
4.68050
4.67777
4.67503
4.67230
4.66956
4.66682
4.66408
4.66134
4.65860
4.65585
4.65311
4.65036
4.64761
4.64486
4.64211
4.63936
4.63660
4.63385
4.63109
4.62833
4.62557
4.62281
4.62004
4.61728
4.61451
4.61174
4.60897
4.60620
4.60343
4.60066
4.59788
4.59511
4.59233
4.58955
4.58677
4.58398
4.58120
4.57841
4.57563
4.57284
4.57005
4.56726
4.56446
4.56167
4.55887
4.55607
4.55328
4.55048
4.54767
4.54487
4.54206
4.53926
4.53645
4.53364
4.53083
4.52802
4.52520
4.52239
4.51957
4.51675
4.51393
4.51111
4.50829
4.50547
4.50264
4.49981
4.49698
4.49415
4.49132
4.48849
4.48565
4.48282
4.47998
4.47714
4.47430
4.47146
4.46862
4.46577
4.46292
4.46008
4.45723
4.45438
4.45152
4.44867
4.44581
4.44296
4.44010
4.43724
4.43438
4.43151
4.42865
4.42578
4.42292
4.42005
4.41718
4.41431
4.41143
4.40856
4.40568
4.40280
4.39992
4.39704
4.39416
4.39128
4.38839
4.38551
4.38262
4.37973
4.37684
4.37394
4.37105
4.36815
4.36526
4.36236
4.35946
4.35655
4.35365
4.35075
4.34784
4.34493
4.34202
4.33911
4.33620
4.33329
4.33037
4.32745
4.32454
4.32162
4.31870
4.31577
4.31285
4.30992
4.30700
4.30407
4.30114
4.29820
4.29527
4.29234
4.28940
4.28646
4.28352
4.28058
4.27764
4.27470
4.27175
4.26880
4.26586
4.26291
4.25996
4.25700
4.25405
4.25109
4.24814
4.24518
4.24222
4.23925
4.23629
4.23333
4.23036
4.22739
4.22442
4.22145
4.21848
4.21551
4.21253
4.20955
4.20657
4.20359
4.20061
4.19763
4.19465
4.19166
4.18867
4.18568
4.18269
4.17970
4.17671
4.17371
4.17072
4.16772
4.16472
4.16172
4.15871
4.15571
4.15270
4.14970
4.14669
4.14368
4.14067
4.13765
4.13464
4.13162
4.12860
4.12558
4.12256
4.11954
4.11652
4.11349
4.11047
4.10744
4.10441
4.10138
4.09834
4.09531
4.09227
4.08923
4.08620
4.08316
4.08011
4.07707
4.07402
4.07098
4.06793
4.06488
4.06183
4.05878
4.05572
4.05267
4.04961
4.04655
4.04349
4.04043
4.03736
4.03430
4.03123
4.02817
4.02510
4.02202
4.01895
4.01588
4.01280
4.00973
4.00665
4.00357
4.00049
3.99740
3.99432
3.99123
3.98814
3.98505
3.98196
3.97887
3.97578
3.97268
3.96958
3.96649
3.96339
3.96028
3.95718
3.95408
3.95097
3.94786
3.94475
3.94164
3.93853
3.93542
3.93230
3.92918
3.92607
3.92295
3.91982
3.91670
3.91358
3.91045
3.90732
3.90419
3.90106
3.89793
3.89480
3.89166
3.88853
3.88539
3.88225
3.87911
3.87596
3.87282
3.86967
3.86652
3.86338
3.86022
3.85707
3.85392
3.85076
3.84761
3.84445
3.84129
3.83813
3.83496
3.83180
3.82863
3.82547
3.82230
3.81913
3.81595
3.81278
3.80961
3.80643
3.80325
3.80007
3.79689
3.79371
3.79052
3.78733
3.78415
3.78096
3.77777
3.77457
3.77138
3.76819
3.76499
3.76179
3.75859
3.75539
3.75219
3.74898
3.74577
3.74257
3.73936
3.73615
3.73293
3.72972
3.72650
3.72329
3.72007
3.71685
3.71363
3.71040
3.70718
3.70395
3.70072
3.69750
3.69426
3.69103
3.68780
3.68456
3.68132
3.67809
3.67485
3.67160
3.66836
3.66512
3.66187
3.65862
3.65537
3.65212
3.64887
3.64561
3.64236
3.63910
3.63584
3.63258
3.62932
3.62605
3.62279
3.61952
3.61625
3.61298
3.60971
3.60644
3.60316
3.59989
3.59661
3.59333
3.59005
3.58677
3.58348
3.58020
3.57691
3.57362
3.57033
3.56704
3.56375
3.56045
3.55716
3.55386
3.55056
3.54726
3.54395
3.54065
3.53734
3.53404
3.53073
3.52742
3.52411
3.52079
3.51748
3.51416
3.51084
3.50752
3.50420
3.50088
3.49755
3.49423
3.49090
3.48757
3.48424
3.48091
3.47757
3.47424
3.47090
3.46756
3.46422
3.46088
3.45753
3.45419
3.45084
3.44749
3.44414
3.44079
3.43744
3.43409
3.43073
3.42737
3.42401
3.42065
3.41729
3.41393
3.41056
3.40719
3.40382
3.40045
3.39708
3.39371
3.39033
3.38696
3.38358
3.38020
3.37682
3.37343
3.37005
3.36666
3.36328
3.35989
3.35650
3.35310
3.34971
3.34631
3.34292
3.33952
3.33612
3.33272
3.32931
3.32591
3.32250
3.31909
3.31568
3.31227
3.30886
3.30544
3.30203
3.29861
3.29519
3.29177
3.28835
3.28492
3.28150
3.27807
3.27464
3.27121
3.26778
3.26435
3.26091
3.25747
3.25404
3.25060
3.24715
3.24371
3.24027
3.23682
3.23337
3.22992
3.22647
3.22302
3.21956
3.21611
3.21265
3.20919
3.20573
3.20227
3.19881
3.19534
3.19187
3.18840
3.18493
3.18146
3.17799
3.17451
3.17104
3.16756
3.16408
3.16060
3.15711
3.15363
3.15014
3.14666
3.14317
3.13968
3.13618
3.13269
3.12919
3.12570
3.12220
3.11870
3.11519
3.11169
3.10819
3.10468
3.10117
3.09766
3.09415
3.09063
3.08712
3.08360
3.08008
3.07656
3.07304
3.06952
3.06600
3.06247
3.05894
3.05541
3.05188
3.04835
3.04481
3.04128
3.03774
3.03420
3.03066
3.02712
3.02357
3.02003
3.01648
3.01293
3.00938
3.00583
3.00228
2.99872
2.99517
2.99161
2.98805
2.98449
2.98092
2.97736
2.97379
2.97022
2.96665
2.96308
2.95951
2.95593
2.95236
2.94878
2.94520
2.94162
2.93804
2.93445
2.93087
2.92728
2.92369
2.92010
2.91651
2.91291
2.90932
2.90572
2.90212
2.89852
2.89492
2.89132
2.88771
2.88410
2.88049
2.87688
2.87327
2.86966
2.86604
2.86243
2.85881
2.85519
2.85157
2.84795
2.84432
2.84069
2.83707
2.83344
2.82980
2.82617
2.82254
2.81890
2.81526
2.81162
2.80798
2.80434
2.80070
2.79705
2.79340
2.78975
2.78610
2.78245
2.77880
2.77514
2.77148
2.76782
2.76416
2.76050
2.75684
2.75317
2.74951
2.74584
2.74217
2.73849
2.73482
2.73115
2.72747
2.72379
2.72011
2.71643
2.71274
2.70906
2.70537
2.70168
2.69799
2.69430
2.69061
2.68691
2.68322
2.67952
2.67582
2.67212
2.66842
2.66471
2.66100
2.65730
2.65359
2.64988
2.64616
2.64245
2.63873
2.63501
2.63129
2.62757
2.62385
2.62013
2.61640
2.61267
2.60894
2.60521
2.60148
2.59774
2.59401
2.59027
2.58653
2.58279
2.57905
2.57530
2.57156
2.56781
2.56406
2.56031
2.55656
2.55280
2.54905
2.54529
2.54153
2.53777
2.53401
2.53025
2.52648
2.52271
2.51894
2.51517
2.51140
2.50763
2.50385
2.50007
2.49629
2.49251
2.48873
2.48495
2.48116
2.47738
2.47359
2.46980
2.46600
2.46221
2.45842
2.45462
2.45082
2.44702
2.44322
2.43941
2.43561
2.43180
2.42799
2.42418
2.42037
2.41656
2.41274
2.40892
2.40510
2.40128
2.39746
2.39364
2.38981
2.38599
2.38216
2.37833
2.37450
2.37066
2.36683
2.36299
2.35915
2.35531
2.35147
2.34763
2.34378
2.33993
2.33608
2.33223
2.32838
2.32453
2.32067
2.31682
2.31296
2.30910
2.30524
2.30137
2.29751
2.29364
2.28977
2.28590
2.28203
2.27815
2.27428
2.27040
2.26652
2.26264
2.25876
2.25488
2.25099
2.24710
2.24322
2.23933
2.23543
2.23154
2.22764
2.22375
2.21985
2.21595
2.21204
2.20814
2.20424
2.20033
2.19642
2.19251
2.18860
2.18468
2.18077
2.17685
2.17293
2.16901
2.16509
2.16116
2.15724
2.15331
2.14938
2.14545
2.14152
2.13758
2.13365
2.12971
2.12577
2.12183
2.11789
2.11394
2.11000
2.10605
2.10210
2.09815
2.09420
2.09024
2.08629
2.08233
2.07837
2.07441
2.07044
2.06648
2.06251
2.05855
2.05458
2.05060
2.04663
2.04266
2.03868
2.03470
2.03072
2.02674
2.02276
2.01877
2.01479
2.01080
2.00681
2.00282
1.99882
1.99483
1.99083
1.98683
1.98283
1.97883
1.97483
1.97082
1.96681
1.96281
1.95880
1.95478
1.95077
1.94675
1.94274
1.93872
1.93470
1.93068
1.92665
1.92263
1.91860
1.91457
1.91054
1.90651
1.90247
1.89844
1.89440
1.89036
1.88632
1.88227
1.87823
1.87418
1.87014
1.86609
1.86204
1.85798
1.85393
1.84987
1.84581
1.84175
1.83769
1.83363
1.82956
1.82550
1.82143
1.81736
1.81329
1.80921
1.80514
1.80106
1.79698
1.79290
1.78882
1.78474
1.78065
1.77656
1.77247
1.76838
1.76429
1.76020
1.75610
1.75200
1.74790
1.74380
1.73970
1.73560
1.73149
1.72738
1.72327
1.71916
1.71505
1.71093
1.70682
1.70270
1.69858
1.69446
1.69033
1.68621
1.68208
1.67795
1.67382
1.66969
1.66556
1.66142
1.65728
1.65314
1.64900
1.64486
1.64072
1.63657
1.63242
1.62827
1.62412
1.61997
1.61582
1.61166
1.60750
1.60334
1.59918
1.59502
1.59085
1.58668
1.58252
1.57835
1.57417
1.57000
1.56583
1.56165
1.55747
1.55329
1.54911
1.54492
1.54074
1.53655
1.53236
1.52817
1.52398
1.51978
1.51559
1.51139
1.50719
1.50299
1.49878
1.49458
1.49037
1.48616
1.48195
1.47774
1.47353
1.46931
1.46510
1.46088
1.45666
1.45243
1.44821
1.44398
1.43976
1.43553
1.43130
1.42706
1.42283
1.41859
1.41435
1.41011
1.40587
1.40163
1.39738
1.39314
1.38889
1.38464
1.38039
1.37613
1.37188
1.36762
1.36336
1.35910
1.35484
1.35057
1.34631
1.34204
1.33777
1.33350
1.32923
1.32495
1.32067
1.31640
1.31212
1.30783
1.30355
1.29926
1.29498
1.29069
1.28640
1.28210
1.27781
1.27351
1.26922
1.26492
1.26062
1.25631
1.25201
1.24770
1.24339
1.23908
1.23477
1.23046
1.22614
1.22183
1.21751
1.21319
1.20886
1.20454
1.20021
1.19589
1.19156
1.18722
1.18289
1.17856
1.17422
1.16988
1.16554
1.16120
1.15686
1.15251
1.14816
1.14381
1.13946
1.13511
1.13076
1.12640
1.12204
1.11768
1.11332
1.10896
1.10459
1.10023
1.09586
1.09149
1.08712
1.08274
1.07837
1.07399
1.06961
1.06523
1.06085
1.05646
1.05207
1.04769
1.04330
1.03890
1.03451
1.03012
1.02572
1.02132
1.01692
1.01252
1.00811
1.00371
0.99930
0.99489
0.99048
0.98607
0.98165
0.97723
0.97281
0.96839
0.96397
0.95955
0.95512
0.95070
0.94627
0.94184
0.93740
0.93297
0.92853
0.92409
0.91965
0.91521
0.91077
0.90632
0.90188
0.89743
0.89298
0.88852
0.88407
0.87961
0.87516
0.87070
0.86623
0.86177
0.85731
0.85284
0.84837
0.84390
0.83943
0.83495
0.83048
0.82600
0.82152
0.81704
0.81256
0.80807
0.80358
0.79910
0.79461
0.79011
0.78562
0.78112
0.77663
0.77213
0.76763
0.76312
0.75862
0.75411
0.74960
0.74509
0.74058
0.73607
0.73155
0.72703
0.72251
0.71799
0.71347
0.70895
0.70442
0.69989
0.69536
0.69083
0.68630
0.68176
0.67722
0.67268
0.66814
0.66360
0.65906
0.65451
0.64996
0.64541
0.64086
0.63630
0.63175
0.62719
0.62263
0.61807
0.61351
0.60894
0.60438
0.59981
0.59524
0.59067
0.58609
0.58152
0.57694
0.57236
0.56778
0.56320
0.55861
0.55403
0.54944
0.54485
0.54026
0.53566
0.53107
0.52647
0.52187
0.51727
0.51267
0.50806
0.50345
0.49885
0.49424
0.48962
0.48501
0.48039
0.47578
0.47116
0.46654
0.46191
0.45729
0.45266
0.44803
0.44340
0.43877
0.43413
0.42950
0.42486
0.42022
0.41558
0.41094
0.40629
0.40164
0.39700
0.39235
0.38769
0.38304
0.37838
0.37372
0.36906
0.36440
0.35974
0.35507
0.35041
0.34574
0.34107
0.33639
0.33172
0.32704
0.32236
0.31768
0.31300
0.30832
0.30363
0.29894
0.29426
0.28956
0.28487
0.28018
0.27548
0.27078
0.26608
0.26138
0.25667
0.25197
0.24726
0.24255
0.23784
0.23312
0.22841
0.22369
0.21897
0.21425
0.20953
0.20480
0.20008
0.19535
0.19062
0.18589
0.18115
0.17642
0.17168
0.16694
0.16220
0.15746
0.15271
0.14796
0.14321
0.13846
0.13371
0.12896
0.12420
0.11944
0.11468
0.10992
0.10516
0.10039
0.09562
0.09085
0.08608
0.08131
0.07653
0.07176
0.06698
0.06220
0.05742
0.05263
0.04784
0.04306
0.03827
0.03348
0.02868
0.02389
0.01909
0.01429
0.00949
0.00468
-0.00012
-0.00493
-0.00974
-0.01455
-0.01936
-0.02417
-0.02899
-0.03381
-0.03863
-0.04345
-0.04827
-0.05310
-0.05793
-0.06276
-0.06759
-0.07242
-0.07725
-0.08209
-0.08693
-0.09177
-0.09661
-0.10146
-0.10630
-0.11115
-0.11600
-0.12085
-0.12571
-0.13056
-0.13542
-0.14028
-0.14514
-0.15001
-0.15487
-0.15974
-0.16461
-0.16948
-0.17435
-0.17923
-0.18410
-0.18898
-0.19386
-0.19874
-0.20363
-0.20851
-0.21340
-0.21829
-0.22318
-0.22808
-0.23297
-0.23787
-0.24277
-0.24767
-0.25257
-0.25748
-0.26239
-0.26729
-0.27220
-0.27712
-0.28203
-0.28695
-0.29187
-0.29679
-0.30171
-0.30663
-0.31156
-0.31649
-0.32142
-0.32635
-0.33128
-0.33622
-0.34115
-0.34609
-0.35104
-0.35598
-0.36092
-0.36587
-0.37082
-0.37577
-0.38072
-0.38568
-0.39063
-0.39559
-0.40055
-0.40551
-0.41048
-0.41544
-0.42041
-0.42538
-0.43035
-0.43533
-0.44030
-0.44528
-0.45026
-0.45524
-0.46022
-0.46521
-0.47020
-0.47519
-0.48018
-0.48517
-0.49016
-0.49516
-0.50016
-0.50516
-0.51016
-0.51517
-0.52017
-0.52518
-0.53019
-0.53520
-0.54022
-0.54523
-0.55025
-0.55527
-0.56029
-0.56532
-0.57034
-0.57537
-0.58040
-0.58543
-0.59046
-0.59550
-0.60054
-0.60558
-0.61062
-0.61566
-0.62070
-0.62575
-0.63080
-0.63585
-0.64090
-0.64596
-0.65101
-0.65607
-0.66113
-0.66620
-0.67126
-0.67633
-0.68139
-0.68646
-0.69154
-0.69661
-0.70169
-0.70676
-0.71184
-0.71692
-0.72201
-0.72709
-0.73218
-0.73727
-0.74236
-0.74746
-0.75255
-0.75765
-0.76275
-0.76785
-0.77295
-0.77806
-0.78316
-0.78827
-0.79338
-0.79850
-0.80361
-0.80872
-0.81384
-0.81896
-0.82407
-0.82919
-0.83431
-0.83943
-0.84455
-0.84967
-0.85479
-0.85991
-0.86503
-0.87015
-0.87527
-0.88040
-0.88552
-0.89064
-0.89577
-0.90089
-0.90602
-0.91115
-0.91627
-0.92140
-0.92653
-0.93166
-0.93679
-0.94192
-0.94705
-0.95218
-0.95731
-0.96244
-0.96757
-0.97271
-0.97784
-0.98297
-0.98811
-0.99325
-0.99838
-1.00352
-1.00866
-1.01379
-1.01893
-1.02407
-1.02921
-1.03435
-1.03949
-1.04464
-1.04978
-1.05492
-1.06006
-1.06521
-1.07035
-1.07550
-1.08064
-1.08579
-1.09093
-1.09608
-1.10123
-1.10638
-1.11153
-1.11668
-1.12183
-1.12698
-1.13213
-1.13728
-1.14243
-1.14759
-1.15274
-1.15789
-1.16305
-1.16820
-1.17336
-1.17852
-1.18367
-1.18883
-1.19399
-1.19915
-1.20431
-1.20947
-1.21463
-1.21979
-1.22495
-1.23011
-1.23528
-1.24044
-1.24560
-1.25077
-1.25593
-1.26110
-1.26627
-1.27143
-1.27660
-1.28177
-1.28694
-1.29211
-1.29728
-1.30245
-1.30762
-1.31279
-1.31796
-1.32314
-1.32831
-1.33348
-1.33866
-1.34383
-1.34901
-1.35418
-1.35936
-1.36454
-1.36972
-1.37489
-1.38007
-1.38525
-1.39043
-1.39561
-1.40080
-1.40598
-1.41116
-1.41634
-1.42153
-1.42671
-1.43190
-1.43708
-1.44227
-1.44746
-1.45264
-1.45783
-1.46302
-1.46821
-1.47340
-1.47859
-1.48378
-1.48897
-1.49416
-1.49935
-1.50455
-1.50974
-1.51494
-1.52013
-1.52533
-1.53052
-1.53572
-1.54092
-1.54611
-1.55131
-1.55651
-1.56171
-1.56691
-1.57211
-1.57731
-1.58252
-1.58772
-1.59292
-1.59812
-1.60333
-1.60853
-1.61374
-1.61894
-1.62415
-1.62936
-1.63457
-1.63977
-1.64498
-1.65019
-1.65540
-1.66061
-1.66583
-1.67104
-1.67625
-1.68146
-1.68668
-1.69189
-1.69711
-1.70232
-1.70754
-1.71275
-1.71797
-1.72319
-1.72841
-1.73363
-1.73885
-1.74407
-1.74929
-1.75451
-1.75973
-1.76495
-1.77017
-1.77540
-1.78062
-1.78585
-1.79107
-1.79630
-1.80153
-1.80675
-1.81198
-1.81721
-1.82244
-1.82767
-1.83290
-1.83813
-1.84336
-1.84859
-1.85382
-1.85906
-1.86429
-1.86953
-1.87476
-1.88000
-1.88523
-1.89047
-1.89571
-1.90094
-1.90618
-1.91142
-1.91666
-1.92190
-1.92714
-1.93238
-1.93763
-1.94287
-1.94811
-1.95335
-1.95860
-1.96384
-1.96909
-1.97434
-1.97958
-1.98483
-1.99008
-1.99533
-2.00058
-2.00583
-2.01108
-2.01633
-2.02158
-2.02683
-2.03208
-2.03734
-2.04259
-2.04784
-2.05310
-2.05836
-2.06361
-2.06887
-2.07413
-2.07938
-2.08464
-2.08990
-2.09516
-2.10042
-2.10568
-2.11094
-2.11621
-2.12147
-2.12673
-2.13200
-2.13726
-2.14253
-2.14779
-2.15306
-2.15833
-2.16359
-2.16886
-2.17413
-2.17940
-2.18467
-2.18994
-2.19521
-2.20048
-2.20576
-2.21103
-2.21630
-2.22158
-2.22685
-2.23213
-2.23740
-2.24268
-2.24796
-2.25324
-2.25851
-2.26379
-2.26907
-2.27435
-2.27963
-2.28491
-2.29020
-2.29548
-2.30076
-2.30605
-2.31133
-2.31662
-2.32190
-2.32719
-2.33247
-2.33776
-2.34305
-2.34834
-2.35363
-2.35892
-2.36421
-2.36950
-2.37479
-2.38008
-2.38538
-2.39067
-2.39596
-2.40126
-2.40655
-2.41185
-2.41715
-2.42244
-2.42774
-2.43304
-2.43834
-2.44364
-2.44894
-2.45424
-2.45954
-2.46484
-2.47014
-2.47545
-2.48075
-2.48605
-2.49136
-2.49666
-2.50197
-2.50728
-2.51258
-2.51789
-2.52320
-2.52851
-2.53382
-2.53913
-2.54444
-2.54975
-2.55506
-2.56038
-2.56569
-2.57100
-2.57632
-2.58163
-2.58695
-2.59227
-2.59758
-2.60290
-2.60822
-2.61354
-2.61886
-2.62418
-2.62950
-2.63482
-2.64014
-2.64546
-2.65079
-2.65611
-2.66144
-2.66676
-2.67209
-2.67741
-2.68274
-2.68807
-2.69339
-2.69872
-2.70405
-2.70938
-2.71471
-2.72004
-2.72537
-2.73071
-2.73604
-2.74137
-2.74671
-2.75204
-2.75738
-2.76271
-2.76805
-2.77339
-2.77872
-2.78406
-2.78940
-2.79474
-2.80008
-2.80542
-2.81076
-2.81611
-2.82145
-2.82679
-2.83214
-2.83748
-2.84283
-2.84817
-2.85352
-2.85886
-2.86421
-2.86956
-2.87491
-2.88026
-2.88561
-2.89096
-2.89631
-2.90166
-2.90701
-2.91237
-2.91772
-2.92307
-2.92843
-2.93379
-2.93914
-2.94450
-2.94986
-2.95521
-2.96057
-2.96593
-2.97129
-2.97665
-2.98201
-2.98737
-2.99274
-2.99810
-3.00346
-3.00883
-3.01419
-3.01956
-3.02492
-3.03029
-3.03566
-3.04102
-3.04639
-3.05176
-3.05713
-3.06250
-3.06787
-3.07324
-3.07862
-3.08399
-3.08936
-3.09474
-3.10011
-3.10549
-3.11086
-3.11624
-3.12161
-3.12699
-3.13237
-3.13775
-3.14313
-3.14851
-3.15389
-3.15927
-3.16465
-3.17004
-3.17542
-3.18080
-3.18619
-3.19157
-3.19696
-3.20235
-3.20773
-3.21312
-3.21851
-3.22390
-3.22929
-3.23468
-3.24007
-3.24546
-3.25085
-3.25624
-3.26164
-3.26703
-3.27242
-3.27782
-3.28321
-3.28861
-3.29401
-3.29941
-3.30480
-3.31020
-3.31560
-3.32100
-3.32640
-3.33180
-3.33721
-3.34261
-3.34801
-3.35341
-3.35882
-3.36422
-3.36963
-3.37504
-3.38044
-3.38585
-3.39126
-3.39667
-3.40208
-3.40749
-3.41290
-3.41831
-3.42372
-3.42913
-3.43455
-3.43996
-3.44537
-3.45079
-3.45620
-3.46162
-3.46704
-3.47245
-3.47787
-3.48329
-3.48871
-3.49413
-3.49955
-3.50497
-3.51039
-3.51582
-3.52124
-3.52666
-3.53209
-3.53751
-3.54294
-3.54837
-3.55379
-3.55922
-3.56465
-3.57008
-3.57551
-3.58094
-3.58637
-3.59180
-3.59723
-3.60266
-3.60810
-3.61353
-3.61896
-3.62440
-3.62983
-3.63527
-3.64071
-3.64614
-3.65158
-3.65702
-3.66246
-3.66790
-3.67334
-3.67878
-3.68423
-3.68967
-3.69511
-3.70055
-3.70600
-3.71144
-3.71689
-3.72234
-3.72778
-3.73323
-3.73868
-3.74413
-3.74958
-3.75503
-3.76048
-3.76593
-3.77138
-3.77683
-3.78229
-3.78774
-3.79320
-3.79865
-3.80411
-3.80956
-3.81502
-3.82048
-3.82594
-3.83140
-3.83686
-3.84232
-3.84778
-3.85324
-3.85870
-3.86416
-3.86963
-3.87509
-3.88056
-3.88602
-3.89149
-3.89695
-3.90242
-3.90789
-3.91336
-3.91883
-3.92430
-3.92977
-3.93524
-3.94071
-3.94618
-3.95166
-3.95713
-3.96260
-3.96808
-3.97355
-3.97903
-3.98451
-3.98998
-3.99546
-4.00094
-4.00642
-4.01190
-4.01738
-4.02286
-4.02834
-4.03383
-4.03931
-4.04479
-4.05028
-4.05576
-4.06125
-4.06673
-4.07222
-4.07771
-4.08320
-4.08869
-4.09418
-4.09967
-4.10516
-4.11065
-4.11614
-4.12163
-4.12713
-4.13262
-4.13812
-4.14361
-4.14911
-4.15460
-4.16010
-4.16560
-4.17110
-4.17660
-4.18210
-4.18760
-4.19310
-4.19860
-4.20410
-4.20960
-4.21511
-4.22061
-4.22612
-4.23162
-4.23713
-4.24264
-4.24814
-4.25365
-4.25916
-4.26467
-4.27018
-4.27569
-4.28120
-4.28671
-4.29223
-4.29774
-4.30325
-4.30877
-4.31428
-4.31980
-4.32531
-4.33083
-4.33635
-4.34187
-4.34739
-4.35291
-4.35843
-4.36395
-4.36947
-4.37499
-4.38051
-4.38604
-4.39156
-4.39709
-4.40261
-4.40814
-4.41367
-4.41919
-4.42472
-4.43025
-4.43578
-4.44131
-4.44684
-4.45237
-4.45790
-4.46344
-4.46897
-4.47450
-4.48004
-4.48557
-4.49111
-4.49664
-4.50218
-4.50772
-4.51326
-4.51880
-4.52434
-4.52988
-4.53542
-4.54096
-4.54650
-4.55205
-4.55759
-4.56313
-4.56868
-4.57422
-4.57977
-4.58532
-4.59086
-4.59641
-4.60196
-4.60751
-4.61306
-4.61861
-4.62416
-4.62971
-4.63527
-4.64082
-4.64637
-4.65193
-4.65748
-4.66304
-4.66860
-4.67415
-4.67971
-4.68527
-4.69083
-4.69639
-4.70195
-4.70751
-4.71307
-4.71864
-4.72420
-4.72976
-4.73533
-4.74089
-4.74646
-4.75202
-4.75759
-4.76316
-4.76873
-4.77430
-4.77987
-4.78544
-4.79101
-4.79658
-4.80215
-4.80772
-4.81330
-4.81887
-4.82445
-4.83002
-4.83560
-4.84118
-4.84675
-4.85233
-4.85791
-4.86349
-4.86907
-4.87465
-4.88023
-4.88581
-4.89140
-4.89698
-4.90256
-4.90815
-4.91373
-4.91932
-4.92491
-4.93049
-4.93608
-4.94167
-4.94726
-4.95285
-4.95844
-4.96403
-4.96962
-4.97522
-4.98081
-4.98640
-4.99200
-4.99759
-5.00319
-5.00879
-5.01438
-5.01998
-5.02558
-5.03118
-5.03678
-5.04238
-5.04798
-5.05358
-5.05918
-5.06479
-5.07039
-5.07600
-5.08160
-5.08721
-5.09281
-5.09842
-5.10403
-5.10964
-5.11525
-5.12086
-5.12647
-5.13208
-5.13769
-5.14330
-5.14891
-5.15453
-5.16014
-5.16576
-5.17137
-5.17699
-5.18261
-5.18822
-5.19384
-5.19946
-5.20508
-5.21070
-5.21632
-5.22194
-5.22757
-5.23319
-5.23881
-5.24444
-5.25006
-5.25569
-5.26131
-5.26694
-5.27257
-5.27820
-5.28383
-5.28946
-5.29509
-5.30072
-5.30635
-5.31198
-5.31761
-5.32325
-5.32888
-5.33452
-5.34015
-5.34579
-5.35143
-5.35706
-5.36270
-5.36834
-5.37398
-5.37962
-5.38526
-5.39090
-5.39654
-5.40219
-5.40783
-5.41348
-5.41912
-5.42477
-5.43041
-5.43606
-5.44171
-5.44736
-5.45300
-5.45865
-5.46430
-5.46995
-5.47561
-5.48126
-5.48691
-5.49257
-5.49822
-5.50387
-5.50953
-5.51519
-5.52084
-5.52650
-5.53216
-5.53782
-5.54348
-5.54914
-5.55480
-5.56046
-5.56612
-5.57179
-5.57745
-5.58311
-5.58878
-5.59445
-5.60011
-5.60578
-5.61145
-5.61711
-5.62278
-5.62845
-5.63412
-5.63979
-5.64547
-5.65114
-5.65681
-5.66249
-5.66816
-5.67384
-5.67951
-5.68519
-5.69086
-5.69654
-5.70222
-5.70790
-5.71358
-5.71926
-5.72494
-5.73062
-5.73631
-5.74199
-5.74767
-5.75336
-5.75904
-5.76473
-5.77041
-5.77610
-5.78179
-5.78748
-5.79317
-5.79886
-5.80455
-5.81024
-5.81593
-5.82162
-5.82732
-5.83301
-5.83871
-5.84440
-5.85010
-5.85579
-5.86149
-5.86719
-5.87289
-5.87859
-5.88429
-5.88999
-5.89569
-5.90139
-5.90709
-5.91280
-5.91850
-5.92421
-5.92991
-5.93562
-5.94133
-5.94703
-5.95274
-5.95845
-5.96416
-5.96987
-5.97558
-5.98129
-5.98700
-5.99272
-5.99843
-6.00415
-6.00986
-6.01558
-6.02129
-6.02701
-6.03273
-6.03845
-6.04416
-6.04988
-6.05560
-6.06133
-6.06705
-6.07277
-6.07849
-6.08422
-6.08994
-6.09567
-6.10139
-6.10712
-6.11285
-6.11857
-6.12430
-6.13003
-6.13576
-6.14149
-6.14722
-6.15296
-6.15869
-6.16442
-6.17016
-6.17589
-6.18163
-6.18736
-6.19310
-6.19884
-6.20458
-6.21031
-6.21605
-6.22179
-6.22754
-6.23328
-6.23902
-6.24476
-6.25051
-6.25625
-6.26200
-6.26774
-6.27349
-6.27923
-6.28498
-6.29073
-6.29648
-6.30223
-6.30798
-6.31373
-6.31948
-6.32524
-6.33099
-6.33674
-6.34250
-6.34825
-6.35401
-6.35977
-6.36552
-6.37128
-6.37704
-6.38280
-6.38856
-6.39432
-6.40008
-6.40584
-6.41161
-6.41737
-6.42314
-6.42890
-6.43467
-6.44043
-6.44620
-6.45197
-6.45774
-6.46351
-6.46927
-6.47505
-6.48082
-6.48659
-6.49236
-6.49813
-6.50391
-6.50968
-6.51546
-6.52123
-6.52701
-6.53279
-6.53857
-6.54435
-6.55012
-6.55590
-6.56169
-6.56747
-6.57325
-6.57903
-6.58482
-6.59060
-6.59639
-6.60217
-6.60796
-6.61374
-6.61953
-6.62532
-6.63111
-6.63690
-6.64269
-6.64848
-6.65427
-6.66007
-6.66586
-6.67165
-6.67745
-6.68324
-6.68904
-6.69484
-6.70063
-6.70643
-6.71223
-6.71803
-6.72383
-6.72963
-6.73543
-6.74124
-6.74704
-6.75284
-6.75865
-6.76445
-6.77026
-6.77607
-6.78187
-6.78768
-6.79349
-6.79930
-6.80511
-6.81092
-6.81673
-6.82254
-6.82836
-6.83417
-6.83998
-6.84580
-6.85161
-6.85743
-6.86325
-6.86907
-6.87488
-6.88070
-6.88652
-6.89234
-6.89816
-6.90399
-6.90981
-6.91563
-6.92146
-6.92728
-6.93311
-6.93893
-6.94476
-6.95059
-6.95642
-6.96224
-6.96807
-6.97390
-6.97974
-6.98557
-6.99140
-6.99723
-7.00307
-7.00890
-7.01474
-7.02057
-7.02641
-7.03225
-7.03808
-7.04392
-7.04976
-7.05560
-7.06144
-7.06729
-7.07313
-7.07897
-7.08481
-7.09066
-7.09650
-7.10235
-7.10820
-7.11404
-7.11989
-7.12574
-7.13159
-7.13744
-7.14329
-7.14914
-7.15499
-7.16085
-7.16670
-7.17255
-7.17841
-7.18426
-7.19012
-7.19598
-7.20184
-7.20769
-7.21355
-7.21941
-7.22527
-7.23114
-7.23700
-7.24286
-7.24872
-7.25459
-7.26045
-7.26632
-7.27218
-7.27805
-7.28392
-7.28979
-7.29566
-7.30153
-7.30740
-7.31327
-7.31914
-7.32501
-7.33089
-7.33676
-7.34263
-7.34851
-7.35439
-7.36026
-7.36614
-7.37202
-7.37790
-7.38378
-7.38966
-7.39554
-7.40142
-7.40730
-7.41319
-7.41907
-7.42496
-7.43084
-7.43673
-7.44261
-7.44850
-7.45439
-7.46028
-7.46617
-7.47206
-7.47795
-7.48384
-7.48973
-7.49563
-7.50152
-7.50742
-7.51331
-7.51921
-7.52510
-7.53100
-7.53690
-7.54280
-7.54870
-7.55460
-7.56050
-7.56640
-7.57230
-7.57821
-7.58411
-7.59002
-7.59592
-7.60183
-7.60773
-7.61364
-7.61955
-7.62546
-7.63137
-7.63728
-7.64319
-7.64910
-7.65501
-7.66093
-7.66684
-7.67276
-7.67867
-7.68459
-7.69051
-7.69642
-7.70234
-7.70826
-7.71418
-7.72010
-7.72602
-7.73194
-7.73787
-7.74379
-7.74971
-7.75564
-7.76156
-7.76749
-7.77342
-7.77934
-7.78527
-7.79120
-7.79713
-7.80306
-7.80899
-7.81492
-7.82086
-7.82679
-7.83272
-7.83866
-7.84459
-7.85053
-7.85647
-7.86241
-7.86834
-7.87428
-7.88022
-7.88616
-7.89210
-7.89805
-7.90399
-7.90993
-7.91588
-7.92182
-7.92777
-7.93371
-7.93966
-7.94561
-7.95156
-7.95751
-7.96346
-7.96941
-7.97536
-7.98131
-7.98726
-7.99322
-7.99917
-8.00513
-8.01108
-8.01704
-8.02300
-8.02895
-8.03491
-8.04087
-8.04683
-8.05279
-8.05875
-8.06472
-8.07068
-8.07664
-8.08261
-8.08857
-8.09454
-8.10051
-8.10647
-8.11244
-8.11841
-8.12438
-8.13035
-8.13632
-8.14229
-8.14826
-8.15424
-8.16021
-8.16619
-8.17216
-8.17814
-8.18411
-8.19009
-8.19607
-8.20205
-8.20803
-8.21401
-8.21999
-8.22597
-8.23195
-8.23794
-8.24392
-8.24991
-8.25589
-8.26188
-8.26787
-8.27385
-8.27984
-8.28583
-8.29182
-8.29781
-8.30380
-8.30979
-8.31579
-8.32178
-8.32778
-8.33377
-8.33977
-8.34576
-8.35176
-8.35776
-8.36376
-8.36976
-8.37576
-8.38176
-8.38776
-8.39376
-8.39976
-8.40577
-8.41177
-8.41778
-8.42378
-8.42979
-8.43580
-8.44181
-8.44782
-8.45382
-8.45984
-8.46585
-8.47186
-8.47787
-8.48388
-8.48990
-8.49591
-8.50193
-8.50794
-8.51396
-8.51998
-8.52600
-8.53202
-8.53804
-8.54406
-8.55008
-8.55610
-8.56212
-8.56815
-8.57417
-8.58020
-8.58622
-8.59225
-8.59828
-8.60431
-8.61033
-8.61636
-8.62239
-8.62842
-8.63446
-8.64049
-8.64652
-8.65256
-8.65859
-8.66463
-8.67066
-8.67670
-8.68274
-8.68878
-8.69481
-8.70085
-8.70689
-8.71294
-8.71898
-8.72502
-8.73106
-8.73711
-8.74315
-8.74920
-8.75525
-8.76129
-8.76734
-8.77339
-8.77944
-8.78549
-8.79154
-8.79759
-8.80365
-8.80970
-8.81575
-8.82181
-8.82786
-8.83392
-8.83998
-8.84603
-8.85209
-8.85815
-8.86421
-8.87027
-8.87633
-8.88239
-8.88846
-8.89452
-8.90059
-8.90665
-8.91272
-8.91878
-8.92485
-8.93092
-8.93699
-8.94306
-8.94913
-8.95520
-8.96127
-8.96734
-8.97342
-8.97949
-8.98556
-8.99164
-8.99772
-9.00379
-9.00987
-9.01595
-9.02203
-9.02811
-9.03419
-9.04027
-9.04635
-9.05244
-9.05852
-9.06460
-9.07069
-9.07677
-9.08286
-9.08895
-9.09504
-9.10113
-9.10722
-9.11331
-9.11940
-9.12549
-9.13158
-9.13767
-9.14377
-9.14986
-9.15596
-9.16206
-9.16815
-9.17425
-9.18035
-9.18645
-9.19255
-9.19865
-9.20475
-9.21085
-9.21696
-9.22306
-9.22917
-9.23527
-9.24138
-9.24748
-9.25359
-9.25970
-9.26581
-9.27192
-9.27803
-9.28414
-9.29025
-9.29637
-9.30248
-9.30860
-9.31471
-9.32083
-9.32694
-9.33306
-9.33918
-9.34530
-9.35142
-9.35754
-9.36366
-9.36978
-9.37590
-9.38203
-9.38815
-9.39428
-9.40040
-9.40653
-9.41266
-9.41878
-9.42491
-9.43104
-9.43717
-9.44330
-9.44944
-9.45557
-9.46170
-9.46783
-9.47397
-9.48011
-9.48624
-9.49238
-9.49852
-9.50466
-9.51079
-9.51693
-9.52308
-9.52922
-9.53536
-9.54150
-9.54765
-9.55379
-9.55994
-9.56608
-9.57223
-9.57838
-9.58453
-9.59067
-9.59682
-9.60298
-9.60913
-9.61528
-9.62143
-9.62759
-9.63374
-9.63990
-9.64605
-9.65221
-9.65837
-9.66452
-9.67068
-9.67684
-9.68300
-9.68917
-9.69533
-9.70149
-9.70765
-9.71382
-9.71998
-9.72615
-9.73232
-9.73848
-9.74465
-9.75082
-9.75699
-9.76316
-9.76933
-9.77550
-9.78168
-9.78785
-9.79402
-9.80020
-9.80638
-9.81255
-9.81873
-9.82491
-9.83109
-9.83727
-9.84345
-9.84963
-9.85581
-9.86199
-9.86818
-9.87436
-9.88054
-9.88673
-9.89292
-9.89910
-9.90529
-9.91148
-9.91767
-9.92386
-9.93005
-9.93624
-9.94244
-9.94863
-9.95482
-9.96102
-9.96722
-9.97341
-9.97961
-9.98581
-9.99201
-9.99821
-10.00441
-10.01061
-10.01681
-10.02301
-10.02921
-10.03542
-10.04162
-10.04783
-10.05404
-10.06024
-10.06645
-10.07266
-10.07887
-10.08508
-10.09129
-10.09750
-10.10372
-10.10993
-10.11614
-10.12236
-10.12857
-10.13479
-10.14101
-10.14722
-10.15344
-10.15966
-10.16588
-10.17210
-10.17833
-10.18455
-10.19077
-10.19700
-10.20322
-10.20945
-10.21567
-10.22190
-10.22813
-10.23436
-10.24059
-10.24682
-10.25305
-10.25928
-10.26551
-10.27175
-10.27798
-10.28422
-10.29045
-10.29669
-10.30293
-10.30916
-10.31540
-10.32164
-10.32788
-10.33412
-10.34037
-10.34661
-10.35285
-10.35910
-10.36534
-10.37159
-10.37783
-10.38408
-10.39033
-10.39658
-10.40283
-10.40908
-10.41533
-10.42158
-10.42784
-10.43409
-10.44034
-10.44660
-10.45285
-10.45911
-10.46537
-10.47163
-10.47789
-10.48415
-10.49041
-10.49667
-10.50293
-10.50919
-10.51546
-10.52172
-10.52799
-10.53425
-10.54052
-10.54679
-10.55306
-10.55932
-10.56559
-10.57187
-10.57814
-10.58441
-10.59068
-10.59696
-10.60323
-10.60951
-10.61578
-10.62206
-10.62834
-10.63462
-10.64089
-10.64718
-10.65346
-10.65974
-10.66602
-10.67230
-10.67859
-10.68487
-10.69116
-10.69744
-10.70373
-10.71002
-10.71631
-10.72260
-10.72889
-10.73518
-10.74147
-10.74776
-10.75406
-10.76035
-10.76665
-10.77294
-10.77924
-10.78554
-10.79183
-10.79813
-10.80443
-10.81073
-10.81703
-10.82334
-10.82964
-10.83594
-10.84225
-10.84855
-10.85486
-10.86116
-10.86747
-10.87378
-10.88009
-10.88640
-10.89271
-10.89902
-10.90533
-10.91165
-10.91796
-10.92428
-10.93059
-10.93691
-10.94322
-10.94954
-10.95586
-10.96218
-10.96850
-10.97482
-10.98114
-10.98747
-10.99379
-11.00011
-11.00644
-11.01276
-11.01909
-11.02542
-11.03175
-11.03807
-11.04440
-11.05073
-11.05707
-11.06340
-11.06973
-11.07606
-11.08240
-11.08873
-11.09507
-11.10141
-11.10774
-11.11408
-11.12042
-11.12676
-11.13310
-11.13944
-11.14579
-11.15213
-11.15847
-11.16482
-11.17116
-11.17751
-11.18386
-11.19020
-11.19655
-11.20290
-11.20925
-11.21560
-11.22195
-11.22831
-11.23466
-11.24101
-11.24737
-11.25373
-11.26008
-11.26644
-11.27280
-11.27916
-11.28552
-11.29188
-11.29824
-11.30460
-11.31096
-11.31733
-11.32369
-11.33006
-11.33642
-11.34279
-11.34916
-11.35553
-11.36190
-11.36827
-11.37464
-11.38101
-11.38738
-11.39375
-11.40013
-11.40650
-11.41288
-11.41926
-11.42563
-11.43201
-11.43839
-11.44477
-11.45115
-11.45753
-11.46391
-11.47030
-11.47668
-11.48306
-11.48945
-11.49584
-11.50222
-11.50861
-11.51500
-11.52139
-11.52778
-11.53417
-11.54056
-11.54695
-11.55335
-11.55974
-11.56614
-11.57253
-11.57893
-11.58532
-11.59172
-11.59812
-11.60452
-11.61092
-11.61732
-11.62373
-11.63013
-11.63653
-11.64294
-11.64934
-11.65575
-11.66215
-11.66856
-11.67497
-11.68138
-11.68779
-11.69420
-11.70061
-11.70703
-11.71344
-11.71985
-11.72627
-11.73268
-11.73910
-11.74552
-11.75194
-11.75836
-11.76477
-11.77120
-11.77762
-11.78404
-11.79046
-11.79689
-11.80331
-11.80974
-11.81616
-11.82259
-11.82902
-11.83545
-11.84188
-11.84831
-11.85474
-11.86117
-11.86760
-11.87403
-11.88047
-11.88690
-11.89334
-11.89978
-11.90621
-11.91265
-11.91909
-11.92553
-11.93197
-11.93841
-11.94486
-11.95130
-11.95774
-11.96419
-11.97063
-11.97708
-11.98353
-11.98998
-11.99643
-12.00288
-12.00933
-12.01578
-12.02223
-12.02868
-12.03514
-12.04159
-12.04805
-12.05450
-12.06096
-12.06742
-12.07388
-12.08034
-12.08680
-12.09326
-12.09972
-12.10618
-12.11264
-12.11911
-12.12557
-12.13204
-12.13851
-12.14497
-12.15144
-12.15791
-12.16438
-12.17085
-12.17732
-12.18380
-12.19027
-12.19674
-12.20322
-12.20969
-12.21617
-12.22265
-12.22913
-12.23561
-12.24209
-12.24857
-12.25505
-12.26153
-12.26801
-12.27450
-12.28098
-12.28747
-12.29395
-12.30044
-12.30693
-12.31342
-12.31991
-12.32640
-12.33289
-12.33938
-12.34587
-12.35237
-12.35886
-12.36536
-12.37185
-12.37835
-12.38485
-12.39135
-12.39785
-12.40435
-12.41085
-12.41735
-12.42385
-12.43036
-12.43686
-12.44337
-12.44987
-12.45638
-12.46289
-12.46939
-12.47590
-12.48241
-12.48892
-12.49544
-12.50195
-12.50846
-12.51498
-12.52149
-12.52801
-12.53452
-12.54104
-12.54756
-12.55408
-12.56060
-12.56712
-12.57364
-12.58016
-12.58669
-12.59321
-12.59974
-12.60626
-12.61279
-12.61932
-12.62584
-12.63237
-12.63890
-12.64543
-12.65196
-12.65850
-12.66503
-12.67156
-12.67810
-12.68463
-12.69117
-12.69771
-12.70425
-12.71078
-12.71732
-12.72387
-12.73041
-12.73695
-12.74349
-12.75004
-12.75658
-12.76313
-12.76967
-12.77622
-12.78277
-12.78932
-12.79587
-12.80242
-12.80897
-12.81552
-12.82207
-12.82863
-12.83518
-12.84174
-12.84829
-12.85485
-12.86141
-12.86797
-12.87453
-12.88109
-12.88765
-12.89421
-12.90077
-12.90734
-12.91390
-12.92047
-12.92703
-12.93360
-12.94017
-12.94674
-12.95331
-12.95988
-12.96645
-12.97302
-12.97959
-12.98617
-12.99274
-12.99932
-13.00589
-13.01247
-13.01905
-13.02563
-13.03221
-13.03879
-13.04537
-13.05195
-13.05853
-13.06512
-13.07170
-13.07829
-13.08487
-13.09146
-13.09805
-13.10464
-13.11123
-13.11782
-13.12441
-13.13100
-13.13759
-13.14419
-13.15078
-13.15738
-13.16397
-13.17057
-13.17717
-13.18377
-13.19036
-13.19697
-13.20357
-13.21017
-13.21677
-13.22338
-13.22998
-13.23659
-13.24319
-13.24980
-13.25641
-13.26302
-13.26962
-13.27624
-13.28285
-13.28946
-13.29607
-13.30269
-13.30930
-13.31592
-13.32253
-13.32915
-13.33577
-13.34239
-13.34901
-13.35563
-13.36225
-13.36887
-13.37549
-13.38212
-13.38874
-13.39537
-13.40199
-13.40862
-13.41525
-13.42188
-13.42851
-13.43514
-13.44177
-13.44840
-13.45503
-13.46167
-13.46830
-13.47494
-13.48158
-13.48821
-13.49485
-13.50149
-13.50813
-13.51477
-13.52141
-13.52805
-13.53470
-13.54134
-13.54799
-13.55463
-13.56128
-13.56793
-13.57457
-13.58122
-13.58787
-13.59452
-13.60118
-13.60783
-13.61448
-13.62114
-13.62779
-13.63445
-13.64110
-13.64776
-13.65442
-13.66108
-13.66774
-13.67440
-13.68106
-13.68772
-13.69439
-13.70105
-13.70772
-13.71438
-13.72105
-13.72772
-13.73439
-13.74106
-13.74773
-13.75440
-13.76107
-13.76774
-13.77441
-13.78109
-13.78776
-13.79444
-13.80112
-13.80780
-13.81447
-13.82115
-13.82783
-13.83452
-13.84120
-13.84788
-13.85456
-13.86125
-13.86793
-13.87462
-13.88131
-13.88800
-13.89469
-13.90138
-13.90807
-13.91476
-13.92145
-13.92814
-13.93484
-13.94153
-13.94823
-13.95492
-13.96162
-13.96832
-13.97502
-13.98172
-13.98842
-13.99512
-14.00182
-14.00853
-14.01523
-14.02194
-14.02864
-14.03535
-14.04206
-14.04877
-14.05547
-14.06219
-14.06890
-14.07561
-14.08232
-14.08903
-14.09575
-14.10246
-14.10918
-14.11590
-14.12262
-14.12933
-14.13605
-14.14277
-14.14950
-14.15622
-14.16294
-14.16966
-14.17639
-14.18312
-14.18984
-14.19657
-14.20330
-14.21003
-14.21676
-14.22349
-14.23022
-14.23695
-14.24368
-14.25042
-14.25715
-14.26389
-14.27063
-14.27736
-14.28410
-14.29084
-14.29758
-14.30432
-14.31106
-14.31781
-14.32455
-14.33130
-14.33804
-14.34479
-14.35153
-14.35828
-14.36503
-14.37178
-14.37853
-14.38528
-14.39203
-14.39879
-14.40554
-14.41230
-14.41905
-14.42581
-14.43257
-14.43932
-14.44608
-14.45284
-14.45960
-14.46637
-14.47313
-14.47989
-14.48666
-14.49342
-14.50019
-14.50695
-14.51372
-14.52049
-14.52726
-14.53403
-14.54080
-14.54757
-14.55435
-14.56112
-14.56789
-14.57467
-14.58145
-14.58822
-14.59500
-14.60178
-14.60856
-14.61534
-14.62212
-14.62890
-14.63569
-14.64247
-14.64926
-14.65604
-14.66283
-14.66962
-14.67640
-14.68319
-14.68998
-14.69678
-14.70357
-14.71036
-14.71715
-14.72395
-14.73074
-14.73754
-14.74434
-14.75113
-14.75793
-14.76473
-14.77153
-14.77834
-14.78514
-14.79194
-14.79875
-14.80555
-14.81236
-14.81916
-14.82597
-14.83278
-14.83959
-14.84640
-14.85321
-14.86002
-14.86683
-14.87365
-14.88046
-14.88728
-14.89409
-14.90091
-14.90773
-14.91455
-14.92137
-14.92819
-14.93501
-14.94183
-14.94865
-14.95548
-14.96230
-14.96913
-14.97596
-14.98278
-14.98961
-14.99644
-15.00327
-15.01010
-15.01693
-15.02377
-15.03060
-15.03743
-15.04427
-15.05111
-15.05794
-15.06478
-15.07162
-15.07846
-15.08530
-15.09214
-15.09898
-15.10583
-15.11267
-15.11952
-15.12636
-15.13321
-15.14006
-15.14691
-15.15376
-15.16061
-15.16746
-15.17431
-15.18116
-15.18802
-15.19487
-15.20173
-15.20858
-15.21544
-15.22230
-15.22916
-15.23602
-15.24288
-15.24974
-15.25660
-15.26346
-15.27033
-15.27719
-15.28406
-15.29093
-15.29779
-15.30466
-15.31153
-15.31840
-15.32527
-15.33215
-15.33902
-15.34589
-15.35277
-15.35964
-15.36652
-15.37340
-15.38028
-15.38716
-15.39404
-15.40092
-15.40780
-15.41468
-15.42156
-15.42845
-15.43533
-15.44222
-15.44911
-15.45600
-15.46288
-15.46977
-15.47666
-15.48356
-15.49045
-15.49734
-15.50424
-15.51113
-15.51803
-15.52492
-15.53182
-15.53872
-15.54562
-15.55252
-15.55942
-15.56632
-15.57323
-15.58013
-15.58703
-15.59394
-15.60085
-15.60775
-15.61466
-15.62157
-15.62848
-15.63539
-15.64230
-15.64922
-15.65613
-15.66305
-15.66996
-15.67688
-15.68379
-15.69071
-15.69763
-15.70455
-15.71147
-15.71839
-15.72532
-15.73224
-15.73916
-15.74609
-15.75301
-15.75994
-15.76687
-15.77380
-15.78073
-15.78766
-15.79459
-15.80152
-15.80845
-15.81539
-15.82232
-15.82926
-15.83619
-15.84313
-15.85007
-15.85701
-15.86395
-15.87089
-15.87783
-15.88478
-15.89172
-15.89866
-15.90561
-15.91256
-15.91950
-15.92645
-15.93340
-15.94035
-15.94730
-15.95425
-15.96121
-15.96816
-15.97511
-15.98207
-15.98903
-15.99598
-16.00294
-16.00990
-16.01686
-16.02382
-16.03078
-16.03774
-16.04471
-16.05167
-16.05864
-16.06560
-16.07257
-16.07954
-16.08651
-16.09347
-16.10045
-16.10742
-16.11439
-16.12136
-16.12834
-16.13531
-16.14229
-16.14926
-16.15624
-16.16322
-16.17020
-16.17718
-16.18416
-16.19114
-16.19813
-16.20511
-16.21209
-16.21908
-16.22607
-16.23305
-16.24004
-16.24703
-16.25402
-16.26101
-16.26800
-16.27500
-16.28199
-16.28898
-16.29598
-16.30298
-16.30997
-16.31697
-16.32397
-16.33097
-16.33797
-16.34497
-16.35198
-16.35898
-16.36598
-16.37299
-16.38000
-16.38700
-16.39401
-16.40102
-16.40803
-16.41504
-16.42205
-16.42906
-16.43608
-16.44309
-16.45011
-16.45712
-16.46414
-16.47116
-16.47818
-16.48520
-16.49222
-16.49924
-16.50626
-16.51329
-16.52031
-16.52733
-16.53436
-16.54139
-16.54842
-16.55544
-16.56247
-16.56950
-16.57654
-16.58357
-16.59060
-16.59763
-16.60467
-16.61171
-16.61874
-16.62578
-16.63282
-16.63986
-16.64690
-16.65394
-16.66098
-16.66803
-16.67507
-16.68211
-16.68916
-16.69621
-16.70325
-16.71030
-16.71735
-16.72440
-16.73145
-16.73851
-16.74556
-16.75261
-16.75967
-16.76672
-16.77378
-16.78084
-16.78790
-16.79496
-16.80202
-16.80908
-16.81614
-16.82320
-16.83027
-16.83733
-16.84440
-16.85146
-16.85853
-16.86560
-16.87267
-16.87974
-16.88681
-16.89388
-16.90096
-16.90803
-16.91510
-16.92218
-16.92926
-16.93633
-16.94341
-16.95049
-16.95757
-16.96465
-16.97174
-16.97882
-16.98590
-16.99299
-17.00007
-17.00716
-17.01425
-17.02134
-17.02842
-17.03551
-17.04261
-17.04970
-17.05679
-17.06388
-17.07098
-17.07807
-17.08517
-17.09227
-17.09937
-17.10647
-17.11357
-17.12067
-17.12777
-17.13487
-17.14198
-17.14908
-17.15619
-17.16329
-17.17040
-17.17751
-17.18462
-17.19173
-17.19884
-17.20595
-17.21307
-17.22018
-17.22729
-17.23441
-17.24153
-17.24864
-17.25576
-17.26288
-17.27000
-17.27712
-17.28425
-17.29137
-17.29849
-17.30562
-17.31274
-17.31987
-17.32700
-17.33413
-17.34125
-17.34839
-17.35552
-17.36265
-17.36978
-17.37692
-17.38405
-17.39119
-17.39832
-17.40546
-17.41260
-17.41974
-17.42688
-17.43402
-17.44116
-17.44831
-17.45545
-17.46259
-17.46974
-17.47689
-17.48403
-17.49118
-17.49833
-17.50548
-17.51263
-17.51979
-17.52694
-17.53409
-17.54125
-17.54840
-17.55556
-17.56272
-17.56988
-17.57704
-17.58420
-17.59136
-17.59852
-17.60569
-17.61285
-17.62001
-17.62718
-17.63435
-17.64152
-17.64868
-17.65585
-17.66302
-17.67020
-17.67737
-17.68454
-17.69172
-17.69889
-17.70607
-17.71324
-17.72042
-17.72760
-17.73478
-17.74196
-17.74914
-17.75633
-17.76351
-17.77069
-17.77788
-17.78506
-17.79225
-17.79944
-17.80663
-17.81382
-17.82101
-17.82820
-17.83539
-17.84259
-17.84978
-17.85698
-17.86417
-17.87137
-17.87857
-17.88577
-17.89297
-17.90017
-17.90737
-17.91457
-17.92178
-17.92898
-17.93619
-17.94339
-17.95060
-17.95781
-17.96502
-17.97223
-17.97944
-17.98665
-17.99387
-18.00108
-18.00830
-18.01551
-18.02273
-18.02994
-18.03716
-18.04438
-18.05160
-18.05882
-18.06605
-18.07327
-18.08049
-18.08772
-18.09494
-18.10217
-18.10940
-18.11663
-18.12386
-18.13109
-18.13832
-18.14555
-18.15279
-18.16002
-18.16725
-18.17449
-18.18173
-18.18897
-18.19620
-18.20344
-18.21069
-18.21793
-18.22517
-18.23241
-18.23966
-18.24690
-18.25415
-18.26140
-18.26864
-18.27589
-18.28314
-18.29039
-18.29765
-18.30490
-18.31215
-18.31941
-18.32666
-18.33392
-18.34118
-18.34843
-18.35569
-18.36295
-18.37022
-18.37748
-18.38474
-18.39200
-18.39927
-18.40653
-18.41380
-18.42107
-18.42834
-18.43561
-18.44288
-18.45015
-18.45742
-18.46469
-18.47197
-18.47924
-18.48652
-18.49380
-18.50107
-18.50835
-18.51563
-18.52291
-18.53019
-18.53748
-18.54476
-18.55205
-18.55933
-18.56662
-18.57390
-18.58119
-18.58848
-18.59577
-18.60306
-18.61035
-18.61765
-18.62494
-18.63223
-18.63953
-18.64683
-18.65412
-18.66142
-18.66872
-18.67602
-18.68332
-18.69063
-18.69793
-18.70523
-18.71254
-18.71984
-18.72715
-18.73446
-18.74177
-18.74908
-18.75639
-18.76370
-18.77101
-18.77832
-18.78564
-18.79295
-18.80027
-18.80759
-18.81490
-18.82222
-18.82954
-18.83686
-18.84418
-18.85151
-18.85883
-18.86616
-18.87348
-18.88081
-18.88813
-18.89546
-18.90279
-18.91012
-18.91745
-18.92478
-18.93212
-18.93945
-18.94679
-18.95412
-18.96146
-18.96880
-18.97613
-18.98347
-18.99081
-18.99816
-19.00550
-19.01284
-19.02019
-19.02753
-19.03488
-19.04222
-19.04957
-19.05692
-19.06427
-19.07162
-19.07897
-19.08633
-19.09368
-19.10103
-19.10839
-19.11575
-19.12310
-19.13046
-19.13782
-19.14518
-19.15254
-19.15990
-19.16727
-19.17463
-19.18199
-19.18936
-19.19673
-19.20409
-19.21146
-19.21883
-19.22620
-19.23357
-19.24095
-19.24832
-19.25569
-19.26307
-19.27045
-19.27782
-19.28520
-19.29258
-19.29996
-19.30734
-19.31472
-19.32210
-19.32949
-19.33687
-19.34426
-19.35164
-19.35903
-19.36642
-19.37381
-19.38120
-19.38859
-19.39598
-19.40338
-19.41077
-19.41816
-19.42556
-19.43296
-19.44035
-19.44775
-19.45515
-19.46255
-19.46995
-19.47736
-19.48476
-19.49216
-19.49957
-19.50698
-19.51438
-19.52179
-19.52920
-19.53661
-19.54402
-19.55143
-19.55885
-19.56626
-19.57367
-19.58109
-19.58851
-19.59592
-19.60334
-19.61076
-19.61818
-19.62560
-19.63303
-19.64045
-19.64787
-19.65530
-19.66272
-19.67015
-19.67758
-19.68501
-19.69244
-19.69987
-19.70730
-19.71473
-19.72217
-19.72960
-19.73704
-19.74447
-19.75191
-19.75935
-19.76679
-19.77423
-19.78167
-19.78911
-19.79655
-19.80400
-19.81144
-19.81889
-19.82634
-19.83378
-19.84123
-19.84868
-19.85613
-19.86358
-19.87104
-19.87849
-19.88594
-19.89340
-19.90086
-19.90831
-19.91577
-19.92323
-19.93069
-19.93815
-19.94561
-19.95308
-19.96054
-19.96800
-19.97547
-19.98294
-19.99040
-19.99787
-20.00534
-20.01281
-20.02028
-20.02776
-20.03523
-20.04270
-20.05018
-20.05766
-20.06513
-20.07261
-20.08009
-20.08757
-20.09505
-20.10253
-20.11002
-20.11750
-20.12498
-20.13247
-20.13996
-20.14744
-20.15493
-20.16242
-20.16991
-20.17740
-20.18490
-20.19239
-20.19988
-20.20738
-20.21487
-20.22237
-20.22987
-20.23737
-20.24487
-20.25237
-20.25987
-20.26737
-20.27488
-20.28238
-20.28989
-20.29739
-20.30490
-20.31241
-20.31992
-20.32743
-20.33494
-20.34245
-20.34997
-20.35748
-20.36500
-20.37251
-20.38003
-20.38755
-20.39507
-20.40259
-20.41011
-20.41763
-20.42515
-20.43267
-20.44020
-20.44772
-20.45525
-20.46278
-20.47031
-20.47784
-20.48537
-20.49290
-20.50043
-20.50796
-20.51550
-20.52303
-20.53057
-20.53811
-20.54564
-20.55318
-20.56072
-20.56826
-20.57580
-20.58335
-20.59089
-20.59844
-20.60598
-20.61353
-20.62107
-20.62862
-20.63617
-20.64372
-20.65127
-20.65883
-20.66638
-20.67393
-20.68149
-20.68904
-20.69660
-20.70416
-20.71172
-20.71928
-20.72684
-20.73440
-20.74196
-20.74953
-20.75709
-20.76466
-20.77222
-20.77979
-20.78736
-20.79493
-20.80250
-20.81007
-20.81764
-20.82522
-20.83279
-20.84037
-20.84794
-20.85552
-20.86310
-20.87068
-20.87826
-20.88584
-20.89342
-20.90100
-20.90858
-20.91617
-20.92375
-20.93134
-20.93893
-20.94652
-20.95411
-20.96170
-20.96929
-20.97688
-20.98447
-20.99207
-20.99966
-21.00726
-21.01486
-21.02245
-21.03005
-21.03765
-21.04525
-21.05286
-21.06046
-21.06806
-21.07567
-21.08327
-21.09088
-21.09849
-21.10610
-21.11370
-21.12132
-21.12893
-21.13654
-21.14415
-21.15177
-21.15938
-21.16700
-21.17461
-21.18223
-21.18985
-21.19747
-21.20509
-21.21271
-21.22034
-21.22796
-21.23559
-21.24321
-21.25084
-21.25847
-21.26609
-21.27372
-21.28136
-21.28899
-21.29662
-21.30425
-21.31189
-21.31952
-21.32716
-21.33480
-21.34243
-21.35007
-21.35771
-21.36535
-21.37300
-21.38064
-21.38828
-21.39593
-21.40357
-21.41122
-21.41887
-21.42652
-21.43417
-21.44182
-21.44947
-21.45712
-21.46477
-21.47243
-21.48008
-21.48774
-21.49540
-21.50306
-21.51072
-21.51838
-21.52604
-21.53370
-21.54136
-21.54903
-21.55669
-21.56436
-21.57202
-21.57969
-21.58736
-21.59503
-21.60270
-21.61037
-21.61804
-21.62572
-21.63339
-21.64107
-21.64874
-21.65642
-21.66410
-21.67178
-21.67946
-21.68714
-21.69482
-21.70251
-21.71019
-21.71788
-21.72556
-21.73325
-21.74094
-21.74863
-21.75632
-21.76401
-21.77170
-21.77939
-21.78708
-21.79478
-21.80247
-21.81017
-21.81787
-21.82557
-21.83327
-21.84097
-21.84867
-21.85637
-21.86407
-21.87178
-21.87948
-21.88719
-21.89490
-21.90260
-21.91031
-21.91802
-21.92573
-21.93345
-21.94116
-21.94887
-21.95659
-21.96430
-21.97202
-21.97974
-21.98746
-21.99518
-22.00290
-22.01062
-22.01834
-22.02606
-22.03379
-22.04151
-22.04924
-22.05697
-22.06470
-22.07242
-22.08015
-22.08789
-22.09562
-22.10335
-22.11108
-22.11882
-22.12656
-22.13429
-22.14203
-22.14977
-22.15751
-22.16525
-22.17299
-22.18073
-22.18848
-22.19622
-22.20397
-22.21171
-22.21946
-22.22721
-22.23496
-22.24271
-22.25046
-22.25821
-22.26596
-22.27372
-22.28147
-22.28923
-22.29699
-22.30474
-22.31250
-22.32026
-22.32802
-22.33579
-22.34355
-22.35131
-22.35908
-22.36684
-22.37461
-22.38238
-22.39015
-22.39791
-22.40568
-22.41346
-22.42123
-22.42900
-22.43678
-22.44455
-22.45233
-22.46010
-22.46788
-22.47566
-22.48344
-22.49122
-22.49900
-22.50679
-22.51457
-22.52236
-22.53014
-22.53793
-22.54572
-22.55350
-22.56129
-22.56908
-22.57688
-22.58467
-22.59246
-22.60026
-22.60805
-22.61585
-22.62364
-22.63144
-22.63924
-22.64704
-22.65484
-22.66264
-22.67045
-22.67825
-22.68606
-22.69386
-22.70167
-22.70948
-22.71728
-22.72509
-22.73290
-22.74072
-22.74853
-22.75634
-22.76416
-22.77197
-22.77979
-22.78761
-22.79542
-22.80324
-22.81106
-22.81888
-22.82671
-22.83453
-22.84235
-22.85018
-22.85800
-22.86583
-22.87366
-22.88149
-22.88932
-22.89715
-22.90498
-22.91281
-22.92065
-22.92848
-22.93632
-22.94415
-22.95199
-22.95983
-22.96767
-22.97551
-22.98335
-22.99119
-22.99903
-23.00688
-23.01472
-23.02257
-23.03042
-23.03826
-23.04611
-23.05396
-23.06181
-23.06967
-23.07752
-23.08537
-23.09323
-23.10108
-23.10894
-23.11680
-23.12465
-23.13251
-23.14037
-23.14824
-23.15610
-23.16396
-23.17183
-23.17969
-23.18756
-23.19542
-23.20329
-23.21116
-23.21903
-23.22690
-23.23477
-23.24265
-23.25052
-23.25839
-23.26627
-23.27415
-23.28202
-23.28990
-23.29778
-23.30566
-23.31354
-23.32143
-23.32931
-23.33719
-23.34508
-23.35296
-23.36085
-23.36874
-23.37663
-23.38452
-23.39241
-23.40030
-23.40819
-23.41609
-23.42398
-23.43188
-23.43978
-23.44767
-23.45557
-23.46347
-23.47137
-23.47927
-23.48718
-23.49508
-23.50298
-23.51089
-23.51879
-23.52670
-23.53461
-23.54252
-23.55043
-23.55834
-23.56625
-23.57416
-23.58208
-23.58999
-23.59791
-23.60582
-23.61374
-23.62166
-23.62958
-23.63750
-23.64542
-23.65334
-23.66127
-23.66919
-23.67712
-23.68504
-23.69297
-23.70090
-23.70883
-23.71676
-23.72469
-23.73262
-23.74055
-23.74849
-23.75642
-23.76436
-23.77229
-23.78023
-23.78817
-23.79611
-23.80405
-23.81199
-23.81993
-23.82788
-23.83582
-23.84377
-23.85171
-23.85966
-23.86761
-23.87556
-23.88351
-23.89146
-23.89941
-23.90736
-23.91532
-23.92327
-23.93123
-23.93918
-23.94714
-23.95510
-23.96306
-23.97102
-23.97898
-23.98694
-23.99491
-24.00287
-24.01083
-24.01880
-24.02677
-24.03474
-24.04270
-24.05067
-24.05865
-24.06662
-24.07459
-24.08256
-24.09054
-24.09851
-24.10649
-24.11447
-24.12245
-24.13042
-24.13841
-24.14639
-24.15437
-24.16235
-24.17034
-24.17832
-24.18631
-24.19429
-24.20228
-24.21027
-24.21826
-24.22625
-24.23424
-24.24223
-24.25023
-24.25822
-24.26622
-24.27421
-24.28221
-24.29021
-24.29821
-24.30621
-24.31421
-24.32221
-24.33022
-24.33822
-24.34622
-24.35423
-24.36224
-24.37024
-24.37825
-24.38626
-24.39427
-24.40228
-24.41030
-24.41831
-24.42632
-24.43434
-24.44236
-24.45037
-24.45839
-24.46641
-24.47443
-24.48245
-24.49047
-24.49850
-24.50652
-24.51454
-24.52257
-24.53060
-24.53862
-24.54665
-24.55468
-24.56271
-24.57074
-24.57878
-24.58681
-24.59484
-24.60288
-24.61091
-24.61895
-24.62699
-24.63503
-24.64307
-24.65111
-24.65915
-24.66719
-24.67523
-24.68328
-24.69132
-24.69937
-24.70742
-24.71547
-24.72351
-24.73156
-24.73962
-24.74767
-24.75572
-24.76377
-24.77183
-24.77988
-24.78794
-24.79600
-24.80406
-24.81212
-24.82018
-24.82824
-24.83630
-24.84436
-24.85243
-24.86049
-24.86856
-24.87663
-24.88469
-24.89276
-24.90083
-24.90890
-24.91697
-24.92505
-24.93312
-24.94119
-24.94927
-24.95735
-24.96542
-24.97350
-24.98158
-24.98966
-24.99774
-25.00582
-25.01390
-25.02199
-25.03007
-25.03816
-25.04624
-25.05433
-25.06242
-25.07051
-25.07860
-25.08669
-25.09478
-25.10288
-25.11097
-25.11906
-25.12716
-25.13526
-25.14336
-25.15145
-25.15955
-25.16765
-25.17575
-25.18386
-25.19196
-25.20006
-25.20817
-25.21628
-25.22438
-25.23249
-25.24060
-25.24871
-25.25682
-25.26493
-25.27304
-25.28116
-25.28927
-25.29739
-25.30550
-25.31362
-25.32174
-25.32986
-25.33798
-25.34610
-25.35422
-25.36234
-25.37047
-25.37859
-25.38672
-25.39484
-25.40297
-25.41110
-25.41923
-25.42736
-25.43549
-25.44362
-25.45175
-25.45989
-25.46802
-25.47616
-25.48429
-25.49243
-25.50057
-25.50871
-25.51685
-25.52499
-25.53313
-25.54127
-25.54942
-25.55756
-25.56571
-25.57385
-25.58200
-25.59015
-25.59830
-25.60645
-25.61460
-25.62275
-25.63091
-25.63906
-25.64722
-25.65537
-25.66353
-25.67169
-25.67984
-25.68800
-25.69616
-25.70433
-25.71249
-25.72065
-25.72881
-25.73698
-25.74515
-25.75331
-25.76148
-25.76965
-25.77782
-25.78599
-25.79416
-25.80233
-25.81051
-25.81868
-25.82685
-25.83503
-25.84321
-25.85138
-25.85956
-25.86774
-25.87592
-25.88410
-25.89229
-25.90047
-25.90865
-25.91684
-25.92503
-25.93321
-25.94140
-25.94959
-25.95778
-25.96597
-25.97416
-25.98235
-25.99055
-25.99874
-26.00693
-26.01513
-26.02333
-26.03153
-26.03972
-26.04792
-26.05612
-26.06433
-26.07253
-26.08073
-26.08893
-26.09714
-26.10535
-26.11355
-26.12176
-26.12997
-26.13818
-26.14639
-26.15460
-26.16281
-26.17102
-26.17924
-26.18745
-26.19567
-26.20389
-26.21210
-26.22032
-26.22854
-26.23676
-26.24498
-26.25321
-26.26143
-26.26965
-26.27788
-26.28610
-26.29433
-26.30256
-26.31079
-26.31901
-26.32724
-26.33548
-26.34371
-26.35194
-26.36017
-26.36841
-26.37664
-26.38488
-26.39312
-26.40136
-26.40960
-26.41784
-26.42608
-26.43432
-26.44256
-26.45080
-26.45905
-26.46729
-26.47554
-26.48379
-26.49204
-26.50028
-26.50853
-26.51678
-26.52504
-26.53329
-26.54154
-26.54980
-26.55805
-26.56631
-26.57456
-26.58282
-26.59108
-26.59934
-26.60760
-26.61586
-26.62412
-26.63239
-26.64065
-26.64892
-26.65718
-26.66545
-26.67372
-26.68198
-26.69025
-26.69852
-26.70680
-26.71507
-26.72334
-26.73161
-26.73989
-26.74816
-26.75644
-26.76472
-26.77300
-26.78127
-26.78955
-26.79784
-26.80612
-26.81440
-26.82268
-26.83097
-26.83925
-26.84754
-26.85582
-26.86411
-26.87240
-26.88069
-26.88898
-26.89727
-26.90556
-26.91386
-26.92215
-26.93045
-26.93874
-26.94704
-26.95534
-26.96363
-26.97193
-26.98023
-26.98853
-26.99684
-27.00514
-27.01344
-27.02175
-27.03005
-27.03836
-27.04666
-27.05497
-27.06328
-27.07159
-27.07990
-27.08821
-27.09652
-27.10484
-27.11315
-27.12147
-27.12978
-27.13810
-27.14641
-27.15473
-27.16305
-27.17137
-27.17969
-27.18801
-27.19634
-27.20466
-27.21298
-27.22131
-27.22963
-27.23796
-27.24629
-27.25462
-27.26295
-27.27128
-27.27961
-27.28794
-27.29627
-27.30461
-27.31294
-27.32128
-27.32961
-27.33795
-27.34629
-27.35463
-27.36297
-27.37131
-27.37965
-27.38799
-27.39633
-27.40468
-27.41302
-27.42137
-27.42971
-27.43806
-27.44641
-27.45476
-27.46311
-27.47146
-27.47981
-27.48816
-27.49651
-27.50487
-27.51322
-27.52158
-27.52994
-27.53829
-27.54665
-27.55501
-27.56337
-27.57173
-27.58009
-27.58845
-27.59682
-27.60518
-27.61355
-27.62191
-27.63028
-27.63865
-27.64702
-27.65538
-27.66375
-27.67213
-27.68050
-27.68887
-27.69724
-27.70562
-27.71399
-27.72237
-27.73074
-27.73912
-27.74750
-27.75588
-27.76426
-27.77264
-27.78102
-27.78940
-27.79779
-27.80617
-27.81456
-27.82294
-27.83133
-27.83972
-27.84810
-27.85649
-27.86488
-27.87327
-27.88167
-27.89006
-27.89845
-27.90685
-27.91524
-27.92364
-27.93203
-27.94043
-27.94883
-27.95723
-27.96563
-27.97403
-27.98243
-27.99083
-27.99923
-28.00764
-28.01604
-28.02445
-28.03285
-28.04126
-28.04967
-28.05808
-28.06649
-28.07490
-28.08331
-28.09172
-28.10013
-28.10855
-28.11696
-28.12538
-28.13379
-28.14221
-28.15063
-28.15905
-28.16747
-28.17589
-28.18431
-28.19273
-28.20115
-28.20957
-28.21800
-28.22642
-28.23485
-28.24328
-28.25170
-28.26013
-28.26856
-28.27699
-28.28542
-28.29385
-28.30228
-28.31072
-28.31915
-28.32758
-28.33602
-28.34446
-28.35289
-28.36133
-28.36977
-28.37821
-28.38665
-28.39509
-28.40353
-28.41197
-28.42042
-28.42886
-28.43731
-28.44575
-28.45420
-28.46264
-28.47109
-28.47954
-28.48799
-28.49644
-28.50489
-28.51334
-28.52180
-28.53025
-28.53870
-28.54716
-28.55561
-28.56407
-28.57253
-28.58099
-28.58945
-28.59791
-28.60637
-28.61483
-28.62329
-28.63175
-28.64022
-28.64868
-28.65714
-28.66561
-28.67408
-28.68254
-28.69101
-28.69948
-28.70795
-28.71642
-28.72489
-28.73336
-28.74184
-28.75031
-28.75879
-28.76726
-28.77574
-28.78421
-28.79269
-28.80117
-28.80965
-28.81813
-28.82661
-28.83509
-28.84357
-28.85205
-28.86054
-28.86902
-28.87751
-28.88599
-28.89448
-28.90297
-28.91145
-28.91994
-28.92843
-28.93692
-28.94541
-28.95390
-28.96240
-28.97089
-28.97938
-28.98788
-28.99637
-29.00487
-29.01337
-29.02186
-29.03036
-29.03886
-29.04736
-29.05586
-29.06436
-29.07287
-29.08137
-29.08987
-29.09838
-29.10688
-29.11539
-29.12389
-29.13240
-29.14091
-29.14942
-29.15793
-29.16644
-29.17495
-29.18346
-29.19197
-29.20049
-29.20900
-29.21752
-29.22603
-29.23455
-29.24306
-29.25158
-29.26010
-29.26862
-29.27714
-29.28566
-29.29418
-29.30270
-29.31122
-29.31975
-29.32827
-29.33680
-29.34532
-29.35385
-29.36237
-29.37090
-29.37943
-29.38796
-29.39649
-29.40502
-29.41355
-29.42208
-29.43061
-29.43915
-29.44768
-29.45622
-29.46475
-29.47329
-29.48182
-29.49036
-29.49890
-29.50744
-29.51598
-29.52452
-29.53306
-29.54160
-29.55014
-29.55869
-29.56723
-29.57578
-29.58432
-29.59287
-29.60141
-29.60996
-29.61851
-29.62706
-29.63561
-29.64416
-29.65271
-29.66126
-29.66981
-29.67836
-29.68692
-29.69547
-29.70402
-29.71258
-29.72114
-29.72969
-29.73825
-29.74681
-29.75537
-29.76393
-29.77249
-29.78105
-29.78961
-29.79817
-29.80674
-29.81530
-29.82386
-29.83243
-29.84099
-29.84956
-29.85813
-29.86669
-29.87526
-29.88383
-29.89240
-29.90097
-29.90954
-29.91811
-29.92669
-29.93526
-29.94383
-29.95241
-29.96098
-29.96956
-29.97813
-29.98671
-29.99529
-30.00387
-30.01244
-30.02102
-30.02960
-30.03818
-30.04677
-30.05535
-30.06393
-30.07251
-30.08110
-30.08968
-30.09827
-30.10685
-30.11544
-30.12403
-30.13261
-30.14120
-30.14979
-30.15838
-30.16697
-30.17556
-30.18415
-30.19275
-30.20134
-30.20993
-30.21853
-30.22712
-30.23572
-30.24431
-30.25291
-30.26151
-30.27010
-30.27870
-30.28730
-30.29590
-30.30450
-30.31310
-30.32170
-30.33031
-30.33891
-30.34751
-30.35612
-30.36472
-30.37333
-30.38193
-30.39054
-30.39914
-30.40775
-30.41636
-30.42497
-30.43358
-30.44219
-30.45080
-30.45941
-30.46802
-30.47663
-30.48525
-30.49386
-30.50248
-30.51109
-30.51971
-30.52832
-30.53694
-30.54556
-30.55417
-30.56279
-30.57141
-30.58003
-30.58865
-30.59727
-30.60589
-30.61451
-30.62314
-30.63176
-30.64038
-30.64901
-30.65763
-30.66626
-30.67488
-30.68351
-30.69214
-30.70076
-30.70939
-30.71802
-30.72665
-30.73528
-30.74391
-30.75254
-30.76117
-30.76980
-30.77844
-30.78707
-30.79570
-30.80434
-30.81297
-30.82161
-30.83024
-30.83888
-30.84752
-30.85615
-30.86479
-30.87343
-30.88207
-30.89071
-30.89935
-30.90799
-30.91663
-30.92527
-30.93392
-30.94256
-30.95120
-30.95985
-30.96849
-30.97714
-30.98578
-30.99443
-31.00307
-31.01172
-31.02037
-31.02902
-31.03767
-31.04632
-31.05497
-31.06362
-31.07227
-31.08092
-31.08957
-31.09822
-31.10687
-31.11553
-31.12418
-31.13284
-31.14149
-31.15015
-31.15880
-31.16746
-31.17612
-31.18477
-31.19343
-31.20209
-31.21075
-31.21941
-31.22807
-31.23673
-31.24539
-31.25405
-31.26271
-31.27138
-31.28004
-31.28870
-31.29737
-31.30603
-31.31469
-31.32336
-31.33203
-31.34069
-31.34936
-31.35803
-31.36669
-31.37536
-31.38403
-31.39270
-31.40137
-31.41004
-31.41871
-31.42738
-31.43605
-31.44472
-31.45339
-31.46207
-31.47074
-31.47941
-31.48809
-31.49676
-31.50544
-31.51411
-31.52279
-31.53147
-31.54014
-31.54882
-31.55750
-31.56618
-31.57485
-31.58353
-31.59221
-31.60089
-31.60957
-31.61825
-31.62693
-31.63562
-31.64430
-31.65298
-31.66166
-31.67035
-31.67903
-31.68771
-31.69640
-31.70508
-31.71377
-31.72246
-31.73114
-31.73983
-31.74851
-31.75720
-31.76589
-31.77458
-31.78327
-31.79196
-31.80065
-31.80934
-31.81803
-31.82672
-31.83541
-31.84410
-31.85279
-31.86148
-31.87018
-31.87887
-31.88756
-31.89626
-31.90495
-31.91364
-31.92234
-31.93103
-31.93973
-31.94843
-31.95712
-31.96582
-31.97452
-31.98321
-31.99191
-32.00061
-32.00931
-32.01801
-32.02671
-32.03541
-32.04411
-32.05281
-32.06151
-32.07021
-32.07891
-32.08761
-32.09631
-32.10502
-32.11372
-32.12242
-32.13113
-32.13983
-32.14853
-32.15724
-32.16594
-32.17465
-32.18335
-32.19206
-32.20077
-32.20947
-32.21818
-32.22689
-32.23559
-32.24430
-32.25301
-32.26172
-32.27043
-32.27914
-32.28785
-32.29655
-32.30526
-32.31397
-32.32269
-32.33140
-32.34011
-32.34882
-32.35753
-32.36624
-32.37496
-32.38367
-32.39238
-32.40109
-32.40981
-32.41852
-32.42724
-32.43595
-32.44466
-32.45338
-32.46209
-32.47081
-32.47953
-32.48824
-32.49696
-32.50567
-32.51439
-32.52311
-32.53182
-32.54054
-32.54926
-32.55798
-32.56670
-32.57542
-32.58413
-32.59285
-32.60157
-32.61029
-32.61901
-32.62773
-32.63645
-32.64517
-32.65389
-32.66261
-32.67134
-32.68006
-32.68878
-32.69750
-32.70622
-32.71494
-32.72367
-32.73239
-32.74111
-32.74984
-32.75856
-32.76728
-32.77601
-32.78473
-32.79345
-32.80218
-32.81090
-32.81963
-32.82835
-32.83708
-32.84580
-32.85453
-32.86325
-32.87198
-32.88071
-32.88943
-32.89816
-32.90689
-32.91561
-32.92434
-32.93307
-32.94179
-32.95052
-32.95925
-32.96798
-32.97670
-32.98543
-32.99416
-33.00289
-33.01162
-33.02035
-33.02908
-33.03780
-33.04653
-33.05526
-33.06399
-33.07272
-33.08145
-33.09018
-33.09891
-33.10764
-33.11637
-33.12510
-33.13383
-33.14256
-33.15129
-33.16002
-33.16876
-33.17749
-33.18622
-33.19495
-33.20368
-33.21241
-33.22114
-33.22987
-33.23861
-33.24734
-33.25607
-33.26480
-33.27353
-33.28227
-33.29100
-33.29973
-33.30846
-33.31720
-33.32593
-33.33466
-33.34339
-33.35213
-33.36086
-33.36959
-33.37832
-33.38706
-33.39579
-33.40452
-33.41326
-33.42199
-33.43072
-33.43946
-33.44819
-33.45692
-33.46566
-33.47439
-33.48312
-33.49186
-33.50059
-33.50932
-33.51806
-33.52679
-33.53552
-33.54426
-33.55299
-33.56172
-33.57046
-33.57919
-33.58793
-33.59666
-33.60539
-33.61413
-33.62286
-33.63159
-33.64033
-33.64906
-33.65779
-33.66653
-33.67526
-33.68399
-33.69273
-33.70146
-33.71019
-33.71893
-33.72766
-33.73639
-33.74513
-33.75386
-33.76259
-33.77133
-33.78006
-33.78879
-33.79752
-33.80626
-33.81499
-33.82372
-33.83246
-33.84119
-33.84992
-33.85865
-33.86738
-33.87612
-33.88485
-33.89358
-33.90231
-33.91104
-33.91978
-33.92851
-33.93724
-33.94597
-33.95470
-33.96343
-33.97216
-33.98090
-33.98963
-33.99836
-34.00709
-34.01582
-34.02455
-34.03328
-34.04201
-34.05074
-34.05947
-34.06820
-34.07693
-34.08566
-34.09439
-34.10311
-34.11184
-34.12057
-34.12930
-34.13803
-34.14676
-34.15549
-34.16421
-34.17294
-34.18167
-34.19040
-34.19912
-34.20785
-34.21658
-34.22530
-34.23403
-34.24276
-34.25148
-34.26021
-34.26893
-34.27766
-34.28638
-34.29511
-34.30383
-34.31256
-34.32128
-34.33000
-34.33873
-34.34745
-34.35618
-34.36490
-34.37362
-34.38234
-34.39107
-34.39979
-34.40851
-34.41723
-34.42595
-34.43467
-34.44339
-34.45211
-34.46083
-34.46955
-34.47827
-34.48699
-34.49571
-34.50443
-34.51315
-34.52187
-34.53059
-34.53930
-34.54802
-34.55674
-34.56545
-34.57417
-34.58289
-34.59160
-34.60032
-34.60903
-34.61775
-34.62646
-34.63517
-34.64389
-34.65260
-34.66131
-34.67003
-34.67874
-34.68745
-34.69616
-34.70487
-34.71358
-34.72229
-34.73100
-34.73971
-34.74842
-34.75713
-34.76584
-34.77455
-34.78326
-34.79196
-34.80067
-34.80938
-34.81808
-34.82679
-34.83549
-34.84420
-34.85290
-34.86161
-34.87031
-34.87901
-34.88772
-34.89642
-34.90512
-34.91382
-34.92252
-34.93122
-34.93992
-34.94862
-34.95732
-34.96602
-34.97472
-34.98341
-34.99211
-35.00081
-35.00950
-35.01820
-35.02689
-35.03559
-35.04428
-35.05298
-35.06167
-35.07036
-35.07905
-35.08775
-35.09644
-35.10513
-35.11382
-35.12251
-35.13120
-35.13988
-35.14857
-35.15726
-35.16595
-35.17463
-35.18332
-35.19200
-35.20069
-35.20937
-35.21805
-35.22674
-35.23542
-35.24410
-35.25278
-35.26146
-35.27014
-35.27882
-35.28750
-35.29618
-35.30486
-35.31353
-35.32221
-35.33088
-35.33956
-35.34823
-35.35691
-35.36558
-35.37425
-35.38292
-35.39159
-35.40026
-35.40893
-35.41760
-35.42627
-35.43494
-35.44361
-35.45227
-35.46094
-35.46960
-35.47827
-35.48693
-35.49559
-35.50425
-35.51292
-35.52158
-35.53024
-35.53890
-35.54755
-35.55621
-35.56487
-35.57352
-35.58218
-35.59084
-35.59949
-35.60814
-35.61679
-35.62545
-35.63410
-35.64275
-35.65140
-35.66005
-35.66869
-35.67734
-35.68599
-35.69463
-35.70328
-35.71192
-35.72056
-35.72921
-35.73785
-35.74649
-35.75513
-35.76377
-35.77240
-35.78104
-35.78968
-35.79831
-35.80695
-35.81558
-35.82421
-35.83285
-35.84148
-35.85011
-35.85874
-35.86737
-35.87599
-35.88462
-35.89325
-35.90187
-35.91049
-35.91912
-35.92774
-35.93636
-35.94498
-35.95360
-35.96222
-35.97084
-35.97945
-35.98807
-35.99668
-36.00530
-36.01391
-36.02252
-36.03113
-36.03974
-36.04835
-36.05696
-36.06556
-36.07417
-36.08277
-36.09138
-36.09998
-36.10858
-36.11718
-36.12578
-36.13438
-36.14298
-36.15157
-36.16017
-36.16876
-36.17736
-36.18595
-36.19454
-36.20313
-36.21172
-36.22031
-36.22889
-36.23748
-36.24607
-36.25465
-36.26323
-36.27181
-36.28039
-36.28897
-36.29755
-36.30613
-36.31470
-36.32328
-36.33185
-36.34042
-36.34899
-36.35756
-36.36613
-36.37470
-36.38326
-36.39183
-36.40039
-36.40896
-36.41752
-36.42608
-36.43464
-36.44319
-36.45175
-36.46031
-36.46886
-36.47741
-36.48597
-36.49452
-36.50306
-36.51161
-36.52016
-36.52870
-36.53725
-36.54579
-36.55433
-36.56287
-36.57141
-36.57995
-36.58849
-36.59702
-36.60555
-36.61409
-36.62262
-36.63115
-36.63967
-36.64820
-36.65673
-36.66525
-36.67377
-36.68229
-36.69081
-36.69933
-36.70785
-36.71637
-36.72488
-36.73339
-36.74191
-36.75042
-36.75892
-36.76743
-36.77594
-36.78444
-36.79294
-36.80145
-36.80995
-36.81844
-36.82694
-36.83544
-36.84393
-36.85242
-36.86091
-36.86940
-36.87789
-36.88638
-36.89486
-36.90335
-36.91183
-36.92031
-36.92879
-36.93727
-36.94574
-36.95422
-36.96269
-36.97116
-36.97963
-36.98810
-36.99656
-37.00503
-37.01349
-37.02195
-37.03041
-37.03887
-37.04733
-37.05578
-37.06423
-37.07268
-37.08113
-37.08958
-37.09803
-37.10647
-37.11492
-37.12336
-37.13180
-37.14024
-37.14867
-37.15711
-37.16554
-37.17397
-37.18240
-37.19083
-37.19925
-37.20768
-37.21610
-37.22452
-37.23294
-37.24136
-37.24977
-37.25819
-37.26660
-37.27501
-37.28341
-37.29182
-37.30022
-37.30863
-37.31703
-37.32543
-37.33382
-37.34222
-37.35061
-37.35900
-37.36739
-37.37578
-37.38416
-37.39255
-37.40093
-37.40931
-37.41769
-37.42606
-37.43444
-37.44281
-37.45118
-37.45955
-37.46791
-37.47628
-37.48464
-37.49300
-37.50136
-37.50971
-37.51807
-37.52642
-37.53477
-37.54312
-37.55146
-37.55981
-37.56815
-37.57649
-37.58482
-37.59316
-37.60149
-37.60982
-37.61815
-37.62648
-37.63481
-37.64313
-37.65145
-37.65977
-37.66808
-37.67640
-37.68471
-37.69302
-37.70133
-37.70963
-37.71794
-37.72624
-37.73454
-37.74283
-37.75113
-37.75942
-37.76771
-37.77600
-37.78428
-37.79256
-37.80084
-37.80912
-37.81740
-37.82567
-37.83394
-37.84221
-37.85048
-37.85874
-37.86701
-37.87527
-37.88352
-37.89178
-37.90003
-37.90828
-37.91653
-37.92477
-37.93302
-37.94126
-37.94950
-37.95773
-37.96597
-37.97420
-37.98243
-37.99065
-37.99887
-38.00710
-38.01531
-38.02353
-38.03174
-38.03995
-38.04816
-38.05637
-38.06457
-38.07277
-38.08097
-38.08917
-38.09736
-38.10555
-38.11374
-38.12192
-38.13010
-38.13828
-38.14646
-38.15464
-38.16281
-38.17098
-38.17914
-38.18731
-38.19547
-38.20363
-38.21178
-38.21994
-38.22809
-38.23624
-38.24438
-38.25252
-38.26066
-38.26880
-38.27693
-38.28506
-38.29319
-38.30132
-38.30944
-38.31756
-38.32568
-38.33379
-38.34190
-38.35001
-38.35812
-38.36622
-38.37432
-38.38241
-38.39051
-38.39860
-38.40669
-38.41477
-38.42285
-38.43093
-38.43901
-38.44708
-38.45515
-38.46322
-38.47128
-38.47935
-38.48740
-38.49546
-38.50351
-38.51156
-38.51961
-38.52765
-38.53569
-38.54372
-38.55176
-38.55979
-38.56782
-38.57584
-38.58386
-38.59188
-38.59989
-38.60790
-38.61591
-38.62392
-38.63192
-38.63992
-38.64791
-38.65591
-38.66389
-38.67188
-38.67986
-38.68784
-38.69582
-38.70379
-38.71176
-38.71972
-38.72769
-38.73565
-38.74360
-38.75155
-38.75950
-38.76745
-38.77539
-38.78333
-38.79126
-38.79920
-38.80712
-38.81505
-38.82297
-38.83089
-38.83880
-38.84671
-38.85462
-38.86253
-38.87043
-38.87832
-38.88622
-38.89411
-38.90199
-38.90987
-38.91775
-38.92563
-38.93350
-38.94137
-38.94923
-38.95709
-38.96495
-38.97280
-38.98065
-38.98850
-38.99634
-39.00418
-39.01201
-39.01985
-39.02767
-39.03550
-39.04332
-39.05113
-39.05894
-39.06675
-39.07456
-39.08236
-39.09015
-39.09795
-39.10573
-39.11352
-39.12130
-39.12908
-39.13685
-39.14462
-39.15238
-39.16015
-39.16790
-39.17566
-39.18341
-39.19115
-39.19889
-39.20663
-39.21436
-39.22209
-39.22982
-39.23754
-39.24525
-39.25297
-39.26067
-39.26838
-39.27608
-39.28377
-39.29147
-39.29915
-39.30684
-39.31452
-39.32219
-39.32986
-39.33753
-39.34519
-39.35285
-39.36050
-39.36815
-39.37580
-39.38344
-39.39107
-39.39870
-39.40633
-39.41395
-39.42157
-39.42919
-39.43680
-39.44440
-39.45200
-39.45960
-39.46719
-39.47478
-39.48236
-39.48994
-39.49751
-39.50508
-39.51264
-39.52020
-39.52776
-39.53531
-39.54285
-39.55040
-39.55793
-39.56546
-39.57299
-39.58051
-39.58803
-39.59555
-39.60305
-39.61056
-39.61806
-39.62555
-39.63304
-39.64052
-39.64800
-39.65548
-39.66295
-39.67041
-39.67787
-39.68533
-39.69278
-39.70022
-39.70766
-39.71510
-39.72253
-39.72995
-39.73737
-39.74479
-39.75220
-39.75960
-39.76700
-39.77440
-39.78179
-39.78917
-39.79655
-39.80393
-39.81130
-39.81866
-39.82602
-39.83337
-39.84072
-39.84806
-39.85540
-39.86273
-39.87006
-39.87738
-39.88470
-39.89201
-39.89932
-39.90662
-39.91391
-39.92120
-39.92849
-39.93577
-39.94304
-39.95031
-39.95757
-39.96483
-39.97208
-39.97932
-39.98656
-39.99380
-40.00103
-40.00825
-40.01547
-40.02268
-40.02989
-40.03709
-40.04428
-40.05147
-40.05866
-40.06584
-40.07301
-40.08017
-40.08733
-40.09449
-40.10164
-40.10878
-40.11592
-40.12305
-40.13018
-40.13730
-40.14441
-40.15152
-40.15862
-40.16571
-40.17280
-40.17989
-40.18697
-40.19404
-40.20110
-40.20816
-40.21522
-40.22226
-40.22930
-40.23634
-40.24337
-40.25039
-40.25741
-40.26442
-40.27142
-40.27842
-40.28541
-40.29239
-40.29937
-40.30634
-40.31331
-40.32027
-40.32722
-40.33417
-40.34111
-40.34804
-40.35497
-40.36189
-40.36880
-40.37571
-40.38261
-40.38951
-40.39639
-40.40328
-40.41015
-40.41702
-40.42388
-40.43073
-40.43758
-40.44442
-40.45126
-40.45808
-40.46491
-40.47172
-40.47853
-40.48533
-40.49212
-40.49891
-40.50569
-40.51246
-40.51922
-40.52598
-40.53273
-40.53948
-40.54621
-40.55295
-40.55967
-40.56638
-40.57309
-40.57980
-40.58649
-40.59318
-40.59986
-40.60653
-40.61320
-40.61986
-40.62651
-40.63315
-40.63979
-40.64642
-40.65304
-40.65965
-40.66626
-40.67286
-40.67945
-40.68604
-40.69261
-40.69918
-40.70574
-40.71230
-40.71884
-40.72538
-40.73192
-40.73844
-40.74495
-40.75146
-40.75796
-40.76446
-40.77094
-40.77742
-40.78389
-40.79035
-40.79680
-40.80325
-40.80969
-40.81612
-40.82254
-40.82895
-40.83536
-40.84176
-40.84815
-40.85453
-40.86090
-40.86727
-40.87362
-40.87997
-40.88631
-40.89265
-40.89897
-40.90529
-40.91159
-40.91789
-40.92418
-40.93047
-40.93674
-40.94301
-40.94926
-40.95551
-40.96175
-40.96799
-40.97421
-40.98042
-40.98663
-40.99283
-40.99902
-41.00520
-41.01137
-41.01753
-41.02369
-41.02983
-41.03597
-41.04209
-41.04821
-41.05432
-41.06042
-41.06652
-41.07260
-41.07867
-41.08474
-41.09079
-41.09684
-41.10288
-41.10891
-41.11493
-41.12094
-41.12694
-41.13293
-41.13891
-41.14489
-41.15085
-41.15680
-41.16275
-41.16869
-41.17461
-41.18053
-41.18644
-41.19233
-41.19822
-41.20410
-41.20997
-41.21583
-41.22168
-41.22752
-41.23335
-41.23917
-41.24498
-41.25079
-41.25658
-41.26236
-41.26813
-41.27389
-41.27965
-41.28539
-41.29112
-41.29684
-41.30255
-41.30826
-41.31395
-41.31963
-41.32530
-41.33096
-41.33661
-41.34226
-41.34789
-41.35351
-41.35912
-41.36472
-41.37031
-41.37588
-41.38145
-41.38701
-41.39256
-41.39809
-41.40362
-41.40914
-41.41464
-41.42013
-41.42562
-41.43109
-41.43655
-41.44200
-41.44744
-41.45287
-41.45829
-41.46370
-41.46910
-41.47448
-41.47986
-41.48522
-41.49057
-41.49591
-41.50124
-41.50656
-41.51187
-41.51717
-41.52245
-41.52773
-41.53299
-41.53824
-41.54348
-41.54871
-41.55392
-41.55913
-41.56432
-41.56951
-41.57468
-41.57983
-41.58498
-41.59012
-41.59524
-41.60035
-41.60545
-41.61054
-41.61562
-41.62068
-41.62573
-41.63077
-41.63580
-41.64082
-41.64582
-41.65081
-41.65579
-41.66076
-41.66571
-41.67066
-41.67559
-41.68051
-41.68541
-41.69031
-41.69519
-41.70005
-41.70491
-41.70975
-41.71458
-41.71940
-41.72421
-41.72900
-41.73378
-41.73855
-41.74330
-41.74804
-41.75277
-41.75749
-41.76219
-41.76688
-41.77155
-41.77622
-41.78087
-41.78550
-41.79013
-41.79474
-41.79933
-41.80392
-41.80849
-41.81304
-41.81759
-41.82212
-41.82663
-41.83114
-41.83563
-41.84010
-41.84456
-41.84901
-41.85345
-41.85787
-41.86227
-41.86666
-41.87104
-41.87541
-41.87976
-41.88410
-41.88842
-41.89273
-41.89702
-41.90130
-41.90557
-41.90982
-41.91405
-41.91828
-41.92248
-41.92668
-41.93086
-41.93502
-41.93917
-41.94331
-41.94743
-41.95153
-41.95562
-41.95970
-41.96376
-41.96781
-41.97184
-41.97586
-41.97986
-41.98384
-41.98781
-41.99177
-41.99571
-41.99964
-42.00355
-42.00744
-42.01132
-42.01518
-42.01903
-42.02287
-42.02668
-42.03048
-42.03427
-42.03804
-42.04180
-42.04553
-42.04926
-42.05296
-42.05665
-42.06033
-42.06399
-42.06763
-42.07126
-42.07487
-42.07846
-42.08204
-42.08560
-42.08914
-42.09267
-42.09619
-42.09968
-42.10316
-42.10662
-42.11007
-42.11350
-42.11691
-42.12030
-42.12368
-42.12704
-42.13039
-42.13371
-42.13702
-42.14032
-42.14359
-42.14685
-42.15009
-42.15332
-42.15652
-42.15971
-42.16289
-42.16604
-42.16918
-42.17229
-42.17540
-42.17848
-42.18154
-42.18459
-42.18762
-42.19063
-42.19363
-42.19660
-42.19956
-42.20250
-42.20542
-42.20833
-42.21121
-42.21408
-42.21692
-42.21975
-42.22256
-42.22536
-42.22813
-42.23088
-42.23362
-42.23634
-42.23903
-42.24171
-42.24437
-42.24701
-42.24964
-42.25224
-42.25482
-42.25739
-42.25993
-42.26246
-42.26496
-42.26745
-42.26992
-42.27236
-42.27479
-42.27720
-42.27959
-42.28195
-42.28430
-42.28663
-42.28894
-42.29123
-42.29349
-42.29574
-42.29797
-42.30017
-42.30236
-42.30453
-42.30667
-42.30880
-42.31090
-42.31298
-42.31505
-42.31709
-42.31911
-42.32111
-42.32309
-42.32505
-42.32698
-42.32890
-42.33079
-42.33266
-42.33452
-42.33635
-42.33815
-42.33994
-42.34171
-42.34345
-42.34517
-42.34687
-42.34855
-42.35020
-42.35184
-42.35345
-42.35504
-42.35660
-42.35815
-42.35967
-42.36117
-42.36265
-42.36410
-42.36553
-42.36694
-42.36833
-42.36969
-42.37103
-42.37235
-42.37365
-42.37492
-42.37616
-42.37739
-42.37859
-42.37977
-42.38092
-42.38205
-42.38316
-42.38425
-42.38531
-42.38634
-42.38735
-42.38834
-42.38931
-42.39025
-42.39116
-42.39205
-42.39292
-42.39376
-42.39458
-42.39537
-42.39614
-42.39689
-42.39761
-42.39830
-42.39897
-42.39961
-42.40023
-42.40083
-42.40140
-42.40194
-42.40246
-42.40295
-42.40342
-42.40386
-42.40428
-42.40467
-42.40503
-42.40537
-42.40568
-42.40597
-42.40623
-42.40646
-42.40667
-42.40685
-42.40700
-42.40713
-42.40723
-42.40731
-42.40735
-42.40737
-42.40737
-42.40733
-42.40727
-42.40719
-42.40707
-42.40693
-42.40676
-42.40656
-42.40634
-42.40608
-42.40580
-42.40550
-42.40516
-42.40479
-42.40440
-42.40398
-42.40353
-42.40305
-42.40255
-42.40201
-42.40145
-42.40086
-42.40024
-42.39959
-42.39891
-42.39820
-42.39747
-42.39670
-42.39590
-42.39508
-42.39422
-42.39334
-42.39243
-42.39148
-42.39051
-42.38951
-42.38847
-42.38741
-42.38631
-42.38519
-42.38404
-42.38285
-42.38163
-42.38039
-42.37911
-42.37780
-42.37646
-42.37509
-42.37369
-42.37226
-42.37080
-42.36930
-42.36777
-42.36621
-42.36462
-42.36300
-42.36135
-42.35966
-42.35794
-42.35619
-42.35441
-42.35259
-42.35075
-42.34886
-42.34695
-42.34501
-42.34303
-42.34101
-42.33897
-42.33689
-42.33478
-42.33263
-42.33046
-42.32824
-42.32600
-42.32372
-42.32141
-42.31906
-42.31668
-42.31426
-42.31181
-42.30933
-42.30681
-42.30425
-42.30166
-42.29904
-42.29638
-42.29369
-42.29096
-42.28820
-42.28540
-42.28256
-42.27969
-42.27679
-42.27384
-42.27087
-42.26785
-42.26480
-42.26172
-42.25859
-42.25544
-42.25224
-42.24901
-42.24574
-42.24243
-42.23909
-42.23571
-42.23229
-42.22884
-42.22535
-42.22182
-42.21825
-42.21465
-42.21100
-42.20732
-42.20360
-42.19985
-42.19605
-42.19222
-42.18834
-42.18443
-42.18048
-42.17649
-42.17246
-42.16840
-42.16429
-42.16014
-42.15596
-42.15173
-42.14747
-42.14316
-42.13882
-42.13443
-42.13001
-42.12554
-42.12104
-42.11649
-42.11190
-42.10727
-42.10260
-42.09789
-42.09314
-42.08835
-42.08352
-42.07864
-42.07372
-42.06876
-42.06376
-42.05872
-42.05363
-42.04851
-42.04333
-42.03812
-42.03287
-42.02757
-42.02223
-42.01684
-42.01141
-42.00594
-42.00043
-41.99487
-41.98927
-41.98362
-41.97793
-41.97220
-41.96642
-41.96060
-41.95473
-41.94882
-41.94286
-41.93686
-41.93082
-41.92473
-41.91859
-41.91241
-41.90618
-41.89991
-41.89359
-41.88722
-41.88081
-41.87435
-41.86785
-41.86130
-41.85470
-41.84806
-41.84137
-41.83463
-41.82784
-41.82101
-41.81413
-41.80721
-41.80023
-41.79321
-41.78614
-41.77902
-41.77185
-41.76464
-41.75737
-41.75006
-41.74270
-41.73529
-41.72783
-41.72032
-41.71276
-41.70515
-41.69749
-41.68978
-41.68203
-41.67422
-41.66636
-41.65845
-41.65049
-41.64248
-41.63442
-41.62631
-41.61815
-41.60993
-41.60167
-41.59335
-41.58498
-41.57656
-41.56809
-41.55957
-41.55099
-41.54236
-41.53368
-41.52494
-41.51616
-41.50732
-41.49842
-41.48947
-41.48047
-41.47142
-41.46231
-41.45315
-41.44393
-41.43466
-41.42534
-41.41596
-41.40653
-41.39704
-41.38749
-41.37789
-41.36824
-41.35853
-41.34877
-41.33895
-41.32907
-41.31914
-41.30915
-41.29910
-41.28900
-41.27884
-41.26863
-41.25836
-41.24803
-41.23764
-41.22720
-41.21670
-41.20614
-41.19552
-41.18485
-41.17411
-41.16332
-41.15247
-41.14156
-41.13060
-41.11957
-41.10848
-41.09734
-41.08614
-41.07487
-41.06355
-41.05217
-41.04072
-41.02922
-41.01766
-41.00603
-40.99435
-40.98260
-40.97080
-40.95893
-40.94700
-40.93501
-40.92296
-40.91085
-40.89867
-40.88644
-40.87414
-40.86178
-40.84935
-40.83687
-40.82432
-40.81171
-40.79903
-40.78629
-40.77349
-40.76063
-40.74770
-40.73470
-40.72165
-40.70853
-40.69534
-40.68209
-40.66878
-40.65540
-40.64196
-40.62845
-40.61487
-40.60123
-40.58753
-40.57376
-40.55992
-40.54602
-40.53205
-40.51802
-40.50392
-40.48975
-40.47552
-40.46122
-40.44685
-40.43242
-40.41792
-40.40335
-40.38871
-40.37401
-40.35924
-40.34440
-40.32949
-40.31451
-40.29947
-40.28436
-40.26918
-40.25393
-40.23861
-40.22322
-40.20776
-40.19224
-40.17664
-40.16098
-40.14524
-40.12944
-40.11356
-40.09762
-40.08161
-40.06552
-40.04937
-40.03314
-40.01684
-40.00048
-39.98404
-39.96753
-39.95095
-39.93430
-39.91758
-39.90078
-39.88392
-39.86698
-39.84997
-39.83289
-39.81574
-39.79851
-39.78122
-39.76385
-39.74640
-39.72889
-39.71130
-39.69364
-39.67591
-39.65810
-39.64022
-39.62227
-39.60425
-39.58615
-39.56798
-39.54973
-39.53141
-39.51302
-39.49456
-39.47602
-39.45740
-39.43872
-39.41996
-39.40112
-39.38221
-39.36323
-39.34417
-39.32504
-39.30583
-39.28655
-39.26720
-39.24777
-39.22826
-39.20869
-39.18903
-39.16930
-39.14950
-39.12963
-39.10967
-39.08965
-39.06955
-39.04937
-39.02912
-39.00879
-38.98839
-38.96792
-38.94737
-38.92675
-38.90605
-38.88527
-38.86442
-38.84350
-38.82250
-38.80143
-38.78028
-38.75906
-38.73776
-38.71639
-38.69494
-38.67342
-38.65183
-38.63016
-38.60842
-38.58660
-38.56471
-38.54274
-38.52070
-38.49859
-38.47640
-38.45414
-38.43180
-38.40939
-38.38691
-38.36436
-38.34173
-38.31903
-38.29625
-38.27341
-38.25049
-38.22750
-38.20443
-38.18130
-38.15809
-38.13481
-38.11146
-38.08804
-38.06454
-38.04098
-38.01734
-37.99364
-37.96986
-37.94602
-37.92210
-37.89811
-37.87406
-37.84994
-37.82575
-37.80149
-37.77716
-37.75276
-37.72830
-37.70377
-37.67917
-37.65451
-37.62978
-37.60498
-37.58012
-37.55519
-37.53020
-37.50515
-37.48003
-37.45485
-37.42960
-37.40430
-37.37893
-37.35350
-37.32801
-37.30245
-37.27684
-37.25117
-37.22544
-37.19965
-37.17380
-37.14790
-37.12194
-37.09592
-37.06985
-37.04372
-37.01754
-36.99131
-36.96502
-36.93868
-36.91229
-36.88585
-36.85935
-36.83281
-36.80622
-36.77959
-36.75290
-36.72617
-36.69940
-36.67258
-36.64571
-36.61881
-36.59186
-36.56487
-36.53785
-36.51078
-36.48368
-36.45654
-36.42936
-36.40215
-36.37490
-36.34763
-36.32032
-36.29298
-36.26561
-36.23822
-36.21080
-36.18335
-36.15588
-36.12839
-36.10087
-36.07334
-36.04578
-36.01821
-35.99063
-35.96303
-35.93542
-35.90779
-35.88016
-35.85252
-35.82487
-35.79722
-35.76956
-35.74191
-35.71425
-35.68660
