1.00000
1.00000
1.00000
0.99999
0.99999
0.99999
0.99999
0.99998
0.99998
0.99998
0.99998
0.99997
0.99997
0.99997
0.99996
0.99996
0.99996
0.99996
0.99995
0.99995
0.99995
0.99994
0.99994
0.99994
0.99994
0.99993
0.99993
0.99993
0.99992
0.99992
0.99992
0.99991
0.99991
0.99991
0.99990
0.99990
0.99990
0.99989
0.99989
0.99988
0.99988
0.99988
0.99987
0.99987
0.99987
0.99986
0.99986
0.99986
0.99985
0.99985
0.99984
0.99984
0.99984
0.99983
0.99983
0.99982
0.99982
0.99982
0.99981
0.99981
0.99980
0.99980
0.99979
0.99979
0.99979
0.99978
0.99978
0.99977
0.99977
0.99976
0.99976
0.99975
0.99975
0.99974
0.99974
0.99973
0.99973
0.99972
0.99972
0.99972
0.99971
0.99971
0.99970
0.99970
0.99969
0.99969
0.99968
0.99967
0.99967
0.99966
0.99966
0.99965
0.99965
0.99964
0.99964
0.99963
0.99963
0.99962
0.99962
0.99961
0.99961
0.99960
0.99959
0.99959
0.99958
0.99958
0.99957
0.99957
0.99956
0.99955
0.99955
0.99954
0.99954
0.99953
0.99952
0.99952
0.99951
0.99951
0.99950
0.99949
0.99949
0.99948
0.99947
0.99947
0.99946
0.99946
0.99945
0.99944
0.99944
0.99943
0.99942
0.99942
0.99941
0.99940
0.99940
0.99939
0.99938
0.99938
0.99937
0.99936
0.99936
0.99935
0.99934
0.99933
0.99933
0.99932
0.99931
0.99931
0.99930
0.99929
0.99928
0.99928
0.99927
0.99926
0.99926
0.99925
0.99924
0.99923
0.99923
0.99922
0.99921
0.99920
0.99920
0.99919
0.99918
0.99917
0.99916
0.99916
0.99915
0.99914
0.99913
0.99913
0.99912
0.99911
0.99910
0.99909
0.99909
0.99908
0.99907
0.99906
0.99905
0.99905
0.99904
0.99903
0.99902
0.99901
0.99900
0.99900
0.99899
0.99898
0.99897
0.99896
0.99895
0.99894
0.99894
0.99893
0.99892
0.99891
0.99890
0.99889
0.99888
0.99887
0.99886
0.99886
0.99885
0.99884
0.99883
0.99882
0.99881
0.99880
0.99879
0.99878
0.99877
0.99876
0.99876
0.99875
0.99874
0.99873
0.99872
0.99871
0.99870
0.99869
0.99868
0.99867
0.99866
0.99865
0.99864
0.99863
0.99862
0.99861
0.99860
0.99859
0.99858
0.99857
0.99856
0.99855
0.99854
0.99853
0.99852
0.99851
0.99850
0.99849
0.99848
0.99847
0.99846
0.99845
0.99844
0.99843
0.99842
0.99841
0.99840
0.99839
0.99838
0.99837
0.99836
0.99835
0.99833
0.99832
0.99831
0.99830
0.99829
0.99828
0.99827
0.99826
0.99825
0.99824
0.99823
0.99822
0.99820
0.99819
0.99818
0.99817
0.99816
0.99815
0.99814
0.99813
0.99811
0.99810
0.99809
0.99808
0.99807
0.99806
0.99805
0.99803
0.99802
0.99801
0.99800
0.99799
0.99798
0.99796
0.99795
0.99794
0.99793
0.99792
0.99790
0.99789
0.99788
0.99787
0.99786
0.99784
0.99783
0.99782
0.99781
0.99780
0.99778
0.99777
0.99776
0.99775
0.99773
0.99772
0.99771
0.99770
0.99768
0.99767
0.99766
0.99765
0.99763
0.99762
0.99761
0.99760
0.99758
0.99757
0.99756
0.99754
0.99753
0.99752
0.99751
0.99749
0.99748
0.99747
0.99745
0.99744
0.99743
0.99741
0.99740
0.99739
0.99737
0.99736
0.99735
0.99733
0.99732
0.99731
0.99729
0.99728
0.99727
0.99725
0.99724
0.99723
0.99721
0.99720
0.99718
0.99717
0.99716
0.99714
0.99713
0.99711
0.99710
0.99709
0.99707
0.99706
0.99704
0.99703
0.99702
0.99700
0.99699
0.99697
0.99696
0.99695
0.99693
0.99692
0.99690
0.99689
0.99687
0.99686
0.99684
0.99683
0.99681
0.99680
0.99679
0.99677
0.99676
0.99674
0.99673
0.99671
0.99670
0.99668
0.99667
0.99665
0.99664
0.99662
0.99661
0.99659
0.99658
0.99656
0.99655
0.99653
0.99652
0.99650
0.99649
0.99647
0.99645
0.99644
0.99642
0.99641
0.99639
0.99638
0.99636
0.99635
0.99633
0.99631
0.99630
0.99628
0.99627
0.99625
0.99624
0.99622
0.99620
0.99619
0.99617
0.99616
0.99614
0.99612
0.99611
0.99609
0.99607
0.99606
0.99604
0.99603
0.99601
0.99599
0.99598
0.99596
0.99594
0.99593
0.99591
0.99589
0.99588
0.99586
0.99584
0.99583
0.99581
0.99579
0.99578
0.99576
0.99574
0.99573
0.99571
0.99569
0.99568
0.99566
0.99564
0.99563
0.99561
0.99559
0.99557
0.99556
0.99554
0.99552
0.99550
0.99549
0.99547
0.99545
0.99544
0.99542
0.99540
0.99538
0.99537
0.99535
0.99533
0.99531
0.99529
0.99528
0.99526
0.99524
0.99522
0.99521
0.99519
0.99517
0.99515
0.99513
0.99512
0.99510
0.99508
0.99506
0.99504
0.99503
0.99501
0.99499
0.99497
0.99495
0.99493
0.99492
0.99490
0.99488
0.99486
0.99484
0.99482
0.99480
0.99479
0.99477
0.99475
0.99473
0.99471
0.99469
0.99467
0.99465
0.99464
0.99462
0.99460
0.99458
0.99456
0.99454
0.99452
0.99450
0.99448
0.99446
0.99445
0.99443
0.99441
0.99439
0.99437
0.99435
0.99433
0.99431
0.99429
0.99427
0.99425
0.99423
0.99421
0.99419
0.99417
0.99415
0.99413
0.99411
0.99409
0.99407
0.99405
0.99403
0.99401
0.99399
0.99397
0.99395
0.99393
0.99391
0.99389
0.99387
0.99385
0.99383
0.99381
0.99379
0.99377
0.99375
0.99373
0.99371
0.99369
0.99367
0.99365
0.99363
0.99361
0.99359
0.99357
0.99355
0.99353
0.99351
0.99349
0.99346
0.99344
0.99342
0.99340
0.99338
0.99336
0.99334
0.99332
0.99330
0.99328
0.99325
0.99323
0.99321
0.99319
0.99317
0.99315
0.99313
0.99311
0.99308
0.99306
0.99304
0.99302
0.99300
0.99298
0.99296
0.99293
0.99291
0.99289
0.99287
0.99285
0.99282
0.99280
0.99278
0.99276
0.99274
0.99272
0.99269
0.99267
0.99265
0.99263
0.99261
0.99258
0.99256
0.99254
0.99252
0.99249
0.99247
0.99245
0.99243
0.99240
0.99238
0.99236
0.99234
0.99231
0.99229
0.99227
0.99225
0.99222
0.99220
0.99218
0.99216
0.99213
0.99211
0.99209
0.99206
0.99204
0.99202
0.99200
0.99197
0.99195
0.99193
0.99190
0.99188
0.99186
0.99183
0.99181
0.99179
0.99176
0.99174
0.99172
0.99169
0.99167
0.99165
0.99162
0.99160
0.99158
0.99155
0.99153
0.99150
0.99148
0.99146
0.99143
0.99141
0.99139
0.99136
0.99134
0.99131
0.99129
0.99127
0.99124
0.99122
0.99119
0.99117
0.99115
0.99112
0.99110
0.99107
0.99105
0.99102
0.99100
0.99098
0.99095
0.99093
0.99090
0.99088
0.99085
0.99083
0.99080
0.99078
0.99075
0.99073
0.99070
0.99068
0.99066
0.99063
0.99061
0.99058
0.99056
0.99053
0.99051
0.99048
0.99046
0.99043
0.99040
0.99038
0.99035
0.99033
0.99030
0.99028
0.99025
0.99023
0.99020
0.99018
0.99015
0.99013
0.99010
0.99007
0.99005
0.99002
0.99000
0.98997
0.98995
0.98992
0.98989
0.98987
0.98984
0.98982
0.98979
0.98977
0.98974
0.98971
0.98969
0.98966
0.98963
0.98961
0.98958
0.98956
0.98953
0.98950
0.98948
0.98945
0.98942
0.98940
0.98937
0.98934
0.98932
0.98929
0.98927
0.98924
0.98921
0.98919
0.98916
0.98913
0.98910
0.98908
0.98905
0.98902
0.98900
0.98897
0.98894
0.98892
0.98889
0.98886
0.98883
0.98881
0.98878
0.98875
0.98873
0.98870
0.98867
0.98864
0.98862
0.98859
0.98856
0.98853
0.98851
0.98848
0.98845
0.98842
0.98840
0.98837
0.98834
0.98831
0.98829
0.98826
0.98823
0.98820
0.98817
0.98815
0.98812
0.98809
0.98806
0.98803
0.98801
0.98798
0.98795
0.98792
0.98789
0.98786
0.98784
0.98781
0.98778
0.98775
0.98772
0.98769
0.98767
0.98764
0.98761
0.98758
0.98755
0.98752
0.98749
0.98747
0.98744
0.98741
0.98738
0.98735
0.98732
0.98729
0.98726
0.98723
0.98721
0.98718
0.98715
0.98712
0.98709
0.98706
0.98703
0.98700
0.98697
0.98694
0.98691
0.98688
0.98685
0.98682
0.98680
0.98677
0.98674
0.98671
0.98668
0.98665
0.98662
0.98659
0.98656
0.98653
0.98650
0.98647
0.98644
0.98641
0.98638
0.98635
0.98632
0.98629
0.98626
0.98623
0.98620
0.98617
0.98614
0.98611
0.98608
0.98605
0.98602
0.98599
0.98596
0.98593
0.98590
0.98586
0.98583
0.98580
0.98577
0.98574
0.98571
0.98568
0.98565
0.98562
0.98559
0.98556
0.98553
0.98550
0.98547
0.98543
0.98540
0.98537
0.98534
0.98531
0.98528
0.98525
0.98522
0.98519
0.98515
0.98512
0.98509
0.98506
0.98503
0.98500
0.98497
0.98493
0.98490
0.98487
0.98484
0.98481
0.98478
0.98474
0.98471
0.98468
0.98465
0.98462
0.98459
0.98455
0.98452
0.98449
0.98446
0.98443
0.98439
0.98436
0.98433
0.98430
0.98427
0.98423
0.98420
0.98417
0.98414
0.98410
0.98407
0.98404
0.98401
0.98397
0.98394
0.98391
0.98388
0.98384
0.98381
0.98378
0.98375
0.98371
0.98368
0.98365
0.98361
0.98358
0.98355
0.98352
0.98348
0.98345
0.98342
0.98338
0.98335
0.98332
0.98328
0.98325
0.98322
0.98319
0.98315
0.98312
0.98309
0.98305
0.98302
0.98298
0.98295
0.98292
0.98288
0.98285
0.98282
0.98278
0.98275
0.98272
0.98268
0.98265
0.98261
0.98258
0.98255
0.98251
0.98248
0.98245
0.98241
0.98238
0.98234
0.98231
0.98227
0.98224
0.98221
0.98217
0.98214
0.98210
0.98207
0.98203
0.98200
0.98197
0.98193
0.98190
0.98186
0.98183
0.98179
0.98176
0.98172
0.98169
0.98165
0.98162
0.98158
0.98155
0.98152
0.98148
0.98145
0.98141
0.98138
0.98134
0.98131
0.98127
0.98124
0.98120
0.98116
0.98113
0.98109
0.98106
0.98102
0.98099
0.98095
0.98092
0.98088
0.98085
0.98081
0.98078
0.98074
0.98070
0.98067
0.98063
0.98060
0.98056
0.98053
0.98049
0.98045
0.98042
0.98038
0.98035
0.98031
0.98027
0.98024
0.98020
0.98017
0.98013
0.98009
0.98006
0.98002
0.97999
0.97995
0.97991
0.97988
0.97984
0.97980
0.97977
0.97973
0.97969
0.97966
0.97962
0.97958
0.97955
0.97951
0.97947
0.97944
0.97940
0.97936
0.97933
0.97929
0.97925
0.97922
0.97918
0.97914
0.97910
0.97907
0.97903
0.97899
0.97896
0.97892
0.97888
0.97884
0.97881
0.97877
0.97873
0.97869
0.97866
0.97862
0.97858
0.97854
0.97851
0.97847
0.97843
0.97839
0.97836
0.97832
0.97828
0.97824
0.97821
0.97817
0.97813
0.97809
0.97805
0.97802
0.97798
0.97794
0.97790
0.97786
0.97783
0.97779
0.97775
0.97771
0.97767
0.97763
0.97760
0.97756
0.97752
0.97748
0.97744
0.97740
0.97736
0.97733
0.97729
0.97725
0.97721
0.97717
0.97713
0.97709
0.97705
0.97702
0.97698
0.97694
0.97690
0.97686
0.97682
0.97678
0.97674
0.97670
0.97666
0.97663
0.97659
0.97655
0.97651
0.97647
0.97643
0.97639
0.97635
0.97631
0.97627
0.97623
0.97619
0.97615
0.97611
0.97607
0.97603
0.97599
0.97595
0.97591
0.97587
0.97583
0.97579
0.97575
0.97571
0.97567
0.97563
0.97559
0.97555
0.97551
0.97547
0.97543
0.97539
0.97535
0.97531
0.97527
0.97523
0.97519
0.97515
0.97511
0.97507
0.97503
0.97499
0.97495
0.97491
0.97487
0.97483
0.97479
0.97475
0.97471
0.97466
0.97462
0.97458
0.97454
0.97450
0.97446
0.97442
0.97438
0.97434
0.97430
0.97426
0.97421
0.97417
0.97413
0.97409
0.97405
0.97401
0.97397
0.97392
0.97388
0.97384
0.97380
0.97376
0.97372
0.97368
0.97363
0.97359
0.97355
0.97351
0.97347
0.97343
0.97338
0.97334
0.97330
0.97326
0.97322
0.97317
0.97313
0.97309
0.97305
0.97301
0.97296
0.97292
0.97288
0.97284
0.97280
0.97275
0.97271
0.97267
0.97263
0.97258
0.97254
0.97250
0.97246
0.97241
0.97237
0.97233
0.97229
0.97224
0.97220
0.97216
0.97211
0.97207
0.97203
0.97199
0.97194
0.97190
0.97186
0.97181
0.97177
0.97173
0.97168
0.97164
0.97160
0.97156
0.97151
0.97147
0.97143
0.97138
0.97134
0.97129
0.97125
0.97121
0.97116
0.97112
0.97108
0.97103
0.97099
0.97095
0.97090
0.97086
0.97082
0.97077
0.97073
0.97068
0.97064
0.97060
0.97055
0.97051
0.97046
0.97042
0.97038
0.97033
0.97029
0.97024
0.97020
0.97015
0.97011
0.97007
0.97002
0.96998
0.96993
0.96989
0.96984
0.96980
0.96975
0.96971
0.96967
0.96962
0.96958
0.96953
0.96949
0.96944
0.96940
0.96935
0.96931
0.96926
0.96922
0.96917
0.96913
0.96908
0.96904
0.96899
0.96895
0.96890
0.96886
0.96881
0.96877
0.96872
0.96868
0.96863
0.96858
0.96854
0.96849
0.96845
0.96840
0.96836
0.96831
0.96827
0.96822
0.96817
0.96813
0.96808
0.96804
0.96799
0.96795
0.96790
0.96785
0.96781
0.96776
0.96772
0.96767
0.96762
0.96758
0.96753
0.96748
0.96744
0.96739
0.96735
0.96730
0.96725
0.96721
0.96716
0.96711
0.96707
0.96702
0.96697
0.96693
0.96688
0.96683
0.96679
0.96674
0.96669
0.96665
0.96660
0.96655
0.96651
0.96646
0.96641
0.96637
0.96632
0.96627
0.96622
0.96618
0.96613
0.96608
0.96604
0.96599
0.96594
0.96589
0.96585
0.96580
0.96575
0.96570
0.96566
0.96561
0.96556
0.96551
0.96547
0.96542
0.96537
0.96532
0.96528
0.96523
0.96518
0.96513
0.96508
0.96504
0.96499
0.96494
0.96489
0.96485
0.96480
0.96475
0.96470
0.96465
0.96460
0.96456
0.96451
0.96446
0.96441
0.96436
0.96431
0.96427
0.96422
0.96417
0.96412
0.96407
0.96402
0.96397
0.96393
0.96388
0.96383
0.96378
0.96373
0.96368
0.96363
0.96358
0.96354
0.96349
0.96344
0.96339
0.96334
0.96329
0.96324
0.96319
0.96314
0.96309
0.96304
0.96300
0.96295
0.96290
0.96285
0.96280
0.96275
0.96270
0.96265
0.96260
0.96255
0.96250
0.96245
0.96240
0.96235
0.96230
0.96225
0.96220
0.96215
0.96210
0.96205
0.96200
0.96195
0.96190
0.96185
0.96180
0.96175
0.96170
0.96165
0.96160
0.96155
0.96150
0.96145
0.96140
0.96135
0.96130
0.96125
0.96120
0.96115
0.96110
0.96105
0.96100
0.96095
0.96090
0.96085
0.96079
0.96074
0.96069
0.96064
0.96059
0.96054
0.96049
0.96044
0.96039
0.96034
0.96029
0.96023
0.96018
0.96013
0.96008
0.96003
0.95998
0.95993
0.95988
0.95982
0.95977
0.95972
0.95967
0.95962
0.95957
0.95952
0.95946
0.95941
0.95936
0.95931
0.95926
0.95921
0.95915
0.95910
0.95905
0.95900
0.95895
0.95889
0.95884
0.95879
0.95874
0.95869
0.95863
0.95858
0.95853
0.95848
0.95843
0.95837
0.95832
0.95827
0.95822
0.95816
0.95811
0.95806
0.95801
0.95795
0.95790
0.95785
0.95780
0.95774
0.95769
0.95764
0.95759
0.95753
0.95748
0.95743
0.95737
0.95732
0.95727
0.95722
0.95716
0.95711
0.95706
0.95700
0.95695
0.95690
0.95684
0.95679
0.95674
0.95668
0.95663
0.95658
0.95652
0.95647
0.95642
0.95636
0.95631
0.95626
0.95620
0.95615
0.95610
0.95604
0.95599
0.95593
0.95588
0.95583
0.95577
0.95572
0.95566
0.95561
0.95556
0.95550
0.95545
0.95539
0.95534
0.95529
0.95523
0.95518
0.95512
0.95507
0.95501
0.95496
0.95491
0.95485
0.95480
0.95474
0.95469
0.95463
0.95458
0.95452
0.95447
0.95441
0.95436
0.95431
0.95425
0.95420
0.95414
0.95409
0.95403
0.95398
0.95392
0.95387
0.95381
0.95376
0.95370
0.95365
0.95359
0.95354
0.95348
0.95342
0.95337
0.95331
0.95326
0.95320
0.95315
0.95309
0.95304
0.95298
0.95293
0.95287
0.95281
0.95276
0.95270
0.95265
0.95259
0.95254
0.95248
0.95242
0.95237
0.95231
0.95226
0.95220
0.95214
0.95209
0.95203
0.95198
0.95192
0.95186
0.95181
0.95175
0.95169
0.95164
0.95158
0.95153
0.95147
0.95141
0.95136
0.95130
0.95124
0.95119
0.95113
0.95107
0.95102
0.95096
0.95090
0.95085
0.95079
0.95073
0.95068
0.95062
0.95056
0.95051
0.95045
0.95039
0.95033
0.95028
0.95022
0.95016
0.95011
0.95005
0.94999
0.94993
0.94988
0.94982
0.94976
0.94970
0.94965
0.94959
0.94953
0.94947
0.94942
0.94936
0.94930
0.94924
0.94919
0.94913
0.94907
0.94901
0.94895
0.94890
0.94884
0.94878
0.94872
0.94866
0.94861
0.94855
0.94849
0.94843
0.94837
0.94832
0.94826
0.94820
0.94814
0.94808
0.94802
0.94797
0.94791
0.94785
0.94779
0.94773
0.94767
0.94761
0.94756
0.94750
0.94744
0.94738
0.94732
0.94726
0.94720
0.94714
0.94709
0.94703
0.94697
0.94691
0.94685
0.94679
0.94673
0.94667
0.94661
0.94655
0.94649
0.94643
0.94638
0.94632
0.94626
0.94620
0.94614
0.94608
0.94602
0.94596
0.94590
0.94584
0.94578
0.94572
0.94566
0.94560
0.94554
0.94548
0.94542
0.94536
0.94530
0.94524
0.94518
0.94512
0.94506
0.94500
0.94494
0.94488
0.94482
0.94476
0.94470
0.94464
0.94458
0.94452
0.94446
0.94440
0.94434
0.94428
0.94422
0.94416
0.94410
0.94404
0.94398
0.94392
0.94386
0.94379
0.94373
0.94367
0.94361
0.94355
0.94349
0.94343
0.94337
0.94331
0.94325
0.94319
0.94312
0.94306
0.94300
0.94294
0.94288
0.94282
0.94276
0.94270
0.94263
0.94257
0.94251
0.94245
0.94239
0.94233
0.94227
0.94220
0.94214
0.94208
0.94202
0.94196
0.94190
0.94183
0.94177
0.94171
0.94165
0.94159
0.94152
0.94146
0.94140
0.94134
0.94128
0.94121
0.94115
0.94109
0.94103
0.94097
0.94090
0.94084
0.94078
0.94072
0.94065
0.94059
0.94053
0.94047
0.94040
0.94034
0.94028
0.94022
0.94015
0.94009
0.94003
0.93997
0.93990
0.93984
0.93978
0.93971
0.93965
0.93959
0.93953
0.93946
0.93940
0.93934
0.93927
0.93921
0.93915
0.93908
0.93902
0.93896
0.93889
0.93883
0.93877
0.93870
0.93864
0.93858
0.93851
0.93845
0.93839
0.93832
0.93826
0.93820
0.93813
0.93807
0.93800
0.93794
0.93788
0.93781
0.93775
0.93768
0.93762
0.93756
0.93749
0.93743
0.93736
0.93730
0.93724
0.93717
0.93711
0.93704
0.93698
0.93692
0.93685
0.93679
0.93672
0.93666
0.93659
0.93653
0.93646
0.93640
0.93633
0.93627
0.93621
0.93614
0.93608
0.93601
0.93595
0.93588
0.93582
0.93575
0.93569
0.93562
0.93556
0.93549
0.93543
0.93536
0.93530
0.93523
0.93517
0.93510
0.93504
0.93497
0.93491
0.93484
0.93477
0.93471
0.93464
0.93458
0.93451
0.93445
0.93438
0.93432
0.93425
0.93418
0.93412
0.93405
0.93399
0.93392
0.93386
0.93379
0.93372
0.93366
0.93359
0.93353
0.93346
0.93339
0.93333
0.93326
0.93319
0.93313
0.93306
0.93300
0.93293
0.93286
0.93280
0.93273
0.93266
0.93260
0.93253
0.93246
0.93240
0.93233
0.93226
0.93220
0.93213
0.93206
0.93200
0.93193
0.93186
0.93180
0.93173
0.93166
0.93160
0.93153
0.93146
0.93140
0.93133
0.93126
0.93119
0.93113
0.93106
0.93099
0.93092
0.93086
0.93079
0.93072
0.93066
0.93059
0.93052
0.93045
0.93039
0.93032
0.93025
0.93018
0.93011
0.93005
0.92998
0.92991
0.92984
0.92978
0.92971
0.92964
0.92957
0.92950
0.92944
0.92937
0.92930
0.92923
0.92916
0.92910
0.92903
0.92896
0.92889
0.92882
0.92875
0.92869
0.92862
0.92855
0.92848
0.92841
0.92834
0.92827
0.92821
0.92814
0.92807
0.92800
0.92793
0.92786
0.92779
0.92772
0.92766
0.92759
0.92752
0.92745
0.92738
0.92731
0.92724
0.92717
0.92710
0.92703
0.92697
0.92690
0.92683
0.92676
0.92669
0.92662
0.92655
0.92648
0.92641
0.92634
0.92627
0.92620
0.92613
0.92606
0.92599
0.92592
0.92585
0.92578
0.92571
0.92564
0.92557
0.92550
0.92543
0.92536
0.92529
0.92522
0.92515
0.92508
0.92501
0.92494
0.92487
0.92480
0.92473
0.92466
0.92459
0.92452
0.92445
0.92438
0.92431
0.92424
0.92417
0.92410
0.92403
0.92396
0.92389
0.92382
0.92375
0.92368
0.92360
0.92353
0.92346
0.92339
0.92332
0.92325
0.92318
0.92311
0.92304
0.92297
0.92290
0.92282
0.92275
0.92268
0.92261
0.92254
0.92247
0.92240
0.92233
0.92225
0.92218
0.92211
0.92204
0.92197
0.92190
0.92182
0.92175
0.92168
0.92161
0.92154
0.92147
0.92139
0.92132
0.92125
0.92118
0.92111
0.92103
0.92096
0.92089
0.92082
0.92075
0.92067
0.92060
0.92053
0.92046
0.92039
0.92031
0.92024
0.92017
0.92010
0.92002
0.91995
0.91988
0.91981
0.91973
0.91966
0.91959
0.91952
0.91944
0.91937
0.91930
0.91923
0.91915
0.91908
0.91901
0.91893
0.91886
0.91879
0.91871
0.91864
0.91857
0.91850
0.91842
0.91835
0.91828
0.91820
0.91813
0.91806
0.91798
0.91791
0.91784
0.91776
0.91769
0.91762
0.91754
0.91747
0.91740
0.91732
0.91725
0.91717
0.91710
0.91703
0.91695
0.91688
0.91681
0.91673
0.91666
0.91658
0.91651
0.91644
0.91636
0.91629
0.91621
0.91614
0.91606
0.91599
0.91592
0.91584
0.91577
0.91569
0.91562
0.91554
0.91547
0.91540
0.91532
0.91525
0.91517
0.91510
0.91502
0.91495
0.91487
0.91480
0.91472
0.91465
0.91457
0.91450
0.91442
0.91435
0.91427
0.91420
0.91412
0.91405
0.91397
0.91390
0.91382
0.91375
0.91367
0.91360
0.91352
0.91345
0.91337
0.91330
0.91322
0.91315
0.91307
0.91300
0.91292
0.91284
0.91277
0.91269
0.91262
0.91254
0.91247
0.91239
0.91231
0.91224
0.91216
0.91209
0.91201
0.91193
0.91186
0.91178
0.91171
0.91163
0.91155
0.91148
0.91140
0.91133
0.91125
0.91117
0.91110
0.91102
0.91094
0.91087
0.91079
0.91071
0.91064
0.91056
0.91048
0.91041
0.91033
0.91025
0.91018
0.91010
0.91002
0.90995
0.90987
0.90979
0.90972
0.90964
0.90956
0.90949
0.90941
0.90933
0.90925
0.90918
0.90910
0.90902
0.90895
0.90887
0.90879
0.90871
0.90864
0.90856
0.90848
0.90840
0.90833
0.90825
0.90817
0.90809
0.90802
0.90794
0.90786
0.90778
0.90770
0.90763
0.90755
0.90747
0.90739
0.90732
0.90724
0.90716
0.90708
0.90700
0.90692
0.90685
0.90677
0.90669
0.90661
0.90653
0.90646
0.90638
0.90630
0.90622
0.90614
0.90606
0.90598
0.90591
0.90583
0.90575
0.90567
0.90559
0.90551
0.90543
0.90536
0.90528
0.90520
0.90512
0.90504
0.90496
0.90488
0.90480
0.90472
0.90465
0.90457
0.90449
0.90441
0.90433
0.90425
0.90417
0.90409
0.90401
0.90393
0.90385
0.90377
0.90369
0.90361
0.90353
0.90346
0.90338
0.90330
0.90322
0.90314
0.90306
0.90298
0.90290
0.90282
0.90274
0.90266
0.90258
0.90250
0.90242
0.90234
0.90226
0.90218
0.90210
0.90202
0.90194
0.90186
0.90178
0.90170
0.90162
0.90154
0.90146
0.90138
0.90129
0.90121
0.90113
0.90105
0.90097
0.90089
0.90081
0.90073
0.90065
0.90057
0.90049
0.90041
0.90033
0.90025
0.90017
0.90008
0.90000
0.89992
0.89984
0.89976
0.89968
0.89960
0.89952
0.89944
0.89935
0.89927
0.89919
0.89911
0.89903
0.89895
0.89887
0.89878
0.89870
0.89862
0.89854
0.89846
0.89838
0.89830
0.89821
0.89813
0.89805
0.89797
0.89789
0.89780
0.89772
0.89764
0.89756
0.89748
0.89740
0.89731
0.89723
0.89715
0.89707
0.89698
0.89690
0.89682
0.89674
0.89666
0.89657
0.89649
0.89641
0.89633
0.89624
0.89616
0.89608
0.89600
0.89591
0.89583
0.89575
0.89567
0.89558
0.89550
0.89542
0.89533
0.89525
0.89517
0.89509
0.89500
0.89492
0.89484
0.89475
0.89467
0.89459
0.89450
0.89442
0.89434
0.89425
0.89417
0.89409
0.89400
0.89392
0.89384
0.89375
0.89367
0.89359
0.89350
0.89342
0.89334
0.89325
0.89317
0.89309
0.89300
0.89292
0.89283
0.89275
0.89267
0.89258
0.89250
0.89241
0.89233
0.89225
0.89216
0.89208
0.89199
0.89191
0.89183
0.89174
0.89166
0.89157
0.89149
0.89140
0.89132
0.89124
0.89115
0.89107
0.89098
0.89090
0.89081
0.89073
0.89064
0.89056
0.89047
0.89039
0.89030
0.89022
0.89013
0.89005
0.88996
0.88988
0.88979
0.88971
0.88962
0.88954
0.88945
0.88937
0.88928
0.88920
0.88911
0.88903
0.88894
0.88886
0.88877
0.88869
0.88860
0.88852
0.88843
0.88834
0.88826
0.88817
0.88809
0.88800
0.88792
0.88783
0.88774
0.88766
0.88757
0.88749
0.88740
0.88732
0.88723
0.88714
0.88706
0.88697
0.88689
0.88680
0.88671
0.88663
0.88654
0.88645
0.88637
0.88628
0.88620
0.88611
0.88602
0.88594
0.88585
0.88576
0.88568
0.88559
0.88550
0.88542
0.88533
0.88524
0.88516
0.88507
0.88498
0.88490
0.88481
0.88472
0.88463
0.88455
0.88446
0.88437
0.88429
0.88420
0.88411
0.88403
0.88394
0.88385
0.88376
0.88368
0.88359
0.88350
0.88341
0.88333
0.88324
0.88315
0.88306
0.88298
0.88289
0.88280
0.88271
0.88263
0.88254
0.88245
0.88236
0.88227
0.88219
0.88210
0.88201
0.88192
0.88183
0.88175
0.88166
0.88157
0.88148
0.88139
0.88131
0.88122
0.88113
0.88104
0.88095
0.88086
0.88078
0.88069
0.88060
0.88051
0.88042
0.88033
0.88024
0.88016
0.88007
0.87998
0.87989
0.87980
0.87971
0.87962
0.87953
0.87945
0.87936
0.87927
0.87918
0.87909
0.87900
0.87891
0.87882
0.87873
0.87864
0.87856
0.87847
0.87838
0.87829
0.87820
0.87811
0.87802
0.87793
0.87784
0.87775
0.87766
0.87757
0.87748
0.87739
0.87730
0.87721
0.87712
0.87703
0.87694
0.87685
0.87676
0.87667
0.87658
0.87649
0.87640
0.87631
0.87622
0.87613
0.87604
0.87595
0.87586
0.87577
0.87568
0.87559
0.87550
0.87541
0.87532
0.87523
0.87514
0.87505
0.87496
0.87487
0.87478
0.87469
0.87460
0.87451
0.87442
0.87432
0.87423
0.87414
0.87405
0.87396
0.87387
0.87378
0.87369
0.87360
0.87351
0.87342
0.87332
0.87323
0.87314
0.87305
0.87296
0.87287
0.87278
0.87269
0.87259
0.87250
0.87241
0.87232
0.87223
0.87214
0.87205
0.87195
0.87186
0.87177
0.87168
0.87159
0.87149
0.87140
0.87131
0.87122
0.87113
0.87104
0.87094
0.87085
0.87076
0.87067
0.87058
0.87048
0.87039
0.87030
0.87021
0.87011
0.87002
0.86993
0.86984
0.86974
0.86965
0.86956
0.86947
0.86937
0.86928
0.86919
0.86910
0.86900
0.86891
0.86882
0.86873
0.86863
0.86854
0.86845
0.86835
0.86826
0.86817
0.86808
0.86798
0.86789
0.86780
0.86770
0.86761
0.86752
0.86742
0.86733
0.86724
0.86714
0.86705
0.86696
0.86686
0.86677
0.86668
0.86658
0.86649
0.86640
0.86630
0.86621
0.86612
0.86602
0.86593
0.86583
0.86574
0.86565
0.86555
0.86546
0.86536
0.86527
0.86518
0.86508
0.86499
0.86489
0.86480
0.86471
0.86461
0.86452
0.86442
0.86433
0.86424
0.86414
0.86405
0.86395
0.86386
0.86376
0.86367
0.86357
0.86348
0.86338
0.86329
0.86320
0.86310
0.86301
0.86291
0.86282
0.86272
0.86263
0.86253
0.86244
0.86234
0.86225
0.86215
0.86206
0.86196
0.86187
0.86177
0.86168
0.86158
0.86149
0.86139
0.86129
0.86120
0.86110
0.86101
0.86091
0.86082
0.86072
0.86063
0.86053
0.86043
0.86034
0.86024
0.86015
0.86005
0.85996
0.85986
0.85976
0.85967
0.85957
0.85948
0.85938
0.85928
0.85919
0.85909
0.85900
0.85890
0.85880
0.85871
0.85861
0.85852
0.85842
0.85832
0.85823
0.85813
0.85803
0.85794
0.85784
0.85774
0.85765
0.85755
0.85745
0.85736
0.85726
0.85716
0.85707
0.85697
0.85687
0.85678
0.85668
0.85658
0.85649
0.85639
0.85629
0.85619
0.85610
0.85600
0.85590
0.85581
0.85571
0.85561
0.85551
0.85542
0.85532
0.85522
0.85512
0.85503
0.85493
0.85483
0.85473
0.85464
0.85454
0.85444
0.85434
0.85425
0.85415
0.85405
0.85395
0.85385
0.85376
0.85366
0.85356
0.85346
0.85336
0.85327
0.85317
0.85307
0.85297
0.85287
0.85278
0.85268
0.85258
0.85248
0.85238
0.85228
0.85219
0.85209
0.85199
0.85189
0.85179
0.85169
0.85159
0.85150
0.85140
0.85130
0.85120
0.85110
0.85100
0.85090
0.85080
0.85070
0.85061
0.85051
0.85041
0.85031
0.85021
0.85011
0.85001
0.84991
0.84981
0.84971
0.84961
0.84952
0.84942
0.84932
0.84922
0.84912
0.84902
0.84892
0.84882
0.84872
0.84862
0.84852
0.84842
0.84832
0.84822
0.84812
0.84802
0.84792
0.84782
0.84772
0.84762
0.84752
0.84742
0.84732
0.84722
0.84712
0.84702
0.84692
0.84682
0.84672
0.84662
0.84652
0.84642
0.84632
0.84622
0.84612
0.84602
0.84592
0.84582
0.84572
0.84562
0.84552
0.84542
0.84531
0.84521
0.84511
0.84501
0.84491
0.84481
0.84471
0.84461
0.84451
0.84441
0.84431
0.84420
0.84410
0.84400
0.84390
0.84380
0.84370
0.84360
0.84350
0.84340
0.84329
0.84319
0.84309
0.84299
0.84289
0.84279
0.84269
0.84258
0.84248
0.84238
0.84228
0.84218
0.84208
0.84197
0.84187
0.84177
0.84167
0.84157
0.84146
0.84136
0.84126
0.84116
0.84106
0.84095
0.84085
0.84075
0.84065
0.84055
0.84044
0.84034
0.84024
0.84014
0.84003
0.83993
0.83983
0.83973
0.83962
0.83952
0.83942
0.83932
0.83921
0.83911
0.83901
0.83891
0.83880
0.83870
0.83860
0.83849
0.83839
0.83829
0.83818
0.83808
0.83798
0.83788
0.83777
0.83767
0.83757
0.83746
0.83736
0.83726
0.83715
0.83705
0.83695
0.83684
0.83674
0.83664
0.83653
0.83643
0.83633
0.83622
0.83612
0.83601
0.83591
0.83581
0.83570
0.83560
0.83550
0.83539
0.83529
0.83518
0.83508
0.83498
0.83487
0.83477
0.83466
0.83456
0.83446
0.83435
0.83425
0.83414
0.83404
0.83393
0.83383
0.83373
0.83362
0.83352
0.83341
0.83331
0.83320
0.83310
0.83299
0.83289
0.83278
0.83268
0.83258
0.83247
0.83237
0.83226
0.83216
0.83205
0.83195
0.83184
0.83174
0.83163
0.83153
0.83142
0.83132
0.83121
0.83111
0.83100
0.83089
0.83079
0.83068
0.83058
0.83047
0.83037
0.83026
0.83016
0.83005
0.82995
0.82984
0.82973
0.82963
0.82952
0.82942
0.82931
0.82921
0.82910
0.82899
0.82889
0.82878
0.82868
0.82857
0.82846
0.82836
0.82825
0.82815
0.82804
0.82793
0.82783
0.82772
0.82761
0.82751
0.82740
0.82730
0.82719
0.82708
0.82698
0.82687
0.82676
0.82666
0.82655
0.82644
0.82634
0.82623
0.82612
0.82602
0.82591
0.82580
0.82570
0.82559
0.82548
0.82537
0.82527
0.82516
0.82505
0.82495
0.82484
0.82473
0.82463
0.82452
0.82441
0.82430
0.82420
0.82409
0.82398
0.82387
0.82377
0.82366
0.82355
0.82344
0.82334
0.82323
0.82312
0.82301
0.82291
0.82280
0.82269
0.82258
0.82247
0.82237
0.82226
0.82215
0.82204
0.82193
0.82183
0.82172
0.82161
0.82150
0.82139
0.82129
0.82118
0.82107
0.82096
0.82085
0.82074
0.82064
0.82053
0.82042
0.82031
0.82020
0.82009
0.81998
0.81988
0.81977
0.81966
0.81955
0.81944
0.81933
0.81922
0.81911
0.81901
0.81890
0.81879
0.81868
0.81857
0.81846
0.81835
0.81824
0.81813
0.81802
0.81791
0.81781
0.81770
0.81759
0.81748
0.81737
0.81726
0.81715
0.81704
0.81693
0.81682
0.81671
0.81660
0.81649
0.81638
0.81627
0.81616
0.81605
0.81594
0.81583
0.81572
0.81561
0.81550
0.81539
0.81528
0.81517
0.81506
0.81495
0.81484
0.81473
0.81462
0.81451
0.81440
0.81429
0.81418
0.81407
0.81396
0.81385
0.81374
0.81363
0.81352
0.81341
0.81330
0.81319
0.81308
0.81296
0.81285
0.81274
0.81263
0.81252
0.81241
0.81230
0.81219
0.81208
0.81197
0.81186
0.81174
0.81163
0.81152
0.81141
0.81130
0.81119
0.81108
0.81097
0.81085
0.81074
0.81063
0.81052
0.81041
0.81030
0.81019
0.81007
0.80996
0.80985
0.80974
0.80963
0.80952
0.80940
0.80929
0.80918
0.80907
0.80896
0.80885
0.80873
0.80862
0.80851
0.80840
0.80829
0.80817
0.80806
0.80795
0.80784
0.80772
0.80761
0.80750
0.80739
0.80727
0.80716
0.80705
0.80694
0.80682
0.80671
0.80660
0.80649
0.80637
0.80626
0.80615
0.80604
0.80592
0.80581
0.80570
0.80559
0.80547
0.80536
0.80525
0.80513
0.80502
0.80491
0.80479
0.80468
0.80457
0.80445
0.80434
0.80423
0.80411
0.80400
0.80389
0.80377
0.80366
0.80355
0.80343
0.80332
0.80321
0.80309
0.80298
0.80287
0.80275
0.80264
0.80253
0.80241
0.80230
0.80218
0.80207
0.80196
0.80184
0.80173
0.80162
0.80150
0.80139
0.80127
0.80116
0.80105
0.80093
0.80082
0.80071
0.80059
0.80048
0.80036
0.80025
0.80014
0.80002
0.79991
0.79980
0.79968
0.79957
0.79946
0.79934
0.79923
0.79911
0.79900
0.79889
0.79877
0.79866
0.79855
0.79843
0.79832
0.79820
0.79809
0.79798
0.79786
0.79775
0.79764
0.79752
0.79741
0.79730
0.79718
0.79707
0.79695
0.79684
0.79673
0.79661
0.79650
0.79639
0.79627
0.79616
0.79604
0.79593
0.79582
0.79570
0.79559
0.79548
0.79536
0.79525
0.79513
0.79502
0.79491
0.79479
0.79468
0.79457
0.79445
0.79434
0.79423
0.79411
0.79400
0.79388
0.79377
0.79366
0.79354
0.79343
0.79332
0.79320
0.79309
0.79297
0.79286
0.79275
0.79263
0.79252
0.79241
0.79229
0.79218
0.79206
0.79195
0.79184
0.79172
0.79161
0.79150
0.79138
0.79127
0.79116
0.79104
0.79093
0.79081
0.79070
0.79059
0.79047
0.79036
0.79025
0.79013
0.79002
0.78990
0.78979
0.78968
0.78956
0.78945
0.78934
0.78922
0.78911
0.78900
0.78888
0.78877
0.78865
0.78854
0.78843
0.78831
0.78820
0.78809
0.78797
0.78786
0.78774
0.78763
0.78752
0.78740
0.78729
0.78718
0.78706
0.78695
0.78683
0.78672
0.78661
0.78649
0.78638
0.78627
0.78615
0.78604
0.78593
0.78581
0.78570
0.78558
0.78547
0.78536
0.78524
0.78513
0.78502
0.78490
0.78479
0.78467
0.78456
0.78445
0.78433
0.78422
0.78411
0.78399
0.78388
0.78376
0.78365
0.78354
0.78342
0.78331
0.78320
0.78308
0.78297
0.78286
0.78274
0.78263
0.78251
0.78240
0.78229
0.78217
0.78206
0.78195
0.78183
0.78172
0.78160
0.78149
0.78138
0.78126
0.78115
0.78104
0.78092
0.78081
0.78070
0.78058
0.78047
0.78035
0.78024
0.78013
0.78001
0.77990
0.77979
0.77967
0.77956
0.77944
0.77933
0.77922
0.77910
0.77899
0.77888
0.77876
0.77865
0.77853
0.77842
0.77831
0.77819
0.77808
0.77797
0.77785
0.77774
0.77763
0.77751
0.77740
0.77728
0.77717
0.77706
0.77694
0.77683
0.77672
0.77660
0.77649
0.77637
0.77626
0.77615
0.77603
0.77592
0.77581
0.77569
0.77558
0.77547
0.77535
0.77524
0.77512
0.77501
0.77490
0.77478
0.77467
0.77456
0.77444
0.77433
0.77421
0.77410
0.77399
0.77387
0.77376
0.77365
0.77353
0.77342
0.77330
0.77319
0.77308
0.77296
0.77285
0.77274
0.77262
0.77251
0.77240
0.77228
0.77217
0.77205
0.77194
0.77183
0.77171
0.77160
0.77149
0.77137
0.77126
0.77114
0.77103
0.77092
0.77080
0.77069
0.77058
0.77046
0.77035
0.77023
0.77012
0.77001
0.76989
0.76978
0.76967
0.76955
0.76944
0.76933
0.76921
0.76910
0.76898
0.76887
0.76876
0.76864
0.76853
0.76842
0.76830
0.76819
0.76807
0.76796
0.76785
0.76773
0.76762
0.76751
0.76739
0.76728
0.76717
0.76705
0.76694
0.76682
0.76671
0.76660
0.76648
0.76637
0.76626
0.76614
0.76603
0.76591
0.76580
0.76569
0.76557
0.76546
0.76535
0.76523
0.76512
0.76500
0.76489
0.76478
0.76466
0.76455
0.76444
0.76432
0.76421
0.76410
0.76398
0.76387
0.76375
0.76364
0.76353
0.76341
0.76330
0.76319
0.76307
0.76296
0.76284
0.76273
0.76262
0.76250
0.76239
0.76228
0.76216
0.76205
0.76194
0.76182
0.76171
0.76159
0.76148
0.76137
0.76125
0.76114
0.76103
0.76091
0.76080
0.76068
0.76057
0.76046
0.76034
0.76023
0.76012
0.76000
0.75989
0.75977
0.75966
0.75955
0.75943
0.75932
0.75921
0.75909
0.75898
0.75887
0.75875
0.75864
0.75852
0.75841
0.75830
0.75818
0.75807
0.75796
0.75784
0.75773
0.75761
0.75750
0.75739
0.75727
0.75716
0.75705
0.75693
0.75682
0.75671
0.75659
0.75648
0.75636
0.75625
0.75614
0.75602
0.75591
0.75580
0.75568
0.75557
0.75545
0.75534
0.75523
0.75511
0.75500
0.75489
0.75477
0.75466
0.75454
0.75443
0.75432
0.75420
0.75409
0.75398
0.75386
0.75375
0.75364
0.75352
0.75341
0.75329
0.75318
0.75307
0.75295
0.75284
0.75273
0.75261
0.75250
0.75238
0.75227
0.75216
0.75204
0.75193
0.75182
0.75170
0.75159
0.75147
0.75136
0.75125
0.75113
0.75102
0.75091
0.75079
0.75068
0.75057
0.75045
0.75034
0.75022
0.75011
0.75000
0.74988
0.74977
0.74966
0.74954
0.74943
0.74931
0.74920
0.74909
0.74897
0.74886
0.74875
0.74863
0.74852
0.74841
0.74829
0.74818
0.74806
0.74795
0.74784
0.74772
0.74761
0.74750
0.74738
0.74727
0.74715
0.74704
0.74693
0.74681
0.74670
0.74659
0.74647
0.74636
0.74624
0.74613
0.74602
0.74590
0.74579
0.74568
0.74556
0.74545
0.74534
0.74522
0.74511
0.74499
0.74488
0.74477
0.74465
0.74454
0.74443
0.74431
0.74420
0.74408
0.74397
0.74386
0.74374
0.74363
0.74352
0.74340
0.74329
0.74318
0.74306
0.74295
0.74283
0.74272
0.74261
0.74249
0.74238
0.74227
0.74215
0.74204
0.74192
0.74181
0.74170
0.74158
0.74147
0.74136
0.74124
0.74113
0.74102
0.74090
0.74079
0.74067
0.74056
0.74045
0.74033
0.74022
0.74011
0.73999
0.73988
0.73976
0.73965
0.73954
0.73942
0.73931
0.73920
0.73908
0.73897
0.73885
0.73874
0.73863
0.73851
0.73840
0.73829
0.73817
0.73806
0.73795
0.73783
0.73772
0.73760
0.73749
0.73738
0.73726
0.73715
0.73704
0.73692
0.73681
0.73669
0.73658
0.73647
0.73635
0.73624
0.73613
0.73601
0.73590
0.73579
0.73567
0.73556
0.73544
0.73533
0.73522
0.73510
0.73499
0.73488
0.73476
0.73465
0.73453
0.73442
0.73431
0.73419
0.73408
0.73397
0.73385
0.73374
0.73362
0.73351
0.73340
0.73328
0.73317
0.73306
0.73294
0.73283
0.73272
0.73260
0.73249
0.73237
0.73226
0.73215
0.73203
0.73192
0.73181
0.73169
0.73158
0.73146
0.73135
0.73124
0.73112
0.73101
0.73090
0.73078
0.73067
0.73056
0.73044
0.73033
0.73021
0.73010
0.72999
0.72987
0.72976
0.72965
0.72953
0.72942
0.72930
0.72919
0.72908
0.72896
0.72885
0.72874
0.72862
0.72851
0.72839
0.72828
0.72817
0.72805
0.72794
0.72783
0.72771
0.72760
0.72749
0.72737
0.72726
0.72714
0.72703
0.72692
0.72680
0.72669
0.72658
0.72646
0.72635
0.72623
0.72612
0.72601
0.72589
0.72578
0.72567
0.72555
0.72544
0.72533
0.72521
0.72510
0.72498
0.72487
0.72476
0.72464
0.72453
0.72442
0.72430
0.72419
0.72407
0.72396
0.72385
0.72373
0.72362
0.72351
0.72339
0.72328
0.72316
0.72305
0.72294
0.72282
0.72271
0.72260
0.72248
0.72237
0.72226
0.72214
0.72203
0.72191
0.72180
0.72169
0.72157
0.72146
0.72135
0.72123
0.72112
0.72100
0.72089
0.72078
0.72066
0.72055
0.72044
0.72032
0.72021
0.72010
0.71998
0.71987
0.71975
0.71964
0.71953
0.71941
0.71930
0.71919
0.71907
0.71896
0.71884
0.71873
0.71862
0.71850
0.71839
0.71828
0.71816
0.71805
0.71794
0.71782
0.71771
0.71759
0.71748
0.71737
0.71725
0.71714
0.71703
0.71691
0.71680
0.71668
0.71657
0.71646
0.71634
0.71623
0.71612
0.71600
0.71589
0.71577
0.71566
0.71555
0.71543
0.71532
0.71521
0.71509
0.71498
0.71487
0.71475
0.71464
0.71452
0.71441
0.71430
0.71418
0.71407
0.71396
0.71384
0.71373
0.71361
0.71350
0.71339
0.71327
0.71316
0.71305
0.71293
0.71282
0.71271
0.71259
0.71248
0.71236
0.71225
0.71214
0.71202
0.71191
0.71180
0.71168
0.71157
0.71145
0.71134
0.71123
0.71111
0.71100
0.71089
0.71077
0.71066
0.71054
0.71043
0.71032
0.71020
0.71009
0.70998
0.70986
0.70975
0.70964
0.70952
0.70941
0.70929
0.70918
0.70907
0.70895
0.70884
0.70873
0.70861
0.70850
0.70838
0.70827
0.70816
0.70804
0.70793
0.70782
0.70770
0.70759
0.70748
0.70736
0.70725
0.70713
0.70702
0.70691
0.70679
0.70668
0.70657
0.70645
0.70634
0.70622
0.70611
0.70600
0.70588
0.70577
0.70566
0.70554
0.70543
0.70532
0.70520
0.70509
0.70497
0.70486
0.70475
0.70463
0.70452
0.70441
0.70429
0.70418
0.70406
0.70395
0.70384
0.70372
0.70361
0.70350
0.70338
0.70327
0.70315
0.70304
0.70293
0.70281
0.70270
0.70259
0.70247
0.70236
0.70225
0.70213
0.70202
0.70190
0.70179
0.70168
0.70156
0.70145
0.70134
0.70122
0.70111
0.70099
0.70088
0.70077
0.70065
0.70054
0.70043
0.70031
0.70020
0.70009
0.69997
0.69986
0.69974
0.69963
0.69952
0.69940
0.69929
0.69918
0.69906
0.69895
0.69883
0.69872
0.69861
0.69849
0.69838
0.69827
0.69815
0.69804
0.69793
0.69781
0.69770
0.69758
0.69747
0.69736
0.69724
0.69713
0.69702
0.69690
0.69679
0.69667
0.69656
0.69645
0.69633
0.69622
0.69611
0.69599
0.69588
0.69576
0.69565
0.69554
0.69542
0.69531
0.69520
0.69508
0.69497
0.69486
0.69474
0.69463
0.69451
0.69440
0.69429
0.69417
0.69406
0.69395
0.69383
0.69372
0.69360
0.69349
0.69338
0.69326
0.69315
0.69304
0.69292
0.69281
0.69270
0.69258
0.69247
0.69235
0.69224
0.69213
0.69201
0.69190
0.69179
0.69167
0.69156
0.69144
0.69133
0.69122
0.69110
0.69099
0.69088
0.69076
0.69065
0.69054
0.69042
0.69031
0.69019
0.69008
0.68997
0.68985
0.68974
0.68963
0.68951
0.68940
0.68928
0.68917
0.68906
0.68894
0.68883
0.68872
0.68860
0.68849
0.68838
0.68826
0.68815
0.68803
0.68792
0.68781
0.68769
0.68758
0.68747
0.68735
0.68724
0.68712
0.68701
0.68690
0.68678
0.68667
0.68656
0.68644
0.68633
0.68621
0.68610
0.68599
0.68587
0.68576
0.68565
0.68553
0.68542
0.68531
0.68519
0.68508
0.68496
0.68485
0.68474
0.68462
0.68451
0.68440
0.68428
0.68417
0.68405
0.68394
0.68383
0.68371
0.68360
0.68349
0.68337
0.68326
0.68315
0.68303
0.68292
0.68280
0.68269
0.68258
0.68246
0.68235
0.68224
0.68212
0.68201
0.68189
0.68178
0.68167
0.68155
0.68144
0.68133
0.68121
0.68110
0.68099
0.68087
0.68076
0.68064
0.68053
0.68042
0.68030
0.68019
0.68008
0.67996
0.67985
0.67973
0.67962
0.67951
0.67939
0.67928
0.67917
0.67905
0.67894
0.67882
0.67871
0.67860
0.67848
0.67837
0.67826
0.67814
0.67803
0.67792
0.67780
0.67769
0.67757
0.67746
0.67735
0.67723
0.67712
0.67701
0.67689
0.67678
0.67666
0.67655
0.67644
0.67632
0.67621
0.67610
0.67598
0.67587
0.67576
0.67564
0.67553
0.67541
0.67530
0.67519
0.67507
0.67496
0.67485
0.67473
0.67462
0.67450
0.67439
0.67428
0.67416
0.67405
0.67394
0.67382
0.67371
0.67360
0.67348
0.67337
0.67325
0.67314
0.67303
0.67291
0.67280
0.67269
0.67257
0.67246
0.67234
0.67223
0.67212
0.67200
0.67189
0.67178
0.67166
0.67155
0.67144
0.67132
0.67121
0.67109
0.67098
0.67087
0.67075
0.67064
0.67053
0.67041
0.67030
0.67018
0.67007
0.66996
0.66984
0.66973
0.66962
0.66950
0.66939
0.66928
0.66916
0.66905
0.66893
0.66882
0.66871
0.66859
0.66848
0.66837
0.66825
0.66814
0.66802
0.66791
0.66780
0.66768
0.66757
0.66746
0.66734
0.66723
0.66711
0.66700
0.66689
0.66677
0.66666
0.66655
0.66643
0.66632
0.66621
0.66609
0.66598
0.66586
0.66575
0.66564
0.66552
0.66541
0.66530
0.66518
0.66507
0.66495
0.66484
0.66473
0.66461
0.66450
0.66439
0.66427
0.66416
0.66405
0.66393
0.66382
0.66370
0.66359
0.66348
0.66336
0.66325
0.66314
0.66302
0.66291
0.66279
0.66268
0.66257
0.66245
0.66234
0.66223
0.66211
0.66200
0.66189
0.66177
0.66166
0.66154
0.66143
0.66132
0.66120
0.66109
0.66098
0.66086
0.66075
0.66063
0.66052
0.66041
0.66029
0.66018
0.66007
0.65995
0.65984
0.65973
0.65961
0.65950
0.65938
0.65927
0.65916
0.65904
0.65893
0.65882
0.65870
0.65859
0.65847
0.65836
0.65825
0.65813
0.65802
0.65791
0.65779
0.65768
0.65757
0.65745
0.65734
0.65722
0.65711
0.65700
0.65688
0.65677
0.65666
0.65654
0.65643
0.65631
0.65620
0.65609
0.65597
0.65586
0.65575
0.65563
0.65552
0.65540
0.65529
0.65518
0.65506
0.65495
0.65484
0.65472
0.65461
0.65450
0.65438
0.65427
0.65415
0.65404
0.65393
0.65381
0.65370
0.65359
0.65347
0.65336
0.65324
0.65313
0.65302
0.65290
0.65279
0.65268
0.65256
0.65245
0.65234
0.65222
0.65211
0.65199
0.65188
0.65177
0.65165
0.65154
0.65143
0.65131
0.65120
0.65108
0.65097
0.65086
0.65074
0.65063
0.65052
0.65040
0.65029
0.65018
0.65006
0.64995
0.64983
0.64972
0.64961
0.64949
0.64938
0.64927
0.64915
0.64904
0.64892
0.64881
0.64870
0.64858
0.64847
0.64836
0.64824
0.64813
0.64802
0.64790
0.64779
0.64767
0.64756
0.64745
0.64733
0.64722
0.64711
0.64699
0.64688
0.64676
0.64665
0.64654
0.64642
0.64631
0.64620
0.64608
0.64597
0.64586
0.64574
0.64563
0.64551
0.64540
0.64529
0.64517
0.64506
0.64495
0.64483
0.64472
0.64460
0.64449
0.64438
0.64426
0.64415
0.64404
0.64392
0.64381
0.64370
0.64358
0.64347
0.64335
0.64324
0.64313
0.64301
0.64290
0.64279
0.64267
0.64256
0.64244
0.64233
0.64222
0.64210
0.64199
0.64188
0.64176
0.64165
0.64153
0.64142
0.64131
0.64119
0.64108
0.64097
0.64085
0.64074
0.64063
0.64051
0.64040
0.64028
0.64017
0.64006
0.63994
0.63983
0.63972
0.63960
0.63949
0.63937
0.63926
0.63915
0.63903
0.63892
0.63881
0.63869
0.63858
0.63847
0.63835
0.63824
0.63812
0.63801
0.63790
0.63778
0.63767
0.63756
0.63744
0.63733
0.63721
0.63710
0.63699
0.63687
0.63676
0.63665
0.63653
0.63642
0.63631
0.63619
0.63608
0.63596
0.63585
0.63574
0.63562
0.63551
0.63540
0.63528
0.63517
0.63505
0.63494
0.63483
0.63471
0.63460
0.63449
0.63437
0.63426
0.63415
0.63403
0.63392
0.63380
0.63369
0.63358
0.63346
0.63335
0.63324
0.63312
0.63301
0.63289
0.63278
0.63267
0.63255
0.63244
0.63233
0.63221
0.63210
0.63199
0.63187
0.63176
0.63164
0.63153
0.63142
0.63130
0.63119
0.63108
0.63096
0.63085
0.63073
0.63062
0.63051
0.63039
0.63028
0.63017
0.63005
0.62994
0.62983
0.62971
0.62960
0.62948
0.62937
0.62926
0.62914
0.62903
0.62892
0.62880
0.62869
0.62857
0.62846
0.62835
0.62823
0.62812
0.62801
0.62789
0.62778
0.62767
0.62755
0.62744
0.62732
0.62721
0.62710
0.62698
0.62687
0.62676
0.62664
0.62653
0.62641
0.62630
0.62619
0.62607
0.62596
0.62585
0.62573
0.62562
0.62551
0.62539
0.62528
0.62516
0.62505
0.62494
0.62482
0.62471
0.62460
0.62448
0.62437
0.62425
0.62414
0.62403
0.62391
0.62380
0.62369
0.62357
0.62346
0.62335
0.62323
0.62312
0.62300
0.62289
0.62278
0.62266
0.62255
0.62244
0.62232
0.62221
0.62209
0.62198
0.62187
0.62175
0.62164
0.62153
0.62141
0.62130
0.62119
0.62107
0.62096
0.62084
0.62073
0.62062
0.62050
0.62039
0.62028
0.62016
0.62005
0.61993
0.61982
0.61971
0.61959
0.61948
0.61937
0.61925
0.61914
0.61903
0.61891
0.61880
0.61868
0.61857
0.61846
0.61834
0.61823
0.61812
0.61800
0.61789
0.61777
0.61766
0.61755
0.61743
0.61732
0.61721
0.61709
0.61698
0.61687
0.61675
0.61664
0.61652
0.61641
0.61630
0.61618
0.61607
0.61596
0.61584
0.61573
0.61561
0.61550
0.61539
0.61527
0.61516
0.61505
0.61493
0.61482
0.61470
0.61459
0.61448
0.61436
0.61425
0.61414
0.61402
0.61391
0.61380
0.61368
0.61357
0.61345
0.61334
0.61323
0.61311
0.61300
0.61289
0.61277
0.61266
0.61254
0.61243
0.61232
0.61220
0.61209
0.61198
0.61186
0.61175
0.61164
0.61152
0.61141
0.61129
0.61118
0.61107
0.61095
0.61084
0.61073
0.61061
0.61050
0.61038
0.61027
0.61016
0.61004
0.60993
0.60982
0.60970
0.60959
0.60948
0.60936
0.60925
0.60913
0.60902
0.60891
0.60879
0.60868
0.60857
0.60845
0.60834
0.60822
0.60811
0.60800
0.60788
0.60777
0.60766
0.60754
0.60743
0.60732
0.60720
0.60709
0.60697
0.60686
0.60675
0.60663
0.60652
0.60641
0.60629
0.60618
0.60606
0.60595
0.60584
0.60572
0.60561
0.60550
0.60538
0.60527
0.60516
0.60504
0.60493
0.60481
0.60470
0.60459
0.60447
0.60436
0.60425
0.60413
0.60402
0.60390
0.60379
0.60368
0.60356
0.60345
0.60334
0.60322
0.60311
0.60300
0.60288
0.60277
0.60265
0.60254
0.60243
0.60231
0.60220
0.60209
0.60197
0.60186
0.60174
0.60163
0.60152
0.60140
0.60129
0.60118
0.60106
0.60095
0.60084
0.60072
0.60061
0.60049
0.60038
0.60027
0.60015
0.60004
0.59993
0.59981
0.59970
0.59958
0.59947
0.59936
0.59924
0.59913
0.59902
0.59890
0.59879
0.59868
0.59856
0.59845
0.59833
0.59822
0.59811
0.59799
0.59788
0.59777
0.59765
0.59754
0.59742
0.59731
0.59720
0.59708
0.59697
0.59686
0.59674
0.59663
0.59652
0.59640
0.59629
0.59617
0.59606
0.59595
0.59583
0.59572
0.59561
0.59549
0.59538
0.59526
0.59515
0.59504
0.59492
0.59481
0.59470
0.59458
0.59447
0.59436
0.59424
0.59413
0.59401
0.59390
0.59379
0.59367
0.59356
0.59345
0.59333
0.59322
0.59310
0.59299
0.59288
0.59276
0.59265
0.59254
0.59242
0.59231
0.59220
0.59208
0.59197
0.59185
0.59174
0.59163
0.59151
0.59140
0.59129
0.59117
0.59106
0.59095
0.59083
0.59072
0.59060
0.59049
0.59038
0.59026
0.59015
0.59004
0.58992
0.58981
0.58969
0.58958
0.58947
0.58935
0.58924
0.58913
0.58901
0.58890
0.58879
0.58867
0.58856
0.58844
0.58833
0.58822
0.58810
0.58799
0.58788
0.58776
0.58765
0.58753
0.58742
0.58731
0.58719
0.58708
0.58697
0.58685
0.58674
0.58663
0.58651
0.58640
0.58628
0.58617
0.58606
0.58594
0.58583
0.58572
0.58560
0.58549
0.58537
0.58526
0.58515
0.58503
0.58492
0.58481
0.58469
0.58458
0.58447
0.58435
0.58424
0.58412
0.58401
0.58390
0.58378
0.58367
0.58356
0.58344
0.58333
0.58321
0.58310
0.58299
0.58287
0.58276
0.58265
0.58253
0.58242
0.58231
0.58219
0.58208
0.58196
0.58185
0.58174
0.58162
0.58151
0.58140
0.58128
0.58117
0.58105
0.58094
0.58083
0.58071
0.58060
0.58049
0.58037
0.58026
0.58015
0.58003
0.57992
0.57980
0.57969
0.57958
0.57946
0.57935
0.57924
0.57912
0.57901
0.57889
0.57878
0.57867
0.57855
0.57844
0.57833
0.57821
0.57810
0.57799
0.57787
0.57776
0.57764
0.57753
0.57742
0.57730
0.57719
0.57708
0.57696
0.57685
0.57673
0.57662
0.57651
0.57639
0.57628
0.57617
0.57605
0.57594
0.57583
0.57571
0.57560
0.57548
0.57537
0.57526
0.57514
0.57503
0.57492
0.57480
0.57469
0.57457
0.57446
0.57435
0.57423
0.57412
0.57401
0.57389
0.57378
0.57367
0.57355
0.57344
0.57332
0.57321
0.57310
0.57298
0.57287
0.57276
0.57264
0.57253
0.57241
0.57230
0.57219
0.57207
0.57196
0.57185
0.57173
0.57162
0.57151
0.57139
0.57128
0.57116
0.57105
0.57094
0.57082
0.57071
0.57060
0.57048
0.57037
0.57025
0.57014
0.57003
0.56991
0.56980
0.56969
0.56957
0.56946
0.56935
0.56923
0.56912
0.56900
0.56889
0.56878
0.56866
0.56855
0.56844
0.56832
0.56821
0.56809
0.56798
0.56787
0.56775
0.56764
0.56753
0.56741
0.56730
0.56719
0.56707
0.56696
0.56684
0.56673
0.56662
0.56650
0.56639
0.56628
0.56616
0.56605
0.56593
0.56582
0.56571
0.56559
0.56548
0.56537
0.56525
0.56514
0.56503
0.56491
0.56480
0.56468
0.56457
0.56446
0.56434
0.56423
0.56412
0.56400
0.56389
0.56378
0.56366
0.56355
0.56343
0.56332
0.56321
0.56309
0.56298
0.56287
0.56275
0.56264
0.56252
0.56241
0.56230
0.56218
0.56207
0.56196
0.56184
0.56173
0.56162
0.56150
0.56139
0.56127
0.56116
0.56105
0.56093
0.56082
0.56071
0.56059
0.56048
0.56036
0.56025
0.56014
0.56002
0.55991
0.55980
0.55968
0.55957
0.55946
0.55934
0.55923
0.55911
0.55900
0.55889
0.55877
0.55866
0.55855
0.55843
0.55832
0.55820
0.55809
0.55798
0.55786
0.55775
0.55764
0.55752
0.55741
0.55730
0.55718
0.55707
0.55695
0.55684
0.55673
0.55661
0.55650
0.55639
0.55627
0.55616
0.55604
0.55593
0.55582
0.55570
0.55559
0.55548
0.55536
0.55525
0.55514
0.55502
0.55491
0.55479
0.55468
0.55457
0.55445
0.55434
0.55423
0.55411
0.55400
0.55388
0.55377
0.55366
0.55354
0.55343
0.55332
0.55320
0.55309
0.55298
0.55286
0.55275
0.55263
0.55252
0.55241
0.55229
0.55218
0.55207
0.55195
0.55184
0.55172
0.55161
0.55150
0.55138
0.55127
0.55116
0.55104
0.55093
0.55082
0.55070
0.55059
0.55047
0.55036
0.55025
0.55013
0.55002
0.54991
0.54979
0.54968
0.54957
0.54945
0.54934
0.54922
0.54911
0.54900
0.54888
0.54877
0.54866
0.54854
0.54843
0.54831
0.54820
0.54809
0.54797
0.54786
0.54775
0.54763
0.54752
0.54741
0.54729
0.54718
0.54706
0.54695
0.54684
0.54672
0.54661
0.54650
0.54638
0.54627
0.54615
0.54604
0.54593
0.54581
0.54570
0.54559
0.54547
0.54536
0.54525
0.54513
0.54502
0.54490
0.54479
0.54468
0.54456
0.54445
0.54434
0.54422
0.54411
0.54399
0.54388
0.54377
0.54365
0.54354
0.54343
0.54331
0.54320
0.54309
0.54297
0.54286
0.54274
0.54263
0.54252
0.54240
0.54229
0.54218
0.54206
0.54195
0.54183
0.54172
0.54161
0.54149
0.54138
0.54127
0.54115
0.54104
0.54093
0.54081
0.54070
0.54058
0.54047
0.54036
0.54024
0.54013
0.54002
0.53990
0.53979
0.53968
0.53956
0.53945
0.53933
0.53922
0.53911
0.53899
0.53888
0.53877
0.53865
0.53854
0.53842
0.53831
0.53820
0.53808
0.53797
0.53786
0.53774
0.53763
0.53752
0.53740
0.53729
0.53717
0.53706
0.53695
0.53683
0.53672
0.53661
0.53649
0.53638
0.53626
0.53615
0.53604
0.53592
0.53581
0.53570
0.53558
0.53547
0.53536
0.53524
0.53513
0.53501
0.53490
0.53479
0.53467
0.53456
0.53445
0.53433
0.53422
0.53410
0.53399
0.53388
0.53376
0.53365
0.53354
0.53342
0.53331
0.53320
0.53308
0.53297
0.53285
0.53274
0.53263
0.53251
0.53240
0.53229
0.53217
0.53206
0.53194
0.53183
0.53172
0.53160
0.53149
0.53138
0.53126
0.53115
0.53104
0.53092
0.53081
0.53069
0.53058
0.53047
0.53035
0.53024
0.53013
0.53001
0.52990
0.52979
0.52967
0.52956
0.52944
0.52933
0.52922
0.52910
0.52899
0.52888
0.52876
0.52865
0.52853
0.52842
0.52831
0.52819
0.52808
0.52797
0.52785
0.52774
0.52763
0.52751
0.52740
0.52728
0.52717
0.52706
0.52694
0.52683
0.52672
0.52660
0.52649
0.52637
0.52626
0.52615
0.52603
0.52592
0.52581
0.52569
0.52558
0.52547
0.52535
0.52524
0.52512
0.52501
0.52490
0.52478
0.52467
0.52456
0.52444
0.52433
0.52421
0.52410
0.52399
0.52387
0.52376
0.52365
0.52353
0.52342
0.52331
0.52319
0.52308
0.52296
0.52285
0.52274
0.52262
0.52251
0.52240
0.52228
0.52217
0.52206
0.52194
0.52183
0.52171
0.52160
0.52149
0.52137
0.52126
0.52115
0.52103
0.52092
0.52080
0.52069
0.52058
0.52046
0.52035
0.52024
0.52012
0.52001
0.51990
0.51978
0.51967
0.51955
0.51944
0.51933
0.51921
0.51910
0.51899
0.51887
0.51876
0.51864
0.51853
0.51842
0.51830
0.51819
0.51808
0.51796
0.51785
0.51774
0.51762
0.51751
0.51739
0.51728
0.51717
0.51705
0.51694
0.51683
0.51671
0.51660
0.51648
0.51637
0.51626
0.51614
0.51603
0.51592
0.51580
0.51569
0.51558
0.51546
0.51535
0.51523
0.51512
0.51501
0.51489
0.51478
0.51467
0.51455
0.51444
0.51433
0.51421
0.51410
0.51398
0.51387
0.51376
0.51364
0.51353
0.51342
0.51330
0.51319
0.51307
0.51296
0.51285
0.51273
0.51262
0.51251
0.51239
0.51228
0.51217
0.51205
0.51194
0.51182
0.51171
0.51160
0.51148
0.51137
0.51126
0.51114
0.51103
0.51091
0.51080
0.51069
0.51057
0.51046
0.51035
0.51023
0.51012
0.51001
0.50989
0.50978
0.50966
0.50955
0.50944
0.50932
0.50921
0.50910
0.50898
0.50887
0.50876
0.50864
0.50853
0.50841
0.50830
0.50819
0.50807
0.50796
0.50785
0.50773
0.50762
0.50750
0.50739
0.50728
0.50716
0.50705
0.50694
0.50682
0.50671
0.50660
0.50648
0.50637
0.50625
0.50614
0.50603
0.50591
0.50580
0.50569
0.50557
0.50546
0.50534
0.50523
0.50512
0.50500
0.50489
0.50478
0.50466
0.50455
0.50444
0.50432
0.50421
0.50409
0.50398
0.50387
0.50375
0.50364
0.50353
0.50341
0.50330
0.50319
0.50307
0.50296
0.50284
0.50273
0.50262
0.50250
0.50239
0.50228
0.50216
0.50205
0.50193
0.50182
0.50171
0.50159
0.50148
0.50137
0.50125
0.50114
0.50103
0.50091
0.50080
0.50068
0.50057
0.50046
0.50034
0.50023
0.50012
0.50000
0.49989
0.49977
0.49966
0.49955
0.49943
0.49932
0.49921
0.49909
0.49898
0.49887
0.49875
0.49864
0.49852
0.49841
0.49830
0.49818
0.49807
0.49796
0.49784
0.49773
0.49761
0.49750
0.49739
0.49727
0.49716
0.49705
0.49693
0.49682
0.49671
0.49659
0.49648
0.49636
0.49625
0.49614
0.49602
0.49591
0.49580
0.49568
0.49557
0.49546
0.49534
0.49523
0.49511
0.49500
0.49489
0.49477
0.49466
0.49455
0.49443
0.49432
0.49420
0.49409
0.49398
0.49386
0.49375
0.49364
0.49352
0.49341
0.49330
0.49318
0.49307
0.49295
0.49284
0.49273
0.49261
0.49250
0.49239
0.49227
0.49216
0.49205
0.49193
0.49182
0.49170
0.49159
0.49148
0.49136
0.49125
0.49114
0.49102
0.49091
0.49079
0.49068
0.49057
0.49045
0.49034
0.49023
0.49011
0.49000
0.48989
0.48977
0.48966
0.48954
0.48943
0.48932
0.48920
0.48909
0.48898
0.48886
0.48875
0.48863
0.48852
0.48841
0.48829
0.48818
0.48807
0.48795
0.48784
0.48773
0.48761
0.48750
0.48738
0.48727
0.48716
0.48704
0.48693
0.48682
0.48670
0.48659
0.48648
0.48636
0.48625
0.48613
0.48602
0.48591
0.48579
0.48568
0.48557
0.48545
0.48534
0.48522
0.48511
0.48500
0.48488
0.48477
0.48466
0.48454
0.48443
0.48432
0.48420
0.48409
0.48397
0.48386
0.48375
0.48363
0.48352
0.48341
0.48329
0.48318
0.48306
0.48295
0.48284
0.48272
0.48261
0.48250
0.48238
0.48227
0.48216
0.48204
0.48193
0.48181
0.48170
0.48159
0.48147
0.48136
0.48125
0.48113
0.48102
0.48091
0.48079
0.48068
0.48056
0.48045
0.48034
0.48022
0.48011
0.48000
0.47988
0.47977
0.47965
0.47954
0.47943
0.47931
0.47920
0.47909
0.47897
0.47886
0.47875
0.47863
0.47852
0.47840
0.47829
0.47818
0.47806
0.47795
0.47784
0.47772
0.47761
0.47749
0.47738
0.47727
0.47715
0.47704
0.47693
0.47681
0.47670
0.47659
0.47647
0.47636
0.47624
0.47613
0.47602
0.47590
0.47579
0.47568
0.47556
0.47545
0.47534
0.47522
0.47511
0.47499
0.47488
0.47477
0.47465
0.47454
0.47443
0.47431
0.47420
0.47408
0.47397
0.47386
0.47374
0.47363
0.47352
0.47340
0.47329
0.47318
0.47306
0.47295
0.47283
0.47272
0.47261
0.47249
0.47238
0.47227
0.47215
0.47204
0.47193
0.47181
0.47170
0.47158
0.47147
0.47136
0.47124
0.47113
0.47102
0.47090
0.47079
0.47067
0.47056
0.47045
0.47033
0.47022
0.47011
0.46999
0.46988
0.46977
0.46965
0.46954
0.46942
0.46931
0.46920
0.46908
0.46897
0.46886
0.46874
0.46863
0.46851
0.46840
0.46829
0.46817
0.46806
0.46795
0.46783
0.46772
0.46761
0.46749
0.46738
0.46726
0.46715
0.46704
0.46692
0.46681
0.46670
0.46658
0.46647
0.46636
0.46624
0.46613
0.46601
0.46590
0.46579
0.46567
0.46556
0.46545
0.46533
0.46522
0.46510
0.46499
0.46488
0.46476
0.46465
0.46454
0.46442
0.46431
0.46420
0.46408
0.46397
0.46385
0.46374
0.46363
0.46351
0.46340
0.46329
0.46317
0.46306
0.46295
0.46283
0.46272
0.46260
0.46249
0.46238
0.46226
0.46215
0.46204
0.46192
0.46181
0.46169
0.46158
0.46147
0.46135
0.46124
0.46113
0.46101
0.46090
0.46079
0.46067
0.46056
0.46044
0.46033
0.46022
0.46010
0.45999
0.45988
0.45976
0.45965
0.45954
0.45942
0.45931
0.45919
0.45908
0.45897
0.45885
0.45874
0.45863
0.45851
0.45840
0.45828
0.45817
0.45806
0.45794
0.45783
0.45772
0.45760
0.45749
0.45738
0.45726
0.45715
0.45703
0.45692
0.45681
0.45669
0.45658
0.45647
0.45635
0.45624
0.45613
0.45601
0.45590
0.45578
0.45567
0.45556
0.45544
0.45533
0.45522
0.45510
0.45499
0.45487
0.45476
0.45465
0.45453
0.45442
0.45431
0.45419
0.45408
0.45397
0.45385
0.45374
0.45362
0.45351
0.45340
0.45328
0.45317
0.45306
0.45294
0.45283
0.45271
0.45260
0.45249
0.45237
0.45226
0.45215
0.45203
0.45192
0.45181
0.45169
0.45158
0.45146
0.45135
0.45124
0.45112
0.45101
0.45090
0.45078
0.45067
0.45056
0.45044
0.45033
0.45021
0.45010
0.44999
0.44987
0.44976
0.44965
0.44953
0.44942
0.44930
0.44919
0.44908
0.44896
0.44885
0.44874
0.44862
0.44851
0.44840
0.44828
0.44817
0.44805
0.44794
0.44783
0.44771
0.44760
0.44749
0.44737
0.44726
0.44715
0.44703
0.44692
0.44680
0.44669
0.44658
0.44646
0.44635
0.44624
0.44612
0.44601
0.44589
0.44578
0.44567
0.44555
0.44544
0.44533
0.44521
0.44510
0.44499
0.44487
0.44476
0.44464
0.44453
0.44442
0.44430
0.44419
0.44408
0.44396
0.44385
0.44374
0.44362
0.44351
0.44339
0.44328
0.44317
0.44305
0.44294
0.44283
0.44271
0.44260
0.44248
0.44237
0.44226
0.44214
0.44203
0.44192
0.44180
0.44169
0.44158
0.44146
0.44135
0.44123
0.44112
0.44101
0.44089
0.44078
0.44067
0.44055
0.44044
0.44033
0.44021
0.44010
0.43998
0.43987
0.43976
0.43964
0.43953
0.43942
0.43930
0.43919
0.43907
0.43896
0.43885
0.43873
0.43862
0.43851
0.43839
0.43828
0.43817
0.43805
0.43794
0.43782
0.43771
0.43760
0.43748
0.43737
0.43726
0.43714
0.43703
0.43692
0.43680
0.43669
0.43657
0.43646
0.43635
0.43623
0.43612
0.43601
0.43589
0.43578
0.43566
0.43555
0.43544
0.43532
0.43521
0.43510
0.43498
0.43487
0.43476
0.43464
0.43453
0.43441
0.43430
0.43419
0.43407
0.43396
0.43385
0.43373
0.43362
0.43351
0.43339
0.43328
0.43316
0.43305
0.43294
0.43282
0.43271
0.43260
0.43248
0.43237
0.43225
0.43214
0.43203
0.43191
0.43180
0.43169
0.43157
0.43146
0.43135
0.43123
0.43112
0.43100
0.43089
0.43078
0.43066
0.43055
0.43044
0.43032
0.43021
0.43010
0.42998
0.42987
0.42975
0.42964
0.42953
0.42941
0.42930
0.42919
0.42907
0.42896
0.42884
0.42873
0.42862
0.42850
0.42839
0.42828
0.42816
0.42805
0.42794
0.42782
0.42771
0.42759
0.42748
0.42737
0.42725
0.42714
0.42703
0.42691
0.42680
0.42669
0.42657
0.42646
0.42634
0.42623
0.42612
0.42600
0.42589
0.42578
0.42566
0.42555
0.42544
0.42532
0.42521
0.42509
0.42498
0.42487
0.42475
0.42464
0.42453
0.42441
0.42430
0.42418
0.42407
0.42396
0.42384
0.42373
0.42362
0.42350
0.42339
0.42328
0.42316
0.42305
0.42293
0.42282
0.42271
0.42259
0.42248
0.42237
0.42225
0.42214
0.42203
0.42191
0.42180
0.42168
0.42157
0.42146
0.42134
0.42123
0.42112
0.42100
0.42089
0.42077
0.42066
0.42055
0.42043
0.42032
0.42021
0.42009
0.41998
0.41987
0.41975
0.41964
0.41952
0.41941
0.41930
0.41918
0.41907
0.41896
0.41884
0.41873
0.41862
0.41850
0.41839
0.41827
0.41816
0.41805
0.41793
0.41782
0.41771
0.41759
0.41748
0.41736
0.41725
0.41714
0.41702
0.41691
0.41680
0.41668
0.41657
0.41646
0.41634
0.41623
0.41611
0.41600
0.41589
0.41577
0.41566
0.41555
0.41543
0.41532
0.41521
0.41509
0.41498
0.41486
0.41475
0.41464
0.41452
0.41441
0.41430
0.41418
0.41407
0.41395
0.41384
0.41373
0.41361
0.41350
0.41339
0.41327
0.41316
0.41305
0.41293
0.41282
0.41270
0.41259
0.41248
0.41236
0.41225
0.41214
0.41202
0.41191
0.41180
0.41168
0.41157
0.41145
0.41134
0.41123
0.41111
0.41100
0.41089
0.41077
0.41066
0.41055
0.41043
0.41032
0.41020
0.41009
0.40998
0.40986
0.40975
0.40964
0.40952
0.40941
0.40929
0.40918
0.40907
0.40895
0.40884
0.40873
0.40861
0.40850
0.40839
0.40827
0.40816
0.40804
0.40793
0.40782
0.40770
0.40759
0.40748
0.40736
0.40725
0.40714
0.40702
0.40691
0.40679
0.40668
0.40657
0.40645
0.40634
0.40623
0.40611
0.40600
0.40588
0.40577
0.40566
0.40554
0.40543
0.40532
0.40520
0.40509
0.40498
0.40486
0.40475
0.40463
0.40452
0.40441
0.40429
0.40418
0.40407
0.40395
0.40384
0.40373
0.40361
0.40350
0.40338
0.40327
0.40316
0.40304
0.40293
0.40282
0.40270
0.40259
0.40248
0.40236
0.40225
0.40213
0.40202
0.40191
0.40179
0.40168
0.40157
0.40145
0.40134
0.40122
0.40111
0.40100
0.40088
0.40077
0.40066
0.40054
0.40043
0.40032
0.40020
0.40009
0.39997
0.39986
0.39975
0.39963
0.39952
0.39941
0.39929
0.39918
0.39907
0.39895
0.39884
0.39872
0.39861
0.39850
0.39838
0.39827
0.39816
0.39804
0.39793
0.39781
0.39770
0.39759
0.39747
0.39736
0.39725
0.39713
0.39702
0.39691
0.39679
0.39668
0.39656
0.39645
0.39634
0.39622
0.39611
0.39600
0.39588
0.39577
0.39566
0.39554
0.39543
0.39531
0.39520
0.39509
0.39497
0.39486
0.39475
0.39463
0.39452
0.39441
0.39429
0.39418
0.39406
0.39395
0.39384
0.39372
0.39361
0.39350
0.39338
0.39327
0.39315
0.39304
0.39293
0.39281
0.39270
0.39259
0.39247
0.39236
0.39225
0.39213
0.39202
0.39190
0.39179
0.39168
0.39156
0.39145
0.39134
0.39122
0.39111
0.39100
0.39088
0.39077
0.39065
0.39054
0.39043
0.39031
0.39020
0.39009
0.38997
0.38986
0.38975
0.38963
0.38952
0.38940
0.38929
0.38918
0.38906
0.38895
0.38884
0.38872
0.38861
0.38849
0.38838
0.38827
0.38815
0.38804
0.38793
0.38781
0.38770
0.38759
0.38747
0.38736
0.38724
0.38713
0.38702
0.38690
0.38679
0.38668
0.38656
0.38645
0.38634
0.38622
0.38611
0.38599
0.38588
0.38577
0.38565
0.38554
0.38543
0.38531
0.38520
0.38509
0.38497
0.38486
0.38474
0.38463
0.38452
0.38440
0.38429
0.38418
0.38406
0.38395
0.38383
0.38372
0.38361
0.38349
0.38338
0.38327
0.38315
0.38304
0.38293
0.38281
0.38270
0.38258
0.38247
0.38236
0.38224
0.38213
0.38202
0.38190
0.38179
0.38168
0.38156
0.38145
0.38133
0.38122
0.38111
0.38099
0.38088
0.38077
0.38065
0.38054
0.38043
0.38031
0.38020
0.38008
0.37997
0.37986
0.37974
0.37963
0.37952
0.37940
0.37929
0.37917
0.37906
0.37895
0.37883
0.37872
0.37861
0.37849
0.37838
0.37827
0.37815
0.37804
0.37792
0.37781
0.37770
0.37758
0.37747
0.37736
0.37724
0.37713
0.37702
0.37690
0.37679
0.37667
0.37656
0.37645
0.37633
0.37622
0.37611
0.37599
0.37588
0.37577
0.37565
0.37554
0.37542
0.37531
0.37520
0.37508
0.37497
0.37486
0.37474
0.37463
0.37451
0.37440
0.37429
0.37417
0.37406
0.37395
0.37383
0.37372
0.37361
0.37349
0.37338
0.37326
0.37315
0.37304
0.37292
0.37281
0.37270
0.37258
0.37247
0.37236
0.37224
0.37213
0.37201
0.37190
0.37179
0.37167
0.37156
0.37145
0.37133
0.37122
0.37111
0.37099
0.37088
0.37076
0.37065
0.37054
0.37042
0.37031
0.37020
0.37008
0.36997
0.36985
0.36974
0.36963
0.36951
0.36940
0.36929
0.36917
0.36906
0.36895
0.36883
0.36872
0.36860
0.36849
0.36838
0.36826
0.36815
0.36804
0.36792
0.36781
0.36770
0.36758
0.36747
0.36735
0.36724
0.36713
0.36701
0.36690
0.36679
0.36667
0.36656
0.36645
0.36633
0.36622
0.36610
0.36599
0.36588
0.36576
0.36565
0.36554
0.36542
0.36531
0.36519
0.36508
0.36497
0.36485
0.36474
0.36463
0.36451
0.36440
0.36429
0.36417
0.36406
0.36394
0.36383
0.36372
0.36360
0.36349
0.36338
0.36326
0.36315
0.36304
0.36292
0.36281
0.36269
0.36258
0.36247
0.36235
0.36224
0.36213
0.36201
0.36190
0.36179
0.36167
0.36156
0.36144
0.36133
0.36122
0.36110
0.36099
0.36088
0.36076
0.36065
0.36054
0.36042
0.36031
0.36019
0.36008
0.35997
0.35985
0.35974
0.35963
0.35951
0.35940
0.35928
0.35917
0.35906
0.35894
0.35883
0.35872
0.35860
0.35849
0.35838
0.35826
0.35815
0.35803
0.35792
0.35781
0.35769
0.35758
0.35747
0.35735
0.35724
0.35713
0.35701
0.35690
0.35678
0.35667
0.35656
0.35644
0.35633
0.35622
0.35610
0.35599
0.35588
0.35576
0.35565
0.35553
0.35542
0.35531
0.35519
0.35508
0.35497
0.35485
0.35474
0.35463
0.35451
0.35440
0.35428
0.35417
0.35406
0.35394
0.35383
0.35372
0.35360
0.35349
0.35337
0.35326
0.35315
0.35303
0.35292
0.35281
0.35269
0.35258
0.35247
0.35235
0.35224
0.35212
0.35201
0.35190
0.35178
0.35167
0.35156
0.35144
0.35133
0.35122
0.35110
0.35099
0.35087
0.35076
0.35065
0.35053
0.35042
0.35031
0.35019
0.35008
0.34997
0.34985
0.34974
0.34962
0.34951
0.34940
0.34928
0.34917
0.34906
0.34894
0.34883
0.34872
0.34860
0.34849
0.34837
0.34826
0.34815
0.34803
0.34792
0.34781
0.34769
0.34758
0.34746
0.34735
0.34724
0.34712
0.34701
0.34690
0.34678
0.34667
0.34656
0.34644
0.34633
0.34621
0.34610
0.34599
0.34587
0.34576
0.34565
0.34553
0.34542
0.34531
0.34519
0.34508
0.34496
0.34485
0.34474
0.34462
0.34451
0.34440
0.34428
0.34417
0.34406
0.34394
0.34383
0.34371
0.34360
0.34349
0.34337
0.34326
0.34315
0.34303
0.34292
0.34281
0.34269
0.34258
0.34246
0.34235
0.34224
0.34212
0.34201
0.34190
0.34178
0.34167
0.34155
0.34144
0.34133
0.34121
0.34110
0.34099
0.34087
0.34076
0.34065
0.34053
0.34042
0.34030
0.34019
0.34008
0.33996
0.33985
0.33974
0.33962
0.33951
0.33940
0.33928
0.33917
0.33905
0.33894
0.33883
0.33871
0.33860
0.33849
0.33837
0.33826
0.33815
0.33803
0.33792
0.33780
0.33769
0.33758
0.33746
0.33735
0.33724
0.33712
0.33701
0.33690
0.33678
0.33667
0.33655
0.33644
0.33633
0.33621
0.33610
0.33599
0.33587
0.33576
0.33565
0.33553
0.33542
0.33530
0.33519
0.33508
0.33496
0.33485
0.33474
0.33462
0.33451
0.33439
0.33428
0.33417
0.33405
0.33394
0.33383
0.33371
0.33360
0.33349
0.33337
0.33326
0.33314
0.33303
0.33292
0.33280
0.33269
0.33258
0.33246
0.33235
0.33224
0.33212
0.33201
0.33189
0.33178
0.33167
0.33155
0.33144
0.33133
0.33121
0.33110
0.33099
0.33087
0.33076
0.33064
0.33053
0.33042
0.33030
0.33019
0.33008
0.32996
0.32985
0.32974
0.32962
0.32951
0.32939
0.32928
0.32917
0.32905
0.32894
0.32883
0.32871
0.32860
0.32849
0.32837
0.32826
0.32814
0.32803
0.32792
0.32780
0.32769
0.32758
0.32746
0.32735
0.32723
0.32712
0.32701
0.32689
0.32678
0.32667
0.32655
0.32644
0.32633
0.32621
0.32610
0.32598
0.32587
0.32576
0.32564
0.32553
0.32542
0.32530
0.32519
0.32508
0.32496
0.32485
0.32473
0.32462
0.32451
0.32439
0.32428
0.32417
0.32405
0.32394
0.32383
0.32371
0.32360
0.32348
0.32337
0.32326
0.32314
0.32303
0.32292
0.32280
0.32269
0.32258
0.32246
0.32235
0.32223
0.32212
0.32201
0.32189
0.32178
0.32167
0.32155
0.32144
0.32133
0.32121
0.32110
0.32098
0.32087
0.32076
0.32064
0.32053
0.32042
0.32030
0.32019
0.32008
0.31996
0.31985
0.31973
0.31962
0.31951
0.31939
0.31928
0.31917
0.31905
0.31894
0.31882
0.31871
0.31860
0.31848
0.31837
0.31826
0.31814
0.31803
0.31792
0.31780
0.31769
0.31757
0.31746
0.31735
0.31723
0.31712
0.31701
0.31689
0.31678
0.31667
0.31655
0.31644
0.31632
0.31621
0.31610
0.31598
0.31587
0.31576
0.31564
0.31553
0.31542
0.31530
0.31519
0.31507
0.31496
0.31485
0.31473
0.31462
0.31451
0.31439
0.31428
0.31417
0.31405
0.31394
0.31382
0.31371
0.31360
0.31348
0.31337
0.31326
0.31314
0.31303
0.31292
0.31280
0.31269
0.31257
0.31246
0.31235
0.31223
0.31212
0.31201
0.31189
0.31178
0.31167
0.31155
0.31144
0.31132
0.31121
0.31110
0.31098
0.31087
0.31076
0.31064
0.31053
0.31042
0.31030
0.31019
0.31007
0.30996
0.30985
0.30973
0.30962
0.30951
0.30939
0.30928
0.30916
0.30905
0.30894
0.30882
0.30871
0.30860
0.30848
0.30837
0.30826
0.30814
0.30803
0.30791
0.30780
0.30769
0.30757
0.30746
0.30735
0.30723
0.30712
0.30701
0.30689
0.30678
0.30666
0.30655
0.30644
0.30632
0.30621
0.30610
0.30598
0.30587
0.30576
0.30564
0.30553
0.30541
0.30530
0.30519
0.30507
0.30496
0.30485
0.30473
0.30462
0.30451
0.30439
0.30428
0.30416
0.30405
0.30394
0.30382
0.30371
0.30360
0.30348
0.30337
0.30326
0.30314
0.30303
0.30291
0.30280
0.30269
0.30257
0.30246
0.30235
0.30223
0.30212
0.30201
0.30189
0.30178
0.30166
0.30155
0.30144
0.30132
0.30121
0.30110
0.30098
0.30087
0.30076
0.30064
0.30053
0.30041
0.30030
0.30019
0.30007
0.29996
0.29985
0.29973
0.29962
0.29951
0.29939
0.29928
0.29916
0.29905
0.29894
0.29882
0.29871
0.29860
0.29848
0.29837
0.29826
0.29814
0.29803
0.29791
0.29780
0.29769
0.29757
0.29746
0.29735
0.29723
0.29712
0.29700
0.29689
0.29678
0.29666
0.29655
0.29644
0.29632
0.29621
0.29610
0.29598
0.29587
0.29575
0.29564
0.29553
0.29541
0.29530
0.29519
0.29507
0.29496
0.29485
0.29473
0.29462
0.29450
0.29439
0.29428
0.29416
0.29405
0.29394
0.29382
0.29371
0.29360
0.29348
0.29337
0.29325
0.29314
0.29303
0.29291
0.29280
0.29269
0.29257
0.29246
0.29235
0.29223
0.29212
0.29200
0.29189
0.29178
0.29166
0.29155
0.29144
0.29132
0.29121
0.29110
0.29098
0.29087
0.29075
0.29064
0.29053
0.29041
0.29030
0.29019
0.29007
0.28996
0.28985
0.28973
0.28962
0.28950
0.28939
0.28928
0.28916
0.28905
0.28894
0.28882
0.28871
0.28860
0.28848
0.28837
0.28825
0.28814
0.28803
0.28791
0.28780
0.28769
0.28757
0.28746
0.28735
0.28723
0.28712
0.28700
0.28689
0.28678
0.28666
0.28655
0.28644
0.28632
0.28621
0.28610
0.28598
0.28587
0.28575
0.28564
0.28553
0.28541
0.28530
0.28519
0.28507
0.28496
0.28485
0.28473
0.28462
0.28450
0.28439
0.28428
0.28416
0.28405
0.28394
0.28382
0.28371
0.28360
0.28348
0.28337
0.28325
0.28314
0.28303
0.28291
0.28280
0.28269
0.28257
0.28246
0.28235
0.28223
0.28212
0.28200
0.28189
0.28178
0.28166
0.28155
0.28144
0.28132
0.28121
0.28110
0.28098
0.28087
0.28075
0.28064
0.28053
0.28041
0.28030
0.28019
0.28007
0.27996
0.27985
0.27973
0.27962
0.27950
0.27939
0.27928
0.27916
0.27905
0.27894
0.27882
0.27871
0.27859
0.27848
0.27837
0.27825
0.27814
0.27803
0.27791
0.27780
0.27769
0.27757
0.27746
0.27734
0.27723
0.27712
0.27700
0.27689
0.27678
0.27666
0.27655
0.27644
0.27632
0.27621
0.27609
0.27598
0.27587
0.27575
0.27564
0.27553
0.27541
0.27530
0.27519
0.27507
0.27496
0.27484
0.27473
0.27462
0.27450
0.27439
0.27428
0.27416
0.27405
0.27394
0.27382
0.27371
0.27359
0.27348
0.27337
0.27325
0.27314
0.27303
0.27291
0.27280
0.27269
0.27257
0.27246
0.27234
0.27223
0.27212
0.27200
0.27189
0.27178
0.27166
0.27155
0.27144
0.27132
0.27121
0.27109
0.27098
0.27087
0.27075
0.27064
0.27053
0.27041
0.27030
0.27019
0.27007
0.26996
0.26984
0.26973
0.26962
0.26950
0.26939
0.26928
0.26916
0.26905
0.26894
0.26882
0.26871
0.26859
0.26848
0.26837
0.26825
0.26814
0.26803
0.26791
0.26780
0.26769
0.26757
0.26746
0.26734
0.26723
0.26712
0.26700
0.26689
0.26678
0.26666
0.26655
0.26644
0.26632
0.26621
0.26609
0.26598
0.26587
0.26575
0.26564
0.26553
0.26541
0.26530
0.26519
0.26507
0.26496
0.26484
0.26473
0.26462
0.26450
0.26439
0.26428
0.26416
0.26405
0.26394
0.26382
0.26371
0.26359
0.26348
0.26337
0.26325
0.26314
0.26303
0.26291
0.26280
0.26269
0.26257
0.26246
0.26234
0.26223
0.26212
0.26200
0.26189
0.26178
0.26166
0.26155
0.26144
0.26132
0.26121
0.26109
0.26098
0.26087
0.26075
0.26064
0.26053
0.26041
0.26030
0.26019
0.26007
0.25996
0.25984
0.25973
0.25962
0.25950
0.25939
0.25928
0.25916
0.25905
0.25894
0.25882
0.25871
0.25859
0.25848
0.25837
0.25825
0.25814
0.25803
0.25791
0.25780
0.25769
0.25757
0.25746
0.25734
0.25723
0.25712
0.25700
0.25689
0.25678
0.25666
0.25655
0.25644
0.25632
0.25621
0.25609
0.25598
0.25587
0.25575
0.25564
0.25553
0.25541
0.25530
0.25519
0.25507
0.25496
0.25484
0.25473
0.25462
0.25450
0.25439
0.25428
0.25416
0.25405
0.25394
0.25382
0.25371
0.25359
0.25348
0.25337
0.25325
0.25314
0.25303
0.25291
0.25280
0.25269
0.25257
0.25246
0.25234
0.25223
0.25212
0.25200
0.25189
0.25178
0.25166
0.25155
0.25144
0.25132
0.25121
0.25109
0.25098
0.25087
0.25075
0.25064
0.25053
0.25041
0.25030
0.25019
0.25007
0.24996
0.24984
0.24973
0.24962
0.24950
0.24939
0.24928
0.24916
0.24905
0.24894
0.24882
0.24871
0.24859
0.24848
0.24837
0.24825
0.24814
0.24803
0.24791
0.24780
0.24769
0.24757
0.24746
0.24734
0.24723
0.24712
0.24700
0.24689
0.24678
0.24666
0.24655
0.24644
0.24632
0.24621
0.24610
0.24598
0.24587
0.24575
0.24564
0.24553
0.24541
0.24530
0.24519
0.24507
0.24496
0.24485
0.24473
0.24462
0.24450
0.24439
0.24428
0.24416
0.24405
0.24394
0.24382
0.24371
0.24360
0.24348
0.24337
0.24325
0.24314
0.24303
0.24291
0.24280
0.24269
0.24257
0.24246
0.24235
0.24223
0.24212
0.24200
0.24189
0.24178
0.24166
0.24155
0.24144
0.24132
0.24121
0.24110
0.24098
0.24087
0.24075
0.24064
0.24053
0.24041
0.24030
0.24019
0.24007
0.23996
0.23985
0.23973
0.23962
0.23950
0.23939
0.23928
0.23916
0.23905
0.23894
0.23882
0.23871
0.23860
0.23848
0.23837
0.23825
0.23814
0.23803
0.23791
0.23780
0.23769
0.23757
0.23746
0.23735
0.23723
0.23712
0.23700
0.23689
0.23678
0.23666
0.23655
0.23644
0.23632
0.23621
0.23610
0.23598
0.23587
0.23575
0.23564
0.23553
0.23541
0.23530
0.23519
0.23507
0.23496
0.23485
0.23473
0.23462
0.23450
0.23439
0.23428
0.23416
0.23405
0.23394
0.23382
0.23371
0.23360
0.23348
0.23337
0.23325
0.23314
0.23303
0.23291
0.23280
0.23269
0.23257
0.23246
0.23235
0.23223
0.23212
0.23200
0.23189
0.23178
0.23166
0.23155
0.23144
0.23132
0.23121
0.23110
0.23098
0.23087
0.23075
0.23064
0.23053
0.23041
0.23030
0.23019
0.23007
0.22996
0.22985
0.22973
0.22962
0.22950
0.22939
0.22928
0.22916
0.22905
0.22894
0.22882
0.22871
0.22860
0.22848
0.22837
0.22826
0.22814
0.22803
0.22791
0.22780
0.22769
0.22757
0.22746
0.22735
0.22723
0.22712
0.22701
0.22689
0.22678
0.22666
0.22655
0.22644
0.22632
0.22621
0.22610
0.22598
0.22587
0.22576
0.22564
0.22553
0.22541
0.22530
0.22519
0.22507
0.22496
0.22485
0.22473
0.22462
0.22451
0.22439
0.22428
0.22416
0.22405
0.22394
0.22382
0.22371
0.22360
0.22348
0.22337
0.22326
0.22314
0.22303
0.22291
0.22280
0.22269
0.22257
0.22246
0.22235
0.22223
0.22212
0.22201
0.22189
0.22178
0.22166
0.22155
0.22144
0.22132
0.22121
0.22110
0.22098
0.22087
0.22076
0.22064
0.22053
0.22041
0.22030
0.22019
0.22007
0.21996
0.21985
0.21973
0.21962
0.21951
0.21939
0.21928
0.21916
0.21905
0.21894
0.21882
0.21871
0.21860
0.21848
0.21837
0.21826
0.21814
0.21803
0.21792
0.21780
0.21769
0.21757
0.21746
0.21735
0.21723
0.21712
0.21701
0.21689
0.21678
0.21667
0.21655
0.21644
0.21632
0.21621
0.21610
0.21598
0.21587
0.21576
0.21564
0.21553
0.21542
0.21530
0.21519
0.21507
0.21496
0.21485
0.21473
0.21462
0.21451
0.21439
0.21428
0.21417
0.21405
0.21394
0.21382
0.21371
0.21360
0.21348
0.21337
0.21326
0.21314
0.21303
0.21292
0.21280
0.21269
0.21257
0.21246
0.21235
0.21223
0.21212
0.21201
0.21189
0.21178
0.21167
0.21155
0.21144
0.21132
0.21121
0.21110
0.21098
0.21087
0.21076
0.21064
0.21053
0.21042
0.21030
0.21019
0.21008
0.20996
0.20985
0.20973
0.20962
0.20951
0.20939
0.20928
0.20917
0.20905
0.20894
0.20883
0.20871
0.20860
0.20848
0.20837
0.20826
0.20814
0.20803
0.20792
0.20780
0.20769
0.20758
0.20746
0.20735
0.20723
0.20712
0.20701
0.20689
0.20678
0.20667
0.20655
0.20644
0.20633
0.20621
0.20610
0.20598
0.20587
0.20576
0.20564
0.20553
0.20542
0.20530
0.20519
0.20508
0.20496
0.20485
0.20473
0.20462
0.20451
0.20439
0.20428
0.20417
0.20405
0.20394
0.20383
0.20371
0.20360
0.20348
0.20337
0.20326
0.20314
0.20303
0.20292
0.20280
0.20269
0.20258
0.20246
0.20235
0.20224
0.20212
0.20201
0.20189
0.20178
0.20167
0.20155
0.20144
0.20133
0.20121
0.20110
0.20099
0.20087
0.20076
0.20064
0.20053
0.20042
0.20030
0.20019
0.20008
0.19996
0.19985
0.19974
0.19962
0.19951
0.19939
0.19928
0.19917
0.19905
0.19894
0.19883
0.19871
0.19860
0.19849
0.19837
0.19826
0.19814
0.19803
0.19792
0.19780
0.19769
0.19758
0.19746
0.19735
0.19724
0.19712
0.19701
0.19690
0.19678
0.19667
0.19655
0.19644
0.19633
0.19621
0.19610
0.19599
0.19587
0.19576
0.19565
0.19553
0.19542
0.19530
0.19519
0.19508
0.19496
0.19485
0.19474
0.19462
0.19451
0.19440
0.19428
0.19417
0.19405
0.19394
0.19383
0.19371
0.19360
0.19349
0.19337
0.19326
0.19315
0.19303
0.19292
0.19280
0.19269
0.19258
0.19246
0.19235
0.19224
0.19212
0.19201
0.19190
0.19178
0.19167
0.19155
0.19144
0.19133
0.19121
0.19110
0.19099
0.19087
0.19076
0.19065
0.19053
0.19042
0.19031
0.19019
0.19008
0.18996
0.18985
0.18974
0.18962
0.18951
0.18940
0.18928
0.18917
0.18906
0.18894
0.18883
0.18871
0.18860
0.18849
0.18837
0.18826
0.18815
0.18803
0.18792
0.18781
0.18769
0.18758
0.18746
0.18735
0.18724
0.18712
0.18701
0.18690
0.18678
0.18667
0.18656
0.18644
0.18633
0.18622
0.18610
0.18599
0.18587
0.18576
0.18565
0.18553
0.18542
0.18531
0.18519
0.18508
0.18497
0.18485
0.18474
0.18462
0.18451
0.18440
0.18428
0.18417
0.18406
0.18394
0.18383
0.18372
0.18360
0.18349
0.18337
0.18326
0.18315
0.18303
0.18292
0.18281
0.18269
0.18258
0.18247
0.18235
0.18224
0.18212
0.18201
0.18190
0.18178
0.18167
0.18156
0.18144
0.18133
0.18122
0.18110
0.18099
0.18088
0.18076
0.18065
0.18053
0.18042
0.18031
0.18019
0.18008
0.17997
0.17985
0.17974
0.17963
0.17951
0.17940
0.17928
0.17917
0.17906
0.17894
0.17883
0.17872
0.17860
0.17849
0.17838
0.17826
0.17815
0.17803
0.17792
0.17781
0.17769
0.17758
0.17747
0.17735
0.17724
0.17713
0.17701
0.17690
0.17679
0.17667
0.17656
0.17644
0.17633
0.17622
0.17610
0.17599
0.17588
0.17576
0.17565
0.17554
0.17542
0.17531
0.17519
0.17508
0.17497
0.17485
0.17474
0.17463
0.17451
0.17440
0.17429
0.17417
0.17406
0.17394
0.17383
0.17372
0.17360
0.17349
0.17338
0.17326
0.17315
0.17304
0.17292
0.17281
0.17270
0.17258
0.17247
0.17235
0.17224
0.17213
0.17201
0.17190
0.17179
0.17167
0.17156
0.17145
0.17133
0.17122
0.17110
0.17099
0.17088
0.17076
0.17065
0.17054
0.17042
0.17031
0.17020
0.17008
0.16997
0.16985
0.16974
0.16963
0.16951
0.16940
0.16929
0.16917
0.16906
0.16895
0.16883
0.16872
0.16861
0.16849
0.16838
0.16826
0.16815
0.16804
0.16792
0.16781
0.16770
0.16758
0.16747
0.16736
0.16724
0.16713
0.16701
0.16690
0.16679
0.16667
0.16656
0.16645
0.16633
0.16622
0.16611
0.16599
0.16588
0.16576
0.16565
0.16554
0.16542
0.16531
0.16520
0.16508
0.16497
0.16486
0.16474
0.16463
0.16452
0.16440
0.16429
0.16417
0.16406
0.16395
0.16383
0.16372
0.16361
0.16349
0.16338
0.16327
0.16315
0.16304
0.16292
0.16281
0.16270
0.16258
0.16247
0.16236
0.16224
0.16213
0.16202
0.16190
0.16179
0.16168
0.16156
0.16145
0.16133
0.16122
0.16111
0.16099
0.16088
0.16077
0.16065
0.16054
0.16043
0.16031
0.16020
0.16008
0.15997
0.15986
0.15974
0.15963
0.15952
0.15940
0.15929
0.15918
0.15906
0.15895
0.15883
0.15872
0.15861
0.15849
0.15838
0.15827
0.15815
0.15804
0.15793
0.15781
0.15770
0.15759
0.15747
0.15736
0.15724
0.15713
0.15702
0.15690
0.15679
0.15668
0.15656
0.15645
0.15634
0.15622
0.15611
0.15599
0.15588
0.15577
0.15565
0.15554
0.15543
0.15531
0.15520
0.15509
0.15497
0.15486
0.15475
0.15463
0.15452
0.15440
0.15429
0.15418
0.15406
0.15395
0.15384
0.15372
0.15361
0.15350
0.15338
0.15327
0.15315
0.15304
0.15293
0.15281
0.15270
0.15259
0.15247
0.15236
0.15225
0.15213
0.15202
0.15191
0.15179
0.15168
0.15156
0.15145
0.15134
0.15122
0.15111
0.15100
0.15088
0.15077
0.15066
0.15054
0.15043
0.15031
0.15020
0.15009
0.14997
0.14986
0.14975
0.14963
0.14952
0.14941
0.14929
0.14918
0.14907
0.14895
0.14884
0.14872
0.14861
0.14850
0.14838
0.14827
0.14816
0.14804
0.14793
0.14782
0.14770
0.14759
0.14747
0.14736
0.14725
0.14713
0.14702
0.14691
0.14679
0.14668
0.14657
0.14645
0.14634
0.14623
0.14611
0.14600
0.14588
0.14577
0.14566
0.14554
0.14543
0.14532
0.14520
0.14509
0.14498
0.14486
0.14475
0.14463
0.14452
0.14441
0.14429
0.14418
0.14407
0.14395
0.14384
0.14373
0.14361
0.14350
0.14339
0.14327
0.14316
0.14304
0.14293
0.14282
0.14270
0.14259
0.14248
0.14236
0.14225
0.14214
0.14202
0.14191
0.14179
0.14168
0.14157
0.14145
0.14134
0.14123
0.14111
0.14100
0.14089
0.14077
0.14066
0.14055
0.14043
0.14032
0.14020
0.14009
0.13998
0.13986
0.13975
0.13964
0.13952
0.13941
0.13930
0.13918
0.13907
0.13895
0.13884
0.13873
0.13861
0.13850
0.13839
0.13827
0.13816
0.13805
0.13793
0.13782
0.13771
0.13759
0.13748
0.13736
0.13725
0.13714
0.13702
0.13691
0.13680
0.13668
0.13657
0.13646
0.13634
0.13623
0.13611
0.13600
0.13589
0.13577
0.13566
0.13555
0.13543
0.13532
0.13521
0.13509
0.13498
0.13487
0.13475
0.13464
0.13452
0.13441
0.13430
0.13418
0.13407
0.13396
0.13384
0.13373
0.13362
0.13350
0.13339
0.13327
0.13316
0.13305
0.13293
0.13282
0.13271
0.13259
0.13248
0.13237
0.13225
0.13214
0.13203
0.13191
0.13180
0.13168
0.13157
0.13146
0.13134
0.13123
0.13112
0.13100
0.13089
0.13078
0.13066
0.13055
0.13044
0.13032
0.13021
0.13009
0.12998
0.12987
0.12975
0.12964
0.12953
0.12941
0.12930
0.12919
0.12907
0.12896
0.12884
0.12873
0.12862
0.12850
0.12839
0.12828
0.12816
0.12805
0.12794
0.12782
0.12771
0.12760
0.12748
0.12737
0.12725
0.12714
0.12703
0.12691
0.12680
0.12669
0.12657
0.12646
0.12635
0.12623
0.12612
0.12601
0.12589
0.12578
0.12566
0.12555
0.12544
0.12532
0.12521
0.12510
0.12498
0.12487
0.12476
0.12464
0.12453
0.12441
0.12430
0.12419
0.12407
0.12396
0.12385
0.12373
0.12362
0.12351
0.12339
0.12328
0.12317
0.12305
0.12294
0.12282
0.12271
0.12260
0.12248
0.12237
0.12226
0.12214
0.12203
0.12192
0.12180
0.12169
0.12158
0.12146
0.12135
0.12123
0.12112
0.12101
0.12089
0.12078
0.12067
0.12055
0.12044
0.12033
0.12021
0.12010
0.11998
0.11987
0.11976
0.11964
0.11953
0.11942
0.11930
0.11919
0.11908
0.11896
0.11885
0.11874
0.11862
0.11851
0.11839
0.11828
0.11817
0.11805
0.11794
0.11783
0.11771
0.11760
0.11749
0.11737
0.11726
0.11715
0.11703
0.11692
0.11680
0.11669
0.11658
0.11646
0.11635
0.11624
0.11612
0.11601
0.11590
0.11578
0.11567
0.11556
0.11544
0.11533
0.11521
0.11510
0.11499
0.11487
0.11476
0.11465
0.11453
0.11442
0.11431
0.11419
0.11408
0.11396
0.11385
0.11374
0.11362
0.11351
0.11340
0.11328
0.11317
0.11306
0.11294
0.11283
0.11272
0.11260
0.11249
0.11237
0.11226
0.11215
0.11203
0.11192
0.11181
0.11169
0.11158
0.11147
0.11135
0.11124
0.11113
0.11101
0.11090
0.11078
0.11067
0.11056
0.11044
0.11033
0.11022
0.11010
0.10999
0.10988
0.10976
0.10965
0.10954
0.10942
0.10931
0.10919
0.10908
0.10897
0.10885
0.10874
0.10863
0.10851
0.10840
0.10829
0.10817
0.10806
0.10795
0.10783
0.10772
0.10760
0.10749
0.10738
0.10726
0.10715
0.10704
0.10692
0.10681
0.10670
0.10658
0.10647
0.10635
0.10624
0.10613
0.10601
0.10590
0.10579
0.10567
0.10556
0.10545
0.10533
0.10522
0.10511
0.10499
0.10488
0.10476
0.10465
0.10454
0.10442
0.10431
0.10420
0.10408
0.10397
0.10386
0.10374
0.10363
0.10352
0.10340
0.10329
0.10317
0.10306
0.10295
0.10283
0.10272
0.10261
0.10249
0.10238
0.10227
0.10215
0.10204
0.10193
0.10181
0.10170
0.10158
0.10147
0.10136
0.10124
0.10113
0.10102
0.10090
0.10079
0.10068
0.10056
0.10045
0.10034
0.10022
0.10011
0.09999
0.09988
0.09977
0.09965
0.09954
0.09943
0.09931
0.09920
0.09909
0.09897
0.09886
0.09875
0.09863
0.09852
0.09840
0.09829
0.09818
0.09806
0.09795
0.09784
0.09772
0.09761
0.09750
0.09738
0.09727
0.09716
0.09704
0.09693
0.09681
0.09670
0.09659
0.09647
0.09636
0.09625
0.09613
0.09602
0.09591
0.09579
0.09568
0.09557
0.09545
0.09534
0.09522
0.09511
0.09500
0.09488
0.09477
0.09466
0.09454
0.09443
0.09432
0.09420
0.09409
0.09398
0.09386
0.09375
0.09363
0.09352
0.09341
0.09329
0.09318
0.09307
0.09295
0.09284
0.09273
0.09261
0.09250
0.09239
0.09227
0.09216
0.09204
0.09193
0.09182
0.09170
0.09159
0.09148
0.09136
0.09125
0.09114
0.09102
0.09091
0.09080
0.09068
0.09057
0.09045
0.09034
0.09023
0.09011
0.09000
0.08989
0.08977
0.08966
0.08955
0.08943
0.08932
0.08921
0.08909
0.08898
0.08886
0.08875
0.08864
0.08852
0.08841
0.08830
0.08818
0.08807
0.08796
0.08784
0.08773
0.08762
0.08750
0.08739
0.08727
0.08716
0.08705
0.08693
0.08682
0.08671
0.08659
0.08648
0.08637
0.08625
0.08614
0.08603
0.08591
0.08580
0.08568
0.08557
0.08546
0.08534
0.08523
0.08512
0.08500
0.08489
0.08478
0.08466
0.08455
0.08444
0.08432
0.08421
0.08409
0.08398
0.08387
0.08375
0.08364
0.08353
0.08341
0.08330
0.08319
0.08307
0.08296
0.08285
0.08273
0.08262
0.08251
0.08239
0.08228
0.08216
0.08205
0.08194
0.08182
0.08171
0.08160
0.08148
0.08137
0.08126
0.08114
0.08103
0.08092
0.08080
0.08069
0.08057
0.08046
0.08035
0.08023
0.08012
0.08001
0.07989
0.07978
0.07967
0.07955
0.07944
0.07933
0.07921
0.07910
0.07898
0.07887
0.07876
0.07864
0.07853
0.07842
0.07830
0.07819
0.07808
0.07796
0.07785
0.07774
0.07762
0.07751
0.07739
0.07728
0.07717
0.07705
0.07694
0.07683
0.07671
0.07660
0.07649
0.07637
0.07626
0.07615
0.07603
0.07592
0.07581
0.07569
0.07558
0.07546
0.07535
0.07524
0.07512
0.07501
0.07490
0.07478
0.07467
0.07456
0.07444
0.07433
0.07422
0.07410
0.07399
0.07387
0.07376
0.07365
0.07353
0.07342
0.07331
0.07319
0.07308
0.07297
0.07285
0.07274
0.07263
0.07251
0.07240
0.07228
0.07217
0.07206
0.07194
0.07183
0.07172
0.07160
0.07149
0.07138
0.07126
0.07115
0.07104
0.07092
0.07081
0.07070
0.07058
0.07047
0.07035
0.07024
0.07013
0.07001
0.06990
0.06979
0.06967
0.06956
0.06945
0.06933
0.06922
0.06911
0.06899
0.06888
0.06876
0.06865
0.06854
0.06842
0.06831
0.06820
0.06808
0.06797
0.06786
0.06774
0.06763
0.06752
0.06740
0.06729
0.06718
0.06706
0.06695
0.06683
0.06672
0.06661
0.06649
0.06638
0.06627
0.06615
0.06604
0.06593
0.06581
0.06570
0.06559
0.06547
0.06536
0.06524
0.06513
0.06502
0.06490
0.06479
0.06468
0.06456
0.06445
0.06434
0.06422
0.06411
0.06400
0.06388
0.06377
0.06366
0.06354
0.06343
0.06331
0.06320
0.06309
0.06297
0.06286
0.06275
0.06263
0.06252
0.06241
0.06229
0.06218
0.06207
0.06195
0.06184
0.06172
0.06161
0.06150
0.06138
0.06127
0.06116
0.06104
0.06093
0.06082
0.06070
0.06059
0.06048
0.06036
0.06025
0.06014
0.06002
0.05991
0.05979
0.05968
0.05957
0.05945
0.05934
0.05923
0.05911
0.05900
0.05889
0.05877
0.05866
0.05855
0.05843
0.05832
0.05821
0.05809
0.05798
0.05786
0.05775
0.05764
0.05752
0.05741
0.05730
0.05718
0.05707
0.05696
0.05684
0.05673
0.05662
0.05650
0.05639
0.05628
0.05616
0.05605
0.05593
0.05582
0.05571
0.05559
0.05548
0.05537
0.05525
0.05514
0.05503
0.05491
0.05480
0.05469
0.05457
0.05446
0.05435
0.05423
0.05412
0.05400
0.05389
0.05378
0.05366
0.05355
0.05344
0.05332
0.05321
0.05310
0.05298
0.05287
0.05276
