-39.09009
-39.09004
-39.08998
-39.08991
-39.08985
-39.08978
-39.08971
-39.08964
-39.08957
-39.08950
-39.08943
-39.08936
-39.08928
-39.08921
-39.08913
-39.08906
-39.08898
-39.08890
-39.08882
-39.08874
-39.08866
-39.08858
-39.08850
-39.08842
-39.08833
-39.08825
-39.08816
-39.08807
-39.08799
-39.08790
-39.08781
-39.08772
-39.08763
-39.08753
-39.08744
-39.08735
-39.08725
-39.08716
-39.08706
-39.08696
-39.08686
-39.08676
-39.08666
-39.08656
-39.08646
-39.08636
-39.08625
-39.08615
-39.08604
-39.08593
-39.08583
-39.08572
-39.08561
-39.08550
-39.08539
-39.08528
-39.08516
-39.08505
-39.08493
-39.08482
-39.08470
-39.08458
-39.08447
-39.08435
-39.08423
-39.08410
-39.08398
-39.08386
-39.08374
-39.08361
-39.08349
-39.08336
-39.08323
-39.08310
-39.08297
-39.08284
-39.08271
-39.08258
-39.08245
-39.08232
-39.08218
-39.08205
-39.08191
-39.08177
-39.08163
-39.08149
-39.08135
-39.08121
-39.08107
-39.08093
-39.08079
-39.08064
-39.08050
-39.08035
-39.08020
-39.08005
-39.07990
-39.07975
-39.07960
-39.07945
-39.07930
-39.07915
-39.07899
-39.07884
-39.07868
-39.07852
-39.07837
-39.07821
-39.07805
-39.07789
-39.07772
-39.07756
-39.07740
-39.07723
-39.07707
-39.07690
-39.07674
-39.07657
-39.07640
-39.07623
-39.07606
-39.07589
-39.07572
-39.07554
-39.07537
-39.07519
-39.07502
-39.07484
-39.07466
-39.07448
-39.07430
-39.07412
-39.07394
-39.07376
-39.07358
-39.07339
-39.07321
-39.07302
-39.07284
-39.07265
-39.07246
-39.07227
-39.07208
-39.07189
-39.07170
-39.07150
-39.07131
-39.07111
-39.07092
-39.07072
-39.07052
-39.07033
-39.07013
-39.06993
-39.06972
-39.06952
-39.06932
-39.06912
-39.06891
-39.06870
-39.06850
-39.06829
-39.06808
-39.06787
-39.06766
-39.06745
-39.06724
-39.06703
-39.06681
-39.06660
-39.06638
-39.06617
-39.06595
-39.06573
-39.06551
-39.06529
-39.06507
-39.06485
-39.06463
-39.06440
-39.06418
-39.06395
-39.06373
-39.06350
-39.06327
-39.06304
-39.06281
-39.06258
-39.06235
-39.06212
-39.06188
-39.06165
-39.06141
-39.06118
-39.06094
-39.06070
-39.06046
-39.06022
-39.05998
-39.05974
-39.05950
-39.05925
-39.05901
-39.05876
-39.05852
-39.05827
-39.05802
-39.05777
-39.05752
-39.05727
-39.05702
-39.05677
-39.05651
-39.05626
-39.05600
-39.05575
-39.05549
-39.05523
-39.05498
-39.05472
-39.05445
-39.05419
-39.05393
-39.05367
-39.05340
-39.05314
-39.05287
-39.05260
-39.05234
-39.05207
-39.05180
-39.05153
-39.05126
-39.05098
-39.05071
-39.05044
-39.05016
-39.04989
-39.04961
-39.04933
-39.04905
-39.04877
-39.04849
-39.04821
-39.04793
-39.04765
-39.04736
-39.04708
-39.04679
-39.04650
-39.04622
-39.04593
-39.04564
-39.04535
-39.04506
-39.04476
-39.04447
-39.04418
-39.04388
-39.04359
-39.04329
-39.04299
-39.04269
-39.04239
-39.04209
-39.04179
-39.04149
-39.04119
-39.04088
-39.04058
-39.04027
-39.03997
-39.03966
-39.03935
-39.03904
-39.03873
-39.03842
-39.03811
-39.03779
-39.03748
-39.03716
-39.03685
-39.03653
-39.03621
-39.03590
-39.03558
-39.03526
-39.03494
-39.03461
-39.03429
-39.03397
-39.03364
-39.03332
-39.03299
-39.03266
-39.03233
-39.03201
-39.03167
-39.03134
-39.03101
-39.03068
-39.03035
-39.03001
-39.02967
-39.02934
-39.02900
-39.02866
-39.02832
-39.02798
-39.02764
-39.02730
-39.02696
-39.02661
-39.02627
-39.02592
-39.02558
-39.02523
-39.02488
-39.02453
-39.02418
-39.02383
-39.02348
-39.02313
-39.02277
-39.02242
-39.02206
-39.02171
-39.02135
-39.02099
-39.02063
-39.02027
-39.01991
-39.01955
-39.01919
-39.01882
-39.01846
-39.01809
-39.01773
-39.01736
-39.01699
-39.01662
-39.01625
-39.01588
-39.01551
-39.01514
-39.01476
-39.01439
-39.01401
-39.01364
-39.01326
-39.01288
-39.01250
-39.01212
-39.01174
-39.01136
-39.01098
-39.01060
-39.01021
-39.00983
-39.00944
-39.00905
-39.00866
-39.00828
-39.00789
-39.00749
-39.00710
-39.00671
-39.00632
-39.00592
-39.00553
-39.00513
-39.00473
-39.00434
-39.00394
-39.00354
-39.00314
-39.00273
-39.00233
-39.00193
-39.00152
-39.00112
-39.00071
-39.00031
-38.99990
-38.99949
-38.99908
-38.99867
-38.99826
-38.99784
-38.99743
-38.99702
-38.99660
-38.99619
-38.99577
-38.99535
-38.99493
-38.99451
-38.99409
-38.99367
-38.99325
-38.99282
-38.99240
-38.99197
-38.99155
-38.99112
-38.99069
-38.99026
-38.98983
-38.98940
-38.98897
-38.98854
-38.98811
-38.98767
-38.98724
-38.98680
-38.98636
-38.98593
-38.98549
-38.98505
-38.98461
-38.98416
-38.98372
-38.98328
-38.98283
-38.98239
-38.98194
-38.98150
-38.98105
-38.98060
-38.98015
-38.97970
-38.97925
-38.97880
-38.97834
-38.97789
-38.97743
-38.97698
-38.97652
-38.97606
-38.97560
-38.97514
-38.97468
-38.97422
-38.97376
-38.97329
-38.97283
-38.97237
-38.97190
-38.97143
-38.97096
-38.97050
-38.97003
-38.96956
-38.96908
-38.96861
-38.96814
-38.96766
-38.96719
-38.96671
-38.96624
-38.96576
-38.96528
-38.96480
-38.96432
-38.96384
-38.96335
-38.96287
-38.96239
-38.96190
-38.96142
-38.96093
-38.96044
-38.95995
-38.95946
-38.95897
-38.95848
-38.95799
-38.95749
-38.95700
-38.95650
-38.95601
-38.95551
-38.95501
-38.95451
-38.95402
-38.95351
-38.95301
-38.95251
-38.95201
-38.95150
-38.95100
-38.95049
-38.94998
-38.94948
-38.94897
-38.94846
-38.94795
-38.94744
-38.94692
-38.94641
-38.94590
-38.94538
-38.94486
-38.94435
-38.94383
-38.94331
-38.94279
-38.94227
-38.94175
-38.94123
-38.94070
-38.94018
-38.93965
-38.93913
-38.93860
-38.93807
-38.93754
-38.93701
-38.93648
-38.93595
-38.93542
-38.93488
-38.93435
-38.93381
-38.93328
-38.93274
-38.93220
-38.93166
-38.93112
-38.93058
-38.93004
-38.92950
-38.92896
-38.92841
-38.92787
-38.92732
-38.92677
-38.92622
-38.92568
-38.92513
-38.92457
-38.92402
-38.92347
-38.92292
-38.92236
-38.92181
-38.92125
-38.92069
-38.92014
-38.91958
-38.91902
-38.91846
-38.91789
-38.91733
-38.91677
-38.91620
-38.91564
-38.91507
-38.91450
-38.91394
-38.91337
-38.91280
-38.91223
-38.91165
-38.91108
-38.91051
-38.90993
-38.90936
-38.90878
-38.90820
-38.90763
-38.90705
-38.90647
-38.90589
-38.90530
-38.90472
-38.90414
-38.90355
-38.90297
-38.90238
-38.90179
-38.90120
-38.90062
-38.90003
-38.89943
-38.89884
-38.89825
-38.89766
-38.89706
-38.89646
-38.89587
-38.89527
-38.89467
-38.89407
-38.89347
-38.89287
-38.89227
-38.89167
-38.89106
-38.89046
-38.88985
-38.88925
-38.88864
-38.88803
-38.88742
-38.88681
-38.88620
-38.88559
-38.88497
-38.88436
-38.88375
-38.88313
-38.88251
-38.88189
-38.88128
-38.88066
-38.88004
-38.87942
-38.87879
-38.87817
-38.87755
-38.87692
-38.87629
-38.87567
-38.87504
-38.87441
-38.87378
-38.87315
-38.87252
-38.87189
-38.87125
-38.87062
-38.86999
-38.86935
-38.86871
-38.86807
-38.86744
-38.86680
-38.86616
-38.86551
-38.86487
-38.86423
-38.86358
-38.86294
-38.86229
-38.86165
-38.86100
-38.86035
-38.85970
-38.85905
-38.85840
-38.85774
-38.85709
-38.85644
-38.85578
-38.85513
-38.85447
-38.85381
-38.85315
-38.85249
-38.85183
-38.85117
-38.85051
-38.84984
-38.84918
-38.84851
-38.84785
-38.84718
-38.84651
-38.84584
-38.84517
-38.84450
-38.84383
-38.84316
-38.84248
-38.84181
-38.84113
-38.84046
-38.83978
-38.83910
-38.83842
-38.83774
-38.83706
-38.83638
-38.83569
-38.83501
-38.83433
-38.83364
-38.83295
-38.83227
-38.83158
-38.83089
-38.83020
-38.82951
-38.82882
-38.82812
-38.82743
-38.82673
-38.82604
-38.82534
-38.82464
-38.82394
-38.82324
-38.82254
-38.82184
-38.82114
-38.82044
-38.81973
-38.81903
-38.81832
-38.81762
-38.81691
-38.81620
-38.81549
-38.81478
-38.81407
-38.81335
-38.81264
-38.81193
-38.81121
-38.81050
-38.80978
-38.80906
-38.80834
-38.80762
-38.80690
-38.80618
-38.80546
-38.80473
-38.80401
-38.80328
-38.80256
-38.80183
-38.80110
-38.80037
-38.79964
-38.79891
-38.79818
-38.79745
-38.79671
-38.79598
-38.79524
-38.79451
-38.79377
-38.79303
-38.79229
-38.79155
-38.79081
-38.79007
-38.78933
-38.78858
-38.78784
-38.78709
-38.78634
-38.78560
-38.78485
-38.78410
-38.78335
-38.78260
-38.78185
-38.78109
-38.78034
-38.77958
-38.77883
-38.77807
-38.77731
-38.77655
-38.77579
-38.77503
-38.77427
-38.77351
-38.77275
-38.77198
-38.77122
-38.77045
-38.76968
-38.76892
-38.76815
-38.76738
-38.76661
-38.76583
-38.76506
-38.76429
-38.76351
-38.76274
-38.76196
-38.76118
-38.76041
-38.75963
-38.75885
-38.75807
-38.75728
-38.75650
-38.75572
-38.75493
-38.75415
-38.75336
-38.75257
-38.75178
-38.75100
-38.75020
-38.74941
-38.74862
-38.74783
-38.74703
-38.74624
-38.74544
-38.74465
-38.74385
-38.74305
-38.74225
-38.74145
-38.74065
-38.73985
-38.73904
-38.73824
-38.73743
-38.73663
-38.73582
-38.73501
-38.73420
-38.73339
-38.73258
-38.73177
-38.73096
-38.73015
-38.72933
-38.72852
-38.72770
-38.72688
-38.72606
-38.72524
-38.72442
-38.72360
-38.72278
-38.72196
-38.72113
-38.72031
-38.71948
-38.71866
-38.71783
-38.71700
-38.71617
-38.71534
-38.71451
-38.71368
-38.71285
-38.71201
-38.71118
-38.71034
-38.70950
-38.70867
-38.70783
-38.70699
-38.70615
-38.70531
-38.70446
-38.70362
-38.70278
-38.70193
-38.70108
-38.70024
-38.69939
-38.69854
-38.69769
-38.69684
-38.69599
-38.69513
-38.69428
-38.69343
-38.69257
-38.69171
-38.69086
-38.69000
-38.68914
-38.68828
-38.68742
-38.68656
-38.68569
-38.68483
-38.68396
-38.68310
-38.68223
-38.68136
-38.68049
-38.67962
-38.67875
-38.67788
-38.67701
-38.67614
-38.67526
-38.67439
-38.67351
-38.67263
-38.67176
-38.67088
-38.67000
-38.66912
-38.66823
-38.66735
-38.66647
-38.66558
-38.66470
-38.66381
-38.66292
-38.66204
-38.66115
-38.66026
-38.65937
-38.65847
-38.65758
-38.65669
-38.65579
-38.65490
-38.65400
-38.65310
-38.65220
-38.65130
-38.65040
-38.64950
-38.64860
-38.64769
-38.64679
-38.64588
-38.64498
-38.64407
-38.64316
-38.64225
-38.64134
-38.64043
-38.63952
-38.63861
-38.63770
-38.63678
-38.63587
-38.63495
-38.63403
-38.63311
-38.63219
-38.63127
-38.63035
-38.62943
-38.62851
-38.62758
-38.62666
-38.62573
-38.62480
-38.62388
-38.62295
-38.62202
-38.62109
-38.62016
-38.61922
-38.61829
-38.61736
-38.61642
-38.61548
-38.61455
-38.61361
-38.61267
-38.61173
-38.61079
-38.60985
-38.60890
-38.60796
-38.60701
-38.60607
-38.60512
-38.60417
-38.60323
-38.60228
-38.60133
-38.60037
-38.59942
-38.59847
-38.59751
-38.59656
-38.59560
-38.59465
-38.59369
-38.59273
-38.59177
-38.59081
-38.58985
-38.58888
-38.58792
-38.58696
-38.58599
-38.58502
-38.58406
-38.58309
-38.58212
-38.58115
-38.58018
-38.57920
-38.57823
-38.57726
-38.57628
-38.57531
-38.57433
-38.57335
-38.57237
-38.57139
-38.57041
-38.56943
-38.56845
-38.56746
-38.56648
-38.56549
-38.56451
-38.56352
-38.56253
-38.56154
-38.56055
-38.55956
-38.55857
-38.55758
-38.55658
-38.55559
-38.55459
-38.55359
-38.55260
-38.55160
-38.55060
-38.54960
-38.54860
-38.54759
-38.54659
-38.54559
-38.54458
-38.54357
-38.54257
-38.54156
-38.54055
-38.53954
-38.53853
-38.53752
-38.53650
-38.53549
-38.53447
-38.53346
-38.53244
-38.53142
-38.53041
-38.52939
-38.52837
-38.52734
-38.52632
-38.52530
-38.52427
-38.52325
-38.52222
-38.52119
-38.52017
-38.51914
-38.51811
-38.51708
-38.51604
-38.51501
-38.51398
-38.51294
-38.51191
-38.51087
-38.50983
-38.50879
-38.50775
-38.50671
-38.50567
-38.50463
-38.50359
-38.50254
-38.50150
-38.50045
-38.49940
-38.49835
-38.49730
-38.49625
-38.49520
-38.49415
-38.49310
-38.49204
-38.49099
-38.48993
-38.48888
-38.48782
-38.48676
-38.48570
-38.48464
-38.48358
-38.48252
-38.48145
-38.48039
-38.47932
-38.47826
-38.47719
-38.47612
-38.47505
-38.47398
-38.47291
-38.47184
-38.47076
-38.46969
-38.46862
-38.46754
-38.46646
-38.46539
-38.46431
-38.46323
-38.46215
-38.46106
-38.45998
-38.45890
-38.45781
-38.45673
-38.45564
-38.45455
-38.45347
-38.45238
-38.45129
-38.45019
-38.44910
-38.44801
-38.44692
-38.44582
-38.44472
-38.44363
-38.44253
-38.44143
-38.44033
-38.43923
-38.43813
-38.43702
-38.43592
-38.43482
-38.43371
-38.43260
-38.43150
-38.43039
-38.42928
-38.42817
-38.42706
-38.42594
-38.42483
-38.42372
-38.42260
-38.42148
-38.42037
-38.41925
-38.41813
-38.41701
-38.41589
-38.41477
-38.41364
-38.41252
-38.41140
-38.41027
-38.40914
-38.40801
-38.40689
-38.40576
-38.40463
-38.40349
-38.40236
-38.40123
-38.40009
-38.39896
-38.39782
-38.39668
-38.39555
-38.39441
-38.39327
-38.39212
-38.39098
-38.38984
-38.38869
-38.38755
-38.38640
-38.38526
-38.38411
-38.38296
-38.38181
-38.38066
-38.37951
-38.37835
-38.37720
-38.37605
-38.37489
-38.37373
-38.37257
-38.37142
-38.37026
-38.36910
-38.36793
-38.36677
-38.36561
-38.36444
-38.36328
-38.36211
-38.36094
-38.35978
-38.35861
-38.35744
-38.35627
-38.35509
-38.35392
-38.35275
-38.35157
-38.35039
-38.34922
-38.34804
-38.34686
-38.34568
-38.34450
-38.34332
-38.34214
-38.34095
-38.33977
-38.33858
-38.33739
-38.33621
-38.33502
-38.33383
-38.33264
-38.33145
-38.33025
-38.32906
-38.32786
-38.32667
-38.32547
-38.32428
-38.32308
-38.32188
-38.32068
-38.31948
-38.31827
-38.31707
-38.31587
-38.31466
-38.31345
-38.31225
-38.31104
-38.30983
-38.30862
-38.30741
-38.30620
-38.30498
-38.30377
-38.30256
-38.30134
-38.30012
-38.29890
-38.29769
-38.29647
-38.29525
-38.29402
-38.29280
-38.29158
-38.29035
-38.28913
-38.28790
-38.28667
-38.28544
-38.28421
-38.28298
-38.28175
-38.28052
-38.27929
-38.27805
-38.27682
-38.27558
-38.27434
-38.27310
-38.27187
-38.27062
-38.26938
-38.26814
-38.26690
-38.26565
-38.26441
-38.26316
-38.26192
-38.26067
-38.25942
-38.25817
-38.25692
-38.25567
-38.25441
-38.25316
-38.25190
-38.25065
-38.24939
-38.24813
-38.24687
-38.24561
-38.24435
-38.24309
-38.24183
-38.24056
-38.23930
-38.23803
-38.23677
-38.23550
-38.23423
-38.23296
-38.23169
-38.23042
-38.22915
-38.22787
-38.22660
-38.22532
-38.22405
-38.22277
-38.22149
-38.22021
-38.21893
-38.21765
-38.21637
-38.21508
-38.21380
-38.21251
-38.21123
-38.20994
-38.20865
-38.20736
-38.20607
-38.20478
-38.20349
-38.20219
-38.20090
-38.19961
-38.19831
-38.19701
-38.19571
-38.19441
-38.19311
-38.19181
-38.19051
-38.18921
-38.18790
-38.18660
-38.18529
-38.18399
-38.18268
-38.18137
-38.18006
-38.17875
-38.17744
-38.17612
-38.17481
-38.17349
-38.17218
-38.17086
-38.16954
-38.16822
-38.16691
-38.16558
-38.16426
-38.16294
-38.16162
-38.16029
-38.15897
-38.15764
-38.15631
-38.15498
-38.15365
-38.15232
-38.15099
-38.14966
-38.14832
-38.14699
-38.14565
-38.14432
-38.14298
-38.14164
-38.14030
-38.13896
-38.13762
-38.13628
-38.13493
-38.13359
-38.13224
-38.13090
-38.12955
-38.12820
-38.12685
-38.12550
-38.12415
-38.12280
-38.12144
-38.12009
-38.11873
-38.11738
-38.11602
-38.11466
-38.11330
-38.11194
-38.11058
-38.10922
-38.10785
-38.10649
-38.10512
-38.10376
-38.10239
-38.10102
-38.09965
-38.09828
-38.09691
-38.09554
-38.09416
-38.09279
-38.09141
-38.09004
-38.08866
-38.08728
-38.08590
-38.08452
-38.08314
-38.08176
-38.08038
-38.07899
-38.07761
-38.07622
-38.07483
-38.07344
-38.07205
-38.07066
-38.06927
-38.06788
-38.06649
-38.06509
-38.06370
-38.06230
-38.06090
-38.05951
-38.05811
-38.05671
-38.05531
-38.05390
-38.05250
-38.05110
-38.04969
-38.04828
-38.04688
-38.04547
-38.04406
-38.04265
-38.04124
-38.03983
-38.03841
-38.03700
-38.03558
-38.03417
-38.03275
-38.03133
-38.02991
-38.02849
-38.02707
-38.02565
-38.02422
-38.02280
-38.02137
-38.01995
-38.01852
-38.01709
-38.01566
-38.01423
-38.01280
-38.01137
-38.00994
-38.00850
-38.00707
-38.00563
-38.00419
-38.00275
-38.00132
-37.99988
-37.99843
-37.99699
-37.99555
-37.99410
-37.99266
-37.99121
-37.98976
-37.98832
-37.98687
-37.98542
-37.98397
-37.98251
-37.98106
-37.97960
-37.97815
-37.97669
-37.97524
-37.97378
-37.97232
-37.97086
-37.96940
-37.96793
-37.96647
-37.96501
-37.96354
-37.96207
-37.96061
-37.95914
-37.95767
-37.95620
-37.95473
-37.95325
-37.95178
-37.95031
-37.94883
-37.94735
-37.94588
-37.94440
-37.94292
-37.94144
-37.93995
-37.93847
-37.93699
-37.93550
-37.93402
-37.93253
-37.93104
-37.92956
-37.92807
-37.92657
-37.92508
-37.92359
-37.92210
-37.92060
-37.91911
-37.91761
-37.91611
-37.91461
-37.91311
-37.91161
-37.91011
-37.90861
-37.90710
-37.90560
-37.90409
-37.90259
-37.90108
-37.89957
-37.89806
-37.89655
-37.89504
-37.89352
-37.89201
-37.89049
-37.88898
-37.88746
-37.88594
-37.88442
-37.88290
-37.88138
-37.87986
-37.87834
-37.87681
-37.87529
-37.87376
-37.87223
-37.87070
-37.86918
-37.86764
-37.86611
-37.86458
-37.86305
-37.86151
-37.85998
-37.85844
-37.85690
-37.85537
-37.85383
-37.85229
-37.85074
-37.84920
-37.84766
-37.84611
-37.84457
-37.84302
-37.84147
-37.83992
-37.83838
-37.83682
-37.83527
-37.83372
-37.83217
-37.83061
-37.82906
-37.82750
-37.82594
-37.82438
-37.82282
-37.82126
-37.81970
-37.81814
-37.81657
-37.81501
-37.81344
-37.81187
-37.81031
-37.80874
-37.80717
-37.80560
-37.80402
-37.80245
-37.80088
-37.79930
-37.79772
-37.79615
-37.79457
-37.79299
-37.79141
-37.78983
-37.78824
-37.78666
-37.78508
-37.78349
-37.78190
-37.78032
-37.77873
-37.77714
-37.77555
-37.77396
-37.77236
-37.77077
-37.76918
-37.76758
-37.76598
-37.76438
-37.76279
-37.76119
-37.75958
-37.75798
-37.75638
-37.75478
-37.75317
-37.75156
-37.74996
-37.74835
-37.74674
-37.74513
-37.74352
-37.74191
-37.74029
-37.73868
-37.73706
-37.73545
-37.73383
-37.73221
-37.73059
-37.72897
-37.72735
-37.72573
-37.72410
-37.72248
-37.72085
-37.71923
-37.71760
-37.71597
-37.71434
-37.71271
-37.71108
-37.70944
-37.70781
-37.70617
-37.70454
-37.70290
-37.70126
-37.69962
-37.69798
-37.69634
-37.69470
-37.69306
-37.69141
-37.68977
-37.68812
-37.68647
-37.68482
-37.68318
-37.68152
-37.67987
-37.67822
-37.67657
-37.67491
-37.67326
-37.67160
-37.66994
-37.66828
-37.66662
-37.66496
-37.66330
-37.66164
-37.65997
-37.65831
-37.65664
-37.65497
-37.65331
-37.65164
-37.64997
-37.64830
-37.64662
-37.64495
-37.64328
-37.64160
-37.63992
-37.63825
-37.63657
-37.63489
-37.63321
-37.63152
-37.62984
-37.62816
-37.62647
-37.62479
-37.62310
-37.62141
-37.61972
-37.61803
-37.61634
-37.61465
-37.61296
-37.61126
-37.60957
-37.60787
-37.60617
-37.60447
-37.60277
-37.60107
-37.59937
-37.59767
-37.59597
-37.59426
-37.59256
-37.59085
-37.58914
-37.58743
-37.58572
-37.58401
-37.58230
-37.58059
-37.57887
-37.57716
-37.57544
-37.57372
-37.57200
-37.57028
-37.56856
-37.56684
-37.56512
-37.56340
-37.56167
-37.55995
-37.55822
-37.55649
-37.55476
-37.55303
-37.55130
-37.54957
-37.54784
-37.54610
-37.54437
-37.54263
-37.54089
-37.53916
-37.53742
-37.53568
-37.53393
-37.53219
-37.53045
-37.52870
-37.52696
-37.52521
-37.52346
-37.52171
-37.51996
-37.51821
-37.51646
-37.51471
-37.51295
-37.51120
-37.50944
-37.50768
-37.50593
-37.50417
-37.50241
-37.50064
-37.49888
-37.49712
-37.49535
-37.49359
-37.49182
-37.49005
-37.48828
-37.48651
-37.48474
-37.48297
-37.48120
-37.47942
-37.47765
-37.47587
-37.47409
-37.47232
-37.47054
-37.46876
-37.46697
-37.46519
-37.46341
-37.46162
-37.45984
-37.45805
-37.45626
-37.45447
-37.45268
-37.45089
-37.44910
-37.44731
-37.44551
-37.44372
-37.44192
-37.44012
-37.43832
-37.43652
-37.43472
-37.43292
-37.43112
-37.42931
-37.42751
-37.42570
-37.42390
-37.42209
-37.42028
-37.41847
-37.41666
-37.41484
-37.41303
-37.41122
-37.40940
-37.40758
-37.40576
-37.40395
-37.40213
-37.40031
-37.39848
-37.39666
-37.39484
-37.39301
-37.39118
-37.38936
-37.38753
-37.38570
-37.38387
-37.38204
-37.38020
-37.37837
-37.37653
-37.37470
-37.37286
-37.37102
-37.36918
-37.36734
-37.36550
-37.36366
-37.36182
-37.35997
-37.35813
-37.35628
-37.35443
-37.35258
-37.35073
-37.34888
-37.34703
-37.34518
-37.34332
-37.34147
-37.33961
-37.33775
-37.33589
-37.33403
-37.33217
-37.33031
-37.32845
-37.32659
-37.32472
-37.32285
-37.32099
-37.31912
-37.31725
-37.31538
-37.31351
-37.31164
-37.30976
-37.30789
-37.30601
-37.30413
-37.30226
-37.30038
-37.29850
-37.29662
-37.29473
-37.29285
-37.29097
-37.28908
-37.28719
-37.28531
-37.28342
-37.28153
-37.27964
-37.27775
-37.27585
-37.27396
-37.27206
-37.27017
-37.26827
-37.26637
-37.26447
-37.26257
-37.26067
-37.25877
-37.25686
-37.25496
-37.25305
-37.25115
-37.24924
-37.24733
-37.24542
-37.24351
-37.24159
-37.23968
-37.23777
-37.23585
-37.23393
-37.23201
-37.23010
-37.22818
-37.22625
-37.22433
-37.22241
-37.22048
-37.21856
-37.21663
-37.21470
-37.21278
-37.21085
-37.20891
-37.20698
-37.20505
-37.20312
-37.20118
-37.19924
-37.19731
-37.19537
-37.19343
-37.19149
-37.18954
-37.18760
-37.18566
-37.18371
-37.18177
-37.17982
-37.17787
-37.17592
-37.17397
-37.17202
-37.17007
-37.16811
-37.16616
-37.16420
-37.16224
-37.16029
-37.15833
-37.15637
-37.15440
-37.15244
-37.15048
-37.14851
-37.14655
-37.14458
-37.14261
-37.14064
-37.13867
-37.13670
-37.13473
-37.13276
-37.13078
-37.12880
-37.12683
-37.12485
-37.12287
-37.12089
-37.11891
-37.11693
-37.11494
-37.11296
-37.11097
-37.10899
-37.10700
-37.10501
-37.10302
-37.10103
-37.09904
-37.09704
-37.09505
-37.09305
-37.09106
-37.08906
-37.08706
-37.08506
-37.08306
-37.08106
-37.07905
-37.07705
-37.07504
-37.07304
-37.07103
-37.06902
-37.06701
-37.06500
-37.06299
-37.06097
-37.05896
-37.05694
-37.05493
-37.05291
-37.05089
-37.04887
-37.04685
-37.04483
-37.04280
-37.04078
-37.03875
-37.03673
-37.03470
-37.03267
-37.03064
-37.02861
-37.02658
-37.02455
-37.02251
-37.02048
-37.01844
-37.01640
-37.01436
-37.01232
-37.01028
-37.00824
-37.00620
-37.00415
-37.00211
-37.00006
-36.99801
-36.99597
-36.99392
-36.99186
-36.98981
-36.98776
-36.98571
-36.98365
-36.98159
-36.97954
-36.97748
-36.97542
-36.97336
-36.97129
-36.96923
-36.96717
-36.96510
-36.96304
-36.96097
-36.95890
-36.95683
-36.95476
-36.95269
-36.95061
-36.94854
-36.94646
-36.94439
-36.94231
-36.94023
-36.93815
-36.93607
-36.93399
-36.93190
-36.92982
-36.92773
-36.92565
-36.92356
-36.92147
-36.91938
-36.91729
-36.91520
-36.91310
-36.91101
-36.90891
-36.90682
-36.90472
-36.90262
-36.90052
-36.89842
-36.89632
-36.89421
-36.89211
-36.89000
-36.88790
-36.88579
-36.88368
-36.88157
-36.87946
-36.87735
-36.87523
-36.87312
-36.87100
-36.86888
-36.86677
-36.86465
-36.86253
-36.86040
-36.85828
-36.85616
-36.85403
-36.85191
-36.84978
-36.84765
-36.84552
-36.84339
-36.84126
-36.83913
-36.83699
-36.83486
-36.83272
-36.83059
-36.82845
-36.82631
-36.82417
-36.82203
-36.81988
-36.81774
-36.81559
-36.81345
-36.81130
-36.80915
-36.80700
-36.80485
-36.80270
-36.80055
-36.79839
-36.79624
-36.79408
-36.79192
-36.78976
-36.78760
-36.78544
-36.78328
-36.78112
-36.77895
-36.77679
-36.77462
-36.77245
-36.77028
-36.76811
-36.76594
-36.76377
-36.76160
-36.75942
-36.75725
-36.75507
-36.75289
-36.75071
-36.74853
-36.74635
-36.74417
-36.74198
-36.73980
-36.73761
-36.73542
-36.73324
-36.73105
-36.72886
-36.72666
-36.72447
-36.72228
-36.72008
-36.71789
-36.71569
-36.71349
-36.71129
-36.70909
-36.70689
-36.70468
-36.70248
-36.70027
-36.69807
-36.69586
-36.69365
-36.69144
-36.68923
-36.68702
-36.68480
-36.68259
-36.68037
-36.67815
-36.67594
-36.67372
-36.67150
-36.66928
-36.66705
-36.66483
-36.66260
-36.66038
-36.65815
-36.65592
-36.65369
-36.65146
-36.64923
-36.64700
-36.64476
-36.64253
-36.64029
-36.63805
-36.63581
-36.63357
-36.63133
-36.62909
-36.62685
-36.62460
-36.62236
-36.62011
-36.61786
-36.61561
-36.61336
-36.61111
-36.60886
-36.60660
-36.60435
-36.60209
-36.59983
-36.59758
-36.59532
-36.59306
-36.59079
-36.58853
-36.58627
-36.58400
-36.58173
-36.57947
-36.57720
-36.57493
-36.57266
-36.57038
-36.56811
-36.56584
-36.56356
-36.56128
-36.55901
-36.55673
-36.55445
-36.55216
-36.54988
-36.54760
-36.54531
-36.54303
-36.54074
-36.53845
-36.53616
-36.53387
-36.53158
-36.52928
-36.52699
-36.52469
-36.52240
-36.52010
-36.51780
-36.51550
-36.51320
-36.51089
-36.50859
-36.50629
-36.50398
-36.50167
-36.49936
-36.49705
-36.49474
-36.49243
-36.49012
-36.48780
-36.48549
-36.48317
-36.48085
-36.47854
-36.47622
-36.47389
-36.47157
-36.46925
-36.46692
-36.46460
-36.46227
-36.45994
-36.45761
-36.45528
-36.45295
-36.45062
-36.44828
-36.44595
-36.44361
-36.44127
-36.43893
-36.43659
-36.43425
-36.43191
-36.42957
-36.42722
-36.42487
-36.42253
-36.42018
-36.41783
-36.41548
-36.41313
-36.41077
-36.40842
-36.40606
-36.40371
-36.40135
-36.39899
-36.39663
-36.39427
-36.39191
-36.38954
-36.38718
-36.38481
-36.38245
-36.38008
-36.37771
-36.37534
-36.37296
-36.37059
-36.36822
-36.36584
-36.36347
-36.36109
-36.35871
-36.35633
-36.35395
-36.35156
-36.34918
-36.34680
-36.34441
-36.34202
-36.33963
-36.33724
-36.33485
-36.33246
-36.33007
-36.32767
-36.32528
-36.32288
-36.32048
-36.31808
-36.31568
-36.31328
-36.31088
-36.30847
-36.30607
-36.30366
-36.30126
-36.29885
-36.29644
-36.29403
-36.29161
-36.28920
-36.28678
-36.28437
-36.28195
-36.27953
-36.27711
-36.27469
-36.27227
-36.26985
-36.26742
-36.26500
-36.26257
-36.26014
-36.25771
-36.25528
-36.25285
-36.25042
-36.24799
-36.24555
-36.24312
-36.24068
-36.23824
-36.23580
-36.23336
-36.23092
-36.22847
-36.22603
-36.22358
-36.22114
-36.21869
-36.21624
-36.21379
-36.21134
-36.20888
-36.20643
-36.20397
-36.20152
-36.19906
-36.19660
-36.19414
-36.19168
-36.18921
-36.18675
-36.18429
-36.18182
-36.17935
-36.17688
-36.17441
-36.17194
-36.16947
-36.16700
-36.16452
-36.16205
-36.15957
-36.15709
-36.15461
-36.15213
-36.14965
-36.14716
-36.14468
-36.14219
-36.13971
-36.13722
-36.13473
-36.13224
-36.12975
-36.12726
-36.12476
-36.12227
-36.11977
-36.11727
-36.11477
-36.11227
-36.10977
-36.10727
-36.10477
-36.10226
-36.09975
-36.09725
-36.09474
-36.09223
-36.08972
-36.08720
-36.08469
-36.08218
-36.07966
-36.07714
-36.07463
-36.07211
-36.06958
-36.06706
-36.06454
-36.06202
-36.05949
-36.05696
-36.05443
-36.05190
-36.04937
-36.04684
-36.04431
-36.04178
-36.03924
-36.03670
-36.03417
-36.03163
-36.02909
-36.02654
-36.02400
-36.02146
-36.01891
-36.01637
-36.01382
-36.01127
-36.00872
-36.00617
-36.00361
-36.00106
-35.99851
-35.99595
-35.99339
-35.99083
-35.98827
-35.98571
-35.98315
-35.98059
-35.97802
-35.97545
-35.97289
-35.97032
-35.96775
-35.96518
-35.96261
-35.96003
-35.95746
-35.95488
-35.95230
-35.94973
-35.94715
-35.94457
-35.94198
-35.93940
-35.93682
-35.93423
-35.93164
-35.92905
-35.92646
-35.92387
-35.92128
-35.91869
-35.91609
-35.91350
-35.91090
-35.90830
-35.90570
-35.90310
-35.90050
-35.89790
-35.89529
-35.89269
-35.89008
-35.88747
-35.88486
-35.88225
-35.87964
-35.87703
-35.87441
-35.87180
-35.86918
-35.86656
-35.86394
-35.86132
-35.85870
-35.85608
-35.85345
-35.85083
-35.84820
-35.84557
-35.84294
-35.84031
-35.83768
-35.83505
-35.83242
-35.82978
-35.82714
-35.82450
-35.82187
-35.81923
-35.81658
-35.81394
-35.81130
-35.80865
-35.80600
-35.80336
-35.80071
-35.79806
-35.79540
-35.79275
-35.79010
-35.78744
-35.78479
-35.78213
-35.77947
-35.77681
-35.77415
-35.77148
-35.76882
-35.76615
-35.76349
-35.76082
-35.75815
-35.75548
-35.75281
-35.75013
-35.74746
-35.74478
-35.74211
-35.73943
-35.73675
-35.73407
-35.73139
-35.72870
-35.72602
-35.72333
-35.72065
-35.71796
-35.71527
-35.71258
-35.70989
-35.70719
-35.70450
-35.70180
-35.69911
-35.69641
-35.69371
-35.69101
-35.68830
-35.68560
-35.68290
-35.68019
-35.67748
-35.67478
-35.67207
-35.66935
-35.66664
-35.66393
-35.66121
-35.65850
-35.65578
-35.65306
-35.65034
-35.64762
-35.64490
-35.64218
-35.63945
-35.63672
-35.63400
-35.63127
-35.62854
-35.62581
-35.62307
-35.62034
-35.61761
-35.61487
-35.61213
-35.60939
-35.60665
-35.60391
-35.60117
-35.59842
-35.59568
-35.59293
-35.59019
-35.58744
-35.58469
-35.58193
-35.57918
-35.57643
-35.57367
-35.57091
-35.56816
-35.56540
-35.56264
-35.55987
-35.55711
-35.55435
-35.55158
-35.54881
-35.54605
-35.54328
-35.54051
-35.53773
-35.53496
-35.53219
-35.52941
-35.52663
-35.52385
-35.52107
-35.51829
-35.51551
-35.51273
-35.50994
-35.50716
-35.50437
-35.50158
-35.49879
-35.49600
-35.49320
-35.49041
-35.48761
-35.48482
-35.48202
-35.47922
-35.47642
-35.47362
-35.47082
-35.46801
-35.46521
-35.46240
-35.45959
-35.45678
-35.45397
-35.45116
-35.44834
-35.44553
-35.44271
-35.43990
-35.43708
-35.43426
-35.43144
-35.42861
-35.42579
-35.42297
-35.42014
-35.41731
-35.41448
-35.41165
-35.40882
-35.40599
-35.40315
-35.40032
-35.39748
-35.39464
-35.39180
-35.38896
-35.38612
-35.38328
-35.38043
-35.37759
-35.37474
-35.37189
-35.36904
-35.36619
-35.36334
-35.36049
-35.35763
-35.35477
-35.35192
-35.34906
-35.34620
-35.34334
-35.34047
-35.33761
-35.33474
-35.33188
-35.32901
-35.32614
-35.32327
-35.32040
-35.31752
-35.31465
-35.31177
-35.30890
-35.30602
-35.30314
-35.30026
-35.29737
-35.29449
-35.29160
-35.28872
-35.28583
-35.28294
-35.28005
-35.27716
-35.27427
-35.27137
-35.26848
-35.26558
-35.26268
-35.25978
-35.25688
-35.25398
-35.25107
-35.24817
-35.24526
-35.24236
-35.23945
-35.23654
-35.23362
-35.23071
-35.22780
-35.22488
-35.22197
-35.21905
-35.21613
-35.21321
-35.21029
-35.20736
-35.20444
-35.20151
-35.19858
-35.19565
-35.19272
-35.18979
-35.18686
-35.18393
-35.18099
-35.17805
-35.17512
-35.17218
-35.16924
-35.16629
-35.16335
-35.16041
-35.15746
-35.15451
-35.15156
-35.14861
-35.14566
-35.14271
-35.13976
-35.13680
-35.13384
-35.13089
-35.12793
-35.12497
-35.12200
-35.11904
-35.11608
-35.11311
-35.11014
-35.10717
-35.10420
-35.10123
-35.09826
-35.09529
-35.09231
-35.08933
-35.08636
-35.08338
-35.08040
-35.07741
-35.07443
-35.07145
-35.06846
-35.06547
-35.06248
-35.05949
-35.05650
-35.05351
-35.05052
-35.04752
-35.04452
-35.04152
-35.03853
-35.03552
-35.03252
-35.02952
-35.02651
-35.02351
-35.02050
-35.01749
-35.01448
-35.01147
-35.00846
-35.00544
-35.00243
-34.99941
-34.99639
-34.99337
-34.99035
-34.98733
-34.98430
-34.98128
-34.97825
-34.97522
-34.97219
-34.96916
-34.96613
-34.96310
-34.96006
-34.95703
-34.95399
-34.95095
-34.94791
-34.94487
-34.94183
-34.93878
-34.93574
-34.93269
-34.92964
-34.92659
-34.92354
-34.92049
-34.91743
-34.91438
-34.91132
-34.90827
-34.90521
-34.90215
-34.89908
-34.89602
-34.89296
-34.88989
-34.88682
-34.88375
-34.88068
-34.87761
-34.87454
-34.87146
-34.86839
-34.86531
-34.86223
-34.85915
-34.85607
-34.85299
-34.84991
-34.84682
-34.84374
-34.84065
-34.83756
-34.83447
-34.83138
-34.82828
-34.82519
-34.82209
-34.81899
-34.81589
-34.81279
-34.80969
-34.80659
-34.80349
-34.80038
-34.79727
-34.79416
-34.79105
-34.78794
-34.78483
-34.78172
-34.77860
-34.77548
-34.77237
-34.76925
-34.76612
-34.76300
-34.75988
-34.75675
-34.75363
-34.75050
-34.74737
-34.74424
-34.74111
-34.73797
-34.73484
-34.73170
-34.72857
-34.72543
-34.72229
-34.71914
-34.71600
-34.71286
-34.70971
-34.70656
-34.70341
-34.70026
-34.69711
-34.69396
-34.69081
-34.68765
-34.68449
-34.68133
-34.67817
-34.67501
-34.67185
-34.66869
-34.66552
-34.66235
-34.65919
-34.65602
-34.65285
-34.64967
-34.64650
-34.64332
-34.64015
-34.63697
-34.63379
-34.63061
-34.62743
-34.62424
-34.62106
-34.61787
-34.61469
-34.61150
-34.60831
-34.60511
-34.60192
-34.59873
-34.59553
-34.59233
-34.58913
-34.58593
-34.58273
-34.57953
-34.57632
-34.57312
-34.56991
-34.56670
-34.56349
-34.56028
-34.55706
-34.55385
-34.55063
-34.54742
-34.54420
-34.54098
-34.53776
-34.53453
-34.53131
-34.52808
-34.52486
-34.52163
-34.51840
-34.51517
-34.51193
-34.50870
-34.50546
-34.50223
-34.49899
-34.49575
-34.49251
-34.48926
-34.48602
-34.48277
-34.47953
-34.47628
-34.47303
-34.46978
-34.46652
-34.46327
-34.46001
-34.45676
-34.45350
-34.45024
-34.44698
-34.44372
-34.44045
-34.43719
-34.43392
-34.43065
-34.42738
-34.42411
-34.42084
-34.41756
-34.41429
-34.41101
-34.40773
-34.40445
-34.40117
-34.39789
-34.39460
-34.39132
-34.38803
-34.38474
-34.38145
-34.37816
-34.37487
-34.37157
-34.36828
-34.36498
-34.36168
-34.35838
-34.35508
-34.35178
-34.34848
-34.34517
-34.34186
-34.33855
-34.33524
-34.33193
-34.32862
-34.32531
-34.32199
-34.31867
-34.31535
-34.31203
-34.30871
-34.30539
-34.30207
-34.29874
-34.29541
-34.29208
-34.28875
-34.28542
-34.28209
-34.27875
-34.27542
-34.27208
-34.26874
-34.26540
-34.26206
-34.25872
-34.25537
-34.25203
-34.24868
-34.24533
-34.24198
-34.23863
-34.23527
-34.23192
-34.22856
-34.22521
-34.22185
-34.21849
-34.21512
-34.21176
-34.20839
-34.20503
-34.20166
-34.19829
-34.19492
-34.19155
-34.18817
-34.18480
-34.18142
-34.17804
-34.17466
-34.17128
-34.16790
-34.16452
-34.16113
-34.15774
-34.15436
-34.15097
-34.14758
-34.14418
-34.14079
-34.13739
-34.13400
-34.13060
-34.12720
-34.12380
-34.12039
-34.11699
-34.11358
-34.11017
-34.10677
-34.10336
-34.09994
-34.09653
-34.09312
-34.08970
-34.08628
-34.08286
-34.07944
-34.07602
-34.07260
-34.06917
-34.06574
-34.06232
-34.05889
-34.05546
-34.05202
-34.04859
-34.04515
-34.04172
-34.03828
-34.03484
-34.03140
-34.02795
-34.02451
-34.02106
-34.01762
-34.01417
-34.01072
-34.00727
-34.00381
-34.00036
-33.99690
-33.99344
-33.98998
-33.98652
-33.98306
-33.97960
-33.97613
-33.97267
-33.96920
-33.96573
-33.96226
-33.95879
-33.95531
-33.95184
-33.94836
-33.94488
-33.94140
-33.93792
-33.93444
-33.93095
-33.92746
-33.92398
-33.92049
-33.91700
-33.91351
-33.91001
-33.90652
-33.90302
-33.89952
-33.89602
-33.89252
-33.88902
-33.88552
-33.88201
-33.87850
-33.87499
-33.87148
-33.86797
-33.86446
-33.86095
-33.85743
-33.85391
-33.85039
-33.84687
-33.84335
-33.83983
-33.83630
-33.83278
-33.82925
-33.82572
-33.82219
-33.81865
-33.81512
-33.81158
-33.80805
-33.80451
-33.80097
-33.79743
-33.79388
-33.79034
-33.78679
-33.78324
-33.77970
-33.77614
-33.77259
-33.76904
-33.76548
-33.76193
-33.75837
-33.75481
-33.75125
-33.74768
-33.74412
-33.74055
-33.73699
-33.73342
-33.72985
-33.72627
-33.72270
-33.71913
-33.71555
-33.71197
-33.70839
-33.70481
-33.70123
-33.69764
-33.69406
-33.69047
-33.68688
-33.68329
-33.67970
-33.67611
-33.67251
-33.66891
-33.66532
-33.66172
-33.65812
-33.65451
-33.65091
-33.64730
-33.64370
-33.64009
-33.63648
-33.63286
-33.62925
-33.62564
-33.62202
-33.61840
-33.61478
-33.61116
-33.60754
-33.60391
-33.60029
-33.59666
-33.59303
-33.58940
-33.58577
-33.58214
-33.57850
-33.57487
-33.57123
-33.56759
-33.56395
-33.56030
-33.55666
-33.55301
-33.54937
-33.54572
-33.54207
-33.53842
-33.53476
-33.53111
-33.52745
-33.52379
-33.52013
-33.51647
-33.51281
-33.50914
-33.50548
-33.50181
-33.49814
-33.49447
-33.49080
-33.48712
-33.48345
-33.47977
-33.47609
-33.47241
-33.46873
-33.46505
-33.46137
-33.45768
-33.45399
-33.45030
-33.44661
-33.44292
-33.43922
-33.43553
-33.43183
-33.42813
-33.42443
-33.42073
-33.41703
-33.41332
-33.40962
-33.40591
-33.40220
-33.39849
-33.39477
-33.39106
-33.38734
-33.38363
-33.37991
-33.37619
-33.37246
-33.36874
-33.36501
-33.36129
-33.35756
-33.35383
-33.35010
-33.34636
-33.34263
-33.33889
-33.33515
-33.33141
-33.32767
-33.32393
-33.32019
-33.31644
-33.31269
-33.30894
-33.30519
-33.30144
-33.29769
-33.29393
-33.29017
-33.28641
-33.28265
-33.27889
-33.27513
-33.27136
-33.26760
-33.26383
-33.26006
-33.25629
-33.25252
-33.24874
-33.24496
-33.24119
-33.23741
-33.23363
-33.22984
-33.22606
-33.22227
-33.21849
-33.21470
-33.21091
-33.20712
-33.20332
-33.19953
-33.19573
-33.19193
-33.18813
-33.18433
-33.18053
-33.17672
-33.17291
-33.16911
-33.16530
-33.16148
-33.15767
-33.15386
-33.15004
-33.14622
-33.14240
-33.13858
-33.13476
-33.13094
-33.12711
-33.12328
-33.11945
-33.11562
-33.11179
-33.10796
-33.10412
-33.10029
-33.09645
-33.09261
-33.08877
-33.08493
-33.08109
-33.07725
-33.07341
-33.06957
-33.06573
-33.06189
-33.05804
-33.05420
-33.05036
-33.04651
-33.04267
-33.03882
-33.03497
-33.03113
-33.02728
-33.02343
-33.01959
-33.01574
-33.01189
-33.00804
-33.00419
-33.00034
-32.99648
-32.99263
-32.98878
-32.98493
-32.98107
-32.97722
-32.97337
-32.96951
-32.96566
-32.96180
-32.95794
-32.95409
-32.95023
-32.94637
-32.94251
-32.93865
-32.93479
-32.93093
-32.92707
-32.92321
-32.91935
-32.91548
-32.91162
-32.90776
-32.90389
-32.90003
-32.89616
-32.89230
-32.88843
-32.88456
-32.88070
-32.87683
-32.87296
-32.86909
-32.86522
-32.86135
-32.85748
-32.85361
-32.84974
-32.84586
-32.84199
-32.83812
-32.83424
-32.83037
-32.82650
-32.82262
-32.81874
-32.81487
-32.81099
-32.80711
-32.80323
-32.79936
-32.79548
-32.79160
-32.78772
-32.78383
-32.77995
-32.77607
-32.77219
-32.76831
-32.76442
-32.76054
-32.75665
-32.75277
-32.74888
-32.74500
-32.74111
-32.73722
-32.73333
-32.72945
-32.72556
-32.72167
-32.71778
-32.71389
-32.70999
-32.70610
-32.70221
-32.69832
-32.69442
-32.69053
-32.68664
-32.68274
-32.67885
-32.67495
-32.67105
-32.66716
-32.66326
-32.65936
-32.65546
-32.65156
-32.64766
-32.64376
-32.63986
-32.63596
-32.63206
-32.62815
-32.62425
-32.62035
-32.61644
-32.61254
-32.60863
-32.60473
-32.60082
-32.59691
-32.59301
-32.58910
-32.58519
-32.58128
-32.57737
-32.57346
-32.56955
-32.56564
-32.56173
-32.55781
-32.55390
-32.54999
-32.54607
-32.54216
-32.53824
-32.53433
-32.53041
-32.52649
-32.52258
-32.51866
-32.51474
-32.51082
-32.50690
-32.50298
-32.49906
-32.49514
-32.49122
-32.48729
-32.48337
-32.47945
-32.47552
-32.47160
-32.46767
-32.46375
-32.45982
-32.45590
-32.45197
-32.44804
-32.44411
-32.44018
-32.43625
-32.43232
-32.42839
-32.42446
-32.42053
-32.41660
-32.41266
-32.40873
-32.40480
-32.40086
-32.39693
-32.39299
-32.38905
-32.38512
-32.38118
-32.37724
-32.37330
-32.36937
-32.36543
-32.36149
-32.35754
-32.35360
-32.34966
-32.34572
-32.34178
-32.33783
-32.33389
-32.32994
-32.32600
-32.32205
-32.31811
-32.31416
-32.31021
-32.30627
-32.30232
-32.29837
-32.29442
-32.29047
-32.28652
-32.28257
-32.27861
-32.27466
-32.27071
-32.26676
-32.26280
-32.25885
-32.25489
-32.25094
-32.24698
-32.24302
-32.23906
-32.23511
-32.23115
-32.22719
-32.22323
-32.21927
-32.21531
-32.21135
-32.20739
-32.20342
-32.19946
-32.19550
-32.19153
-32.18757
-32.18360
-32.17964
-32.17567
-32.17170
-32.16773
-32.16377
-32.15980
-32.15583
-32.15186
-32.14789
-32.14392
-32.13995
-32.13597
-32.13200
-32.12803
-32.12405
-32.12008
-32.11611
-32.11213
-32.10815
-32.10418
-32.10020
-32.09622
-32.09224
-32.08827
-32.08429
-32.08031
-32.07633
-32.07234
-32.06836
-32.06438
-32.06040
-32.05641
-32.05243
-32.04845
-32.04446
-32.04047
-32.03649
-32.03250
-32.02851
-32.02453
-32.02054
-32.01655
-32.01256
-32.00857
-32.00458
-32.00059
-31.99659
-31.99260
-31.98861
-31.98462
-31.98062
-31.97663
-31.97263
-31.96863
-31.96464
-31.96064
-31.95664
-31.95265
-31.94865
-31.94465
-31.94065
-31.93665
-31.93265
-31.92864
-31.92464
-31.92064
-31.91664
-31.91263
-31.90863
-31.90462
-31.90062
-31.89661
-31.89260
-31.88860
-31.88459
-31.88058
-31.87657
-31.87256
-31.86855
-31.86454
-31.86053
-31.85652
-31.85250
-31.84849
-31.84448
-31.84046
-31.83645
-31.83243
-31.82842
-31.82440
-31.82038
-31.81636
-31.81235
-31.80833
-31.80431
-31.80029
-31.79627
-31.79225
-31.78822
-31.78420
-31.78018
-31.77615
-31.77213
-31.76811
-31.76408
-31.76005
-31.75603
-31.75200
-31.74797
-31.74395
-31.73992
-31.73589
-31.73186
-31.72783
-31.72380
-31.71976
-31.71573
-31.71170
-31.70767
-31.70363
-31.69960
-31.69556
-31.69153
-31.68749
-31.68345
-31.67942
-31.67538
-31.67134
-31.66730
-31.66326
-31.65922
-31.65518
-31.65114
-31.64709
-31.64305
-31.63901
-31.63496
-31.63092
-31.62687
-31.62283
-31.61878
-31.61474
-31.61069
-31.60664
-31.60259
-31.59854
-31.59449
-31.59044
-31.58639
-31.58234
-31.57829
-31.57424
-31.57018
-31.56613
-31.56207
-31.55802
-31.55396
-31.54991
-31.54585
-31.54179
-31.53773
-31.53368
-31.52962
-31.52556
-31.52150
-31.51744
-31.51337
-31.50931
-31.50525
-31.50119
-31.49712
-31.49306
-31.48899
-31.48493
-31.48086
-31.47679
-31.47273
-31.46866
-31.46459
-31.46052
-31.45645
-31.45238
-31.44831
-31.44424
-31.44017
-31.43609
-31.43202
-31.42795
-31.42387
-31.41980
-31.41572
-31.41164
-31.40757
-31.40349
-31.39941
-31.39533
-31.39125
-31.38717
-31.38309
-31.37901
-31.37493
-31.37085
-31.36677
-31.36268
-31.35860
-31.35451
-31.35043
-31.34634
-31.34226
-31.33817
-31.33408
-31.32999
-31.32590
-31.32182
-31.31773
-31.31363
-31.30954
-31.30545
-31.30136
-31.29727
-31.29317
-31.28908
-31.28498
-31.28089
-31.27679
-31.27270
-31.26860
-31.26450
-31.26040
-31.25630
-31.25220
-31.24810
-31.24400
-31.23990
-31.23580
-31.23170
-31.22759
-31.22349
-31.21939
-31.21528
-31.21117
-31.20707
-31.20296
-31.19885
-31.19475
-31.19064
-31.18653
-31.18242
-31.17831
-31.17420
-31.17009
-31.16597
-31.16186
-31.15775
-31.15363
-31.14952
-31.14540
-31.14129
-31.13717
-31.13305
-31.12894
-31.12482
-31.12070
-31.11658
-31.11246
-31.10834
-31.10422
-31.10010
-31.09597
-31.09185
-31.08773
-31.08360
-31.07948
-31.07535
-31.07123
-31.06710
-31.06297
-31.05884
-31.05472
-31.05059
-31.04646
-31.04233
-31.03819
-31.03406
-31.02993
-31.02580
-31.02166
-31.01753
-31.01340
-31.00926
-31.00512
-31.00099
-30.99685
-30.99271
-30.98857
-30.98444
-30.98030
-30.97616
-30.97202
-30.96787
-30.96373
-30.95959
-30.95545
-30.95130
-30.94716
-30.94301
-30.93887
-30.93472
-30.93057
-30.92643
-30.92228
-30.91813
-30.91398
-30.90983
-30.90568
-30.90153
-30.89738
-30.89322
-30.88907
-30.88492
-30.88076
-30.87661
-30.87245
-30.86830
-30.86414
-30.85998
-30.85582
-30.85167
-30.84751
-30.84335
-30.83919
-30.83503
-30.83086
-30.82670
-30.82254
-30.81838
-30.81421
-30.81005
-30.80588
-30.80171
-30.79755
-30.79338
-30.78921
-30.78504
-30.78088
-30.77671
-30.77254
-30.76836
-30.76419
-30.76002
-30.75585
-30.75167
-30.74750
-30.74333
-30.73915
-30.73497
-30.73080
-30.72662
-30.72244
-30.71826
-30.71409
-30.70991
-30.70573
-30.70154
-30.69736
-30.69318
-30.68900
-30.68482
-30.68063
-30.67645
-30.67226
-30.66808
-30.66389
-30.65970
-30.65551
-30.65133
-30.64714
-30.64295
-30.63876
-30.63457
-30.63037
-30.62618
-30.62199
-30.61780
-30.61360
-30.60941
-30.60521
-30.60102
-30.59682
-30.59262
-30.58842
-30.58423
-30.58003
-30.57583
-30.57163
-30.56743
-30.56322
-30.55902
-30.55482
-30.55062
-30.54641
-30.54221
-30.53800
-30.53380
-30.52959
-30.52538
-30.52117
-30.51697
-30.51276
-30.50855
-30.50434
-30.50013
-30.49591
-30.49170
-30.48749
-30.48328
-30.47906
-30.47485
-30.47063
-30.46642
-30.46220
-30.45798
-30.45376
-30.44954
-30.44533
-30.44111
-30.43688
-30.43266
-30.42844
-30.42422
-30.42000
-30.41577
-30.41155
-30.40732
-30.40310
-30.39887
-30.39465
-30.39042
-30.38619
-30.38196
-30.37773
-30.37350
-30.36927
-30.36504
-30.36081
-30.35657
-30.35234
-30.34811
-30.34387
-30.33964
-30.33540
-30.33117
-30.32693
-30.32269
-30.31845
-30.31421
-30.30997
-30.30573
-30.30149
-30.29725
-30.29301
-30.28877
-30.28452
-30.28028
-30.27603
-30.27179
-30.26754
-30.26330
-30.25905
-30.25480
-30.25055
-30.24630
-30.24205
-30.23780
-30.23355
-30.22930
-30.22505
-30.22079
-30.21654
-30.21229
-30.20803
-30.20378
-30.19952
-30.19526
-30.19100
-30.18675
-30.18249
-30.17823
-30.17397
-30.16971
-30.16545
-30.16118
-30.15692
-30.15266
-30.14839
-30.14413
-30.13986
-30.13560
-30.13133
-30.12706
-30.12280
-30.11853
-30.11426
-30.10999
-30.10572
-30.10145
-30.09717
-30.09290
-30.08863
-30.08435
-30.08008
-30.07581
-30.07153
-30.06725
-30.06298
-30.05870
-30.05442
-30.05014
-30.04586
-30.04158
-30.03730
-30.03302
-30.02874
-30.02445
-30.02017
-30.01589
-30.01160
-30.00732
-30.00303
-29.99874
-29.99446
-29.99017
-29.98588
-29.98159
-29.97730
-29.97301
-29.96872
-29.96442
-29.96013
-29.95584
-29.95154
-29.94725
-29.94295
-29.93866
-29.93436
-29.93006
-29.92577
-29.92147
-29.91717
-29.91287
-29.90857
-29.90427
-29.89997
-29.89566
-29.89136
-29.88706
-29.88275
-29.87845
-29.87414
-29.86983
-29.86553
-29.86122
-29.85691
-29.85260
-29.84829
-29.84398
-29.83967
-29.83536
-29.83105
-29.82673
-29.82242
-29.81810
-29.81379
-29.80947
-29.80516
-29.80084
-29.79652
-29.79220
-29.78789
-29.78357
-29.77924
-29.77492
-29.77060
-29.76628
-29.76196
-29.75763
-29.75331
-29.74898
-29.74466
-29.74033
-29.73600
-29.73168
-29.72735
-29.72302
-29.71869
-29.71436
-29.71003
-29.70570
-29.70136
-29.69703
-29.69270
-29.68836
-29.68403
-29.67969
-29.67536
-29.67102
-29.66668
-29.66234
-29.65800
-29.65366
-29.64932
-29.64498
-29.64064
-29.63630
-29.63196
-29.62761
-29.62327
-29.61892
-29.61458
-29.61023
-29.60588
-29.60154
-29.59719
-29.59284
-29.58849
-29.58414
-29.57979
-29.57544
-29.57108
-29.56673
-29.56238
-29.55802
-29.55367
-29.54931
-29.54495
-29.54060
-29.53624
-29.53188
-29.52752
-29.52316
-29.51880
-29.51444
-29.51008
-29.50572
-29.50135
-29.49699
-29.49262
-29.48826
-29.48389
-29.47953
-29.47516
-29.47079
-29.46642
-29.46205
-29.45768
-29.45331
-29.44894
-29.44457
-29.44020
-29.43582
-29.43145
-29.42707
-29.42270
-29.41832
-29.41395
-29.40957
-29.40519
-29.40081
-29.39643
-29.39205
-29.38767
-29.38329
-29.37891
-29.37452
-29.37014
-29.36576
-29.36137
-29.35699
-29.35260
-29.34821
-29.34382
-29.33944
-29.33505
-29.33066
-29.32627
-29.32188
-29.31748
-29.31309
-29.30870
-29.30430
-29.29991
-29.29552
-29.29112
-29.28672
-29.28233
-29.27793
-29.27353
-29.26913
-29.26473
-29.26033
-29.25593
-29.25153
-29.24712
-29.24272
-29.23832
-29.23391
-29.22950
-29.22510
-29.22069
-29.21628
-29.21188
-29.20747
-29.20306
-29.19865
-29.19424
-29.18982
-29.18541
-29.18100
-29.17658
-29.17217
-29.16776
-29.16334
-29.15892
-29.15451
-29.15009
-29.14567
-29.14125
-29.13683
-29.13241
-29.12799
-29.12357
-29.11914
-29.11472
-29.11030
-29.10587
-29.10144
-29.09702
-29.09259
-29.08816
-29.08374
-29.07931
-29.07488
-29.07045
-29.06602
-29.06158
-29.05715
-29.05272
-29.04828
-29.04385
-29.03941
-29.03498
-29.03054
-29.02610
-29.02167
-29.01723
-29.01279
-29.00835
-29.00391
-28.99946
-28.99502
-28.99058
-28.98614
-28.98169
-28.97725
-28.97280
-28.96835
-28.96391
-28.95946
-28.95501
-28.95056
-28.94611
-28.94166
-28.93721
-28.93276
-28.92830
-28.92385
-28.91940
-28.91494
-28.91049
-28.90603
-28.90157
-28.89711
-28.89266
-28.88820
-28.88374
-28.87928
-28.87482
-28.87035
-28.86589
-28.86143
-28.85696
-28.85250
-28.84803
-28.84357
-28.83910
-28.83463
-28.83016
-28.82570
-28.82123
-28.81676
-28.81228
-28.80781
-28.80334
-28.79887
-28.79439
-28.78992
-28.78544
-28.78097
-28.77649
-28.77201
-28.76753
-28.76305
-28.75857
-28.75409
-28.74961
-28.74513
-28.74065
-28.73617
-28.73168
-28.72720
-28.72271
-28.71823
-28.71374
-28.70925
-28.70476
-28.70027
-28.69579
-28.69129
-28.68680
-28.68231
-28.67782
-28.67333
-28.66883
-28.66434
-28.65984
-28.65535
-28.65085
-28.64635
-28.64185
-28.63735
-28.63286
-28.62835
-28.62385
-28.61935
-28.61485
-28.61035
-28.60584
-28.60134
-28.59683
-28.59233
-28.58782
-28.58331
-28.57880
-28.57429
-28.56979
-28.56527
-28.56076
-28.55625
-28.55174
-28.54723
-28.54271
-28.53820
-28.53368
-28.52917
-28.52465
-28.52013
-28.51561
-28.51109
-28.50657
-28.50205
-28.49753
-28.49301
-28.48849
-28.48396
-28.47944
-28.47491
-28.47039
-28.46586
-28.46134
-28.45681
-28.45228
-28.44775
-28.44322
-28.43869
-28.43416
-28.42963
-28.42509
-28.42056
-28.41603
-28.41149
-28.40696
-28.40242
-28.39788
-28.39334
-28.38880
-28.38427
-28.37973
-28.37518
-28.37064
-28.36610
-28.36156
-28.35701
-28.35247
-28.34792
-28.34338
-28.33883
-28.33428
-28.32974
-28.32519
-28.32064
-28.31609
-28.31154
-28.30698
-28.30243
-28.29788
-28.29332
-28.28877
-28.28421
-28.27966
-28.27510
-28.27054
-28.26598
-28.26143
-28.25687
-28.25231
-28.24774
-28.24318
-28.23862
-28.23406
-28.22949
-28.22493
-28.22036
-28.21579
-28.21123
-28.20666
-28.20209
-28.19752
-28.19295
-28.18838
-28.18381
-28.17923
-28.17466
-28.17009
-28.16551
-28.16094
-28.15636
-28.15178
-28.14721
-28.14263
-28.13805
-28.13347
-28.12889
-28.12431
-28.11973
-28.11514
-28.11056
-28.10598
-28.10139
-28.09680
-28.09222
-28.08763
-28.08304
-28.07845
-28.07386
-28.06927
-28.06468
-28.06009
-28.05550
-28.05091
-28.04631
-28.04172
-28.03712
-28.03253
-28.02793
-28.02333
-28.01873
-28.01413
-28.00953
-28.00493
-28.00033
-27.99573
-27.99113
-27.98652
-27.98192
-27.97731
-27.97271
-27.96810
-27.96349
-27.95889
-27.95428
-27.94967
-27.94506
-27.94045
-27.93583
-27.93122
-27.92661
-27.92199
-27.91738
-27.91276
-27.90815
-27.90353
-27.89891
-27.89429
-27.88967
-27.88505
-27.88043
-27.87581
-27.87119
-27.86656
-27.86194
-27.85732
-27.85269
-27.84806
-27.84344
-27.83881
-27.83418
-27.82955
-27.82492
-27.82029
-27.81566
-27.81103
-27.80639
-27.80176
-27.79713
-27.79249
-27.78785
-27.78322
-27.77858
-27.77394
-27.76930
-27.76466
-27.76002
-27.75538
-27.75074
-27.74610
-27.74145
-27.73681
-27.73216
-27.72752
-27.72287
-27.71822
-27.71357
-27.70892
-27.70428
-27.69962
-27.69497
-27.69032
-27.68567
-27.68101
-27.67636
-27.67171
-27.66705
-27.66239
-27.65774
-27.65308
-27.64842
-27.64376
-27.63910
-27.63444
-27.62977
-27.62511
-27.62045
-27.61578
-27.61112
-27.60645
-27.60179
-27.59712
-27.59245
-27.58778
-27.58311
-27.57844
-27.57377
-27.56910
-27.56443
-27.55975
-27.55508
-27.55040
-27.54573
-27.54105
-27.53637
-27.53170
-27.52702
-27.52234
-27.51766
-27.51297
-27.50829
-27.50361
-27.49893
-27.49424
-27.48956
-27.48487
-27.48018
-27.47550
-27.47081
-27.46612
-27.46143
-27.45674
-27.45205
-27.44736
-27.44266
-27.43797
-27.43327
-27.42858
-27.42388
-27.41919
-27.41449
-27.40979
-27.40509
-27.40039
-27.39569
-27.39099
-27.38629
-27.38158
-27.37688
-27.37218
-27.36747
-27.36276
-27.35806
-27.35335
-27.34864
-27.34393
-27.33922
-27.33451
-27.32980
-27.32509
-27.32037
-27.31566
-27.31095
-27.30623
-27.30151
-27.29680
-27.29208
-27.28736
-27.28264
-27.27792
-27.27320
-27.26848
-27.26376
-27.25903
-27.25431
-27.24958
-27.24486
-27.24013
-27.23540
-27.23068
-27.22595
-27.22122
-27.21649
-27.21176
-27.20702
-27.20229
-27.19756
-27.19282
-27.18809
-27.18335
-27.17861
-27.17388
-27.16914
-27.16440
-27.15966
-27.15492
-27.15018
-27.14543
-27.14069
-27.13595
-27.13120
-27.12646
-27.12171
-27.11696
-27.11222
-27.10747
-27.10272
-27.09797
-27.09322
-27.08847
-27.08371
-27.07896
-27.07420
-27.06945
-27.06469
-27.05994
-27.05518
-27.05042
-27.04566
-27.04090
-27.03614
-27.03138
-27.02662
-27.02186
-27.01709
-27.01233
-27.00756
-27.00280
-26.99803
-26.99326
-26.98849
-26.98372
-26.97895
-26.97418
-26.96941
-26.96464
-26.95986
-26.95509
-26.95031
-26.94554
-26.94076
-26.93598
-26.93121
-26.92643
-26.92165
-26.91687
-26.91209
-26.90730
-26.90252
-26.89774
-26.89295
-26.88817
-26.88338
-26.87859
-26.87381
-26.86902
-26.86423
-26.85944
-26.85465
-26.84985
-26.84506
-26.84027
-26.83547
-26.83068
-26.82588
-26.82108
-26.81629
-26.81149
-26.80669
-26.80189
-26.79709
-26.79229
-26.78748
-26.78268
-26.77788
-26.77307
-26.76827
-26.76346
-26.75865
-26.75384
-26.74904
-26.74423
-26.73942
-26.73460
-26.72979
-26.72498
-26.72016
-26.71535
-26.71053
-26.70572
-26.70090
-26.69608
-26.69126
-26.68645
-26.68162
-26.67680
-26.67198
-26.66716
-26.66233
-26.65751
-26.65269
-26.64786
-26.64303
-26.63820
-26.63338
-26.62855
-26.62372
-26.61889
-26.61405
-26.60922
-26.60439
-26.59955
-26.59472
-26.58988
-26.58504
-26.58021
-26.57537
-26.57053
-26.56569
-26.56085
-26.55601
-26.55116
-26.54632
-26.54148
-26.53663
-26.53179
-26.52694
-26.52209
-26.51724
-26.51239
-26.50754
-26.50269
-26.49784
-26.49299
-26.48814
-26.48328
-26.47843
-26.47357
-26.46871
-26.46386
-26.45900
-26.45414
-26.44928
-26.44442
-26.43956
-26.43469
-26.42983
-26.42497
-26.42010
-26.41524
-26.41037
-26.40550
-26.40063
-26.39577
-26.39090
-26.38602
-26.38115
-26.37628
-26.37141
-26.36653
-26.36166
-26.35678
-26.35191
-26.34703
-26.34215
-26.33727
-26.33239
-26.32751
-26.32263
-26.31775
-26.31286
-26.30798
-26.30309
-26.29821
-26.29332
-26.28843
-26.28355
-26.27866
-26.27377
-26.26888
-26.26398
-26.25909
-26.25420
-26.24930
-26.24441
-26.23951
-26.23462
-26.22972
-26.22482
-26.21992
-26.21502
-26.21012
-26.20522
-26.20032
-26.19541
-26.19051
-26.18560
-26.18070
-26.17579
-26.17088
-26.16597
-26.16106
-26.15615
-26.15124
-26.14633
-26.14142
-26.13650
-26.13159
-26.12667
-26.12176
-26.11684
-26.11192
-26.10700
-26.10208
-26.09716
-26.09224
-26.08732
-26.08240
-26.07747
-26.07255
-26.06762
-26.06270
-26.05777
-26.05284
-26.04791
-26.04298
-26.03805
-26.03312
-26.02819
-26.02326
-26.01832
-26.01339
-26.00845
-26.00351
-25.99858
-25.99364
-25.98870
-25.98376
-25.97882
-25.97388
-25.96893
-25.96399
-25.95905
-25.95410
-25.94915
-25.94421
-25.93926
-25.93431
-25.92936
-25.92441
-25.91946
-25.91451
-25.90955
-25.90460
-25.89965
-25.89469
-25.88973
-25.88478
-25.87982
-25.87486
-25.86990
-25.86494
-25.85998
-25.85501
-25.85005
-25.84509
-25.84012
-25.83516
-25.83019
-25.82522
-25.82025
-25.81528
-25.81031
-25.80534
-25.80037
-25.79540
-25.79042
-25.78545
-25.78047
-25.77550
-25.77052
-25.76554
-25.76056
-25.75558
-25.75060
-25.74562
-25.74064
-25.73566
-25.73067
-25.72569
-25.72070
-25.71571
-25.71073
-25.70574
-25.70075
-25.69576
-25.69077
-25.68577
-25.68078
-25.67579
-25.67079
-25.66580
-25.66080
-25.65580
-25.65081
-25.64581
-25.64081
-25.63581
-25.63080
-25.62580
-25.62080
-25.61579
-25.61079
-25.60578
-25.60078
-25.59577
-25.59076
-25.58575
-25.58074
-25.57573
-25.57072
-25.56570
-25.56069
-25.55567
-25.55066
-25.54564
-25.54062
-25.53561
-25.53059
-25.52557
-25.52055
-25.51552
-25.51050
-25.50548
-25.50045
-25.49543
-25.49040
-25.48537
-25.48035
-25.47532
-25.47029
-25.46526
-25.46022
-25.45519
-25.45016
-25.44512
-25.44009
-25.43505
-25.43002
-25.42498
-25.41994
-25.41490
-25.40986
-25.40482
-25.39978
-25.39473
-25.38969
-25.38464
-25.37960
-25.37455
-25.36950
-25.36445
-25.35940
-25.35435
-25.34930
-25.34425
-25.33920
-25.33414
-25.32909
-25.32403
-25.31898
-25.31392
-25.30886
-25.30380
-25.29874
-25.29368
-25.28862
-25.28356
-25.27849
-25.27343
-25.26836
-25.26329
-25.25823
-25.25316
-25.24809
-25.24302
-25.23795
-25.23288
-25.22780
-25.22273
-25.21766
-25.21258
-25.20750
-25.20243
-25.19735
-25.19227
-25.18719
-25.18211
-25.17703
-25.17194
-25.16686
-25.16178
-25.15669
-25.15160
-25.14652
-25.14143
-25.13634
-25.13125
-25.12616
-25.12107
-25.11597
-25.11088
-25.10579
-25.10069
-25.09559
-25.09050
-25.08540
-25.08030
-25.07520
-25.07010
-25.06500
-25.05989
-25.05479
-25.04969
-25.04458
-25.03947
-25.03437
-25.02926
-25.02415
-25.01904
-25.01393
-25.00882
-25.00370
-24.99859
-24.99348
-24.98836
-24.98324
-24.97813
-24.97301
-24.96789
-24.96277
-24.95765
-24.95253
-24.94740
-24.94228
-24.93715
-24.93203
-24.92690
-24.92177
-24.91665
-24.91152
-24.90639
-24.90126
-24.89612
-24.89099
-24.88586
-24.88072
-24.87559
-24.87045
-24.86531
-24.86017
-24.85503
-24.84989
-24.84475
-24.83961
-24.83447
-24.82932
-24.82418
-24.81903
-24.81388
-24.80874
-24.80359
-24.79844
-24.79329
-24.78814
-24.78298
-24.77783
-24.77268
-24.76752
-24.76237
-24.75721
-24.75205
-24.74689
-24.74173
-24.73657
-24.73141
-24.72625
-24.72108
-24.71592
-24.71075
-24.70559
-24.70042
-24.69525
-24.69008
-24.68491
-24.67974
-24.67457
-24.66940
-24.66422
-24.65905
-24.65387
-24.64869
-24.64352
-24.63834
-24.63316
-24.62798
-24.62280
-24.61761
-24.61243
-24.60725
-24.60206
-24.59688
-24.59169
-24.58650
-24.58131
-24.57612
-24.57093
-24.56574
-24.56055
-24.55535
-24.55016
-24.54496
-24.53977
-24.53457
-24.52937
-24.52417
-24.51897
-24.51377
-24.50857
-24.50337
-24.49816
-24.49296
-24.48775
-24.48254
-24.47734
-24.47213
-24.46692
-24.46171
-24.45649
-24.45128
-24.44607
-24.44085
-24.43564
-24.43042
-24.42521
-24.41999
-24.41477
-24.40955
-24.40433
-24.39910
-24.39388
-24.38866
-24.38343
-24.37821
-24.37298
-24.36775
-24.36252
-24.35729
-24.35206
-24.34683
-24.34160
-24.33637
-24.33113
-24.32590
-24.32066
-24.31542
-24.31018
-24.30494
-24.29970
-24.29446
-24.28922
-24.28398
-24.27873
-24.27349
-24.26824
-24.26300
-24.25775
-24.25250
-24.24725
-24.24200
-24.23675
-24.23149
-24.22624
-24.22099
-24.21573
-24.21047
-24.20522
-24.19996
-24.19470
-24.18944
-24.18418
-24.17891
-24.17365
-24.16839
-24.16312
-24.15785
-24.15259
-24.14732
-24.14205
-24.13678
-24.13151
-24.12624
-24.12096
-24.11569
-24.11041
-24.10514
-24.09986
-24.09458
-24.08930
-24.08402
-24.07874
-24.07346
-24.06818
-24.06290
-24.05761
-24.05233
-24.04704
-24.04175
-24.03646
-24.03117
-24.02588
-24.02059
-24.01530
-24.01000
-24.00471
-23.99941
-23.99412
-23.98882
-23.98352
-23.97822
-23.97292
-23.96762
-23.96232
-23.95702
-23.95171
-23.94641
-23.94110
-23.93579
-23.93048
-23.92518
-23.91986
-23.91455
-23.90924
-23.90393
-23.89861
-23.89330
-23.88798
-23.88267
-23.87735
-23.87203
-23.86671
-23.86139
-23.85607
-23.85074
-23.84542
-23.84009
-23.83477
-23.82944
-23.82411
-23.81878
-23.81345
-23.80812
-23.80279
-23.79746
-23.79212
-23.78679
-23.78145
-23.77612
-23.77078
-23.76544
-23.76010
-23.75476
-23.74942
-23.74407
-23.73873
-23.73339
-23.72804
-23.72269
-23.71734
-23.71200
-23.70665
-23.70130
-23.69594
-23.69059
-23.68524
-23.67988
-23.67453
-23.66917
-23.66381
-23.65845
-23.65309
-23.64773
-23.64237
-23.63701
-23.63164
-23.62628
-23.62091
-23.61555
-23.61018
-23.60481
-23.59944
-23.59407
-23.58870
-23.58332
-23.57795
-23.57257
-23.56720
-23.56182
-23.55644
-23.55106
-23.54568
-23.54030
-23.53492
-23.52954
-23.52415
-23.51877
-23.51338
-23.50800
-23.50261
-23.49722
-23.49183
-23.48644
-23.48105
-23.47565
-23.47026
-23.46486
-23.45947
-23.45407
-23.44867
-23.44327
-23.43787
-23.43247
-23.42707
-23.42167
-23.41626
-23.41086
-23.40545
-23.40004
-23.39463
-23.38923
-23.38381
-23.37840
-23.37299
-23.36758
-23.36216
-23.35675
-23.35133
-23.34591
-23.34049
-23.33508
-23.32965
-23.32423
-23.31881
-23.31339
-23.30796
-23.30254
-23.29711
-23.29168
-23.28625
-23.28082
-23.27539
-23.26996
-23.26453
-23.25909
-23.25366
-23.24822
-23.24279
-23.23735
-23.23191
-23.22647
-23.22103
-23.21558
-23.21014
-23.20470
-23.19925
-23.19381
-23.18836
-23.18291
-23.17746
-23.17201
-23.16656
-23.16111
-23.15565
-23.15020
-23.14474
-23.13928
-23.13383
-23.12837
-23.12291
-23.11745
-23.11199
-23.10652
-23.10106
-23.09559
-23.09013
-23.08466
-23.07919
-23.07372
-23.06825
-23.06278
-23.05731
-23.05184
-23.04636
-23.04089
-23.03541
-23.02993
-23.02445
-23.01897
-23.01349
-23.00801
-23.00253
-22.99705
-22.99156
-22.98607
-22.98059
-22.97510
-22.96961
-22.96412
-22.95863
-22.95314
-22.94764
-22.94215
-22.93665
-22.93116
-22.92566
-22.92016
-22.91466
-22.90916
-22.90366
-22.89816
-22.89265
-22.88715
-22.88164
-22.87614
-22.87063
-22.86512
-22.85961
-22.85410
-22.84859
-22.84307
-22.83756
-22.83204
-22.82653
-22.82101
-22.81549
-22.80997
-22.80445
-22.79893
-22.79341
-22.78788
-22.78236
-22.77683
-22.77130
-22.76578
-22.76025
-22.75472
-22.74919
-22.74365
-22.73812
-22.73258
-22.72705
-22.72151
-22.71598
-22.71044
-22.70490
-22.69936
-22.69381
-22.68827
-22.68273
-22.67718
-22.67163
-22.66609
-22.66054
-22.65499
-22.64944
-22.64389
-22.63834
-22.63278
-22.62723
-22.62167
-22.61611
-22.61056
-22.60500
-22.59944
-22.59388
-22.58831
-22.58275
-22.57718
-22.57162
-22.56605
-22.56048
-22.55492
-22.54935
-22.54378
-22.53820
-22.53263
-22.52706
-22.52148
-22.51590
-22.51033
-22.50475
-22.49917
-22.49359
-22.48801
-22.48242
-22.47684
-22.47125
-22.46567
-22.46008
-22.45449
-22.44890
-22.44331
-22.43772
-22.43213
-22.42654
-22.42094
-22.41534
-22.40975
-22.40415
-22.39855
-22.39295
-22.38735
-22.38175
-22.37614
-22.37054
-22.36493
-22.35933
-22.35372
-22.34811
-22.34250
-22.33689
-22.33128
-22.32566
-22.32005
-22.31443
-22.30882
-22.30320
-22.29758
-22.29196
-22.28634
-22.28072
-22.27509
-22.26947
-22.26384
-22.25822
-22.25259
-22.24696
-22.24133
-22.23570
-22.23007
-22.22443
-22.21880
-22.21316
-22.20753
-22.20189
-22.19625
-22.19061
-22.18497
-22.17933
-22.17369
-22.16804
-22.16240
-22.15675
-22.15110
-22.14545
-22.13980
-22.13415
-22.12850
-22.12285
-22.11719
-22.11154
-22.10588
-22.10022
-22.09457
-22.08891
-22.08325
-22.07758
-22.07192
-22.06626
-22.06059
-22.05492
-22.04926
-22.04359
-22.03792
-22.03225
-22.02658
-22.02090
-22.01523
-22.00955
-22.00388
-21.99820
-21.99252
-21.98684
-21.98116
-21.97548
-21.96979
-21.96411
-21.95842
-21.95274
-21.94705
-21.94136
-21.93567
-21.92998
-21.92429
-21.91860
-21.91290
-21.90721
-21.90151
-21.89581
-21.89011
-21.88441
-21.87871
-21.87301
-21.86730
-21.86160
-21.85589
-21.85019
-21.84448
-21.83877
-21.83306
-21.82735
-21.82164
-21.81592
-21.81021
-21.80449
-21.79878
-21.79306
-21.78734
-21.78162
-21.77590
-21.77017
-21.76445
-21.75872
-21.75300
-21.74727
-21.74154
-21.73581
-21.73008
-21.72435
-21.71862
-21.71288
-21.70715
-21.70141
-21.69567
-21.68994
-21.68420
-21.67845
-21.67271
-21.66697
-21.66123
-21.65548
-21.64973
-21.64399
-21.63824
-21.63249
-21.62673
-21.62098
-21.61523
-21.60947
-21.60372
-21.59796
-21.59220
-21.58644
-21.58068
-21.57492
-21.56916
-21.56340
-21.55763
-21.55186
-21.54610
-21.54033
-21.53456
-21.52879
-21.52302
-21.51724
-21.51147
-21.50569
-21.49992
-21.49414
-21.48836
-21.48258
-21.47680
-21.47102
-21.46523
-21.45945
-21.45366
-21.44787
-21.44209
-21.43630
-21.43051
-21.42471
-21.41892
-21.41313
-21.40733
-21.40154
-21.39574
-21.38994
-21.38414
-21.37834
-21.37254
-21.36673
-21.36093
-21.35512
-21.34932
-21.34351
-21.33770
-21.33189
-21.32608
-21.32026
-21.31445
-21.30864
-21.30282
-21.29700
-21.29118
-21.28536
-21.27954
-21.27372
-21.26790
-21.26207
-21.25625
-21.25042
-21.24459
-21.23876
-21.23293
-21.22710
-21.22127
-21.21544
-21.20960
-21.20376
-21.19793
-21.19209
-21.18625
-21.18041
-21.17457
-21.16872
-21.16288
-21.15703
-21.15119
-21.14534
-21.13949
-21.13364
-21.12779
-21.12193
-21.11608
-21.11022
-21.10437
-21.09851
-21.09265
-21.08679
-21.08093
-21.07507
-21.06920
-21.06334
-21.05747
-21.05161
-21.04574
-21.03987
-21.03400
-21.02813
-21.02225
-21.01638
-21.01050
-21.00463
-20.99875
-20.99287
-20.98699
-20.98111
-20.97523
-20.96934
-20.96346
-20.95757
-20.95168
-20.94580
-20.93991
-20.93401
-20.92812
-20.92223
-20.91633
-20.91044
-20.90454
-20.89864
-20.89274
-20.88684
-20.88094
-20.87504
-20.86913
-20.86323
-20.85732
-20.85141
-20.84550
-20.83959
-20.83368
-20.82777
-20.82186
-20.81594
-20.81002
-20.80411
-20.79819
-20.79227
-20.78635
-20.78042
-20.77450
-20.76858
-20.76265
-20.75672
-20.75079
-20.74486
-20.73893
-20.73300
-20.72707
-20.72113
-20.71520
-20.70926
-20.70332
-20.69738
-20.69144
-20.68550
-20.67956
-20.67361
-20.66767
-20.66172
-20.65577
-20.64982
-20.64387
-20.63792
-20.63197
-20.62601
-20.62006
-20.61410
-20.60814
-20.60218
-20.59622
-20.59026
-20.58430
-20.57834
-20.57237
-20.56640
-20.56044
-20.55447
-20.54850
-20.54253
-20.53655
-20.53058
-20.52461
-20.51863
-20.51265
-20.50667
-20.50069
-20.49471
-20.48873
-20.48274
-20.47676
-20.47077
-20.46479
-20.45880
-20.45281
-20.44682
-20.44082
-20.43483
-20.42884
-20.42284
-20.41684
-20.41084
-20.40484
-20.39884
-20.39284
-20.38684
-20.38083
-20.37482
-20.36882
-20.36281
-20.35680
-20.35079
-20.34478
-20.33876
-20.33275
-20.32673
-20.32071
-20.31470
-20.30868
-20.30265
-20.29663
-20.29061
-20.28458
-20.27856
-20.27253
-20.26650
-20.26047
-20.25444
-20.24841
-20.24237
-20.23634
-20.23030
-20.22426
-20.21823
-20.21219
-20.20614
-20.20010
-20.19406
-20.18801
-20.18197
-20.17592
-20.16987
-20.16382
-20.15777
-20.15172
-20.14566
-20.13961
-20.13355
-20.12749
-20.12143
-20.11537
-20.10931
-20.10325
-20.09719
-20.09112
-20.08505
-20.07899
-20.07292
-20.06685
-20.06078
-20.05470
-20.04863
-20.04255
-20.03648
-20.03040
-20.02432
-20.01824
-20.01216
-20.00607
-19.99999
-19.99390
-19.98782
-19.98173
-19.97564
-19.96955
-19.96345
-19.95736
-19.95127
-19.94517
-19.93907
-19.93297
-19.92687
-19.92077
-19.91467
-19.90857
-19.90246
-19.89636
-19.89025
-19.88414
-19.87803
-19.87192
-19.86581
-19.85969
-19.85358
-19.84746
-19.84134
-19.83522
-19.82910
-19.82298
-19.81686
-19.81073
-19.80461
-19.79848
-19.79235
-19.78622
-19.78009
-19.77396
-19.76783
-19.76169
-19.75556
-19.74942
-19.74328
-19.73714
-19.73100
-19.72486
-19.71871
-19.71257
-19.70642
-19.70027
-19.69412
-19.68797
-19.68182
-19.67567
-19.66951
-19.66336
-19.65720
-19.65104
-19.64488
-19.63872
-19.63256
-19.62640
-19.62023
-19.61407
-19.60790
-19.60173
-19.59556
-19.58939
-19.58322
-19.57704
-19.57087
-19.56469
-19.55851
-19.55233
-19.54615
-19.53997
-19.53379
-19.52760
-19.52142
-19.51523
-19.50904
-19.50285
-19.49666
-19.49047
-19.48427
-19.47808
-19.47188
-19.46568
-19.45949
-19.45329
-19.44708
-19.44088
-19.43468
-19.42847
-19.42226
-19.41605
-19.40985
-19.40363
-19.39742
-19.39121
-19.38499
-19.37878
-19.37256
-19.36634
-19.36012
-19.35390
-19.34767
-19.34145
-19.33522
-19.32900
-19.32277
-19.31654
-19.31031
-19.30408
-19.29784
-19.29161
-19.28537
-19.27913
-19.27289
-19.26665
-19.26041
-19.25417
-19.24792
-19.24168
-19.23543
-19.22918
-19.22293
-19.21668
-19.21043
-19.20417
-19.19792
-19.19166
-19.18540
-19.17915
-19.17288
-19.16662
-19.16036
-19.15409
-19.14783
-19.14156
-19.13529
-19.12902
-19.12275
-19.11648
-19.11020
-19.10393
-19.09765
-19.09137
-19.08509
-19.07881
-19.07253
-19.06625
-19.05996
-19.05367
-19.04739
-19.04110
-19.03481
-19.02852
-19.02222
-19.01593
-19.00963
-19.00333
-18.99704
-18.99074
-18.98443
-18.97813
-18.97183
-18.96552
-18.95921
-18.95291
-18.94660
-18.94028
-18.93397
-18.92766
-18.92134
-18.91503
-18.90871
-18.90239
-18.89607
-18.88975
-18.88342
-18.87710
-18.87077
-18.86444
-18.85812
-18.85179
-18.84545
-18.83912
-18.83279
-18.82645
-18.82011
-18.81377
-18.80743
-18.80109
-18.79475
-18.78841
-18.78206
-18.77571
-18.76936
-18.76301
-18.75666
-18.75031
-18.74396
-18.73760
-18.73125
-18.72489
-18.71853
-18.71217
-18.70580
-18.69944
-18.69308
-18.68671
-18.68034
-18.67397
-18.66760
-18.66123
-18.65486
-18.64848
-18.64211
-18.63573
-18.62935
-18.62297
-18.61659
-18.61020
-18.60382
-18.59743
-18.59104
-18.58466
-18.57827
-18.57187
-18.56548
-18.55909
-18.55269
-18.54629
-18.53989
-18.53349
-18.52709
-18.52069
-18.51429
-18.50788
-18.50147
-18.49506
-18.48865
-18.48224
-18.47583
-18.46941
-18.46300
-18.45658
-18.45016
-18.44374
-18.43732
-18.43090
-18.42448
-18.41805
-18.41162
-18.40519
-18.39876
-18.39233
-18.38590
-18.37947
-18.37303
-18.36659
-18.36015
-18.35371
-18.34727
-18.34083
-18.33439
-18.32794
-18.32149
-18.31505
-18.30860
-18.30214
-18.29569
-18.28924
-18.28278
-18.27632
-18.26987
-18.26341
-18.25694
-18.25048
-18.24402
-18.23755
-18.23109
-18.22462
-18.21815
-18.21168
-18.20520
-18.19873
-18.19225
-18.18577
-18.17930
-18.17282
-18.16633
-18.15985
-18.15337
-18.14688
-18.14039
-18.13391
-18.12741
-18.12092
-18.11443
-18.10794
-18.10144
-18.09494
-18.08844
-18.08194
-18.07544
-18.06894
-18.06243
-18.05593
-18.04942
-18.04291
-18.03640
-18.02989
-18.02337
-18.01686
-18.01034
-18.00382
-17.99731
-17.99078
-17.98426
-17.97774
-17.97121
-17.96469
-17.95816
-17.95163
-17.94510
-17.93857
-17.93203
-17.92550
-17.91896
-17.91242
-17.90588
-17.89934
-17.89280
-17.88625
-17.87971
-17.87316
-17.86661
-17.86006
-17.85351
-17.84696
-17.84040
-17.83384
-17.82729
-17.82073
-17.81417
-17.80761
-17.80104
-17.79448
-17.78791
-17.78134
-17.77477
-17.76820
-17.76163
-17.75506
-17.74848
-17.74190
-17.73533
-17.72875
-17.72216
-17.71558
-17.70900
-17.70241
-17.69582
-17.68924
-17.68265
-17.67605
-17.66946
-17.66287
-17.65627
-17.64967
-17.64307
-17.63647
-17.62987
-17.62327
-17.61666
-17.61005
-17.60345
-17.59684
-17.59022
-17.58361
-17.57700
-17.57038
-17.56376
-17.55715
-17.55053
-17.54390
-17.53728
-17.53066
-17.52403
-17.51740
-17.51077
-17.50414
-17.49751
-17.49088
-17.48424
-17.47760
-17.47097
-17.46433
-17.45768
-17.45104
-17.44440
-17.43775
-17.43110
-17.42445
-17.41780
-17.41115
-17.40450
-17.39784
-17.39119
-17.38453
-17.37787
-17.37121
-17.36454
-17.35788
-17.35121
-17.34455
-17.33788
-17.33121
-17.32454
-17.31786
-17.31119
-17.30451
-17.29783
-17.29115
-17.28447
-17.27779
-17.27111
-17.26442
-17.25773
-17.25105
-17.24436
-17.23766
-17.23097
-17.22428
-17.21758
-17.21088
-17.20418
-17.19748
-17.19078
-17.18407
-17.17737
-17.17066
-17.16395
-17.15724
-17.15053
-17.14382
-17.13710
-17.13039
-17.12367
-17.11695
-17.11023
-17.10350
-17.09678
-17.09005
-17.08333
-17.07660
-17.06987
-17.06314
-17.05640
-17.04967
-17.04293
-17.03619
-17.02945
-17.02271
-17.01597
-17.00922
-17.00248
-16.99573
-16.98898
-16.98223
-16.97548
-16.96872
-16.96197
-16.95521
-16.94845
-16.94169
-16.93493
-16.92817
-16.92140
-16.91464
-16.90787
-16.90110
-16.89433
-16.88756
-16.88078
-16.87401
-16.86723
-16.86045
-16.85367
-16.84689
-16.84010
-16.83332
-16.82653
-16.81974
-16.81295
-16.80616
-16.79937
-16.79257
-16.78578
-16.77898
-16.77218
-16.76538
-16.75857
-16.75177
-16.74496
-16.73816
-16.73135
-16.72454
-16.71773
-16.71091
-16.70410
-16.69728
-16.69046
-16.68364
-16.67682
-16.67000
-16.66317
-16.65634
-16.64952
-16.64269
-16.63585
-16.62902
-16.62219
-16.61535
-16.60851
-16.60167
-16.59483
-16.58799
-16.58115
-16.57430
-16.56745
-16.56060
-16.55375
-16.54690
-16.54005
-16.53319
-16.52633
-16.51947
-16.51261
-16.50575
-16.49889
-16.49202
-16.48516
-16.47829
-16.47142
-16.46455
-16.45767
-16.45080
-16.44392
-16.43704
-16.43016
-16.42328
-16.41640
-16.40952
-16.40263
-16.39574
-16.38885
-16.38196
-16.37507
-16.36817
-16.36128
-16.35438
-16.34748
-16.34058
-16.33368
-16.32677
-16.31987
-16.31296
-16.30605
-16.29914
-16.29223
-16.28531
-16.27840
-16.27148
-16.26456
-16.25764
-16.25072
-16.24380
-16.23687
-16.22994
-16.22301
-16.21608
-16.20915
-16.20222
-16.19528
-16.18835
-16.18141
-16.17447
-16.16752
-16.16058
-16.15364
-16.14669
-16.13974
-16.13279
-16.12584
-16.11888
-16.11193
-16.10497
-16.09801
-16.09105
-16.08409
-16.07713
-16.07016
-16.06320
-16.05623
-16.04926
-16.04229
-16.03531
-16.02834
-16.02136
-16.01438
-16.00740
-16.00042
-15.99344
-15.98645
-15.97947
-15.97248
-15.96549
-15.95850
-15.95150
-15.94451
-15.93751
-15.93051
-15.92351
-15.91651
-15.90951
-15.90250
-15.89549
-15.88848
-15.88147
-15.87446
-15.86745
-15.86043
-15.85342
-15.84640
-15.83938
-15.83236
-15.82533
-15.81831
-15.81128
-15.80425
-15.79722
-15.79019
-15.78315
-15.77612
-15.76908
-15.76204
-15.75500
-15.74796
-15.74091
-15.73387
-15.72682
-15.71977
-15.71272
-15.70567
-15.69861
-15.69156
-15.68450
-15.67744
-15.67038
-15.66332
-15.65625
-15.64919
-15.64212
-15.63505
-15.62798
-15.62090
-15.61383
-15.60675
-15.59967
-15.59259
-15.58551
-15.57843
-15.57134
-15.56426
-15.55717
-15.55008
-15.54299
-15.53589
-15.52880
-15.52170
-15.51460
-15.50750
-15.50040
-15.49329
-15.48619
-15.47908
-15.47197
-15.46486
-15.45775
-15.45063
-15.44352
-15.43640
-15.42928
-15.42216
-15.41504
-15.40791
-15.40078
-15.39366
-15.38653
-15.37939
-15.37226
-15.36513
-15.35799
-15.35085
-15.34371
-15.33657
-15.32942
-15.32228
-15.31513
-15.30798
-15.30083
-15.29368
-15.28652
-15.27937
-15.27221
-15.26505
-15.25789
-15.25072
-15.24356
-15.23639
-15.22922
-15.22205
-15.21488
-15.20771
-15.20053
-15.19336
-15.18618
-15.17900
-15.17181
-15.16463
-15.15744
-15.15025
-15.14307
-15.13587
-15.12868
-15.12149
-15.11429
-15.10709
-15.09989
-15.09269
-15.08548
-15.07828
-15.07107
-15.06386
-15.05665
-15.04944
-15.04222
-15.03501
-15.02779
-15.02057
-15.01335
-15.00613
-14.99890
-14.99167
-14.98444
-14.97721
-14.96998
-14.96275
-14.95551
-14.94827
-14.94103
-14.93379
-14.92655
-14.91931
-14.91206
-14.90481
-14.89756
-14.89031
-14.88305
-14.87580
-14.86854
-14.86128
-14.85402
-14.84676
-14.83949
-14.83223
-14.82496
-14.81769
-14.81042
-14.80314
-14.79587
-14.78859
-14.78131
-14.77403
-14.76675
-14.75946
-14.75218
-14.74489
-14.73760
-14.73031
-14.72301
-14.71572
-14.70842
-14.70112
-14.69382
-14.68652
-14.67921
-14.67191
-14.66460
-14.65729
-14.64998
-14.64266
-14.63535
-14.62803
-14.62071
-14.61339
-14.60607
-14.59874
-14.59142
-14.58409
-14.57676
-14.56943
-14.56209
-14.55476
-14.54742
-14.54008
-14.53274
-14.52540
-14.51805
-14.51071
-14.50336
-14.49601
-14.48866
-14.48130
-14.47395
-14.46659
-14.45923
-14.45187
-14.44450
-14.43714
-14.42977
-14.42240
-14.41503
-14.40766
-14.40029
-14.39291
-14.38553
-14.37815
-14.37077
-14.36339
-14.35600
-14.34861
-14.34122
-14.33383
-14.32644
-14.31904
-14.31165
-14.30425
-14.29685
-14.28945
-14.28204
-14.27464
-14.26723
-14.25982
-14.25241
-14.24499
-14.23758
-14.23016
-14.22274
-14.21532
-14.20790
-14.20047
-14.19304
-14.18562
-14.17819
-14.17075
-14.16332
-14.15588
-14.14844
-14.14100
-14.13356
-14.12612
-14.11867
-14.11123
-14.10378
-14.09633
-14.08887
-14.08142
-14.07396
-14.06650
-14.05904
-14.05158
-14.04411
-14.03665
-14.02918
-14.02171
-14.01424
-14.00676
-13.99929
-13.99181
-13.98433
-13.97685
-13.96936
-13.96188
-13.95439
-13.94690
-13.93941
-13.93192
-13.92442
-13.91692
-13.90943
-13.90192
-13.89442
-13.88692
-13.87941
-13.87190
-13.86439
-13.85688
-13.84937
-13.84185
-13.83433
-13.82681
-13.81929
-13.81176
-13.80424
-13.79671
-13.78918
-13.78165
-13.77412
-13.76658
-13.75904
-13.75150
-13.74396
-13.73642
-13.72887
-13.72133
-13.71378
-13.70623
-13.69867
-13.69112
-13.68356
-13.67600
-13.66844
-13.66088
-13.65331
-13.64575
-13.63818
-13.63061
-13.62304
-13.61546
-13.60789
-13.60031
-13.59273
-13.58514
-13.57756
-13.56997
-13.56239
-13.55480
-13.54720
-13.53961
-13.53201
-13.52442
-13.51682
-13.50921
-13.50161
-13.49400
-13.48640
-13.47879
-13.47117
-13.46356
-13.45595
-13.44833
-13.44071
-13.43309
-13.42546
-13.41784
-13.41021
-13.40258
-13.39495
-13.38731
-13.37968
-13.37204
-13.36440
-13.35676
-13.34912
-13.34147
-13.33382
-13.32617
-13.31852
-13.31087
-13.30321
-13.29556
-13.28790
-13.28024
-13.27257
-13.26491
-13.25724
-13.24957
-13.24190
-13.23423
-13.22655
-13.21887
-13.21119
-13.20351
-13.19583
-13.18814
-13.18045
-13.17277
-13.16507
-13.15738
-13.14968
-13.14199
-13.13429
-13.12659
-13.11888
-13.11118
-13.10347
-13.09576
-13.08805
-13.08033
-13.07262
-13.06490
-13.05718
-13.04946
-13.04173
-13.03401
-13.02628
-13.01855
-13.01082
-13.00308
-12.99535
-12.98761
-12.97987
-12.97213
-12.96438
-12.95664
-12.94889
-12.94114
-12.93339
-12.92563
-12.91787
-12.91012
-12.90236
-12.89459
-12.88683
-12.87906
-12.87129
-12.86352
-12.85575
-12.84797
-12.84020
-12.83242
-12.82464
-12.81685
-12.80907
-12.80128
-12.79349
-12.78570
-12.77791
-12.77011
-12.76231
-12.75451
-12.74671
-12.73891
-12.73110
-12.72329
-12.71548
-12.70767
-12.69986
-12.69204
-12.68422
-12.67640
-12.66858
-12.66075
-12.65293
-12.64510
-12.63727
-12.62943
-12.62160
-12.61376
-12.60592
-12.59808
-12.59024
-12.58239
-12.57454
-12.56669
-12.55884
-12.55099
-12.54313
-12.53527
-12.52741
-12.51955
-12.51169
-12.50382
-12.49595
-12.48808
-12.48021
-12.47233
-12.46446
-12.45658
-12.44870
-12.44081
-12.43293
-12.42504
-12.41715
-12.40926
-12.40136
-12.39347
-12.38557
-12.37767
-12.36977
-12.36186
-12.35395
-12.34605
-12.33813
-12.33022
-12.32231
-12.31439
-12.30647
-12.29855
-12.29062
-12.28270
-12.27477
-12.26684
-12.25891
-12.25097
-12.24304
-12.23510
-12.22716
-12.21921
-12.21127
-12.20332
-12.19537
-12.18742
-12.17947
-12.17151
-12.16355
-12.15559
-12.14763
-12.13966
-12.13170
-12.12373
-12.11576
-12.10779
-12.09981
-12.09183
-12.08385
-12.07587
-12.06789
-12.05990
-12.05191
-12.04392
-12.03593
-12.02793
-12.01994
-12.01194
-12.00394
-11.99593
-11.98793
-11.97992
-11.97191
-11.96390
-11.95588
-11.94787
-11.93985
-11.93183
-11.92380
-11.91578
-11.90775
-11.89972
-11.89169
-11.88365
-11.87562
-11.86758
-11.85954
-11.85150
-11.84345
-11.83540
-11.82735
-11.81930
-11.81125
-11.80319
-11.79513
-11.78707
-11.77901
-11.77095
-11.76288
-11.75481
-11.74674
-11.73867
-11.73059
-11.72251
-11.71443
-11.70635
-11.69826
-11.69018
-11.68209
-11.67400
-11.66590
-11.65781
-11.64971
-11.64161
-11.63350
-11.62540
-11.61729
-11.60918
-11.60107
-11.59296
-11.58484
-11.57672
-11.56860
-11.56048
-11.55236
-11.54423
-11.53610
-11.52797
-11.51983
-11.51170
-11.50356
-11.49542
-11.48727
-11.47913
-11.47098
-11.46283
-11.45468
-11.44653
-11.43837
-11.43021
-11.42205
-11.41389
-11.40572
-11.39755
-11.38938
-11.38121
-11.37304
-11.36486
-11.35668
-11.34850
-11.34032
-11.33213
-11.32394
-11.31575
-11.30756
-11.29936
-11.29117
-11.28297
-11.27477
-11.26656
-11.25835
-11.25015
-11.24193
-11.23372
-11.22551
-11.21729
-11.20907
-11.20085
-11.19262
-11.18439
-11.17616
-11.16793
-11.15970
-11.15146
-11.14322
-11.13498
-11.12674
-11.11849
-11.11025
-11.10200
-11.09374
-11.08549
-11.07723
-11.06897
-11.06071
-11.05245
-11.04418
-11.03591
-11.02764
-11.01937
-11.01109
-11.00282
-10.99454
-10.98625
-10.97797
-10.96968
-10.96139
-10.95310
-10.94481
-10.93651
-10.92821
-10.91991
-10.91161
-10.90330
-10.89499
-10.88668
-10.87837
-10.87005
-10.86174
-10.85342
-10.84509
-10.83677
-10.82844
-10.82011
-10.81178
-10.80345
-10.79511
-10.78677
-10.77843
-10.77009
-10.76174
-10.75340
-10.74504
-10.73669
-10.72834
-10.71998
-10.71162
-10.70326
-10.69489
-10.68653
-10.67816
-10.66978
-10.66141
-10.65303
-10.64465
-10.63627
-10.62789
-10.61950
-10.61112
-10.60272
-10.59433
-10.58594
-10.57754
-10.56914
-10.56073
-10.55233
-10.54392
-10.53551
-10.52710
-10.51869
-10.51027
-10.50185
-10.49343
-10.48500
-10.47658
-10.46815
-10.45971
-10.45128
-10.44284
-10.43441
-10.42596
-10.41752
-10.40908
-10.40063
-10.39218
-10.38372
-10.37527
-10.36681
-10.35835
-10.34989
-10.34142
-10.33295
-10.32448
-10.31601
-10.30753
-10.29906
-10.29058
-10.28209
-10.27361
-10.26512
-10.25663
-10.24814
-10.23965
-10.23115
-10.22265
-10.21415
-10.20564
-10.19714
-10.18863
-10.18012
-10.17160
-10.16308
-10.15457
-10.14604
-10.13752
-10.12899
-10.12046
-10.11193
-10.10340
-10.09486
-10.08632
-10.07778
-10.06924
-10.06069
-10.05214
-10.04359
-10.03504
-10.02648
-10.01793
-10.00936
-10.00080
-9.99223
-9.98367
-9.97510
-9.96652
-9.95795
-9.94937
-9.94079
-9.93220
-9.92362
-9.91503
-9.90644
-9.89784
-9.88925
-9.88065
-9.87205
-9.86345
-9.85484
-9.84623
-9.83762
-9.82901
-9.82039
-9.81177
-9.80315
-9.79453
-9.78590
-9.77727
-9.76864
-9.76001
-9.75137
-9.74274
-9.73409
-9.72545
-9.71680
-9.70816
-9.69950
-9.69085
-9.68219
-9.67354
-9.66487
-9.65621
-9.64754
-9.63888
-9.63020
-9.62153
-9.61285
-9.60417
-9.59549
-9.58681
-9.57812
-9.56943
-9.56074
-9.55205
-9.54335
-9.53465
-9.52595
-9.51724
-9.50854
-9.49983
-9.49111
-9.48240
-9.47368
-9.46496
-9.45624
-9.44751
-9.43879
-9.43006
-9.42132
-9.41259
-9.40385
-9.39511
-9.38637
-9.37762
-9.36887
-9.36012
-9.35137
-9.34261
-9.33385
-9.32509
-9.31633
-9.30756
-9.29879
-9.29002
-9.28124
-9.27247
-9.26369
-9.25491
-9.24612
-9.23733
-9.22854
-9.21975
-9.21096
-9.20216
-9.19336
-9.18456
-9.17575
-9.16694
-9.15813
-9.14932
-9.14050
-9.13168
-9.12286
-9.11404
-9.10521
-9.09638
-9.08755
-9.07871
-9.06988
-9.06104
-9.05220
-9.04335
-9.03450
-9.02565
-9.01680
-9.00794
-8.99909
-8.99022
-8.98136
-8.97249
-8.96363
-8.95475
-8.94588
-8.93700
-8.92812
-8.91924
-8.91036
-8.90147
-8.89258
-8.88369
-8.87479
-8.86589
-8.85699
-8.84809
-8.83918
-8.83027
-8.82136
-8.81245
-8.80353
-8.79461
-8.78569
-8.77676
-8.76784
-8.75891
-8.74997
-8.74104
-8.73210
-8.72316
-8.71421
-8.70527
-8.69632
-8.68737
-8.67841
-8.66945
-8.66049
-8.65153
-8.64256
-8.63360
-8.62463
-8.61565
-8.60668
-8.59770
-8.58871
-8.57973
-8.57074
-8.56175
-8.55276
-8.54377
-8.53477
-8.52577
-8.51676
-8.50776
-8.49875
-8.48974
-8.48072
-8.47170
-8.46268
-8.45366
-8.44464
-8.43561
-8.42658
-8.41754
-8.40851
-8.39947
-8.39042
-8.38138
-8.37233
-8.36328
-8.35423
-8.34517
-8.33611
-8.32705
-8.31799
-8.30892
-8.29985
-8.29078
-8.28171
-8.27263
-8.26355
-8.25446
-8.24538
-8.23629
-8.22720
-8.21810
-8.20900
-8.19990
-8.19080
-8.18169
-8.17259
-8.16347
-8.15436
-8.14524
-8.13612
-8.12700
-8.11788
-8.10875
-8.09962
-8.09048
-8.08135
-8.07221
-8.06306
-8.05392
-8.04477
-8.03562
-8.02647
-8.01731
-8.00815
-7.99899
-7.98982
-7.98066
-7.97149
-7.96231
-7.95314
-7.94396
-7.93478
-7.92559
-7.91640
-7.90721
-7.89802
-7.88882
-7.87963
-7.87042
-7.86122
-7.85201
-7.84280
-7.83359
-7.82437
-7.81515
-7.80593
-7.79671
-7.78748
-7.77825
-7.76902
-7.75978
-7.75054
-7.74130
-7.73205
-7.72281
-7.71356
-7.70430
-7.69505
-7.68579
-7.67653
-7.66726
-7.65799
-7.64872
-7.63945
-7.63017
-7.62089
-7.61161
-7.60233
-7.59304
-7.58375
-7.57445
-7.56516
-7.55586
-7.54655
-7.53725
-7.52794
-7.51863
-7.50931
-7.50000
-7.49068
-7.48135
-7.47203
-7.46270
-7.45337
-7.44403
-7.43470
-7.42535
-7.41601
-7.40666
-7.39732
-7.38796
-7.37861
-7.36925
-7.35989
-7.35052
-7.34116
-7.33179
-7.32241
-7.31304
-7.30366
-7.29428
-7.28489
-7.27551
-7.26611
-7.25672
-7.24732
-7.23792
-7.22852
-7.21912
-7.20971
-7.20030
-7.19088
-7.18146
-7.17204
-7.16262
-7.15319
-7.14377
-7.13433
-7.12490
-7.11546
-7.10602
-7.09657
-7.08713
-7.07768
-7.06822
-7.05877
-7.04931
-7.03984
-7.03038
-7.02091
-7.01144
-7.00196
-6.99249
-6.98301
-6.97352
-6.96404
-6.95455
-6.94505
-6.93556
-6.92606
-6.91656
-6.90705
-6.89755
-6.88804
-6.87852
-6.86901
-6.85949
-6.84996
-6.84044
-6.83091
-6.82138
-6.81184
-6.80230
-6.79276
-6.78322
-6.77367
-6.76412
-6.75457
-6.74501
-6.73545
-6.72589
-6.71632
-6.70675
-6.69718
-6.68761
-6.67803
-6.66845
-6.65886
-6.64928
-6.63969
-6.63009
-6.62050
-6.61090
-6.60129
-6.59169
-6.58208
-6.57247
-6.56285
-6.55323
-6.54361
-6.53399
-6.52436
-6.51473
-6.50510
-6.49546
-6.48582
-6.47618
-6.46653
-6.45688
-6.44723
-6.43757
-6.42791
-6.41825
-6.40859
-6.39892
-6.38925
-6.37957
-6.36990
-6.36022
-6.35053
-6.34084
-6.33115
-6.32146
-6.31176
-6.30207
-6.29236
-6.28266
-6.27295
-6.26324
-6.25352
-6.24380
-6.23408
-6.22436
-6.21463
-6.20490
-6.19516
-6.18542
-6.17568
-6.16594
-6.15619
-6.14644
-6.13669
-6.12693
-6.11717
-6.10741
-6.09764
-6.08787
-6.07810
-6.06833
-6.05855
-6.04876
-6.03898
-6.02919
-6.01940
-6.00960
-5.99981
-5.99000
-5.98020
-5.97039
-5.96058
-5.95077
-5.94095
-5.93113
-5.92130
-5.91148
-5.90165
-5.89181
-5.88197
-5.87213
-5.86229
-5.85244
-5.84259
-5.83274
-5.82288
-5.81302
-5.80316
-5.79330
-5.78343
-5.77355
-5.76368
-5.75380
-5.74391
-5.73403
-5.72414
-5.71425
-5.70435
-5.69445
-5.68455
-5.67465
-5.66474
-5.65482
-5.64491
-5.63499
-5.62507
-5.61514
-5.60521
-5.59528
-5.58535
-5.57541
-5.56547
-5.55552
-5.54557
-5.53562
-5.52567
-5.51571
-5.50575
-5.49578
-5.48581
-5.47584
-5.46587
-5.45589
-5.44591
-5.43592
-5.42593
-5.41594
-5.40595
-5.39595
-5.38595
-5.37594
-5.36593
-5.35592
-5.34591
-5.33589
-5.32587
-5.31584
-5.30581
-5.29578
-5.28575
-5.27571
-5.26567
-5.25562
-5.24557
-5.23552
-5.22547
-5.21541
-5.20534
-5.19528
-5.18521
-5.17514
-5.16506
-5.15498
-5.14490
-5.13481
-5.12473
-5.11463
-5.10454
-5.09444
-5.08433
-5.07423
-5.06412
-5.05400
-5.04389
-5.03377
-5.02364
-5.01352
-5.00339
-4.99325
-4.98312
-4.97298
-4.96283
-4.95268
-4.94253
-4.93238
-4.92222
-4.91206
-4.90190
-4.89173
-4.88156
-4.87138
-4.86120
-4.85102
-4.84083
-4.83065
-4.82045
-4.81026
-4.80006
-4.78986
-4.77965
-4.76944
-4.75923
-4.74901
-4.73879
-4.72857
-4.71834
-4.70811
-4.69787
-4.68764
-4.67740
-4.66715
-4.65690
-4.64665
-4.63640
-4.62614
-4.61588
-4.60561
-4.59534
-4.58507
-4.57479
-4.56451
-4.55423
-4.54394
-4.53365
-4.52336
-4.51306
-4.50276
-4.49245
-4.48215
-4.47184
-4.46152
-4.45120
-4.44088
-4.43055
-4.42022
-4.40989
-4.39955
-4.38921
-4.37887
-4.36852
-4.35817
-4.34782
-4.33746
-4.32710
-4.31673
-4.30637
-4.29599
-4.28562
-4.27524
-4.26486
-4.25447
-4.24408
-4.23369
-4.22329
-4.21289
-4.20248
-4.19207
-4.18166
-4.17125
-4.16083
-4.15041
-4.13998
-4.12955
-4.11912
-4.10868
-4.09824
-4.08779
-4.07735
-4.06690
-4.05644
-4.04598
-4.03552
-4.02505
-4.01458
-4.00411
-3.99363
-3.98315
-3.97267
-3.96218
-3.95169
-3.94119
-3.93069
-3.92019
-3.90968
-3.89917
-3.88866
-3.87814
-3.86762
-3.85710
-3.84657
-3.83603
-3.82550
-3.81496
-3.80442
-3.79387
-3.78332
-3.77276
-3.76221
-3.75164
-3.74108
-3.73051
-3.71994
-3.70936
-3.69878
-3.68820
-3.67761
-3.66702
-3.65642
-3.64582
-3.63522
-3.62461
-3.61400
-3.60339
-3.59277
-3.58215
-3.57152
-3.56089
-3.55026
-3.53962
-3.52898
-3.51834
-3.50769
-3.49704
-3.48639
-3.47573
-3.46506
-3.45440
-3.44373
-3.43305
-3.42237
-3.41169
-3.40101
-3.39032
-3.37962
-3.36893
-3.35823
-3.34752
-3.33681
-3.32610
-3.31539
-3.30467
-3.29394
-3.28321
-3.27248
-3.26175
-3.25101
-3.24027
-3.22952
-3.21877
-3.20801
-3.19726
-3.18649
-3.17573
-3.16496
-3.15419
-3.14341
-3.13263
-3.12184
-3.11105
-3.10026
-3.08946
-3.07866
-3.06786
-3.05705
-3.04624
-3.03542
-3.02460
-3.01378
-3.00295
-2.99212
-2.98128
-2.97044
-2.95960
-2.94875
-2.93790
-2.92705
-2.91619
-2.90533
-2.89446
-2.88359
-2.87271
-2.86183
-2.85095
-2.84007
-2.82918
-2.81828
-2.80738
-2.79648
-2.78558
-2.77467
-2.76375
-2.75283
-2.74191
-2.73099
-2.72006
-2.70912
-2.69819
-2.68724
-2.67630
-2.66535
-2.65439
-2.64344
-2.63248
-2.62151
-2.61054
-2.59957
-2.58859
-2.57761
-2.56662
-2.55563
-2.54464
-2.53364
-2.52264
-2.51164
-2.50063
-2.48961
-2.47860
-2.46757
-2.45655
-2.44552
-2.43449
-2.42345
-2.41241
-2.40136
-2.39031
-2.37926
-2.36820
-2.35714
-2.34607
-2.33500
-2.32393
-2.31285
-2.30177
-2.29068
-2.27959
-2.26850
-2.25740
-2.24630
-2.23519
-2.22408
-2.21297
-2.20185
-2.19072
-2.17960
-2.16847
-2.15733
-2.14619
-2.13505
-2.12390
-2.11275
-2.10159
-2.09043
-2.07927
-2.06810
-2.05693
-2.04575
-2.03457
-2.02339
-2.01220
-2.00101
-1.98981
-1.97861
-1.96740
-1.95619
-1.94498
-1.93376
-1.92254
-1.91132
-1.90008
-1.88885
-1.87761
-1.86637
-1.85512
-1.84387
-1.83262
-1.82136
-1.81009
-1.79883
-1.78755
-1.77628
-1.76500
-1.75371
-1.74242
-1.73113
-1.71983
-1.70853
-1.69723
-1.68592
-1.67460
-1.66328
-1.65196
-1.64064
-1.62930
-1.61797
-1.60663
-1.59529
-1.58394
-1.57259
-1.56123
-1.54987
-1.53850
-1.52714
-1.51576
-1.50438
-1.49300
-1.48162
-1.47023
-1.45883
-1.44743
-1.43603
-1.42462
-1.41321
-1.40179
-1.39037
-1.37895
-1.36752
-1.35608
-1.34465
-1.33321
-1.32176
-1.31031
-1.29885
-1.28739
-1.27593
-1.26446
-1.25299
-1.24151
-1.23003
-1.21855
-1.20706
-1.19556
-1.18407
-1.17256
-1.16106
-1.14954
-1.13803
-1.12651
-1.11498
-1.10345
-1.09192
-1.08038
-1.06884
-1.05730
-1.04574
-1.03419
-1.02263
-1.01107
-0.99950
-0.98793
-0.97635
-0.96477
-0.95318
-0.94159
-0.93000
-0.91840
-0.90679
-0.89518
-0.88357
-0.87195
-0.86033
-0.84871
-0.83708
-0.82544
-0.81380
-0.80216
-0.79051
-0.77886
-0.76720
-0.75554
-0.74388
-0.73220
-0.72053
-0.70885
-0.69717
-0.68548
-0.67379
-0.66209
-0.65039
-0.63868
-0.62697
-0.61525
-0.60353
-0.59181
-0.58008
-0.56835
-0.55661
-0.54487
-0.53312
-0.52137
-0.50961
-0.49785
-0.48609
-0.47432
-0.46254
-0.45077
-0.43898
-0.42720
-0.41540
-0.40361
-0.39180
-0.38000
-0.36819
-0.35637
-0.34455
-0.33273
-0.32090
-0.30907
-0.29723
-0.28539
-0.27354
-0.26169
-0.24983
-0.23797
-0.22610
-0.21423
-0.20236
-0.19048
-0.17859
-0.16671
-0.15481
-0.14291
-0.13101
-0.11910
-0.10719
-0.09528
-0.08336
-0.07143
-0.05950
-0.04756
-0.03562
-0.02368
-0.01173
0.00022
0.01218
0.02415
0.03611
0.04809
0.06006
0.07205
0.08403
0.09602
0.10802
0.12002
0.13203
0.14404
0.15605
0.16807
0.18009
0.19212
0.20416
0.21620
0.22824
0.24029
0.25234
0.26440
0.27646
0.28853
0.30060
0.31268
0.32476
0.33684
0.34893
0.36103
0.37313
0.38523
0.39734
0.40946
0.42158
0.43370
0.44583
0.45797
0.47010
0.48225
0.49440
0.50655
0.51871
0.53087
0.54304
0.55521
0.56739
0.57957
0.59176
0.60395
0.61615
0.62835
0.64055
0.65276
0.66498
0.67720
0.68943
0.70166
0.71389
0.72613
0.73838
0.75063
0.76288
0.77514
0.78741
0.79968
0.81195
0.82423
0.83652
0.84881
0.86110
0.87340
0.88570
0.89801
0.91033
0.92265
0.93497
0.94730
0.95963
0.97197
0.98432
0.99666
1.00902
1.02138
1.03374
1.04611
1.05848
1.07086
1.08324
1.09563
1.10803
1.12042
1.13283
1.14524
1.15765
1.17007
1.18249
1.19492
1.20735
1.21979
1.23223
1.24468
1.25714
1.26960
1.28206
1.29453
1.30700
1.31948
1.33196
1.34445
1.35695
1.36945
1.38195
1.39446
1.40697
1.41949
1.43202
1.44455
1.45708
1.46962
1.48217
1.49472
1.50727
1.51983
1.53240
1.54497
1.55754
1.57012
1.58271
1.59530
1.60789
1.62050
1.63310
1.64571
1.65833
1.67095
1.68358
1.69621
1.70885
1.72149
1.73414
1.74679
1.75945
1.77211
1.78478
1.79745
1.81013
1.82282
1.83550
1.84820
1.86090
1.87360
1.88631
1.89903
1.91175
1.92447
1.93720
1.94994
1.96268
1.97543
1.98818
2.00094
2.01370
2.02647
2.03924
2.05202
2.06480
2.07759
2.09038
2.10318
2.11599
2.12880
2.14161
2.15443
2.16726
2.18009
2.19293
2.20577
2.21861
2.23147
2.24432
2.25719
2.27006
2.28293
2.29581
2.30869
2.32158
2.33448
2.34738
2.36028
2.37319
2.38611
2.39903
2.41196
2.42489
2.43783
2.45077
2.46372
2.47668
2.48964
2.50260
2.51557
2.52855
2.54153
2.55451
2.56751
2.58050
2.59351
2.60652
2.61953
2.63255
2.64557
2.65860
2.67164
2.68468
2.69773
2.71078
2.72384
2.73690
2.74997
2.76304
2.77612
2.78920
2.80230
2.81539
2.82849
2.84160
2.85471
2.86783
2.88095
2.89408
2.90722
2.92036
2.93350
2.94665
2.95981
2.97297
2.98614
2.99931
3.01249
3.02568
3.03887
3.05206
3.06526
3.07847
3.09168
3.10490
3.11812
3.13135
3.14459
3.15783
3.17107
3.18432
3.19758
3.21084
3.22411
3.23739
3.25067
3.26395
3.27724
3.29054
3.30384
3.31715
3.33046
3.34378
3.35711
3.37044
3.38377
3.39712
3.41046
3.42382
3.43718
3.45054
3.46391
3.47729
3.49067
3.50406
3.51745
3.53085
3.54425
3.55766
3.57108
3.58450
3.59793
3.61136
3.62480
3.63825
3.65170
3.66515
3.67862
3.69208
3.70556
3.71904
3.73252
3.74601
3.75951
3.77301
3.78652
3.80004
3.81356
3.82708
3.84061
3.85415
3.86769
3.88124
3.89480
3.90836
3.92193
3.93550
3.94908
3.96266
3.97625
3.98985
4.00345
4.01706
4.03067
4.04429
4.05792
4.07155
4.08519
4.09883
4.11248
4.12613
4.13979
4.15346
4.16713
4.18081
4.19450
4.20819
4.22188
4.23559
4.24929
4.26301
4.27673
4.29045
4.30419
4.31792
4.33167
4.34542
4.35917
4.37294
4.38670
4.40048
4.41426
4.42804
4.44184
4.45563
4.46944
4.48325
4.49706
4.51089
4.52472
4.53855
4.55239
4.56624
4.58009
4.59395
4.60781
4.62168
4.63556
4.64944
4.66333
4.67722
4.69113
4.70503
4.71895
4.73286
4.74679
4.76072
4.77466
4.78860
4.80255
4.81651
4.83047
4.84444
4.85841
4.87239
4.88638
4.90037
4.91437
4.92838
4.94239
4.95641
4.97043
4.98446
4.99850
5.01254
5.02659
5.04064
5.05470
5.06877
5.08284
5.09692
5.11101
5.12510
5.13920
5.15330
5.16741
5.18153
5.19565
5.20978
5.22392
5.23806
5.25221
5.26636
5.28052
5.29469
5.30886
5.32304
5.33723
5.35142
5.36562
5.37982
5.39403
5.40825
5.42247
5.43670
5.45094
5.46518
5.47943
5.49369
5.50795
5.52221
5.53649
5.55077
5.56506
5.57935
5.59365
5.60796
5.62227
5.63659
5.65091
5.66524
5.67958
5.69393
5.70828
5.72264
5.73700
5.75137
5.76575
5.78013
5.79452
5.80891
5.82332
5.83773
5.85214
5.86656
5.88099
5.89542
5.90987
5.92431
5.93877
5.95323
5.96770
5.98217
5.99665
6.01114
6.02563
6.04013
6.05463
6.06915
6.08367
6.09819
6.11272
6.12726
6.14181
6.15636
6.17092
6.18548
6.20005
6.21463
6.22922
6.24381
6.25841
6.27301
6.28762
6.30224
6.31686
6.33149
6.34613
6.36078
6.37543
6.39008
6.40475
6.41942
6.43410
6.44878
6.46347
6.47817
6.49287
6.50758
6.52230
6.53702
6.55175
6.56649
6.58123
6.59598
6.61074
6.62550
6.64027
6.65505
6.66984
6.68463
6.69942
6.71423
6.72904
6.74386
6.75868
6.77351
6.78835
6.80319
6.81805
6.83290
6.84777
6.86264
6.87752
6.89240
6.90730
6.92219
6.93710
6.95201
6.96693
6.98186
6.99679
7.01173
7.02668
7.04163
7.05659
7.07156
7.08653
7.10151
7.11650
7.13149
7.14649
7.16150
7.17652
7.19154
7.20657
7.22160
7.23664
7.25169
7.26675
7.28181
7.29688
7.31196
7.32704
7.34213
7.35723
7.37233
7.38745
7.40256
7.41769
7.43282
7.44796
7.46311
7.47826
7.49342
7.50859
7.52376
7.53894
7.55413
7.56932
7.58453
7.59973
7.61495
7.63017
7.64540
7.66064
7.67588
7.69113
7.70639
7.72166
7.73693
7.75221
7.76749
7.78279
7.79809
7.81340
7.82871
7.84403
7.85936
7.87469
7.89004
7.90539
7.92074
7.93611
7.95148
7.96686
7.98224
7.99763
8.01303
8.02844
8.04385
8.05927
8.07470
8.09014
8.10558
8.12103
8.13648
8.15195
8.16742
8.18290
8.19838
8.21387
8.22937
8.24488
8.26039
8.27591
8.29144
8.30698
8.32252
8.33807
8.35363
8.36919
8.38476
8.40034
8.41593
8.43152
8.44712
8.46273
8.47834
8.49396
8.50959
8.52523
8.54087
8.55652
8.57218
8.58785
8.60352
8.61920
8.63489
8.65058
8.66628
8.68199
8.69771
8.71343
8.72916
8.74490
8.76065
8.77640
8.79216
8.80793
8.82370
8.83949
8.85528
8.87107
8.88688
8.90269
8.91851
8.93434
8.95017
8.96601
8.98186
8.99772
9.01358
9.02945
9.04533
9.06121
9.07711
9.09301
9.10892
9.12483
9.14075
9.15668
9.17262
9.18857
9.20452
9.22048
9.23645
9.25242
9.26840
9.28439
9.30039
9.31639
9.33241
9.34843
9.36445
9.38049
9.39653
9.41258
9.42864
9.44470
9.46077
9.47685
9.49294
9.50903
9.52513
9.54124
9.55736
9.57349
9.58962
9.60576
9.62190
9.63806
9.65422
9.67039
9.68657
9.70275
9.71894
9.73514
9.75135
9.76757
9.78379
9.80002
9.81626
9.83250
9.84876
9.86502
9.88129
9.89756
9.91384
9.93014
9.94643
9.96274
9.97905
9.99538
10.01170
10.02804
10.04439
10.06074
10.07710
10.09346
10.10984
10.12622
10.14261
10.15901
10.17541
10.19183
10.20825
10.22468
10.24111
10.25756
10.27401
10.29047
10.30693
10.32341
10.33989
10.35638
10.37288
10.38938
10.40590
10.42242
10.43895
10.45548
10.47203
10.48858
10.50514
10.52170
10.53828
10.55486
10.57145
10.58805
10.60465
10.62127
10.63789
10.65452
10.67115
10.68780
10.70445
10.72111
10.73778
10.75445
10.77114
10.78783
10.80453
10.82123
10.83795
10.85467
10.87140
10.88814
10.90488
10.92164
10.93840
10.95517
10.97194
10.98873
11.00552
11.02232
11.03913
11.05594
11.07277
11.08960
11.10644
11.12328
11.14014
11.15700
11.17387
11.19075
11.20764
11.22453
11.24143
11.25834
11.27526
11.29218
11.30912
11.32606
11.34301
11.35996
11.37693
11.39390
11.41088
11.42787
11.44487
11.46187
11.47888
11.49590
11.51293
11.52996
11.54701
11.56406
11.58112
11.59818
11.61526
11.63234
11.64943
11.66653
11.68364
11.70075
11.71787
11.73500
11.75214
11.76929
11.78644
11.80360
11.82077
11.83795
11.85513
11.87233
11.88953
11.90674
11.92395
11.94118
11.95841
11.97565
11.99290
12.01016
12.02742
12.04469
12.06197
12.07926
12.09656
12.11386
12.13117
12.14849
12.16582
12.18315
12.20050
12.21785
12.23521
12.25258
12.26995
12.28733
12.30472
12.32212
12.33953
12.35695
12.37437
12.39180
12.40924
12.42668
12.44414
12.46160
12.47907
12.49655
12.51403
12.53153
12.54903
12.56654
12.58406
12.60158
12.61912
12.63666
12.65421
12.67176
12.68933
12.70690
12.72448
12.74207
12.75967
12.77728
12.79489
12.81251
12.83014
12.84777
12.86542
12.88307
12.90073
12.91840
12.93608
12.95376
12.97145
12.98915
13.00686
13.02457
13.04230
13.06003
13.07777
13.09552
13.11327
13.13103
13.14880
13.16658
13.18437
13.20216
13.21997
13.23778
13.25560
13.27342
13.29126
13.30910
13.32695
13.34480
13.36267
13.38054
13.39842
13.41631
13.43421
13.45211
13.47003
13.48795
13.50588
13.52381
13.54176
13.55971
13.57767
13.59564
13.61361
13.63159
13.64958
13.66758
13.68559
13.70360
13.72163
13.73966
13.75769
13.77574
13.79379
13.81185
13.82992
13.84800
13.86608
13.88418
13.90228
13.92039
13.93850
13.95662
13.97476
13.99289
14.01104
14.02919
14.04736
14.06553
14.08370
14.10189
14.12008
14.13828
14.15649
14.17471
14.19293
14.21116
14.22940
14.24765
14.26590
14.28417
14.30243
14.32071
14.33900
14.35729
14.37559
14.39390
14.41221
14.43054
14.44887
14.46721
14.48555
14.50391
14.52227
14.54064
14.55901
14.57740
14.59579
14.61419
14.63259
14.65101
14.66943
14.68786
14.70629
14.72474
14.74319
14.76165
14.78012
14.79859
14.81707
14.83556
14.85406
14.87256
14.89107
14.90959
14.92811
14.94665
14.96519
14.98374
15.00229
15.02086
15.03943
15.05800
15.07659
15.09518
15.11378
15.13239
15.15100
15.16962
15.18825
15.20689
15.22553
15.24418
15.26284
15.28150
15.30017
15.31885
15.33754
15.35623
15.37493
15.39364
15.41236
15.43108
15.44981
15.46854
15.48729
15.50604
15.52480
15.54356
15.56233
15.58111
15.59990
15.61869
15.63749
15.65629
15.67511
15.69393
15.71275
15.73159
15.75043
15.76928
15.78813
15.80699
15.82586
15.84474
15.86362
15.88251
15.90140
15.92031
15.93922
15.95813
15.97705
15.99598
16.01492
16.03386
16.05281
16.07177
16.09073
16.10970
16.12867
16.14766
16.16665
16.18564
16.20464
16.22365
16.24267
16.26169
16.28071
16.29975
16.31879
16.33784
16.35689
16.37595
16.39501
16.41409
16.43316
16.45225
16.47134
16.49044
16.50954
16.52865
16.54776
16.56688
16.58601
16.60515
16.62429
16.64343
16.66258
16.68174
16.70090
16.72007
16.73925
16.75843
16.77762
16.79681
16.81601
16.83522
16.85443
16.87364
16.89286
16.91209
16.93133
16.95056
16.96981
16.98906
17.00832
17.02758
17.04684
17.06612
17.08539
17.10468
17.12397
17.14326
17.16256
17.18186
17.20117
17.22049
17.23981
17.25913
17.27847
17.29780
17.31714
17.33649
17.35584
17.37520
17.39456
17.41392
17.43329
17.45267
17.47205
17.49144
17.51083
17.53022
17.54962
17.56903
17.58844
17.60785
17.62727
17.64669
17.66612
17.68555
17.70499
17.72443
17.74387
17.76332
17.78278
17.80223
17.82170
17.84116
17.86063
17.88011
17.89959
17.91907
17.93855
17.95805
17.97754
17.99704
18.01654
18.03605
18.05556
18.07507
18.09459
18.11411
18.13363
18.15316
18.17269
18.19222
18.21176
18.23130
18.25085
18.27040
18.28995
18.30950
18.32906
18.34862
18.36818
18.38775
18.40732
18.42689
18.44647
18.46604
18.48562
18.50521
18.52479
18.54438
18.56397
18.58356
18.60316
18.62276
18.64236
18.66196
18.68157
18.70117
18.72078
18.74039
18.76001
18.77962
18.79924
18.81886
18.83848
18.85810
18.87772
18.89735
18.91697
18.93660
18.95623
18.97586
18.99549
19.01512
19.03476
19.05439
19.07403
19.09367
19.11331
19.13294
19.15258
19.17222
19.19186
19.21151
19.23115
19.25079
19.27043
19.29007
19.30972
19.32936
19.34900
19.36865
19.38829
19.40793
19.42757
19.44722
19.46686
19.48650
19.50614
19.52578
19.54542
19.56506
19.58469
19.60433
19.62397
19.64360
19.66323
19.68287
19.70250
19.72213
19.74175
19.76138
19.78100
19.80063
19.82025
19.83986
19.85948
19.87909
19.89871
19.91832
19.93792
19.95753
19.97713
19.99673
20.01633
20.03592
20.05551
20.07510
20.09468
20.11426
20.13384
20.15341
20.17298
20.19255
20.21211
20.23167
20.25123
20.27078
20.29032
20.30987
20.32940
20.34894
20.36847
20.38799
20.40751
20.42702
20.44653
20.46603
20.48553
20.50502
20.52451
20.54399
20.56347
20.58294
20.60240
20.62186
20.64131
20.66075
20.68019
20.69962
20.71905
20.73846
20.75787
20.77728
20.79667
20.81606
20.83544
20.85481
20.87418
20.89354
20.91288
20.93222
20.95156
20.97088
20.99019
21.00950
21.02880
21.04808
21.06736
21.08663
21.10589
21.12514
21.14438
21.16361
21.18283
21.20203
21.22123
21.24042
21.25959
21.27876
21.29791
21.31706
21.33619
21.35531
21.37441
21.39351
21.41259
21.43166
21.45072
21.46976
21.48880
21.50781
21.52682
21.54581
21.56479
21.58376
21.60271
21.62164
21.64056
21.65947
21.67836
21.69724
21.71610
21.73495
21.75378
21.77259
21.79139
21.81017
21.82894
21.84769
21.86642
21.88514
21.90384
21.92252
21.94118
21.95982
21.97845
21.99706
22.01565
22.03422
22.05277
22.07130
22.08981
22.10831
22.12678
22.14523
22.16366
22.18207
22.20046
22.21883
22.23718
22.25550
22.27381
22.29209
22.31034
22.32858
22.34679
22.36498
22.38314
22.40128
22.41940
22.43749
22.45556
22.47360
22.49162
22.50961
22.52757
22.54551
22.56342
22.58131
22.59917
22.61700
22.63480
22.65258
22.67032
22.68804
22.70573
22.72339
22.74102
22.75862
22.77619
22.79372
22.81123
22.82871
22.84615
22.86357
22.88095
22.89829
22.91561
22.93289
22.95013
22.96735
22.98453
23.00167
23.01878
23.03585
23.05289
23.06988
23.08685
23.10377
23.12066
23.13751
23.15432
23.17109
23.18783
23.20452
23.22118
23.23779
23.25436
23.27089
23.28738
23.30383
23.32023
23.33659
23.35291
23.36918
23.38541
23.40159
23.41773
23.43382
23.44987
23.46587
23.48182
23.49772
23.51357
23.52938
23.54514
23.56084
23.57650
23.59210
23.60766
23.62316
23.63861
23.65400
23.66935
23.68464
23.69987
23.71505
23.73017
23.74523
23.76024
23.77519
23.79009
23.80492
23.81969
23.83441
23.84906
23.86365
23.87819
23.89265
23.90706
23.92140
23.93568
23.94989
23.96403
23.97811
