-39.09009
-39.08988
-39.08948
-39.08901
-39.08851
-39.08801
-39.08750
-39.08700
-39.08649
-39.08598
-39.08548
-39.08497
-39.08446
-39.08396
-39.08345
-39.08294
-39.08244
-39.08193
-39.08142
-39.08092
-39.08041
-39.07990
-39.07939
-39.07889
-39.07838
-39.07787
-39.07737
-39.07686
-39.07635
-39.07585
-39.07534
-39.07483
-39.07432
-39.07382
-39.07331
-39.07280
-39.07230
-39.07179
-39.07128
-39.07078
-39.07027
-39.06976
-39.06925
-39.06875
-39.06824
-39.06773
-39.06723
-39.06672
-39.06621
-39.06570
-39.06520
-39.06469
-39.06418
-39.06368
-39.06317
-39.06266
-39.06215
-39.06165
-39.06114
-39.06063
-39.06013
-39.05962
-39.05911
-39.05860
-39.05810
-39.05759
-39.05708
-39.05657
-39.05607
-39.05556
-39.05505
-39.05454
-39.05404
-39.05353
-39.05302
-39.05252
-39.05201
-39.05150
-39.05099
-39.05049
-39.04998
-39.04947
-39.04896
-39.04846
-39.04795
-39.04744
-39.04693
-39.04643
-39.04592
-39.04541
-39.04490
-39.04440
-39.04389
-39.04338
-39.04287
-39.04237
-39.04186
-39.04135
-39.04084
-39.04034
-39.03983
-39.03932
-39.03881
-39.03831
-39.03780
-39.03729
-39.03678
-39.03628
-39.03577
-39.03526
-39.03475
-39.03424
-39.03374
-39.03323
-39.03272
-39.03221
-39.03171
-39.03120
-39.03069
-39.03018
-39.02968
-39.02917
-39.02866
-39.02815
-39.02764
-39.02714
-39.02663
-39.02612
-39.02561
-39.02510
-39.02460
-39.02409
-39.02358
-39.02307
-39.02257
-39.02206
-39.02155
-39.02104
-39.02053
-39.02003
-39.01952
-39.01901
-39.01850
-39.01799
-39.01749
-39.01698
-39.01647
-39.01596
-39.01545
-39.01495
-39.01444
-39.01393
-39.01342
-39.01291
-39.01241
-39.01190
-39.01139
-39.01088
-39.01037
-39.00987
-39.00936
-39.00885
-39.00834
-39.00783
-39.00733
-39.00682
-39.00631
-39.00580
-39.00529
-39.00479
-39.00428
-39.00377
-39.00326
-39.00275
-39.00224
-39.00174
-39.00123
-39.00072
-39.00021
-38.99970
-38.99919
-38.99869
-38.99818
-38.99767
-38.99716
-38.99665
-38.99615
-38.99564
-38.99513
-38.99462
-38.99411
-38.99360
-38.99310
-38.99259
-38.99208
-38.99157
-38.99106
-38.99055
-38.99004
-38.98954
-38.98903
-38.98852
-38.98801
-38.98750
-38.98699
-38.98649
-38.98598
-38.98547
-38.98496
-38.98445
-38.98394
-38.98343
-38.98293
-38.98242
-38.98191
-38.98140
-38.98089
-38.98038
-38.97987
-38.97937
-38.97886
-38.97835
-38.97784
-38.97733
-38.97682
-38.97631
-38.97581
-38.97530
-38.97479
-38.97428
-38.97377
-38.97326
-38.97275
-38.97225
-38.97174
-38.97123
-38.97072
-38.97021
-38.96970
-38.96919
-38.96868
-38.96818
-38.96767
-38.96716
-38.96665
-38.96614
-38.96563
-38.96512
-38.96461
-38.96410
-38.96360
-38.96309
-38.96258
-38.96207
-38.96156
-38.96105
-38.96054
-38.96003
-38.95952
-38.95902
-38.95851
-38.95800
-38.95749
-38.95698
-38.95647
-38.95596
-38.95545
-38.95494
-38.95444
-38.95393
-38.95342
-38.95291
-38.95240
-38.95189
-38.95138
-38.95087
-38.95036
-38.94985
-38.94934
-38.94884
-38.94833
-38.94782
-38.94731
-38.94680
-38.94629
-38.94578
-38.94527
-38.94476
-38.94425
-38.94374
-38.94323
-38.94273
-38.94222
-38.94171
-38.94120
-38.94069
-38.94018
-38.93967
-38.93916
-38.93865
-38.93814
-38.93763
-38.93712
-38.93661
-38.93610
-38.93560
-38.93509
-38.93458
-38.93407
-38.93356
-38.93305
-38.93254
-38.93203
-38.93152
-38.93101
-38.93050
-38.92999
-38.92948
-38.92897
-38.92846
-38.92795
-38.92745
-38.92694
-38.92643
-38.92592
-38.92541
-38.92490
-38.92439
-38.92388
-38.92337
-38.92286
-38.92235
-38.92184
-38.92133
-38.92082
-38.92031
-38.91980
-38.91929
-38.91878
-38.91827
-38.91776
-38.91725
-38.91674
-38.91623
-38.91572
-38.91522
-38.91471
-38.91420
-38.91369
-38.91318
-38.91267
-38.91216
-38.91165
-38.91114
-38.91063
-38.91012
-38.90961
-38.90910
-38.90859
-38.90808
-38.90757
-38.90706
-38.90655
-38.90604
-38.90553
-38.90502
-38.90451
-38.90400
-38.90349
-38.90298
-38.90247
-38.90196
-38.90145
-38.90094
-38.90043
-38.89992
-38.89941
-38.89890
-38.89839
-38.89788
-38.89737
-38.89686
-38.89635
-38.89584
-38.89533
-38.89482
-38.89431
-38.89380
-38.89329
-38.89278
-38.89227
-38.89176
-38.89125
-38.89074
-38.89023
-38.88972
-38.88921
-38.88870
-38.88819
-38.88768
-38.88717
-38.88666
-38.88615
-38.88564
-38.88513
-38.88462
-38.88411
-38.88360
-38.88309
-38.88258
-38.88207
-38.88156
-38.88105
-38.88054
-38.88003
-38.87952
-38.87900
-38.87849
-38.87798
-38.87747
-38.87696
-38.87645
-38.87594
-38.87543
-38.87492
-38.87441
-38.87390
-38.87339
-38.87288
-38.87237
-38.87186
-38.87135
-38.87084
-38.87033
-38.86982
-38.86931
-38.86880
-38.86829
-38.86778
-38.86726
-38.86675
-38.86624
-38.86573
-38.86522
-38.86471
-38.86420
-38.86369
-38.86318
-38.86267
-38.86216
-38.86165
-38.86114
-38.86063
-38.86012
-38.85961
-38.85909
-38.85858
-38.85807
-38.85756
-38.85705
-38.85654
-38.85603
-38.85552
-38.85501
-38.85450
-38.85399
-38.85348
-38.85297
-38.85245
-38.85194
-38.85143
-38.85092
-38.85041
-38.84990
-38.84939
-38.84888
-38.84837
-38.84786
-38.84735
-38.84684
-38.84632
-38.84581
-38.84530
-38.84479
-38.84428
-38.84377
-38.84326
-38.84275
-38.84224
-38.84173
-38.84121
-38.84070
-38.84019
-38.83968
-38.83917
-38.83866
-38.83815
-38.83764
-38.83713
-38.83661
-38.83610
-38.83559
-38.83508
-38.83457
-38.83406
-38.83355
-38.83304
-38.83253
-38.83201
-38.83150
-38.83099
-38.83048
-38.82997
-38.82946
-38.82895
-38.82844
-38.82792
-38.82741
-38.82690
-38.82639
-38.82588
-38.82537
-38.82486
-38.82434
-38.82383
-38.82332
-38.82281
-38.82230
-38.82179
-38.82128
-38.82076
-38.82025
-38.81974
-38.81923
-38.81872
-38.81821
-38.81770
-38.81718
-38.81667
-38.81616
-38.81565
-38.81514
-38.81463
-38.81412
-38.81360
-38.81309
-38.81258
-38.81207
-38.81156
-38.81105
-38.81053
-38.81002
-38.80951
-38.80900
-38.80849
-38.80798
-38.80746
-38.80695
-38.80644
-38.80593
-38.80542
-38.80491
-38.80439
-38.80388
-38.80337
-38.80286
-38.80235
-38.80183
-38.80132
-38.80081
-38.80030
-38.79979
-38.79928
-38.79876
-38.79825
-38.79774
-38.79723
-38.79672
-38.79620
-38.79569
-38.79518
-38.79467
-38.79416
-38.79364
-38.79313
-38.79262
-38.79211
-38.79160
-38.79108
-38.79057
-38.79006
-38.78955
-38.78904
-38.78852
-38.78801
-38.78750
-38.78699
-38.78648
-38.78596
-38.78545
-38.78494
-38.78443
-38.78391
-38.78340
-38.78289
-38.78238
-38.78187
-38.78135
-38.78084
-38.78033
-38.77982
-38.77930
-38.77879
-38.77828
-38.77777
-38.77726
-38.77674
-38.77623
-38.77572
-38.77521
-38.77469
-38.77418
-38.77367
-38.77316
-38.77264
-38.77213
-38.77162
-38.77111
-38.77059
-38.77008
-38.76957
-38.76906
-38.76854
-38.76803
-38.76752
-38.76701
-38.76649
-38.76598
-38.76547
-38.76496
-38.76444
-38.76393
-38.76342
-38.76291
-38.76239
-38.76188
-38.76137
-38.76085
-38.76034
-38.75983
-38.75932
-38.75880
-38.75829
-38.75778
-38.75727
-38.75675
-38.75624
-38.75573
-38.75521
-38.75470
-38.75419
-38.75368
-38.75316
-38.75265
-38.75214
-38.75162
-38.75111
-38.75060
-38.75009
-38.74957
-38.74906
-38.74855
-38.74803
-38.74752
-38.74701
-38.74649
-38.74598
-38.74547
-38.74496
-38.74444
-38.74393
-38.74342
-38.74290
-38.74239
-38.74188
-38.74136
-38.74085
-38.74034
-38.73982
-38.73931
-38.73880
-38.73828
-38.73777
-38.73726
-38.73675
-38.73623
-38.73572
-38.73521
-38.73469
-38.73418
-38.73367
-38.73315
-38.73264
-38.73213
-38.73161
-38.73110
-38.73059
-38.73007
-38.72956
-38.72904
-38.72853
-38.72802
-38.72750
-38.72699
-38.72648
-38.72596
-38.72545
-38.72494
-38.72442
-38.72391
-38.72340
-38.72288
-38.72237
-38.72186
-38.72134
-38.72083
-38.72031
-38.71980
-38.71929
-38.71877
-38.71826
-38.71775
-38.71723
-38.71672
-38.71620
-38.71569
-38.71518
-38.71466
-38.71415
-38.71364
-38.71312
-38.71261
-38.71209
-38.71158
-38.71107
-38.71055
-38.71004
-38.70952
-38.70901
-38.70850
-38.70798
-38.70747
-38.70695
-38.70644
-38.70593
-38.70541
-38.70490
-38.70438
-38.70387
-38.70336
-38.70284
-38.70233
-38.70181
-38.70130
-38.70079
-38.70027
-38.69976
-38.69924
-38.69873
-38.69822
-38.69770
-38.69719
-38.69667
-38.69616
-38.69564
-38.69513
-38.69462
-38.69410
-38.69359
-38.69307
-38.69256
-38.69204
-38.69153
-38.69101
-38.69050
-38.68999
-38.68947
-38.68896
-38.68844
-38.68793
-38.68741
-38.68690
-38.68638
-38.68587
-38.68536
-38.68484
-38.68433
-38.68381
-38.68330
-38.68278
-38.68227
-38.68175
-38.68124
-38.68072
-38.68021
-38.67969
-38.67918
-38.67866
-38.67815
-38.67764
-38.67712
-38.67661
-38.67609
-38.67558
-38.67506
-38.67455
-38.67403
-38.67352
-38.67300
-38.67249
-38.67197
-38.67146
-38.67094
-38.67043
-38.66991
-38.66940
-38.66888
-38.66837
-38.66785
-38.66734
-38.66682
-38.66631
-38.66579
-38.66528
-38.66476
-38.66425
-38.66373
-38.66322
-38.66270
-38.66218
-38.66167
-38.66115
-38.66064
-38.66012
-38.65961
-38.65909
-38.65858
-38.65806
-38.65755
-38.65703
-38.65652
-38.65600
-38.65549
-38.65497
-38.65445
-38.65394
-38.65342
-38.65291
-38.65239
-38.65188
-38.65136
-38.65085
-38.65033
-38.64981
-38.64930
-38.64878
-38.64827
-38.64775
-38.64724
-38.64672
-38.64621
-38.64569
-38.64517
-38.64466
-38.64414
-38.64363
-38.64311
-38.64260
-38.64208
-38.64156
-38.64105
-38.64053
-38.64002
-38.63950
-38.63898
-38.63847
-38.63795
-38.63744
-38.63692
-38.63640
-38.63589
-38.63537
-38.63486
-38.63434
-38.63382
-38.63331
-38.63279
-38.63228
-38.63176
-38.63124
-38.63073
-38.63021
-38.62969
-38.62918
-38.62866
-38.62815
-38.62763
-38.62711
-38.62660
-38.62608
-38.62556
-38.62505
-38.62453
-38.62401
-38.62350
-38.62298
-38.62247
-38.62195
-38.62143
-38.62092
-38.62040
-38.61988
-38.61937
-38.61885
-38.61833
-38.61782
-38.61730
-38.61678
-38.61627
-38.61575
-38.61523
-38.61472
-38.61420
-38.61368
-38.61317
-38.61265
-38.61213
-38.61162
-38.61110
-38.61058
-38.61007
-38.60955
-38.60903
-38.60851
-38.60800
-38.60748
-38.60696
-38.60645
-38.60593
-38.60541
-38.60490
-38.60438
-38.60386
-38.60334
-38.60283
-38.60231
-38.60179
-38.60128
-38.60076
-38.60024
-38.59972
-38.59921
-38.59869
-38.59817
-38.59765
-38.59714
-38.59662
-38.59610
-38.59559
-38.59507
-38.59455
-38.59403
-38.59352
-38.59300
-38.59248
-38.59196
-38.59145
-38.59093
-38.59041
-38.58989
-38.58937
-38.58886
-38.58834
-38.58782
-38.58730
-38.58679
-38.58627
-38.58575
-38.58523
-38.58472
-38.58420
-38.58368
-38.58316
-38.58264
-38.58213
-38.58161
-38.58109
-38.58057
-38.58005
-38.57954
-38.57902
-38.57850
-38.57798
-38.57746
-38.57695
-38.57643
-38.57591
-38.57539
-38.57487
-38.57436
-38.57384
-38.57332
-38.57280
-38.57228
-38.57176
-38.57125
-38.57073
-38.57021
-38.56969
-38.56917
-38.56865
-38.56814
-38.56762
-38.56710
-38.56658
-38.56606
-38.56554
-38.56502
-38.56451
-38.56399
-38.56347
-38.56295
-38.56243
-38.56191
-38.56139
-38.56088
-38.56036
-38.55984
-38.55932
-38.55880
-38.55828
-38.55776
-38.55724
-38.55672
-38.55621
-38.55569
-38.55517
-38.55465
-38.55413
-38.55361
-38.55309
-38.55257
-38.55205
-38.55153
-38.55102
-38.55050
-38.54998
-38.54946
-38.54894
-38.54842
-38.54790
-38.54738
-38.54686
-38.54634
-38.54582
-38.54530
-38.54478
-38.54426
-38.54375
-38.54323
-38.54271
-38.54219
-38.54167
-38.54115
-38.54063
-38.54011
-38.53959
-38.53907
-38.53855
-38.53803
-38.53751
-38.53699
-38.53647
-38.53595
-38.53543
-38.53491
-38.53439
-38.53387
-38.53335
-38.53283
-38.53231
-38.53179
-38.53127
-38.53075
-38.53023
-38.52971
-38.52919
-38.52867
-38.52815
-38.52763
-38.52711
-38.52659
-38.52607
-38.52555
-38.52503
-38.52451
-38.52399
-38.52347
-38.52295
-38.52243
-38.52191
-38.52139
-38.52087
-38.52035
-38.51983
-38.51931
-38.51879
-38.51826
-38.51774
-38.51722
-38.51670
-38.51618
-38.51566
-38.51514
-38.51462
-38.51410
-38.51358
-38.51306
-38.51254
-38.51202
-38.51150
-38.51097
-38.51045
-38.50993
-38.50941
-38.50889
-38.50837
-38.50785
-38.50733
-38.50681
-38.50628
-38.50576
-38.50524
-38.50472
-38.50420
-38.50368
-38.50316
-38.50264
-38.50211
-38.50159
-38.50107
-38.50055
-38.50003
-38.49951
-38.49899
-38.49846
-38.49794
-38.49742
-38.49690
-38.49638
-38.49586
-38.49534
-38.49481
-38.49429
-38.49377
-38.49325
-38.49273
-38.49220
-38.49168
-38.49116
-38.49064
-38.49012
-38.48959
-38.48907
-38.48855
-38.48803
-38.48751
-38.48698
-38.48646
-38.48594
-38.48542
-38.48490
-38.48437
-38.48385
-38.48333
-38.48281
-38.48228
-38.48176
-38.48124
-38.48072
-38.48019
-38.47967
-38.47915
-38.47863
-38.47810
-38.47758
-38.47706
-38.47654
-38.47601
-38.47549
-38.47497
-38.47445
-38.47392
-38.47340
-38.47288
-38.47235
-38.47183
-38.47131
-38.47079
-38.47026
-38.46974
-38.46922
-38.46869
-38.46817
-38.46765
-38.46712
-38.46660
-38.46608
-38.46555
-38.46503
-38.46451
-38.46398
-38.46346
-38.46294
-38.46241
-38.46189
-38.46137
-38.46084
-38.46032
-38.45980
-38.45927
-38.45875
-38.45823
-38.45770
-38.45718
-38.45665
-38.45613
-38.45561
-38.45508
-38.45456
-38.45404
-38.45351
-38.45299
-38.45246
-38.45194
-38.45142
-38.45089
-38.45037
-38.44984
-38.44932
-38.44879
-38.44827
-38.44775
-38.44722
-38.44670
-38.44617
-38.44565
-38.44512
-38.44460
-38.44408
-38.44355
-38.44303
-38.44250
-38.44198
-38.44145
-38.44093
-38.44040
-38.43988
-38.43935
-38.43883
-38.43830
-38.43778
-38.43725
-38.43673
-38.43620
-38.43568
-38.43515
-38.43463
-38.43410
-38.43358
-38.43305
-38.43253
-38.43200
-38.43148
-38.43095
-38.43043
-38.42990
-38.42938
-38.42885
-38.42833
-38.42780
-38.42728
-38.42675
-38.42622
-38.42570
-38.42517
-38.42465
-38.42412
-38.42360
-38.42307
-38.42254
-38.42202
-38.42149
-38.42097
-38.42044
-38.41991
-38.41939
-38.41886
-38.41834
-38.41781
-38.41728
-38.41676
-38.41623
-38.41571
-38.41518
-38.41465
-38.41413
-38.41360
-38.41307
-38.41255
-38.41202
-38.41149
-38.41097
-38.41044
-38.40991
-38.40939
-38.40886
-38.40833
-38.40781
-38.40728
-38.40675
-38.40623
-38.40570
-38.40517
-38.40465
-38.40412
-38.40359
-38.40307
-38.40254
-38.40201
-38.40148
-38.40096
-38.40043
-38.39990
-38.39937
-38.39885
-38.39832
-38.39779
-38.39727
-38.39674
-38.39621
-38.39568
-38.39515
-38.39463
-38.39410
-38.39357
-38.39304
-38.39252
-38.39199
-38.39146
-38.39093
-38.39040
-38.38988
-38.38935
-38.38882
-38.38829
-38.38776
-38.38724
-38.38671
-38.38618
-38.38565
-38.38512
-38.38459
-38.38407
-38.38354
-38.38301
-38.38248
-38.38195
-38.38142
-38.38089
-38.38037
-38.37984
-38.37931
-38.37878
-38.37825
-38.37772
-38.37719
-38.37666
-38.37614
-38.37561
-38.37508
-38.37455
-38.37402
-38.37349
-38.37296
-38.37243
-38.37190
-38.37137
-38.37084
-38.37031
-38.36978
-38.36926
-38.36873
-38.36820
-38.36767
-38.36714
-38.36661
-38.36608
-38.36555
-38.36502
-38.36449
-38.36396
-38.36343
-38.36290
-38.36237
-38.36184
-38.36131
-38.36078
-38.36025
-38.35972
-38.35919
-38.35866
-38.35813
-38.35760
-38.35707
-38.35654
-38.35600
-38.35547
-38.35494
-38.35441
-38.35388
-38.35335
-38.35282
-38.35229
-38.35176
-38.35123
-38.35070
-38.35017
-38.34964
-38.34910
-38.34857
-38.34804
-38.34751
-38.34698
-38.34645
-38.34592
-38.34539
-38.34485
-38.34432
-38.34379
-38.34326
-38.34273
-38.34220
-38.34167
-38.34113
-38.34060
-38.34007
-38.33954
-38.33901
-38.33847
-38.33794
-38.33741
-38.33688
-38.33635
-38.33581
-38.33528
-38.33475
-38.33422
-38.33369
-38.33315
-38.33262
-38.33209
-38.33156
-38.33102
-38.33049
-38.32996
-38.32943
-38.32889
-38.32836
-38.32783
-38.32729
-38.32676
-38.32623
-38.32570
-38.32516
-38.32463
-38.32410
-38.32356
-38.32303
-38.32250
-38.32196
-38.32143
-38.32090
-38.32036
-38.31983
-38.31930
-38.31876
-38.31823
-38.31770
-38.31716
-38.31663
-38.31609
-38.31556
-38.31503
-38.31449
-38.31396
-38.31342
-38.31289
-38.31236
-38.31182
-38.31129
-38.31075
-38.31022
-38.30968
-38.30915
-38.30862
-38.30808
-38.30755
-38.30701
-38.30648
-38.30594
-38.30541
-38.30487
-38.30434
-38.30380
-38.30327
-38.30273
-38.30220
-38.30166
-38.30113
-38.30059
-38.30006
-38.29952
-38.29899
-38.29845
-38.29792
-38.29738
-38.29684
-38.29631
-38.29577
-38.29524
-38.29470
-38.29417
-38.29363
-38.29309
-38.29256
-38.29202
-38.29149
-38.29095
-38.29041
-38.28988
-38.28934
-38.28881
-38.28827
-38.28773
-38.28720
-38.28666
-38.28612
-38.28559
-38.28505
-38.28451
-38.28398
-38.28344
-38.28290
-38.28237
-38.28183
-38.28129
-38.28075
-38.28022
-38.27968
-38.27914
-38.27861
-38.27807
-38.27753
-38.27699
-38.27646
-38.27592
-38.27538
-38.27484
-38.27431
-38.27377
-38.27323
-38.27269
-38.27215
-38.27162
-38.27108
-38.27054
-38.27000
-38.26946
-38.26892
-38.26839
-38.26785
-38.26731
-38.26677
-38.26623
-38.26569
-38.26516
-38.26462
-38.26408
-38.26354
-38.26300
-38.26246
-38.26192
-38.26138
-38.26084
-38.26031
-38.25977
-38.25923
-38.25869
-38.25815
-38.25761
-38.25707
-38.25653
-38.25599
-38.25545
-38.25491
-38.25437
-38.25383
-38.25329
-38.25275
-38.25221
-38.25167
-38.25113
-38.25059
-38.25005
-38.24951
-38.24897
-38.24843
-38.24789
-38.24735
-38.24681
-38.24627
-38.24573
-38.24519
-38.24465
-38.24410
-38.24356
-38.24302
-38.24248
-38.24194
-38.24140
-38.24086
-38.24032
-38.23978
-38.23923
-38.23869
-38.23815
-38.23761
-38.23707
-38.23653
-38.23598
-38.23544
-38.23490
-38.23436
-38.23382
-38.23328
-38.23273
-38.23219
-38.23165
-38.23111
-38.23056
-38.23002
-38.22948
-38.22894
-38.22839
-38.22785
-38.22731
-38.22677
-38.22622
-38.22568
-38.22514
-38.22459
-38.22405
-38.22351
-38.22297
-38.22242
-38.22188
-38.22134
-38.22079
-38.22025
-38.21970
-38.21916
-38.21862
-38.21807
-38.21753
-38.21699
-38.21644
-38.21590
-38.21535
-38.21481
-38.21427
-38.21372
-38.21318
-38.21263
-38.21209
-38.21154
-38.21100
-38.21045
-38.20991
-38.20936
-38.20882
-38.20827
-38.20773
-38.20718
-38.20664
-38.20609
-38.20555
-38.20500
-38.20446
-38.20391
-38.20337
-38.20282
-38.20228
-38.20173
-38.20119
-38.20064
-38.20009
-38.19955
-38.19900
-38.19846
-38.19791
-38.19736
-38.19682
-38.19627
-38.19572
-38.19518
-38.19463
-38.19408
-38.19354
-38.19299
-38.19244
-38.19190
-38.19135
-38.19080
-38.19026
-38.18971
-38.18916
-38.18861
-38.18807
-38.18752
-38.18697
-38.18642
-38.18588
-38.18533
-38.18478
-38.18423
-38.18369
-38.18314
-38.18259
-38.18204
-38.18149
-38.18094
-38.18040
-38.17985
-38.17930
-38.17875
-38.17820
-38.17765
-38.17710
-38.17656
-38.17601
-38.17546
-38.17491
-38.17436
-38.17381
-38.17326
-38.17271
-38.17216
-38.17161
-38.17106
-38.17051
-38.16996
-38.16941
-38.16886
-38.16831
-38.16776
-38.16721
-38.16666
-38.16611
-38.16556
-38.16501
-38.16446
-38.16391
-38.16336
-38.16281
-38.16226
-38.16171
-38.16116
-38.16061
-38.16006
-38.15951
-38.15896
-38.15840
-38.15785
-38.15730
-38.15675
-38.15620
-38.15565
-38.15510
-38.15454
-38.15399
-38.15344
-38.15289
-38.15234
-38.15178
-38.15123
-38.15068
-38.15013
-38.14957
-38.14902
-38.14847
-38.14792
-38.14736
-38.14681
-38.14626
-38.14570
-38.14515
-38.14460
-38.14405
-38.14349
-38.14294
-38.14239
-38.14183
-38.14128
-38.14072
-38.14017
-38.13962
-38.13906
-38.13851
-38.13796
-38.13740
-38.13685
-38.13629
-38.13574
-38.13518
-38.13463
-38.13407
-38.13352
-38.13297
-38.13241
-38.13186
-38.13130
-38.13075
-38.13019
-38.12963
-38.12908
-38.12852
-38.12797
-38.12741
-38.12686
-38.12630
-38.12575
-38.12519
-38.12463
-38.12408
-38.12352
-38.12297
-38.12241
-38.12185
-38.12130
-38.12074
-38.12018
-38.11963
-38.11907
-38.11851
-38.11796
-38.11740
-38.11684
-38.11628
-38.11573
-38.11517
-38.11461
-38.11405
-38.11350
-38.11294
-38.11238
-38.11182
-38.11127
-38.11071
-38.11015
-38.10959
-38.10903
-38.10847
-38.10792
-38.10736
-38.10680
-38.10624
-38.10568
-38.10512
-38.10456
-38.10400
-38.10345
-38.10289
-38.10233
-38.10177
-38.10121
-38.10065
-38.10009
-38.09953
-38.09897
-38.09841
-38.09785
-38.09729
-38.09673
-38.09617
-38.09561
-38.09505
-38.09449
-38.09393
-38.09337
-38.09280
-38.09224
-38.09168
-38.09112
-38.09056
-38.09000
-38.08944
-38.08888
-38.08831
-38.08775
-38.08719
-38.08663
-38.08607
-38.08551
-38.08494
-38.08438
-38.08382
-38.08326
-38.08269
-38.08213
-38.08157
-38.08101
-38.08044
-38.07988
-38.07932
-38.07875
-38.07819
-38.07763
-38.07707
-38.07650
-38.07594
-38.07537
-38.07481
-38.07425
-38.07368
-38.07312
-38.07256
-38.07199
-38.07143
-38.07086
-38.07030
-38.06973
-38.06917
-38.06860
-38.06804
-38.06747
-38.06691
-38.06634
-38.06578
-38.06521
-38.06465
-38.06408
-38.06352
-38.06295
-38.06239
-38.06182
-38.06125
-38.06069
-38.06012
-38.05955
-38.05899
-38.05842
-38.05786
-38.05729
-38.05672
-38.05616
-38.05559
-38.05502
-38.05445
-38.05389
-38.05332
-38.05275
-38.05218
-38.05162
-38.05105
-38.05048
-38.04991
-38.04935
-38.04878
-38.04821
-38.04764
-38.04707
-38.04650
-38.04594
-38.04537
-38.04480
-38.04423
-38.04366
-38.04309
-38.04252
-38.04195
-38.04138
-38.04081
-38.04024
-38.03967
-38.03910
-38.03853
-38.03796
-38.03739
-38.03682
-38.03625
-38.03568
-38.03511
-38.03454
-38.03397
-38.03340
-38.03283
-38.03226
-38.03169
-38.03112
-38.03054
-38.02997
-38.02940
-38.02883
-38.02826
-38.02769
-38.02711
-38.02654
-38.02597
-38.02540
-38.02483
-38.02425
-38.02368
-38.02311
-38.02253
-38.02196
-38.02139
-38.02082
-38.02024
-38.01967
-38.01910
-38.01852
-38.01795
-38.01737
-38.01680
-38.01623
-38.01565
-38.01508
-38.01450
-38.01393
-38.01335
-38.01278
-38.01221
-38.01163
-38.01106
-38.01048
-38.00991
-38.00933
-38.00875
-38.00818
-38.00760
-38.00703
-38.00645
-38.00588
-38.00530
-38.00472
-38.00415
-38.00357
-38.00299
-38.00242
-38.00184
-38.00126
-38.00069
-38.00011
-37.99953
-37.99896
-37.99838
-37.99780
-37.99722
-37.99665
-37.99607
-37.99549
-37.99491
-37.99433
-37.99376
-37.99318
-37.99260
-37.99202
-37.99144
-37.99086
-37.99028
-37.98970
-37.98913
-37.98855
-37.98797
-37.98739
-37.98681
-37.98623
-37.98565
-37.98507
-37.98449
-37.98391
-37.98333
-37.98275
-37.98217
-37.98159
-37.98101
-37.98042
-37.97984
-37.97926
-37.97868
-37.97810
-37.97752
-37.97694
-37.97635
-37.97577
-37.97519
-37.97461
-37.97403
-37.97344
-37.97286
-37.97228
-37.97170
-37.97111
-37.97053
-37.96995
-37.96936
-37.96878
-37.96820
-37.96761
-37.96703
-37.96645
-37.96586
-37.96528
-37.96470
-37.96411
-37.96353
-37.96294
-37.96236
-37.96177
-37.96119
-37.96060
-37.96002
-37.95943
-37.95885
-37.95826
-37.95768
-37.95709
-37.95650
-37.95592
-37.95533
-37.95475
-37.95416
-37.95357
-37.95299
-37.95240
-37.95181
-37.95123
-37.95064
-37.95005
-37.94947
-37.94888
-37.94829
-37.94770
-37.94712
-37.94653
-37.94594
-37.94535
-37.94476
-37.94417
-37.94359
-37.94300
-37.94241
-37.94182
-37.94123
-37.94064
-37.94005
-37.93946
-37.93887
-37.93828
-37.93769
-37.93710
-37.93651
-37.93592
-37.93533
-37.93474
-37.93415
-37.93356
-37.93297
-37.93238
-37.93179
-37.93120
-37.93060
-37.93001
-37.92942
-37.92883
-37.92824
-37.92765
-37.92705
-37.92646
-37.92587
-37.92528
-37.92468
-37.92409
-37.92350
-37.92291
-37.92231
-37.92172
-37.92112
-37.92053
-37.91994
-37.91934
-37.91875
-37.91816
-37.91756
-37.91697
-37.91637
-37.91578
-37.91518
-37.91459
-37.91399
-37.91340
-37.91280
-37.91221
-37.91161
-37.91102
-37.91042
-37.90982
-37.90923
-37.90863
-37.90803
-37.90744
-37.90684
-37.90624
-37.90565
-37.90505
-37.90445
-37.90386
-37.90326
-37.90266
-37.90206
-37.90146
-37.90087
-37.90027
-37.89967
-37.89907
-37.89847
-37.89787
-37.89727
-37.89668
-37.89608
-37.89548
-37.89488
-37.89428
-37.89368
-37.89308
-37.89248
-37.89188
-37.89128
-37.89068
-37.89008
-37.88948
-37.88887
-37.88827
-37.88767
-37.88707
-37.88647
-37.88587
-37.88527
-37.88466
-37.88406
-37.88346
-37.88286
-37.88225
-37.88165
-37.88105
-37.88045
-37.87984
-37.87924
-37.87864
-37.87803
-37.87743
-37.87683
-37.87622
-37.87562
-37.87501
-37.87441
-37.87380
-37.87320
-37.87259
-37.87199
-37.87138
-37.87078
-37.87017
-37.86957
-37.86896
-37.86836
-37.86775
-37.86714
-37.86654
-37.86593
-37.86533
-37.86472
-37.86411
-37.86350
-37.86290
-37.86229
-37.86168
-37.86107
-37.86047
-37.85986
-37.85925
-37.85864
-37.85803
-37.85743
-37.85682
-37.85621
-37.85560
-37.85499
-37.85438
-37.85377
-37.85316
-37.85255
-37.85194
-37.85133
-37.85072
-37.85011
-37.84950
-37.84889
-37.84828
-37.84767
-37.84706
-37.84644
-37.84583
-37.84522
-37.84461
-37.84400
-37.84339
-37.84277
-37.84216
-37.84155
-37.84094
-37.84032
-37.83971
-37.83910
-37.83848
-37.83787
-37.83726
-37.83664
-37.83603
-37.83541
-37.83480
-37.83418
-37.83357
-37.83295
-37.83234
-37.83172
-37.83111
-37.83049
-37.82988
-37.82926
-37.82865
-37.82803
-37.82741
-37.82680
-37.82618
-37.82556
-37.82495
-37.82433
-37.82371
-37.82310
-37.82248
-37.82186
-37.82124
-37.82062
-37.82001
-37.81939
-37.81877
-37.81815
-37.81753
-37.81691
-37.81629
-37.81567
-37.81505
-37.81443
-37.81381
-37.81319
-37.81257
-37.81195
-37.81133
-37.81071
-37.81009
-37.80947
-37.80885
-37.80823
-37.80761
-37.80699
-37.80636
-37.80574
-37.80512
-37.80450
-37.80387
-37.80325
-37.80263
-37.80201
-37.80138
-37.80076
-37.80013
-37.79951
-37.79889
-37.79826
-37.79764
-37.79701
-37.79639
-37.79576
-37.79514
-37.79451
-37.79389
-37.79326
-37.79264
-37.79201
-37.79139
-37.79076
-37.79013
-37.78951
-37.78888
-37.78825
-37.78763
-37.78700
-37.78637
-37.78574
-37.78512
-37.78449
-37.78386
-37.78323
-37.78260
-37.78198
-37.78135
-37.78072
-37.78009
-37.77946
-37.77883
-37.77820
-37.77757
-37.77694
-37.77631
-37.77568
-37.77505
-37.77442
-37.77379
-37.77316
-37.77252
-37.77189
-37.77126
-37.77063
-37.77000
-37.76937
-37.76873
-37.76810
-37.76747
-37.76684
-37.76620
-37.76557
-37.76494
-37.76430
-37.76367
-37.76303
-37.76240
-37.76177
-37.76113
-37.76050
-37.75986
-37.75923
-37.75859
-37.75795
-37.75732
-37.75668
-37.75605
-37.75541
-37.75477
-37.75414
-37.75350
-37.75286
-37.75223
-37.75159
-37.75095
-37.75031
-37.74968
-37.74904
-37.74840
-37.74776
-37.74712
-37.74648
-37.74585
-37.74521
-37.74457
-37.74393
-37.74329
-37.74265
-37.74201
-37.74137
-37.74073
-37.74009
-37.73944
-37.73880
-37.73816
-37.73752
-37.73688
-37.73624
-37.73559
-37.73495
-37.73431
-37.73367
-37.73302
-37.73238
-37.73174
-37.73109
-37.73045
-37.72981
-37.72916
-37.72852
-37.72787
-37.72723
-37.72658
-37.72594
-37.72529
-37.72465
-37.72400
-37.72336
-37.72271
-37.72207
-37.72142
-37.72077
-37.72013
-37.71948
-37.71883
-37.71818
-37.71754
-37.71689
-37.71624
-37.71559
-37.71494
-37.71430
-37.71365
-37.71300
-37.71235
-37.71170
-37.71105
-37.71040
-37.70975
-37.70910
-37.70845
-37.70780
-37.70715
-37.70650
-37.70585
-37.70519
-37.70454
-37.70389
-37.70324
-37.70259
-37.70193
-37.70128
-37.70063
-37.69998
-37.69932
-37.69867
-37.69802
-37.69736
-37.69671
-37.69605
-37.69540
-37.69474
-37.69409
-37.69343
-37.69278
-37.69212
-37.69147
-37.69081
-37.69016
-37.68950
-37.68884
-37.68819
-37.68753
-37.68687
-37.68621
-37.68556
-37.68490
-37.68424
-37.68358
-37.68292
-37.68227
-37.68161
-37.68095
-37.68029
-37.67963
-37.67897
-37.67831
-37.67765
-37.67699
-37.67633
-37.67567
-37.67501
-37.67434
-37.67368
-37.67302
-37.67236
-37.67170
-37.67104
-37.67037
-37.66971
-37.66905
-37.66838
-37.66772
-37.66706
-37.66639
-37.66573
-37.66506
-37.66440
-37.66374
-37.66307
-37.66241
-37.66174
-37.66107
-37.66041
-37.65974
-37.65908
-37.65841
-37.65774
-37.65708
-37.65641
-37.65574
-37.65507
-37.65441
-37.65374
-37.65307
-37.65240
-37.65173
-37.65106
-37.65039
-37.64973
-37.64906
-37.64839
-37.64772
-37.64705
-37.64638
-37.64570
-37.64503
-37.64436
-37.64369
-37.64302
-37.64235
-37.64168
-37.64100
-37.64033
-37.63966
-37.63899
-37.63831
-37.63764
-37.63697
-37.63629
-37.63562
-37.63494
-37.63427
-37.63359
-37.63292
-37.63224
-37.63157
-37.63089
-37.63022
-37.62954
-37.62886
-37.62819
-37.62751
-37.62683
-37.62616
-37.62548
-37.62480
-37.62412
-37.62344
-37.62277
-37.62209
-37.62141
-37.62073
-37.62005
-37.61937
-37.61869
-37.61801
-37.61733
-37.61665
-37.61597
-37.61529
-37.61460
-37.61392
-37.61324
-37.61256
-37.61188
-37.61119
-37.61051
-37.60983
-37.60915
-37.60846
-37.60778
-37.60709
-37.60641
-37.60573
-37.60504
-37.60436
-37.60367
-37.60299
-37.60230
-37.60161
-37.60093
-37.60024
-37.59955
-37.59887
-37.59818
-37.59749
-37.59681
-37.59612
-37.59543
-37.59474
-37.59405
-37.59336
-37.59268
-37.59199
-37.59130
-37.59061
-37.58992
-37.58923
-37.58854
-37.58785
-37.58715
-37.58646
-37.58577
-37.58508
-37.58439
-37.58370
-37.58300
-37.58231
-37.58162
-37.58092
-37.58023
-37.57954
-37.57884
-37.57815
-37.57745
-37.57676
-37.57606
-37.57537
-37.57467
-37.57398
-37.57328
-37.57258
-37.57189
-37.57119
-37.57049
-37.56980
-37.56910
-37.56840
-37.56770
-37.56700
-37.56631
-37.56561
-37.56491
-37.56421
-37.56351
-37.56281
-37.56211
-37.56141
-37.56071
-37.56001
-37.55931
-37.55860
-37.55790
-37.55720
-37.55650
-37.55580
-37.55509
-37.55439
-37.55369
-37.55298
-37.55228
-37.55158
-37.55087
-37.55017
-37.54946
-37.54876
-37.54805
-37.54735
-37.54664
-37.54593
-37.54523
-37.54452
-37.54381
-37.54311
-37.54240
-37.54169
-37.54098
-37.54028
-37.53957
-37.53886
-37.53815
-37.53744
-37.53673
-37.53602
-37.53531
-37.53460
-37.53389
-37.53318
-37.53247
-37.53176
-37.53104
-37.53033
-37.52962
-37.52891
-37.52819
-37.52748
-37.52677
-37.52605
-37.52534
-37.52463
-37.52391
-37.52320
-37.52248
-37.52177
-37.52105
-37.52034
-37.51962
-37.51890
-37.51819
-37.51747
-37.51675
-37.51603
-37.51532
-37.51460
-37.51388
-37.51316
-37.51244
-37.51172
-37.51100
-37.51028
-37.50956
-37.50884
-37.50812
-37.50740
-37.50668
-37.50596
-37.50524
-37.50452
-37.50379
-37.50307
-37.50235
-37.50163
-37.50090
-37.50018
-37.49946
-37.49873
-37.49801
-37.49728
-37.49656
-37.49583
-37.49511
-37.49438
-37.49365
-37.49293
-37.49220
-37.49147
-37.49075
-37.49002
-37.48929
-37.48856
-37.48783
-37.48711
-37.48638
-37.48565
-37.48492
-37.48419
-37.48346
-37.48273
-37.48200
-37.48126
-37.48053
-37.47980
-37.47907
-37.47834
-37.47760
-37.47687
-37.47614
-37.47541
-37.47467
-37.47394
-37.47320
-37.47247
-37.47173
-37.47100
-37.47026
-37.46953
-37.46879
-37.46805
-37.46732
-37.46658
-37.46584
-37.46511
-37.46437
-37.46363
-37.46289
-37.46215
-37.46141
-37.46067
-37.45994
-37.45920
-37.45845
-37.45771
-37.45697
-37.45623
-37.45549
-37.45475
-37.45401
-37.45326
-37.45252
-37.45178
-37.45104
-37.45029
-37.44955
-37.44880
-37.44806
-37.44732
-37.44657
-37.44582
-37.44508
-37.44433
-37.44359
-37.44284
-37.44209
-37.44135
-37.44060
-37.43985
-37.43910
-37.43835
-37.43760
-37.43686
-37.43611
-37.43536
-37.43461
-37.43386
-37.43311
-37.43236
-37.43160
-37.43085
-37.43010
-37.42935
-37.42860
-37.42784
-37.42709
-37.42634
-37.42558
-37.42483
-37.42407
-37.42332
-37.42256
-37.42181
-37.42105
-37.42030
-37.41954
-37.41878
-37.41803
-37.41727
-37.41651
-37.41576
-37.41500
-37.41424
-37.41348
-37.41272
-37.41196
-37.41120
-37.41044
-37.40968
-37.40892
-37.40816
-37.40740
-37.40664
-37.40587
-37.40511
-37.40435
-37.40359
-37.40282
-37.40206
-37.40129
-37.40053
-37.39977
-37.39900
-37.39824
-37.39747
-37.39670
-37.39594
-37.39517
-37.39440
-37.39364
-37.39287
-37.39210
-37.39133
-37.39057
-37.38980
-37.38903
-37.38826
-37.38749
-37.38672
-37.38595
-37.38518
-37.38440
-37.38363
-37.38286
-37.38209
-37.38132
-37.38054
-37.37977
-37.37900
-37.37822
-37.37745
-37.37667
-37.37590
-37.37512
-37.37435
-37.37357
-37.37280
-37.37202
-37.37124
-37.37047
-37.36969
-37.36891
-37.36813
-37.36735
-37.36658
-37.36580
-37.36502
-37.36424
-37.36346
-37.36268
-37.36190
-37.36111
-37.36033
-37.35955
-37.35877
-37.35799
-37.35720
-37.35642
-37.35564
-37.35485
-37.35407
-37.35328
-37.35250
-37.35171
-37.35093
-37.35014
-37.34935
-37.34857
-37.34778
-37.34699
-37.34620
-37.34542
-37.34463
-37.34384
-37.34305
-37.34226
-37.34147
-37.34068
-37.33989
-37.33910
-37.33831
-37.33751
-37.33672
-37.33593
-37.33514
-37.33434
-37.33355
-37.33276
-37.33196
-37.33117
-37.33037
-37.32958
-37.32878
-37.32799
-37.32719
-37.32639
-37.32560
-37.32480
-37.32400
-37.32320
-37.32241
-37.32161
-37.32081
-37.32001
-37.31921
-37.31841
-37.31761
-37.31681
-37.31601
-37.31520
-37.31440
-37.31360
-37.31280
-37.31199
-37.31119
-37.31039
-37.30958
-37.30878
-37.30797
-37.30717
-37.30636
-37.30556
-37.30475
-37.30394
-37.30313
-37.30233
-37.30152
-37.30071
-37.29990
-37.29909
-37.29828
-37.29747
-37.29666
-37.29585
-37.29504
-37.29423
-37.29342
-37.29261
-37.29180
-37.29098
-37.29017
-37.28936
-37.28854
-37.28773
-37.28691
-37.28610
-37.28528
-37.28447
-37.28365
-37.28284
-37.28202
-37.28120
-37.28038
-37.27957
-37.27875
-37.27793
-37.27711
-37.27629
-37.27547
-37.27465
-37.27383
-37.27301
-37.27219
-37.27137
-37.27054
-37.26972
-37.26890
-37.26807
-37.26725
-37.26643
-37.26560
-37.26478
-37.26395
-37.26313
-37.26230
-37.26147
-37.26065
-37.25982
-37.25899
-37.25817
-37.25734
-37.25651
-37.25568
-37.25485
-37.25402
-37.25319
-37.25236
-37.25153
-37.25070
-37.24987
-37.24903
-37.24820
-37.24737
-37.24653
-37.24570
-37.24487
-37.24403
-37.24320
-37.24236
-37.24153
-37.24069
-37.23985
-37.23902
-37.23818
-37.23734
-37.23650
-37.23566
-37.23483
-37.23399
-37.23315
-37.23231
-37.23147
-37.23063
-37.22978
-37.22894
-37.22810
-37.22726
-37.22642
-37.22557
-37.22473
-37.22388
-37.22304
-37.22219
-37.22135
-37.22050
-37.21966
-37.21881
-37.21796
-37.21712
-37.21627
-37.21542
-37.21457
-37.21372
-37.21287
-37.21202
-37.21117
-37.21032
-37.20947
-37.20862
-37.20777
-37.20692
-37.20606
-37.20521
-37.20436
-37.20350
-37.20265
-37.20179
-37.20094
-37.20008
-37.19923
-37.19837
-37.19752
-37.19666
-37.19580
-37.19494
-37.19408
-37.19322
-37.19237
-37.19151
-37.19065
-37.18979
-37.18892
-37.18806
-37.18720
-37.18634
-37.18548
-37.18461
-37.18375
-37.18289
-37.18202
-37.18116
-37.18029
-37.17943
-37.17856
-37.17769
-37.17683
-37.17596
-37.17509
-37.17422
-37.17336
-37.17249
-37.17162
-37.17075
-37.16988
-37.16901
-37.16814
-37.16726
-37.16639
-37.16552
-37.16465
-37.16377
-37.16290
-37.16203
-37.16115
-37.16028
-37.15940
-37.15852
-37.15765
-37.15677
-37.15589
-37.15502
-37.15414
-37.15326
-37.15238
-37.15150
-37.15062
-37.14974
-37.14886
-37.14798
-37.14710
-37.14622
-37.14533
-37.14445
-37.14357
-37.14269
-37.14180
-37.14092
-37.14003
-37.13915
-37.13826
-37.13737
-37.13649
-37.13560
-37.13471
-37.13382
-37.13294
-37.13205
-37.13116
-37.13027
-37.12938
-37.12849
-37.12759
-37.12670
-37.12581
-37.12492
-37.12402
-37.12313
-37.12224
-37.12134
-37.12045
-37.11955
-37.11866
-37.11776
-37.11686
-37.11597
-37.11507
-37.11417
-37.11327
-37.11237
-37.11148
-37.11058
-37.10967
-37.10877
-37.10787
-37.10697
-37.10607
-37.10517
-37.10426
-37.10336
-37.10246
-37.10155
-37.10065
-37.09974
-37.09884
-37.09793
-37.09702
-37.09612
-37.09521
-37.09430
-37.09339
-37.09248
-37.09157
-37.09066
-37.08975
-37.08884
-37.08793
-37.08702
-37.08611
-37.08519
-37.08428
-37.08337
-37.08245
-37.08154
-37.08062
-37.07971
-37.07879
-37.07788
-37.07696
-37.07604
-37.07512
-37.07420
-37.07329
-37.07237
-37.07145
-37.07053
-37.06961
-37.06868
-37.06776
-37.06684
-37.06592
-37.06500
-37.06407
-37.06315
-37.06222
-37.06130
-37.06037
-37.05945
-37.05852
-37.05759
-37.05667
-37.05574
-37.05481
-37.05388
-37.05295
-37.05202
-37.05109
-37.05016
-37.04923
-37.04830
-37.04737
-37.04643
-37.04550
-37.04457
-37.04363
-37.04270
-37.04176
-37.04083
-37.03989
-37.03895
-37.03802
-37.03708
-37.03614
-37.03520
-37.03426
-37.03332
-37.03238
-37.03144
-37.03050
-37.02956
-37.02862
-37.02768
-37.02673
-37.02579
-37.02485
-37.02390
-37.02296
-37.02201
-37.02106
-37.02012
-37.01917
-37.01822
-37.01728
-37.01633
-37.01538
-37.01443
-37.01348
-37.01253
-37.01158
-37.01063
-37.00967
-37.00872
-37.00777
-37.00681
-37.00586
-37.00491
-37.00395
-37.00300
-37.00204
-37.00108
-37.00013
-36.99917
-36.99821
-36.99725
-36.99629
-36.99533
-36.99437
-36.99341
-36.99245
-36.99149
-36.99053
-36.98957
-36.98860
-36.98764
-36.98667
-36.98571
-36.98474
-36.98378
-36.98281
-36.98185
-36.98088
-36.97991
-36.97894
-36.97797
-36.97700
-36.97603
-36.97506
-36.97409
-36.97312
-36.97215
-36.97118
-36.97020
-36.96923
-36.96826
-36.96728
-36.96631
-36.96533
-36.96436
-36.96338
-36.96240
-36.96142
-36.96045
-36.95947
-36.95849
-36.95751
-36.95653
-36.95555
-36.95457
-36.95358
-36.95260
-36.95162
-36.95064
-36.94965
-36.94867
-36.94768
-36.94670
-36.94571
-36.94472
-36.94374
-36.94275
-36.94176
-36.94077
-36.93978
-36.93879
-36.93780
-36.93681
-36.93582
-36.93483
-36.93383
-36.93284
-36.93185
-36.93085
-36.92986
-36.92886
-36.92787
-36.92687
-36.92587
-36.92488
-36.92388
-36.92288
-36.92188
-36.92088
-36.91988
-36.91888
-36.91788
-36.91688
-36.91588
-36.91487
-36.91387
-36.91287
-36.91186
-36.91086
-36.90985
-36.90884
-36.90784
-36.90683
-36.90582
-36.90481
-36.90380
-36.90280
-36.90179
-36.90077
-36.89976
-36.89875
-36.89774
-36.89673
-36.89571
-36.89470
-36.89368
-36.89267
-36.89165
-36.89064
-36.88962
-36.88860
-36.88759
-36.88657
-36.88555
-36.88453
-36.88351
-36.88249
-36.88147
-36.88045
-36.87942
-36.87840
-36.87738
-36.87635
-36.87533
-36.87430
-36.87328
-36.87225
-36.87122
-36.87020
-36.86917
-36.86814
-36.86711
-36.86608
-36.86505
-36.86402
-36.86299
-36.86196
-36.86092
-36.85989
-36.85886
-36.85782
-36.85679
-36.85575
-36.85472
-36.85368
-36.85264
-36.85160
-36.85057
-36.84953
-36.84849
-36.84745
-36.84641
-36.84537
-36.84432
-36.84328
-36.84224
-36.84119
-36.84015
-36.83911
-36.83806
-36.83701
-36.83597
-36.83492
-36.83387
-36.83282
-36.83178
-36.83073
-36.82968
-36.82863
-36.82757
-36.82652
-36.82547
-36.82442
-36.82336
-36.82231
-36.82125
-36.82020
-36.81914
-36.81809
-36.81703
-36.81597
-36.81491
-36.81385
-36.81280
-36.81174
-36.81067
-36.80961
-36.80855
-36.80749
-36.80643
-36.80536
-36.80430
-36.80323
-36.80217
-36.80110
-36.80003
-36.79897
-36.79790
-36.79683
-36.79576
-36.79469
-36.79362
-36.79255
-36.79148
-36.79041
-36.78933
-36.78826
-36.78719
-36.78611
-36.78504
-36.78396
-36.78288
-36.78181
-36.78073
-36.77965
-36.77857
-36.77749
-36.77641
-36.77533
-36.77425
-36.77317
-36.77209
-36.77100
-36.76992
-36.76883
-36.76775
-36.76666
-36.76558
-36.76449
-36.76340
-36.76232
-36.76123
-36.76014
-36.75905
-36.75796
-36.75687
-36.75577
-36.75468
-36.75359
-36.75249
-36.75140
-36.75030
-36.74921
-36.74811
-36.74702
-36.74592
-36.74482
-36.74372
-36.74262
-36.74152
-36.74042
-36.73932
-36.73822
-36.73711
-36.73601
-36.73491
-36.73380
-36.73270
-36.73159
-36.73049
-36.72938
-36.72827
-36.72716
-36.72605
-36.72494
-36.72383
-36.72272
-36.72161
-36.72050
-36.71939
-36.71827
-36.71716
-36.71604
-36.71493
-36.71381
-36.71270
-36.71158
-36.71046
-36.70934
-36.70822
-36.70710
-36.70598
-36.70486
-36.70374
-36.70262
-36.70149
-36.70037
-36.69925
-36.69812
-36.69700
-36.69587
-36.69474
-36.69361
-36.69249
-36.69136
-36.69023
-36.68910
-36.68797
-36.68683
-36.68570
-36.68457
-36.68344
-36.68230
-36.68117
-36.68003
-36.67889
-36.67776
-36.67662
-36.67548
-36.67434
-36.67320
-36.67206
-36.67092
-36.66978
-36.66864
-36.66749
-36.66635
-36.66521
-36.66406
-36.66292
-36.66177
-36.66062
-36.65948
-36.65833
-36.65718
-36.65603
-36.65488
-36.65373
-36.65258
-36.65142
-36.65027
-36.64912
-36.64796
-36.64681
-36.64565
-36.64449
-36.64334
-36.64218
-36.64102
-36.63986
-36.63870
-36.63754
-36.63638
-36.63522
-36.63406
-36.63289
-36.63173
-36.63056
-36.62940
-36.62823
-36.62707
-36.62590
-36.62473
-36.62356
-36.62239
-36.62122
-36.62005
-36.61888
-36.61771
-36.61654
-36.61536
-36.61419
-36.61301
-36.61184
-36.61066
-36.60948
-36.60831
-36.60713
-36.60595
-36.60477
-36.60359
-36.60241
-36.60123
-36.60004
-36.59886
-36.59768
-36.59649
-36.59531
-36.59412
-36.59293
-36.59175
-36.59056
-36.58937
-36.58818
-36.58699
-36.58580
-36.58461
-36.58341
-36.58222
-36.58103
-36.57983
-36.57864
-36.57744
-36.57624
-36.57505
-36.57385
-36.57265
-36.57145
-36.57025
-36.56905
-36.56785
-36.56664
-36.56544
-36.56424
-36.56303
-36.56183
-36.56062
-36.55941
-36.55821
-36.55700
-36.55579
-36.55458
-36.55337
-36.55216
-36.55095
-36.54973
-36.54852
-36.54731
-36.54609
-36.54488
-36.54366
-36.54244
-36.54123
-36.54001
-36.53879
-36.53757
-36.53635
-36.53513
-36.53390
-36.53268
-36.53146
-36.53023
-36.52901
-36.52778
-36.52656
-36.52533
-36.52410
-36.52287
-36.52164
-36.52041
-36.51918
-36.51795
-36.51672
-36.51549
-36.51425
-36.51302
-36.51178
-36.51055
-36.50931
-36.50807
-36.50683
-36.50560
-36.50436
-36.50312
-36.50187
-36.50063
-36.49939
-36.49815
-36.49690
-36.49566
-36.49441
-36.49316
-36.49192
-36.49067
-36.48942
-36.48817
-36.48692
-36.48567
-36.48442
-36.48317
-36.48191
-36.48066
-36.47940
-36.47815
-36.47689
-36.47563
-36.47438
-36.47312
-36.47186
-36.47060
-36.46934
-36.46808
-36.46681
-36.46555
-36.46429
-36.46302
-36.46176
-36.46049
-36.45922
-36.45795
-36.45669
-36.45542
-36.45415
-36.45288
-36.45160
-36.45033
-36.44906
-36.44778
-36.44651
-36.44523
-36.44396
-36.44268
-36.44140
-36.44012
-36.43884
-36.43756
-36.43628
-36.43500
-36.43372
-36.43244
-36.43115
-36.42987
-36.42858
-36.42729
-36.42601
-36.42472
-36.42343
-36.42214
-36.42085
-36.41956
-36.41827
-36.41697
-36.41568
-36.41439
-36.41309
-36.41180
-36.41050
-36.40920
-36.40790
-36.40660
-36.40530
-36.40400
-36.40270
-36.40140
-36.40010
-36.39879
-36.39749
-36.39618
-36.39488
-36.39357
-36.39226
-36.39095
-36.38964
-36.38833
-36.38702
-36.38571
-36.38440
-36.38308
-36.38177
-36.38045
-36.37914
-36.37782
-36.37650
-36.37519
-36.37387
-36.37255
-36.37123
-36.36990
-36.36858
-36.36726
-36.36593
-36.36461
-36.36328
-36.36196
-36.36063
-36.35930
-36.35797
-36.35664
-36.35531
-36.35398
-36.35265
-36.35132
-36.34998
-36.34865
-36.34731
-36.34598
-36.34464
-36.34330
-36.34196
-36.34062
-36.33928
-36.33794
-36.33660
-36.33526
-36.33391
-36.33257
-36.33122
-36.32988
-36.32853
-36.32718
-36.32583
-36.32448
-36.32313
-36.32178
-36.32043
-36.31908
-36.31772
-36.31637
-36.31501
-36.31366
-36.31230
-36.31094
-36.30958
-36.30822
-36.30686
-36.30550
-36.30414
-36.30277
-36.30141
-36.30005
-36.29868
-36.29731
-36.29595
-36.29458
-36.29321
-36.29184
-36.29047
-36.28910
-36.28772
-36.28635
-36.28498
-36.28360
-36.28223
-36.28085
-36.27947
-36.27809
-36.27671
-36.27533
-36.27395
-36.27257
-36.27119
-36.26981
-36.26842
-36.26704
-36.26565
-36.26426
-36.26287
-36.26149
-36.26010
-36.25871
-36.25731
-36.25592
-36.25453
-36.25314
-36.25174
-36.25035
-36.24895
-36.24755
-36.24615
-36.24475
-36.24335
-36.24195
-36.24055
-36.23915
-36.23774
-36.23634
-36.23494
-36.23353
-36.23212
-36.23071
-36.22931
-36.22790
-36.22648
-36.22507
-36.22366
-36.22225
-36.22083
-36.21942
-36.21800
-36.21659
-36.21517
-36.21375
-36.21233
-36.21091
-36.20949
-36.20807
-36.20664
-36.20522
-36.20380
-36.20237
-36.20094
-36.19952
-36.19809
-36.19666
-36.19523
-36.19380
-36.19236
-36.19093
-36.18950
-36.18806
-36.18663
-36.18519
-36.18375
-36.18232
-36.18088
-36.17944
-36.17799
-36.17655
-36.17511
-36.17367
-36.17222
-36.17078
-36.16933
-36.16788
-36.16643
-36.16499
-36.16354
-36.16208
-36.16063
-36.15918
-36.15773
-36.15627
-36.15482
-36.15336
-36.15190
-36.15044
-36.14898
-36.14752
-36.14606
-36.14460
-36.14314
-36.14167
-36.14021
-36.13874
-36.13728
-36.13581
-36.13434
-36.13287
-36.13140
-36.12993
-36.12846
-36.12698
-36.12551
-36.12403
-36.12256
-36.12108
-36.11960
-36.11813
-36.11665
-36.11516
-36.11368
-36.11220
-36.11072
-36.10923
-36.10775
-36.10626
-36.10477
-36.10329
-36.10180
-36.10031
-36.09882
-36.09732
-36.09583
-36.09434
-36.09284
-36.09135
-36.08985
-36.08835
-36.08685
-36.08535
-36.08385
-36.08235
-36.08085
-36.07935
-36.07784
-36.07634
-36.07483
-36.07332
-36.07182
-36.07031
-36.06880
-36.06729
-36.06577
-36.06426
-36.06275
-36.06123
-36.05972
-36.05820
-36.05668
-36.05516
-36.05364
-36.05212
-36.05060
-36.04908
-36.04756
-36.04603
-36.04451
-36.04298
-36.04145
-36.03992
-36.03839
-36.03686
-36.03533
-36.03380
-36.03227
-36.03073
-36.02920
-36.02766
-36.02612
-36.02459
-36.02305
-36.02151
-36.01997
-36.01842
-36.01688
-36.01534
-36.01379
-36.01224
-36.01070
-36.00915
-36.00760
-36.00605
-36.00450
-36.00295
-36.00139
-35.99984
-35.99829
-35.99673
-35.99517
-35.99362
-35.99206
-35.99050
-35.98894
-35.98737
-35.98581
-35.98425
-35.98268
-35.98112
-35.97955
-35.97798
-35.97641
-35.97484
-35.97327
-35.97170
-35.97013
-35.96855
-35.96698
-35.96540
-35.96382
-35.96225
-35.96067
-35.95909
-35.95751
-35.95592
-35.95434
-35.95276
-35.95117
-35.94959
-35.94800
-35.94641
-35.94482
-35.94323
-35.94164
-35.94005
-35.93845
-35.93686
-35.93526
-35.93367
-35.93207
-35.93047
-35.92887
-35.92727
-35.92567
-35.92407
-35.92246
-35.92086
-35.91925
-35.91765
-35.91604
-35.91443
-35.91282
-35.91121
-35.90960
-35.90799
-35.90637
-35.90476
-35.90314
-35.90153
-35.89991
-35.89829
-35.89667
-35.89505
-35.89342
-35.89180
-35.89018
-35.88855
-35.88693
-35.88530
-35.88367
-35.88204
-35.88041
-35.87878
-35.87714
-35.87551
-35.87388
-35.87224
-35.87060
-35.86897
-35.86733
-35.86569
-35.86405
-35.86240
-35.86076
-35.85912
-35.85747
-35.85582
-35.85418
-35.85253
-35.85088
-35.84923
-35.84758
-35.84592
-35.84427
-35.84261
-35.84096
-35.83930
-35.83764
-35.83598
-35.83432
-35.83266
-35.83100
-35.82934
-35.82767
-35.82601
-35.82434
-35.82267
-35.82100
-35.81933
-35.81766
-35.81599
-35.81431
-35.81264
-35.81097
-35.80929
-35.80761
-35.80593
-35.80425
-35.80257
-35.80089
-35.79921
-35.79752
-35.79584
-35.79415
-35.79246
-35.79078
-35.78909
-35.78739
-35.78570
-35.78401
-35.78232
-35.78062
-35.77892
-35.77723
-35.77553
-35.77383
-35.77213
-35.77043
-35.76872
-35.76702
-35.76532
-35.76361
-35.76190
-35.76019
-35.75848
-35.75677
-35.75506
-35.75335
-35.75164
-35.74992
-35.74820
-35.74649
-35.74477
-35.74305
-35.74133
-35.73961
-35.73788
-35.73616
-35.73444
-35.73271
-35.73098
-35.72925
-35.72752
-35.72579
-35.72406
-35.72233
-35.72060
-35.71886
-35.71712
-35.71539
-35.71365
-35.71191
-35.71017
-35.70842
-35.70668
-35.70494
-35.70319
-35.70145
-35.69970
-35.69795
-35.69620
-35.69445
-35.69270
-35.69094
-35.68919
-35.68743
-35.68568
-35.68392
-35.68216
-35.68040
-35.67864
-35.67687
-35.67511
-35.67335
-35.67158
-35.66981
-35.66805
-35.66628
-35.66451
-35.66273
-35.66096
-35.65919
-35.65741
-35.65563
-35.65386
-35.65208
-35.65030
-35.64852
-35.64674
-35.64495
-35.64317
-35.64138
-35.63960
-35.63781
-35.63602
-35.63423
-35.63244
-35.63064
-35.62885
-35.62706
-35.62526
-35.62346
-35.62166
-35.61986
-35.61806
-35.61626
-35.61446
-35.61265
-35.61085
-35.60904
-35.60723
-35.60542
-35.60361
-35.60180
-35.59999
-35.59818
-35.59636
-35.59454
-35.59273
-35.59091
-35.58909
-35.58727
-35.58544
-35.58362
-35.58180
-35.57997
-35.57814
-35.57632
-35.57449
-35.57266
-35.57082
-35.56899
-35.56716
-35.56532
-35.56348
-35.56165
-35.55981
-35.55797
-35.55613
-35.55428
-35.55244
-35.55060
-35.54875
-35.54690
-35.54505
-35.54320
-35.54135
-35.53950
-35.53765
-35.53579
-35.53394
-35.53208
-35.53022
-35.52836
-35.52650
-35.52464
-35.52277
-35.52091
-35.51904
-35.51718
-35.51531
-35.51344
-35.51157
-35.50970
-35.50782
-35.50595
-35.50407
-35.50220
-35.50032
-35.49844
-35.49656
-35.49468
-35.49280
-35.49091
-35.48903
-35.48714
-35.48525
-35.48336
-35.48147
-35.47958
-35.47769
-35.47579
-35.47390
-35.47200
-35.47010
-35.46820
-35.46630
-35.46440
-35.46250
-35.46060
-35.45869
-35.45678
-35.45488
-35.45297
-35.45106
-35.44914
-35.44723
-35.44532
-35.44340
-35.44149
-35.43957
-35.43765
-35.43573
-35.43381
-35.43188
-35.42996
-35.42803
-35.42611
-35.42418
-35.42225
-35.42032
-35.41839
-35.41645
-35.41452
-35.41258
-35.41065
-35.40871
-35.40677
-35.40483
-35.40289
-35.40094
-35.39900
-35.39705
-35.39511
-35.39316
-35.39121
-35.38926
-35.38730
-35.38535
-35.38340
-35.38144
-35.37948
-35.37752
-35.37556
-35.37360
-35.37164
-35.36968
-35.36771
-35.36574
-35.36378
-35.36181
-35.35984
-35.35787
-35.35589
-35.35392
-35.35194
-35.34997
-35.34799
-35.34601
-35.34403
-35.34204
-35.34006
-35.33808
-35.33609
-35.33410
-35.33211
-35.33012
-35.32813
-35.32614
-35.32415
-35.32215
-35.32015
-35.31816
-35.31616
-35.31416
-35.31216
-35.31015
-35.30815
-35.30614
-35.30413
-35.30213
-35.30012
-35.29811
-35.29609
-35.29408
-35.29206
-35.29005
-35.28803
-35.28601
-35.28399
-35.28197
-35.27995
-35.27792
-35.27589
-35.27387
-35.27184
-35.26981
-35.26778
-35.26575
-35.26371
-35.26168
-35.25964
-35.25760
-35.25556
-35.25352
-35.25148
-35.24944
-35.24739
-35.24535
-35.24330
-35.24125
-35.23920
-35.23715
-35.23510
-35.23304
-35.23099
-35.22893
-35.22687
-35.22481
-35.22275
-35.22069
-35.21862
-35.21656
-35.21449
-35.21243
-35.21036
-35.20829
-35.20621
-35.20414
-35.20207
-35.19999
-35.19791
-35.19583
-35.19375
-35.19167
-35.18959
-35.18750
-35.18542
-35.18333
-35.18124
-35.17915
-35.17706
-35.17497
-35.17288
-35.17078
-35.16868
-35.16659
-35.16449
-35.16239
-35.16028
-35.15818
-35.15608
-35.15397
-35.15186
-35.14975
-35.14764
-35.14553
-35.14342
-35.14130
-35.13918
-35.13707
-35.13495
-35.13283
-35.13070
-35.12858
-35.12646
-35.12433
-35.12220
-35.12007
-35.11794
-35.11581
-35.11368
-35.11154
-35.10941
-35.10727
-35.10513
-35.10299
-35.10085
-35.09871
-35.09656
-35.09442
-35.09227
-35.09012
-35.08797
-35.08582
-35.08367
-35.08151
-35.07935
-35.07720
-35.07504
-35.07288
-35.07072
-35.06855
-35.06639
-35.06422
-35.06206
-35.05989
-35.05772
-35.05554
-35.05337
-35.05120
-35.04902
-35.04684
-35.04466
-35.04248
-35.04030
-35.03812
-35.03593
-35.03375
-35.03156
-35.02937
-35.02718
-35.02499
-35.02279
-35.02060
-35.01840
-35.01621
-35.01401
-35.01180
-35.00960
-35.00740
-35.00519
-35.00299
-35.00078
-34.99857
-34.99636
-34.99415
-34.99193
-34.98972
-34.98750
-34.98528
-34.98306
-34.98084
-34.97862
-34.97639
-34.97417
-34.97194
-34.96971
-34.96748
-34.96525
-34.96302
-34.96078
-34.95854
-34.95631
-34.95407
-34.95183
-34.94958
-34.94734
-34.94510
-34.94285
-34.94060
-34.93835
-34.93610
-34.93385
-34.93159
-34.92934
-34.92708
-34.92482
-34.92256
-34.92030
-34.91804
-34.91577
-34.91351
-34.91124
-34.90897
-34.90670
-34.90443
-34.90215
-34.89988
-34.89760
-34.89532
-34.89304
-34.89076
-34.88848
-34.88620
-34.88391
-34.88162
-34.87933
-34.87704
-34.87475
-34.87246
-34.87016
-34.86787
-34.86557
-34.86327
-34.86097
-34.85867
-34.85636
-34.85406
-34.85175
-34.84944
-34.84713
-34.84482
-34.84250
-34.84019
-34.83787
-34.83555
-34.83323
-34.83091
-34.82859
-34.82627
-34.82394
-34.82161
-34.81929
-34.81695
-34.81462
-34.81229
-34.80995
-34.80762
-34.80528
-34.80294
-34.80060
-34.79826
-34.79591
-34.79357
-34.79122
-34.78887
-34.78652
-34.78417
-34.78181
-34.77946
-34.77710
-34.77474
-34.77238
-34.77002
-34.76766
-34.76529
-34.76293
-34.76056
-34.75819
-34.75582
-34.75344
-34.75107
-34.74869
-34.74632
-34.74394
-34.74156
-34.73918
-34.73679
-34.73441
-34.73202
-34.72963
-34.72724
-34.72485
-34.72246
-34.72006
-34.71766
-34.71527
-34.71287
-34.71046
-34.70806
-34.70566
-34.70325
-34.70084
-34.69843
-34.69602
-34.69361
-34.69120
-34.68878
-34.68636
-34.68394
-34.68152
-34.67910
-34.67668
-34.67425
-34.67183
-34.66940
-34.66697
-34.66453
-34.66210
-34.65967
-34.65723
-34.65479
-34.65235
-34.64991
-34.64747
-34.64502
-34.64257
-34.64013
-34.63768
-34.63522
-34.63277
-34.63032
-34.62786
-34.62540
-34.62294
-34.62048
-34.61802
-34.61555
-34.61309
-34.61062
-34.60815
-34.60568
-34.60321
-34.60073
-34.59826
-34.59578
-34.59330
-34.59082
-34.58833
-34.58585
-34.58336
-34.58088
-34.57839
-34.57590
-34.57340
-34.57091
-34.56841
-34.56592
-34.56342
-34.56091
-34.55841
-34.55591
-34.55340
-34.55089
-34.54838
-34.54587
-34.54336
-34.54085
-34.53833
-34.53581
-34.53329
-34.53077
-34.52825
-34.52572
-34.52320
-34.52067
-34.51814
-34.51561
-34.51308
-34.51054
-34.50801
-34.50547
-34.50293
-34.50039
-34.49784
-34.49530
-34.49275
-34.49020
-34.48766
-34.48510
-34.48255
-34.48000
-34.47744
-34.47488
-34.47232
-34.46976
-34.46719
-34.46463
-34.46206
-34.45949
-34.45692
-34.45435
-34.45178
-34.44920
-34.44662
-34.44405
-34.44147
-34.43888
-34.43630
-34.43371
-34.43113
-34.42854
-34.42594
-34.42335
-34.42076
-34.41816
-34.41556
-34.41296
-34.41036
-34.40776
-34.40515
-34.40255
-34.39994
-34.39733
-34.39472
-34.39210
-34.38949
-34.38687
-34.38425
-34.38163
-34.37901
-34.37638
-34.37376
-34.37113
-34.36850
-34.36587
-34.36324
-34.36060
-34.35797
-34.35533
-34.35269
-34.35005
-34.34740
-34.34476
-34.34211
-34.33946
-34.33681
-34.33416
-34.33151
-34.32885
-34.32619
-34.32353
-34.32087
-34.31821
-34.31554
-34.31288
-34.31021
-34.30754
-34.30487
-34.30219
-34.29952
-34.29684
-34.29416
-34.29148
-34.28880
-34.28611
-34.28343
-34.28074
-34.27805
-34.27536
-34.27267
-34.26997
-34.26727
-34.26458
-34.26187
-34.25917
-34.25647
-34.25376
-34.25105
-34.24835
-34.24563
-34.24292
-34.24021
-34.23749
-34.23477
-34.23205
-34.22933
-34.22660
-34.22388
-34.22115
-34.21842
-34.21569
-34.21296
-34.21022
-34.20748
-34.20475
-34.20201
-34.19926
-34.19652
-34.19377
-34.19102
-34.18828
-34.18552
-34.18277
-34.18002
-34.17726
-34.17450
-34.17174
-34.16898
-34.16621
-34.16345
-34.16068
-34.15791
-34.15514
-34.15236
-34.14959
-34.14681
-34.14403
-34.14125
-34.13847
-34.13568
-34.13290
-34.13011
-34.12732
-34.12452
-34.12173
-34.11894
-34.11614
-34.11334
-34.11054
-34.10773
-34.10493
-34.10212
-34.09931
-34.09650
-34.09369
-34.09087
-34.08806
-34.08524
-34.08242
-34.07960
-34.07677
-34.07395
-34.07112
-34.06829
-34.06546
-34.06262
-34.05979
-34.05695
-34.05411
-34.05127
-34.04843
-34.04558
-34.04274
-34.03989
-34.03704
-34.03419
-34.03133
-34.02847
-34.02562
-34.02276
-34.01990
-34.01703
-34.01417
-34.01130
-34.00843
-34.00556
-34.00268
-33.99981
-33.99693
-33.99405
-33.99117
-33.98829
-33.98540
-33.98252
-33.97963
-33.97674
-33.97384
-33.97095
-33.96805
-33.96515
-33.96225
-33.95935
-33.95645
-33.95354
-33.95063
-33.94772
-33.94481
-33.94190
-33.93898
-33.93606
-33.93314
-33.93022
-33.92730
-33.92437
-33.92144
-33.91851
-33.91558
-33.91265
-33.90972
-33.90678
-33.90384
-33.90090
-33.89795
-33.89501
-33.89206
-33.88911
-33.88616
-33.88321
-33.88025
-33.87730
-33.87434
-33.87138
-33.86841
-33.86545
-33.86248
-33.85951
-33.85654
-33.85357
-33.85059
-33.84762
-33.84464
-33.84166
-33.83868
-33.83569
-33.83270
-33.82972
-33.82672
-33.82373
-33.82074
-33.81774
-33.81474
-33.81174
-33.80874
-33.80573
-33.80273
-33.79972
-33.79671
-33.79370
-33.79068
-33.78766
-33.78465
-33.78162
-33.77860
-33.77558
-33.77255
-33.76952
-33.76649
-33.76346
-33.76042
-33.75739
-33.75435
-33.75131
-33.74826
-33.74522
-33.74217
-33.73912
-33.73607
-33.73302
-33.72996
-33.72691
-33.72385
-33.72079
-33.71772
-33.71466
-33.71159
-33.70852
-33.70545
-33.70238
-33.69930
-33.69622
-33.69314
-33.69006
-33.68698
-33.68389
-33.68080
-33.67771
-33.67462
-33.67153
-33.66843
-33.66533
-33.66223
-33.65913
-33.65603
-33.65292
-33.64981
-33.64670
-33.64359
-33.64047
-33.63736
-33.63424
-33.63112
-33.62799
-33.62487
-33.62174
-33.61861
-33.61548
-33.61235
-33.60921
-33.60608
-33.60294
-33.59979
-33.59665
-33.59350
-33.59036
-33.58721
-33.58405
-33.58090
-33.57774
-33.57458
-33.57142
-33.56826
-33.56510
-33.56193
-33.55876
-33.55559
-33.55242
-33.54924
-33.54606
-33.54288
-33.53970
-33.53652
-33.53333
-33.53014
-33.52695
-33.52376
-33.52057
-33.51737
-33.51417
-33.51097
-33.50777
-33.50456
-33.50136
-33.49815
-33.49494
-33.49172
-33.48851
-33.48529
-33.48207
-33.47885
-33.47562
-33.47240
-33.46917
-33.46594
-33.46270
-33.45947
-33.45623
-33.45299
-33.44975
-33.44651
-33.44326
-33.44001
-33.43676
-33.43351
-33.43026
-33.42700
-33.42374
-33.42048
-33.41722
-33.41395
-33.41068
-33.40742
-33.40414
-33.40087
-33.39759
-33.39432
-33.39103
-33.38775
-33.38447
-33.38118
-33.37789
-33.37460
-33.37131
-33.36801
-33.36471
-33.36141
-33.35811
-33.35481
-33.35150
-33.34819
-33.34488
-33.34157
-33.33825
-33.33493
-33.33161
-33.32829
-33.32497
-33.32164
-33.31831
-33.31498
-33.31165
-33.30831
-33.30497
-33.30163
-33.29829
-33.29495
-33.29160
-33.28825
-33.28490
-33.28155
-33.27819
-33.27484
-33.27148
-33.26811
-33.26475
-33.26138
-33.25802
-33.25464
-33.25127
-33.24790
-33.24452
-33.24114
-33.23776
-33.23437
-33.23099
-33.22760
-33.22421
-33.22081
-33.21742
-33.21402
-33.21062
-33.20722
-33.20381
-33.20040
-33.19700
-33.19358
-33.19017
-33.18675
-33.18334
-33.17992
-33.17649
-33.17307
-33.16964
-33.16621
-33.16278
-33.15935
-33.15591
-33.15247
-33.14903
-33.14559
-33.14214
-33.13869
-33.13524
-33.13179
-33.12834
-33.12488
-33.12142
-33.11796
-33.11450
-33.11103
-33.10756
-33.10409
-33.10062
-33.09714
-33.09367
-33.09018
-33.08670
-33.08322
-33.07973
-33.07624
-33.07275
-33.06926
-33.06576
-33.06226
-33.05876
-33.05526
-33.05176
-33.04825
-33.04474
-33.04123
-33.03771
-33.03419
-33.03067
-33.02715
-33.02363
-33.02010
-33.01657
-33.01304
-33.00951
-33.00598
-33.00244
-32.99890
-32.99535
-32.99181
-32.98826
-32.98471
-32.98116
-32.97761
-32.97405
-32.97049
-32.96693
-32.96337
-32.95980
-32.95623
-32.95266
-32.94909
-32.94551
-32.94193
-32.93835
-32.93477
-32.93119
-32.92760
-32.92401
-32.92042
-32.91682
-32.91323
-32.90963
-32.90603
-32.90242
-32.89882
-32.89521
-32.89160
-32.88798
-32.88437
-32.88075
-32.87713
-32.87351
-32.86988
-32.86625
-32.86262
-32.85899
-32.85535
-32.85172
-32.84808
-32.84444
-32.84079
-32.83714
-32.83349
-32.82984
-32.82619
-32.82253
-32.81887
-32.81521
-32.81155
-32.80788
-32.80421
-32.80054
-32.79687
-32.79319
-32.78951
-32.78583
-32.78215
-32.77846
-32.77478
-32.77109
-32.76739
-32.76370
-32.76000
-32.75630
-32.75260
-32.74889
-32.74518
-32.74147
-32.73776
-32.73405
-32.73033
-32.72661
-32.72289
-32.71916
-32.71544
-32.71171
-32.70797
-32.70424
-32.70050
-32.69676
-32.69302
-32.68928
-32.68553
-32.68178
-32.67803
-32.67427
-32.67052
-32.66676
-32.66300
-32.65923
-32.65547
-32.65170
-32.64793
-32.64415
-32.64038
-32.63660
-32.63281
-32.62903
-32.62524
-32.62145
-32.61766
-32.61387
-32.61007
-32.60627
-32.60247
-32.59867
-32.59486
-32.59105
-32.58724
-32.58343
-32.57961
-32.57579
-32.57197
-32.56815
-32.56432
-32.56049
-32.55666
-32.55283
-32.54899
-32.54515
-32.54131
-32.53746
-32.53362
-32.52977
-32.52592
-32.52206
-32.51821
-32.51435
-32.51048
-32.50662
-32.50275
-32.49888
-32.49501
-32.49114
-32.48726
-32.48338
-32.47950
-32.47561
-32.47173
-32.46784
-32.46394
-32.46005
-32.45615
-32.45225
-32.44835
-32.44444
-32.44054
-32.43663
-32.43271
-32.42880
-32.42488
-32.42096
-32.41704
-32.41311
-32.40918
-32.40525
-32.40132
-32.39738
-32.39344
-32.38950
-32.38556
-32.38161
-32.37766
-32.37371
-32.36976
-32.36580
-32.36184
-32.35788
-32.35392
-32.34995
-32.34598
-32.34201
-32.33803
-32.33405
-32.33007
-32.32609
-32.32211
-32.31812
-32.31413
-32.31013
-32.30614
-32.30214
-32.29814
-32.29414
-32.29013
-32.28612
-32.28211
-32.27810
-32.27408
-32.27006
-32.26604
-32.26201
-32.25799
-32.25396
-32.24992
-32.24589
-32.24185
-32.23781
-32.23377
-32.22972
-32.22567
-32.22162
-32.21757
-32.21351
-32.20945
-32.20539
-32.20133
-32.19726
-32.19319
-32.18912
-32.18504
-32.18097
-32.17689
-32.17280
-32.16872
-32.16463
-32.16054
-32.15645
-32.15235
-32.14825
-32.14415
-32.14005
-32.13594
-32.13183
-32.12772
-32.12360
-32.11948
-32.11536
-32.11124
-32.10712
-32.10299
-32.09886
-32.09472
-32.09059
-32.08645
-32.08230
-32.07816
-32.07401
-32.06986
-32.06571
-32.06156
-32.05740
-32.05324
-32.04907
-32.04491
-32.04074
-32.03657
-32.03239
-32.02821
-32.02404
-32.01985
-32.01567
-32.01148
-32.00729
-32.00310
-31.99890
-31.99470
-31.99050
-31.98629
-31.98209
-31.97788
-31.97366
-31.96945
-31.96523
-31.96101
-31.95679
-31.95256
-31.94833
-31.94410
-31.93987
-31.93563
-31.93139
-31.92715
-31.92290
-31.91865
-31.91440
-31.91015
-31.90589
-31.90163
-31.89737
-31.89310
-31.88884
-31.88457
-31.88029
-31.87602
-31.87174
-31.86746
-31.86317
-31.85889
-31.85460
-31.85030
-31.84601
-31.84171
-31.83741
-31.83311
-31.82880
-31.82449
-31.82018
-31.81586
-31.81154
-31.80722
-31.80290
-31.79857
-31.79425
-31.78991
-31.78558
-31.78124
-31.77690
-31.77256
-31.76821
-31.76386
-31.75951
-31.75516
-31.75080
-31.74644
-31.74208
-31.73771
-31.73334
-31.72897
-31.72460
-31.72022
-31.71584
-31.71146
-31.70708
-31.70269
-31.69830
-31.69390
-31.68951
-31.68511
-31.68070
-31.67630
-31.67189
-31.66748
-31.66307
-31.65865
-31.65423
-31.64981
-31.64538
-31.64095
-31.63652
-31.63209
-31.62765
-31.62321
-31.61877
-31.61432
-31.60988
-31.60543
-31.60097
-31.59651
-31.59205
-31.58759
-31.58313
-31.57866
-31.57419
-31.56971
-31.56524
-31.56076
-31.55627
-31.55179
-31.54730
-31.54281
-31.53831
-31.53382
-31.52932
-31.52481
-31.52031
-31.51580
-31.51129
-31.50677
-31.50226
-31.49773
-31.49321
-31.48868
-31.48416
-31.47962
-31.47509
-31.47055
-31.46601
-31.46147
-31.45692
-31.45237
-31.44782
-31.44326
-31.43870
-31.43414
-31.42958
-31.42501
-31.42044
-31.41587
-31.41129
-31.40671
-31.40213
-31.39754
-31.39296
-31.38837
-31.38377
-31.37918
-31.37458
-31.36997
-31.36537
-31.36076
-31.35615
-31.35153
-31.34692
-31.34230
-31.33767
-31.33305
-31.32842
-31.32378
-31.31915
-31.31451
-31.30987
-31.30523
-31.30058
-31.29593
-31.29128
-31.28662
-31.28196
-31.27730
-31.27263
-31.26797
-31.26330
-31.25862
-31.25394
-31.24926
-31.24458
-31.23989
-31.23521
-31.23051
-31.22582
-31.22112
-31.21642
-31.21172
-31.20701
-31.20230
-31.19759
-31.19287
-31.18815
-31.18343
-31.17870
-31.17398
-31.16924
-31.16451
-31.15977
-31.15503
-31.15029
-31.14554
-31.14079
-31.13604
-31.13129
-31.12653
-31.12177
-31.11700
-31.11223
-31.10746
-31.10269
-31.09791
-31.09313
-31.08835
-31.08356
-31.07878
-31.07398
-31.06919
-31.06439
-31.05959
-31.05479
-31.04998
-31.04517
-31.04035
-31.03554
-31.03072
-31.02590
-31.02107
-31.01624
-31.01141
-31.00658
-31.00174
-30.99690
-30.99206
-30.98722
-30.98237
-30.97753
-30.97269
-30.96784
-30.96299
-30.95815
-30.95330
-30.94845
-30.94360
-30.93875
-30.93390
-30.92905
-30.92420
-30.91935
-30.91450
-30.90964
-30.90479
-30.89993
-30.89508
-30.89022
-30.88537
-30.88051
-30.87566
-30.87080
-30.86594
-30.86108
-30.85622
-30.85136
-30.84650
-30.84164
-30.83678
-30.83192
-30.82706
-30.82220
-30.81733
-30.81247
-30.80760
-30.80274
-30.79787
-30.79301
-30.78814
-30.78327
-30.77840
-30.77354
-30.76867
-30.76380
-30.75893
-30.75406
-30.74919
-30.74431
-30.73944
-30.73457
-30.72970
-30.72482
-30.71995
-30.71507
-30.71020
-30.70532
-30.70045
-30.69557
-30.69069
-30.68581
-30.68093
-30.67605
-30.67117
-30.66629
-30.66141
-30.65653
-30.65165
-30.64677
-30.64188
-30.63700
-30.63212
-30.62723
-30.62235
-30.61746
-30.61257
-30.60769
-30.60280
-30.59791
-30.59302
-30.58813
-30.58324
-30.57835
-30.57346
-30.56857
-30.56368
-30.55879
-30.55389
-30.54900
-30.54411
-30.53921
-30.53432
-30.52942
-30.52452
-30.51963
-30.51473
-30.50983
-30.50493
-30.50003
-30.49513
-30.49023
-30.48533
-30.48043
-30.47553
-30.47063
-30.46572
-30.46082
-30.45592
-30.45101
-30.44611
-30.44120
-30.43630
-30.43139
-30.42648
-30.42157
-30.41667
-30.41176
-30.40685
-30.40194
-30.39703
-30.39212
-30.38720
-30.38229
-30.37738
-30.37246
-30.36755
-30.36264
-30.35772
-30.35281
-30.34789
-30.34297
-30.33806
-30.33314
-30.32822
-30.32330
-30.31838
-30.31346
-30.30854
-30.30362
-30.29870
-30.29378
-30.28885
-30.28393
-30.27901
-30.27408
-30.26916
-30.26423
-30.25931
-30.25438
-30.24945
-30.24453
-30.23960
-30.23467
-30.22974
-30.22481
-30.21988
-30.21495
-30.21002
-30.20508
-30.20015
-30.19522
-30.19029
-30.18535
-30.18042
-30.17548
-30.17055
-30.16561
-30.16067
-30.15573
-30.15080
-30.14586
-30.14092
-30.13598
-30.13104
-30.12610
-30.12116
-30.11621
-30.11127
-30.10633
-30.10139
-30.09644
-30.09150
-30.08655
-30.08161
-30.07666
-30.07171
-30.06677
-30.06182
-30.05687
-30.05192
-30.04697
-30.04202
-30.03707
-30.03212
-30.02717
-30.02221
-30.01726
-30.01231
-30.00735
-30.00240
-29.99744
-29.99249
-29.98753
-29.98258
-29.97762
-29.97266
-29.96770
-29.96274
-29.95778
-29.95282
-29.94786
-29.94290
-29.93794
-29.93298
-29.92802
-29.92305
-29.91809
-29.91312
-29.90816
-29.90319
-29.89823
-29.89326
-29.88829
-29.88333
-29.87836
-29.87339
-29.86842
-29.86345
-29.85848
-29.85351
-29.84854
-29.84356
-29.83859
-29.83362
-29.82864
-29.82367
-29.81869
-29.81372
-29.80874
-29.80377
-29.79879
-29.79381
-29.78883
-29.78385
-29.77888
-29.77390
-29.76892
-29.76393
-29.75895
-29.75397
-29.74899
-29.74401
-29.73902
-29.73404
-29.72905
-29.72407
-29.71908
-29.71409
-29.70911
-29.70412
-29.69913
-29.69414
-29.68915
-29.68416
-29.67917
-29.67418
-29.66919
-29.66420
-29.65921
-29.65421
-29.64922
-29.64423
-29.63923
-29.63424
-29.62924
-29.62424
-29.61925
-29.61425
-29.60925
-29.60425
-29.59925
-29.59425
-29.58925
-29.58425
-29.57925
-29.57425
-29.56925
-29.56425
-29.55924
-29.55424
-29.54923
-29.54423
-29.53922
-29.53422
-29.52921
-29.52420
-29.51919
-29.51419
-29.50918
-29.50417
-29.49916
-29.49415
-29.48913
-29.48412
-29.47911
-29.47410
-29.46908
-29.46407
-29.45906
-29.45404
-29.44903
-29.44401
-29.43899
-29.43398
-29.42896
-29.42394
-29.41892
-29.41390
-29.40888
-29.40386
-29.39884
-29.39382
-29.38879
-29.38377
-29.37875
-29.37372
-29.36870
-29.36368
-29.35865
-29.35362
-29.34860
-29.34357
-29.33854
-29.33351
-29.32849
-29.32346
-29.31843
-29.31340
-29.30836
-29.30333
-29.29830
-29.29327
-29.28823
-29.28320
-29.27817
-29.27313
-29.26810
-29.26306
-29.25802
-29.25299
-29.24795
-29.24291
-29.23787
-29.23283
-29.22779
-29.22275
-29.21771
-29.21267
-29.20763
-29.20258
-29.19754
-29.19250
-29.18745
-29.18241
-29.17736
-29.17232
-29.16727
-29.16222
-29.15718
-29.15213
-29.14708
-29.14203
-29.13698
-29.13193
-29.12688
-29.12183
-29.11678
-29.11172
-29.10667
-29.10162
-29.09656
-29.09151
-29.08645
-29.08140
-29.07634
-29.07128
-29.06623
-29.06117
-29.05611
-29.05105
-29.04599
-29.04093
-29.03587
-29.03081
-29.02575
-29.02068
-29.01562
-29.01056
-29.00549
-29.00043
-28.99536
-28.99030
-28.98523
-28.98016
-28.97510
-28.97003
-28.96496
-28.95989
-28.95482
-28.94975
-28.94468
-28.93961
-28.93454
-28.92947
-28.92439
-28.91932
-28.91424
-28.90917
-28.90409
-28.89902
-28.89394
-28.88887
-28.88379
-28.87871
-28.87363
-28.86855
-28.86347
-28.85839
-28.85331
-28.84823
-28.84315
-28.83807
-28.83299
-28.82790
-28.82282
-28.81773
-28.81265
-28.80756
-28.80248
-28.79739
-28.79230
-28.78721
-28.78213
-28.77704
-28.77195
-28.76686
-28.76177
-28.75668
-28.75158
-28.74649
-28.74140
-28.73631
-28.73121
-28.72612
-28.72102
-28.71593
-28.71083
-28.70573
-28.70064
-28.69554
-28.69044
-28.68534
-28.68024
-28.67514
-28.67004
-28.66494
-28.65984
-28.65474
-28.64964
-28.64453
-28.63943
-28.63432
-28.62922
-28.62411
-28.61901
-28.61390
-28.60879
-28.60369
-28.59858
-28.59347
-28.58836
-28.58325
-28.57814
-28.57303
-28.56792
-28.56281
-28.55769
-28.55258
-28.54747
-28.54235
-28.53724
-28.53212
-28.52701
-28.52189
-28.51677
-28.51165
-28.50654
-28.50142
-28.49630
-28.49118
-28.48606
-28.48094
-28.47582
-28.47069
-28.46557
-28.46045
-28.45532
-28.45020
-28.44508
-28.43995
-28.43482
-28.42970
-28.42457
-28.41944
-28.41432
-28.40919
-28.40406
-28.39893
-28.39380
-28.38867
-28.38354
-28.37840
-28.37327
-28.36814
-28.36300
-28.35787
-28.35274
-28.34760
-28.34246
-28.33733
-28.33219
-28.32705
-28.32192
-28.31678
-28.31164
-28.30650
-28.30136
-28.29622
-28.29108
-28.28593
-28.28079
-28.27565
-28.27051
-28.26536
-28.26022
-28.25507
-28.24993
-28.24478
-28.23963
-28.23449
-28.22934
-28.22419
-28.21904
-28.21389
-28.20874
-28.20359
-28.19844
-28.19329
-28.18813
-28.18298
-28.17783
-28.17267
-28.16752
-28.16236
-28.15721
-28.15205
-28.14690
-28.14174
-28.13658
-28.13142
-28.12626
-28.12110
-28.11594
-28.11078
-28.10562
-28.10046
-28.09530
-28.09014
-28.08497
-28.07981
-28.07464
-28.06948
-28.06431
-28.05915
-28.05398
-28.04881
-28.04365
-28.03848
-28.03331
-28.02814
-28.02297
-28.01780
-28.01263
-28.00746
-28.00228
-27.99711
-27.99194
-27.98676
-27.98159
-27.97641
-27.97124
-27.96606
-27.96089
-27.95571
-27.95053
-27.94535
-27.94017
-27.93500
-27.92982
-27.92464
-27.91945
-27.91427
-27.90909
-27.90391
-27.89872
-27.89354
-27.88836
-27.88317
-27.87799
-27.87280
-27.86761
-27.86243
-27.85724
-27.85205
-27.84686
-27.84167
-27.83648
-27.83129
-27.82610
-27.82091
-27.81572
-27.81053
-27.80533
-27.80014
-27.79494
-27.78975
-27.78455
-27.77936
-27.77416
-27.76897
-27.76377
-27.75857
-27.75337
-27.74817
-27.74297
-27.73777
-27.73257
-27.72737
-27.72217
-27.71697
-27.71176
-27.70656
-27.70135
-27.69615
-27.69094
-27.68574
-27.68053
-27.67533
-27.67012
-27.66491
-27.65970
-27.65449
-27.64928
-27.64407
-27.63886
-27.63365
-27.62844
-27.62323
-27.61801
-27.61280
-27.60759
-27.60237
-27.59716
-27.59194
-27.58672
-27.58151
-27.57629
-27.57107
-27.56585
-27.56063
-27.55541
-27.55019
-27.54497
-27.53975
-27.53453
-27.52931
-27.52409
-27.51886
-27.51364
-27.50841
-27.50319
-27.49796
-27.49274
-27.48751
-27.48228
-27.47706
-27.47183
-27.46660
-27.46137
-27.45614
-27.45091
-27.44568
-27.44044
-27.43521
-27.42998
-27.42475
-27.41951
-27.41428
-27.40904
-27.40381
-27.39857
-27.39333
-27.38810
-27.38286
-27.37762
-27.37238
-27.36714
-27.36190
-27.35666
-27.35142
-27.34618
-27.34094
-27.33570
-27.33045
-27.32521
-27.31996
-27.31472
-27.30947
-27.30423
-27.29898
-27.29373
-27.28849
-27.28324
-27.27799
-27.27274
-27.26749
-27.26224
-27.25699
-27.25174
-27.24648
-27.24123
-27.23598
-27.23072
-27.22547
-27.22022
-27.21496
-27.20970
-27.20445
-27.19919
-27.19393
-27.18868
-27.18342
-27.17816
-27.17290
-27.16764
-27.16238
-27.15711
-27.15185
-27.14659
-27.14133
-27.13606
-27.13080
-27.12553
-27.12027
-27.11500
-27.10974
-27.10447
-27.09920
-27.09393
-27.08867
-27.08340
-27.07813
-27.07286
-27.06759
-27.06231
-27.05704
-27.05177
-27.04650
-27.04122
-27.03595
-27.03067
-27.02540
-27.02012
-27.01485
-27.00957
-27.00429
-26.99902
-26.99374
-26.98846
-26.98318
-26.97790
-26.97262
-26.96734
-26.96205
-26.95677
-26.95149
-26.94621
-26.94092
-26.93564
-26.93035
-26.92507
-26.91978
-26.91449
-26.90921
-26.90392
-26.89863
-26.89334
-26.88805
-26.88276
-26.87747
-26.87218
-26.86689
-26.86159
-26.85630
-26.85101
-26.84571
-26.84042
-26.83512
-26.82983
-26.82453
-26.81924
-26.81394
-26.80864
-26.80334
-26.79804
-26.79274
-26.78744
-26.78214
-26.77684
-26.77154
-26.76624
-26.76094
-26.75563
-26.75033
-26.74502
-26.73972
-26.73441
-26.72911
-26.72380
-26.71849
-26.71319
-26.70788
-26.70257
-26.69726
-26.69195
-26.68664
-26.68133
-26.67602
-26.67071
-26.66539
-26.66008
-26.65477
-26.64945
-26.64414
-26.63882
-26.63351
-26.62819
-26.62287
-26.61755
-26.61224
-26.60692
-26.60160
-26.59628
-26.59096
-26.58564
-26.58032
-26.57499
-26.56967
-26.56435
-26.55902
-26.55370
-26.54838
-26.54305
-26.53772
-26.53240
-26.52707
-26.52174
-26.51641
-26.51109
-26.50576
-26.50043
-26.49510
-26.48977
-26.48443
-26.47910
-26.47377
-26.46844
-26.46310
-26.45777
-26.45244
-26.44710
-26.44176
-26.43643
-26.43109
-26.42575
-26.42042
-26.41508
-26.40974
-26.40440
-26.39906
-26.39372
-26.38838
-26.38303
-26.37769
-26.37235
-26.36701
-26.36166
-26.35632
-26.35097
-26.34563
-26.34028
-26.33493
-26.32959
-26.32424
-26.31889
-26.31354
-26.30819
-26.30284
-26.29749
-26.29214
-26.28679
-26.28144
-26.27608
-26.27073
-26.26538
-26.26002
-26.25467
-26.24931
-26.24395
-26.23860
-26.23324
-26.22788
-26.22252
-26.21717
-26.21181
-26.20645
-26.20109
-26.19572
-26.19036
-26.18500
-26.17964
-26.17427
-26.16891
-26.16355
-26.15818
-26.15282
-26.14745
-26.14208
-26.13672
-26.13135
-26.12598
-26.12061
-26.11524
-26.10987
-26.10450
-26.09913
-26.09376
-26.08839
-26.08302
-26.07764
-26.07227
-26.06689
-26.06152
-26.05614
-26.05077
-26.04539
-26.04001
-26.03464
-26.02926
-26.02388
-26.01850
-26.01312
-26.00774
-26.00236
-25.99698
-25.99160
-25.98621
-25.98083
-25.97545
-25.97006
-25.96468
-25.95929
-25.95391
-25.94852
-25.94313
-25.93775
-25.93236
-25.92697
-25.92158
-25.91619
-25.91080
-25.90541
-25.90002
-25.89463
-25.88924
-25.88384
-25.87845
-25.87306
-25.86766
-25.86227
-25.85687
-25.85147
-25.84608
-25.84068
-25.83528
-25.82988
-25.82448
-25.81908
-25.81368
-25.80828
-25.80288
-25.79748
-25.79208
-25.78668
-25.78127
-25.77587
-25.77046
-25.76506
-25.75965
-25.75425
-25.74884
-25.74343
-25.73803
-25.73262
-25.72721
-25.72180
-25.71639
-25.71098
-25.70557
-25.70016
-25.69474
-25.68933
-25.68392
-25.67850
-25.67309
-25.66768
-25.66226
-25.65684
-25.65143
-25.64601
-25.64059
-25.63517
-25.62976
-25.62434
-25.61892
-25.61350
-25.60808
-25.60265
-25.59723
-25.59181
-25.58639
-25.58096
-25.57554
-25.57011
-25.56469
-25.55926
-25.55384
-25.54841
-25.54298
-25.53755
-25.53212
-25.52670
-25.52127
-25.51584
-25.51040
-25.50497
-25.49954
-25.49411
-25.48868
-25.48324
-25.47781
-25.47237
-25.46694
-25.46150
-25.45607
-25.45063
-25.44519
-25.43975
-25.43432
-25.42888
-25.42344
-25.41800
-25.41256
-25.40712
-25.40167
-25.39623
-25.39079
-25.38534
-25.37990
-25.37446
-25.36901
-25.36357
-25.35812
-25.35267
-25.34723
-25.34178
-25.33633
-25.33088
-25.32543
-25.31998
-25.31453
-25.30908
-25.30363
-25.29818
-25.29272
-25.28727
-25.28182
-25.27636
-25.27091
-25.26545
-25.25999
-25.25454
-25.24908
-25.24362
-25.23816
-25.23271
-25.22725
-25.22179
-25.21633
-25.21087
-25.20540
-25.19994
-25.19448
-25.18902
-25.18355
-25.17809
-25.17262
-25.16716
-25.16169
-25.15623
-25.15076
-25.14529
-25.13982
-25.13435
-25.12889
-25.12342
-25.11795
-25.11247
-25.10700
-25.10153
-25.09606
-25.09059
-25.08511
-25.07964
-25.07416
-25.06869
-25.06321
-25.05774
-25.05226
-25.04678
-25.04130
-25.03583
-25.03035
-25.02487
-25.01939
-25.01391
-25.00842
-25.00294
-24.99746
-24.99198
-24.98649
-24.98101
-24.97553
-24.97004
-24.96455
-24.95907
-24.95358
-24.94809
-24.94261
-24.93712
-24.93163
-24.92614
-24.92065
-24.91516
-24.90967
-24.90418
-24.89868
-24.89319
-24.88770
-24.88220
-24.87671
-24.87122
-24.86572
-24.86022
-24.85473
-24.84923
-24.84373
-24.83823
-24.83274
-24.82724
-24.82174
-24.81624
-24.81073
-24.80523
-24.79973
-24.79423
-24.78873
-24.78322
-24.77772
-24.77221
-24.76671
-24.76120
-24.75570
-24.75019
-24.74468
-24.73917
-24.73366
-24.72815
-24.72265
-24.71713
-24.71162
-24.70611
-24.70060
-24.69509
-24.68958
-24.68406
-24.67855
-24.67303
-24.66752
-24.66200
-24.65649
-24.65097
-24.64545
-24.63993
-24.63442
-24.62890
-24.62338
-24.61786
-24.61234
-24.60681
-24.60129
-24.59577
-24.59025
-24.58472
-24.57920
-24.57368
-24.56815
-24.56263
-24.55710
-24.55157
-24.54605
-24.54052
-24.53499
-24.52946
-24.52393
-24.51840
-24.51287
-24.50734
-24.50181
-24.49628
-24.49074
-24.48521
-24.47968
-24.47414
-24.46861
-24.46307
-24.45754
-24.45200
-24.44646
-24.44092
-24.43539
-24.42985
-24.42431
-24.41877
-24.41323
-24.40769
-24.40215
-24.39660
-24.39106
-24.38552
-24.37997
-24.37443
-24.36889
-24.36334
-24.35780
-24.35225
-24.34670
-24.34115
-24.33561
-24.33006
-24.32451
-24.31896
-24.31341
-24.30786
-24.30231
-24.29676
-24.29120
-24.28565
-24.28010
-24.27454
-24.26899
-24.26343
-24.25788
-24.25232
-24.24676
-24.24121
-24.23565
-24.23009
-24.22453
-24.21897
-24.21341
-24.20785
-24.20229
-24.19673
-24.19117
-24.18560
-24.18004
-24.17448
-24.16891
-24.16335
-24.15778
-24.15222
-24.14665
-24.14108
-24.13552
-24.12995
-24.12438
-24.11881
-24.11324
-24.10767
-24.10210
-24.09653
-24.09095
-24.08538
-24.07981
-24.07424
-24.06866
-24.06309
-24.05751
-24.05194
-24.04636
-24.04078
-24.03520
-24.02963
-24.02405
-24.01847
-24.01289
-24.00731
-24.00173
-23.99615
-23.99057
-23.98498
-23.97940
-23.97382
-23.96823
-23.96265
-23.95706
-23.95148
-23.94589
-23.94030
-23.93472
-23.92913
-23.92354
-23.91795
-23.91236
-23.90677
-23.90118
-23.89559
-23.89000
-23.88441
-23.87881
-23.87322
-23.86763
-23.86203
-23.85644
-23.85084
-23.84525
-23.83965
-23.83405
-23.82846
-23.82286
-23.81726
-23.81166
-23.80606
-23.80046
-23.79486
-23.78926
-23.78365
-23.77805
-23.77245
-23.76685
-23.76124
-23.75564
-23.75003
-23.74443
-23.73882
-23.73321
-23.72760
-23.72200
-23.71639
-23.71078
-23.70517
-23.69956
-23.69395
-23.68834
-23.68273
-23.67711
-23.67150
-23.66589
-23.66027
-23.65466
-23.64904
-23.64343
-23.63781
-23.63219
-23.62658
-23.62096
-23.61534
-23.60972
-23.60410
-23.59848
-23.59286
-23.58724
-23.58162
-23.57600
-23.57038
-23.56475
-23.55913
-23.55350
-23.54788
-23.54225
-23.53663
-23.53100
-23.52537
-23.51975
-23.51412
-23.50849
-23.50286
-23.49723
-23.49160
-23.48597
-23.48034
-23.47471
-23.46907
-23.46344
-23.45781
-23.45217
-23.44654
-23.44090
-23.43527
-23.42963
-23.42399
-23.41836
-23.41272
-23.40708
-23.40144
-23.39580
-23.39016
-23.38452
-23.37888
-23.37324
-23.36760
-23.36195
-23.35631
-23.35067
-23.34502
-23.33938
-23.33373
-23.32809
-23.32244
-23.31679
-23.31114
-23.30550
-23.29985
-23.29420
-23.28855
-23.28290
-23.27725
-23.27160
-23.26594
-23.26029
-23.25464
-23.24898
-23.24333
-23.23767
-23.23202
-23.22636
-23.22071
-23.21505
-23.20939
-23.20373
-23.19808
-23.19242
-23.18676
-23.18110
-23.17544
-23.16978
-23.16411
-23.15845
-23.15279
-23.14712
-23.14146
-23.13580
-23.13013
-23.12447
-23.11880
-23.11313
-23.10747
-23.10180
-23.09613
-23.09046
-23.08479
-23.07912
-23.07345
-23.06778
-23.06211
-23.05644
-23.05076
-23.04509
-23.03942
-23.03374
-23.02807
-23.02239
-23.01672
-23.01104
-23.00536
-22.99968
-22.99401
-22.98833
-22.98265
-22.97697
-22.97129
-22.96561
-22.95993
-22.95425
-22.94856
-22.94288
-22.93720
-22.93151
-22.92583
-22.92014
-22.91446
-22.90877
-22.90308
-22.89740
-22.89171
-22.88602
-22.88033
-22.87464
-22.86895
-22.86326
-22.85757
-22.85188
-22.84619
-22.84049
-22.83480
-22.82911
-22.82341
-22.81772
-22.81202
-22.80633
-22.80063
-22.79493
-22.78923
-22.78354
-22.77784
-22.77214
-22.76644
-22.76074
-22.75504
-22.74934
-22.74363
-22.73793
-22.73223
-22.72653
-22.72082
-22.71512
-22.70941
-22.70371
-22.69800
-22.69229
-22.68659
-22.68088
-22.67517
-22.66946
-22.66375
-22.65804
-22.65233
-22.64662
-22.64091
-22.63520
-22.62948
-22.62377
-22.61806
-22.61234
-22.60663
-22.60091
-22.59520
-22.58948
-22.58376
-22.57804
-22.57233
-22.56661
-22.56089
-22.55517
-22.54945
-22.54373
-22.53801
-22.53228
-22.52656
-22.52084
-22.51511
-22.50939
-22.50367
-22.49794
-22.49222
-22.48649
-22.48076
-22.47503
-22.46931
-22.46358
-22.45785
-22.45212
-22.44639
-22.44066
-22.43493
-22.42920
-22.42346
-22.41773
-22.41200
-22.40627
-22.40053
-22.39480
-22.38906
-22.38332
-22.37759
-22.37185
-22.36611
-22.36038
-22.35464
-22.34890
-22.34316
-22.33742
-22.33168
-22.32594
-22.32019
-22.31445
-22.30871
-22.30296
-22.29722
-22.29148
-22.28573
-22.27999
-22.27424
-22.26849
-22.26275
-22.25700
-22.25125
-22.24550
-22.23975
-22.23400
-22.22825
-22.22250
-22.21675
-22.21100
-22.20524
-22.19949
-22.19374
-22.18798
-22.18223
-22.17647
-22.17072
-22.16496
-22.15920
-22.15344
-22.14769
-22.14193
-22.13617
-22.13041
-22.12465
-22.11889
-22.11313
-22.10737
-22.10160
-22.09584
-22.09008
-22.08431
-22.07855
-22.07278
-22.06702
-22.06125
-22.05548
-22.04972
-22.04395
-22.03818
-22.03241
-22.02664
-22.02087
-22.01510
-22.00933
-22.00356
-21.99779
-21.99202
-21.98624
-21.98047
-21.97470
-21.96892
-21.96315
-21.95737
-21.95159
-21.94582
-21.94004
-21.93426
-21.92848
-21.92270
-21.91692
-21.91114
-21.90536
-21.89958
-21.89380
-21.88802
-21.88224
-21.87645
-21.87067
-21.86488
-21.85910
-21.85331
-21.84753
-21.84174
-21.83595
-21.83017
-21.82438
-21.81859
-21.81280
-21.80701
-21.80122
-21.79543
-21.78964
-21.78385
-21.77805
-21.77226
-21.76647
-21.76067
-21.75488
-21.74908
-21.74329
-21.73749
-21.73170
-21.72590
-21.72010
-21.71430
-21.70850
-21.70270
-21.69690
-21.69110
-21.68530
-21.67950
-21.67370
-21.66790
-21.66209
-21.65629
-21.65049
-21.64468
-21.63888
-21.63307
-21.62726
-21.62146
-21.61565
-21.60984
-21.60403
-21.59822
-21.59242
-21.58661
-21.58079
-21.57498
-21.56917
-21.56336
-21.55755
-21.55173
-21.54592
-21.54011
-21.53429
-21.52848
-21.52266
-21.51684
-21.51103
-21.50521
-21.49939
-21.49357
-21.48775
-21.48193
-21.47611
-21.47029
-21.46447
-21.45865
-21.45283
-21.44700
-21.44118
-21.43536
-21.42953
-21.42371
-21.41788
-21.41205
-21.40623
-21.40040
-21.39457
-21.38875
-21.38292
-21.37709
-21.37126
-21.36543
-21.35960
-21.35376
-21.34793
-21.34210
-21.33627
-21.33043
-21.32460
-21.31877
-21.31293
-21.30709
-21.30126
-21.29542
-21.28958
-21.28375
-21.27791
-21.27207
-21.26623
-21.26039
-21.25455
-21.24871
-21.24287
-21.23703
-21.23118
-21.22534
-21.21950
-21.21365
-21.20781
-21.20196
-21.19612
-21.19027
-21.18442
-21.17858
-21.17273
-21.16688
-21.16103
-21.15518
-21.14933
-21.14348
-21.13763
-21.13178
-21.12593
-21.12007
-21.11422
-21.10837
-21.10251
-21.09666
-21.09080
-21.08495
-21.07909
-21.07323
-21.06737
-21.06152
-21.05566
-21.04980
-21.04394
-21.03808
-21.03222
-21.02636
-21.02050
-21.01463
-21.00877
-21.00291
-20.99704
-20.99118
-20.98532
-20.97945
-20.97358
-20.96772
-20.96185
-20.95598
-20.95011
-20.94425
-20.93838
-20.93251
-20.92664
-20.92077
-20.91490
-20.90902
-20.90315
-20.89728
-20.89141
-20.88553
-20.87966
-20.87378
-20.86791
-20.86203
-20.85615
-20.85028
-20.84440
-20.83852
-20.83264
-20.82676
-20.82088
-20.81500
-20.80912
-20.80324
-20.79736
-20.79148
-20.78560
-20.77971
-20.77383
-20.76794
-20.76206
-20.75617
-20.75029
-20.74440
-20.73851
-20.73263
-20.72674
-20.72085
-20.71496
-20.70907
-20.70318
-20.69729
-20.69140
-20.68551
-20.67961
-20.67372
-20.66783
-20.66193
-20.65604
-20.65015
-20.64425
-20.63835
-20.63246
-20.62656
-20.62066
-20.61476
-20.60887
-20.60297
-20.59707
-20.59117
-20.58527
-20.57937
-20.57346
-20.56756
-20.56166
-20.55576
-20.54985
-20.54395
-20.53804
-20.53214
-20.52623
-20.52032
-20.51442
-20.50851
-20.50260
-20.49669
-20.49078
-20.48487
-20.47896
-20.47305
-20.46714
-20.46123
-20.45532
-20.44941
-20.44349
-20.43758
-20.43166
-20.42575
-20.41983
-20.41392
-20.40800
-20.40208
-20.39617
-20.39025
-20.38433
-20.37841
-20.37249
-20.36657
-20.36065
-20.35473
-20.34881
-20.34289
-20.33696
-20.33104
-20.32512
-20.31919
-20.31327
-20.30734
-20.30142
-20.29549
-20.28956
-20.28364
-20.27771
-20.27178
-20.26585
-20.25992
-20.25399
-20.24806
-20.24213
-20.23620
-20.23027
-20.22433
-20.21840
-20.21247
-20.20653
-20.20060
-20.19466
-20.18873
-20.18279
-20.17685
-20.17092
-20.16498
-20.15904
-20.15310
-20.14716
-20.14122
-20.13528
-20.12934
-20.12340
-20.11746
-20.11152
-20.10557
-20.09963
-20.09369
-20.08774
-20.08180
-20.07585
-20.06990
-20.06396
-20.05801
-20.05206
-20.04611
-20.04017
-20.03422
-20.02827
-20.02232
-20.01637
-20.01041
-20.00446
-19.99851
-19.99256
-19.98660
-19.98065
-19.97470
-19.96874
-19.96279
-19.95683
-19.95087
-19.94492
-19.93896
-19.93300
-19.92704
-19.92108
-19.91512
-19.90916
-19.90320
-19.89724
-19.89128
-19.88532
-19.87936
-19.87339
-19.86743
-19.86146
-19.85550
-19.84953
-19.84357
-19.83760
-19.83164
-19.82567
-19.81970
-19.81373
-19.80776
-19.80179
-19.79582
-19.78985
-19.78388
-19.77791
-19.77194
-19.76597
-19.75999
-19.75402
-19.74805
-19.74207
-19.73610
-19.73012
-19.72415
-19.71817
-19.71219
-19.70622
-19.70024
-19.69426
-19.68828
-19.68230
-19.67632
-19.67034
-19.66436
-19.65838
-19.65239
-19.64641
-19.64043
-19.63445
-19.62846
-19.62248
-19.61649
-19.61051
-19.60452
-19.59853
-19.59255
-19.58656
-19.58057
-19.57458
-19.56859
-19.56260
-19.55661
-19.55062
-19.54463
-19.53864
-19.53264
-19.52665
-19.52066
-19.51466
-19.50867
-19.50268
-19.49668
-19.49068
-19.48469
-19.47869
-19.47269
-19.46670
-19.46070
-19.45470
-19.44870
-19.44270
-19.43670
-19.43070
-19.42470
-19.41869
-19.41269
-19.40669
-19.40068
-19.39468
-19.38868
-19.38267
-19.37667
-19.37066
-19.36465
-19.35865
-19.35264
-19.34663
-19.34062
-19.33461
-19.32860
-19.32259
-19.31658
-19.31057
-19.30456
-19.29855
-19.29253
-19.28652
-19.28051
-19.27449
-19.26848
-19.26246
-19.25645
-19.25043
-19.24442
-19.23840
-19.23238
-19.22636
-19.22034
-19.21432
-19.20830
-19.20228
-19.19626
-19.19024
-19.18422
-19.17820
-19.17218
-19.16615
-19.16013
-19.15410
-19.14808
-19.14205
-19.13603
-19.13000
-19.12398
-19.11795
-19.11192
-19.10589
-19.09986
-19.09384
-19.08781
-19.08178
-19.07574
-19.06971
-19.06368
-19.05765
-19.05162
-19.04558
-19.03955
-19.03352
-19.02748
-19.02145
-19.01541
-19.00937
-19.00334
-18.99730
-18.99126
-18.98522
-18.97919
-18.97315
-18.96711
-18.96107
-18.95503
-18.94898
-18.94294
-18.93690
-18.93086
-18.92481
-18.91877
-18.91273
-18.90668
-18.90064
-18.89459
-18.88855
-18.88250
-18.87645
-18.87040
-18.86436
-18.85831
-18.85226
-18.84621
-18.84016
-18.83411
-18.82806
-18.82201
-18.81595
-18.80990
-18.80385
-18.79779
-18.79174
-18.78569
-18.77963
-18.77357
-18.76752
-18.76146
-18.75541
-18.74935
-18.74329
-18.73723
-18.73117
-18.72511
-18.71905
-18.71299
-18.70693
-18.70087
-18.69481
-18.68875
-18.68268
-18.67662
-18.67056
-18.66449
-18.65843
-18.65236
-18.64630
-18.64023
-18.63416
-18.62810
-18.62203
-18.61596
-18.60989
-18.60382
-18.59775
-18.59168
-18.58561
-18.57954
-18.57347
-18.56740
-18.56132
-18.55525
-18.54918
-18.54310
-18.53703
-18.53095
-18.52488
-18.51880
-18.51272
-18.50665
-18.50057
-18.49449
-18.48841
-18.48233
-18.47625
-18.47017
-18.46409
-18.45801
-18.45193
-18.44585
-18.43977
-18.43368
-18.42760
-18.42152
-18.41543
-18.40935
-18.40326
-18.39718
-18.39109
-18.38500
-18.37892
-18.37283
-18.36674
-18.36065
-18.35456
-18.34847
-18.34238
-18.33629
-18.33020
-18.32411
-18.31802
-18.31193
-18.30583
-18.29974
-18.29365
-18.28755
-18.28146
-18.27536
-18.26927
-18.26317
-18.25707
-18.25098
-18.24488
-18.23878
-18.23268
-18.22658
-18.22048
-18.21438
-18.20828
-18.20218
-18.19608
-18.18998
-18.18387
-18.17777
-18.17167
-18.16556
-18.15946
-18.15335
-18.14725
-18.14114
-18.13504
-18.12893
-18.12282
-18.11672
-18.11061
-18.10450
-18.09839
-18.09228
-18.08617
-18.08006
-18.07395
-18.06784
-18.06172
-18.05561
-18.04950
-18.04339
-18.03727
-18.03116
-18.02504
-18.01893
-18.01281
-18.00670
-18.00058
-17.99446
-17.98834
-17.98223
-17.97611
-17.96999
-17.96387
-17.95775
-17.95163
-17.94551
-17.93939
-17.93327
-17.92714
-17.92102
-17.91490
-17.90877
-17.90265
-17.89652
-17.89040
-17.88427
-17.87815
-17.87202
-17.86589
-17.85977
-17.85364
-17.84751
-17.84138
-17.83525
-17.82912
-17.82299
-17.81686
-17.81073
-17.80460
-17.79847
-17.79234
-17.78620
-17.78007
-17.77394
-17.76780
-17.76167
-17.75553
-17.74940
-17.74326
-17.73712
-17.73099
-17.72485
-17.71871
-17.71257
-17.70643
-17.70029
-17.69415
-17.68801
-17.68187
-17.67573
-17.66959
-17.66345
-17.65731
-17.65116
-17.64502
-17.63887
-17.63273
-17.62659
-17.62044
-17.61429
-17.60815
-17.60200
-17.59585
-17.58971
-17.58356
-17.57741
-17.57126
-17.56511
-17.55896
-17.55281
-17.54666
-17.54051
-17.53436
-17.52821
-17.52205
-17.51590
-17.50975
-17.50359
-17.49744
-17.49128
-17.48513
-17.47897
-17.47282
-17.46666
-17.46050
-17.45435
-17.44819
-17.44203
-17.43587
-17.42971
-17.42355
-17.41739
-17.41123
-17.40507
-17.39891
-17.39275
-17.38658
-17.38042
-17.37426
-17.36810
-17.36193
-17.35577
-17.34960
-17.34344
-17.33727
-17.33110
-17.32494
-17.31877
-17.31260
-17.30643
-17.30027
-17.29410
-17.28793
-17.28176
-17.27559
-17.26942
-17.26324
-17.25707
-17.25090
-17.24473
-17.23856
-17.23238
-17.22621
-17.22003
-17.21386
-17.20768
-17.20151
-17.19533
-17.18916
-17.18298
-17.17680
-17.17062
-17.16445
-17.15827
-17.15209
-17.14591
-17.13973
-17.13355
-17.12737
-17.12119
-17.11500
-17.10882
-17.10264
-17.09646
-17.09027
-17.08409
-17.07791
-17.07172
-17.06554
-17.05935
-17.05316
-17.04698
-17.04079
-17.03460
-17.02842
-17.02223
-17.01604
-17.00985
-17.00366
-16.99747
-16.99128
-16.98509
-16.97890
-16.97271
-16.96652
-16.96032
-16.95413
-16.94794
-16.94175
-16.93555
-16.92936
-16.92316
-16.91697
-16.91077
-16.90457
-16.89838
-16.89218
-16.88598
-16.87979
-16.87359
-16.86739
-16.86119
-16.85499
-16.84879
-16.84259
-16.83639
-16.83019
-16.82399
-16.81779
-16.81158
-16.80538
-16.79918
-16.79297
-16.78677
-16.78056
-16.77436
-16.76815
-16.76195
-16.75574
-16.74954
-16.74333
-16.73712
-16.73091
-16.72471
-16.71850
-16.71229
-16.70608
-16.69987
-16.69366
-16.68745
-16.68124
-16.67503
-16.66881
-16.66260
-16.65639
-16.65018
-16.64396
-16.63775
-16.63153
-16.62532
-16.61910
-16.61289
-16.60667
-16.60046
-16.59424
-16.58802
-16.58181
-16.57559
-16.56937
-16.56315
-16.55693
-16.55071
-16.54449
-16.53827
-16.53205
-16.52583
-16.51961
-16.51339
-16.50716
-16.50094
-16.49472
-16.48850
-16.48227
-16.47605
-16.46982
-16.46360
-16.45737
-16.45115
-16.44492
-16.43869
-16.43247
-16.42624
-16.42001
-16.41378
-16.40755
-16.40133
-16.39510
-16.38887
-16.38264
-16.37641
-16.37017
-16.36394
-16.35771
-16.35148
-16.34525
-16.33901
-16.33278
-16.32655
-16.32031
-16.31408
-16.30784
-16.30161
-16.29537
-16.28914
-16.28290
-16.27666
-16.27043
-16.26419
-16.25795
-16.25171
-16.24548
-16.23924
-16.23300
-16.22676
-16.22052
-16.21428
-16.20804
-16.20179
-16.19555
-16.18931
-16.18307
-16.17683
-16.17058
-16.16434
-16.15810
-16.15185
-16.14561
-16.13936
-16.13312
-16.12687
-16.12062
-16.11438
-16.10813
-16.10188
-16.09564
-16.08939
-16.08314
-16.07689
-16.07064
-16.06439
-16.05814
-16.05189
-16.04564
-16.03939
-16.03314
-16.02689
-16.02064
-16.01438
-16.00813
-16.00188
-15.99562
-15.98937
-15.98312
-15.97686
-15.97061
-15.96435
-15.95810
-15.95184
-15.94558
-15.93933
-15.93307
-15.92681
-15.92056
-15.91430
-15.90804
-15.90178
-15.89552
-15.88926
-15.88300
-15.87674
-15.87048
-15.86422
-15.85796
-15.85170
-15.84544
-15.83917
-15.83291
-15.82665
-15.82038
-15.81412
-15.80786
-15.80159
-15.79533
-15.78906
-15.78280
-15.77653
-15.77026
-15.76400
-15.75773
-15.75146
-15.74520
-15.73893
-15.73266
-15.72639
-15.72012
-15.71385
-15.70758
-15.70131
-15.69504
-15.68877
-15.68250
-15.67623
-15.66996
-15.66369
-15.65742
-15.65114
-15.64487
-15.63860
-15.63232
-15.62605
-15.61978
-15.61350
-15.60723
-15.60095
-15.59468
-15.58840
-15.58212
-15.57585
-15.56957
-15.56329
-15.55702
-15.55074
-15.54446
-15.53818
-15.53190
-15.52562
-15.51934
-15.51306
-15.50678
-15.50050
-15.49422
-15.48794
-15.48166
-15.47538
-15.46910
-15.46282
-15.45653
-15.45025
-15.44397
-15.43768
-15.43140
-15.42512
-15.41883
-15.41255
-15.40626
-15.39998
-15.39369
-15.38740
-15.38112
-15.37483
-15.36854
-15.36226
-15.35597
-15.34968
-15.34339
-15.33710
-15.33082
-15.32453
-15.31824
-15.31195
-15.30566
-15.29937
-15.29308
-15.28679
-15.28049
-15.27420
-15.26791
-15.26162
-15.25533
-15.24903
-15.24274
-15.23645
-15.23015
-15.22386
-15.21757
-15.21127
-15.20498
-15.19868
-15.19239
-15.18609
-15.17979
-15.17350
-15.16720
-15.16091
-15.15461
-15.14831
-15.14201
-15.13572
-15.12942
-15.12312
-15.11682
-15.11052
-15.10422
-15.09792
-15.09162
-15.08532
-15.07902
-15.07272
-15.06642
-15.06012
-15.05382
-15.04752
-15.04121
-15.03491
-15.02861
-15.02231
-15.01600
-15.00970
-15.00339
-14.99709
-14.99079
-14.98448
-14.97818
-14.97187
-14.96557
-14.95926
-14.95296
-14.94665
-14.94034
-14.93404
-14.92773
-14.92142
-14.91511
-14.90881
-14.90250
-14.89619
-14.88988
-14.88357
-14.87726
-14.87096
-14.86465
-14.85834
-14.85203
-14.84572
-14.83941
-14.83309
-14.82678
-14.82047
-14.81416
-14.80785
-14.80154
-14.79523
-14.78891
-14.78260
-14.77629
-14.76997
-14.76366
-14.75735
-14.75103
-14.74472
-14.73840
-14.73209
-14.72577
-14.71946
-14.71314
-14.70683
-14.70051
-14.69420
-14.68788
-14.68156
-14.67525
-14.66893
-14.66261
-14.65630
-14.64998
-14.64366
-14.63734
-14.63102
-14.62470
-14.61839
-14.61207
-14.60575
-14.59943
-14.59311
-14.58679
-14.58047
-14.57415
-14.56783
-14.56151
-14.55518
-14.54886
-14.54254
-14.53622
-14.52990
-14.52358
-14.51725
-14.51093
-14.50461
-14.49829
-14.49196
-14.48564
-14.47932
-14.47299
-14.46667
-14.46034
-14.45402
-14.44770
-14.44137
-14.43505
-14.42872
-14.42239
-14.41607
-14.40974
-14.40342
-14.39709
-14.39076
-14.38444
-14.37811
-14.37178
-14.36546
-14.35913
-14.35280
-14.34647
-14.34015
-14.33382
-14.32749
-14.32116
-14.31483
-14.30850
-14.30218
-14.29585
-14.28952
-14.28319
-14.27686
-14.27053
-14.26420
-14.25787
-14.25154
-14.24521
-14.23888
-14.23254
-14.22621
-14.21988
-14.21355
-14.20722
-14.20089
-14.19455
-14.18822
-14.18189
-14.17556
-14.16923
-14.16289
-14.15656
-14.15023
-14.14389
-14.13756
-14.13123
-14.12489
-14.11856
-14.11222
-14.10589
-14.09956
-14.09322
-14.08689
-14.08055
-14.07422
-14.06788
-14.06155
-14.05521
-14.04887
-14.04254
-14.03620
-14.02987
-14.02353
-14.01719
-14.01086
-14.00452
-13.99819
-13.99185
-13.98551
-13.97917
-13.97284
-13.96650
-13.96016
-13.95382
-13.94749
-13.94115
-13.93481
-13.92847
-13.92213
-13.91580
-13.90946
-13.90312
-13.89678
-13.89044
-13.88410
-13.87776
-13.87142
-13.86508
-13.85874
-13.85241
-13.84607
-13.83973
-13.83339
-13.82705
-13.82071
-13.81437
-13.80802
-13.80168
-13.79534
-13.78900
-13.78266
-13.77632
-13.76998
-13.76364
-13.75730
-13.75096
-13.74462
-13.73827
-13.73193
-13.72559
-13.71925
-13.71291
-13.70657
-13.70022
-13.69388
-13.68754
-13.68120
-13.67485
-13.66851
-13.66217
-13.65583
-13.64948
-13.64314
-13.63680
-13.63046
-13.62411
-13.61777
-13.61143
-13.60508
-13.59874
-13.59240
-13.58605
-13.57971
-13.57337
-13.56702
-13.56068
-13.55433
-13.54799
-13.54165
-13.53530
-13.52896
-13.52262
-13.51627
-13.50993
-13.50358
-13.49724
-13.49089
-13.48455
-13.47821
-13.47186
-13.46552
-13.45917
-13.45283
-13.44648
-13.44014
-13.43379
-13.42745
-13.42110
-13.41476
-13.40841
-13.40207
-13.39572
-13.38938
-13.38303
-13.37669
-13.37034
-13.36400
-13.35765
-13.35131
-13.34496
-13.33862
-13.33227
-13.32593
-13.31958
-13.31324
-13.30689
-13.30055
-13.29420
-13.28786
-13.28151
-13.27517
-13.26882
-13.26248
-13.25613
-13.24978
-13.24344
-13.23709
-13.23075
-13.22440
-13.21806
-13.21171
-13.20537
-13.19902
-13.19268
-13.18633
-13.17999
-13.17364
-13.16730
-13.16095
-13.15461
-13.14826
-13.14192
-13.13557
-13.12922
-13.12288
-13.11653
-13.11019
-13.10384
-13.09750
-13.09115
-13.08481
-13.07846
-13.07212
-13.06578
-13.05943
-13.05309
-13.04674
-13.04040
-13.03405
-13.02771
-13.02136
-13.01502
-13.00867
-13.00233
-12.99598
-12.98964
-12.98330
-12.97695
-12.97061
-12.96426
-12.95792
-12.95158
-12.94523
-12.93889
-12.93254
-12.92620
-12.91986
-12.91351
-12.90717
-12.90083
-12.89448
-12.88814
-12.88180
-12.87545
-12.86911
-12.86277
-12.85642
-12.85008
-12.84374
-12.83740
-12.83105
-12.82471
-12.81837
-12.81203
-12.80568
-12.79934
-12.79300
-12.78666
-12.78032
-12.77398
-12.76763
-12.76129
-12.75495
-12.74861
-12.74227
-12.73593
-12.72959
-12.72325
-12.71690
-12.71056
-12.70422
-12.69788
-12.69154
-12.68520
-12.67886
-12.67252
-12.66618
-12.65984
-12.65350
-12.64717
-12.64083
-12.63449
-12.62815
-12.62181
-12.61547
-12.60913
-12.60279
-12.59646
-12.59012
-12.58378
-12.57744
-12.57111
-12.56477
-12.55843
-12.55209
-12.54576
-12.53942
-12.53308
-12.52675
-12.52041
-12.51407
-12.50774
-12.50140
-12.49507
-12.48873
-12.48240
-12.47606
-12.46973
-12.46339
-12.45706
-12.45072
-12.44439
-12.43805
-12.43172
-12.42539
-12.41905
-12.41272
-12.40639
-12.40005
-12.39372
-12.38739
-12.38106
-12.37473
-12.36839
-12.36206
-12.35573
-12.34940
-12.34307
-12.33674
-12.33041
-12.32408
-12.31775
-12.31142
-12.30509
-12.29876
-12.29243
-12.28610
-12.27977
-12.27344
-12.26712
-12.26079
-12.25446
-12.24813
-12.24181
-12.23548
-12.22915
-12.22283
-12.21650
-12.21017
-12.20385
-12.19752
-12.19120
-12.18487
-12.17855
-12.17222
-12.16590
-12.15957
-12.15325
-12.14693
-12.14060
-12.13428
-12.12796
-12.12164
-12.11531
-12.10899
-12.10267
-12.09635
-12.09003
-12.08371
-12.07739
-12.07107
-12.06475
-12.05843
-12.05211
-12.04579
-12.03947
-12.03316
-12.02684
-12.02052
-12.01420
-12.00789
-12.00157
-11.99525
-11.98894
-11.98262
-11.97631
-11.96999
-11.96368
-11.95736
-11.95105
-11.94474
-11.93842
-11.93211
-11.92580
-11.91949
-11.91317
-11.90686
-11.90055
-11.89424
-11.88793
-11.88162
-11.87531
-11.86900
-11.86269
-11.85638
-11.85007
-11.84377
-11.83746
-11.83115
-11.82484
-11.81854
-11.81223
-11.80593
-11.79962
-11.79332
-11.78701
-11.78071
-11.77440
-11.76810
-11.76180
-11.75550
-11.74919
-11.74289
-11.73659
-11.73029
-11.72399
-11.71769
-11.71139
-11.70509
-11.69879
-11.69249
-11.68620
-11.67990
-11.67360
-11.66730
-11.66101
-11.65471
-11.64842
-11.64212
-11.63583
-11.62953
-11.62324
-11.61695
-11.61065
-11.60436
-11.59807
-11.59178
-11.58549
-11.57920
-11.57291
-11.56662
-11.56033
-11.55404
-11.54775
-11.54146
-11.53518
-11.52889
-11.52260
-11.51632
-11.51003
-11.50375
-11.49746
-11.49118
-11.48490
-11.47862
-11.47233
-11.46605
-11.45977
-11.45349
-11.44721
-11.44093
-11.43465
-11.42837
-11.42209
-11.41582
-11.40954
-11.40326
-11.39699
-11.39071
-11.38444
-11.37816
-11.37189
-11.36562
-11.35934
-11.35307
-11.34680
-11.34053
-11.33426
-11.32799
-11.32172
-11.31545
-11.30918
-11.30291
-11.29665
-11.29038
-11.28412
-11.27785
-11.27159
-11.26532
-11.25906
-11.25280
-11.24653
-11.24027
-11.23401
-11.22775
-11.22149
-11.21523
-11.20897
-11.20271
-11.19646
-11.19020
-11.18394
-11.17769
-11.17143
-11.16518
-11.15892
-11.15267
-11.14642
-11.14017
-11.13392
-11.12767
-11.12142
-11.11517
-11.10892
-11.10267
-11.09642
-11.09018
-11.08393
-11.07769
-11.07144
-11.06520
-11.05895
-11.05271
-11.04647
-11.04023
-11.03399
-11.02775
-11.02151
-11.01527
-11.00903
-11.00280
-10.99656
-10.99032
-10.98409
-10.97786
-10.97162
-10.96539
-10.95916
-10.95293
-10.94670
-10.94047
-10.93424
-10.92801
-10.92178
-10.91555
-10.90933
-10.90310
-10.89688
-10.89066
-10.88443
-10.87821
-10.87199
-10.86577
-10.85955
-10.85333
-10.84711
-10.84089
-10.83468
-10.82846
-10.82224
-10.81603
-10.80982
-10.80360
-10.79739
-10.79118
-10.78497
-10.77876
-10.77255
-10.76634
-10.76014
-10.75393
-10.74772
-10.74152
-10.73532
-10.72911
-10.72291
-10.71671
-10.71051
-10.70431
-10.69811
-10.69191
-10.68572
-10.67952
-10.67332
-10.66713
-10.66094
-10.65474
-10.64855
-10.64236
-10.63617
-10.62998
-10.62379
-10.61761
-10.61142
-10.60523
-10.59905
-10.59287
-10.58668
-10.58050
-10.57432
-10.56814
-10.56196
-10.55578
-10.54961
-10.54343
-10.53725
-10.53108
-10.52491
-10.51873
-10.51256
-10.50639
-10.50022
-10.49405
-10.48788
-10.48172
-10.47555
-10.46939
-10.46322
-10.45706
-10.45090
-10.44474
-10.43858
-10.43242
-10.42626
-10.42010
-10.41395
-10.40779
-10.40164
-10.39549
-10.38934
-10.38318
-10.37703
-10.37089
-10.36474
-10.35859
-10.35245
-10.34630
-10.34016
-10.33402
-10.32787
-10.32173
-10.31560
-10.30946
-10.30332
-10.29718
-10.29105
-10.28492
-10.27878
-10.27265
-10.26652
-10.26039
-10.25426
-10.24814
-10.24201
-10.23589
-10.22976
-10.22364
-10.21752
-10.21140
-10.20528
-10.19916
-10.19304
-10.18693
-10.18081
-10.17470
-10.16859
-10.16248
-10.15637
-10.15026
-10.14415
-10.13804
-10.13194
-10.12583
-10.11973
-10.11363
-10.10753
-10.10143
-10.09533
-10.08923
-10.08314
-10.07704
-10.07095
-10.06486
-10.05877
-10.05268
-10.04659
-10.04050
-10.03442
-10.02833
-10.02225
-10.01617
-10.01009
-10.00401
-9.99793
-9.99185
-9.98578
-9.97970
-9.97363
-9.96756
-9.96149
-9.95542
-9.94935
-9.94328
-9.93722
-9.93115
-9.92509
-9.91903
-9.91297
-9.90691
-9.90086
-9.89480
-9.88875
-9.88269
-9.87664
-9.87059
-9.86454
-9.85849
-9.85245
-9.84640
-9.84036
-9.83432
-9.82828
-9.82224
-9.81620
-9.81016
-9.80413
-9.79809
-9.79206
-9.78603
-9.78000
-9.77397
-9.76795
-9.76192
-9.75590
-9.74988
-9.74386
-9.73784
-9.73182
-9.72580
-9.71979
-9.71378
-9.70776
-9.70175
-9.69574
-9.68974
-9.68373
-9.67773
-9.67172
-9.66572
-9.65972
-9.65373
-9.64773
-9.64173
-9.63574
-9.62975
-9.62376
-9.61777
-9.61178
-9.60580
-9.59981
-9.59383
-9.58785
-9.58187
-9.57589
-9.56992
-9.56394
-9.55797
-9.55200
-9.54603
-9.54006
-9.53409
-9.52813
-9.52217
-9.51620
-9.51024
-9.50429
-9.49833
-9.49237
-9.48642
-9.48047
-9.47452
-9.46857
-9.46263
-9.45668
-9.45074
-9.44480
-9.43886
-9.43292
-9.42698
-9.42105
-9.41512
-9.40919
-9.40326
-9.39733
-9.39140
-9.38548
-9.37956
-9.37364
-9.36772
-9.36180
-9.35589
-9.34997
-9.34406
-9.33815
-9.33224
-9.32634
-9.32043
-9.31453
-9.30863
-9.30273
-9.29684
-9.29094
-9.28505
-9.27916
-9.27327
-9.26738
-9.26149
-9.25561
-9.24973
-9.24385
-9.23797
-9.23209
-9.22622
-9.22035
-9.21448
-9.20861
-9.20274
-9.19688
-9.19101
-9.18515
-9.17929
-9.17344
-9.16758
-9.16173
-9.15588
-9.15003
-9.14418
-9.13834
-9.13250
-9.12665
-9.12082
-9.11498
-9.10914
-9.10331
-9.09748
-9.09165
-9.08583
-9.08000
-9.07418
-9.06836
-9.06254
-9.05672
-9.05091
-9.04510
-9.03929
-9.03348
-9.02767
-9.02187
-9.01607
-9.01027
-9.00447
-8.99868
-8.99288
-8.98709
-8.98130
-8.97552
-8.96973
-8.96395
-8.95817
-8.95239
-8.94662
-8.94085
-8.93507
-8.92931
-8.92354
-8.91777
-8.91201
-8.90625
-8.90050
-8.89474
-8.88899
-8.88324
-8.87749
-8.87174
-8.86600
-8.86026
-8.85452
-8.84878
-8.84304
-8.83731
-8.83158
-8.82585
-8.82013
-8.81441
-8.80869
-8.80297
-8.79725
-8.79154
-8.78583
-8.78012
-8.77441
-8.76871
-8.76301
-8.75731
-8.75161
-8.74592
-8.74022
-8.73454
-8.72885
-8.72316
-8.71748
-8.71180
-8.70613
-8.70045
-8.69478
-8.68911
-8.68344
-8.67778
-8.67212
-8.66646
-8.66080
-8.65515
-8.64949
-8.64385
-8.63820
-8.63256
-8.62691
-8.62127
-8.61564
-8.61001
-8.60437
-8.59875
-8.59312
-8.58750
-8.58188
-8.57626
-8.57064
-8.56503
-8.55942
-8.55381
-8.54821
-8.54261
-8.53701
-8.53141
-8.52582
-8.52023
-8.51464
-8.50906
-8.50347
-8.49789
-8.49232
-8.48674
-8.48117
-8.47560
-8.47004
-8.46447
-8.45891
-8.45336
-8.44780
-8.44225
-8.43670
-8.43116
-8.42561
-8.42007
-8.41453
-8.40900
-8.40347
-8.39794
-8.39241
-8.38689
-8.38137
-8.37585
-8.37034
-8.36483
-8.35932
-8.35382
-8.34831
-8.34281
-8.33732
-8.33183
-8.32634
-8.32085
-8.31536
-8.30988
-8.30441
-8.29893
-8.29346
-8.28799
-8.28252
-8.27706
-8.27160
-8.26615
-8.26069
-8.25524
-8.24979
-8.24435
-8.23891
-8.23347
-8.22804
-8.22261
-8.21718
-8.21175
-8.20633
-8.20091
-8.19550
-8.19009
-8.18468
-8.17927
-8.17387
-8.16847
-8.16308
-8.15768
-8.15229
-8.14691
-8.14153
-8.13615
-8.13077
-8.12540
-8.12003
-8.11466
-8.10930
-8.10394
-8.09859
-8.09323
-8.08788
-8.08254
-8.07720
-8.07186
-8.06652
-8.06119
-8.05586
-8.05054
-8.04522
-8.03990
-8.03458
-8.02927
-8.02397
-8.01866
-8.01336
-8.00807
-8.00277
-7.99748
-7.99220
-7.98692
-7.98164
