7.41224
7.41200
7.41152
7.41096
7.41037
7.40978
7.40918
7.40858
7.40798
7.40739
7.40679
7.40619
7.40559
7.40499
7.40439
7.40379
7.40319
7.40259
7.40199
7.40140
7.40080
7.40020
7.39960
7.39900
7.39840
7.39780
7.39720
7.39660
7.39600
7.39540
7.39481
7.39421
7.39361
7.39301
7.39241
7.39181
7.39121
7.39061
7.39001
7.38941
7.38881
7.38821
7.38761
7.38702
7.38642
7.38582
7.38522
7.38462
7.38402
7.38342
7.38282
7.38222
7.38162
7.38102
7.38042
7.37982
7.37922
7.37862
7.37803
7.37743
7.37683
7.37623
7.37563
7.37503
7.37443
7.37383
7.37323
7.37263
7.37203
7.37143
7.37083
7.37023
7.36963
7.36903
7.36843
7.36783
7.36723
7.36663
7.36604
7.36544
7.36484
7.36424
7.36364
7.36304
7.36244
7.36184
7.36124
7.36064
7.36004
7.35944
7.35884
7.35824
7.35764
7.35704
7.35644
7.35584
7.35524
7.35464
7.35404
7.35344
7.35284
7.35224
7.35164
7.35104
7.35044
7.34984
7.34924
7.34864
7.34804
7.34744
7.34684
7.34624
7.34564
7.34504
7.34444
7.34384
7.34324
7.34264
7.34204
7.34144
7.34084
7.34024
7.33964
7.33904
7.33844
7.33784
7.33724
7.33664
7.33604
7.33544
7.33484
7.33424
7.33364
7.33304
7.33244
7.33184
7.33124
7.33064
7.33004
7.32944
7.32884
7.32824
7.32764
7.32704
7.32644
7.32584
7.32524
7.32464
7.32404
7.32344
7.32284
7.32224
7.32164
7.32104
7.32044
7.31984
7.31924
7.31864
7.31804
7.31744
7.31684
7.31624
7.31564
7.31504
7.31444
7.31384
7.31324
7.31263
7.31203
7.31143
7.31083
7.31023
7.30963
7.30903
7.30843
7.30783
7.30723
7.30663
7.30603
7.30543
7.30483
7.30423
7.30363
7.30303
7.30243
7.30183
7.30123
7.30062
7.30002
7.29942
7.29882
7.29822
7.29762
7.29702
7.29642
7.29582
7.29522
7.29462
7.29402
7.29342
7.29282
7.29222
7.29161
7.29101
7.29041
7.28981
7.28921
7.28861
7.28801
7.28741
7.28681
7.28621
7.28561
7.28501
7.28441
7.28380
7.28320
7.28260
7.28200
7.28140
7.28080
7.28020
7.27960
7.27900
7.27840
7.27780
7.27719
7.27659
7.27599
7.27539
7.27479
7.27419
7.27359
7.27299
7.27239
7.27179
7.27118
7.27058
7.26998
7.26938
7.26878
7.26818
7.26758
7.26698
7.26638
7.26577
7.26517
7.26457
7.26397
7.26337
7.26277
7.26217
7.26157
7.26097
7.26036
7.25976
7.25916
7.25856
7.25796
7.25736
7.25676
7.25616
7.25555
7.25495
7.25435
7.25375
7.25315
7.25255
7.25195
7.25134
7.25074
7.25014
7.24954
7.24894
7.24834
7.24774
7.24714
7.24653
7.24593
7.24533
7.24473
7.24413
7.24353
7.24293
7.24232
7.24172
7.24112
7.24052
7.23992
7.23932
7.23871
7.23811
7.23751
7.23691
7.23631
7.23571
7.23510
7.23450
7.23390
7.23330
7.23270
7.23210
7.23149
7.23089
7.23029
7.22969
7.22909
7.22849
7.22788
7.22728
7.22668
7.22608
7.22548
7.22488
7.22427
7.22367
7.22307
7.22247
7.22187
7.22126
7.22066
7.22006
7.21946
7.21886
7.21826
7.21765
7.21705
7.21645
7.21585
7.21525
7.21464
7.21404
7.21344
7.21284
7.21224
7.21163
7.21103
7.21043
7.20983
7.20923
7.20862
7.20802
7.20742
7.20682
7.20622
7.20561
7.20501
7.20441
7.20381
7.20321
7.20260
7.20200
7.20140
7.20080
7.20020
7.19959
7.19899
7.19839
7.19779
7.19718
7.19658
7.19598
7.19538
7.19478
7.19417
7.19357
7.19297
7.19237
7.19176
7.19116
7.19056
7.18996
7.18935
7.18875
7.18815
7.18755
7.18695
7.18634
7.18574
7.18514
7.18454
7.18393
7.18333
7.18273
7.18213
7.18152
7.18092
7.18032
7.17972
7.17911
7.17851
7.17791
7.17731
7.17670
7.17610
7.17550
7.17490
7.17429
7.17369
7.17309
7.17249
7.17188
7.17128
7.17068
7.17007
7.16947
7.16887
7.16827
7.16766
7.16706
7.16646
7.16586
7.16525
7.16465
7.16405
7.16344
7.16284
7.16224
7.16164
7.16103
7.16043
7.15983
7.15923
7.15862
7.15802
7.15742
7.15681
7.15621
7.15561
7.15500
7.15440
7.15380
7.15320
7.15259
7.15199
7.15139
7.15078
7.15018
7.14958
7.14898
7.14837
7.14777
7.14717
7.14656
7.14596
7.14536
7.14475
7.14415
7.14355
7.14294
7.14234
7.14174
7.14114
7.14053
7.13993
7.13933
7.13872
7.13812
7.13752
7.13691
7.13631
7.13571
7.13510
7.13450
7.13390
7.13329
7.13269
7.13209
7.13148
7.13088
7.13028
7.12967
7.12907
7.12847
7.12786
7.12726
7.12666
7.12605
7.12545
7.12485
7.12424
7.12364
7.12304
7.12243
7.12183
7.12123
7.12062
7.12002
7.11942
7.11881
7.11821
7.11760
7.11700
7.11640
7.11579
7.11519
7.11459
7.11398
7.11338
7.11278
7.11217
7.11157
7.11096
7.11036
7.10976
7.10915
7.10855
7.10795
7.10734
7.10674
7.10613
7.10553
7.10493
7.10432
7.10372
7.10312
7.10251
7.10191
7.10130
7.10070
7.10010
7.09949
7.09889
7.09828
7.09768
7.09708
7.09647
7.09587
7.09527
7.09466
7.09406
7.09345
7.09285
7.09225
7.09164
7.09104
7.09043
7.08983
7.08923
7.08862
7.08802
7.08741
7.08681
7.08620
7.08560
7.08500
7.08439
7.08379
7.08318
7.08258
7.08198
7.08137
7.08077
7.08016
7.07956
7.07895
7.07835
7.07775
7.07714
7.07654
7.07593
7.07533
7.07472
7.07412
7.07352
7.07291
7.07231
7.07170
7.07110
7.07049
7.06989
7.06928
7.06868
7.06808
7.06747
7.06687
7.06626
7.06566
7.06505
7.06445
7.06384
7.06324
7.06263
7.06203
7.06143
7.06082
7.06022
7.05961
7.05901
7.05840
7.05780
7.05719
7.05659
7.05598
7.05538
7.05477
7.05417
7.05356
7.05296
7.05236
7.05175
7.05115
7.05054
7.04994
7.04933
7.04873
7.04812
7.04752
7.04691
7.04631
7.04570
7.04510
7.04449
7.04389
7.04328
7.04268
7.04207
7.04147
7.04086
7.04026
7.03965
7.03905
7.03844
7.03784
7.03723
7.03663
7.03602
7.03542
7.03481
7.03421
7.03360
7.03300
7.03239
7.03179
7.03118
7.03058
7.02997
7.02937
7.02876
7.02815
7.02755
7.02694
7.02634
7.02573
7.02513
7.02452
7.02392
7.02331
7.02271
7.02210
7.02150
7.02089
7.02028
7.01968
7.01907
7.01847
7.01786
7.01726
7.01665
7.01605
7.01544
7.01484
7.01423
7.01362
7.01302
7.01241
7.01181
7.01120
7.01060
7.00999
7.00939
7.00878
7.00817
7.00757
7.00696
7.00636
7.00575
7.00515
7.00454
7.00393
7.00333
7.00272
7.00212
7.00151
7.00090
7.00030
6.99969
6.99909
6.99848
6.99788
6.99727
6.99666
6.99606
6.99545
6.99485
6.99424
6.99363
6.99303
6.99242
6.99182
6.99121
6.99060
6.99000
6.98939
6.98878
6.98818
6.98757
6.98697
6.98636
6.98575
6.98515
6.98454
6.98394
6.98333
6.98272
6.98212
6.98151
6.98090
6.98030
6.97969
6.97909
6.97848
6.97787
6.97727
6.97666
6.97605
6.97545
6.97484
6.97423
6.97363
6.97302
6.97241
6.97181
6.97120
6.97059
6.96999
6.96938
6.96878
6.96817
6.96756
6.96696
6.96635
6.96574
6.96514
6.96453
6.96392
6.96332
6.96271
6.96210
6.96150
6.96089
6.96028
6.95967
6.95907
6.95846
6.95785
6.95725
6.95664
6.95603
6.95543
6.95482
6.95421
6.95361
6.95300
6.95239
6.95179
6.95118
6.95057
6.94996
6.94936
6.94875
6.94814
6.94754
6.94693
6.94632
6.94571
6.94511
6.94450
6.94389
6.94329
6.94268
6.94207
6.94146
6.94086
6.94025
6.93964
6.93903
6.93843
6.93782
6.93721
6.93661
6.93600
6.93539
6.93478
6.93418
6.93357
6.93296
6.93235
6.93175
6.93114
6.93053
6.92992
6.92932
6.92871
6.92810
6.92749
6.92689
6.92628
6.92567
6.92506
6.92445
6.92385
6.92324
6.92263
6.92202
6.92142
6.92081
6.92020
6.91959
6.91898
6.91838
6.91777
6.91716
6.91655
6.91595
6.91534
6.91473
6.91412
6.91351
6.91291
6.91230
6.91169
6.91108
6.91047
6.90987
6.90926
6.90865
6.90804
6.90743
6.90682
6.90622
6.90561
6.90500
6.90439
6.90378
6.90318
6.90257
6.90196
6.90135
6.90074
6.90013
6.89953
6.89892
6.89831
6.89770
6.89709
6.89648
6.89587
6.89527
6.89466
6.89405
6.89344
6.89283
6.89222
6.89162
6.89101
6.89040
6.88979
6.88918
6.88857
6.88796
6.88735
6.88675
6.88614
6.88553
6.88492
6.88431
6.88370
6.88309
6.88248
6.88188
6.88127
6.88066
6.88005
6.87944
6.87883
6.87822
6.87761
6.87700
6.87639
6.87579
6.87518
6.87457
6.87396
6.87335
6.87274
6.87213
6.87152
6.87091
6.87030
6.86969
6.86908
6.86848
6.86787
6.86726
6.86665
6.86604
6.86543
6.86482
6.86421
6.86360
6.86299
6.86238
6.86177
6.86116
6.86055
6.85994
6.85933
6.85872
6.85811
6.85750
6.85690
6.85629
6.85568
6.85507
6.85446
6.85385
6.85324
6.85263
6.85202
6.85141
6.85080
6.85019
6.84958
6.84897
6.84836
6.84775
6.84714
6.84653
6.84592
6.84531
6.84470
6.84409
6.84348
6.84287
6.84226
6.84165
6.84104
6.84043
6.83982
6.83921
6.83860
6.83799
6.83738
6.83677
6.83616
6.83555
6.83493
6.83432
6.83371
6.83310
6.83249
6.83188
6.83127
6.83066
6.83005
6.82944
6.82883
6.82822
6.82761
6.82700
6.82639
6.82578
6.82517
6.82456
6.82394
6.82333
6.82272
6.82211
6.82150
6.82089
6.82028
6.81967
6.81906
6.81845
6.81784
6.81723
6.81661
6.81600
6.81539
6.81478
6.81417
6.81356
6.81295
6.81234
6.81173
6.81111
6.81050
6.80989
6.80928
6.80867
6.80806
6.80745
6.80684
6.80622
6.80561
6.80500
6.80439
6.80378
6.80317
6.80255
6.80194
6.80133
6.80072
6.80011
6.79950
6.79889
6.79827
6.79766
6.79705
6.79644
6.79583
6.79522
6.79460
6.79399
6.79338
6.79277
6.79216
6.79154
6.79093
6.79032
6.78971
6.78910
6.78848
6.78787
6.78726
6.78665
6.78604
6.78542
6.78481
6.78420
6.78359
6.78297
6.78236
6.78175
6.78114
6.78053
6.77991
6.77930
6.77869
6.77808
6.77746
6.77685
6.77624
6.77563
6.77501
6.77440
6.77379
6.77318
6.77256
6.77195
6.77134
6.77072
6.77011
6.76950
6.76889
6.76827
6.76766
6.76705
6.76643
6.76582
6.76521
6.76460
6.76398
6.76337
6.76276
6.76214
6.76153
6.76092
6.76030
6.75969
6.75908
6.75846
6.75785
6.75724
6.75662
6.75601
6.75540
6.75478
6.75417
6.75356
6.75294
6.75233
6.75172
6.75110
6.75049
6.74988
6.74926
6.74865
6.74804
6.74742
6.74681
6.74619
6.74558
6.74497
6.74435
6.74374
6.74312
6.74251
6.74190
6.74128
6.74067
6.74005
6.73944
6.73883
6.73821
6.73760
6.73698
6.73637
6.73576
6.73514
6.73453
6.73391
6.73330
6.73268
6.73207
6.73146
6.73084
6.73023
6.72961
6.72900
6.72838
6.72777
6.72715
6.72654
6.72592
6.72531
6.72469
6.72408
6.72347
6.72285
6.72224
6.72162
6.72101
6.72039
6.71978
6.71916
6.71855
6.71793
6.71732
6.71670
6.71609
6.71547
6.71485
6.71424
6.71362
6.71301
6.71239
6.71178
6.71116
6.71055
6.70993
6.70932
6.70870
6.70809
6.70747
6.70685
6.70624
6.70562
6.70501
6.70439
6.70378
6.70316
6.70254
6.70193
6.70131
6.70070
6.70008
6.69947
6.69885
6.69823
6.69762
6.69700
6.69639
6.69577
6.69515
6.69454
6.69392
6.69330
6.69269
6.69207
6.69146
6.69084
6.69022
6.68961
6.68899
6.68837
6.68776
6.68714
6.68652
6.68591
6.68529
6.68467
6.68406
6.68344
6.68282
6.68221
6.68159
6.68097
6.68036
6.67974
6.67912
6.67850
6.67789
6.67727
6.67665
6.67604
6.67542
6.67480
6.67418
6.67357
6.67295
6.67233
6.67172
6.67110
6.67048
6.66986
6.66925
6.66863
6.66801
6.66739
6.66678
6.66616
6.66554
6.66492
6.66430
6.66369
6.66307
6.66245
6.66183
6.66122
6.66060
6.65998
6.65936
6.65874
6.65812
6.65751
6.65689
6.65627
6.65565
6.65503
6.65442
6.65380
6.65318
6.65256
6.65194
6.65132
6.65070
6.65009
6.64947
6.64885
6.64823
6.64761
6.64699
6.64637
6.64576
6.64514
6.64452
6.64390
6.64328
6.64266
6.64204
6.64142
6.64080
6.64018
6.63956
6.63895
6.63833
6.63771
6.63709
6.63647
6.63585
6.63523
6.63461
6.63399
6.63337
6.63275
6.63213
6.63151
6.63089
6.63027
6.62965
6.62903
6.62841
6.62779
6.62717
6.62655
6.62593
6.62531
6.62469
6.62407
6.62345
6.62283
6.62221
6.62159
6.62097
6.62035
6.61973
6.61911
6.61849
6.61787
6.61725
6.61663
6.61601
6.61539
6.61477
6.61415
6.61353
6.61290
6.61228
6.61166
6.61104
6.61042
6.60980
6.60918
6.60856
6.60794
6.60732
6.60669
6.60607
6.60545
6.60483
6.60421
6.60359
6.60297
6.60235
6.60172
6.60110
6.60048
6.59986
6.59924
6.59862
6.59799
6.59737
6.59675
6.59613
6.59551
6.59488
6.59426
6.59364
6.59302
6.59240
6.59177
6.59115
6.59053
6.58991
6.58928
6.58866
6.58804
6.58742
6.58679
6.58617
6.58555
6.58493
6.58430
6.58368
6.58306
6.58244
6.58181
6.58119
6.58057
6.57994
6.57932
6.57870
6.57808
6.57745
6.57683
6.57621
6.57558
6.57496
6.57434
6.57371
6.57309
6.57247
6.57184
6.57122
6.57059
6.56997
6.56935
6.56872
6.56810
6.56748
6.56685
6.56623
6.56560
6.56498
6.56436
6.56373
6.56311
6.56248
6.56186
6.56123
6.56061
6.55999
6.55936
6.55874
6.55811
6.55749
6.55686
6.55624
6.55561
6.55499
6.55436
6.55374
6.55311
6.55249
6.55186
6.55124
6.55061
6.54999
6.54936
6.54874
6.54811
6.54749
6.54686
6.54624
6.54561
6.54499
6.54436
6.54374
6.54311
6.54248
6.54186
6.54123
6.54061
6.53998
6.53935
6.53873
6.53810
6.53748
6.53685
6.53622
6.53560
6.53497
6.53435
6.53372
6.53309
6.53247
6.53184
6.53121
6.53059
6.52996
6.52933
6.52871
6.52808
6.52745
6.52683
6.52620
6.52557
6.52494
6.52432
6.52369
6.52306
6.52244
6.52181
6.52118
6.52055
6.51993
6.51930
6.51867
6.51804
6.51742
6.51679
6.51616
6.51553
6.51490
6.51428
6.51365
6.51302
6.51239
6.51176
6.51114
6.51051
6.50988
6.50925
6.50862
6.50799
6.50737
6.50674
6.50611
6.50548
6.50485
6.50422
6.50359
6.50297
6.50234
6.50171
6.50108
6.50045
6.49982
6.49919
6.49856
6.49793
6.49730
6.49667
6.49604
6.49541
6.49478
6.49416
6.49353
6.49290
6.49227
6.49164
6.49101
6.49038
6.48975
6.48912
6.48849
6.48786
6.48723
6.48660
6.48597
6.48533
6.48470
6.48407
6.48344
6.48281
6.48218
6.48155
6.48092
6.48029
6.47966
6.47903
6.47840
6.47777
6.47713
6.47650
6.47587
6.47524
6.47461
6.47398
6.47335
6.47272
6.47208
6.47145
6.47082
6.47019
6.46956
6.46892
6.46829
6.46766
6.46703
6.46640
6.46576
6.46513
6.46450
6.46387
6.46324
6.46260
6.46197
6.46134
6.46071
6.46007
6.45944
6.45881
6.45817
6.45754
6.45691
6.45628
6.45564
6.45501
6.45438
6.45374
6.45311
6.45248
6.45184
6.45121
6.45057
6.44994
6.44931
6.44867
6.44804
6.44741
6.44677
6.44614
6.44550
6.44487
6.44424
6.44360
6.44297
6.44233
6.44170
6.44106
6.44043
6.43979
6.43916
6.43852
6.43789
6.43726
6.43662
6.43599
6.43535
6.43472
6.43408
6.43344
6.43281
6.43217
6.43154
6.43090
6.43027
6.42963
6.42900
6.42836
6.42772
6.42709
6.42645
6.42582
6.42518
6.42454
6.42391
6.42327
6.42264
6.42200
6.42136
6.42073
6.42009
6.41945
6.41882
6.41818
6.41754
6.41690
6.41627
6.41563
6.41499
6.41436
6.41372
6.41308
6.41244
6.41181
6.41117
6.41053
6.40989
6.40926
6.40862
6.40798
6.40734
6.40670
6.40607
6.40543
6.40479
6.40415
6.40351
6.40287
6.40224
6.40160
6.40096
6.40032
6.39968
6.39904
6.39840
6.39776
6.39713
6.39649
6.39585
6.39521
6.39457
6.39393
6.39329
6.39265
6.39201
6.39137
6.39073
6.39009
6.38945
6.38881
6.38817
6.38753
6.38689
6.38625
6.38561
6.38497
6.38433
6.38369
6.38305
6.38241
6.38177
6.38113
6.38049
6.37984
6.37920
6.37856
6.37792
6.37728
6.37664
6.37600
6.37536
6.37471
6.37407
6.37343
6.37279
6.37215
6.37150
6.37086
6.37022
6.36958
6.36894
6.36829
6.36765
6.36701
6.36637
6.36572
6.36508
6.36444
6.36380
6.36315
6.36251
6.36187
6.36122
6.36058
6.35994
6.35929
6.35865
6.35801
6.35736
6.35672
6.35608
6.35543
6.35479
6.35414
6.35350
6.35286
6.35221
6.35157
6.35092
6.35028
6.34963
6.34899
6.34834
6.34770
6.34705
6.34641
6.34576
6.34512
6.34447
6.34383
6.34318
6.34254
6.34189
6.34125
6.34060
6.33996
6.33931
6.33866
6.33802
6.33737
6.33673
6.33608
6.33543
6.33479
6.33414
6.33349
6.33285
6.33220
6.33155
6.33091
6.33026
6.32961
6.32897
6.32832
6.32767
6.32702
6.32638
6.32573
6.32508
6.32443
6.32379
6.32314
6.32249
6.32184
6.32119
6.32055
6.31990
6.31925
6.31860
6.31795
6.31730
6.31666
6.31601
6.31536
6.31471
6.31406
6.31341
6.31276
6.31211
6.31146
6.31081
6.31016
6.30951
6.30887
6.30822
6.30757
6.30692
6.30627
6.30562
6.30497
6.30431
6.30366
6.30301
6.30236
6.30171
6.30106
6.30041
6.29976
6.29911
6.29846
6.29781
6.29716
6.29650
6.29585
6.29520
6.29455
6.29390
6.29325
6.29259
6.29194
6.29129
6.29064
6.28999
6.28933
6.28868
6.28803
6.28738
6.28672
6.28607
6.28542
6.28476
6.28411
6.28346
6.28281
6.28215
6.28150
6.28084
6.28019
6.27954
6.27888
6.27823
6.27758
6.27692
6.27627
6.27561
6.27496
6.27430
6.27365
6.27300
6.27234
6.27169
6.27103
6.27038
6.26972
6.26907
6.26841
6.26775
6.26710
6.26644
6.26579
6.26513
6.26448
6.26382
6.26316
6.26251
6.26185
6.26120
6.26054
6.25988
6.25923
6.25857
6.25791
6.25726
6.25660
6.25594
6.25528
6.25463
6.25397
6.25331
6.25265
6.25200
6.25134
6.25068
6.25002
6.24937
6.24871
6.24805
6.24739
6.24673
6.24607
6.24541
6.24476
6.24410
6.24344
6.24278
6.24212
6.24146
6.24080
6.24014
6.23948
6.23882
6.23816
6.23750
6.23684
6.23618
6.23552
6.23486
6.23420
6.23354
6.23288
6.23222
6.23156
6.23090
6.23024
6.22958
6.22891
6.22825
6.22759
6.22693
6.22627
6.22561
6.22495
6.22428
6.22362
6.22296
6.22230
6.22163
6.22097
6.22031
6.21965
6.21898
6.21832
6.21766
6.21700
6.21633
6.21567
6.21501
6.21434
6.21368
6.21301
6.21235
6.21169
6.21102
6.21036
6.20969
6.20903
6.20837
6.20770
6.20704
6.20637
6.20571
6.20504
6.20438
6.20371
6.20305
6.20238
6.20171
6.20105
6.20038
6.19972
6.19905
6.19839
6.19772
6.19705
6.19639
6.19572
6.19505
6.19439
6.19372
6.19305
6.19239
6.19172
6.19105
6.19038
6.18972
6.18905
6.18838
6.18771
6.18704
6.18638
6.18571
6.18504
6.18437
6.18370
6.18303
6.18237
6.18170
6.18103
6.18036
6.17969
6.17902
6.17835
6.17768
6.17701
6.17634
6.17567
6.17500
6.17433
6.17366
6.17299
6.17232
6.17165
6.17098
6.17031
6.16964
6.16897
6.16829
6.16762
6.16695
6.16628
6.16561
6.16494
6.16426
6.16359
6.16292
6.16225
6.16158
6.16090
6.16023
6.15956
6.15888
6.15821
6.15754
6.15687
6.15619
6.15552
6.15484
6.15417
6.15350
6.15282
6.15215
6.15148
6.15080
6.15013
6.14945
6.14878
6.14810
6.14743
6.14675
6.14608
6.14540
6.14473
6.14405
6.14338
6.14270
6.14202
6.14135
6.14067
6.14000
6.13932
6.13864
6.13797
6.13729
6.13661
6.13593
6.13526
6.13458
6.13390
6.13323
6.13255
6.13187
6.13119
6.13051
6.12984
6.12916
6.12848
6.12780
6.12712
6.12644
6.12576
6.12509
6.12441
6.12373
6.12305
6.12237
6.12169
6.12101
6.12033
6.11965
6.11897
6.11829
6.11761
6.11693
6.11625
6.11557
6.11488
6.11420
6.11352
6.11284
6.11216
6.11148
6.11080
6.11011
6.10943
6.10875
6.10807
6.10738
6.10670
6.10602
6.10534
6.10465
6.10397
6.10329
6.10260
6.10192
6.10124
6.10055
6.09987
6.09918
6.09850
6.09782
6.09713
6.09645
6.09576
6.09508
6.09439
6.09371
6.09302
6.09234
6.09165
6.09097
6.09028
6.08959
6.08891
6.08822
6.08754
6.08685
6.08616
6.08548
6.08479
6.08410
6.08341
6.08273
6.08204
6.08135
6.08066
6.07998
6.07929
6.07860
6.07791
6.07722
6.07654
6.07585
6.07516
6.07447
6.07378
6.07309
6.07240
6.07171
6.07102
6.07033
6.06964
6.06895
6.06826
6.06757
6.06688
6.06619
6.06550
6.06481
6.06412
6.06343
6.06273
6.06204
6.06135
6.06066
6.05997
6.05927
6.05858
6.05789
6.05720
6.05650
6.05581
6.05512
6.05443
6.05373
6.05304
6.05234
6.05165
6.05096
6.05026
6.04957
6.04887
6.04818
6.04749
6.04679
6.04610
6.04540
6.04471
6.04401
6.04331
6.04262
6.04192
6.04123
6.04053
6.03983
6.03914
6.03844
6.03774
6.03705
6.03635
6.03565
6.03496
6.03426
6.03356
6.03286
6.03217
6.03147
6.03077
6.03007
6.02937
6.02867
6.02797
6.02728
6.02658
6.02588
6.02518
6.02448
6.02378
6.02308
6.02238
6.02168
6.02098
6.02028
6.01958
6.01887
6.01817
6.01747
6.01677
6.01607
6.01537
6.01467
6.01396
6.01326
6.01256
6.01186
6.01115
6.01045
6.00975
6.00905
6.00834
6.00764
6.00694
6.00623
6.00553
6.00482
6.00412
6.00341
6.00271
6.00201
6.00130
6.00060
5.99989
5.99918
5.99848
5.99777
5.99707
5.99636
5.99566
5.99495
5.99424
5.99354
5.99283
5.99212
5.99142
5.99071
5.99000
5.98929
5.98858
5.98788
5.98717
5.98646
5.98575
5.98504
5.98433
5.98363
5.98292
5.98221
5.98150
5.98079
5.98008
5.97937
5.97866
5.97795
5.97724
5.97653
5.97582
5.97510
5.97439
5.97368
5.97297
5.97226
5.97155
5.97083
5.97012
5.96941
5.96870
5.96798
5.96727
5.96656
5.96585
5.96513
5.96442
5.96370
5.96299
5.96228
5.96156
5.96085
5.96013
5.95942
5.95870
5.95799
5.95727
5.95656
5.95584
5.95513
5.95441
5.95369
5.95298
5.95226
5.95154
5.95083
5.95011
5.94939
5.94868
5.94796
5.94724
5.94652
5.94580
5.94509
5.94437
5.94365
5.94293
5.94221
5.94149
5.94077
5.94005
5.93933
5.93861
5.93789
5.93717
5.93645
5.93573
5.93501
5.93429
5.93357
5.93285
5.93213
5.93140
5.93068
5.92996
5.92924
5.92852
5.92779
5.92707
5.92635
5.92562
5.92490
5.92418
5.92345
5.92273
5.92200
5.92128
5.92056
5.91983
5.91911
5.91838
5.91766
5.91693
5.91620
5.91548
5.91475
5.91403
5.91330
5.91257
5.91185
5.91112
5.91039
5.90967
5.90894
5.90821
5.90748
5.90675
5.90603
5.90530
5.90457
5.90384
5.90311
5.90238
5.90165
5.90092
5.90019
5.89946
5.89873
5.89800
5.89727
5.89654
5.89581
5.89508
5.89435
5.89362
5.89288
5.89215
5.89142
5.89069
5.88996
5.88922
5.88849
5.88776
5.88702
5.88629
5.88556
5.88482
5.88409
5.88335
5.88262
5.88188
5.88115
5.88041
5.87968
5.87894
5.87821
5.87747
5.87674
5.87600
5.87526
5.87453
5.87379
5.87305
5.87231
5.87158
5.87084
5.87010
5.86936
5.86863
5.86789
5.86715
5.86641
5.86567
5.86493
5.86419
5.86345
5.86271
5.86197
5.86123
5.86049
5.85975
5.85901
5.85827
5.85753
5.85678
5.85604
5.85530
5.85456
5.85382
5.85307
5.85233
5.85159
5.85084
5.85010
5.84936
5.84861
5.84787
5.84713
5.84638
5.84564
5.84489
5.84415
5.84340
5.84266
5.84191
5.84116
5.84042
5.83967
5.83892
5.83818
5.83743
5.83668
5.83594
5.83519
5.83444
5.83369
5.83294
5.83220
5.83145
5.83070
5.82995
5.82920
5.82845
5.82770
5.82695
5.82620
5.82545
5.82470
5.82395
5.82320
5.82244
5.82169
5.82094
5.82019
5.81944
5.81868
5.81793
5.81718
5.81643
5.81567
5.81492
5.81417
5.81341
5.81266
5.81190
5.81115
5.81039
5.80964
5.80888
5.80813
5.80737
5.80662
5.80586
5.80510
5.80435
5.80359
5.80283
5.80207
5.80132
5.80056
5.79980
5.79904
5.79828
5.79753
5.79677
5.79601
5.79525
5.79449
5.79373
5.79297
5.79221
5.79145
5.79069
5.78993
5.78917
5.78840
5.78764
5.78688
5.78612
5.78536
5.78459
5.78383
5.78307
5.78230
5.78154
5.78078
5.78001
5.77925
5.77849
5.77772
5.77696
5.77619
5.77543
5.77466
5.77389
5.77313
5.77236
5.77159
5.77083
5.77006
5.76929
5.76853
5.76776
5.76699
5.76622
5.76545
5.76469
5.76392
5.76315
5.76238
5.76161
5.76084
5.76007
5.75930
5.75853
5.75776
5.75699
5.75621
5.75544
5.75467
5.75390
5.75313
5.75235
5.75158
5.75081
5.75004
5.74926
5.74849
5.74771
5.74694
5.74617
5.74539
5.74462
5.74384
5.74307
5.74229
5.74151
5.74074
5.73996
5.73918
5.73841
5.73763
5.73685
5.73608
5.73530
5.73452
5.73374
5.73296
5.73218
5.73140
5.73063
5.72985
5.72907
5.72829
5.72751
5.72672
5.72594
5.72516
5.72438
5.72360
5.72282
5.72204
5.72125
5.72047
5.71969
5.71890
5.71812
5.71734
5.71655
5.71577
5.71498
5.71420
5.71341
5.71263
5.71184
5.71106
5.71027
5.70949
5.70870
5.70791
5.70713
5.70634
5.70555
5.70476
5.70398
5.70319
5.70240
5.70161
5.70082
5.70003
5.69924
5.69845
5.69766
5.69687
5.69608
5.69529
5.69450
5.69371
5.69292
5.69212
5.69133
5.69054
5.68975
5.68895
5.68816
5.68737
5.68657
5.68578
5.68498
5.68419
5.68339
5.68260
5.68180
5.68101
5.68021
5.67942
5.67862
5.67782
5.67703
5.67623
5.67543
5.67463
5.67384
5.67304
5.67224
5.67144
5.67064
5.66984
5.66904
5.66824
5.66744
5.66664
5.66584
5.66504
5.66424
5.66344
5.66263
5.66183
5.66103
5.66023
5.65942
5.65862
5.65782
5.65701
5.65621
5.65540
5.65460
5.65379
5.65299
5.65218
5.65138
5.65057
5.64977
5.64896
5.64815
5.64734
5.64654
5.64573
5.64492
5.64411
5.64330
5.64250
5.64169
5.64088
5.64007
5.63926
5.63845
5.63764
5.63683
5.63601
5.63520
5.63439
5.63358
5.63277
5.63195
5.63114
5.63033
5.62951
5.62870
5.62789
5.62707
5.62626
5.62544
5.62463
5.62381
5.62300
5.62218
5.62136
5.62055
5.61973
5.61891
5.61810
5.61728
5.61646
5.61564
5.61482
5.61400
5.61319
5.61237
5.61155
5.61073
5.60991
5.60909
5.60826
5.60744
5.60662
5.60580
5.60498
5.60415
5.60333
5.60251
5.60169
5.60086
5.60004
5.59921
5.59839
5.59756
5.59674
5.59591
5.59509
5.59426
5.59344
5.59261
5.59178
5.59096
5.59013
5.58930
5.58847
5.58764
5.58681
5.58599
5.58516
5.58433
5.58350
5.58267
5.58184
5.58100
5.58017
5.57934
5.57851
5.57768
5.57685
5.57601
5.57518
5.57435
5.57351
5.57268
5.57184
5.57101
5.57018
5.56934
5.56850
5.56767
5.56683
5.56600
5.56516
5.56432
5.56348
5.56265
5.56181
5.56097
5.56013
5.55929
5.55845
5.55761
5.55677
5.55593
5.55509
5.55425
5.55341
5.55257
5.55173
5.55089
5.55004
5.54920
5.54836
5.54752
5.54667
5.54583
5.54498
5.54414
5.54329
5.54245
5.54160
5.54076
5.53991
5.53906
5.53822
5.53737
5.53652
5.53567
5.53483
5.53398
5.53313
5.53228
5.53143
5.53058
5.52973
5.52888
5.52803
5.52718
5.52633
5.52548
5.52462
5.52377
5.52292
5.52207
5.52121
5.52036
5.51950
5.51865
5.51780
5.51694
5.51608
5.51523
5.51437
5.51352
5.51266
5.51180
5.51095
5.51009
5.50923
5.50837
5.50751
5.50665
5.50579
5.50494
5.50408
5.50321
5.50235
5.50149
5.50063
5.49977
5.49891
5.49805
5.49718
5.49632
5.49546
5.49459
5.49373
5.49286
5.49200
5.49113
5.49027
5.48940
5.48854
5.48767
5.48680
5.48594
5.48507
5.48420
5.48333
5.48247
5.48160
5.48073
5.47986
5.47899
5.47812
5.47725
5.47638
5.47550
5.47463
5.47376
5.47289
5.47202
5.47114
5.47027
5.46940
5.46852
5.46765
5.46677
5.46590
5.46502
5.46415
5.46327
5.46239
5.46152
5.46064
5.45976
5.45888
5.45801
5.45713
5.45625
5.45537
5.45449
5.45361
5.45273
5.45185
5.45097
5.45009
5.44920
5.44832
5.44744
5.44656
5.44567
5.44479
5.44391
5.44302
5.44214
5.44125
5.44037
5.43948
5.43859
5.43771
5.43682
5.43593
5.43505
5.43416
5.43327
5.43238
5.43149
5.43060
5.42971
5.42882
5.42793
5.42704
5.42615
5.42526
5.42437
5.42348
5.42258
5.42169
5.42080
5.41990
5.41901
5.41811
5.41722
5.41632
5.41543
5.41453
5.41364
5.41274
5.41184
5.41094
5.41005
5.40915
5.40825
5.40735
5.40645
5.40555
5.40465
5.40375
5.40285
5.40195
5.40105
5.40015
5.39924
5.39834
5.39744
5.39653
5.39563
5.39473
5.39382
5.39292
5.39201
5.39110
5.39020
5.38929
5.38839
5.38748
5.38657
5.38566
5.38475
5.38384
5.38294
5.38203
5.38112
5.38021
5.37929
5.37838
5.37747
5.37656
5.37565
5.37474
5.37382
5.37291
5.37200
5.37108
5.37017
5.36925
5.36834
5.36742
5.36650
5.36559
5.36467
5.36375
5.36284
5.36192
5.36100
5.36008
5.35916
5.35824
5.35732
5.35640
5.35548
5.35456
5.35364
5.35271
5.35179
5.35087
5.34995
5.34902
5.34810
5.34717
5.34625
5.34532
5.34440
5.34347
5.34255
5.34162
5.34069
5.33976
5.33884
5.33791
5.33698
5.33605
5.33512
5.33419
5.33326
5.33233
5.33140
5.33046
5.32953
5.32860
5.32767
5.32673
5.32580
5.32487
5.32393
5.32300
5.32206
5.32113
5.32019
5.31925
5.31832
5.31738
5.31644
5.31550
5.31456
5.31362
5.31269
5.31175
5.31080
5.30986
5.30892
5.30798
5.30704
5.30610
5.30515
5.30421
5.30327
5.30232
5.30138
5.30043
5.29949
5.29854
5.29760
5.29665
5.29570
5.29476
5.29381
5.29286
5.29191
5.29096
5.29001
5.28906
5.28811
5.28716
5.28621
5.28526
5.28431
5.28335
5.28240
5.28145
5.28050
5.27954
5.27859
5.27763
5.27668
5.27572
5.27476
5.27381
5.27285
5.27189
5.27093
5.26998
5.26902
5.26806
5.26710
5.26614
5.26518
5.26422
5.26325
5.26229
5.26133
5.26037
5.25940
5.25844
5.25748
5.25651
5.25555
5.25458
5.25362
5.25265
5.25168
5.25072
5.24975
5.24878
5.24781
5.24684
5.24587
5.24490
5.24393
5.24296
5.24199
5.24102
5.24005
5.23908
5.23810
5.23713
5.23616
5.23518
5.23421
5.23323
5.23226
5.23128
5.23031
5.22933
5.22835
5.22737
5.22639
5.22542
5.22444
5.22346
5.22248
5.22150
5.22052
5.21953
5.21855
5.21757
5.21659
5.21560
5.21462
5.21364
5.21265
5.21167
5.21068
5.20970
5.20871
5.20772
5.20674
5.20575
5.20476
5.20377
5.20278
5.20179
5.20080
5.19981
5.19882
5.19783
5.19684
5.19585
5.19485
5.19386
5.19287
5.19187
5.19088
5.18988
5.18889
5.18789
5.18689
5.18590
5.18490
5.18390
5.18290
5.18190
5.18091
5.17991
5.17891
5.17790
5.17690
5.17590
5.17490
5.17390
5.17289
5.17189
5.17089
5.16988
5.16888
5.16787
5.16687
5.16586
5.16485
5.16385
5.16284
5.16183
5.16082
5.15981
5.15880
5.15779
5.15678
5.15577
5.15476
5.15375
5.15273
5.15172
5.15071
5.14969
5.14868
5.14766
5.14665
5.14563
5.14462
5.14360
5.14258
5.14156
5.14055
5.13953
5.13851
5.13749
5.13647
5.13545
5.13443
5.13340
5.13238
5.13136
5.13034
5.12931
5.12829
5.12726
5.12624
5.12521
5.12419
5.12316
5.12213
5.12111
5.12008
5.11905
5.11802
5.11699
5.11596
5.11493
5.11390
5.11287
5.11183
5.11080
5.10977
5.10874
5.10770
5.10667
5.10563
5.10460
5.10356
5.10252
5.10149
5.10045
5.09941
5.09837
5.09733
5.09629
5.09525
5.09421
5.09317
5.09213
5.09109
5.09005
5.08900
5.08796
5.08691
5.08587
5.08482
5.08378
5.08273
5.08169
5.08064
5.07959
5.07854
5.07749
5.07645
5.07540
5.07435
5.07329
5.07224
5.07119
5.07014
5.06909
5.06803
5.06698
5.06592
5.06487
5.06381
5.06276
5.06170
5.06064
5.05959
5.05853
5.05747
5.05641
5.05535
5.05429
5.05323
5.05217
5.05111
5.05005
5.04898
5.04792
5.04686
5.04579
5.04473
5.04366
5.04260
5.04153
5.04046
5.03940
5.03833
5.03726
5.03619
5.03512
5.03405
5.03298
5.03191
5.03084
5.02977
5.02869
5.02762
5.02655
5.02547
5.02440
5.02332
5.02225
5.02117
5.02009
5.01901
5.01794
5.01686
5.01578
5.01470
5.01362
5.01254
5.01146
5.01037
5.00929
5.00821
5.00713
5.00604
5.00496
5.00387
5.00279
5.00170
5.00061
4.99953
4.99844
4.99735
4.99626
4.99517
4.99408
4.99299
4.99190
4.99081
4.98972
4.98862
4.98753
4.98644
4.98534
4.98425
4.98315
4.98206
4.98096
4.97986
4.97876
4.97767
4.97657
4.97547
4.97437
4.97327
4.97217
4.97107
4.96996
4.96886
4.96776
4.96665
4.96555
4.96444
4.96334
4.96223
4.96113
4.96002
4.95891
4.95780
4.95669
4.95558
4.95447
4.95336
4.95225
4.95114
4.95003
4.94892
4.94780
4.94669
4.94557
4.94446
4.94334
4.94223
4.94111
4.93999
4.93888
4.93776
4.93664
4.93552
4.93440
4.93328
4.93216
4.93103
4.92991
4.92879
4.92766
4.92654
4.92542
4.92429
4.92316
4.92204
4.92091
4.91978
4.91865
4.91753
4.91640
4.91527
4.91414
4.91300
4.91187
4.91074
4.90961
4.90847
4.90734
4.90620
4.90507
4.90393
4.90280
4.90166
4.90052
4.89938
4.89825
4.89711
4.89597
4.89483
4.89368
4.89254
4.89140
4.89026
4.88911
4.88797
4.88683
4.88568
4.88453
4.88339
4.88224
4.88109
4.87994
4.87880
4.87765
4.87650
4.87535
4.87419
4.87304
4.87189
4.87074
4.86958
4.86843
4.86727
4.86612
4.86496
4.86381
4.86265
4.86149
4.86033
4.85917
4.85801
4.85685
4.85569
4.85453
4.85337
4.85221
4.85104
4.84988
4.84872
4.84755
4.84638
4.84522
4.84405
4.84288
4.84172
4.84055
4.83938
4.83821
4.83704
4.83587
4.83469
4.83352
4.83235
4.83117
4.83000
4.82883
4.82765
4.82647
4.82530
4.82412
4.82294
4.82176
4.82058
4.81940
4.81822
4.81704
4.81586
4.81468
4.81349
4.81231
4.81113
4.80994
4.80876
4.80757
4.80638
4.80520
4.80401
4.80282
4.80163
4.80044
4.79925
4.79806
4.79687
4.79567
4.79448
4.79329
4.79209
4.79090
4.78970
4.78851
4.78731
4.78611
4.78491
4.78372
4.78252
4.78132
4.78012
4.77891
4.77771
4.77651
4.77531
4.77410
4.77290
4.77169
4.77049
4.76928
4.76807
4.76687
4.76566
4.76445
4.76324
4.76203
4.76082
4.75961
4.75839
4.75718
4.75597
4.75475
4.75354
4.75232
4.75111
4.74989
4.74867
4.74746
4.74624
4.74502
4.74380
4.74258
4.74136
4.74013
4.73891
4.73769
4.73646
4.73524
4.73401
4.73279
4.73156
4.73033
4.72911
4.72788
4.72665
4.72542
4.72419
4.72296
4.72172
4.72049
4.71926
4.71802
4.71679
4.71556
4.71432
4.71308
4.71185
4.71061
4.70937
4.70813
4.70689
4.70565
4.70441
4.70317
4.70192
4.70068
4.69944
4.69819
4.69695
4.69570
4.69445
4.69321
4.69196
4.69071
4.68946
4.68821
4.68696
4.68571
4.68446
4.68321
4.68195
4.68070
4.67944
4.67819
4.67693
4.67568
4.67442
4.67316
4.67190
4.67064
4.66938
4.66812
4.66686
4.66560
4.66433
4.66307
4.66181
4.66054
4.65928
4.65801
4.65674
4.65547
4.65421
4.65294
4.65167
4.65040
4.64912
4.64785
4.64658
4.64531
4.64403
4.64276
4.64148
4.64021
4.63893
4.63765
4.63637
4.63510
4.63382
4.63254
4.63126
4.62997
4.62869
4.62741
4.62612
4.62484
4.62356
4.62227
4.62098
4.61970
4.61841
4.61712
4.61583
4.61454
4.61325
4.61196
4.61066
4.60937
4.60808
4.60678
4.60549
4.60419
4.60290
4.60160
4.60030
4.59900
4.59770
4.59640
4.59510
4.59380
4.59250
4.59120
4.58989
4.58859
4.58728
4.58598
4.58467
4.58336
4.58206
4.58075
4.57944
4.57813
4.57682
4.57551
4.57419
4.57288
4.57157
4.57025
4.56894
4.56762
4.56630
4.56499
4.56367
4.56235
4.56103
4.55971
4.55839
4.55707
4.55574
4.55442
4.55310
4.55177
4.55045
4.54912
4.54779
4.54647
4.54514
4.54381
4.54248
4.54115
4.53982
4.53849
4.53715
4.53582
4.53449
4.53315
4.53181
4.53048
4.52914
4.52780
4.52646
4.52512
4.52378
4.52244
4.52110
4.51976
4.51842
4.51707
4.51573
4.51438
4.51304
4.51169
4.51034
4.50899
4.50764
4.50629
4.50494
4.50359
4.50224
4.50089
4.49953
4.49818
4.49682
4.49547
4.49411
4.49275
4.49139
4.49004
4.48868
4.48732
4.48595
4.48459
4.48323
4.48187
4.48050
4.47914
4.47777
4.47640
4.47504
4.47367
4.47230
4.47093
4.46956
4.46819
4.46682
4.46544
4.46407
4.46270
4.46132
4.45995
4.45857
4.45719
4.45581
4.45443
4.45305
4.45167
4.45029
4.44891
4.44753
4.44614
4.44476
4.44338
4.44199
4.44060
4.43922
4.43783
4.43644
4.43505
4.43366
4.43227
4.43087
4.42948
4.42809
4.42669
4.42530
4.42390
4.42251
4.42111
4.41971
4.41831
4.41691
4.41551
4.41411
4.41271
4.41130
4.40990
4.40849
4.40709
4.40568
4.40428
4.40287
4.40146
4.40005
4.39864
4.39723
4.39582
4.39440
4.39299
4.39158
4.39016
4.38874
4.38733
4.38591
4.38449
4.38307
4.38165
4.38023
4.37881
4.37739
4.37597
4.37454
4.37312
4.37169
4.37027
4.36884
4.36741
4.36598
4.36455
4.36312
4.36169
4.36026
4.35883
4.35739
4.35596
4.35452
4.35309
4.35165
4.35021
4.34877
4.34733
4.34589
4.34445
4.34301
4.34157
4.34013
4.33868
4.33724
4.33579
4.33434
4.33290
4.33145
4.33000
4.32855
4.32710
4.32565
4.32420
4.32274
4.32129
4.31983
4.31838
4.31692
4.31546
4.31401
4.31255
4.31109
4.30963
4.30816
4.30670
4.30524
4.30378
4.30231
4.30084
4.29938
4.29791
4.29644
4.29497
4.29350
4.29203
4.29056
4.28909
4.28762
4.28614
4.28467
4.28319
4.28172
4.28024
4.27876
4.27728
4.27580
4.27432
4.27284
4.27136
4.26987
4.26839
4.26690
4.26542
4.26393
4.26244
4.26095
4.25947
4.25798
4.25648
4.25499
4.25350
4.25201
4.25051
4.24902
4.24752
4.24602
4.24453
4.24303
4.24153
4.24003
4.23853
4.23702
4.23552
4.23402
4.23251
4.23101
4.22950
4.22799
4.22649
4.22498
4.22347
4.22196
4.22045
4.21893
4.21742
4.21591
4.21439
4.21287
4.21136
4.20984
4.20832
4.20680
4.20528
4.20376
4.20224
4.20072
4.19919
4.19767
4.19614
4.19462
4.19309
4.19156
4.19003
4.18850
4.18697
4.18544
4.18391
4.18237
4.18084
4.17930
4.17777
4.17623
4.17469
4.17315
4.17162
4.17008
4.16853
4.16699
4.16545
4.16390
4.16236
4.16081
4.15927
4.15772
4.15617
4.15462
4.15307
4.15152
4.14997
4.14842
4.14686
4.14531
4.14375
4.14220
4.14064
4.13908
4.13752
4.13596
4.13440
4.13284
4.13128
4.12971
4.12815
4.12658
4.12502
4.12345
4.12188
4.12031
4.11874
4.11717
4.11560
4.11403
4.11245
4.11088
4.10930
4.10773
4.10615
4.10457
4.10299
4.10141
4.09983
4.09825
4.09667
4.09508
4.09350
4.09191
4.09033
4.08874
4.08715
4.08556
4.08397
4.08238
4.08079
4.07920
4.07760
4.07601
4.07441
4.07282
4.07122
4.06962
4.06802
4.06642
4.06482
4.06322
4.06162
4.06001
4.05841
4.05680
4.05520
4.05359
4.05198
4.05037
4.04876
4.04715
4.04554
4.04392
4.04231
4.04069
4.03908
4.03746
4.03584
4.03423
4.03261
4.03099
4.02936
4.02774
4.02612
4.02449
4.02287
4.02124
4.01961
4.01799
4.01636
4.01473
4.01310
4.01147
4.00983
4.00820
4.00656
4.00493
4.00329
4.00165
4.00002
3.99838
3.99674
3.99509
3.99345
3.99181
3.99017
3.98852
3.98687
3.98523
3.98358
3.98193
3.98028
3.97863
3.97698
3.97532
3.97367
3.97202
3.97036
3.96870
3.96705
3.96539
3.96373
3.96207
3.96041
3.95874
3.95708
3.95542
3.95375
3.95209
3.95042
3.94875
3.94708
3.94541
3.94374
3.94207
3.94039
3.93872
3.93705
3.93537
3.93369
3.93202
3.93034
3.92866
3.92698
3.92529
3.92361
3.92193
3.92024
3.91856
3.91687
3.91518
3.91349
3.91181
3.91011
3.90842
3.90673
3.90504
3.90334
3.90165
3.89995
3.89825
3.89655
3.89486
3.89316
3.89145
3.88975
3.88805
3.88634
3.88464
3.88293
3.88123
3.87952
3.87781
3.87610
3.87439
3.87267
3.87096
3.86925
3.86753
3.86582
3.86410
3.86238
3.86066
3.85894
3.85722
3.85550
3.85377
3.85205
3.85032
3.84860
3.84687
3.84514
3.84341
3.84168
3.83995
3.83822
3.83649
3.83475
3.83302
3.83128
3.82954
3.82781
3.82607
3.82433
3.82258
3.82084
3.81910
3.81735
3.81561
3.81386
3.81212
3.81037
3.80862
3.80687
3.80512
3.80336
3.80161
3.79986
3.79810
3.79634
3.79459
3.79283
3.79107
3.78931
3.78755
3.78578
3.78402
3.78225
3.78049
3.77872
3.77695
3.77519
3.77342
3.77164
3.76987
3.76810
3.76633
3.76455
3.76278
3.76100
3.75922
3.75744
3.75566
3.75388
3.75210
3.75031
3.74853
3.74674
3.74496
3.74317
3.74138
3.73959
3.73780
3.73601
3.73422
3.73243
3.73063
3.72883
3.72704
3.72524
3.72344
3.72164
3.71984
3.71804
3.71624
3.71443
3.71263
3.71082
3.70901
3.70720
3.70540
3.70359
3.70177
3.69996
3.69815
3.69633
3.69452
3.69270
3.69088
3.68906
3.68725
3.68542
3.68360
3.68178
3.67996
3.67813
3.67630
3.67448
3.67265
3.67082
3.66899
3.66716
3.66532
3.66349
3.66166
3.65982
3.65798
3.65615
3.65431
3.65247
3.65063
3.64878
3.64694
3.64510
3.64325
3.64141
3.63956
3.63771
3.63586
3.63401
3.63216
3.63030
3.62845
3.62660
3.62474
3.62288
3.62102
3.61916
3.61730
3.61544
3.61358
3.61172
3.60985
3.60799
3.60612
3.60425
3.60238
3.60051
3.59864
3.59677
3.59490
3.59302
3.59115
3.58927
3.58739
3.58551
3.58363
3.58175
3.57987
3.57799
3.57610
3.57422
3.57233
3.57044
3.56855
3.56667
3.56477
3.56288
3.56099
3.55910
3.55720
3.55530
3.55341
3.55151
3.54961
3.54771
3.54581
3.54390
3.54200
3.54009
3.53819
3.53628
3.53437
3.53246
3.53055
3.52864
3.52673
3.52481
3.52290
3.52098
3.51907
3.51715
3.51523
3.51331
3.51139
3.50946
3.50754
3.50561
3.50369
3.50176
3.49983
3.49790
3.49597
3.49404
3.49211
3.49017
3.48824
3.48630
3.48437
3.48243
3.48049
3.47855
3.47661
3.47466
3.47272
3.47077
3.46883
3.46688
3.46493
3.46298
3.46103
3.45908
3.45713
3.45517
3.45322
3.45126
3.44930
3.44734
3.44538
3.44342
3.44146
3.43950
3.43753
3.43557
3.43360
3.43163
3.42967
3.42770
3.42573
3.42375
3.42178
3.41980
3.41783
3.41585
3.41387
3.41190
3.40992
3.40793
3.40595
3.40397
3.40198
3.40000
3.39801
3.39602
3.39403
3.39204
3.39005
3.38806
3.38606
3.38407
3.38207
3.38008
3.37808
3.37608
3.37408
3.37207
3.37007
3.36807
3.36606
3.36405
3.36205
3.36004
3.35803
3.35602
3.35400
3.35199
3.34998
3.34796
3.34594
3.34393
3.34191
3.33989
3.33786
3.33584
3.33382
3.33179
3.32977
3.32774
3.32571
3.32368
3.32165
3.31962
3.31758
3.31555
3.31351
3.31148
3.30944
3.30740
3.30536
3.30332
3.30128
3.29923
3.29719
3.29514
3.29309
3.29105
3.28900
3.28694
3.28489
3.28284
3.28079
3.27873
3.27667
3.27462
3.27256
3.27050
3.26843
3.26637
3.26431
3.26224
3.26018
3.25811
3.25604
3.25397
3.25190
3.24983
3.24776
3.24568
3.24361
3.24153
3.23945
3.23737
3.23529
3.23321
3.23113
3.22904
3.22696
3.22487
3.22278
3.22070
3.21861
3.21651
3.21442
3.21233
3.21023
3.20814
3.20604
3.20394
3.20184
3.19974
3.19764
3.19554
3.19343
3.19133
3.18922
3.18711
3.18500
3.18289
3.18078
3.17867
3.17656
3.17444
3.17233
3.17021
3.16809
3.16597
3.16385
3.16173
3.15960
3.15748
3.15535
3.15322
3.15110
3.14897
3.14684
3.14470
3.14257
3.14044
3.13830
3.13616
3.13403
3.13189
3.12975
3.12760
3.12546
3.12332
3.12117
3.11903
3.11688
3.11473
3.11258
3.11043
3.10828
3.10612
3.10397
3.10181
3.09965
3.09749
3.09533
3.09317
3.09101
3.08885
3.08668
3.08452
3.08235
3.08018
3.07801
3.07584
3.07367
3.07149
3.06932
3.06714
3.06497
3.06279
3.06061
3.05843
3.05625
3.05406
3.05188
3.04969
3.04750
3.04532
3.04313
3.04094
3.03874
3.03655
3.03436
3.03216
3.02996
3.02777
3.02557
3.02337
3.02116
3.01896
3.01676
3.01455
3.01234
3.01014
3.00793
3.00572
3.00351
3.00129
2.99908
2.99686
2.99465
2.99243
2.99021
2.98799
2.98577
2.98354
2.98132
2.97909
2.97687
2.97464
2.97241
2.97018
2.96795
2.96571
2.96348
2.96124
2.95901
2.95677
2.95453
2.95229
2.95005
2.94781
2.94556
2.94332
2.94107
2.93882
2.93657
2.93432
2.93207
2.92982
2.92756
2.92531
2.92305
2.92079
2.91853
2.91627
2.91401
2.91175
2.90948
2.90722
2.90495
2.90268
2.90041
2.89814
2.89587
2.89359
2.89132
2.88904
2.88677
2.88449
2.88221
2.87993
2.87765
2.87536
2.87308
2.87079
2.86850
2.86622
2.86393
2.86164
2.85934
2.85705
2.85475
2.85246
2.85016
2.84786
2.84556
2.84326
2.84096
2.83865
2.83635
2.83404
2.83173
2.82943
2.82712
2.82480
2.82249
2.82018
2.81786
2.81555
2.81323
2.81091
2.80859
2.80627
2.80394
2.80162
2.79929
2.79697
2.79464
2.79231
2.78998
2.78765
2.78531
2.78298
2.78064
2.77830
2.77597
2.77363
2.77128
2.76894
2.76660
2.76425
2.76191
2.75956
2.75721
2.75486
2.75251
2.75016
2.74780
2.74545
2.74309
2.74073
2.73837
2.73601
2.73365
2.73129
2.72892
2.72656
2.72419
2.72182
2.71945
2.71708
2.71471
2.71234
2.70996
2.70759
2.70521
2.70283
2.70045
2.69807
2.69569
2.69330
2.69092
2.68853
2.68614
2.68375
2.68136
2.67897
2.67658
2.67418
2.67179
2.66939
2.66699
2.66459
2.66219
2.65979
2.65739
2.65498
2.65258
2.65017
2.64776
2.64535
2.64294
2.64052
2.63811
2.63570
2.63328
2.63086
2.62844
2.62602
2.62360
2.62118
2.61875
2.61633
2.61390
2.61147
2.60904
2.60661
2.60418
2.60174
2.59931
2.59687
2.59443
2.59199
2.58955
2.58711
2.58467
2.58223
2.57978
2.57733
2.57488
2.57243
2.56998
2.56753
2.56508
2.56262
2.56017
2.55771
2.55525
2.55279
2.55033
2.54787
2.54540
2.54294
2.54047
2.53800
2.53553
2.53306
2.53059
2.52812
2.52564
2.52316
2.52069
2.51821
2.51573
2.51325
2.51076
2.50828
2.50579
2.50331
2.50082
2.49833
2.49584
2.49335
2.49085
2.48836
2.48586
2.48337
2.48087
2.47837
2.47587
2.47336
2.47086
2.46835
2.46585
2.46334
2.46083
2.45832
2.45581
2.45329
2.45078
2.44826
2.44574
2.44323
2.44071
2.43818
2.43566
2.43314
2.43061
2.42808
2.42556
2.42303
2.42050
2.41796
2.41543
2.41290
2.41036
2.40782
2.40528
2.40274
2.40020
2.39766
2.39511
2.39257
2.39002
2.38747
2.38492
2.38237
2.37982
2.37727
2.37471
2.37215
2.36960
2.36704
2.36448
2.36192
2.35935
2.35679
2.35422
2.35166
2.34909
2.34652
2.34395
2.34137
2.33880
2.33622
2.33365
2.33107
2.32849
2.32591
2.32333
2.32074
2.31816
2.31557
2.31299
2.31040
2.30781
2.30522
2.30262
2.30003
2.29743
2.29484
2.29224
2.28964
2.28704
2.28443
2.28183
2.27923
2.27662
2.27401
2.27140
2.26879
2.26618
2.26357
2.26095
2.25834
2.25572
2.25310
2.25048
2.24786
2.24524
2.24261
2.23999
2.23736
2.23473
2.23210
2.22947
2.22684
2.22421
2.22157
2.21894
2.21630
2.21366
2.21102
2.20838
2.20574
2.20309
2.20045
2.19780
2.19515
2.19250
2.18985
2.18720
2.18454
2.18189
2.17923
2.17657
2.17391
2.17125
2.16859
2.16593
2.16326
2.16060
2.15793
2.15526
2.15259
2.14992
2.14724
2.14457
2.14189
2.13922
2.13654
2.13386
2.13118
2.12850
2.12581
2.12313
2.12044
2.11775
2.11506
2.11237
2.10968
2.10699
2.10429
2.10160
2.09890
2.09620
2.09350
2.09080
2.08809
2.08539
2.08268
2.07998
2.07727
2.07456
2.07185
2.06914
2.06642
2.06371
2.06099
2.05827
2.05555
2.05283
2.05011
2.04739
2.04466
2.04194
2.03921
2.03648
2.03375
2.03102
2.02828
2.02555
2.02281
2.02008
2.01734
2.01460
2.01186
2.00912
2.00637
2.00363
2.00088
1.99813
1.99538
1.99263
1.98988
1.98713
1.98437
1.98161
1.97886
1.97610
1.97334
1.97058
1.96781
1.96505
1.96228
1.95952
1.95675
1.95398
1.95121
1.94843
1.94566
1.94288
1.94011
1.93733
1.93455
1.93177
1.92899
1.92620
1.92342
1.92063
1.91784
1.91505
1.91226
1.90947
1.90668
1.90388
1.90109
1.89829
1.89549
1.89269
1.88989
1.88709
1.88429
1.88148
1.87867
1.87586
1.87306
1.87024
1.86743
1.86462
1.86180
1.85899
1.85617
1.85335
1.85053
1.84771
1.84488
1.84206
1.83923
1.83641
1.83358
1.83075
1.82792
1.82508
1.82225
1.81941
1.81658
1.81374
1.81090
1.80806
1.80522
1.80237
1.79953
1.79668
1.79383
1.79098
1.78813
1.78528
1.78243
1.77957
1.77672
1.77386
1.77100
1.76814
1.76528
1.76242
1.75955
1.75669
1.75382
1.75095
1.74808
1.74521
1.74234
1.73947
1.73659
1.73372
1.73084
1.72796
1.72508
1.72220
1.71931
1.71643
1.71354
1.71066
1.70777
1.70488
1.70199
1.69909
1.69620
1.69331
1.69041
1.68751
1.68461
1.68171
1.67881
1.67590
1.67300
1.67009
1.66719
1.66428
1.66137
1.65846
1.65554
1.65263
1.64971
1.64679
1.64388
1.64096
1.63804
1.63511
1.63219
1.62926
1.62634
1.62341
1.62048
1.61755
1.61462
1.61168
1.60875
1.60581
1.60288
1.59994
1.59700
1.59406
1.59111
1.58817
1.58522
1.58228
1.57933
1.57638
1.57343
1.57048
1.56752
1.56457
1.56161
1.55865
1.55570
1.55274
1.54977
1.54681
1.54385
1.54088
1.53791
1.53495
1.53198
1.52901
1.52603
1.52306
1.52008
1.51711
1.51413
1.51115
1.50817
1.50519
1.50221
1.49922
1.49624
1.49325
1.49026
1.48727
1.48428
1.48129
1.47829
1.47530
1.47230
1.46930
1.46631
1.46331
1.46030
1.45730
1.45430
1.45129
1.44828
1.44527
1.44227
1.43925
1.43624
1.43323
1.43021
1.42720
1.42418
1.42116
1.41814
1.41512
1.41209
1.40907
1.40605
1.40302
1.39999
1.39696
1.39393
1.39090
1.38786
1.38483
1.38179
1.37875
1.37572
1.37268
1.36963
1.36659
1.36355
1.36050
1.35745
1.35441
1.35136
1.34831
1.34525
1.34220
1.33915
1.33609
1.33303
1.32997
1.32692
1.32385
1.32079
1.31773
1.31466
1.31160
1.30853
1.30546
1.30239
1.29932
1.29624
1.29317
1.29009
1.28702
1.28394
1.28086
1.27778
1.27470
1.27161
1.26853
1.26544
1.26235
1.25927
1.25618
1.25309
1.24999
1.24690
1.24380
1.24071
1.23761
1.23451
1.23141
1.22831
1.22521
1.22210
1.21900
1.21589
1.21278
1.20967
1.20656
1.20345
1.20034
1.19722
1.19411
1.19099
1.18787
1.18475
1.18163
1.17851
1.17539
1.17226
1.16914
1.16601
1.16288
1.15975
1.15662
1.15349
1.15035
1.14722
1.14408
1.14094
1.13781
1.13467
1.13152
1.12838
1.12524
1.12209
1.11895
1.11580
1.11265
1.10950
1.10635
1.10320
1.10004
1.09689
1.09373
1.09057
1.08741
1.08425
1.08109
1.07793
1.07477
1.07160
1.06843
1.06527
1.06210
1.05893
1.05576
1.05258
1.04941
1.04623
1.04306
1.03988
1.03670
1.03352
1.03034
1.02716
1.02397
1.02079
1.01760
1.01441
1.01123
1.00804
1.00484
1.00165
0.99846
0.99526
0.99207
0.98887
0.98567
0.98247
0.97927
0.97607
0.97286
0.96966
0.96645
0.96325
0.96004
0.95683
0.95362
0.95040
0.94719
0.94398
0.94076
0.93754
0.93433
0.93111
0.92789
0.92466
0.92144
0.91822
0.91499
0.91177
0.90854
0.90531
0.90208
0.89885
0.89561
0.89238
0.88915
0.88591
0.88267
0.87943
0.87619
0.87295
0.86971
0.86647
0.86322
0.85998
0.85673
0.85348
0.85023
0.84698
0.84373
0.84048
0.83722
0.83397
0.83071
0.82745
0.82420
0.82094
0.81767
0.81441
0.81115
0.80788
0.80462
0.80135
0.79808
0.79481
0.79154
0.78827
0.78500
0.78173
0.77845
0.77517
0.77190
0.76862
0.76534
0.76206
0.75878
0.75549
0.75221
0.74892
0.74564
0.74235
0.73906
0.73577
0.73248
0.72919
0.72589
0.72260
0.71930
0.71601
0.71271
0.70941
0.70611
0.70281
0.69951
0.69620
0.69290
0.68959
0.68629
0.68298
0.67967
0.67636
0.67305
0.66974
0.66642
0.66311
0.65979
0.65648
0.65316
0.64984
0.64652
0.64320
0.63987
0.63655
0.63323
0.62990
0.62657
0.62325
0.61992
0.61659
0.61326
0.60992
0.60659
0.60326
0.59992
0.59659
0.59325
0.58991
0.58657
0.58323
0.57989
0.57654
0.57320
0.56986
0.56651
0.56316
0.55981
0.55646
0.55311
0.54976
0.54641
0.54306
0.53970
0.53635
0.53299
0.52963
0.52627
0.52291
0.51955
0.51619
0.51283
0.50946
0.50610
0.50273
0.49937
0.49600
0.49263
0.48926
0.48589
0.48252
0.47914
0.47577
0.47239
0.46902
0.46564
0.46226
0.45888
0.45550
0.45212
0.44874
0.44536
0.44197
0.43859
0.43520
0.43181
0.42842
0.42504
0.42164
0.41825
0.41486
0.41147
0.40807
0.40468
0.40128
0.39789
0.39449
0.39109
0.38769
0.38429
0.38089
0.37748
0.37408
0.37067
0.36727
0.36386
0.36045
0.35705
0.35364
0.35023
0.34681
0.34340
0.33999
0.33657
0.33316
0.32974
0.32633
0.32291
0.31949
0.31607
0.31265
0.30923
0.30580
0.30238
0.29896
0.29553
0.29210
0.28868
0.28525
0.28182
0.27839
0.27496
0.27153
0.26810
0.26466
0.26123
0.25779
0.25436
0.25092
0.24748
0.24404
0.24060
0.23716
0.23372
0.23028
0.22683
0.22339
0.21995
0.21650
0.21305
0.20961
0.20616
0.20271
0.19926
0.19581
0.19236
0.18890
0.18545
0.18200
0.17854
0.17508
0.17163
0.16817
0.16471
0.16125
0.15779
0.15433
0.15087
0.14741
0.14394
0.14048
0.13701
0.13355
0.13008
0.12662
0.12315
0.11968
0.11621
0.11274
0.10927
0.10579
0.10232
0.09885
0.09537
0.09190
0.08842
0.08494
0.08147
0.07799
0.07451
0.07103
0.06755
0.06407
0.06059
0.05710
0.05362
0.05014
0.04665
0.04316
0.03968
0.03619
0.03270
0.02921
0.02572
0.02223
0.01874
0.01525
0.01176
0.00827
0.00477
0.00128
-0.00222
-0.00571
-0.00921
-0.01271
-0.01620
-0.01970
-0.02320
-0.02670
-0.03020
-0.03371
-0.03721
-0.04071
-0.04421
-0.04772
-0.05122
-0.05473
-0.05823
-0.06174
-0.06525
-0.06876
-0.07226
-0.07577
-0.07928
-0.08279
-0.08630
-0.08982
-0.09333
-0.09684
-0.10036
-0.10387
-0.10738
-0.11090
-0.11442
-0.11793
-0.12145
-0.12497
-0.12849
-0.13201
-0.13553
-0.13905
-0.14257
-0.14609
-0.14961
-0.15313
-0.15666
-0.16018
-0.16370
-0.16723
-0.17075
-0.17428
-0.17781
-0.18133
-0.18486
-0.18839
-0.19192
-0.19545
-0.19898
-0.20251
-0.20604
-0.20957
-0.21310
-0.21664
-0.22017
-0.22370
-0.22724
-0.23077
-0.23431
-0.23784
-0.24138
-0.24491
-0.24845
-0.25199
-0.25553
-0.25906
-0.26260
-0.26614
-0.26968
-0.27322
-0.27676
-0.28030
-0.28385
-0.28739
-0.29093
-0.29447
-0.29802
-0.30156
-0.30510
-0.30865
-0.31219
-0.31574
-0.31929
-0.32283
-0.32638
-0.32992
-0.33347
-0.33702
-0.34057
-0.34412
-0.34767
-0.35122
-0.35477
-0.35832
-0.36187
-0.36542
-0.36897
-0.37252
-0.37607
-0.37963
-0.38318
-0.38673
-0.39029
-0.39384
-0.39739
-0.40095
-0.40450
-0.40806
-0.41161
-0.41517
-0.41872
-0.42228
-0.42584
-0.42939
-0.43295
-0.43651
-0.44007
-0.44362
-0.44718
-0.45074
-0.45430
-0.45786
-0.46142
-0.46498
-0.46854
-0.47210
-0.47566
-0.47922
-0.48278
-0.48634
-0.48990
-0.49346
-0.49703
-0.50059
-0.50415
-0.50771
-0.51128
-0.51484
-0.51840
-0.52196
-0.52553
-0.52909
-0.53266
-0.53622
-0.53978
-0.54335
-0.54691
-0.55048
-0.55404
-0.55761
-0.56117
-0.56474
-0.56830
-0.57187
-0.57543
-0.57900
-0.58256
-0.58613
-0.58970
-0.59326
-0.59683
-0.60040
-0.60396
-0.60753
-0.61109
-0.61466
-0.61823
-0.62179
-0.62536
-0.62893
-0.63250
-0.63606
-0.63963
-0.64320
-0.64676
-0.65033
-0.65390
-0.65747
-0.66103
-0.66460
-0.66817
-0.67173
-0.67530
-0.67887
-0.68244
-0.68600
-0.68957
-0.69314
-0.69670
-0.70027
-0.70384
-0.70741
-0.71097
-0.71454
-0.71811
-0.72167
-0.72524
-0.72881
-0.73237
-0.73594
-0.73951
-0.74307
-0.74664
-0.75020
-0.75377
-0.75733
-0.76090
-0.76447
-0.76803
-0.77160
-0.77516
-0.77873
-0.78229
-0.78586
-0.78942
-0.79299
-0.79655
-0.80011
-0.80368
-0.80724
-0.81080
-0.81437
-0.81793
-0.82149
-0.82505
-0.82862
-0.83218
-0.83574
-0.83930
-0.84287
-0.84643
-0.84999
-0.85355
-0.85711
-0.86067
-0.86423
-0.86779
-0.87135
-0.87491
-0.87846
-0.88202
-0.88558
-0.88914
-0.89270
-0.89625
-0.89981
-0.90337
-0.90692
-0.91048
-0.91403
-0.91759
-0.92114
-0.92470
-0.92825
-0.93180
-0.93536
-0.93891
-0.94246
-0.94601
-0.94957
-0.95312
-0.95667
-0.96022
-0.96377
-0.96732
-0.97087
-0.97442
-0.97796
-0.98151
-0.98506
-0.98860
-0.99214
-0.99568
-0.99922
-1.00276
-1.00630
-1.00984
-1.01337
-1.01690
-1.02044
-1.02397
-1.02750
-1.03103
-1.03456
-1.03809
-1.04161
-1.04514
-1.04866
-1.05219
-1.05571
-1.05923
-1.06275
-1.06627
-1.06978
-1.07330
-1.07682
-1.08033
-1.08385
-1.08736
-1.09087
-1.09438
-1.09790
-1.10140
-1.10491
-1.10842
-1.11193
-1.11543
-1.11894
-1.12244
-1.12594
-1.12944
-1.13294
-1.13644
-1.13994
-1.14344
-1.14693
-1.15043
-1.15392
-1.15742
-1.16091
-1.16440
-1.16789
-1.17138
-1.17487
-1.17835
-1.18184
-1.18532
-1.18881
-1.19229
-1.19577
-1.19925
-1.20273
-1.20621
-1.20969
-1.21316
-1.21664
-1.22011
-1.22359
-1.22706
-1.23053
-1.23400
-1.23747
-1.24094
-1.24440
-1.24787
-1.25133
-1.25480
-1.25826
-1.26172
-1.26518
-1.26864
-1.27210
-1.27555
-1.27901
-1.28246
-1.28592
-1.28937
-1.29282
-1.29627
-1.29972
-1.30317
-1.30662
-1.31006
-1.31351
-1.31695
-1.32040
-1.32384
-1.32728
-1.33072
-1.33416
-1.33759
-1.34103
-1.34447
-1.34790
-1.35133
-1.35476
-1.35820
-1.36163
-1.36505
-1.36848
-1.37191
-1.37533
-1.37876
-1.38218
-1.38560
-1.38902
-1.39244
-1.39586
-1.39928
-1.40269
-1.40611
-1.40952
-1.41294
-1.41635
-1.41976
-1.42317
-1.42658
-1.42998
-1.43339
-1.43679
-1.44020
-1.44360
-1.44700
-1.45040
-1.45380
-1.45720
-1.46060
-1.46399
-1.46739
-1.47078
-1.47417
-1.47756
-1.48095
-1.48434
-1.48773
-1.49112
-1.49450
-1.49789
-1.50127
-1.50465
-1.50803
-1.51141
-1.51479
-1.51817
-1.52154
-1.52492
-1.52829
-1.53166
-1.53503
-1.53840
-1.54177
-1.54514
-1.54851
-1.55187
-1.55524
-1.55860
-1.56196
-1.56532
-1.56868
-1.57204
-1.57540
-1.57875
-1.58211
-1.58546
-1.58881
-1.59216
-1.59551
-1.59886
-1.60221
-1.60556
-1.60890
-1.61225
-1.61559
-1.61893
-1.62227
-1.62561
-1.62895
-1.63228
-1.63562
-1.63895
-1.64229
-1.64562
-1.64895
-1.65228
-1.65561
-1.65893
-1.66226
-1.66558
-1.66891
-1.67223
-1.67555
-1.67887
-1.68219
-1.68550
-1.68882
-1.69213
-1.69545
-1.69876
-1.70207
-1.70538
-1.70869
-1.71200
-1.71530
-1.71861
-1.72191
-1.72521
-1.72851
-1.73181
-1.73511
-1.73841
-1.74170
-1.74500
-1.74829
-1.75158
-1.75487
-1.75816
-1.76145
-1.76474
-1.76802
-1.77131
-1.77459
-1.77787
-1.78115
-1.78443
-1.78771
-1.79099
-1.79426
-1.79754
-1.80081
-1.80408
-1.80735
-1.81062
-1.81389
-1.81716
-1.82042
-1.82368
-1.82695
-1.83021
-1.83347
-1.83673
-1.83998
-1.84324
-1.84650
-1.84975
-1.85300
-1.85625
-1.85950
-1.86275
-1.86600
-1.86924
-1.87249
-1.87573
-1.87897
-1.88221
-1.88545
-1.88869
-1.89193
-1.89516
-1.89839
-1.90163
-1.90486
-1.90809
-1.91132
-1.91454
-1.91777
-1.92099
-1.92422
-1.92744
-1.93066
-1.93388
-1.93710
-1.94031
-1.94353
-1.94674
-1.94995
-1.95316
-1.95637
-1.95958
-1.96279
-1.96600
-1.96920
-1.97240
-1.97560
-1.97880
-1.98200
-1.98520
-1.98840
-1.99159
-1.99479
-1.99798
-2.00117
-2.00436
-2.00755
-2.01073
-2.01392
-2.01710
-2.02028
-2.02346
-2.02664
-2.02982
-2.03300
-2.03617
-2.03935
-2.04252
-2.04569
-2.04886
-2.05203
-2.05520
-2.05836
-2.06153
-2.06469
-2.06785
-2.07101
-2.07417
-2.07733
-2.08049
-2.08364
-2.08679
-2.08994
-2.09310
-2.09624
-2.09939
-2.10254
-2.10568
-2.10883
-2.11197
-2.11511
-2.11825
-2.12138
-2.12452
-2.12766
-2.13079
-2.13392
-2.13705
-2.14018
-2.14331
-2.14643
-2.14956
-2.15268
-2.15580
-2.15892
-2.16204
-2.16516
-2.16828
-2.17139
-2.17450
-2.17762
-2.18073
-2.18384
-2.18694
-2.19005
-2.19315
-2.19626
-2.19936
-2.20246
-2.20556
-2.20865
-2.21175
-2.21484
-2.21794
-2.22103
-2.22412
-2.22721
-2.23029
-2.23338
-2.23646
-2.23954
-2.24262
-2.24570
-2.24878
-2.25186
-2.25493
-2.25801
-2.26108
-2.26415
-2.26722
-2.27029
-2.27335
-2.27642
-2.27948
-2.28254
-2.28560
-2.28866
-2.29172
-2.29477
-2.29783
-2.30088
-2.30393
-2.30698
-2.31003
-2.31307
-2.31612
-2.31916
-2.32220
-2.32524
-2.32828
-2.33132
-2.33436
-2.33739
-2.34042
-2.34345
-2.34648
-2.34951
-2.35254
-2.35556
-2.35859
-2.36161
-2.36463
-2.36765
-2.37067
-2.37368
-2.37670
-2.37971
-2.38272
-2.38573
-2.38874
-2.39174
-2.39475
-2.39775
-2.40076
-2.40376
-2.40675
-2.40975
-2.41275
-2.41574
-2.41873
-2.42172
-2.42471
-2.42770
-2.43069
-2.43367
-2.43666
-2.43964
-2.44262
-2.44560
-2.44857
-2.45155
-2.45452
-2.45749
-2.46046
-2.46343
-2.46640
-2.46936
-2.47233
-2.47529
-2.47825
-2.48121
-2.48417
-2.48712
-2.49008
-2.49303
-2.49598
-2.49893
-2.50188
-2.50483
-2.50777
-2.51071
-2.51366
-2.51660
-2.51953
-2.52247
-2.52541
-2.52834
-2.53127
-2.53420
-2.53713
-2.54006
-2.54298
-2.54591
-2.54883
-2.55175
-2.55467
-2.55758
-2.56050
-2.56341
-2.56632
-2.56923
-2.57214
-2.57505
-2.57796
-2.58086
-2.58376
-2.58666
-2.58956
-2.59246
-2.59535
-2.59825
-2.60114
-2.60403
-2.60692
-2.60981
-2.61269
-2.61558
-2.61846
-2.62134
-2.62422
-2.62710
-2.62997
-2.63285
-2.63572
-2.63859
-2.64146
-2.64432
-2.64719
-2.65005
-2.65291
-2.65577
-2.65863
-2.66149
-2.66435
-2.66720
-2.67005
-2.67290
-2.67575
-2.67860
-2.68144
-2.68428
-2.68713
-2.68997
-2.69280
-2.69564
-2.69848
-2.70131
-2.70414
-2.70697
-2.70980
-2.71262
-2.71545
-2.71827
-2.72109
-2.72391
-2.72673
-2.72954
-2.73236
-2.73517
-2.73798
-2.74079
-2.74360
-2.74640
-2.74920
-2.75201
-2.75481
-2.75760
-2.76040
-2.76320
-2.76599
-2.76878
-2.77157
-2.77436
-2.77714
-2.77993
-2.78271
-2.78549
-2.78827
-2.79105
-2.79382
-2.79659
-2.79937
-2.80214
-2.80490
-2.80767
-2.81044
-2.81320
-2.81596
-2.81872
-2.82148
-2.82423
-2.82699
-2.82974
-2.83249
-2.83524
-2.83798
-2.84073
-2.84347
-2.84621
-2.84895
-2.85169
-2.85443
-2.85716
-2.85989
-2.86262
-2.86535
-2.86808
-2.87080
-2.87353
-2.87625
-2.87897
-2.88168
-2.88440
-2.88711
-2.88983
-2.89254
-2.89525
-2.89795
-2.90066
-2.90336
-2.90606
-2.90876
-2.91146
-2.91415
-2.91685
-2.91954
-2.92223
-2.92492
-2.92760
-2.93029
-2.93297
-2.93565
-2.93833
-2.94101
-2.94368
-2.94636
-2.94903
-2.95170
-2.95436
-2.95703
-2.95969
-2.96236
-2.96502
-2.96768
-2.97033
-2.97299
-2.97564
-2.97829
-2.98094
-2.98359
-2.98623
-2.98887
-2.99152
-2.99415
-2.99679
-2.99943
-3.00206
-3.00469
-3.00732
-3.00995
-3.01258
-3.01520
-3.01782
-3.02044
-3.02306
-3.02568
-3.02829
-3.03091
-3.03352
-3.03613
-3.03873
-3.04134
-3.04394
-3.04654
-3.04914
-3.05174
-3.05433
-3.05693
-3.05952
-3.06211
-3.06470
-3.06728
-3.06986
-3.07245
-3.07503
-3.07760
-3.08018
-3.08275
-3.08533
-3.08790
-3.09046
-3.09303
-3.09559
-3.09816
-3.10072
-3.10327
-3.10583
-3.10838
-3.11094
-3.11349
-3.11604
-3.11858
-3.12113
-3.12367
-3.12621
-3.12875
-3.13128
-3.13382
-3.13635
-3.13888
-3.14141
-3.14394
-3.14646
-3.14898
-3.15150
-3.15402
-3.15654
-3.15905
-3.16156
-3.16407
-3.16658
-3.16909
-3.17159
-3.17410
-3.17660
-3.17909
-3.18159
-3.18408
-3.18658
-3.18907
-3.19156
-3.19404
-3.19653
-3.19901
-3.20149
-3.20397
-3.20644
-3.20892
-3.21139
-3.21386
-3.21632
-3.21879
-3.22125
-3.22372
-3.22617
-3.22863
-3.23109
-3.23354
-3.23599
-3.23844
-3.24089
-3.24333
-3.24578
-3.24822
-3.25066
-3.25309
-3.25553
-3.25796
-3.26039
-3.26282
-3.26525
-3.26767
-3.27009
-3.27251
-3.27493
-3.27735
-3.27976
-3.28217
-3.28458
-3.28699
-3.28939
-3.29180
-3.29420
-3.29660
-3.29899
-3.30139
-3.30378
-3.30617
-3.30856
-3.31095
-3.31333
-3.31571
-3.31809
-3.32047
-3.32285
-3.32522
-3.32759
-3.32996
-3.33233
-3.33469
-3.33706
-3.33942
-3.34178
-3.34413
-3.34649
-3.34884
-3.35119
-3.35354
-3.35588
-3.35823
-3.36057
-3.36291
-3.36524
-3.36758
-3.36991
-3.37224
-3.37457
-3.37690
-3.37922
-3.38154
-3.38386
-3.38618
-3.38850
-3.39081
-3.39312
-3.39543
-3.39774
-3.40004
-3.40234
-3.40464
-3.40694
-3.40924
-3.41153
-3.41382
-3.41611
-3.41840
-3.42068
-3.42296
-3.42524
-3.42752
-3.42980
-3.43207
-3.43434
-3.43661
-3.43888
-3.44114
-3.44341
-3.44567
-3.44793
-3.45018
-3.45244
-3.45469
-3.45694
-3.45918
-3.46143
-3.46367
-3.46591
-3.46815
-3.47038
-3.47262
-3.47485
-3.47708
-3.47930
-3.48153
-3.48375
-3.48597
-3.48819
-3.49040
-3.49262
-3.49483
-3.49704
-3.49924
-3.50145
-3.50365
-3.50585
-3.50804
-3.51024
-3.51243
-3.51462
-3.51681
-3.51900
-3.52118
-3.52336
-3.52554
-3.52772
-3.52989
-3.53206
-3.53423
-3.53640
-3.53856
-3.54073
-3.54289
-3.54505
-3.54720
-3.54936
-3.55151
-3.55366
-3.55580
-3.55795
-3.56009
-3.56223
-3.56436
-3.56650
-3.56863
-3.57076
-3.57289
-3.57502
-3.57714
-3.57926
-3.58138
-3.58350
-3.58561
-3.58772
-3.58983
-3.59194
-3.59404
-3.59614
-3.59824
-3.60034
-3.60244
-3.60453
-3.60662
-3.60871
-3.61079
-3.61287
-3.61496
-3.61703
-3.61911
-3.62118
-3.62325
-3.62532
-3.62739
-3.62945
-3.63152
-3.63358
-3.63563
-3.63769
-3.63974
-3.64179
-3.64384
-3.64588
-3.64792
-3.64996
-3.65200
-3.65404
-3.65607
-3.65810
-3.66013
-3.66215
-3.66418
-3.66620
-3.66822
-3.67023
-3.67225
-3.67426
-3.67626
-3.67827
-3.68027
-3.68228
-3.68427
-3.68627
-3.68827
-3.69026
-3.69225
-3.69423
-3.69622
-3.69820
-3.70018
-3.70215
-3.70413
-3.70610
-3.70807
-3.71004
-3.71200
-3.71396
-3.71592
-3.71788
-3.71983
-3.72179
-3.72374
-3.72568
-3.72763
-3.72957
-3.73151
-3.73345
-3.73538
-3.73731
-3.73924
-3.74117
-3.74309
-3.74502
-3.74694
-3.74885
-3.75077
-3.75268
-3.75459
-3.75650
-3.75840
-3.76030
-3.76220
-3.76410
-3.76599
-3.76789
-3.76978
-3.77166
-3.77355
-3.77543
-3.77731
-3.77919
-3.78106
-3.78293
-3.78480
-3.78667
-3.78853
-3.79039
-3.79225
-3.79411
-3.79596
-3.79781
-3.79966
-3.80151
-3.80335
-3.80519
-3.80703
-3.80887
-3.81070
-3.81253
-3.81436
-3.81618
-3.81801
-3.81983
-3.82164
-3.82346
-3.82527
-3.82708
-3.82889
-3.83069
-3.83250
-3.83430
-3.83609
-3.83789
-3.83968
-3.84147
-3.84325
-3.84504
-3.84682
-3.84860
-3.85037
-3.85215
-3.85392
-3.85569
-3.85745
-3.85922
-3.86098
-3.86273
-3.86449
-3.86624
-3.86799
-3.86974
-3.87148
-3.87322
-3.87496
-3.87670
-3.87843
-3.88017
-3.88189
-3.88362
-3.88534
-3.88706
-3.88878
-3.89050
-3.89221
-3.89392
-3.89563
-3.89733
-3.89903
-3.90073
-3.90243
-3.90412
-3.90581
-3.90750
-3.90919
-3.91087
-3.91255
-3.91423
-3.91590
-3.91758
-3.91925
-3.92091
-3.92258
-3.92424
-3.92590
-3.92755
-3.92921
-3.93086
-3.93250
-3.93415
-3.93579
-3.93743
-3.93907
-3.94070
-3.94233
-3.94396
-3.94559
-3.94721
-3.94883
-3.95045
-3.95207
-3.95368
-3.95529
-3.95689
-3.95850
-3.96010
-3.96170
-3.96329
-3.96489
-3.96648
-3.96806
-3.96965
-3.97123
-3.97281
-3.97439
-3.97596
-3.97753
-3.97910
-3.98066
-3.98223
-3.98379
-3.98534
-3.98690
-3.98845
-3.99000
-3.99154
-3.99309
-3.99463
-3.99616
-3.99770
-3.99923
-4.00076
-4.00228
-4.00381
-4.00533
-4.00684
-4.00836
-4.00987
-4.01138
-4.01289
-4.01439
-4.01589
-4.01739
-4.01888
-4.02038
-4.02186
-4.02335
-4.02483
-4.02632
-4.02779
-4.02927
-4.03074
-4.03221
-4.03368
-4.03514
-4.03660
-4.03806
-4.03951
-4.04097
-4.04241
-4.04386
-4.04530
-4.04674
-4.04818
-4.04962
-4.05105
-4.05248
-4.05390
-4.05533
-4.05675
-4.05817
-4.05958
-4.06099
-4.06240
-4.06381
-4.06521
-4.06661
-4.06801
-4.06940
-4.07079
-4.07218
-4.07357
-4.07495
-4.07633
-4.07770
-4.07908
-4.08045
-4.08182
-4.08318
-4.08454
-4.08590
-4.08726
-4.08861
-4.08996
-4.09131
-4.09265
-4.09399
-4.09533
-4.09667
-4.09800
-4.09933
-4.10066
-4.10198
-4.10330
-4.10462
-4.10593
-4.10724
-4.10855
-4.10986
-4.11116
-4.11246
-4.11376
-4.11505
-4.11634
-4.11763
-4.11891
-4.12020
-4.12147
-4.12275
-4.12402
-4.12529
-4.12656
-4.12782
-4.12908
-4.13034
-4.13160
-4.13285
-4.13410
-4.13534
-4.13658
-4.13782
-4.13906
-4.14029
-4.14152
-4.14275
-4.14398
-4.14520
-4.14642
-4.14763
-4.14884
-4.15005
-4.15126
-4.15246
-4.15366
-4.15486
-4.15605
-4.15724
-4.15843
-4.15961
-4.16079
-4.16197
-4.16315
-4.16432
-4.16549
-4.16666
-4.16782
-4.16898
-4.17014
-4.17129
-4.17244
-4.17359
-4.17473
-4.17587
-4.17701
-4.17815
-4.17928
-4.18041
-4.18153
-4.18265
-4.18377
-4.18489
-4.18600
-4.18711
-4.18822
-4.18932
-4.19042
-4.19152
-4.19262
-4.19371
-4.19480
-4.19588
-4.19696
-4.19804
-4.19912
-4.20019
-4.20126
-4.20232
-4.20339
-4.20445
-4.20550
-4.20656
-4.20761
-4.20865
-4.20970
-4.21074
-4.21177
-4.21281
-4.21384
-4.21487
-4.21589
-4.21691
-4.21793
-4.21895
-4.21996
-4.22097
-4.22197
-4.22298
-4.22397
-4.22497
-4.22596
-4.22695
-4.22794
-4.22892
-4.22990
-4.23088
-4.23185
-4.23282
-4.23379
-4.23475
-4.23571
-4.23667
-4.23762
-4.23857
-4.23952
-4.24046
-4.24141
-4.24234
-4.24328
-4.24421
-4.24514
-4.24606
-4.24698
-4.24790
-4.24881
-4.24973
-4.25063
-4.25154
-4.25244
-4.25334
-4.25423
-4.25513
-4.25601
-4.25690
-4.25778
-4.25866
-4.25954
-4.26041
-4.26128
-4.26214
-4.26300
-4.26386
-4.26472
-4.26557
-4.26642
-4.26726
-4.26811
-4.26894
-4.26978
-4.27061
-4.27144
-4.27227
-4.27309
-4.27391
-4.27472
-4.27553
-4.27634
-4.27715
-4.27795
-4.27875
-4.27954
-4.28034
-4.28112
-4.28191
-4.28269
-4.28347
-4.28424
-4.28502
-4.28578
-4.28655
-4.28731
-4.28807
-4.28882
-4.28958
-4.29032
-4.29107
-4.29181
-4.29255
-4.29328
-4.29401
-4.29474
-4.29546
-4.29618
-4.29690
-4.29762
-4.29833
-4.29903
-4.29974
-4.30044
-4.30113
-4.30183
-4.30252
-4.30320
-4.30389
-4.30457
-4.30524
-4.30591
-4.30658
-4.30725
-4.30791
-4.30857
-4.30923
-4.30988
-4.31053
-4.31117
-4.31181
-4.31245
-4.31309
-4.31372
-4.31434
-4.31497
-4.31559
-4.31621
-4.31682
-4.31743
-4.31804
-4.31864
-4.31924
-4.31983
-4.32043
-4.32102
-4.32160
-4.32218
-4.32276
-4.32334
-4.32391
-4.32448
-4.32504
-4.32560
-4.32616
-4.32671
-4.32726
-4.32781
-4.32835
-4.32889
-4.32943
-4.32996
-4.33049
-4.33102
-4.33154
-4.33206
-4.33257
-4.33308
-4.33359
-4.33410
-4.33460
-4.33509
-4.33559
-4.33608
-4.33656
-4.33704
-4.33752
-4.33800
-4.33847
-4.33894
-4.33940
-4.33987
-4.34032
-4.34078
-4.34123
-4.34167
-4.34212
-4.34256
-4.34299
-4.34342
-4.34385
-4.34428
-4.34470
-4.34512
-4.34553
-4.34594
-4.34635
-4.34675
-4.34715
-4.34755
-4.34794
-4.34833
-4.34871
-4.34909
-4.34947
-4.34984
-4.35021
-4.35058
-4.35094
-4.35130
-4.35166
-4.35201
-4.35236
-4.35270
-4.35304
-4.35338
-4.35371
-4.35404
-4.35437
-4.35469
-4.35501
-4.35532
-4.35564
-4.35594
-4.35625
-4.35655
-4.35684
-4.35714
-4.35742
-4.35771
-4.35799
-4.35827
-4.35854
-4.35881
-4.35908
-4.35934
-4.35960
-4.35986
-4.36011
-4.36035
-4.36060
-4.36084
-4.36108
-4.36131
-4.36154
-4.36176
-4.36198
-4.36220
-4.36241
-4.36262
-4.36283
-4.36303
-4.36323
-4.36343
-4.36362
-4.36381
-4.36399
-4.36417
-4.36434
-4.36452
-4.36468
-4.36485
-4.36501
-4.36517
-4.36532
-4.36547
-4.36561
-4.36576
-4.36589
-4.36603
-4.36616
-4.36628
-4.36641
-4.36652
-4.36664
-4.36675
-4.36686
-4.36696
-4.36706
-4.36715
-4.36725
-4.36733
-4.36742
-4.36750
-4.36757
-4.36765
-4.36771
-4.36778
-4.36784
-4.36789
-4.36795
-4.36800
-4.36804
-4.36808
-4.36812
-4.36815
-4.36818
-4.36821
-4.36823
-4.36825
-4.36826
-4.36827
-4.36828
-4.36828
-4.36828
-4.36827
-4.36826
-4.36825
-4.36823
-4.36821
-4.36818
-4.36815
-4.36812
-4.36808
-4.36804
-4.36799
-4.36794
-4.36789
-4.36783
-4.36777
-4.36771
-4.36764
-4.36756
-4.36749
-4.36740
-4.36732
-4.36723
-4.36714
-4.36704
-4.36694
-4.36683
-4.36672
-4.36661
-4.36649
-4.36637
-4.36625
-4.36612
-4.36598
-4.36585
-4.36571
-4.36556
-4.36541
-4.36526
-4.36510
-4.36494
-4.36477
-4.36460
-4.36443
-4.36425
-4.36407
-4.36388
-4.36369
-4.36350
-4.36330
-4.36310
-4.36289
-4.36268
-4.36247
-4.36225
-4.36203
-4.36180
-4.36157
-4.36134
-4.36110
-4.36085
-4.36061
-4.36036
-4.36010
-4.35984
-4.35958
-4.35931
-4.35904
-4.35876
-4.35848
-4.35820
-4.35791
-4.35762
-4.35732
-4.35702
-4.35672
-4.35641
-4.35609
-4.35578
-4.35546
-4.35513
-4.35480
-4.35447
-4.35413
-4.35379
-4.35344
-4.35309
-4.35273
-4.35238
-4.35201
-4.35164
-4.35127
-4.35090
-4.35052
-4.35013
-4.34975
-4.34935
-4.34896
-4.34856
-4.34815
-4.34774
-4.34733
-4.34691
-4.34649
-4.34606
-4.34563
-4.34520
-4.34476
-4.34432
-4.34387
-4.34342
-4.34296
-4.34250
-4.34204
-4.34157
-4.34109
-4.34062
-4.34014
-4.33965
-4.33916
-4.33867
-4.33817
-4.33766
-4.33716
-4.33665
-4.33613
-4.33561
-4.33509
-4.33456
-4.33403
-4.33349
-4.33295
-4.33240
-4.33185
-4.33130
-4.33074
-4.33018
-4.32961
-4.32904
-4.32846
-4.32788
-4.32730
-4.32671
-4.32611
-4.32552
-4.32491
-4.32431
-4.32370
-4.32308
-4.32246
-4.32184
-4.32121
-4.32058
-4.31994
-4.31930
-4.31865
-4.31800
-4.31735
-4.31669
-4.31603
-4.31536
-4.31469
-4.31401
-4.31333
-4.31265
-4.31196
-4.31126
-4.31056
-4.30986
-4.30915
-4.30844
-4.30773
-4.30701
-4.30628
-4.30555
-4.30482
-4.30408
-4.30334
-4.30259
-4.30184
-4.30108
-4.30032
-4.29956
-4.29879
-4.29801
-4.29723
-4.29645
-4.29566
-4.29487
-4.29408
-4.29327
-4.29247
-4.29166
-4.29085
-4.29003
-4.28920
-4.28838
-4.28754
-4.28671
-4.28586
-4.28502
-4.28417
-4.28331
-4.28245
-4.28159
-4.28072
-4.27985
-4.27897
-4.27809
-4.27720
-4.27631
-4.27542
-4.27452
-4.27361
-4.27270
-4.27179
-4.27087
-4.26995
-4.26902
-4.26809
-4.26715
-4.26621
-4.26526
-4.26431
-4.26336
-4.26240
-4.26143
-4.26046
-4.25949
-4.25851
-4.25753
-4.25654
-4.25555
-4.25455
-4.25355
-4.25254
-4.25153
-4.25052
-4.24950
-4.24847
-4.24745
-4.24641
-4.24537
-4.24433
-4.24328
-4.24223
-4.24117
-4.24011
-4.23905
-4.23797
-4.23690
-4.23582
-4.23473
-4.23364
-4.23255
-4.23145
-4.23035
-4.22924
-4.22812
-4.22701
-4.22588
-4.22476
-4.22362
-4.22249
-4.22135
-4.22020
-4.21905
-4.21789
-4.21673
-4.21557
-4.21440
-4.21322
-4.21204
-4.21086
-4.20967
-4.20848
-4.20728
-4.20608
-4.20487
-4.20365
-4.20244
-4.20122
-4.19999
-4.19876
-4.19752
-4.19628
-4.19503
-4.19378
-4.19253
-4.19126
-4.19000
-4.18873
-4.18745
-4.18617
-4.18489
-4.18360
-4.18231
-4.18101
-4.17970
-4.17839
-4.17708
-4.17576
-4.17444
-4.17311
-4.17178
-4.17044
-4.16910
-4.16775
-4.16640
-4.16504
-4.16368
-4.16231
-4.16094
-4.15956
-4.15818
-4.15679
-4.15540
-4.15401
-4.15260
-4.15120
-4.14979
-4.14837
-4.14695
-4.14552
-4.14409
-4.14266
-4.14122
-4.13977
-4.13832
-4.13687
-4.13541
-4.13394
-4.13247
-4.13099
-4.12951
-4.12803
-4.12654
-4.12504
-4.12354
-4.12204
-4.12053
-4.11901
-4.11749
-4.11597
-4.11444
-4.11290
-4.11136
-4.10982
-4.10827
-4.10672
-4.10516
-4.10359
-4.10202
-4.10045
-4.09887
-4.09728
-4.09569
-4.09410
-4.09250
-4.09089
-4.08928
-4.08767
-4.08604
-4.08442
-4.08279
-4.08115
-4.07951
-4.07787
-4.07622
-4.07456
-4.07290
-4.07123
-4.06956
-4.06789
-4.06621
-4.06452
-4.06283
-4.06113
-4.05943
-4.05772
-4.05601
-4.05430
-4.05257
-4.05085
-4.04911
-4.04738
-4.04564
-4.04389
-4.04213
-4.04038
-4.03861
-4.03685
-4.03507
-4.03329
-4.03151
-4.02972
-4.02793
-4.02613
-4.02432
-4.02251
-4.02070
-4.01888
-4.01705
-4.01522
-4.01339
-4.01155
-4.00970
-4.00785
-4.00599
-4.00413
-4.00227
-4.00039
-3.99852
-3.99663
-3.99475
-3.99285
-3.99096
-3.98905
-3.98714
-3.98523
-3.98331
-3.98139
-3.97946
-3.97752
-3.97558
-3.97364
-3.97169
-3.96973
-3.96777
-3.96580
-3.96383
-3.96185
-3.95987
-3.95788
-3.95589
-3.95389
-3.95189
-3.94988
-3.94786
-3.94584
-3.94382
-3.94179
-3.93975
-3.93771
-3.93566
-3.93361
-3.93156
-3.92949
-3.92743
-3.92535
-3.92327
-3.92119
-3.91910
-3.91701
-3.91491
-3.91280
-3.91069
-3.90857
-3.90645
-3.90433
-3.90219
-3.90006
-3.89791
-3.89576
-3.89361
-3.89145
-3.88929
-3.88712
-3.88494
-3.88276
-3.88057
-3.87838
-3.87618
-3.87398
-3.87177
-3.86956
-3.86734
-3.86511
-3.86288
-3.86065
-3.85841
-3.85616
-3.85391
-3.85165
-3.84939
-3.84712
-3.84484
-3.84256
-3.84028
-3.83799
-3.83569
-3.83339
-3.83108
-3.82877
-3.82645
-3.82413
-3.82180
-3.81946
-3.81712
-3.81478
-3.81243
-3.81007
-3.80771
-3.80534
-3.80296
-3.80058
-3.79820
-3.79581
-3.79341
-3.79101
-3.78860
-3.78619
-3.78377
-3.78135
-3.77892
-3.77648
-3.77404
-3.77160
-3.76914
-3.76669
-3.76422
-3.76175
-3.75928
-3.75680
-3.75431
-3.75182
-3.74932
-3.74682
-3.74431
-3.74180
-3.73928
-3.73675
-3.73422
-3.73169
-3.72914
-3.72659
-3.72404
-3.72148
-3.71892
-3.71634
-3.71377
-3.71118
-3.70860
-3.70600
-3.70340
-3.70080
-3.69819
-3.69557
-3.69295
-3.69032
-3.68768
-3.68504
-3.68240
-3.67975
-3.67709
-3.67443
-3.67176
-3.66908
-3.66640
-3.66372
-3.66103
-3.65833
-3.65563
-3.65292
-3.65020
-3.64748
-3.64475
-3.64202
-3.63928
-3.63654
-3.63379
-3.63103
-3.62827
-3.62550
-3.62273
-3.61995
-3.61717
-3.61438
-3.61158
-3.60878
-3.60597
-3.60315
-3.60033
-3.59751
-3.59468
-3.59184
-3.58899
-3.58614
-3.58329
-3.58043
-3.57756
-3.57469
-3.57181
-3.56892
-3.56603
-3.56313
-3.56023
-3.55732
-3.55441
-3.55149
-3.54856
-3.54563
-3.54269
-3.53975
-3.53680
-3.53384
-3.53088
-3.52791
-3.52493
-3.52195
-3.51897
-3.51597
-3.51298
-3.50997
-3.50696
-3.50394
-3.50092
-3.49789
-3.49486
-3.49182
-3.48877
-3.48572
-3.48266
-3.47960
-3.47653
-3.47345
-3.47037
-3.46728
-3.46418
-3.46108
-3.45797
-3.45486
-3.45174
-3.44862
-3.44549
-3.44235
-3.43920
-3.43605
-3.43290
-3.42974
-3.42657
-3.42339
-3.42021
-3.41703
-3.41383
-3.41064
-3.40743
-3.40422
-3.40100
-3.39778
-3.39455
-3.39131
-3.38807
-3.38482
-3.38157
-3.37831
-3.37504
-3.37177
-3.36849
-3.36521
-3.36192
-3.35862
-3.35531
-3.35200
-3.34869
-3.34537
-3.34204
-3.33870
-3.33536
-3.33201
-3.32866
-3.32530
-3.32193
-3.31856
-3.31518
-3.31180
-3.30841
-3.30501
-3.30161
-3.29820
-3.29478
-3.29136
-3.28793
-3.28449
-3.28105
-3.27760
-3.27415
-3.27069
-3.26722
-3.26375
-3.26027
-3.25678
-3.25329
-3.24979
-3.24629
-3.24278
-3.23926
-3.23574
-3.23221
-3.22867
-3.22513
-3.22158
-3.21802
-3.21446
-3.21089
-3.20731
-3.20373
-3.20015
-3.19655
-3.19295
-3.18934
-3.18573
-3.18211
-3.17848
-3.17485
-3.17121
-3.16757
-3.16391
-3.16026
-3.15659
-3.15292
-3.14924
-3.14556
-3.14186
-3.13817
-3.13446
-3.13075
-3.12704
-3.12331
-3.11958
-3.11585
-3.11210
-3.10835
-3.10460
-3.10083
-3.09707
-3.09329
-3.08951
-3.08572
-3.08192
-3.07812
-3.07431
-3.07050
-3.06668
-3.06285
-3.05901
-3.05517
-3.05132
-3.04747
-3.04361
-3.03974
-3.03587
-3.03199
-3.02810
-3.02420
-3.02030
-3.01640
-3.01248
-3.00856
-3.00463
-3.00070
-2.99676
-2.99281
-2.98886
-2.98490
-2.98093
-2.97695
-2.97297
-2.96899
-2.96499
-2.96099
-2.95698
-2.95297
-2.94895
-2.94492
-2.94089
-2.93685
-2.93280
-2.92874
-2.92468
-2.92061
-2.91654
-2.91246
-2.90837
-2.90427
-2.90017
-2.89606
-2.89195
-2.88783
-2.88370
-2.87956
-2.87542
-2.87127
-2.86711
-2.86295
-2.85878
-2.85460
-2.85042
-2.84623
-2.84203
-2.83783
-2.83362
-2.82940
-2.82517
-2.82094
-2.81670
-2.81246
-2.80821
-2.80395
-2.79968
-2.79541
-2.79113
-2.78684
-2.78255
-2.77825
-2.77394
-2.76963
-2.76531
-2.76098
-2.75664
-2.75230
-2.74795
-2.74360
-2.73923
-2.73487
-2.73049
-2.72610
-2.72171
-2.71732
-2.71291
-2.70850
-2.70408
-2.69966
-2.69522
-2.69078
-2.68634
-2.68188
-2.67742
-2.67296
-2.66848
-2.66400
-2.65951
-2.65501
-2.65051
-2.64600
-2.64148
-2.63696
-2.63243
-2.62789
-2.62335
-2.61879
-2.61423
-2.60967
-2.60509
-2.60051
-2.59593
-2.59133
-2.58673
-2.58212
-2.57750
-2.57288
-2.56825
-2.56361
-2.55897
-2.55431
-2.54965
-2.54499
-2.54031
-2.53563
-2.53094
-2.52625
-2.52155
-2.51684
-2.51212
-2.50740
-2.50267
-2.49793
-2.49318
-2.48843
-2.48367
-2.47890
-2.47413
-2.46934
-2.46456
-2.45976
-2.45495
-2.45014
-2.44533
-2.44050
-2.43567
-2.43083
-2.42598
-2.42113
-2.41626
-2.41139
-2.40652
-2.40163
-2.39674
-2.39184
-2.38694
-2.38202
-2.37710
-2.37218
-2.36724
-2.36230
-2.35735
-2.35239
-2.34743
-2.34245
-2.33747
-2.33249
-2.32749
-2.32249
-2.31748
-2.31246
-2.30744
-2.30241
-2.29737
-2.29232
-2.28727
-2.28221
-2.27714
-2.27206
-2.26698
-2.26189
-2.25679
-2.25168
-2.24657
-2.24145
-2.23632
-2.23118
-2.22604
-2.22089
-2.21573
-2.21056
-2.20539
-2.20021
-2.19502
-2.18982
-2.18462
-2.17941
-2.17419
-2.16896
-2.16373
-2.15849
-2.15324
-2.14798
-2.14272
-2.13744
-2.13217
-2.12688
-2.12158
-2.11628
-2.11097
-2.10565
-2.10033
-2.09499
-2.08965
-2.08430
-2.07895
-2.07359
-2.06821
-2.06283
-2.05745
-2.05205
-2.04665
-2.04124
-2.03582
-2.03040
-2.02497
-2.01953
-2.01408
-2.00862
-2.00316
-1.99769
-1.99221
-1.98672
-1.98122
-1.97572
-1.97021
-1.96469
-1.95917
-1.95363
-1.94809
-1.94254
-1.93698
-1.93142
-1.92585
-1.92027
-1.91468
-1.90908
-1.90348
-1.89787
-1.89225
-1.88662
-1.88098
-1.87534
-1.86969
-1.86403
-1.85836
-1.85269
-1.84700
-1.84131
-1.83561
-1.82991
-1.82419
-1.81847
-1.81274
-1.80700
-1.80126
-1.79550
-1.78974
-1.78397
-1.77819
-1.77241
-1.76661
-1.76081
-1.75500
-1.74918
-1.74336
-1.73752
-1.73168
-1.72583
-1.71997
-1.71411
-1.70823
-1.70235
-1.69646
-1.69056
-1.68466
-1.67874
-1.67282
-1.66689
-1.66095
-1.65500
-1.64905
-1.64309
-1.63712
-1.63114
-1.62515
-1.61915
-1.61315
-1.60714
-1.60112
-1.59509
-1.58906
-1.58301
-1.57696
-1.57090
-1.56483
-1.55875
-1.55267
-1.54658
-1.54048
-1.53437
-1.52825
-1.52212
-1.51599
-1.50985
-1.50370
-1.49754
-1.49137
-1.48519
-1.47901
-1.47282
-1.46662
-1.46041
-1.45419
-1.44797
-1.44173
-1.43549
-1.42924
-1.42299
-1.41672
-1.41044
-1.40416
-1.39787
-1.39157
-1.38526
-1.37894
-1.37262
-1.36629
-1.35994
-1.35359
-1.34724
-1.34087
-1.33449
-1.32811
-1.32172
-1.31532
-1.30891
-1.30249
-1.29607
-1.28963
-1.28319
-1.27674
-1.27028
-1.26381
-1.25734
-1.25085
-1.24436
-1.23786
-1.23134
-1.22483
-1.21830
-1.21176
-1.20522
-1.19867
-1.19210
-1.18553
-1.17896
-1.17237
-1.16577
-1.15917
-1.15256
-1.14593
-1.13930
-1.13267
-1.12602
-1.11936
-1.11270
-1.10603
-1.09935
-1.09265
-1.08596
-1.07925
-1.07253
-1.06581
-1.05907
-1.05233
-1.04558
-1.03882
-1.03205
-1.02528
-1.01849
-1.01170
-1.00490
-0.99808
-0.99126
-0.98443
-0.97760
-0.97075
-0.96390
-0.95703
-0.95016
-0.94328
-0.93639
-0.92949
-0.92258
-0.91566
-0.90874
-0.90180
-0.89486
-0.88791
-0.88095
-0.87398
-0.86700
-0.86001
-0.85302
-0.84601
-0.83900
-0.83198
-0.82495
-0.81790
-0.81086
-0.80380
-0.79673
-0.78965
-0.78257
-0.77548
-0.76837
-0.76126
-0.75414
-0.74701
-0.73987
-0.73273
-0.72557
-0.71840
-0.71123
-0.70405
-0.69685
-0.68965
-0.68244
-0.67522
-0.66800
-0.66076
-0.65351
-0.64626
-0.63899
-0.63172
-0.62444
-0.61714
-0.60984
-0.60253
-0.59522
-0.58789
-0.58055
-0.57320
-0.56585
-0.55848
-0.55111
-0.54373
-0.53634
-0.52894
-0.52153
-0.51411
-0.50668
-0.49924
-0.49179
-0.48434
-0.47687
-0.46940
-0.46192
-0.45442
-0.44692
-0.43941
-0.43189
-0.42436
-0.41682
-0.40927
-0.40172
-0.39415
-0.38657
-0.37899
-0.37139
-0.36379
-0.35618
-0.34855
-0.34092
-0.33328
-0.32563
-0.31797
-0.31030
-0.30262
-0.29494
-0.28724
-0.27953
-0.27182
-0.26409
-0.25636
-0.24861
-0.24086
-0.23310
-0.22533
-0.21754
-0.20975
-0.20195
-0.19414
-0.18632
-0.17850
-0.17066
-0.16281
-0.15495
-0.14709
-0.13921
-0.13132
-0.12343
-0.11552
-0.10761
-0.09969
-0.09175
-0.08381
-0.07586
-0.06790
-0.05992
-0.05194
-0.04395
-0.03595
-0.02794
-0.01992
-0.01189
-0.00385
0.00419
0.01225
0.02032
0.02840
0.03648
0.04458
0.05269
0.06080
0.06893
0.07706
0.08521
0.09336
0.10152
0.10970
0.11788
0.12608
0.13428
0.14249
0.15071
0.15895
0.16719
0.17544
0.18370
0.19197
0.20025
0.20855
0.21685
0.22516
0.23348
0.24181
0.25015
0.25850
0.26686
0.27523
0.28361
0.29200
0.30040
0.30880
0.31722
0.32565
0.33409
0.34254
0.35100
0.35947
0.36795
0.37643
0.38493
0.39344
0.40196
0.41049
0.41903
0.42757
0.43613
0.44470
0.45328
0.46187
0.47047
0.47907
0.48769
0.49632
0.50496
0.51361
0.52227
0.53094
0.53961
0.54830
0.55700
0.56571
0.57443
0.58316
0.59190
0.60065
0.60941
0.61818
0.62696
0.63575
0.64455
0.65336
0.66218
0.67101
0.67985
0.68870
0.69756
0.70644
0.71532
0.72421
0.73311
0.74202
0.75095
0.75988
0.76882
0.77778
0.78674
0.79572
0.80470
0.81370
0.82270
0.83172
0.84074
0.84978
0.85883
0.86788
0.87695
0.88603
0.89512
0.90422
0.91332
0.92244
0.93157
0.94071
0.94986
0.95903
0.96820
0.97738
0.98657
0.99577
1.00499
1.01421
1.02345
1.03269
1.04195
1.05121
1.06049
1.06977
1.07907
1.08838
1.09770
1.10703
1.11637
1.12572
1.13508
1.14445
1.15383
1.16322
1.17263
1.18204
1.19147
1.20090
1.21035
1.21980
1.22927
1.23875
1.24824
1.25774
1.26725
1.27677
1.28630
1.29584
1.30539
1.31495
1.32453
1.33411
1.34371
1.35332
1.36293
1.37256
1.38220
1.39185
1.40151
1.41118
1.42086
1.43056
1.44026
1.44997
1.45970
1.46944
1.47918
1.48894
1.49871
1.50849
1.51828
1.52808
1.53789
1.54772
1.55755
1.56740
1.57725
1.58712
1.59700
1.60689
1.61679
1.62670
1.63662
1.64655
1.65650
1.66645
1.67642
1.68639
1.69638
1.70638
1.71639
1.72641
1.73645
1.74649
1.75654
1.76661
1.77669
1.78677
1.79687
1.80698
1.81710
1.82724
1.83738
1.84753
1.85770
1.86788
1.87807
1.88827
1.89848
1.90870
1.91893
1.92918
1.93943
1.94970
1.95998
1.97027
1.98057
1.99088
2.00120
2.01154
2.02188
2.03224
2.04261
2.05299
2.06338
2.07378
2.08419
2.09462
2.10506
2.11550
2.12596
2.13643
2.14692
2.15741
2.16791
2.17843
2.18896
2.19950
2.21005
2.22061
2.23118
2.24177
2.25237
2.26297
2.27359
2.28422
2.29487
2.30552
2.31619
2.32686
2.33755
2.34825
2.35897
2.36969
2.38042
2.39117
2.40193
2.41270
2.42348
2.43427
2.44508
2.45589
2.46672
2.47756
2.48841
2.49928
2.51015
2.52104
2.53194
2.54285
2.55377
2.56470
2.57565
2.58660
2.59757
2.60855
2.61954
2.63055
2.64156
2.65259
2.66363
2.67468
2.68574
2.69682
2.70791
2.71900
2.73011
2.74124
2.75237
2.76352
2.77467
2.78584
2.79703
2.80822
2.81942
2.83064
2.84187
2.85311
2.86437
2.87563
2.88691
2.89820
2.90950
2.92081
2.93214
2.94347
2.95482
2.96619
2.97756
2.98894
3.00034
3.01175
3.02317
3.03461
3.04605
3.05751
3.06898
3.08046
3.09196
3.10346
3.11498
3.12651
3.13806
3.14961
3.16118
3.17276
3.18435
3.19595
3.20757
3.21920
3.23084
3.24249
3.25416
3.26583
3.27752
3.28922
3.30094
3.31266
3.32440
3.33615
3.34792
3.35969
3.37148
3.38328
3.39510
3.40692
3.41876
3.43061
3.44247
3.45434
3.46623
3.47813
3.49004
3.50197
3.51390
3.52585
3.53782
3.54979
3.56178
3.57378
3.58579
3.59781
3.60985
3.62190
3.63396
3.64603
3.65812
3.67022
3.68233
3.69446
3.70659
3.71874
3.73091
3.74308
3.75527
3.76747
3.77968
3.79191
3.80415
3.81640
3.82866
3.84094
3.85323
3.86553
3.87784
3.89017
3.90251
3.91486
3.92723
3.93961
3.95200
3.96440
3.97682
3.98925
4.00169
4.01414
4.02661
4.03909
4.05158
4.06409
4.07661
4.08914
4.10169
4.11424
4.12681
4.13940
4.15199
4.16460
4.17722
4.18986
4.20251
4.21517
4.22784
4.24053
4.25323
4.26594
4.27867
4.29141
4.30416
4.31692
4.32970
4.34249
4.35530
4.36811
4.38094
4.39379
4.40664
4.41951
4.43239
4.44529
4.45820
4.47112
4.48406
4.49700
4.50996
4.52294
4.53593
4.54893
4.56194
4.57497
4.58801
4.60106
4.61413
4.62721
4.64030
4.65341
4.66653
4.67966
4.69281
4.70597
4.71914
4.73233
4.74553
4.75874
4.77197
4.78521
4.79846
4.81173
4.82501
4.83830
4.85161
4.86493
4.87826
4.89161
4.90497
4.91834
4.93173
4.94513
4.95854
4.97197
4.98541
4.99886
5.01233
5.02581
5.03931
5.05282
5.06634
5.07987
5.09342
5.10698
5.12056
5.13415
5.14775
5.16137
5.17500
5.18865
5.20230
5.21597
5.22966
5.24336
5.25707
5.27080
5.28454
5.29829
5.31206
5.32584
5.33963
5.35344
5.36726
5.38110
5.39495
5.40881
5.42269
5.43658
5.45048
5.46440
5.47833
5.49228
5.50624
5.52021
5.53420
5.54820
5.56222
5.57624
5.59029
5.60434
5.61841
5.63250
5.64660
5.66071
5.67484
5.68898
5.70313
5.71730
5.73148
5.74568
5.75989
5.77411
5.78835
5.80260
5.81687
5.83115
5.84544
5.85975
5.87407
5.88841
5.90276
5.91712
5.93150
5.94589
5.96030
5.97472
5.98915
6.00360
6.01807
6.03254
6.04703
6.06154
6.07606
6.09059
6.10514
6.11970
6.13428
6.14887
6.16347
6.17809
6.19273
6.20737
6.22204
6.23671
6.25140
6.26611
6.28083
6.29556
6.31031
6.32507
6.33985
6.35464
6.36944
6.38426
6.39909
6.41394
6.42880
6.44368
6.45857
6.47348
6.48840
6.50333
6.51828
6.53325
6.54822
6.56322
6.57822
6.59324
6.60828
6.62333
6.63839
6.65347
6.66857
6.68367
6.69880
6.71393
6.72909
6.74425
6.75943
6.77463
6.78984
6.80506
6.82030
6.83556
6.85083
6.86611
6.88141
6.89672
6.91205
6.92739
6.94274
6.95811
6.97350
6.98890
7.00432
7.01975
7.03519
7.05065
7.06612
7.08161
7.09712
7.11263
7.12817
7.14372
7.15928
7.17486
7.19045
7.20606
7.22168
7.23731
7.25297
7.26863
7.28431
7.30001
7.31572
7.33145
7.34719
7.36294
7.37871
7.39450
7.41030
7.42611
7.44194
7.45779
7.47365
7.48952
7.50541
7.52132
7.53724
7.55317
7.56912
7.58509
7.60107
7.61706
7.63307
7.64910
7.66514
7.68119
7.69726
7.71335
7.72945
7.74557
7.76170
7.77784
7.79400
7.81018
7.82637
7.84258
7.85880
7.87503
7.89128
7.90755
7.92383
7.94013
7.95644
7.97277
7.98911
8.00547
8.02184
8.03823
8.05463
8.07105
8.08749
8.10394
8.12040
8.13688
8.15338
8.16989
8.18641
8.20295
8.21951
8.23608
8.25267
8.26927
8.28589
8.30252
8.31917
8.33583
8.35251
8.36920
8.38591
8.40264
8.41938
8.43614
8.45291
8.46969
8.48650
8.50331
8.52015
8.53699
8.55386
8.57074
8.58763
8.60454
8.62147
8.63841
8.65537
8.67234
8.68933
8.70633
8.72335
8.74038
8.75743
8.77450
8.79158
8.80867
8.82579
8.84291
8.86006
8.87721
8.89439
8.91158
8.92878
8.94601
8.96324
8.98049
8.99776
9.01505
9.03234
9.04966
9.06699
9.08434
9.10170
9.11907
9.13647
9.15388
9.17130
9.18874
9.20620
9.22367
9.24116
9.25866
9.27618
9.29371
9.31126
9.32883
9.34641
9.36401
9.38162
9.39925
9.41689
9.43455
9.45223
9.46992
9.48763
9.50535
9.52309
9.54085
9.55862
9.57641
9.59421
9.61203
9.62986
9.64771
9.66558
9.68346
9.70136
9.71927
9.73720
9.75515
9.77311
9.79109
9.80908
9.82709
9.84511
9.86315
9.88121
9.89928
9.91737
9.93548
9.95360
9.97173
9.98988
10.00805
10.02624
10.04444
10.06265
10.08088
10.09913
10.11740
10.13568
10.15397
10.17228
10.19061
10.20896
10.22732
10.24569
10.26408
10.28249
10.30092
10.31936
10.33781
10.35628
10.37477
10.39328
10.41180
10.43033
10.44889
10.46745
10.48604
10.50464
10.52326
10.54189
10.56054
10.57920
10.59788
10.61658
10.63529
10.65402
10.67277
10.69153
10.71031
10.72910
10.74791
10.76673
10.78558
10.80443
10.82331
10.84220
10.86111
10.88003
10.89897
10.91792
10.93689
10.95588
10.97488
10.99390
11.01294
11.03199
11.05106
11.07014
11.08924
11.10836
11.12749
11.14664
11.16580
11.18498
11.20418
11.22339
11.24262
11.26187
11.28113
11.30041
11.31970
11.33901
11.35834
11.37768
11.39704
11.41642
11.43581
11.45522
11.47464
11.49408
11.51354
11.53301
11.55250
11.57200
11.59152
11.61106
11.63062
11.65019
11.66977
11.68937
11.70899
11.72863
11.74828
11.76794
11.78763
11.80733
11.82704
11.84677
11.86652
11.88629
11.90607
11.92586
11.94568
11.96551
11.98535
12.00521
12.02509
12.04498
12.06490
12.08482
12.10476
12.12472
12.14470
12.16469
12.18470
12.20472
12.22476
12.24482
12.26489
12.28498
12.30508
12.32520
12.34534
12.36549
12.38566
12.40585
12.42605
12.44627
12.46650
12.48676
12.50702
12.52731
12.54760
12.56792
12.58825
12.60860
12.62896
12.64934
12.66974
12.69015
12.71058
12.73103
12.75149
12.77196
12.79246
12.81297
12.83349
12.85403
12.87459
12.89517
12.91576
12.93636
12.95699
12.97762
12.99828
13.01895
13.03964
13.06034
13.08106
13.10179
13.12255
13.14331
13.16410
13.18490
13.20571
13.22654
13.24739
13.26826
13.28914
13.31003
13.33094
13.35187
13.37282
13.39378
13.41475
13.43575
13.45675
13.47778
13.49882
13.51988
13.54095
13.56204
13.58314
13.60426
13.62540
13.64655
13.66772
13.68890
13.71010
13.73132
13.75255
13.77380
13.79506
13.81634
13.83764
13.85895
13.88028
13.90162
13.92298
13.94436
13.96575
13.98715
14.00858
14.03002
14.05147
14.07294
14.09443
14.11593
14.13745
14.15898
14.18053
14.20209
14.22367
14.24527
14.26688
14.28851
14.31015
14.33181
14.35349
14.37518
14.39689
14.41861
14.44035
14.46210
14.48387
14.50565
14.52745
14.54927
14.57110
14.59295
14.61481
14.63669
14.65858
14.68049
14.70241
14.72435
14.74631
14.76828
14.79027
14.81227
14.83429
14.85632
14.87837
14.90043
14.92251
14.94461
14.96672
14.98884
15.01098
15.03314
15.05531
15.07750
15.09970
15.12192
15.14415
15.16639
15.18866
15.21094
15.23323
15.25554
15.27786
15.30020
15.32255
15.34492
15.36731
15.38970
15.41212
15.43455
15.45699
15.47945
15.50193
15.52441
15.54692
15.56944
15.59197
15.61452
15.63708
15.65966
15.68226
15.70486
15.72749
15.75013
15.77278
15.79545
15.81813
15.84082
15.86354
15.88626
15.90900
15.93176
15.95453
15.97731
16.00011
16.02293
16.04576
16.06860
16.09146
16.11433
16.13721
16.16011
16.18303
16.20596
16.22890
16.25186
16.27483
16.29782
16.32082
16.34384
16.36687
16.38991
16.41297
16.43604
16.45913
16.48223
16.50534
16.52847
16.55161
16.57477
16.59794
16.62112
16.64432
16.66753
16.69076
16.71400
16.73725
16.76052
16.78380
16.80710
16.83041
16.85373
16.87706
16.90041
16.92378
16.94715
16.97054
16.99395
17.01736
17.04079
17.06424
17.08770
17.11117
17.13465
17.15815
17.18166
17.20518
17.22872
17.25227
17.27583
17.29941
17.32300
17.34660
17.37022
17.39385
17.41749
17.44114
17.46481
17.48849
17.51218
17.53589
17.55961
17.58334
17.60708
